Cluster centers 

[-0.80549072  0.6433753   0.56057679  0.50631964]
[-0.86801718 -1.18577194 -1.34122745 -0.79018015]
[ 1.07367408 -0.56480864  1.49421418  0.10506179]
[-0.84864719  1.90586787 -0.73846236 -0.97508689]
[ 1.36069272  0.21595994  0.08706567  0.79795431]
[-0.68409802 -1.33844809  0.72658259 -0.06482162]
[-0.85372494 -0.99546752 -0.48781606  0.46523482]
[ 1.35247926 -0.26668191 -0.7739028  -0.24032692]
[-0.81857718  0.07913017 -1.02175768  1.61494009]
[ 1.10237724  1.30661484  1.76297408 -0.6674773 ]
[-0.75553824  1.63310277  0.85884298 -2.05682281]
[-0.8517507   1.39762732  0.03286996 -0.47027198]
[-0.63350039 -1.76208986  0.45931559 -2.16314555]
[ 1.28923655 -0.74667291 -0.04837299 -1.42336104]
[ 1.29106354  0.78829697 -1.20313562  1.29813312]
[ 0.9808426   0.54150741  2.07630034  0.10244224]
[-0.81603037 -0.4217348   0.26305591  1.18310773]
[ 1.20857206 -0.30377285 -2.3994472  -2.25470858]
[-0.68706419  0.58102977  1.24049181  0.12380888]
[ 0.36198893  1.07645006  2.56404311 -1.43099977]
[-0.84244624  0.38346154 -0.51456509  1.39546699]
[-0.81051848  0.95680467 -0.9301415   1.15336276]
[ 1.23180852  0.90292226  1.34323267  0.27090624]
[-0.71959158  2.07491289 -1.56096992 -0.37346854]
[-0.82132803 -1.24707173 -0.11317664 -0.06135962]
[-0.76566325 -1.13613741  0.4121502   0.36407571]
[-0.78243776 -1.71581347 -0.4025404  -3.49507836]
[-0.83902191  2.05833336  0.18615576 -2.81074531]
[-0.84959215  1.1484614  -0.41279127  0.47114809]
[ 1.32016419  2.07895769  0.60735358 -1.10177807]
[ 1.32057822 -0.33729216  0.25560393  0.07317981]
[-0.05291692 -0.95078552  2.22188338  0.28456548]
[ 1.23658228 -0.1228327  -2.00502854 -0.49653283]
[ 1.11972367  2.51878061 -1.43496164 -0.2326871 ]
[-0.84342266 -0.21704783 -0.12883979  1.34106695]
[-0.84818916  0.84466721 -0.17645694  0.76073464]
[ 1.33285858 -0.55409122 -1.09633058 -1.8715892 ]
[-0.68126145 -0.25370655 -2.05712755  1.34648301]
[ 1.07023355 -0.14171363  1.70382609  0.44167306]
[-0.64089531 -1.00757444  1.08550194  0.56793496]
[ 1.02291749  1.7716017   1.87041549 -1.94722831]
[ 1.36360071  0.28857446 -0.49136046  0.89549683]
[ 1.36272615  1.51812178 -0.05859947  0.54041222]
[-0.37056072 -1.45794486  1.52160866 -0.372486  ]
[-0.83131991 -0.58987724 -1.23326653  1.04818304]
[-0.84235003  1.62412822 -0.71048973 -0.23453054]
[ 0.66341957 -1.07345104  2.01329196 -0.36904442]
[ 1.14186091 -0.76837468  1.07085931 -0.45829433]
[ 1.04286283  1.33560645 -2.05669687  1.49400672]
[-0.8580032  -0.91391773 -1.00780492  0.45508157]
[-0.72071868  0.15167275  1.05773242  0.74293423]
[-0.79680672  1.06569179  0.66109473 -0.31082906]
[ 0.10266598  0.37210596  2.45875004 -0.20607956]
[-0.84874648 -0.39155567 -0.61968516  1.3475726 ]
[-0.76990065 -1.56767418  0.04890218 -1.25926502]
[-0.84534202 -1.35685107 -0.47366266 -0.68627395]
[-0.74864962 -0.37967174  0.80113476  1.03791385]
[-0.80608758  1.37314084  0.59219666 -0.98164312]
[-0.84946423 -1.54105563 -0.75207092 -2.20311909]
[ 1.34232954  0.64495883  0.54823638  0.81129063]
[ 1.359772   -0.10591917 -0.41391816  0.31395144]
[-0.73146599  0.39197922 -1.56884526  1.78157562]
[ 0.57445953 -0.41249418  2.40134111  0.30218382]
[-0.85924456  1.64116431 -0.1062753  -0.9642156 ]
[-0.4791991  -1.67961279  1.10418524 -1.22286272]
[-0.22176607  1.53857869  2.02300836 -2.73963204]
[-0.85040345  1.76229218  0.12037464 -1.61210043]
[ 1.31770052 -0.05998382 -1.32960786  0.10524464]
[ 1.3277361  -0.05034206  0.41748225  0.54202884]
[ 1.34708787 -0.44888289 -0.46624555 -0.64363426]
[ 1.24965199 -0.02796316 -1.86659218 -0.02412497]
[-0.83636634 -0.92999256 -1.56280912  0.04688926]
[-0.83892671  1.05030529  0.22690371  0.09662289]
[ 1.32476153  0.18008297 -1.12699554  0.71521942]
[ 1.2481913   0.25313576  1.14066011  0.63598027]
[-0.86034748 -1.43194317 -0.75819262 -1.38153827]
[-0.66213887  0.94582817  1.34408997 -0.62874072]
[-0.86470648  2.12533335 -0.60063459 -1.9191628 ]
[-0.6276983   1.21774441  1.44215655 -1.37139301]
[-0.81434326  0.19496098  0.41557004  1.04847575]
[-0.7938798  -0.83230282  0.3246465   0.85654372]
[ 1.24492151 -0.31902164  0.90559518  0.27203162]
[-0.74328592 -1.46369523  0.32236456 -0.59661192]
[ 1.15584076  0.22291353 -2.1121312   0.65216612]
[-0.57803785 -0.47733031  1.4944897   0.77602692]
[-0.85122263 -0.74189791 -0.4457605   0.956053  ]
[-0.85549718  1.31901743 -0.25591946 -0.00422431]
[-0.78553735  2.34478898 -1.41753437 -1.48150154]
[ 1.3239777  -0.33609355 -1.37152892 -0.96753484]
[-0.68652081  1.38890015 -1.66181445  1.14037974]
[-0.44929453 -0.08694705  1.9195344   0.45277705]
[-0.8451867   0.47497391 -0.05896352  1.09564973]
[ 1.32330064  1.37374561  0.78971995  0.11568303]
[-0.82827249 -1.0188978  -0.07196729  0.52493636]
[ 1.36720053  0.85543872 -0.2501809   1.07743794]
[-0.87843491  2.52622128 -0.70512752 -3.56749259]
[-0.81729236  1.38715326 -0.91371623  0.48228314]
[-0.86090899 -1.16426807 -0.71395439 -0.12318129]
[ 0.82392199 -1.26292231  1.42946904 -1.41917466]
[ 1.31133633 -0.51984089  0.15268628 -0.41685175]

Populations

0.287302704076
0.381205661484
0.289487301639
0.0420043328

State labels

0
1
2
3
