Cluster centers 

[ 1.48432441  0.03378994 -1.2747321   0.40181559]
[-0.65706783  0.9984756   1.10954611 -0.58051093]
[-0.77325217 -1.12211746 -0.44140556  0.09229428]
[ 0.92223352 -0.57749131  2.08486805  0.22988573]
[-0.68891184  1.9218622  -1.1989703  -0.48433388]
[ 1.50559384 -0.25238839 -0.62290176 -0.10466518]
[-0.7569114   0.2704397  -0.43524497  1.37157641]
[ 1.51704175  0.3216922  -0.25029212  0.94930171]
[ 1.38358145 -0.18460741 -2.411604   -1.61308628]
[ 1.13443083  1.37314164  1.91372407 -1.00624747]
[-0.75935638 -1.51518855 -0.60914473 -2.4547429 ]
[-0.6582925   1.24217884 -1.26103668  0.93654433]
[-0.68943175  1.89489988  0.72449878 -2.76024186]
[-0.34558979 -1.72671624  1.16295574 -1.79090146]
[-0.77055403  1.42429056 -0.09746177 -0.44753407]
[-0.74657028 -1.41627129 -0.22537303 -0.96662111]
[-0.44963509 -0.23998619  1.77904516  0.60843879]
[-0.65578882  0.20914784  1.09462488  0.62551661]
[ 1.32341096  0.64454812  1.44179306  0.42066116]
[ 1.43274706 -0.72932429 -0.18446255 -1.71637889]
[ 1.37078729 -0.46019208  0.77207101  0.04328549]
[-0.60585612 -1.04287968  0.99715652  0.52554309]
[-0.7591983   1.19177014 -0.42027603  0.331938  ]
[ 0.52438563  1.27539454  2.5198684  -1.78896393]
[-0.74751212 -1.20304947 -0.05727642  0.02541883]
[-0.74435635  0.15799092  0.38378711  1.05101032]
[-0.77231733 -0.79577847 -0.47048147  0.85721935]
[ 1.49291605 -0.48720687 -0.99227128 -1.54326721]
[ 1.51761607  1.0632468  -0.31232378  1.02954902]
[-0.65378668 -1.58355679  0.29401906 -1.44448255]
[-0.62161038  1.45940005  1.18706812 -1.80298253]
[ 1.48150884 -0.23686099 -1.47132474 -0.68583229]
[-0.75571473 -0.95206783 -1.38334285  0.02014661]
[-0.7718875   1.64317658  0.05698314 -1.17431153]
[-0.76350567 -0.63966983 -0.83488637  1.04908716]
[-0.69180402 -1.39507933  0.2823781  -0.47960888]
[ 1.47092496 -0.09041283  0.3016887   0.53257155]
[-0.76205054 -0.96270508 -0.16640666  0.59379553]
[-0.69811875 -1.59822798 -0.42723153 -3.49797347]
[ 1.43134222  2.58224949 -0.4006923  -1.37669688]
[-0.76518968  2.40415916 -0.83487162 -2.60192747]
[ 1.36554961 -0.06593319 -2.31600531 -0.56229487]
[-0.72903682  0.08643981 -0.9066695   1.56901386]
[-0.76190416 -0.21932501 -0.02663671  1.30858392]
[ 1.46396729  0.4726893  -1.23229482  1.14185852]
[ 1.36713986  0.12061693 -2.05940188  0.38848397]
[-0.60198582  0.10782944 -1.75976607  1.62667482]
[ 0.59935234  0.20465865  2.58041651 -0.01939329]
[-0.45868216  0.54076088  1.81414431 -0.21775264]
[ -7.35321077e-01   1.53366459e+00  -7.94338047e-01   1.09080571e-03]
[ 1.51269762  0.04384006 -0.69927697  0.5802996 ]
[-0.74958875 -0.74443487 -1.20617579  0.73944203]
[-0.77895365 -1.40773351 -0.74768454 -1.64414974]
[-0.76648638  1.72425953 -0.48095558 -0.79760158]
[-0.76572877  0.84200857 -0.01723828  0.58447706]
[-0.5582333  -1.71245432  0.47951374 -2.35560009]
[-0.75964151  1.09337167  0.24743102 -0.05564359]
[-0.53839634 -1.46759264  0.95898673 -0.49496801]
[ 0.16452744 -1.0158515   2.29002583  0.14009211]
[ 1.39362423  0.10006321  0.97999328  0.64925719]
[-0.51952625 -0.76011836  1.45164558  0.71725045]
[ 1.46857622 -0.42109025 -1.71447251 -2.71285237]
[ 1.49558444 -0.44202356 -0.66680561 -0.85668093]
[ 1.36723419  1.43965385  1.25143553 -0.43135883]
[-0.73386359  1.5854439   0.56638128 -1.55781119]
[-0.77396347 -1.13438531 -1.49909141 -0.99912407]
[ 0.39787234 -1.3774701   2.00229289 -0.76641882]
[ 1.17760306 -0.78143202  1.3272312  -0.32314999]
[ 1.43778726  0.87177268  0.91919375  0.54921046]
[ 1.43199428 -0.59594453  0.1060183  -0.71916371]
[ 1.4848363   0.44177564  0.4332655   0.86169771]
[-0.67754748 -0.40021662  0.85879877  0.99404808]
[-0.68185934  2.26911515 -1.33377469 -1.33597074]
[ 1.27614642 -0.13451822  1.41338923  0.50959545]
[-0.73303456  0.55496237  0.57599082  0.56440782]
[-0.7841224  -1.26559221 -0.7826358  -0.75643051]
[-0.73803283  1.31026399  0.53978979 -0.78972788]
[ 1.10274731  0.31599443  2.02614142  0.31826744]
[-0.71751463 -0.9422304   0.38267507  0.69787931]
[-0.75804777  0.69027768 -0.35615025  1.0115676 ]
[-0.77278941  1.9590052   0.03186161 -2.14255171]
[-0.76901752 -1.25066026 -0.41886939 -0.35237505]
[ 1.3423536   1.71774489 -1.5011872   1.03039112]
[ 1.47246857 -0.10120626 -1.50424939 -0.12110005]
[ 1.06664991  0.80345121  2.1386583  -0.22278927]
[-0.6783983  -1.21248189  0.513009    0.18186512]
[ 1.4962905   1.4725118   0.40651399  0.24125158]
[ 1.47059437 -0.34961418  0.06159091 -0.01494177]
[-0.74225309 -0.55162419  0.27288229  1.10086966]
[-0.77726315 -0.97319714 -0.79570476  0.35448936]
[ 1.50349309 -0.28923538 -0.93209696 -0.44487996]
[-0.76754862 -0.50621748 -0.36604234  1.23408016]
[ 1.47767277 -0.30551616 -1.60556635 -1.25546356]
[-0.7029992   0.81685689  0.83891762 -0.01666419]
[-0.77289928  1.93781563 -0.4877415  -1.41180833]
[-0.44741865 -1.60464136  1.10777913 -1.02032395]
[-0.70279162 -0.46642005 -1.45256284  1.17329431]
[ 1.50545057 -0.12807863 -0.26621168  0.35110363]
[ 0.82757017 -1.30857454  1.54221118 -1.47440978]
[-0.51711204  1.10024936  1.60335061 -1.19653662]

Populations

0.0183445588222
0.419340986373
0.288962688799
0.273351766005

State labels

0
1
2
3
