Cluster centers 

[-0.82271049  1.15555028  0.49067638 -0.35864714]
[ 1.3483365   0.12002447  0.13828406  0.70912236]
[-0.8006605  -0.86352509  0.32108206  0.80625136]
[-0.82864937 -1.57597723 -0.49518748 -2.01838583]
[ 1.31220037 -0.30097114 -1.46406376 -0.88572665]
[-0.79266606 -1.3256429   0.12036485 -0.21024934]
[ 0.94414204  0.52384034  2.12313875  0.03233473]
[-0.74674539  0.3788213  -1.47864109  1.81005269]
[-0.85198677  0.76675524 -0.35569218  1.00876037]
[-0.7796245   1.98989974  0.58307888 -3.06308349]
[-0.83477219 -0.75498259 -1.40068842  0.6947689 ]
[-0.76792565  1.66686196  0.75241868 -2.04920648]
[-0.83360473  2.20355407 -1.08448115 -1.41889041]
[ 1.11148508 -0.14908814  1.55696146  0.41403627]
[ 1.30563953 -0.30112557  0.36754696  0.1716827 ]
[ 1.28156432  0.77835217 -1.18473467  1.34225086]
[ 1.23686161 -0.33735139 -2.20983726 -2.24096056]
[-0.5533325  -1.32715494  1.2238524  -0.0372871 ]
[ 0.28818193  1.74492832  2.08009315 -2.97425434]
[ 1.33019772  2.17191605 -0.25686628 -0.37034013]
[ 1.35225639 -0.09372674 -0.4835339   0.32833671]
[-0.82304928  0.11302981 -0.96022958  1.66085543]
[-0.86250665 -1.07455439 -0.66763603  0.20187673]
[-0.87131896 -1.18585938 -1.29891279 -0.71919685]
[-0.57224394 -0.59807526  1.5132854   0.70856936]
[ 1.21838718  0.90358841  1.36986896  0.23065372]
[-0.62422266 -1.74925967  0.47234866 -2.11196578]
[-0.85791582  1.50120043 -0.47607493 -0.1618584 ]
[ 1.07918055 -1.11313474  0.73609425 -1.98647525]
[-0.85499863 -0.49669981 -0.46299268  1.26824002]
[ 1.29931818 -0.71696325 -0.21554309 -1.50919629]
[ 1.31393076 -0.09741731 -1.30672597  0.02737005]
[-0.803038    0.22978091  0.59810851  0.92385082]
[-0.75252191  1.96731981 -1.46228882 -0.16002238]
[-0.84898918 -0.8720144  -0.27230911  0.78164123]
[-0.86111503  1.45811223 -0.06163787 -0.51012722]
[ 1.10077339  1.32980171  1.72230426 -0.70796823]
[-0.86611535  1.76242674 -0.18594839 -1.20939108]
[ 1.34042467  0.69509709  0.49510163  0.82621937]
[-0.83830476  0.51659013 -0.64540679  1.41888302]
[ 1.08198457 -0.59508529  1.4101189   0.00374564]
[ 0.76335015  1.43727702  2.19792094 -1.68018575]
[-0.85565629  0.97653697 -0.12269353  0.53547258]
[-0.74399408 -1.18891613  0.54425113  0.25756975]
[ 1.31336928  0.1746253  -1.15508011  0.73212366]
[ 1.16708692 -0.72242957  0.95320914 -0.45821921]
[-0.58680356  0.65032903  1.6128224  -0.29388808]
[-0.86693315 -1.39727056 -0.83872915 -1.28037109]
[-0.70957112 -1.48053669  0.5012869  -0.59914644]
[-0.85154777 -0.0581502  -0.28342755  1.44160983]
[ 1.21505893 -0.09171571 -2.09364499 -0.40166629]
[ 0.66022756 -0.48968431  2.30333864  0.21380864]
[ 0.78851777  2.60398137 -1.76010959 -0.23947746]
[-0.84336058  0.60934866  0.18949838  0.80922857]
[-0.77701203 -1.70284388 -0.43829117 -3.53186827]
[-0.82243658  1.28374099 -0.88970194  0.68749288]
[ 1.35080654  1.3313743  -0.23988684  0.85392468]
[ 1.2380752   0.37008345  1.2046      0.6048752 ]
[ -8.50846616e-01  -9.86753596e-01  -1.41983170e+00  -3.07259941e-04]
[ 0.09065852  0.15327372  2.51049094 -0.07698722]
[ 1.03067877  1.24086405 -2.06352791  1.56159671]
[-0.20803618 -0.74677703  2.1531246   0.34802749]
[-0.74620081 -0.35770647 -1.8415355   1.30870263]
[ 1.29554195  2.24725307  0.56896816 -1.50398112]
[ 0.55803454 -1.13658144  2.04364891 -0.44445795]
[-0.52203787  1.11621704  1.7080349  -1.35787937]
[ 1.28330717 -0.02202756  0.77654938  0.56048062]
[-0.86837155  1.99225373 -0.20440192 -1.96067856]
[-0.83778681 -0.52765511  0.034916    1.18508654]
[-0.77580253  1.41387524  0.78884652 -1.30703577]
[-0.4255266  -1.65747627  1.19548935 -1.18334393]
[ 1.34582495 -0.33377616 -0.62473201 -0.3606653 ]
[-0.42026845  0.28414335 -2.57056981  1.79320966]
[-0.76382424  0.66741932  0.90923781  0.20081539]
[-0.85191005  1.32397316 -0.5333401   0.28094736]
[-0.88056873 -1.45093243 -1.19994863 -2.37301467]
[-0.66806841  0.0981351   1.31905027  0.60817491]
[-0.74411842  1.06945389  1.00360123 -0.64295122]
[ 1.31502072  1.40011905  0.77958177  0.08320593]
[-0.81540584  0.6473886   0.5372448   0.51015545]
[-0.83761099 -0.42186344 -1.02741209  1.34805978]
[-0.85194106 -1.29671936 -0.50112645 -0.45640255]
[-0.82936931 -1.12297413 -0.08466947  0.2901762 ]
[-0.70268746 -0.88570837  0.91455686  0.72215431]
[-0.87456619  2.38317442 -0.58668766 -3.00248444]
[ 1.35680573  0.4099251  -0.41345766  0.9900003 ]
[-0.82325432 -0.24113447  0.30459922  1.2247875 ]
[ 1.30770465 -0.45771249  0.17662688 -0.24222552]
[-0.78663434 -1.52702122 -0.04714294 -1.14802535]
[-0.72497632  1.28940452 -1.47686145  1.1968595 ]
[ 1.33481221 -0.50971501 -0.97561631 -1.44490613]
[ 1.16349655  0.20606685 -2.06928002  0.66573826]
[ 1.31063846 -0.57038375 -0.04611478 -0.72395031]
[ 0.81626768 -1.20176997  1.53216261 -1.13872963]
[-0.8483909   0.26146482 -0.01708543  1.24150107]
[-0.75742633 -0.31784675  0.81816682  1.02353432]
[-0.84842337  1.10851515  0.15906786  0.04974327]
[-0.8605971  -0.82369568 -0.81290717  0.75895153]
[-0.8423739   1.49540977  0.27809882 -0.98128407]
[-0.84722562  1.84281473 -0.80853949 -0.6564806 ]

Populations

0.0208707523524
0.405898080302
0.165559954177
0.407671213169

State labels

0
1
2
3
