Cluster centers 

[-0.81265096  0.88285954 -0.49831782  0.92649658]
[ 1.38961938 -0.29010389 -0.06123287  0.05032971]
[-0.58626026 -1.72278753  0.62960736 -1.82657807]
[-0.81876265  1.47120698  0.16439455 -0.78471938]
[-0.83386532 -1.20704084 -0.65686614 -0.31264669]
[-0.82284064 -0.81080736 -0.40671673  0.81392422]
[ 1.20544464  0.02797886 -2.25857581 -0.05145026]
[ 1.03379037  0.39911108  1.99935484  0.29197197]
[ 1.38241115  0.211728   -1.12083831  0.74494136]
[-0.80610269  2.56453659 -1.18488671 -2.7441076 ]
[-0.69210891 -1.3949431   0.54878097 -0.30360237]
[ 1.39195164  2.14632662  0.44885173 -1.09144207]
[ 0.08367258 -1.54121259  2.01636632 -0.82945172]
[-0.79403422  1.88758166  0.46419105 -2.46664692]
[ 1.39238418 -0.37960325 -1.01337067 -0.85950414]
[-0.78987101  0.06413867  0.32793597  1.14152049]
[-0.80384126  1.07804273  0.31191431 -0.02267682]
[ 1.19258245 -0.72654717  1.05973878 -0.33770076]
[-0.81326511  1.54681381 -0.64229534 -0.13567995]
[ 1.41007898  0.07637927 -0.58077647  0.6047925 ]
[ 1.40266255  0.36049889  0.23765191  0.81825226]
[-0.78449106  0.22455912 -1.00422835  1.6094363 ]
[-0.78960865 -0.65809557 -1.4912933   0.77057887]
[-0.81950371 -1.47066103 -0.48961946 -1.4100161 ]
[-0.64939642  0.21341821  1.26539201  0.57601351]
[ 1.1161659   1.29230665  1.78996273 -0.6823343 ]
[-0.68858779  0.83355604  1.1393206  -0.21367278]
[ 1.33173037 -0.33204591 -1.83979316 -1.55979245]
[-0.80162857 -1.59984984 -0.41144187 -2.27250961]
[ 1.12018958  0.81960439 -2.25769719  1.58198084]
[-0.84169516  2.21618236 -0.13297228 -2.9615295 ]
[ 1.37286526 -0.05260272 -1.30638286  0.11210621]
[-0.79601922 -0.96377808  0.00555811  0.61859783]
[ 1.32217432  0.85136515  1.06749258  0.44602928]
[ 1.34370596  0.75174112 -1.27283571  1.30269765]
[ 1.20577556 -0.48513414  1.18136934  0.14702311]
[ 1.32176739 -0.65197526  0.29721885 -0.71135817]
[-0.6953291  -1.1123106   0.67115571  0.42832688]
[-0.81422871 -0.20654691 -0.15868866  1.3535063 ]
[ 1.20140349  0.02527567  1.44905812  0.55162768]
[-0.79365363 -1.22387616 -0.06440432 -0.01859399]
[-0.55265352  1.10327865  1.62627451 -1.20652352]
[-0.80305759  1.2963495  -0.70877121  0.44814156]
[ 0.22919887  1.30011822  2.62684865 -2.22409298]
[-0.6911266  -0.71570717  0.8637172   0.89739381]
[-0.80569032  1.69804628  0.34692816 -1.64212232]
[ 1.40000324  1.56421887  0.42032968  0.09990201]
[ 1.36242373 -0.65662432 -0.63230223 -1.77510905]
[-0.66552252 -1.80927165  0.16149711 -3.55853615]
[-0.83336484 -0.96773498 -0.85700231  0.32743656]
[-0.83373265  2.03209623 -0.47982986 -1.72563209]
[-0.82833399 -1.11032111 -1.80587056 -1.19574774]
[ 1.41946567  1.49657016  0.0383855   0.48438049]
[ 1.35313825  0.05285384  0.63989179  0.63176093]
[ 1.26956294  1.73070433 -1.45879527  1.14115749]
[-0.48947146 -1.47879762  1.2537792  -0.39146987]
[-0.77073903  0.63352993  0.62871901  0.48019503]
[ 1.40442745 -0.23380413 -0.54404965 -0.03358241]
[ 1.37741941 -0.3453461  -1.3273176  -1.00201066]
[-0.8416735  -1.30116377 -0.77435178 -0.81561814]
[-0.63862619 -0.19025058 -2.15158251  1.36397318]
[-0.71776426  2.03403042  0.93203633 -3.71735098]
[-0.72459588  2.08801061 -1.41522205 -0.6295579 ]
[ 0.6510687  -1.26591413  1.96998304 -0.72851389]
[-0.82631259  1.40473152 -0.20146397 -0.25136021]
[-0.78818023  1.64656325  0.57361366 -1.74063947]
[-0.81822549 -0.20664486 -0.5586907   1.43019654]
[ 1.29069091  0.22383218 -1.80470681  0.66278857]
[-0.81382444  0.45061834 -0.40624545  1.2892614 ]
[-0.43942763 -0.44594674  1.76430132  0.71048364]
[-0.34931762  0.39250259  2.10756849 -0.09253846]
[ 1.33407217 -0.38189019  0.517625    0.0963611 ]
[-0.76111343 -1.47989024  0.04793389 -0.91110022]
[-0.63963583  0.89833023 -1.77436583  1.66318552]
[ 1.25226242 -0.28974381 -2.40889367 -2.21979532]
[-0.78803839 -0.59145977  0.20806602  1.0872614 ]
[-0.73664922 -0.02436606  0.77855401  0.98484607]
[-0.81164644  0.61479627  0.08005964  0.86806661]
[-0.76261513  1.63384578 -1.13325085  0.18039112]
[-0.82143554 -1.07725591 -0.36890919  0.2618964 ]
[-0.76456935  1.25150891  0.72589132 -0.78158122]
[ 0.96276826 -0.68907956  1.83720181  0.07653762]
[-0.82593818 -0.75511823 -0.88868919  0.80160614]
[-0.74083192  1.01976972 -1.20240007  1.2469597 ]
[ 1.41717331  0.44992565 -0.38431084  0.99120873]
[ 1.40970727  1.50797198 -0.36390712  0.70778918]
[-0.83895145 -1.10350646 -1.28478125 -0.46284829]
[ 0.56948197 -0.89543985  2.25458059  0.09060326]
[-0.82727425  1.77380237 -0.43959263 -0.94288903]
[-0.81503445 -1.34575544 -0.34752022 -0.62488677]
[ 1.33432587 -0.14436435 -1.72006773 -0.4427991 ]
[-0.81154685 -0.44678111 -0.95302214  1.26570584]
[-0.81990488  0.98629561 -0.08658887  0.47032244]
[-0.62387159  2.52388642 -1.93824053 -1.25026505]
[-0.79010929 -0.84735778 -1.70359763  0.11639239]
[ 1.39567355 -0.41446997 -0.55975052 -0.59382301]
[ 0.92425365 -1.20394284  1.49923782 -1.20813132]
[ 1.00386478  1.44215744  2.1289948  -1.38004954]
[-0.39476887 -1.6760744   1.30182098 -1.16200561]
[-0.85346902 -1.3697034  -1.01371977 -1.52554823]

Populations

0.45838538672
0.00597933326974
0.191807616861
0.343827663149

State labels

0
1
2
3
