Cluster centers 

[-0.95454562  1.81987852 -0.39976084 -0.87577873]
[ 1.21959064 -0.25594321 -0.13693078  0.10823022]
[-0.86415645 -1.30267839  0.2040063   0.0126944 ]
[-0.93469797  0.36580507 -0.09554985  1.1923943 ]
[ 1.13299786 -0.30573527  0.83595535  0.35439422]
[-0.86868715 -1.68393504 -0.27778394 -3.34702779]
[-0.69193612  0.88902139  1.54093861 -0.60609707]
[ 1.17354887 -0.26038298 -1.48029494 -0.99291086]
[ 1.22275504  0.37109496 -0.59966885  0.96300539]
[ 1.08821305  0.51525807  1.35780021  0.55041282]
[-0.65576392 -1.0243265   1.27997828  0.62965653]
[-0.93821478 -0.947431   -1.45835363  0.00687001]
[-0.91620267 -0.97982838 -0.10428388  0.66868445]
[ 1.00186203 -1.08226745  0.76769434 -1.80587592]
[-0.92918816  1.13962107  0.25280285 -0.0261165 ]
[ 0.80912813  1.77833165  2.06660645 -2.08364837]
[ 1.21143059  2.10917183 -0.15518231 -0.21013147]
[-0.83926735  1.97639585  0.88096973 -2.91156017]
[-0.8108309  -0.51255212  0.8353451   1.02041709]
[-0.72130104  1.33647394  1.45221667 -1.55494466]
[-0.87083199  0.26952378 -1.41786199  1.73019583]
[ 0.69883015 -0.72973111  2.00709167  0.17161196]
[-0.94693404  1.18105569 -0.22435447  0.31070885]
[-0.95708087  2.06946847 -0.0077075  -2.09747535]
[-0.93472227 -1.52084191 -0.59495264 -1.94670944]
[ 1.15353804  0.74146741 -1.19891582  1.2841635 ]
[ 1.21000133 -0.33610502 -0.93774097 -0.72252165]
[ 0.95446298 -0.97056594  1.20246869 -0.74236471]
[ 1.13250326  1.09100547  1.211071    0.19080787]
[-0.76339093  0.46583905  1.25084262  0.29329425]
[ 1.11524674  1.67930615  1.2895942  -0.78814761]
[ 1.21769585  0.80939496  0.4806131   0.81998822]
[-0.9093264  -0.60983956 -1.51919527  0.89605658]
[-0.94791138  1.75560857  0.10693935 -1.29059864]
[-0.9548743  -1.22382877 -0.82782939 -0.44049366]
[ 0.48101521  2.20414696 -2.42605386  0.98704763]
[-0.80910611 -1.52170568  0.39586164 -0.66236141]
[-0.86205543  1.43617548 -1.29523804  0.81911789]
[-0.94421363 -0.68446597 -0.90968169  0.99199602]
[-0.92728095  0.5339928  -0.7631155   1.41998037]
[-0.91488685 -1.46997229 -0.33456857 -1.10407658]
[-0.87470588  2.12793612 -1.27658298 -0.60417933]
[ 1.20874097 -0.48159288 -0.82215251 -1.302345  ]
[ 0.37925248 -1.27144266  2.06134247 -0.37800398]
[ 1.17091865  0.18343298 -1.27702814  0.64697157]
[ 0.41170917 -1.46131513  1.84668993 -1.10049732]
[ 0.66200201  0.19733071  2.26231061  0.21677564]
[-0.85178876 -1.04675629  0.41307018  0.63186403]
[ 1.22188389  1.46637923  0.42332562  0.3183667 ]
[-0.93842928 -0.23967504 -0.37725193  1.40094703]
[-0.8681701   0.1541744   0.64023964  0.95690436]
[ 1.10420972 -0.29683776 -2.03485891 -2.41224709]
[-0.7471621  -1.30483809  0.83135007  0.18557104]
[-0.6603687  -1.82454388  0.63421146 -2.46840363]
[-0.90424689 -0.44902062  0.18488076  1.20614981]
[ 1.20675089 -0.11971015  0.2654547   0.48250243]
[-0.94633304  1.59594891 -0.50594339 -0.22672611]
[ 1.17962443 -0.65907551  0.01064926 -1.03050808]
[-0.89704613  1.37146311  0.62149316 -0.85624475]
[-0.93109459 -1.18136648 -0.36329528  0.0872117 ]
[ 1.11893441  1.83134055 -1.1303741   0.88803488]
[ 1.21889055 -0.22565905 -0.7438696  -0.1554716 ]
[-0.78909301 -1.67830187  0.34482574 -1.55318512]
[ 1.22530728  1.12272545 -0.33622251  1.02023709]
[ 1.2258299  -0.00720537 -0.53890577  0.46705217]
[ 0.98051567  0.45546321 -2.14863849  0.99496967]
[-0.85068448  0.94615391  0.89372597 -0.20566153]
[-0.81642659  1.05564453 -1.54872144  1.48012772]
[ 1.05882257  2.99373903 -1.27326033 -1.19828029]
[ 1.03490109 -0.67205427  1.12330644 -0.11221661]
[-0.90603187  0.72042994  0.43389066  0.50566546]
[ 0.48361517  0.97258583  2.4874073  -0.95405402]
[-0.91703421 -1.35278813 -0.26857626 -0.4532671 ]
[-0.94155819  0.89137133 -0.3579958   0.84913236]
[ 1.08138415  0.086516   -1.92398841  0.15100372]
[-0.9448809   2.20284402 -0.73443179 -1.53804049]
[ 1.19889075 -0.53399817 -0.98802215 -1.97193444]
[-0.92302807  1.45917749 -0.84592032  0.37451767]
[ 1.17413665 -0.49425694  0.34571912 -0.19255599]
[-0.9255969  -0.2046143  -1.02066394  1.50066424]
[ 1.23166755  0.34136953 -0.00324892  0.90318184]
[ 1.07922379 -0.10406157 -2.06886102 -0.79828229]
[-0.97232505 -1.32719689 -1.32696646 -2.06704624]
[ 1.18400279  2.38446282  0.6083598  -1.66173415]
[-0.87686516  1.69193055  0.77753961 -1.86914157]
[ 1.18038126  0.22021878  0.72453012  0.76140435]
[-0.95970734 -1.20645116 -1.26481525 -0.94128444]
[-0.73080221 -0.10120686 -2.24885937  1.47259649]
[ 0.95988061  1.16333878  1.87651356 -0.48132301]
[-0.96531229  2.53558607 -0.46892002 -3.14300869]
[-0.95065759 -0.9947946  -0.82375274  0.35884618]
[-0.61738892 -0.23983086  1.61626146  0.69780259]
[-0.54701772 -1.51957061  1.3272163  -0.32052347]
[ 1.18132266 -0.07857682 -1.30240764 -0.05035074]
[-0.12425083 -0.90381194  2.22072893  0.38807509]
[-0.54400823 -1.75252016  1.13596664 -1.35732408]
[-0.94350322  1.4367144   0.09774676 -0.48995953]
[ 1.21421703 -0.42661058 -0.28229482 -0.45674221]
[-0.93891915 -0.79254704 -0.41932901  0.92938296]
[ 1.01753256 -0.14492568  1.4689865   0.52274063]

Populations

0.315847895873
0.146952145916
0.267504311581
0.26969564663

State labels

0
1
2
3
