Cluster centers 

[-0.58730999  0.91799205  0.91669332  0.76734556]
[-0.60251058 -0.96593601  0.02680507  0.09281569]
[ 1.874224   -0.21962798  0.13360757 -0.03118884]
[-0.59967365  1.18663904 -0.08909421 -0.84739831]
[-0.52696708 -0.49948056  0.75662768 -1.2087477 ]
[-0.63032136 -0.97939437 -1.46421494  0.78829981]
[-0.51890945 -0.81689699  0.78619041  0.9734211 ]
[-0.7081405   2.0436741  -0.88085509  0.70561362]
[ 1.96524599 -0.18916487 -0.27270761 -1.93063639]
[ 1.77999272  2.080192   -0.28306683  0.2319373 ]
[ 1.97938572 -0.3472196  -0.93258892 -0.99078357]
[-0.61207684  0.07427441  1.14563332 -0.33170065]
[-0.07255621  0.83874646  1.56574488  1.97726251]
[-0.57424967  2.18839609 -1.77253584 -0.79542797]
[-0.51565228  0.27802898  0.63708875 -1.41555993]
[-0.47967244 -1.00566946 -0.58153737 -1.10280194]
[ 0.49150699 -0.53601673  0.95059051  2.41217262]
[-0.59875052 -0.98749415 -0.63800247  0.95073946]
[-0.65441744  1.08088424  0.32408143 -0.15963917]
[ 1.44329938 -0.26952564  0.69732415  1.35815731]
[ 1.81889838  0.72735303  0.9293204  -0.07594143]
[-0.59212845 -1.03182143 -0.91230416 -0.14386264]
[ 1.04433073  1.35759418  1.16614413  1.85672972]
[-0.58967412 -0.79462899  0.6268227  -0.36087972]
[-0.75529864  2.78200252 -2.24942833  1.24251229]
[ 1.94487641 -0.39190965 -2.00335998 -1.21552499]
[-0.50676509  0.19584132  1.54547311  0.86373744]
[ 1.92050566 -0.34966796 -1.10351435 -0.05308188]
[ 1.95092694 -0.03234112  0.39446692 -0.70023537]
[-0.3071258  -0.50861559  0.3639358  -2.19938205]
[-0.62152     1.86021247 -0.23897986  1.32059069]
[-0.63407921 -0.94954146 -2.05087835  0.56951551]
[-0.55857331 -0.92450379 -1.15639576  1.6368691 ]
[-0.31918597  0.899289   -0.19163909 -2.14149134]
[-0.68750368  2.15784208 -1.42824681 -0.04949581]
[ 1.82722471 -0.33794222 -0.54945672  0.42961331]
[-0.58506273 -0.83596421  0.66968888  0.35814014]
[ 1.69434126 -0.15828144  0.64550318  0.64133043]
[-0.5634484  -0.95782311 -0.07124748  1.04119467]
[-0.6823918   1.5826048  -0.31243293  0.10157038]
[-0.57725587 -0.57430279  1.17351279  0.28745498]
[-0.54971093 -0.97436837 -0.17238918 -0.7183292 ]
[-0.64320886  0.9803171   0.63441778  0.29213511]
[-0.52861966  1.44365526  0.50217554  1.40101152]
[ 1.60366391  2.4051843  -0.52618603  1.03839551]
[-0.5464764   0.53906688  0.50839755 -1.22863832]
[ 1.9849069  -0.16545013 -0.04261958 -1.08544817]
[ 1.75878272  1.28646075  0.68742937  0.19998313]
[-0.64578887  1.63818429 -0.63226858 -0.46063114]
[-0.15273083  0.41891751  0.07874938 -2.67548367]
[ 1.33988557  1.15168057  1.20757225  1.33882751]
[-0.65539386 -0.80440258 -2.67448687  1.45866209]
[-0.53279018  1.00048436 -0.0070515  -1.27830202]
[ 1.73039139 -0.27481655  0.19008268  0.65196629]
[ 0.25094684  0.0119933   1.9193578   2.05244099]
[-0.58879333 -0.94782884  0.08005512 -0.30599814]
[-0.48579213 -0.47116708  1.44007933  0.90703819]
[-0.60275015 -0.20390899  1.19243257 -0.31660271]
[-0.62257339  0.92699089  0.3288071  -0.62699158]
[ 1.90867685 -0.35613555 -2.78007864 -1.17778812]
[-0.47888102 -0.74832478  0.37624912 -1.38644909]
[-0.73018337  2.50561979 -1.96730466  0.43125018]
[ 1.9264552  -0.33005221 -0.67691038 -0.19227641]
[ 1.92407177 -0.33453771 -1.81243511  0.03204093]
[-0.72467491  2.51610019 -1.61378781  1.25810599]
[-0.39876609  1.919657    0.05821836  2.06574758]
[ 1.96653849 -0.36440622 -1.42529557 -0.64392654]
[-0.61497857 -1.0196067  -0.83219377  0.3199073 ]
[ 1.95746291 -0.38564898 -1.24403996 -1.50815411]
[-0.61046039 -1.0036113  -0.43493714  0.48833163]
[ 1.83022318  0.0271961   0.74471919  0.01503362]
[-0.45384864 -0.37849308  0.66294726 -1.66579217]
[-0.59309131  1.92120623 -1.25264638 -0.77966376]
[-0.62317009  1.48057671 -0.45148625 -0.65628759]
[ 0.82626998 -0.31704696  1.31500165  2.1044426 ]
[ 1.90713359 -0.28339896 -0.24670852 -0.13958312]
[-0.56228596 -0.71328258  0.63856243 -0.80698766]
[-0.61402849 -1.01315581 -1.43717164  0.2046364 ]
[-0.54727054 -1.03767653 -1.14030035 -0.52044046]
[-0.58571355 -0.29236289  1.03814688 -0.7084296 ]
[-0.52780498 -1.0294211  -0.76187101 -0.75421919]
[-0.63599006 -0.89881028 -1.99291605  1.29986618]
[-0.59735234 -0.97987937 -0.13547366  0.64669197]
[ 1.90827111  0.31696834  0.79384288 -0.51282464]
[-0.51598845 -0.93577825 -0.05843146  1.37002838]
[ 1.76453174 -0.30926102 -0.09730837  0.59799756]
[ 0.16286691 -0.62108891  0.99470604  2.33939739]
[-0.67740459  1.98074021 -0.59356373  1.05635113]
[-0.36839925 -0.2642304   0.54715496 -2.04606714]
[-0.62455254  0.50241798  0.84445235 -0.433389  ]
[-0.59020347 -0.92823637  0.28281044  0.49465191]
[-0.64090932  1.21770961  0.01073366 -0.47568056]
[ 1.9791888  -0.2998341  -0.53801506 -0.89811526]
[-0.57189567 -0.06341262  1.44389807  0.3907722 ]
[-0.50907233 -0.86876221  0.16464859 -1.12742697]
[-0.59224504 -0.67864675  0.85682411 -0.35363365]
[ 1.19989519  0.9808929   1.41481819  1.54977123]
[-0.56069464  1.51160482 -0.64847712 -1.04913357]
[ 1.94984935 -0.34141028 -0.87280866 -0.39564851]
[ 1.84603082 -0.28134872 -0.09465807  0.20231094]

Populations

0.0353535353535
0.171717171717
0.747474747475
0.0454545454545

State labels

0
1
2
3
