Cluster centers 

[-0.7287365   1.33704996  0.50703382 -0.73358564]
[ 1.52008296 -0.31482749 -0.22653974 -0.08336246]
[-0.72549866 -0.47257129  0.16187448  1.16233799]
[-0.78640318 -1.50013815 -0.669495   -2.65167481]
[-0.7480282  -0.64007052 -1.03823264  0.91409402]
[ 1.02648712 -0.34845417  2.0151197   0.5502688 ]
[-0.75124058 -1.23094594 -0.24435616 -0.20816017]
[ 1.40068883 -0.29501404 -2.19885776 -1.85187099]
[-0.73769373  1.08920362 -0.62755937  0.49806611]
[-0.76722803  2.13951539 -0.02148507 -2.71036976]
[ 1.53173251  0.40149952  0.11139836  0.90016027]
[-0.38905357 -1.45541394  1.41910422 -0.36237848]
[-0.61934118  1.15789089 -1.56039442  0.93904947]
[-0.42948173 -0.2349311   1.6954131   0.8794404 ]
[ 1.53081709 -0.26348767 -0.81253416 -0.28424006]
[ 1.51850268  2.16748127  0.12229667 -0.90660679]
[ 1.3365179  -0.43554718  1.10675833  0.26687739]
[-0.75810555  1.61551616 -0.1605213  -0.91588888]
[-0.71694071 -1.40478299  0.09323773 -0.70204147]
[ 1.38981889 -0.1223331  -2.18852622 -0.6365124 ]
[-0.58678468  1.52931733  1.43469529 -1.92945126]
[ 1.50608391 -0.55902419 -0.39360766 -1.12568044]
[ 0.75001552 -1.26396705  1.86434107 -0.93197061]
[-0.74655118  0.33878212 -0.50504617  1.25227896]
[-0.77466266 -1.16147979 -0.98736032 -0.51993746]
[ 1.43393468  0.1132467  -1.86483154  0.34889442]
[-0.68193762 -0.31669306 -1.61058859  1.21898306]
[ 1.31273049  1.52469251  1.62233464 -0.69624706]
[-0.74791274  1.0076663   0.01642172  0.25649339]
[-0.70992356  1.05611541  0.65184116 -0.21413926]
[-0.59548476 -1.76084642  0.55907482 -3.46442855]
[ 1.47575945 -0.50600565 -1.52041773 -2.88475898]
[-0.58305664 -0.5052194   1.11379989  1.03623058]
[-0.72922531  1.5333442  -0.77006906 -0.23512593]
[ 0.42459459  1.2319991   2.74683477 -1.42667317]
[-0.6669632  -0.19080725  0.72627752  1.11736069]
[-0.69668267  0.49484579  0.64477708  0.66750079]
[-0.6596863  -1.66201257  0.33294482 -2.24839135]
[-0.71257729  1.53887548  0.71460307 -1.41230347]
[-0.75011787 -1.00932086 -0.22282984  0.44630303]
[ 1.52103273 -0.09593118 -0.01437044  0.45682455]
[-0.75201498 -0.31409338 -0.45684551  1.28271118]
[-0.41080003  0.05904168 -2.50692366  1.25470437]
[ 1.50475805 -0.32726721 -1.32808893 -0.95736145]
[-0.56609568 -1.1962791   0.98210946  0.31211889]
[ 1.54672759  0.83200503 -0.57182051  1.05070717]
[-0.75132446 -0.79913102 -0.30198948  0.83067005]
[-0.37179176  0.53316053  1.9624375   0.05146069]
[ 1.45567624 -0.43486069  0.42454411 -0.03302575]
[-0.65844548  1.49105032 -1.334681    0.27171264]
[-0.74707053  0.66643731 -0.08313093  0.80136411]
[-0.63248368  1.95046238  1.25583077 -3.27053653]
[-0.75500928  1.36223992 -0.19273698 -0.29198353]
[ 1.28262137  2.05846617 -2.0216964   0.4921267 ]
[ 1.53903988 -0.01189268 -0.72038136  0.40907376]
[ 0.22663952 -0.70764153  2.38900521  0.60423466]
[ 1.16490615 -0.78007302  1.51588141 -0.1290284 ]
[ 1.37276525  0.12546847  1.17539623  0.76127808]
[ 1.38586248 -0.69372349  0.66484078 -0.57882713]
[ 1.41437999  0.9559354   1.18128487  0.44735485]
[-0.75413757 -0.9208712  -1.24809141  0.16598712]
[-0.74024875  1.14267395  0.30847077 -0.17428778]
[ 1.54592627  0.25900204 -0.42164649  0.83997737]
[-0.73558919 -1.63097198 -0.11454963 -2.96249317]
[ 1.49084427 -0.14619296 -1.51995166 -0.30895204]
[ 1.01985482  0.75592531  2.27165939  0.05182518]
[-0.64984358  1.14846149  1.09779833 -0.68929974]
[-0.56650034  0.25984737  1.3381766   0.64912155]
[ 1.48016966  0.51226852  0.69055442  0.8447673 ]
[ 1.51254288 -0.46846681 -0.33428812 -0.65810304]
[-0.64848242 -1.57708541  0.46210279 -1.34123614]
[ 1.25668303  0.48552634  1.70320007  0.60320648]
[ 1.50051799  0.49275149 -1.28657214  0.95971982]
[-0.7678486  -1.01906225 -0.69069119  0.22068817]
[-0.70183861  0.17622336 -1.2248054   1.4781345 ]
[-0.68470367  1.90689639 -1.12843824 -0.82374167]
[ 1.50089603 -0.6387527  -0.55912936 -1.86900913]
[ 1.51438322 -0.03442917 -1.2494532   0.1704856 ]
[-0.73432396  0.15070167  0.13474362  1.15502227]
[ 1.46733627 -0.13023053  0.52843348  0.53539309]
[-0.62736278 -1.41351524  0.63400094 -0.41551219]
[-0.76169404  1.80348525 -0.10780291 -1.48642662]
[ 0.62496659 -0.95078017  2.23385477  0.17745141]
[-0.76784907 -1.34288276 -0.47438343 -0.90095264]
[ 1.53777408  1.5965304  -0.52953587  0.52138995]
[-0.50667075  1.16447288  1.69803592 -1.08957183]
[ 1.51309222 -0.4491009  -1.13179187 -1.45017692]
[-0.68956106 -0.70528799 -1.79095693  0.43571475]
[ 1.54602249  1.19815412  0.09568702  0.68982347]
[-0.44274657 -0.92352237  1.48106679  0.73565305]
[-0.37327426 -1.71816764  1.3024697  -1.74246841]
[-0.74126254  1.8358032   0.49411028 -2.14392178]
[-0.76731778 -1.18054126 -1.42340022 -1.19313594]
[-0.6516384   0.79320617  1.0189557   0.06251588]
[-0.70089481 -1.11835053  0.28082509  0.3355098 ]
[-0.72599409  0.60488548 -0.8650711   1.19010076]
[-0.77056502 -1.45944405 -0.49219611 -1.73006325]
[-0.6402601  -0.83276667  0.73857192  0.86831007]
[-0.63554755  2.27078492 -1.13496071 -1.85373814]
[ 1.49840224  1.34380419  0.70758466  0.24126821]

Populations

0.168999280943
0.250109450027
0.271536297203
0.309354971827

State labels

0
1
2
3
