Cluster centers 

[-0.42896444 -1.43757592  1.40099703 -0.25228123]
[ 1.41719404  0.7578256   0.80302652  0.74676791]
[-0.76754929 -0.13461593 -0.03462282  1.29182967]
[ 1.46986748 -0.34517944 -0.56542528 -0.45162431]
[-0.78406146  1.82654073 -0.47445215 -1.13241446]
[-0.77867807 -0.9054684  -1.23339812  0.25799903]
[ 1.04645332  0.21677945  2.01872269  0.64289711]
[-0.77678836  1.01612358  0.03454195  0.24746984]
[-0.75924266 -1.55886408 -0.05614528 -1.91545319]
[-0.63375009  1.09604091 -1.71571215  1.09552192]
[-0.68512542 -0.394887    0.7190287   1.12008184]
[-0.55940082  0.75782556  1.5404369  -0.1021173 ]
[ 1.3955354  -0.40916154  0.48094588  0.03830968]
[ 1.42257247 -0.27301696 -1.5704226  -1.02056993]
[ 0.46425508  1.51812122  2.87093486 -2.08526409]
[-0.77242321  0.14321746 -0.70600813  1.38689231]
[-0.78751903 -0.88063908 -0.46923981  0.67318969]
[-0.80277443 -1.29540341 -0.63479765 -0.79823321]
[-0.76468801  1.83268089  0.57630126 -2.06463215]
[ 1.46089891  0.37378516  0.27778457  0.86290864]
[ 1.33509959 -0.27804138 -2.18367082 -1.90336991]
[ 1.2864283   1.32649475 -1.91845391  0.93822666]
[-0.6843498  -1.24768359  0.51417244  0.09939918]
[-0.5954119  -1.77133855  0.71225762 -3.74814421]
[ 0.8061006  -0.81844373  2.11296279  0.24345313]
[-0.80193356  2.31818115 -0.21192664 -2.97214514]
[-0.7341595   0.50215567  0.51851409  0.72617023]
[-0.70923564 -0.17051313 -1.61154516  1.3733275 ]
[ 1.45637924 -0.53746364 -0.47932032 -1.2718571 ]
[-0.67641491  0.68338859  0.99436308  0.27238696]
[-0.75242439 -1.40265035  0.00981805 -0.73644021]
[-0.73124756  1.20561288  0.73283001 -0.53330161]
[-0.77693324  0.82922951 -0.38338386  0.74826868]
[ 1.46307207 -0.12820716 -0.02984448  0.37872871]
[-0.54339059 -1.08538855  1.19975774  0.54801439]
[-0.76039662  1.52005298 -0.7854697  -0.1587429 ]
[-0.79350975  1.84797886  0.04781483 -1.65092705]
[-0.5337015  -0.18575809 -2.51165713  1.16949509]
[-0.52080095  0.25766023  1.59072946  0.57848569]
[ 1.44128468 -0.56010434 -1.05635874 -2.82566237]
[ 1.45902194 -0.03452486 -1.16055515  0.17535056]
[-0.78541048  1.5938763  -0.33494501 -0.66257527]
[ 1.32847466 -0.08450198 -2.16868477 -0.52066224]
[ 1.46270104 -0.3282289  -1.03217872 -0.77471631]
[-0.81125111 -1.52735614 -0.53959451 -2.88057437]
[ 1.48238786  1.49540589 -0.42401035  0.5752278 ]
[ 1.31291832  0.06002721  1.16372638  0.71622334]
[-0.78569271 -1.13344506 -1.5895534  -1.17185581]
[-0.78004436 -0.31072295 -0.37471709  1.30319075]
[-0.78275184 -1.17894983 -0.32600188 -0.04440745]
[ 1.42100071 -0.57886965  0.10298352 -0.75735279]
[ 1.18032692 -0.62974305  1.39111831  0.0942072 ]
[ 0.69504583 -1.22156923  1.97313741 -0.68897008]
[-0.67910273  1.61626525  1.18137841 -1.89310874]
[-0.72869532  2.38253867 -1.15237001 -2.12639162]
[-0.66751615 -1.52533428  0.53386114 -0.97444897]
[ 1.42338186 -0.08245964 -1.55616939 -0.15808296]
[-0.7291151   1.06458946  0.69796014 -0.22135338]
[ 0.97119491  0.87982652  2.31381606 -0.10904349]
[-0.76419561 -0.60730739 -1.28156426  0.93105046]
[-0.77411328  1.24106665 -0.5717079   0.22660719]
[ 1.28463415  0.91210596  1.49860124  0.3272418 ]
[ 1.48188685 -0.00631607 -0.63281283  0.42156677]
[-0.68786442  1.96989201 -1.30221011 -0.75272191]
[-0.74964925 -0.55393677  0.17063232  1.1343316 ]
[-0.57615391 -0.18212492  1.2871689   0.98147477]
[-0.75089782 -0.99309666  0.08560196  0.59865485]
[-0.75927691 -1.62352459 -0.05146253 -2.83002007]
[-0.80229878 -1.13803342 -1.19618287 -0.60943914]
[-0.56794893 -1.70944673  0.84578473 -2.08239241]
[ 1.48868019  0.41010704 -0.31640055  0.90748844]
[-0.62653317  1.21279998  1.30762251 -0.89523949]
[ 1.37440454  0.11696844 -1.86727287  0.33326086]
[ 1.46364291  0.42391996 -1.07775722  0.88797775]
[-0.776882    0.45071496 -0.3720401   1.13112674]
[-0.80503563 -1.42342537 -0.58516321 -1.60124414]
[-0.71094497  2.05213181  1.02312024 -3.2351081 ]
[-0.32799357  0.07886758  2.06804     0.58283123]
[ 1.3632795  -0.30305868  0.75961023  0.3626786 ]
[ 1.45361029 -0.37304055 -0.11352132 -0.2240182 ]
[-0.78911532  1.7000256   0.03800387 -1.23052535]
[ 1.42661557 -0.69249839 -0.19231587 -1.81237869]
[-0.25572623 -0.58189501  2.01785672  0.86093272]
[-0.74271581  1.55758928  0.7204927  -1.37796768]
[ 1.061375   -0.36901599  1.83782492  0.56092537]
[-0.63070779  1.66442285 -1.67019514  0.2176258 ]
[-0.74240722  2.1317719  -1.0183634  -1.47637045]
[-0.7462797   0.14409545  0.31332843  1.11006865]
[-0.73637073  1.20713507 -1.03891914  0.56668266]
[-0.78180789  1.33862473  0.01013579 -0.34306232]
[-0.33166501  0.57824864  2.15055599 -0.05607322]
[ 1.40251599  1.74935182  0.94641173 -0.5484306 ]
[-0.78238098 -0.46261514 -0.73715193  1.21079479]
[-0.74485573  0.34364125 -1.11296137  1.38262736]
[ 1.2023017  -0.86656838  1.18183745 -0.6875188 ]
[-0.62930372 -0.91709275  0.89488358  0.77200904]
[ 0.26053993 -0.81923373  2.36170427  0.4901857 ]
[-0.75766277  1.40353388  0.51339501 -0.83567879]
[-0.37147931 -1.71038321  1.40464921 -1.62631924]
[ 1.45045136 -0.40306224 -1.20552041 -1.40184593]

Populations

0.0280626751626
0.283366594111
0.266811655987
0.421759074739

State labels

0
1
2
3
