Cluster centers 

[-0.76854597  1.71432713 -0.11726879 -1.1919532 ]
[-0.73662739 -1.22428892 -0.06301406 -0.09502306]
[ 1.51279562 -0.31986324 -0.41967478 -0.17254381]
[-0.67185949  0.64447448  1.0163742   0.07299532]
[ 1.26173986  0.39481211  1.68552764  0.34219969]
[-0.58372894 -1.68830434  0.13844173 -2.44612008]
[ 1.35692815 -0.04595988 -2.57918402 -0.80184441]
[-0.75071774 -0.36335606  0.14372713  1.23488062]
[ 0.81844028  0.0548438   2.42782925 -0.00484191]
[ 1.31975461  0.99247309 -1.77376826  1.35786976]
[-0.75842572  1.17974796 -0.26441082  0.31723691]
[-0.77691467 -1.2429547  -0.87564256 -0.79034421]
[ 1.38102338 -0.39712771  0.85998671  0.16671899]
[ 0.939377    1.5175919   2.08542442 -1.99972059]
[-0.62420001 -0.31399132 -1.81786994  1.33244502]
[ 1.51163477 -0.02891591 -1.11743714  0.31344034]
[-0.73529043  2.435386   -1.21912085 -2.05951088]
[ 1.53405494  0.4088719  -0.20780693  1.03261889]
[ 1.50336828 -0.32843392 -1.4710773  -1.14526383]
[-0.64290094 -0.72568911  0.95627891  0.81093973]
[-0.42875343 -1.53751544  1.149356   -0.77927273]
[ 0.24897281 -0.79554958  2.45261559  0.14423008]
[-0.76461199 -1.47468509 -0.968727   -2.72118343]
[ 0.9461181   1.01755353  2.2285477  -0.96919843]
[-0.60727112  0.88975943  1.26423028 -0.621223  ]
[-0.74253388  0.60513698  0.45453752  0.5984986 ]
[ 1.45639324  2.8039455  -0.88258915 -1.39380112]
[-0.72536614  1.27460266  0.57270082 -0.80418152]
[-0.77852505 -1.31072163 -1.08688159 -1.4899195 ]
[ 1.46122752  1.14878003  0.90222582  0.24283453]
[-0.74382168  1.04918171  0.40071261 -0.09817334]
[-0.74347633 -1.36003449 -0.31670513 -0.78657009]
[-0.7696008   2.43731681 -0.95884957 -2.58360013]
[-0.77046781 -0.91467378 -0.8327489   0.44609278]
[-0.63114847  1.76517987  0.89741977 -2.79936087]
[ 1.46771658 -0.10507193 -1.80353248 -0.35856827]
[-0.67938312  2.24721318 -1.34152138 -1.07971341]
[ 1.46945809 -0.29763283 -2.42648984 -3.38375153]
[-0.69727378  1.874259   -1.09506606 -0.30205184]
[ 0.12133253 -1.26177143  2.16184725 -0.26494403]
[-0.74455646 -0.04124181  0.32105977  1.19199285]
[-0.6554202   1.1470343  -1.14207871  1.20587642]
[-0.62223294 -1.57137016  0.29361946 -1.34245362]
[ 1.51299459  0.15274675  0.18853023  0.79347128]
[ 1.51363559 -0.35807624 -0.97067101 -0.72636057]
[ 1.04260578 -0.54503819  1.92336277  0.14049623]
[ 1.53434728  1.25265413 -0.19859157  0.96920162]
[ 1.46886507 -0.56263239 -0.11905212 -0.73347806]
[-0.76525103  1.39886086 -0.00922628 -0.44553275]
[-0.75985125  0.62695422  0.07583165  0.86028272]
[-0.76055325 -0.42692417 -0.36685737  1.28510081]
[-0.72927228 -0.90833479  0.2490199   0.69395655]
[-0.32929496  0.47443042  2.05327831 -0.45233485]
[-0.72533302 -1.49622591 -0.35830872 -1.60878578]
[ 1.32340408 -0.12904932  1.31803643  0.4568293 ]
[-0.68270888  1.46844115  0.78188012 -1.5976523 ]
[ 1.48372608 -0.33535427  0.09256999  0.04485099]
[-0.67551152  0.04899966  0.97615182  0.77287451]
[-0.62593949 -1.14872321  0.81569707  0.29659485]
[ 1.2363163  -0.65473233  1.27013266 -0.12467171]
[-0.75588487 -0.95616294 -1.40718072 -0.09053407]
[-0.7696929  -1.12523829 -0.52457222 -0.01414876]
[-0.50621564 -0.76552922  1.50973028  0.60470633]
[ 1.42990881 -0.18099667 -2.33572098 -1.48896956]
[ 0.72103583 -1.30819824  1.66336654 -1.12369705]
[ 1.39972818 -0.75611298  0.08684068 -1.28420521]
[-0.77084763  1.98717809 -0.23972979 -1.94605939]
[ 1.48892903  1.20237333 -0.84673851  1.38217272]
[-0.6178835  -1.44481827  0.57290876 -0.5547308 ]
[-0.73680097  0.28423952  0.52337259  0.89744478]
[ 1.50360014  0.56100991  0.4915356   0.86999354]
[ 1.51248844  0.31394171 -0.92475075  1.00356998]
[-0.76353076  1.86611635 -0.57112281 -1.0278432 ]
[-0.76560684 -0.86596937 -0.35550626  0.71085328]
[ 0.23377452  0.38897272  1.79956144 -0.46950849]
[ 1.52822119  0.01682329 -0.4931885   0.59473835]
[ 1.51849111 -0.29639781 -0.7165176  -0.28456142]
[-0.62992498  0.1833431  -1.43733864  1.77433579]
[ 1.53453919  1.69941116  0.02234978  0.27114617]
[-0.74922561  1.59281648 -0.59798707 -0.21708565]
[ 1.49907028 -0.51103015 -1.17809613 -1.87189213]
[ 1.41839611  0.366709    1.06072147  0.63020156]
[-0.6769718  -1.27372626  0.40966859 -0.06441342]
[ 1.45269452  0.03818909 -1.70078704  0.26635491]
[-0.37599378 -0.34869369  1.92700303  0.46687836]
[-0.74211995  0.19640033 -0.5064507   1.51437832]
[ 1.34734928  0.04777788 -2.39238819 -0.07560586]
[ 1.38078975 -0.63776056  0.54917483 -0.44787544]
[ 1.08122297  0.74705482  2.10526886 -0.32929354]
[-0.7442434  -0.60600666 -1.02401282  1.04699865]
[-0.5566266  -1.72991915 -0.11702352 -4.00207937]
[-0.75225034  0.7236461  -0.32401166  1.05715206]
[ 1.49536929 -0.21149823 -1.56125564 -0.64328546]
[ 1.52529016 -0.10402794 -0.58981552  0.31239084]
[-0.76559551 -1.03163941 -0.37552991  0.33515461]
[ 1.43315057  1.83399076  0.87688139 -0.97428024]
[ 1.47194084 -0.14573514  0.42658033  0.45882133]
[-0.73706204  2.00300874  0.20143132 -2.71235119]
[-0.44876157  0.16373977  1.81995345  0.15429991]
[-0.70846856 -1.36749531  0.05808594 -0.53033034]

Populations

0.210418586979
0.347704685686
0.23067774059
0.211198986746

State labels

0
1
2
3
