Cluster centers 

[ 1.53547615  0.22761636  1.3600488   0.3585577 ]
[-0.63632846 -1.05502254 -0.92010542 -0.27553656]
[-0.58290353  0.14466412 -0.36371059  1.55403001]
[-0.6368241   1.88287342  0.43840742 -2.4407916 ]
[ 1.77833003 -0.17443885 -2.22010915  0.17497573]
[-0.63407046  1.38317619 -0.38828904  0.08832729]
[-0.64066638  0.12938797  0.60873798  1.04346469]
[-0.61266958 -1.30377367 -0.01545386 -1.11783674]
[ 1.8214601  -0.354735   -1.01767881 -0.24047693]
[ 1.66592504  1.81948402  0.52921283 -0.87501228]
[-0.60707189 -1.4312253  -0.61017508 -2.78167033]
[ 0.49095552 -1.15527556  1.90703868 -1.2080224 ]
[ 1.79697118  0.09079346 -0.02392709  0.72257363]
[-0.53248188  2.38150942 -1.8018707  -1.51607607]
[-0.68021763  1.77011546 -0.23924512 -1.20785536]
[-0.63680026 -0.63162099  0.153176    0.89216808]
[-0.57984897 -0.5392858  -0.74678837  1.1578854 ]
[-0.65461023  1.01817868  0.5811084  -0.01786958]
[ 1.3551127  -0.55113606  1.41164805 -0.32568933]
[ 0.04530691  0.28554786  2.63160233 -0.39495959]
[-0.5693556   0.78682082 -0.51460502  1.24551541]
[ 1.83151594  1.23637336 -0.60074283  1.06715433]
[-0.44648309 -0.59953751  1.72440024  0.38795435]
[ 0.8693712   1.52234537  2.08603949 -2.06309609]
[-0.63247923  2.07624777 -1.03601772 -1.32669527]
[-0.65847108 -1.23019656 -1.34880864 -1.66447259]
[ 1.66852683 -0.30203018 -3.74155638 -1.97835164]
[-0.5593382  -0.78691639 -1.27958376  0.57940934]
[-0.38136809 -1.43614191  0.84252984 -1.70039282]
[ 1.83913474  0.08274824 -0.88542095  0.87347166]
[-0.65597495  1.66890306  0.41921574 -1.6148876 ]
[ 1.67999881  1.25152775  0.78357808  0.0311803 ]
[-0.6121586  -1.06522288  0.40500452 -0.0600012 ]
[-0.66739645  1.34446404  0.21406206 -0.41972439]
[ 1.79771423 -0.30817681 -0.48340371  0.0123478 ]
[-0.64828991  1.58823096 -0.44676911 -0.39311225]
[ 1.7966286  -0.42461478 -2.42179385 -1.44609866]
[ 1.47281076  1.53721113  1.26688256 -0.98844027]
[ 1.75369122 -0.25842234  0.01584998  0.16380847]
[ 1.46376357 -0.76918567  0.68776522 -1.02741785]
[-0.36408273  0.12757169 -1.41386953  1.97558513]
[-0.53827535 -1.23832348  0.6901228  -0.65876264]
[-0.69877374  2.16658046 -0.50688368 -2.46642859]
[ 1.83039841 -0.33817985 -1.56580796 -0.35511051]
[-0.63611338  0.98076307 -0.06726101  0.61710764]
[-0.62870127 -0.38570254  0.0171679   1.20646505]
[-0.65645026 -1.28866346 -0.79864923 -1.52502433]
[-0.62264473 -0.87198011 -0.68618282  0.43668421]
[-0.41690267  0.72597352  1.87314127 -0.50210109]
[ 1.68925613  0.10673605  0.71613304  0.53870159]
[-0.63985409 -0.89046101 -0.18609824  0.42071548]
[-0.52440859  0.03314803 -0.75834438  1.70881121]
[-0.61199501 -0.64066636  0.78448204  0.70935135]
[-0.31247377  1.10805317 -1.54147753  1.64357479]
[-0.50937908  1.77482284 -1.29860285  0.04050655]
[-0.57167549  1.36060972 -0.76493184  0.50836919]
[-0.10156036  1.3558695   2.04274938 -2.07125767]
[-0.61495496 -0.03573514  1.01477656  0.86114229]
[-0.64745927  0.59598672  0.37074639  0.82293137]
[-0.65193209 -1.17776944 -0.7277598  -0.77834732]
[-0.59864166 -1.0408017  -1.64741926 -0.64621679]
[-0.65551634  1.13804124  0.06187878  0.20540885]
[-0.62148104 -0.61831048 -0.33033525  0.98897184]
[-0.47022099 -0.37245479 -1.2811478   1.47952501]
[ 1.3449861   0.83507053  1.79403044 -0.23136173]
[-0.56522934 -0.58876935  1.20624387  0.60448634]
[-0.66213265 -1.36642907 -1.12963056 -2.81391539]
[ 0.22271245 -0.82562559  2.34898943 -0.33147744]
[-0.50153544 -0.59932863 -1.36430339  1.0525707 ]
[ 1.58915238  2.00167909  0.65749144 -1.55114485]
[-0.51695667 -0.98558015  1.14520623  0.03924294]
[ 1.78673112  1.80299183 -0.08336041 -0.20119484]
[-0.57845861  1.19949292  1.12990395 -0.91957932]
[-0.56585172  0.19013939  1.42027661  0.4970248 ]
[-0.63717538 -1.15393744 -0.10126113 -0.42657846]
[ 1.79908279 -0.53184783 -1.23930256 -1.17873198]
[ 1.83172852 -0.195566   -1.52661054  0.21368963]
[-0.64148335  0.52625944  0.79115588  0.60519051]
[ 1.10320107 -0.20171401  2.17057274 -0.02693597]
[-0.60438039  1.78709965 -0.91655314 -0.45524921]
[-0.59719592 -0.91643869 -1.1744162   0.17446128]
[-0.61703607 -0.1549707  -0.08974288  1.3729189 ]
[-0.61225671  0.64435341 -0.16876739  1.1549644 ]
[-0.5460423  -1.43831364  0.10465058 -1.99272389]
[ 1.61011999 -0.27774293  0.81528898  0.10923267]
[ 0.99857707 -0.72606221  1.99371137 -0.51597521]
[ 1.809228    0.41244715 -1.31572396  1.40853721]
[ 1.83495186 -0.18632556 -0.99302558  0.29699756]
[-0.42875999  0.20979099  1.94315476  0.13916488]
[ 1.81999045  0.58530581 -0.06526233  1.0337311 ]
[-0.6198619   0.62005195  1.05019542  0.28729001]
[ 0.84580744  0.80339031  2.39536894 -0.74388782]
[-0.45198436  1.39426586 -1.24552353  0.90856425]
[-0.67021968  1.49826993  0.26432062 -0.89794527]
[-0.6297361  -0.84550504  0.36544121  0.49002714]
[-0.637277   -0.20056228  0.54095748  1.09540713]
[ 1.71533611  0.57773358  0.71249561  0.64576248]
[-0.64362104 -1.01596475 -0.38156228  0.03118592]
[ 1.7022042  -0.59696838 -0.22210634 -0.87362674]
[ 1.81217512 -0.35795775 -2.10792397 -0.71168244]

Populations

0.00430317502284
0.118135667826
0.185147124859
0.692414032292

State labels

0
1
2
3
