Cluster centers 

[-0.58168429 -0.59228351  1.23579833  0.93584567]
[ 1.41192521 -0.11060262 -1.23728888 -0.06218465]
[-0.78747785  1.28470201  0.35071912 -0.456813  ]
[-0.81499033 -1.0214652  -0.75389285  0.18979113]
[ 1.39623958 -0.14544002  0.36120573  0.46295431]
[-0.75713743 -1.45343926  0.05207683 -0.894912  ]
[-0.79781178  0.29064181 -0.32737195  1.2608921 ]
[ 0.88960521 -1.07988176  1.81637305 -0.52404699]
[-0.73615543  1.73366584 -1.144143   -0.26001072]
[-0.80874562 -0.88041424 -0.50087868  0.65284677]
[-0.81300176  1.79280588 -0.05197931 -1.42190332]
[ 1.42144463  1.48661013  0.44529847  0.15290694]
[ 1.39761937 -0.32578928 -1.41608169 -1.04580273]
[-0.66031654  0.71266189  1.19448477  0.10406424]
[-0.65911153 -1.71199017  0.48177597 -2.23093555]
[ 1.19325543  1.38501719 -2.04974657  1.14839616]
[ 1.44996023  0.34926218 -0.32694947  0.88303181]
[-0.75706566 -0.2797135  -1.41037926  1.27929118]
[-0.78868636 -0.31705198 -0.0838268   1.27290032]
[ 1.2233737   0.52930668  1.56008544  0.58208984]
[-0.66634615 -1.40613331  0.63628592 -0.32476163]
[ 1.39166969 -0.55725814  0.10650225 -0.59676354]
[-0.80650349  1.41583514 -0.15867243 -0.36188922]
[-0.3490386  -1.75493689  1.44038984 -1.69383991]
[ 1.28378131 -0.36834287 -2.22244606 -2.73447651]
[-0.83041769  2.39763663 -0.2540597  -3.38853579]
[-0.8185949  -1.11761435 -1.21108998 -0.52312353]
[ 0.49253803  1.33939561  2.79970334 -1.69185017]
[-0.74747322  0.40136353  0.5728488   0.8301773 ]
[ 0.99438243  0.11451236 -3.01742311  0.04122829]
[-0.42003763  0.50828423  1.96565256  0.05356498]
[ 0.91606496 -0.50647781  2.04371699  0.44003539]
[-0.7954075   1.91363556  0.4575132  -2.31518456]
[-0.75090855 -1.35269901  0.15257892 -0.37510867]
[ 1.42471994 -0.3059537  -1.01415619 -0.5929942 ]
[-0.78719355 -1.51849514 -0.23304819 -1.62587252]
[ 1.43231447 -0.30917069 -0.40768374 -0.19214576]
[-0.82028968 -1.24875217 -0.6754145  -0.57181659]
[ 1.29747211  1.63212253  1.32220347 -0.69549402]
[-0.77377244 -0.78237637 -1.58826043  0.32973567]
[ 1.3643657   0.54954511  0.91120539  0.78308458]
[-0.7909795  -0.94464121 -0.19193096  0.60376532]
[ 0.99862346  1.13158084  2.25459077 -0.5173691 ]
[-0.26976313 -0.62635905  1.99253804  0.64044462]
[-0.78213167  1.16938643 -0.78559393  0.55311551]
[ 1.19814175 -0.91883537  1.0552902  -0.94358066]
[-0.65176316  1.06943999 -1.7372956   1.19121251]
[ 1.40655864  0.20922278 -1.25920825  0.6564235 ]
[ 1.37764432 -0.43058163  0.35622708 -0.06737697]
[ 1.44200264 -0.0054888  -0.60164401  0.4286224 ]
[ 1.32477952  0.11607461  1.00738929  0.72086168]
[-0.7484907   2.26397482 -1.15255857 -1.7125689 ]
[-0.80632707 -1.59935998 -0.39351611 -2.85101951]
[-0.79666887  0.7414749  -0.51896452  0.96757987]
[-0.77412081  0.17585428  0.25610774  1.11844156]
[-0.44568052 -1.43641701  1.40235158 -0.22135536]
[ 1.44590514  1.36668631 -0.3777457   0.71901834]
[-0.80052153 -1.10682723 -1.69362137 -1.13182808]
[-0.74068976  1.54848544  0.84416669 -1.50509689]
[ 1.41566285 -0.61229969 -0.90820445 -2.27101178]
[-0.6439245  -1.11777392  0.83750864  0.46575707]
[-0.60903725 -1.82635953  0.64028228 -3.72211597]
[ 0.35448398 -1.40385648  2.12921481 -0.67311342]
[-0.64385373  2.17543    -1.69280593 -0.82150983]
[-0.80566875 -0.77499814 -1.02428897  0.66609601]
[-0.69436382  1.8696455   1.17789065 -2.8794327 ]
[ 1.33182661 -0.1093621  -1.91702117 -0.44115854]
[-0.71629026 -0.20392286  0.67575063  1.12897279]
[ 0.95433863 -0.98544428  1.62330935 -0.71467021]
[ 1.1931424  -0.24623597  1.44285442  0.54549149]
[ 1.38283024  1.04121456  0.88991934  0.49662366]
[-0.49189651 -1.63318343  1.15218346 -1.09225539]
[-0.74025012 -0.69045898  0.3857391   1.00964601]
[ 1.30462388 -0.26666241 -2.12024319 -1.47266117]
[-0.73691169 -1.15342499  0.30871642  0.28550972]
[-0.81600789 -1.38008738 -0.53071061 -1.08944019]
[ 1.41570724  0.69710781 -1.05094922  1.06835839]
[-0.83278869 -1.36673693 -0.94176039 -1.61800866]
[-0.79278439 -1.19657586 -0.21494755 -0.04345923]
[ 0.9018255   0.34050815  2.2925108   0.38718009]
[ 1.43183818  0.51395092  0.25718857  0.8783734 ]
[ 1.34563444  0.10050685 -1.75813365  0.31278633]
[-0.73156962  1.24984433  0.87944917 -0.76011984]
[-0.7601108   0.75258696  0.53863796  0.40156629]
[-0.80388179  1.76504146 -0.4718136  -0.94615112]
[ 1.052389   -0.74402433  1.65907507  0.03874976]
[-0.7920838   1.40495229 -0.65930192  0.04079517]
[-0.0484463   0.30740422  2.55282734  0.15149068]
[ 1.41909808 -0.48574082 -1.01126263 -1.48689477]
[-0.60952302 -0.14269345 -2.29572947  1.28131237]
[-0.80218704  1.10962631 -0.13879652  0.23168805]
[-0.8042023  -0.69928297 -0.48619911  0.95392155]
[-0.79832337  0.74197502 -0.07554893  0.74529334]
[-0.8010122  -0.21251331 -0.566041    1.35290212]
[ 1.27348287 -0.50862405  0.98507718  0.08817558]
[-0.58919894  1.0293065   1.54975972 -0.69208002]
[ 0.40509356 -0.79294274  2.42097643  0.4143354 ]
[ 1.41066308 -0.58663428 -0.26648653 -1.09318969]
[-0.77430776  0.31723458 -0.99425861  1.43793859]
[-0.81862722 -1.08349474 -1.2013286  -0.34548504]

Populations

0.0754802335251
0.304598765377
0.358324632527
0.261596368571

State labels

0
1
2
3
