Cluster centers 

[ 1.30059741  0.88029434  0.31542827  0.85710552]
[-0.77171365 -1.30762888  0.46845244  0.01303531]
[-0.79188533  1.21721046  0.94352302 -0.86764449]
[ 1.30152374  0.0361917  -0.49202773  0.56700171]
[-0.84499837  0.63971211  0.54046193  0.53449393]
[ 0.78782736 -0.86603349  1.89332526 -0.10302067]
[ 1.26066162 -0.34870925 -1.418207   -1.22137358]
[-0.86689951 -1.57697937 -0.58131759 -2.37058643]
[-0.82462098  1.06107328 -1.19103832  1.22405171]
[-0.89500482  1.78175084 -0.61549948 -0.66231369]
[ 1.25788233 -0.32323803  0.3617515   0.14986189]
[-0.85061839 -0.37433422  0.27277105  1.21153936]
[-0.8944274  -0.89565483 -0.94142591  0.54236942]
[-0.59440811  1.09279956  1.68187787 -1.20525072]
[-0.91298534  2.41559017 -0.47337979 -3.04846384]
[ 1.23704059  0.24143718 -1.32032261  0.79386791]
[ 1.14563852  0.98657235  1.44923657  0.11119758]
[-0.87010222  0.14692257 -0.81195441  1.58972613]
[ 1.29397382 -0.34056584 -0.47430383 -0.30819928]
[-0.89375751  1.34700522 -0.00989064 -0.25839027]
[ 1.03462392 -1.05984938  0.87708311 -1.54529299]
[ 1.14860204 -0.322501   -2.39787889 -3.20043802]
[-0.66665849 -1.07280259  1.08846865  0.51688031]
[ 1.11723494  0.11784428  1.4443677   0.54340147]
[ 1.26851479 -0.22526525 -1.25073345 -0.45700979]
[-0.89806927  1.93695753  0.04032631 -1.94392353]
[-0.91128831 -1.3088741  -1.29411799 -1.55961316]
[-0.88459899  0.44749867 -0.11321798  1.14945086]
[-0.88294334  1.17108168 -0.60003424  0.61985888]
[ 1.24225229  0.1617812   0.79297378  0.7118759 ]
[ 1.21619934  0.75295598 -1.2741281   1.35228177]
[-0.80823728 -1.70168032 -0.36264502 -3.7164215 ]
[ 1.06890514  0.17545568 -2.27267582  0.42170832]
[ 0.98443511  1.26348074  1.94173856 -0.7584304 ]
[-0.88690913 -0.77056858 -0.41870027  0.93613121]
[ 0.83345908  1.77222276  2.04535532 -2.18952066]
[ 1.15756644 -0.38213794  1.03984941  0.24878518]
[-0.76304879 -0.01206842 -1.77863411  1.62988913]
[-0.46357187 -1.76573615  1.11020962 -1.67204378]
[-0.77871878  1.88878518  0.85094413 -2.78805446]
[-0.76173895 -1.49060407  0.38470478 -0.635577  ]
[-0.61002961 -1.81874975  0.57907558 -2.61199649]
[-0.89503438 -1.20215547 -0.67573148 -0.22092176]
[ 1.08429001  2.68109789 -1.4432989  -0.45117301]
[ 1.27732871 -0.57821006 -0.83322704 -1.77547262]
[ 1.24952346 -0.53714467  0.21317097 -0.43747989]
[-0.88908194  0.8473674  -0.35559799  0.8975467 ]
[-0.8690475   1.37121291  0.39807378 -0.71774908]
[ 0.00532538 -0.92045896  2.27150153  0.27037734]
[ 1.16425247 -0.12838981 -2.06660425 -0.69532115]
[-0.54294292 -1.41890641  1.26432543 -0.16839404]
[-0.75701154 -0.17147073  0.98209033  0.96371054]
[ 1.28827946 -0.10278853 -0.89275497  0.14795198]
[-0.88395886  0.98241394  0.10656514  0.34059253]
[-0.88764181 -1.351519   -0.61388936 -0.8052654 ]
[ 1.17978182 -0.31315421 -2.10863913 -2.07245064]
[-0.83936846  1.62818001 -1.12493294  0.26554956]
[-0.85092443 -1.31182198 -0.10511193 -0.23932585]
[-0.67181301  0.7571473   1.44125977 -0.30399971]
[ 0.72020791  1.05079532 -2.43286937  1.58782452]
[-0.73195144  1.37314938 -1.66326779  1.17065928]
[-0.80968668 -1.55523039  0.02468049 -1.21411833]
[ 1.30022648  0.30497859  0.1538349   0.86849961]
[ 0.17867335  1.10737415  2.55742665 -1.57596777]
[ 0.82089349 -0.29944926  2.0841515   0.36698625]
[-0.88318627 -0.18212391 -0.21032639  1.37273453]
[ 1.29525034 -0.21852898 -0.18025608  0.15880516]
[-0.89936596  1.71376954 -0.03320354 -1.1543395 ]
[ 1.29006669  1.52844985  0.35604561  0.25443283]
[-0.77496737 -0.70723785  0.73843971  0.95261517]
[-0.79417937 -1.08736601  0.45891425  0.50909905]
[ 1.2282701   0.01563763 -1.53014659  0.20664947]
[-0.77976393  1.54567042  0.95005883 -1.7493614 ]
[ 1.21921049  2.08061182  0.85459828 -1.33400141]
[-0.85538948 -0.85589278  0.06925935  0.85038876]
[-0.87588119 -1.09869761 -0.29608501  0.30878418]
[ 1.24781753  0.7267406   0.89598929  0.65851661]
[-0.88081617 -0.43472171 -0.88290306  1.32153223]
[-0.72322881  0.3513934   1.22665752  0.43887744]
[-0.89073774  2.1713189  -0.82259709 -1.55480639]
[ 1.27946338 -0.04686619  0.30784614  0.56198704]
[-0.84644396 -0.64881055 -1.5959583   0.80322291]
[ 1.28342403 -0.49806279 -0.54465922 -0.9442052 ]
[ 1.08816298 -0.77732785  1.07662041 -0.45671823]
[-0.84177998  0.23079385  0.50526058  0.97740454]
[ 0.42217197 -1.34006388  1.97685064 -0.74385351]
[-0.86253568  0.65875563 -0.86115454  1.41076147]
[-0.41192448  0.00982662  2.03530778  0.31957394]
[-0.82827737  0.94673789  0.70967933 -0.08898458]
[-0.50185398 -1.64118528  1.18484594 -0.95059522]
[ 1.29992896  0.8260225  -0.40804189  1.13476191]
[-0.53074747 -0.7047624   1.64755066  0.68264099]
[-0.8919341  -1.04487264 -1.39325008 -0.25274797]
[-0.89369413  1.39420471 -0.46132339  0.0804962 ]
[ 0.63656502  0.38401188  2.42700663 -0.0287624 ]
[ 1.21232616  1.68743668 -1.02165652  0.96421683]
[-0.69860562 -1.70780177  0.46018288 -1.73282897]
[-0.88055658 -1.48095707 -0.56572071 -1.48733229]
[-0.7725175   2.14260321 -1.48874296 -0.52479337]
[ 1.29898203  0.31952351 -0.54369728  0.94178512]

Populations

0.152655692978
0.150268312911
0.263950333175
0.433125660936

State labels

0
1
2
3
