Cluster centers 

[-0.8349153   0.49880772 -0.55669251  1.34506672]
[ 1.35632039  0.53062949  0.42486897  0.83794589]
[ 1.32543438 -0.37675505 -1.51072148 -1.26252082]
[-0.82996938 -1.24005186 -0.26142531 -0.09583204]
[-0.83005972  1.1087487   0.3021332  -0.10046751]
[-0.42707721  0.47818584  1.98206379 -0.18733472]
[ 1.36702542 -0.10916733 -0.58435679  0.24873148]
[-0.85397312  1.70170336 -0.06685224 -1.24770902]
[-0.87413654 -1.46775439 -1.15032962 -2.17883319]
[ 1.26951306  1.55209313  1.18877415 -0.54001129]
[-0.61189976 -0.92627213  1.21162996  0.64717928]
[ 1.12471311 -0.59782503  1.32207659 -0.01232836]
[-0.83011373 -0.54774662 -1.1130209   1.12623606]
[ 1.24652478 -0.78141903  0.49646445 -0.94248052]
[ 1.25193504 -0.09202456 -1.92922371 -0.28947233]
[ 1.23124282  0.98162614 -1.45683501  1.38464999]
[ 1.36685075  1.53907302  0.14809165  0.36818056]
[ 0.30402376 -1.45036115  1.98237145 -0.8957911 ]
[-0.65492479 -1.68811371  0.5217151  -1.46596213]
[ 0.45236239 -0.45557175  2.49385672  0.31022253]
[-0.80800727  1.71583082  0.49988969 -1.99562926]
[ 1.36937738  0.27484649 -0.52963983  0.85523381]
[-0.71780234 -0.23081383  0.9786981   0.9824317 ]
[-0.86349767 -1.20133193 -1.21567041 -0.6563822 ]
[-0.83690368  1.24596985 -0.61812701  0.45485901]
[ 1.22347601  2.60393125 -1.33452461 -0.52810348]
[ 1.35387661 -0.39424819 -0.99876779 -0.84486429]
[ 1.25755523 -0.48508363  0.74561739 -0.03156767]
[-0.84243574 -0.12777319 -0.47644799  1.441656  ]
[-0.85650169 -1.44148726 -0.75402845 -1.3414234 ]
[-0.76893036  0.95590332  0.82929947 -0.23550935]
[-0.7993414  -0.17046061  0.44387186  1.15956262]
[-0.83681839 -1.04417313 -0.27237539  0.42009382]
[-0.50038684 -1.87793815  0.73252221 -2.75607787]
[-0.08617454 -0.93355287  2.21013126  0.31601414]
[ 1.28035246  1.09826384  1.12872326  0.21649496]
[-0.82241332  2.09091431 -1.01779449 -1.25982702]
[ 1.24205838  0.08995791 -1.78254007  0.38051707]
[ 1.17862744 -0.20090643 -2.46115928 -1.28208314]
[-0.85943109  2.1093179  -0.53347498 -2.05712207]
[ 1.36034276 -0.35969023 -0.45193333 -0.3263528 ]
[ 1.18417996 -1.02426641  0.42068074 -1.98442424]
[ 0.69607181  1.51012816  2.15692533 -1.87849113]
[ 1.15991553  0.11928271  1.5159709   0.49929157]
[ 1.32818011 -0.58288213 -0.02816227 -0.72743751]
[ 1.37520661  0.88831801 -0.14469134  1.01088276]
[-0.85311008 -0.9108896  -0.92973117  0.49642437]
[-0.84155949 -1.35761109 -0.47969763 -0.65552279]
[-0.81126785 -1.70165749 -0.51483221 -3.07072226]
[-0.80559342 -0.91219845  0.15289123  0.73970118]
[-0.79279163 -1.53662422 -0.09677131 -1.15624442]
[-0.43350761 -1.65855539  1.25151626 -1.04130008]
[ 0.7275489  -0.99474807  2.01862112 -0.24264945]
[-0.66529185  1.76035966  1.13835378 -2.93656009]
[ 1.26804196 -0.43438402 -2.07345495 -2.62075978]
[-0.54071526 -0.19378324  1.64698844  0.65791906]
[-0.66556061  0.99401255  1.3174395  -0.72556964]
[-0.7347153   0.64185526  0.99463237  0.20873883]
[-0.85102014  1.39564619 -0.09465272 -0.36793423]
[-0.76197733 -1.77871523 -0.39229905 -4.08416827]
[-0.76165005  0.12144746 -1.41921682  1.63620258]
[-0.81211872 -0.83303202 -1.68181694  0.2563156 ]
[ 1.35017024 -0.55780285 -0.55985191 -1.12124477]
[-0.84987504  1.71048969 -0.53794101 -0.70216546]
[-0.75004551 -1.21238022  0.43226397  0.1987652 ]
[-0.81617813  0.54955351  0.40162024  0.72936585]
[ 1.3451234  -0.16430005 -1.1257185  -0.1132804 ]
[-0.72190995  2.07108353 -1.56419605 -0.42613393]
[ 1.3452592  -0.26259477  0.10884406  0.16269778]
[ 1.33740765  2.03547437  0.56449828 -0.99852159]
[ 0.94411358 -0.4331975   1.93585175  0.28707051]
[-0.8604142  -1.20287342 -1.58136745 -1.11602801]
[ 1.31244216 -0.25981816 -1.59104612 -0.76334361]
[ 1.36391378  0.03370753  0.02746407  0.60477573]
[ 1.3451944  -0.58290928 -1.06560973 -1.89558806]
[-0.75007448 -0.74607578  0.64659993  0.90643085]
[-0.82536482  1.583914   -0.82008064 -0.05282008]
[-0.80967245  1.35280988  0.52700167 -0.89456126]
[ 1.29925523 -0.0954043   0.70964819  0.51362096]
[-0.85987127 -1.13321726 -0.92428823 -0.14386459]
[-0.7433139   1.26009358 -1.34713627  1.04144807]
[-0.84319178  0.79338462 -0.31117659  0.91691639]
[ 1.31318111  0.23967289 -1.28958472  0.77073491]
[-0.84720263 -0.75021122 -0.45283444  0.93414926]
[ 1.09937598  1.30408116  1.82513721 -0.72381638]
[-0.7373281  -1.45667993  0.344068   -0.53475912]
[ 0.93172728  0.76465375  2.1701567  -0.21406444]
[-0.83589525  0.14068378  0.02281703  1.25602448]
[ -5.49951382e-01  -1.33278030e+00   1.20861973e+00  -1.17748390e-03]
[-0.83079326 -0.47157171 -0.02716207  1.21613419]
[-0.74635334  0.35171596  0.92272504  0.63657596]
[-0.68157313 -1.76910492  0.29155125 -2.21962852]
[-0.64487879  1.30943514  1.35444346 -1.59200377]
[ 1.0014442  -1.06410092  1.32521259 -0.9932145 ]
[ 1.3188474  -0.48517352  0.21762011 -0.27693542]
[-0.85837809  2.2146822  -0.17857383 -3.10823381]
[-0.84370077  0.98175888 -0.00677696  0.40544814]
[-0.82500215 -1.60820659 -0.46319015 -2.03340637]
[ 1.28010869  0.3917782   1.03999675  0.67055037]
[ 0.65613854  0.17778429  2.47099865  0.12565938]

Populations

0.0114057326736
0.426451215225
0.261899625265
0.300243426836

State labels

0
1
2
3
