Cluster centers 

[-0.48591117 -1.38078595  1.31310174 -0.06363785]
[-0.81073719  0.35543727 -0.53991734  1.33434924]
[ 1.41282907 -0.16100912 -0.21782683  0.24831805]
[-0.82115066  1.7045741   0.15145619 -1.45008364]
[-0.70592077 -1.62553485  0.36971049 -1.35910295]
[-0.81872868 -1.12590415 -0.43792678  0.06703954]
[ 0.9177564  -0.2701328   2.04190416  0.49039176]
[ 1.40446789 -0.42526271 -0.75757055 -0.79935764]
[-0.80180115  1.05570179  0.23646408  0.08266615]
[-0.56227985  1.13297305  1.64914925 -1.13373385]
[-0.77164719  0.09937974 -1.26986036  1.55105671]
[ 1.37459441  1.81035901  0.70539501 -0.63026164]
[-0.72167311 -0.25614455  0.70053553  1.12701155]
[ 1.34604601  0.07749349 -1.58449643  0.28879574]
[ 1.27299455  0.04158596  1.13723517  0.663868  ]
[-0.7910305   1.94673412 -0.93127369 -1.00318185]
[-0.84521975 -1.44415221 -0.85909194 -1.78470532]
[ 1.39737013  0.12841664  0.28103574  0.71160417]
[ 1.38185739 -0.57658375 -1.20093544 -2.21095458]
[-0.7888941  -0.63506888  0.04360409  1.06377498]
[-0.80794745 -0.93600905 -1.48703579 -0.05350503]
[-0.80031418  2.07136378  0.46420724 -3.21075074]
[ 1.14090097 -0.69032153  1.34934281 -0.04966081]
[-0.80096109  0.04525192 -0.01214391  1.28700305]
[-0.35117869  0.52970959  2.03520214 -0.07165567]
[-0.68593764 -1.34793123  0.591071   -0.12388144]
[ 0.57932871 -1.31581986  1.94941844 -0.75187244]
[ 1.40994871  0.47820578 -0.85621806  0.96244492]
[-0.8119469   1.17024277 -0.45551193  0.37552737]
[ 1.24243571 -0.28571058 -2.30843318 -1.72923149]
[-0.73877867  1.3532899  -1.25847161  0.64664797]
[ 1.20958367  1.65866886 -1.81474902  1.15693511]
[-0.74432859 -1.7831969  -0.00506669 -3.49851902]
[-0.81969178 -0.70278431 -0.56098211  0.92387307]
[-0.77250244  0.6962105   0.50242264  0.50999415]
[ 1.38341192 -0.18301098 -1.29408681 -0.31805632]
[ 1.37458632 -0.50568211  0.10783607 -0.40206634]
[ 0.57559842  1.38856851  2.57115039 -1.81937781]
[-0.8171901  -1.47653724 -0.42012963 -1.35428806]
[-0.39998478  2.33680232 -1.60247698 -1.12400428]
[-0.64624548  1.53567263  1.38585439 -2.13423244]
[ 0.61446106 -0.86748489  2.22584768  0.20473989]
[-0.78708728  0.38593357  0.28166931  0.97846718]
[-0.83449322  2.00375669 -0.12491992 -2.16217636]
[ 1.35834    -0.30057547 -1.56999936 -0.99812446]
[ 1.26251816 -0.41814392 -2.26408793 -2.99467292]
[-0.81154948  0.82590466 -0.365455    0.83987865]
[-0.73445463  1.21925226  0.91746321 -0.79376346]
[ 1.40415464 -0.01277681 -0.98984873  0.27959302]
[-0.50824947 -0.27045016  1.5908001   0.8324028 ]
[ 1.13550189  0.25479761 -2.40986997  0.50257361]
[-0.80914988 -0.40546263 -0.97203069  1.22446787]
[ 1.2729505  -0.08450352 -2.08226057 -0.43812133]
[-0.82410636  1.63487196 -0.29866177 -0.78781234]
[-0.66557655  0.86619716 -1.75608404  1.46792131]
[-0.79966528 -0.69914581 -1.3880531   0.66027324]
[ 1.41135747 -0.31759341 -0.51686581 -0.2606296 ]
[ 1.11139783  1.29494071  1.88662361 -0.62843038]
[ 1.32115099  0.67914906 -1.5584146   1.13500857]
[-0.81342062 -0.22235062 -0.41429173  1.34657717]
[ 1.37460464 -0.23342935  0.34391563  0.30677259]
[ 1.4200509   1.4424288  -0.26091396  0.62171529]
[ 1.21307643 -0.86930265  0.91002163 -0.81958749]
[-0.65126718  0.42582022  1.21809148  0.48179145]
[ 1.36515604  0.91516942  0.83633431  0.56900689]
[-0.83527912 -1.19328281 -1.40449179 -1.06453717]
[-0.57291473 -0.17503175 -2.43091627  1.14423946]
[ 1.42263918  0.59901692  0.02010804  0.94216685]
[-0.80590963 -1.62701103 -0.36210715 -2.40409874]
[-0.71572598  0.19399992  0.83650573  0.89397584]
[-0.73978328 -0.24174981 -1.706101    1.29458475]
[-0.15291235 -0.82485341  2.10506906  0.5867883 ]
[-0.79167443  1.58978076 -0.85750271 -0.14754776]
[ 1.29910668 -0.4345636   0.79818571  0.13328969]
[-0.76671713 -1.45062624  0.05962338 -0.7606441 ]
[-0.6127411  -1.05001453  1.02063087  0.57201853]
[ 1.17182951  0.654608    1.68177322  0.38805618]
[-0.56553647 -1.79363435  0.80756569 -2.07013763]
[-0.42374034 -1.66932286  1.29739984 -1.0730805 ]
[ 1.36931686 -0.72529903 -0.24046108 -1.58602869]
[-0.7774722  -1.27210094  0.02670097 -0.12972658]
[-0.69532041 -0.73796755  0.7305618   0.9437373 ]
[-0.80554503  1.30522242  0.26078156 -0.46286551]
[-0.75337246  1.5069462   0.83975419 -1.523622  ]
[-0.7901615   0.49219148 -0.95494061  1.39357494]
[-0.74226236 -1.06344928  0.35875274  0.48951483]
[-0.79070211  1.80085652  0.59489558 -2.26514572]
[-0.82063998  2.34904671 -0.730327   -2.74440641]
[-0.78391037 -0.27537678  0.17508503  1.24974288]
[-0.79968379 -0.95305898 -0.13677199  0.59147204]
[ 1.42363726  0.15824662 -0.50619914  0.68599281]
[-0.83656881 -1.1746868  -0.90435635 -0.41721883]
[-0.82507267  1.91788257 -0.46262927 -1.45341165]
[ 1.3875474  -0.44914538 -1.18635319 -1.34526558]
[-0.82283108 -1.32881972 -0.48321427 -0.67833424]
[-0.8051589   1.48302457  0.33190038 -0.97669713]
[-0.69800055  0.88654159  1.06834473 -0.16743358]
[-0.81141819  0.48690644 -0.18824521  1.10719769]
[-0.82082452  1.37779703 -0.26775738 -0.1863133 ]
[-0.82711056 -0.90040132 -0.82774649  0.46691978]

Populations

0.280198748642
0.266419438979
0.424761859117
0.0286199532624

State labels

0
1
2
3
