Cluster centers 

[ 1.21160246 -0.72658452  1.00604468 -0.36066268]
[-0.81526855  0.75672903 -0.49869249  0.98101772]
[-0.7815004  -1.43149658 -0.01104999 -0.77164421]
[ 1.39396251 -0.31722081 -0.21502729 -0.09979532]
[-0.83001938  1.64461494 -0.29732688 -0.74438151]
[-0.81804708 -0.85844808 -0.35525163  0.74804561]
[ 1.05018685  0.22949696 -2.65379857  0.41618739]
[ 1.17827022 -0.13114866  1.43848892  0.58900474]
[-0.68124682  0.89429978  1.19107956 -0.26596499]
[ 1.38661118 -0.06674606  0.18558266  0.52169416]
[ 1.395779    0.08937604 -0.98394175  0.50742098]
[-0.58832082  1.1832061   1.59951905 -1.17860217]
[ 1.36882145 -0.64017685 -0.54029206 -1.77895181]
[-0.69244258 -0.70280879  0.78996033  0.96257169]
[ 1.36890219 -0.30676962 -1.38312879 -0.99040523]
[-0.79354169  1.97778183 -0.96349412 -0.94728938]
[ 1.35419122  2.10382067  0.77233029 -1.22435498]
[-0.69242308 -0.32375823 -2.03237799  1.12539155]
[-0.74132922 -1.73598095  0.0567772  -3.50747507]
[-0.71679051 -1.59800978  0.34251726 -1.33810267]
[-0.79183273  0.16015508  0.24596382  1.12682696]
[-0.85053373 -1.31116074 -1.25457152 -1.76736214]
[-0.59466414 -1.50365095  0.92901022 -0.51527337]
[-0.82022626  1.0532088  -0.06718005  0.30213281]
[ 1.37154616  1.36251316  0.70197388  0.21689226]
[-0.82751414  1.77167216  0.16238212 -1.5505099 ]
[ 1.29147676  0.77057618 -1.63025682  1.24357038]
[-0.81552437 -0.20875469 -0.63810818  1.38137685]
[-0.81723808  1.4158983   0.22176136 -0.65553635]
[-0.8323836  -0.95076943 -0.89754028  0.33558401]
[ 0.71335048 -1.39958533  1.75625764 -1.47568865]
[-0.76660947  1.6399423  -1.12876988  0.02902883]
[-0.74198863  0.18775362 -1.4966356   1.55065263]
[ 0.49637069  1.35136391  2.61459567 -1.72077046]
[ 1.33232725 -0.63505946  0.25482617 -0.7332917 ]
[ 1.2529148  -0.33623628 -2.1995834  -2.57856905]
[-0.72475122  1.61727237  1.03983003 -1.93053152]
[ 1.28486175  0.69915809  1.208618    0.57285206]
[ 1.31865454  0.13533868 -1.70818029  0.40050581]
[ 0.95478717  0.26480603  2.10028961  0.40218543]
[-0.56614331 -1.76518263  0.82364928 -2.09113352]
[-0.78633891 -1.03152998  0.05504876  0.51863339]
[ 1.39631408  0.55057477  0.33764563  0.87115624]
[-0.83570619 -1.32707663 -0.61299352 -0.84125566]
[-0.33078154  0.4269701   2.07781265  0.03243182]
[-0.84025394 -1.16886993 -0.88001634 -0.38521831]
[ 1.38118551 -0.11782195 -1.1995587  -0.08285059]
[ 0.98359675 -1.03579314  1.57240937 -0.65869204]
[-0.78171853 -1.23587722  0.05139535  0.00740045]
[-0.27823162  2.61027463 -1.54957097 -1.72202402]
[-0.81022898 -1.58706346 -0.34969073 -2.38021309]
[-0.81316564  0.69774313  0.0102078   0.76840511]
[ 1.17104777 -0.57353525  1.26438232  0.11547204]
[ 1.12699932  1.32252499  1.81166238 -0.57210288]
[-0.76346722  1.32172441  0.7816108  -0.89600531]
[-0.82231844  1.41628791 -0.41453049 -0.11739849]
[-0.79921956  1.09066042  0.38051932 -0.08351025]
[ 1.35850161  2.10953122 -0.71123205 -0.02993896]
[-0.68477191  1.97279561  1.27856682 -3.44471041]
[-0.67209853 -1.11472565  0.76876656  0.47270095]
[ 1.39169471 -0.41667486 -0.91219699 -1.02485138]
[ 1.41341724  1.33008546 -0.31239635  0.79570895]
[-0.64057145  0.12611211  1.23721603  0.75175247]
[ 1.32270374  0.11261299  0.84565318  0.71604121]
[-0.71931367  0.94829879 -1.4316697   1.28423028]
[-0.80029468  0.33519602 -0.87578421  1.43956564]
[-0.80051515 -0.35792063 -0.00270849  1.25106428]
[ 0.65104435 -0.72398242  2.19838471  0.31800816]
[-0.84013741 -1.18038233 -1.37789554 -1.04824231]
[-0.39858778 -0.58446784  1.78479722  0.7439582 ]
[-0.83122329  2.47647935 -0.73382616 -2.95433969]
[-0.80411724  1.19154965 -0.74979624  0.55102878]
[-0.83151681 -1.45232945 -0.52655864 -1.48879178]
[-0.80827034 -0.63848471 -1.20646992  0.88272575]
[-0.71869502 -1.32804399  0.46317868 -0.10155622]
[-0.73288361 -0.10325992  0.7095818   1.07301772]
[ 1.41722672  0.43352663 -0.36544219  0.94765506]
[-0.67545902  2.19466554 -1.66109213 -0.74086596]
[-0.6917694   1.40184503 -1.55064282  0.80742342]
[-0.80856184 -0.92436244 -1.52998167 -0.0445899 ]
[-0.15321573 -1.55748004  1.84438391 -0.64870449]
[ 1.37985173  0.37985558 -1.12922509  0.92304444]
[ 1.24221438  1.62465462 -1.67392351  1.15582305]
[-0.77578566  0.59892477  0.52813091  0.60025177]
[ 1.28402949 -0.09532992 -1.9824903  -0.49111787]
[ 1.3376262  -0.38116335  0.47808367  0.09853427]
[-0.81615268 -1.26100004 -0.31569326 -0.28585969]
[-0.82132381 -1.08057145 -0.39339385  0.24330836]
[-0.77178652 -0.8028212   0.23829141  0.89699828]
[ 1.29988726 -0.27718968 -1.94013642 -1.46494534]
[ 1.41144535 -0.00550398 -0.46338286  0.46934161]
[-0.50425056 -1.3556387   1.29987713  0.00985077]
[-0.40552836 -1.69697523  1.33254117 -1.26670607]
[-0.82637521  2.06337342  0.28577536 -2.66144886]
[-0.81563906  0.2813108  -0.33489852  1.28713144]
[-0.73160382  0.6579346   0.87897062  0.32098347]
[ 0.43094026 -1.27253035  2.15121904 -0.3674782 ]
[ 1.39746764 -0.37897835 -0.60648741 -0.56432106]
[-0.82189854 -0.60512071 -0.53819959  1.08221859]
[-0.83124959  1.954912   -0.46753373 -1.42840608]

Populations

0.0269547163974
0.434474654591
0.237872336771
0.30069829224

State labels

0
1
2
3
