Cluster centers 

[ 1.70678941 -0.795462   -3.57064643 -2.32226254]
[-0.6456398   1.08069636  0.05898414 -0.0349537 ]
[ 1.6739166  -0.29053523  0.65097243  0.06078773]
[-0.58823477 -1.25482129  0.53556392 -0.17718656]
[ 1.8704805   1.31877005 -0.5302972   0.8699714 ]
[-0.5732317  -0.52868717 -0.78952945  1.14491444]
[-0.6572545   1.61028866 -0.20649661 -2.94242447]
[-0.65619926 -1.65586122 -1.25020976 -1.68753881]
[-0.63607522  0.53033182  0.44909786  0.83576546]
[ 0.24378036 -0.9626323   2.38444564 -0.32154998]
[ 1.86408779  0.09516257 -0.59537275  0.63885546]
[-0.54557381  1.24410523 -0.87109522  0.46521865]
[ 1.54797253  1.35363588  1.26241476 -0.66593151]
[-0.51749142  0.14894026  1.5629065   0.55948726]
[-0.64624483 -1.37564204 -0.49540927 -0.53215147]
[-0.64128691 -1.87094278 -0.65963934 -2.35372133]
[-0.45268048  1.18716753  1.33017722 -2.00598019]
[ 1.71156862 -0.93318141 -0.33092563 -1.52328453]
[ 1.86061067 -0.41311741 -1.41466565 -0.34919511]
[-0.6326834  -0.5583785   0.15688338  0.99028668]
[-0.58733937 -0.41214567  1.04430837  0.85799508]
[-0.39493815  1.19816601 -1.40472512  1.10820281]
[  1.41412942e+00  -3.04396398e-01   1.53195600e+00  -7.19978651e-04]
[-0.62799259 -0.96312189 -0.51044459  0.44392134]
[-0.64619221  1.6569535  -0.8047874  -1.83381259]
[-0.61725738  1.28133399 -0.49999473 -0.10486711]
[ 1.82813845 -0.73207643 -1.14103133 -1.19939814]
[-0.63719541 -1.19831847 -0.66647075 -0.09120539]
[-0.22772724 -0.19219556 -2.15260024  1.59120716]
[-0.59117636  0.9441711  -0.44242073  0.80327598]
[-0.43214426 -1.75176236  0.67080679 -1.6639488 ]
[-0.4633805   0.74458061  1.6452329  -0.50698512]
[ 1.02871045  0.77384349  2.31717705 -0.44591232]
[-0.61424669  1.12512226  0.74045741 -0.98053318]
[-0.62131325 -0.01728341  0.02023365  1.33132011]
[ 1.7431471   0.07996749 -2.27680352  0.81510217]
[ 0.94330383 -0.59441588  2.23675303 -0.15727376]
[ 0.93977776 -1.31679048  1.62340435 -1.50511397]
[ 1.80308091 -0.23794528 -0.11192567  0.12060303]
[ 1.65380674  1.79318629  0.6461966  -1.47868558]
[ 1.86216888 -0.05252417 -1.31129902  0.44705248]
[-0.5333305  -0.95463139  1.12327295  0.30722648]
[ 0.42515513  1.17284057  2.22010151 -2.01791849]
[-0.34832257 -1.2454596   1.53878416 -0.33522951]
[-0.61480997  0.5572878   0.91492135  0.47390244]
[ 1.68114705 -0.64124985  0.27015035 -0.6004279 ]
[-0.46090831  0.20047285 -1.11725976  1.70283627]
[-0.47598042  1.54664209 -1.39539135  0.03321457]
[ 1.85550738  0.48997043 -0.16646928  0.89723813]
[-0.56739789 -0.93187355 -1.25579693  0.43705233]
[-0.65812738  1.33484615  0.10408283 -1.26097826]
[ 1.77823368  1.44965397  0.37976105 -0.00577441]
[ 1.83993782  0.70516621 -1.29030871  1.28889276]
[ 1.76738041  0.0668406   0.39300267  0.4936687 ]
[ 1.59803855  0.6599061   1.28939045  0.35305531]
[-0.64091043  0.78676883  0.42679262  0.40503162]
[-0.61784828  1.56297478 -0.84548723 -1.00277449]
[-0.6553377   1.2452072   0.08002418 -0.70661509]
[-0.64190399  1.33764359  0.36209693 -1.61203959]
[-0.62895929 -0.28484142  0.50601807  1.10308273]
[ 1.83918435 -0.83966517 -1.78121637 -1.80001414]
[-0.59608542 -0.24951131 -0.39052774  1.36300964]
[-0.61514983 -1.50194274  0.06619548 -0.8284743 ]
[-0.55433111  1.8844128  -1.63763197 -1.9287888 ]
[-0.64947721 -1.675829   -0.58509156 -1.52225195]
[-0.63713815 -1.13778097 -0.02702451  0.09156272]
[ 1.77433653  0.57352161  0.54308908  0.70587366]
[-0.50871828 -1.44001448  0.84326757 -0.64861131]
[-0.63426494  1.391467   -0.49350915 -0.60223496]
[ 1.79526813 -0.63356295 -2.70601923 -1.2993438 ]
[-0.62064624  0.5927833  -0.02687936  1.05960639]
[-0.41828868  0.29184525  1.90342406  0.21674441]
[-0.62581329  1.39733472  0.41619797 -2.13865784]
[-0.61988554 -0.75537874  0.52204945  0.69339508]
[-0.46914574 -0.57278623 -1.5156112   1.07302353]
[ 1.75089314 -0.67456908 -0.18925074 -0.77851338]
[-0.57171076 -2.07499838 -0.51860607 -3.37942916]
[ 1.60471625 -0.0463012   1.10115045  0.30034496]
[-0.24891662  0.67771401  2.17912452 -0.68855302]
[-0.62590637  0.88762936  0.73435077 -0.12292856]
[ 1.83607666 -0.57915968 -0.9133542  -0.70275446]
[ 1.81006414 -0.18935767 -2.08212382  0.16766896]
[-0.65220764 -1.52489273 -0.74520305 -1.03754675]
[ 0.67383874 -1.12410454  2.0625385  -0.80744212]
[-0.2996157   0.82985434 -1.58696734  1.76440458]
[-0.63200946  0.17478648  0.53272934  1.0917314 ]
[ 0.5791034  -0.23745077  2.52139768  0.11398929]
[ 1.44342404 -0.79024073  1.04451453 -0.70778946]
[-0.6607681   1.44391418 -0.23241051 -1.33474119]
[-0.63160576  0.96103536 -0.05420298  0.42338068]
[-0.63052398 -0.76897108 -0.21106825  0.77049708]
[-0.60510803 -1.26855015 -1.38234636 -0.43435169]
[-0.43978451  1.78077027 -1.72626648 -0.65863626]
[-0.50776779 -0.55310058  1.43835239  0.65041588]
[-0.60230144  0.09489399  1.02037466  0.89634854]
[-0.5798774   0.67454081 -0.42124279  1.21953899]
[-0.57765847  0.31565164 -0.4141623   1.48008493]
[ 1.85621334 -0.30243636 -0.8789177  -0.03655974]
[ 1.83418312 -0.46220361 -1.99693904 -0.56125945]
[-0.5463029   1.53448453 -1.13807967 -0.32263622]

Populations

0.0315009131193
0.231333557382
0.0352249543798
0.701940575118

State labels

0
1
2
3
