Cluster centers 

[ 1.24684731 -0.21576066  1.39440773  0.54194994]
[-0.78730205  0.91490955 -0.17788882  0.60423219]
[-0.78701096 -1.29108486 -0.39917663 -0.50198343]
[ 1.45786896 -0.39932109 -0.50067194 -0.54298431]
[-0.78548129  1.35803809  0.16206547 -0.51593946]
[-0.79062444 -0.70642409 -0.49852751  0.9270518 ]
[ 1.47532215  0.190972   -0.55146629  0.73245301]
[-0.6181965  -1.86725642  0.37251912 -3.99173152]
[-0.80262103  2.03121054 -0.26629537 -2.08794043]
[ 1.3709667  -0.58069424  0.54085849 -0.31324802]
[ 1.26778794 -0.27255001 -2.55469625 -2.30904629]
[ 0.78625723 -0.35760836  2.35348178  0.5360892 ]
[-0.45519565 -1.31099223  1.36323426  0.09535983]
[-0.52091051  0.1045566  -2.45150146  1.47505736]
[ 1.3880935   0.8511485  -1.43935219  1.18242775]
[ 1.40779217  1.35147354  0.91385975  0.07415452]
[ 0.0069626   1.14324944  2.60011277 -1.71796755]
[-0.62366016 -1.47238178  0.68832206 -0.50315585]
[-0.74205     1.92093469 -1.06541853 -0.74756116]
[-0.67844122  0.63520022  1.02525344  0.26352105]
[-0.7206916   1.63638673  0.85417647 -1.98721972]
[-0.78527452  0.06105594 -0.47357509  1.38674104]
[-0.71979433 -1.05208605  0.34306673  0.50016532]
[ 1.3875631  -0.13011255 -1.76171173 -0.4813563 ]
[-0.62773253  1.44382229 -1.68846161  0.82823174]
[-0.77635772 -0.9317839  -1.56711726 -0.14708601]
[ 1.42515117 -0.30691856  0.24177864  0.13776646]
[-0.7391243   2.01209791  0.68958006 -3.2646173 ]
[ 1.48007582  1.50829468 -0.16877014  0.53101158]
[-0.47588336 -1.74590277  1.02613295 -1.63608248]
[-0.71652412 -0.46484421 -1.77031221  0.93825292]
[-0.55437047  1.10702548  1.62175925 -1.10055704]
[-0.72793586  2.26401064 -1.22967479 -1.6403905 ]
[-0.72429925 -0.55766605  0.43942853  1.06465083]
[ 1.09758927 -1.1273427   1.26086508 -1.35026051]
[ 1.42449976 -0.67636392 -0.40827628 -1.62527675]
[-0.70673688  1.20406607 -1.30366706  0.94738908]
[-0.79575111  1.66303735  0.08067432 -1.26373591]
[-0.77244872 -0.94135634 -0.13364037  0.60878585]
[-0.8106172  -1.3988671  -0.79725152 -1.47295035]
[-0.78201075 -0.6019931  -1.12672538  0.9244323 ]
[-0.68142611  1.0022853   1.05280807 -0.43174122]
[ 0.82098912  0.33354242  2.5048586   0.22753355]
[-0.72913456 -1.5124213   0.06703402 -1.091814  ]
[ 1.45630591  2.17959336  0.45654094 -1.18406889]
[ 1.17960812  0.25838391 -2.46711084  0.49519304]
[ 1.38234272  0.03877502 -1.747479    0.09751382]
[-0.77723891  1.05900312  0.23341064  0.06797609]
[ 1.44542067 -0.05230998 -1.18936887  0.09262588]
[-0.72449454 -1.25444361  0.21818991 -0.01056755]
[-0.41439687  0.63752138  1.97982791 -0.30151812]
[-0.77650612  0.40589082  0.07140781  1.05204144]
[-0.36093585 -0.12822924  1.96408745  0.59692202]
[ 1.15510073  1.61356923 -2.2086468   1.42260254]
[-0.01820998 -1.53524049  1.82765682 -0.70194597]
[ 1.40412133  0.03066207  0.65970673  0.64922657]
[ 1.11449477  1.19714079  2.06144506 -0.61257494]
[-0.7979457  -0.87057757 -0.80546749  0.53506475]
[-0.78416485  0.69677241 -0.35821034  0.9924021 ]
[-0.8009431  -0.97392628 -0.96650455  0.18207868]
[-0.76751102 -1.57844399 -0.2625383  -1.89311526]
[-0.79236209  1.3394511  -0.24392732 -0.12109502]
[ 1.46872064 -0.11968078 -0.45631035  0.23501385]
[-0.75144042 -0.0759148   0.29973708  1.21018794]
[-0.76670459  0.70593097  0.30201105  0.60394174]
[ 1.47694488  0.59838159 -0.45781013  0.99897019]
[-0.7696836   0.32211048 -0.82313156  1.44880995]
[-0.733423    0.37488838  0.59815764  0.83093209]
[-0.61790475  2.23155434 -1.73686954 -0.82150994]
[ 1.21067351 -0.73984857  1.22677397 -0.23132572]
[ 1.29175694 -0.44607422  1.06778006  0.2226178 ]
[-0.73522293  1.31391603  0.76165531 -0.93662672]
[-0.77497264  1.31773061 -0.6388465   0.25628076]
[ 0.09606662 -0.95024281  2.3057      0.41771475]
[-0.80651022 -1.17239439 -1.25040082 -0.83272078]
[ 0.81436675 -1.0282423   2.01667945 -0.20870455]
[-0.79551012  1.83588209 -0.41392251 -1.2398112 ]
[-0.62806536 -1.15372872  0.81638064  0.36723236]
[-0.76448784  1.14488382 -0.79674479  0.67366837]
[ 1.1050264   0.44605661  2.00971347  0.35850064]
[ 1.46337564  0.36727955  0.16609228  0.78527352]
[ 1.17544979  0.82708972 -2.36865047  1.43225574]
[-0.78614951 -1.10215706 -0.34737301  0.16285226]
[-0.79502097  1.62766174 -0.31129608 -0.75155432]
[-0.61862011 -0.00688676  1.19066374  0.86938751]
[-0.7777156   1.55329412 -0.65821376 -0.22751324]
[ 1.32424099  0.43329504  1.27374329  0.66636993]
[ 1.41288133 -0.57496079  0.14012598 -0.60547129]
[ 1.29503461 -0.15786412 -2.35123433 -1.12289367]
[-0.6307582  -0.63949228  0.98246474  0.95107013]
[ 1.43751173 -0.35459541 -1.30952857 -1.09301089]
[-0.75257549  1.52526691  0.63979364 -1.41728331]
[ 1.05958891 -0.53359031  1.81996289  0.34587731]
[ 1.43094711 -0.487606   -1.43537328 -2.14190085]
[-0.62509525 -1.79579262  0.35195784 -2.91868265]
[-0.82009205 -1.52912675 -0.87170568 -2.75896016]
[-0.7515593  -0.01374312 -1.20008384  1.50907628]
[-0.781046   -0.33069323 -0.22428891  1.28327276]
[ 1.46253822 -0.22195642 -0.83850822 -0.20300062]
[ 1.4446808   0.16034558 -1.14616435  0.58057721]

Populations

0.386681998631
0.0335500565739
0.271776583111
0.307991361684

State labels

0
1
2
3
