Cluster centers 

[ 1.38162686  0.03444276 -1.83660942 -0.00819449]
[-0.70296221  0.58151094  0.83542866  0.46636577]
[-0.7877775  -1.15938798 -0.47464324 -0.10050267]
[ 1.37422644 -0.24390953  0.77639233  0.41425783]
[-0.79946019  1.92982933 -0.02562958 -1.95128362]
[-0.77618288 -0.57382363 -1.10281531  0.96905053]
[-0.75605934 -0.54572385  0.053843    1.1300055 ]
[-0.79172455  1.58865005 -0.10430261 -0.8330878 ]
[-0.27539709 -0.60743172  1.99724657  0.76987989]
[-0.78419415 -1.45746424 -0.47355463 -1.47046121]
[ 1.46764421 -0.3287796  -0.89454178 -0.64581942]
[ 1.48096681  0.74949926  0.15034641  0.92727626]
[-0.38209438  0.52831701  2.03872468 -0.09458428]
[-0.78036845  0.69503065 -0.2503691   0.91791276]
[ 1.47461207 -0.08368457 -0.8494064   0.13516291]
[ 1.04379957  0.17011393  2.07454695  0.51552708]
[ 0.22514787 -0.54810098  0.49667774 -0.4627794 ]
[-0.7416325   0.1253322  -1.22474344  1.54189835]
[-0.71540688  1.22301994  0.88790341 -0.77799452]
[-0.67383572 -0.24785066  0.81056374  1.0889404 ]
[-0.67873607 -1.28195694  0.4705035   0.00474   ]
[-0.69460176  1.51489492  1.06246887 -1.73177388]
[ 0.72703497 -1.21352707  1.92785725 -0.55641945]
[-0.49598292 -1.78960109  0.89267286 -2.15727892]
[ 1.48870612  0.50556319 -0.39210557  0.95465688]
[ 1.48427921  0.00834764 -0.47016989  0.4663278 ]
[ 1.42420893 -0.45018242  0.25527385 -0.17267832]
[-0.76543703  0.34359799 -0.81577438  1.40592453]
[ 1.40576386  0.82750247 -1.41902386  1.14790805]
[-0.75011449 -1.39616741 -0.07280375 -0.69977389]
[ 1.08695245  1.08048657  2.12971542 -0.42216335]
[-0.77333887  1.3057852   0.32028073 -0.50782846]
[ 0.01118196  1.14059942  2.64251622 -1.65344793]
[-0.67589935  1.34983122 -1.42875127  0.76234003]
[-0.7906474  -1.096435   -1.41502615 -0.73791198]
[ 1.38847089 -0.14611254 -1.8297524  -0.67216826]
[-0.7310282   0.39185244  0.55787019  0.84339343]
[ 1.17536072  1.22216287 -2.32135993  1.37339724]
[-0.78529456 -0.9664784  -1.32812303 -0.10501967]
[-0.81574305 -1.52198015 -0.81480344 -2.77647773]
[ 1.43506266 -0.65343761 -0.25633423 -1.38239505]
[ 1.41852137  0.35529298  0.73845044  0.79847244]
[-0.76743696 -0.95633505 -0.15839743  0.56478495]
[-0.77939813 -0.02185394 -0.39490439  1.37138611]
[ 1.44261027 -0.32258535 -1.38015867 -1.09057313]
[-0.77933176  1.99247512  0.44907959 -2.77228585]
[ 1.45786249  0.14876212 -1.12638632  0.53458984]
[-0.65582786 -1.56052871  0.44370493 -1.06191713]
[-0.76634678  1.47429671 -0.70915248 -0.01599319]
[-0.76900822  0.35167405  0.07618656  1.08606157]
[ 1.45837523 -0.47366895 -1.03069244 -1.48401672]
[ 1.46336815  0.03192457  0.13369157  0.63235922]
[ 0.35072336 -0.90152347  2.30468252  0.39050797]
[-0.78826907  1.37070169 -0.18814607 -0.23179081]
[-0.6881176   2.12497672 -1.3338995  -1.00989709]
[ 1.31249511  0.33590128  1.33131937  0.67685984]
[-0.66442932 -1.78013703  0.20190703 -3.37107591]
[ 1.34773967 -0.29779293 -2.11145624 -1.91709896]
[ 1.46322067 -0.21105319 -0.07934448  0.19432089]
[ 1.42294205  1.69204315  0.89320972 -0.50109551]
[-0.63421816 -0.21238229 -2.13799281  1.20040939]
[ 1.19467875 -0.58348659  1.40286392  0.15723392]
[-0.41544309 -1.48219068  1.347434   -0.35136019]
[-0.59083629 -0.9712152   1.00080494  0.67102113]
[-0.76692545 -0.75315291 -1.45789267  0.44315386]
[-0.50935641  0.17026653 -2.48011707  1.45801544]
[-0.64873479  0.8071668   1.19206235 -0.09882399]
[ 1.43938759 -0.06493432 -1.40146121 -0.08946546]
[ 1.445546   -0.52678878 -0.15137179 -0.70841683]
[-0.79447359 -1.29187701 -0.6154033  -0.73395782]
[-0.75812592  1.69239005  0.64968577 -1.89941152]
[-0.79163266 -0.81716418 -0.88465537  0.59647101]
[-0.7537306  -1.62116953 -0.16455428 -2.21626722]
[-0.75368699 -0.19271782  0.16243363  1.25387776]
[ 1.38737661  1.21958155  1.11269725  0.14888581]
[-0.78807739  1.81574516 -0.45961239 -1.10380203]
[ 1.35140495  0.27346216 -1.91389878  0.59396411]
[ 1.48174886  0.20530926 -0.67498842  0.70580329]
[ 0.95039944 -0.50428074  2.03481376  0.448991  ]
[-0.59967938  1.21792511 -1.82286163  1.21121754]
[ 1.48661363  1.52969572 -0.07159532  0.45030349]
[-0.78123098 -0.34401112 -0.50428129  1.29538289]
[-0.70004731  1.97160239  1.13710438 -3.5492127 ]
[-0.56075702  1.13731487  1.61902273 -1.11448638]
[-0.78432774  2.19148556 -0.60870895 -2.17322164]
[ 1.15291141  0.0802058  -2.69495437 -0.22747938]
[-0.77443932  1.06268677  0.19488683  0.09738968]
[-0.48669683 -0.14536125  1.61520566  0.8249308 ]
[-0.80262517 -1.2499703  -1.46407966 -1.76146404]
[-0.78520785 -0.72471391 -0.50012834  0.88898837]
[-0.77508343  1.07285143 -0.50885984  0.56550704]
[-0.76400013 -1.16774749 -0.14684043  0.0625354 ]
[ 1.47433583 -0.2766468  -0.55362585 -0.21474637]
[-0.61487531  0.40726431  1.26722396  0.46916507]
[-0.78672304  1.68545648  0.2309613  -1.44045938]
[-0.70348827 -1.01730132  0.41096115  0.56550174]
[-0.79294201 -0.96107355 -0.70990821  0.34055565]
[ 1.32275191 -0.69577734  0.78236995 -0.44217156]
[-0.75531033 -0.22009207 -1.21230189  1.3630913 ]
[-0.75710811  0.68583589  0.34466268  0.6100181 ]

Populations

0.222110513707
0.200025675656
0.274492508322
0.303371302316

State labels

0
1
2
3
