Cluster centers 

[ 1.41827939  0.52481526 -0.53484405  1.02703367]
[-0.80401018  1.13536571  0.23671244 -0.0757568 ]
[-0.72507553 -1.56363125  0.26697603 -1.30390945]
[-0.77052752  0.38780667  0.49320761  0.86467181]
[ 1.35065272 -0.51126396  0.30073914 -0.34613399]
[-0.78307615  1.56562775  0.54016342 -1.33722694]
[-0.8130538  -0.71904783 -1.12741821  0.82304609]
[ 1.37826737  1.04760714  0.72819917  0.56689929]
[  3.71630834e-01  -1.06623704e+00   2.28378467e+00  -8.76485308e-04]
[ 1.40629745 -0.28479241 -0.65991917 -0.2328923 ]
[-0.69573916 -0.82084897  0.77103179  0.84878191]
[ 1.35591691 -0.30304394 -1.56413469 -0.9572878 ]
[-0.79117222  0.34506243 -0.92769788  1.46409655]
[-0.62478978  1.04312393  1.3950919  -0.68141411]
[ 0.88937765  0.43801505  2.28947171  0.21986001]
[-0.78241205  1.21158409  0.51895918 -0.43998823]
[ 1.41293471  0.17394843 -0.01422784  0.77266276]
[-0.72883924  1.92662903 -1.40942931 -0.45691351]
[-0.83262798 -1.11687675 -1.31460209 -0.4766766 ]
[-0.75684239 -1.25008751  0.22961047  0.00534224]
[ 0.89361925 -0.95854867  1.83656461 -0.36293406]
[-0.82958547  2.32739725 -0.62046709 -2.67642655]
[ 1.16294801 -0.22299824  1.51530337  0.48535089]
[-0.66878484  1.07192564 -1.69807542  1.22559999]
[ 1.35988225  2.38224041 -0.15151679 -1.12418931]
[ 1.35412603 -0.13420849 -1.52525069 -0.18922895]
[-0.63739565  1.5729058   1.33703109 -2.03406308]
[ 1.38320301 -0.52422704 -0.16929669 -0.72651951]
[-0.68174687 -1.75115532  0.23125629 -3.50047486]
[-0.82355742 -1.12120992 -0.49958673  0.09188727]
[ 1.25183845  1.18410719 -1.66753967  1.25528184]
[ 1.29930637  0.10083926 -1.8026063   0.43125135]
[-0.80841115 -0.21691223 -0.10474301  1.31295231]
[-0.78106186  2.09083655  0.49042346 -3.06095256]
[-0.79766339  0.97649122 -0.7686063   0.85681167]
[ 1.40133486 -0.28027142 -0.17561473  0.01538671]
[-0.81935608  1.77831436 -0.58442199 -0.88372118]
[-0.82912677 -1.48052496 -0.59265354 -1.76190162]
[-0.74751915  1.30993182  0.7961379  -0.87343388]
[-0.43498642 -1.71482596  1.17894842 -1.72773621]
[ 0.36226963  1.35400461  2.54359797 -1.69607733]
[ 1.28628961 -0.4143504  -2.08379644 -2.69633749]
[ 1.36961343 -0.21967146  0.36598224  0.31903924]
[ 0.84032992 -1.26882322  1.66013837 -1.44768247]
[-0.61112849 -0.68189339  1.20218572  0.88033835]
[-0.45774848 -1.47600642  1.35090796 -0.48600814]
[-0.8367752  -1.25781428 -0.71658547 -0.55047133]
[-0.78709624 -1.33886162 -0.05210951 -0.42574007]
[-0.81380595  0.66110268 -0.24339455  0.94729461]
[ 0.3047887  -1.41110524  2.09192373 -0.84089362]
[-0.80624748 -0.66485252 -0.12516665  1.05792379]
[-0.7580256  -0.20650035 -1.46906955  1.43076487]
[-0.78553738  1.80724553  0.52147621 -2.06309194]
[ 1.37033638  0.38084081 -1.21984689  0.96582619]
[-0.56018249  0.07629208  1.52090861  0.66724317]
[ 0.94410423 -0.52703724  1.97023204  0.28565953]
[ 1.41554301 -0.00740008 -0.50647586  0.48401627]
[-0.79864418 -0.88818325 -1.54665965  0.20257844]
[ 1.35156249  0.49023772  0.85374015  0.78341793]
[-0.82074033 -1.57976246 -0.53719378 -2.75290661]
[ 1.22669421 -0.08806631 -2.28479253 -0.39723852]
[ 1.15148869  1.38100761  1.74352277 -0.59306322]
[ 1.3884507  -0.51355461 -0.99515304 -1.57880261]
[-0.81573817  1.00541574 -0.09819525  0.38584844]
[-0.70805747  0.85836627  1.0104726  -0.07418171]
[ 1.40958666  0.59529078  0.27452006  0.91771837]
[-0.78532812  0.08146655  0.30159882  1.15802603]
[ 1.22554495 -0.56283347  1.07557639 -0.03886008]
[-0.81700925  1.46232184 -0.508308   -0.18183841]
[-0.82916142  1.82157225 -0.1571474  -1.4354048 ]
[ 1.41573661  1.31588698 -0.41443035  0.84998213]
[-0.77019221 -0.48938215  0.35280689  1.14275348]
[-0.82088894  1.48686143 -0.00936879 -0.65961263]
[ 1.39413237 -0.01574136 -1.05005864  0.32918568]
[ 0.35481029 -0.59447507  2.46364023  0.45592483]
[-0.75473651  0.66620444  0.67300786  0.43809731]
[-0.8219554  -1.39970322 -0.4619319  -1.03140198]
[ 1.33403697 -0.08081773  0.75328711  0.56777856]
[-0.82381916 -0.82756069 -0.53651604  0.77878054]
[-0.79222029  1.32753553 -0.8335437   0.34920095]
[ -7.92546261e-01  -9.88084655e-01   1.08105760e-04   5.77141065e-01]
[ 1.22115476  0.66116739  1.5347922   0.46237682]
[-0.71264941 -0.20230653  0.83090395  1.06874088]
[-0.83709144 -1.2095837  -1.48825966 -1.19765622]
[-0.42956005  0.5523412   1.92342449 -0.04886883]
[-0.57379223 -0.30084417 -2.33977515  1.12431581]
[-0.71537012 -1.6688195   0.19538994 -2.22421443]
[-0.8162498  -0.31547718 -0.59640374  1.34218493]
[ 1.27577294  0.15239098  1.19647749  0.69809836]
[ 1.16310081 -0.87667531  1.09531392 -0.82462443]
[-0.39477141 -0.93017158  1.72625303  0.5483339 ]
[ 1.33385944 -0.75824526  0.04981296 -1.56507075]
[ 1.39160447  1.50347791  0.56346673  0.12417979]
[-0.7750518   2.23918878 -1.20563618 -1.5903583 ]
[-0.65937876 -1.44725106  0.69316745 -0.49761831]
[-0.68697941 -1.14210003  0.68942577  0.36517022]
[-0.81319295  0.28461667 -0.36682105  1.30958521]
[ 1.39729454 -0.4880706  -0.61787769 -0.98524142]
[ 1.26367085 -0.29054656 -2.21766405 -1.58716093]
[ 1.39274073 -0.33214856 -1.07809479 -0.68652235]

Populations

0.244535195394
0.17768389213
0.309183939985
0.268596972491

State labels

0
1
2
3
