Cluster centers 

[-0.74927777 -0.74407593 -1.00488312  0.69666722]
[ 1.24472271 -0.76604786  1.31077917 -0.17364378]
[-0.71766375  1.35272206  0.63157459 -0.88130997]
[ 1.54663605 -0.05953923 -0.89750196  0.19937908]
[-0.69841535  0.58088936  0.59418873  0.59357044]
[-0.72088239 -1.41557016  0.00848271 -0.77093343]
[-0.65813641 -0.2424573   0.70917992  1.15183427]
[ 1.50462681 -0.37073485 -1.4794619  -1.42060575]
[-0.76639444 -1.5561711  -0.45214959 -2.58884637]
[ 1.51878765  1.16484984  0.56382384  0.50056792]
[-0.6158792   1.29576069 -1.54311038  0.67858325]
[-0.6845765   2.19686059 -1.07871542 -1.76824813]
[ 1.51130056 -0.09757097  0.24049517  0.52774542]
[-0.73883953  0.20843463 -0.64399359  1.31927417]
[-0.55152648 -1.19492459  1.00624248  0.37061061]
[ 1.1322906   0.41331642  2.01336753  0.55185256]
[-0.72151798 -0.82248717  0.05787858  0.84549522]
[ -4.66716187e-01   6.25185407e-01   1.76493011e+00  -8.39639829e-04]
[-0.75936755 -1.15005054 -1.34507055 -0.95900995]
[-0.73254337  1.76214472 -0.64202474 -0.92102531]
[ 1.55743114  0.26150505 -0.50518523  0.80534197]
[ 1.52538273 -0.50068843 -0.33739242 -0.77144342]
[ 1.51879083 -0.12979116 -1.35910668 -0.21618185]
[-0.74646121  1.19179627 -0.05590799 -0.05034688]
[-0.65598919 -0.12464974 -1.71747317  1.30279649]
[ 1.40592402 -0.38757548  0.83964548  0.2949799 ]
[-0.35140419 -1.7170989   1.39253781 -1.41987973]
[-0.595435   -1.81121667  0.60559642 -3.83244643]
[ 1.49003293 -0.54124585 -1.41108755 -2.94503518]
[-0.73715429  1.14464289 -0.51591621  0.32205586]
[ 1.40374951  0.12909273 -2.12716197  0.20854437]
[-0.7191545  -1.21228938  0.03992331  0.02504806]
[-0.64281883  1.07699872  1.13636434 -0.56543256]
[ 0.3609574  -0.84608419  2.33934106  0.51258313]
[-0.70351882  1.76956999  0.8266246  -2.2677135 ]
[-0.41083012  0.11509567 -2.53177934  1.19354739]
[-0.41787971 -0.25646285  1.68358298  0.92668295]
[ 0.71713462 -1.30525075  1.94426639 -0.80720882]
[ 1.52966135 -0.32728461 -1.15007128 -0.81769543]
[-0.75926165  2.12883021 -0.09027106 -2.64579392]
[-0.75136825 -0.95060175 -1.19800684  0.05499613]
[ 1.54475206 -0.10061839 -0.28819452  0.35898833]
[ 1.33780341 -0.03329523  1.29792724  0.74114246]
[-0.7295093   0.8794184  -0.6820959   0.80441785]
[-0.75330805  1.58502419 -0.01018994 -0.98726574]
[-0.74254352 -0.2318211  -0.25251008  1.27805239]
[-0.55533375 -1.74867339  0.7928649  -2.15841206]
[ 0.59298048  1.3046986   2.67285139 -1.440495  ]
[ 1.00268463 -0.49276436  2.01674156  0.53827394]
[-0.76977839 -1.40709987 -0.58936119 -1.431143  ]
[-0.71740856  1.12263677  0.55954624 -0.30510908]
[ 1.4130154  -0.3066297  -2.17156628 -1.9717487 ]
[ 1.42749149  1.22054908  1.21085514  0.1228025 ]
[ 1.33415022  1.8926741  -1.88922687  0.67973212]
[ 1.51070271  0.15741497 -1.4111762   0.48022348]
[-0.54201431  1.27804315  1.62799915 -1.38027807]
[ 1.46796443  0.33750276  0.77280309  0.83070575]
[-0.70159753 -1.69864846  0.11976222 -2.99232304]
[-0.61566866 -1.4267147   0.66425163 -0.37704008]
[-0.72393709  0.22909368  0.21541884  1.08229159]
[-0.63143292  1.94771663 -1.39696354 -0.71943639]
[-0.75958593 -1.07122162 -0.58565127  0.1034585 ]
[-0.64611745  0.74238466  1.02612547  0.14484055]
[ 1.35573635  0.63932889  1.42227196  0.62626973]
[-0.72207657 -0.47050214 -1.28694501  1.04633863]
[-0.62445682 -0.78255678  0.78548061  0.94138636]
[-0.74798116 -0.46153466 -0.64554442  1.16642764]
[-0.48118659 -0.78977879  1.36442133  0.9001609 ]
[ 1.54221365 -0.29942775 -0.54482985 -0.23537053]
[-0.66388656  1.96383504  1.13743405 -3.29885758]
[-0.4430853   0.24960142  1.73209479  0.55237969]
[ 1.53326375 -0.49866286 -0.79033024 -1.27795475]
[ 1.49137541  0.704886   -1.47123448  1.0499841 ]
[-0.74519716 -1.5540621  -0.21213331 -1.95862662]
[-0.70074382  0.43713899 -1.15129913  1.33628556]
[-0.65172042 -1.58573032  0.43883294 -1.28976465]
[-0.70403149  1.5394931   0.80722144 -1.52052241]
[-0.71150633  1.52312525 -0.86082924 -0.17271847]
[-0.74943318  1.3948368  -0.04353308 -0.49108792]
[-0.73807233  0.87758934  0.12216641  0.39419988]
[-0.74278095  0.52756034 -0.26972802  1.01015615]
[ 1.51236307 -0.66349941 -0.50118773 -1.87761895]
[ 1.55932627  0.9349997  -0.53689698  0.95857927]
[-0.74766298 -1.25705746 -0.27640438 -0.31447399]
[-0.65136558  0.15896936  0.84269617  0.93269422]
[ 1.51170265  2.11712532 -0.67159602 -0.32814703]
[-0.35195188 -1.45779327  1.48634325 -0.24729141]
[-0.76920257 -1.26786219 -0.67178968 -0.71270801]
[-0.67989302 -1.10707409  0.3734073   0.41865644]
[ 1.1087301   1.00608576  2.18481796 -0.2019608 ]
[-0.75669691  1.80953072 -0.03687285 -1.60590267]
[-0.7508608  -0.8826665  -0.41869107  0.636772  ]
[-0.6854448  -0.70516711 -1.79504248  0.34207862]
[ 1.45556412 -0.66128687  0.32631245 -0.73200119]
[ 1.41801994 -0.13233831 -2.09671162 -0.72048665]
[-0.71519917 -0.38981711  0.19927175  1.2034148 ]
[ 1.42256928  1.75357255  1.22703725 -0.88633077]
[ 1.49184305 -0.41712749  0.21444189 -0.07641641]
[-0.08163885  0.52799182  2.43586531 -0.05628446]
[ 1.54186992  0.43789506  0.12397807  0.89852036]

Populations

0.410350330944
0.327990796329
0.086270746399
0.175388126329

State labels

0
1
2
3
