Cluster centers 

[ 1.14253919 -0.66395319  1.39697539 -0.030352  ]
[-0.80657261  1.01367515  0.00888702  0.34629761]
[-0.76882032 -1.26930276  0.02313272 -0.11696906]
[ 1.43109669 -0.05905517 -0.52699371  0.35014415]
[ 1.3246369  -0.10140019 -1.95964909 -0.48064104]
[-0.80745235 -0.3635467  -0.58530384  1.32001652]
[-0.81972022  1.65541934 -0.15209068 -0.96412853]
[-0.75877215 -0.48883906  0.40310577  1.11759823]
[-0.6214348   1.21725805  1.39412317 -1.3507314 ]
[ 1.27570583  0.21551917 -2.03900268  0.53864731]
[-0.7395926  -1.70010911 -0.23567766 -2.84936928]
[-0.81829142 -0.82387442 -0.75908784  0.67241587]
[ 1.4066362   0.56915377  0.55109858  0.81391045]
[ 1.43762543  1.37263595 -0.12277274  0.71502271]
[-0.82313614  1.95937634 -0.14299999 -1.97958935]
[ 1.37795188 -0.54421162  0.07285024 -0.53307998]
[ 1.10719416  0.55024114  1.93686709  0.20201131]
[-0.76179886  0.17754361 -1.13966474  1.6180619 ]
[-0.71405792 -1.4890879   0.24854127 -0.78401496]
[-0.73532182  1.2207319   0.85653779 -0.85664013]
[-0.82669599 -1.10763556 -1.23117175 -0.43949956]
[-0.47778902 -1.46230417  1.24857037 -0.33471621]
[-0.79079031  1.71703336 -0.77074335 -0.41277667]
[ 0.72346054 -1.043237    2.03827097 -0.23405377]
[-0.76634087  0.16906299  0.49257754  1.03099218]
[ 1.37209278  1.4394394   0.92702737 -0.13091419]
[ 0.90820813 -1.25561528  1.52516045 -1.27082273]
[-0.80240672  0.84168018 -0.43406525  0.93774769]
[ 1.33682004  0.6552834  -1.48262176  1.23373297]
[-0.65366439 -0.89553059  0.91444565  0.73661394]
[ 1.41014981 -0.38519779 -1.09185253 -0.95724105]
[-0.7742938   1.64132611  0.57782109 -1.79084277]
[-0.81285291  1.67184728  0.12304996 -1.34065468]
[ 1.36498505  2.12865079  0.76478351 -1.48427058]
[-0.64778416  0.85211678  1.29173924 -0.38686806]
[-0.71029563 -0.34576465 -1.849594    1.17974253]
[ 1.17568713  0.06374872 -2.53526747 -0.12197932]
[-0.71250968 -0.27673576  0.80590829  1.0639539 ]
[-0.79073249 -0.56197047 -1.24887167  1.00973924]
[ 1.28301409  1.66888326 -1.48460299  1.17459497]
[ 1.3680412   0.09781113 -1.52276593  0.38299937]
[ 1.26611613 -0.54830029  0.95094754 -0.034745  ]
[-0.47349328  2.34957669 -1.64907918 -0.93236423]
[-0.5123386  -1.7513609   0.82008599 -1.75358173]
[ 1.28009882 -0.02749835  1.17437597  0.56707376]
[ 1.40261832 -0.56689358 -1.11492712 -2.00414896]
[ 1.42010691 -0.35798331 -0.63440573 -0.46731758]
[-0.79545101 -0.72662209 -0.09539414  0.95821003]
[ 1.41534016 -0.27702274 -0.1449221   0.03642972]
[ 1.40712223  0.00757689  0.26716502  0.59773159]
[ 0.34666327 -0.82824359  2.40714399  0.24270689]
[ 1.43553261  0.18019118 -0.48551062  0.74442515]
[-0.80088947 -0.10189523 -0.08358031  1.32968855]
[-0.80054198  0.57616886  0.07490934  0.91082846]
[-0.80029344  0.35127474 -0.50601552  1.39260415]
[-0.51671373 -0.45740791  1.57318883  0.73207854]
[-0.81447686 -1.18530824 -0.50976185 -0.14330797]
[-0.81389411  2.45639686 -0.9500647  -2.79441958]
[-0.71683517 -1.0841992   0.48363118  0.45922602]
[-0.81395803  1.39367024 -0.24987937 -0.18520497]
[ 0.78210968 -0.0061073   2.38165181  0.23320507]
[-0.47357897  0.98018504  1.86126638 -1.12095963]
[-0.64098476  1.17332469 -1.65227781  1.34593728]
[-0.81613598 -1.33278906 -0.5804242  -0.76577365]
[ 1.44077452  0.52069374 -0.13017872  0.98141539]
[-0.71734222  0.75841994  0.94772207  0.0503277 ]
[-0.78800535  2.02206384  0.38530798 -3.00912629]
[ 1.20398746 -0.85602098  0.95104983 -0.72453406]
[ 1.33477754  0.99523332  1.15417675  0.30100418]
[-0.654006    1.53888504  1.21951948 -2.17846695]
[-0.80533873  1.94928626 -0.71154302 -1.16151564]
[ 1.0881043   1.23038112  1.96948641 -0.78541279]
[-0.83224157 -1.43061689 -0.85969147 -1.67400408]
[ 1.25315758 -0.2587983  -2.52565539 -2.16781817]
[ 1.39937828 -0.16460299 -1.3017134  -0.26820175]
[-0.76102168  0.64085002  0.61777163  0.47726386]
[-0.41934276  0.41944789  1.95754064 -0.07220163]
[ 1.41291892 -0.03505453 -1.07541957  0.21784144]
[ 1.366538   -0.72407836 -0.2712537  -1.56293281]
[-0.67782231  0.1515161   1.08163781  0.74196341]
[-0.79815488 -1.01006037 -0.19953111  0.46512342]
[ 1.43016     0.87412037 -0.58280467  1.13901555]
[ 0.41051256  1.22369851  2.60453715 -1.90378573]
[ 1.36359716 -0.36051621  0.44985758  0.1072057 ]
[-0.76746812 -1.55686913 -0.18855094 -1.5320701 ]
[ 0.04524106 -1.57578927  1.81662799 -0.96936815]
[ 1.36975711 -0.30235717 -1.69828503 -1.19931605]
[-0.21056448 -0.66423398  2.1446403   0.48385179]
[-0.67584345 -1.33943403  0.59305674 -0.10751557]
[ 1.41934217  1.79012321 -0.00944783  0.05088411]
[-0.80211106  1.40212809  0.25417638 -0.71756346]
[-0.76654359  0.90511302 -0.94901849  1.19980478]
[-0.57453195  0.08868954 -2.11141557  1.60375929]
[-0.77136239  1.3847917  -0.8689522   0.43529181]
[ 1.0454277  -0.40211809  1.81780439  0.3529565 ]
[-0.80060808 -0.87684837 -1.4218459   0.20579331]
[ 1.41006572  0.31057583 -1.0133055   0.8677329 ]
[ 1.31286319  0.52886058  1.20247916  0.60559723]
[-0.78813986  1.12727583  0.40015489 -0.2101696 ]
[-0.82941035 -1.17644309 -1.51236065 -1.11344556]

Populations

0.00813720318971
0.0163567949773
0.0131863638071
0.0180596062413
0.011163148118
0.0136730777416
0.00874725053759
0.0118514322914
0.00352665611976
0.00506501781942
0.0102852922753
0.0160075362386
0.0164823508202
0.00482819699519
0.00631534990063
0.0173920346047
0.00924128364994
0.00757709082166
0.0106306763609
0.00887742055814
0.0082478396556
0.00754597568724
0.0113654120776
0.00942548865484
0.0129206144039
0.00655014485745
0.00423545443467
0.0112466524578
0.00660430967162
0.0112959183302
0.0188314619088
0.00715268129667
0.00758671819704
0.0042523662041
0.00734151759115
0.00324004155819
0.00391171854091
0.0101437056765
0.00999227189006
0.00214295864549
0.0111589858555
0.0134550668565
0.00307434433151
0.00756473819818
0.0206614438842
0.00731154949523
0.0228410686931
0.0144715808567
0.0219541908831
0.0245327109837
0.007369083387
0.0154048551329
0.0188086785723
0.0124047024677
0.0113414971972
0.00690945654969
0.0151561396524
0.00299357925221
0.0123956942923
0.0133188186591
0.00620255922473
0.00211031957655
0.00306922583319
0.0161080384244
0.0141243130821
0.00705846283944
0.00442961995677
0.00723140289811
0.00917836597719
0.00378662237684
0.00805190835866
0.00823252667967
0.00884488552162
0.00713823005877
0.0163152861284
0.013292886186
0.00414022236359
0.0141353161207
0.00495349271211
0.00977748136227
0.0173722188967
0.00812060591026
0.00312396562098
0.0200849582465
0.0100407479949
0.00519890279126
0.0121078209992
0.00393857815836
0.0094401152458
0.00292395476374
0.0105314749398
0.00573176730314
0.00214124801546
0.013284144912
0.0120943309362
0.00862343255062
0.0129918400147
0.0125927948183
0.013666295054
0.0032444171386

State labels

0
1
2
3
4
5
6
7
8
9
10
11
12
13
14
15
16
17
18
19
20
21
22
23
24
25
26
27
28
29
30
31
32
33
34
35
36
37
38
39
40
41
42
43
44
45
46
47
48
49
50
51
52
53
54
55
56
57
58
59
60
61
62
63
64
65
66
67
68
69
70
71
72
73
74
75
76
77
78
79
80
81
82
83
84
85
86
87
88
89
90
91
92
93
94
95
96
97
98
99
