Cluster centers 

[-0.7022033   1.15140788 -1.12053836  0.79373693]
[-0.76793592 -1.15834928 -0.37195022  0.0103775 ]
[ 1.51308908  0.38083348 -0.85136265  0.94957019]
[-0.76996516  1.81399927  0.07676759 -1.72322916]
[ 1.35496437  0.26322128  1.20773033  0.67985167]
[ 1.46576739 -0.18349034 -1.6043162  -0.50056546]
[-0.76418288 -1.54396532 -0.45520909 -2.29723298]
[-0.68978735 -0.13668433  0.70986241  1.07416394]
[-0.73552711 -0.40974676 -1.20822869  1.25107175]
[-0.65560828 -1.59230891  0.38104573 -1.41106843]
[-0.76164231  0.66615082 -0.07576463  0.81264585]
[ 1.47957881 -0.10180926  0.24437955  0.5022223 ]
[ 1.50089994 -0.48917966 -0.88981394 -1.35082677]
[-0.33154752  2.34316972 -1.69006815 -1.10606132]
[-0.7591716   1.38991648 -0.47957698 -0.10147976]
[-0.68666694  1.14178427  0.91884979 -0.64122242]
[ 1.49046374 -0.50218858 -0.35684028 -0.79987961]
[ 1.03822099  1.03922464  2.16582203 -0.41303521]
[-0.73941587 -0.93703433  0.07488727  0.6737013 ]
[ 0.44287731 -0.8138587   2.38571901  0.30482835]
[ 1.06932283  2.20194849 -2.48574743  0.77658605]
[-0.66809475  1.95476963  1.02657666 -3.22650106]
[-0.77072832 -1.07306603 -1.18309759 -0.24660254]
[ 1.45652828  0.67644783 -1.39418113  1.17702858]
[-0.77788772 -1.44126303 -0.61446528 -1.61763932]
[ 1.40822843 -0.28056644 -2.0973901  -1.58130554]
[-0.75719289  0.23420505 -0.56957854  1.3771805 ]
[-0.70189872 -0.67806779 -1.70548488  0.61579194]
[ 1.30314271 -0.56522115  1.06913146  0.00467385]
[-0.76026464  1.00109467  0.05613842  0.24455185]
[-0.71342796  1.87825045 -1.06942585 -0.72142513]
[-0.59735895 -1.48656298  0.74335018 -0.61874143]
[-0.77019266  1.75412856 -0.35996495 -1.1011039 ]
[-0.75346041  1.21901661  0.28851189 -0.34299879]
[-0.70770598 -1.24336121  0.25669388  0.0353546 ]
[-0.76971828  2.0883128   0.09048997 -2.69534218]
[-0.51927448 -0.0631784   1.52757503  0.74929469]
[-0.77295138 -1.55409465 -0.633149   -3.08992297]
[-0.76598804 -0.51180735 -0.51137848  1.19752365]
[-0.78839353 -1.26371908 -1.01820968 -0.9980398 ]
[ 1.51661689 -0.05933558 -0.4809988   0.40171223]
[ 0.7347999  -1.25653396  1.8761463  -0.90548159]
[ 1.37048707  1.30916542  1.31193714 -0.14955592]
[ 1.41145117  0.1374953  -1.8491037   0.46187692]
[-0.49828917 -1.33814535  1.20567454 -0.01589089]
[-0.64737354 -1.09906103  0.69814085  0.46517467]
[ 1.48889276 -0.34064738 -1.3555862  -1.05048684]
[-0.70475119  1.54531884 -1.10746087  0.09505332]
[-0.55010721  1.15490113  1.53958375 -1.1082482 ]
[ 1.47776099  1.24273403  0.60711425  0.39023201]
[-0.73915305  2.20025107 -0.91061789 -1.88242595]
[-0.73973971 -0.43965404  0.18673041  1.17478432]
[-0.77935068 -1.30725382 -0.60873616 -0.75880739]
[-0.70368852  0.48578951  0.71881126  0.60639904]
[ 1.42984867 -0.57919937  0.32185374 -0.49662923]
[-0.76385762  1.49852553  0.15931736 -0.89728585]
[-0.76969413 -0.84568005 -0.45278239  0.74773741]
[ 1.02130595 -0.501666    1.93614103  0.36041558]
[-0.59282926  0.78801957 -1.74311266  1.50115117]
[ 1.51379595  1.34395944 -0.50056743  0.82562709]
[ 1.5227515   0.35720483 -0.25534656  0.91829246]
[ 1.47306802 -0.66826534 -0.49608862 -1.90102995]
[-0.74890451  1.22800297 -0.66362036  0.35532212]
[-0.36668346 -0.13445639 -2.60397493  1.21422722]
[ 0.37347842  1.19700833  2.69314399 -1.54489961]
[ 1.49108403  0.48377488  0.39396432  0.87031553]
[-0.72658273  1.47717052  0.65299705 -1.27027967]
[-0.63970315  1.58569534  1.13797382 -1.99782165]
[ 1.47435876 -0.34799991  0.10667522  0.00685419]
[-0.76471567 -1.13206278 -1.60732977 -1.06887373]
[-0.76276721 -0.19313595 -0.3036578   1.35293311]
[-0.41266676  0.49560628  1.87261045  0.00921692]
[-0.77329648 -0.94683746 -0.91895275  0.35702487]
[-0.45345376 -1.72737208  1.00774227 -1.90461105]
[-0.60902641 -0.77233291  0.99689525  0.86920692]
[ 1.41208833 -0.13780975  0.77596159  0.52957713]
[ 1.50682579 -0.30517773 -0.97553677 -0.5328684 ]
[-0.75754583 -0.69942601 -1.08867353  0.85393633]
[-0.65457634 -0.16283254 -1.75569077  1.4286121 ]
[ 1.19889012 -0.95307622  1.16530955 -0.93500194]
[-0.2761792  -1.49090908  1.59600426 -0.51475666]
[ 1.35201208 -0.07362219 -2.30091809 -0.4657979 ]
[-0.76609692  1.55861631 -0.38509858 -0.56504445]
[-0.71780142  0.20997591 -1.12294605  1.53068853]
[-0.73494467 -1.32920168 -0.01790789 -0.38340503]
[-0.59704195  1.39243214 -1.67915698  0.82193967]
[-0.74479446  0.6710812  -0.69976265  1.13852231]
[-0.62756239 -1.72124058  0.3187912  -2.90665983]
[ 1.12835655  0.45523795  1.95352355  0.40584515]
[-0.75863633  0.19988461 -0.05393123  1.2048641 ]
[ 1.38390449  2.02976705  1.05034282 -1.41678146]
[-0.69011257  0.82379783  0.8632954   0.02742519]
[ 1.50323765  0.07370783 -1.05256682  0.52337394]
[-0.23222334 -0.83794521  2.00762507  0.59332959]
[-0.74114872  0.31587212  0.33180425  0.96487814]
[-0.75615112  0.97756147 -0.49565801  0.64707474]
[ 1.44483735 -0.4560616  -1.74862179 -2.81902944]
[-0.73830239 -1.44265637 -0.09609447 -0.96676879]
[ 1.49668326 -0.09890243 -1.19157591  0.05177825]
[ 1.51015909 -0.28437864 -0.55885021 -0.17595551]

Populations

0.00442627610202
0.0176160093791
0.0110546268562
0.00798929611747
0.024052959222
0.0132588029137
0.0069414709343
0.0144867850983
0.00733584997444
0.00992760491
0.0115398563531
0.0186055409861
0.00901239727103
0.00134812076577
0.0106807811197
0.0101043828563
0.0148120676681
0.00706511794828
0.015173998698
0.010788074131
0.000874694712406
0.00201710590331
0.00811535666252
0.00817216133045
0.00768552155709
0.0111817259024
0.0087695290649
0.00568948713737
0.0190011736788
0.0174552809295
0.00667884575343
0.0094194655121
0.0082502467826
0.0154533856393
0.0109535310134
0.00516854539908
0.00854747816113
0.00329799514109
0.0125823991789
0.00473688899938
0.0180906308711
0.00918488833454
0.010183278125
0.0114620181794
0.00480463662948
0.00923238343684
0.0140500959049
0.00670697651446
0.00463389408795
0.0111303432171
0.00551197888057
0.0167183265715
0.0124744031678
0.0153663375953
0.0144690329753
0.011688125498
0.0137646787103
0.0154425530344
0.00262334593478
0.00925732675834
0.020249958341
0.00524192013396
0.00698592566971
0.00119992716652
0.0031992614873
0.018740058594
0.00977127079243
0.00663695578773
0.0226841498047
0.00277646119882
0.0114540654024
0.00633344659329
0.0117595412284
0.0052266359839
0.0128390663172
0.0180194937626
0.012849710353
0.0084543028626
0.0041991080963
0.00475027687841
0.00493265273265
0.00665175660988
0.00970081742782
0.00628431945334
0.012082019923
0.00237205305891
0.00989948081301
0.00482070821552
0.0135655922439
0.00957318032642
0.00522494081233
0.0115605478631
0.011554140393
0.00496685700992
0.0116713342982
0.00916876370539
0.00485960541402
0.00973193021713
0.0170086006602
0.0239330701771

State labels

0
1
2
3
4
5
6
7
8
9
10
11
12
13
14
15
16
17
18
19
20
21
22
23
24
25
26
27
28
29
30
31
32
33
34
35
36
37
38
39
40
41
42
43
44
45
46
47
48
49
50
51
52
53
54
55
56
57
58
59
60
61
62
63
64
65
66
67
68
69
70
71
72
73
74
75
76
77
78
79
80
81
82
83
84
85
86
87
88
89
90
91
92
93
94
95
96
97
98
99
