Cluster centers 

[-0.80287288  1.47334258  0.04128146 -0.72032461]
[-0.73515994 -0.69122933  0.39613944  0.99416717]
[ 1.42234293  0.58612932 -1.04866136  1.08567253]
[ 1.44191579 -0.22650743 -0.19585339  0.10954841]
[-0.66911308 -1.3248941   0.58890623 -0.07334607]
[-0.76842613 -0.57735845 -1.43047457  0.90426698]
[-0.79592425  0.44070139 -0.27331445  1.18562042]
[ 1.18786531 -0.20860284  1.52107911  0.51718176]
[ 1.32732295 -0.39821459 -2.11834111 -2.46042751]
[ 0.47349941  1.20390235  2.62278368 -1.58794615]
[-0.61885194  0.97347311  1.36546486 -0.61475843]
[-0.82214799  2.49625648 -0.53507765 -3.90162605]
[ 1.4402251  -0.19819192 -0.95227014 -0.17803487]
[ 1.09485388 -0.97649954  1.40735918 -0.67271633]
[ 1.4039957   1.44096953  0.79357763  0.01892682]
[-0.80141791 -0.67476955 -0.59925032  0.97390029]
[-0.7983497   1.12422395 -0.34656666  0.38043865]
[-0.8151828  -1.19801096 -1.11898498 -0.70261946]
[-0.7354199  -1.74795776 -0.18745559 -3.4588531 ]
[-0.76681459  1.79644517 -0.97200995 -0.53479467]
[-0.75350287  1.06799145  0.62774572 -0.26468596]
[-0.75075335  0.61628834  0.58541114  0.54857311]
[-0.56072832 -1.77293564  0.69342685 -2.05322638]
[ 0.52553628 -1.28903136  2.05001899 -0.57952013]
[ 1.2779003   0.90091297  1.46494674  0.27264845]
[-0.78521835  0.34463183 -0.73723369  1.42629414]
[-0.54076635  1.3615744  -2.07701462  1.2302963 ]
[ 1.45613884  0.31845253 -0.51156908  0.87079779]
[ 1.43005204 -0.58398026 -0.78323438 -1.61735008]
[-0.73377548 -1.3928746   0.15477789 -0.46803145]
[-0.7945397   1.91917461 -0.69896169 -1.20506994]
[-0.52929036 -1.24708614  1.18074739  0.19887564]
[-0.48912372 -0.13356582  1.65909358  0.73675815]
[ 1.22163657  1.8280164   1.62934168 -1.61871576]
[-0.76493497 -1.1877864  -0.01769234  0.09670008]
[-0.81092119 -1.02385492 -0.88619084  0.1292509 ]
[ 1.40645238  2.33634106 -0.0081025  -1.21442363]
[ 1.34669501  0.17352412  0.9813226   0.70730346]
[ 1.39981378 -0.48745442  0.19318567 -0.30684318]
[-0.78599822  1.00207351 -0.6534568   0.7901169 ]
[-0.62797918  1.2935766   1.33881619 -1.4121468 ]
[-0.78107043 -0.25755082  0.03039994  1.26411315]
[-0.76818757  0.29516957  0.33854869  1.01969534]
[-0.75270241  0.00876559 -1.26893172  1.53222523]
[-0.37356479  0.47228783  2.00745944 -0.04576118]
[-0.76175616  1.33191097  0.59680394 -0.86599553]
[ 1.14412039  1.2569915   1.90089901 -0.59503845]
[-0.07486235 -0.87115148  2.19384055  0.47060641]
[ 0.72512211 -0.62265484  2.25188572  0.30186288]
[ 1.15667996  1.42645765 -2.18322808  1.25697133]
[ 1.40060289 -0.04950647 -1.46917349  0.00924647]
[-0.57485108  2.16606926 -1.66766504 -0.6792991 ]
[-0.79157365  1.51158994 -0.65354682 -0.15246788]
[-0.81915868 -1.37090836 -0.98616147 -1.46124877]
[-0.56994737 -0.74231525  1.23212448  0.8258962 ]
[-0.72900125 -1.03074069  0.33444127  0.53903003]
[-0.7975577   1.68867478  0.21431276 -1.52702365]
[-0.71868386  0.91392484 -1.31456861  1.28973602]
[-0.78805004  1.03502471  0.22488455  0.11084432]
[-0.72837165 -0.81106398 -2.05429371 -0.10948394]
[ 1.45261277  1.39931907 -0.33728168  0.73183161]
[ 1.4548103   0.48065828 -0.02335244  0.92696037]
[ 1.41962255 -0.35418158 -1.33041343 -1.05035152]
[-0.71219686 -1.56858904  0.19391196 -1.21076531]
[ 0.86430341  0.30546878  2.30816407  0.2654757 ]
[ 1.2826733   0.43127462  1.3752031   0.63762849]
[-0.81224094  2.08026462 -0.39907135 -2.16777924]
[ 1.11120092 -1.16545995  1.04300288 -1.77208606]
[ 1.39495643 -0.65121386  0.05566095 -0.94177471]
[-0.79237615  0.75208693  0.04481021  0.69249395]
[ 1.38264812 -0.32880573  0.48267513  0.17926305]
[-0.73328721  2.28852245 -1.29514369 -1.67977879]
[ 1.40481207  0.16882189 -1.34094189  0.57776044]
[ 1.27760244 -0.67024816  0.92407498 -0.30618288]
[ 1.41657216  0.00981206  0.36377777  0.61215006]
[-0.61635221 -0.13952506 -2.14158366  1.31617939]
[ 1.44204674 -0.39143732 -0.56000007 -0.54242981]
[-0.79772037 -0.28619382 -0.49939359  1.33170629]
[ 1.32925826  0.94680344 -1.61759861  1.31840076]
[-0.79071565 -0.93402487 -1.48463144 -0.00982481]
[-0.69776625  1.61773976  0.99081957 -2.11582633]
[ 1.45174085  0.0248194  -0.59251665  0.47842219]
[-0.77521479  1.96451651  0.47181218 -2.86217011]
[ 1.29767814 -0.18908327 -2.22373211 -1.03993615]
[-0.79943176 -1.20416538 -0.44077741 -0.16581444]
[-0.80472343 -0.83741287 -0.92129759  0.59294229]
[-0.67740354  0.64346561  1.07262628  0.20835285]
[ 1.24863971  0.20272563 -2.18826938  0.46812302]
[ 1.34870679 -0.10519386 -1.89164208 -0.39967855]
[-0.71627258 -0.25915698  0.66824411  1.12481602]
[-0.67492495  0.12493157  1.00627813  0.84575804]
[-0.70844796  1.54852669 -1.34194567  0.39985362]
[-0.43886707 -1.62954439  1.1999619  -0.96573484]
[ 1.16170037 -0.61170612  1.41682234  0.08135003]
[-0.80930768  1.67960914 -0.29094226 -0.9485477 ]
[ 1.42328484  0.77674406  0.57707453  0.77541763]
[-0.7931197  -1.38711171 -0.39857036 -0.84874629]
[-0.78929895 -1.57580942 -0.47078024 -2.10906959]
[-0.80405348  1.33070342 -0.17810112 -0.17077374]
[-0.78962501 -0.91619921 -0.23005497  0.63866297]

Populations

0.0103294654909
0.0124783605433
0.00932394148128
0.022027611674
0.00982996305909
0.00825719514648
0.0131166220832
0.0131200621248
0.00834025405715
0.00310309768374
0.00810478087951
0.00111661914566
0.0190480764355
0.00569900333089
0.00824260201454
0.013349239033
0.0119430797202
0.00954486579959
0.00466079683348
0.00638331586645
0.0127105610151
0.0130801024767
0.0076280075962
0.00919629117508
0.00753428687636
0.0101891893909
0.00113795206047
0.0131803558664
0.0108210045887
0.0110705107597
0.00630362425218
0.00897461696473
0.00543065161997
0.00287314738964
0.0124427371503
0.0102727190312
0.00287855970362
0.0171746541277
0.013226016523
0.0122643531695
0.00540809398911
0.0195546201771
0.0132512566936
0.0084523209492
0.00387594239158
0.011026695362
0.00771691381474
0.00547729306136
0.0127881395281
0.00191331851686
0.0129762836644
0.00209115767217
0.00945355973252
0.00734137630495
0.00899814873199
0.0136134475848
0.0127388984192
0.00450841284813
0.011637269721
0.00125433614091
0.00773228478346
0.0175472616947
0.0222440619047
0.0128045944832
0.00783464954895
0.0108143526508
0.00684669312334
0.00298114196126
0.00823946312797
0.0132006456787
0.0187212795866
0.00208582787461
0.012495993405
0.010052780008
0.0216020184254
0.00327570710045
0.0206188326114
0.0166144404992
0.00327439918739
0.00561706219796
0.00613172150517
0.0209870362822
0.00471719721265
0.00780750427245
0.0141372544788
0.01014147271
0.0102008584619
0.00554305400821
0.0112537172348
0.0110889750691
0.00889889125644
0.00484907803079
0.00728784276751
0.0110831591318
0.00879454327645
0.0152477240072
0.0154391349678
0.0100330078166
0.0122638040475
0.0190047541658

State labels

0
1
2
3
4
5
6
7
8
9
10
11
12
13
14
15
16
17
18
19
20
21
22
23
24
25
26
27
28
29
30
31
32
33
34
35
36
37
38
39
40
41
42
43
44
45
46
47
48
49
50
51
52
53
54
55
56
57
58
59
60
61
62
63
64
65
66
67
68
69
70
71
72
73
74
75
76
77
78
79
80
81
82
83
84
85
86
87
88
89
90
91
92
93
94
95
96
97
98
99
