Cluster centers 

[ 1.42516333 -0.31704975 -1.44234657 -0.88541396]
[-0.77910718  1.08096298  0.22445704  0.03199665]
[-0.68045466 -1.38276921  0.45897799 -0.35295239]
[ 1.44653615  0.50260075  0.44025195  0.82427441]
[-0.79270978 -0.72712023 -0.45814846  0.9133787 ]
[ 1.0465603  -1.06243898  1.47876838 -0.8855102 ]
[ -7.95761741e-01   1.57757371e+00  -9.04336505e-05  -9.65654432e-01]
[ 1.39658669  0.66681631 -1.36247441  1.23653526]
[-0.78608106  0.68740936 -0.33443334  1.01355722]
[-0.79000044 -1.06226211 -0.37071624  0.25934311]
[-0.71352706 -1.03662261  0.42610591  0.51058917]
[ 1.24658551 -0.38024853  1.3038036   0.30529796]
[-0.81626854 -1.34075392 -1.18064738 -1.55394822]
[-0.68435057  1.92321766 -1.45342698 -0.35561073]
[-0.78403435 -0.95722587 -1.50199813 -0.08149338]
[-0.40666524  0.58823495  1.97618459 -0.22525001]
[-0.61576567 -0.92737993  0.99942946  0.6864411 ]
[-0.74306281  2.0238564   0.56860702 -3.2861229 ]
[ 1.38680457 -0.81019649 -0.07143352 -1.76924631]
[-0.77423273 -1.56162913 -0.32852468 -1.79954639]
[-0.5373057   0.0040867  -2.3923826   1.44300491]
[-0.75115602 -1.4734714  -0.08797274 -1.04197139]
[ 1.08657459  1.04037263  2.06087637 -0.43277783]
[ 1.28857984 -0.33160388 -2.49730139 -2.27513262]
[ 1.46268627  0.24807403 -0.72649584  0.81101835]
[-0.77182963  0.34371183  0.17644562  1.0676206 ]
[-0.5390735   1.12603582  1.61847416 -1.16057742]
[-0.65536997  0.7304959   1.1594974   0.01150122]
[-0.76606731  1.99101956 -0.94131082 -1.16345577]
[ 1.33458905  0.26066624  1.16366987  0.66207001]
[-0.78574419 -0.33269986 -0.75427633  1.32190233]
[-0.76409479  2.35060891 -1.0692538  -2.34056824]
[ 1.40772388  1.65964944  0.85120929 -0.46168724]
[ 1.45610281 -0.16081149 -0.12716818  0.25845819]
[ 1.10454327 -0.17700342  1.82984971  0.4557609 ]
[-0.60818921 -1.68997526  0.55638828 -1.71653456]
[ 0.00383075  1.18053128  2.53357997 -1.7952668 ]
[-0.77071596  1.49000361 -0.77960499  0.02047124]
[-0.73486633  1.26250187  0.71235228 -0.78465316]
[-0.76467489 -0.21471327  0.17970156  1.26255081]
[-0.70681186 -0.84608027 -2.22971071 -0.3603781 ]
[ 1.45853346 -0.36881733 -0.61900625 -0.46468529]
[ 0.12094223 -0.86322114  2.36557597  0.3995121 ]
[ 1.46090197  0.02176932 -0.79878735  0.45149218]
[ 1.42105683  0.01924123 -1.3850677   0.26663881]
[-0.78233065 -1.23263588 -0.27433745 -0.18971076]
[ 1.47035842  1.55398056  0.01035415  0.34911948]
[-0.7405878   0.57209914  0.59215369  0.61163732]
[-0.77222061 -0.94528191 -0.07920531  0.60464973]
[ 1.27075628 -0.64525239  1.04052528 -0.21169517]
[ 1.40745184 -0.36440876 -1.6479559  -1.32014978]
[-0.7314381   1.60907349  0.73485    -1.82911091]
[ 1.17169356  0.79828499 -2.33341384  1.49906352]
[-0.08819582 -1.42749808  1.91730993 -0.42387849]
[-0.79418171 -0.80056218 -0.95986724  0.64720488]
[ 1.20724601  1.70544756 -1.98838152  1.28863165]
[-0.6732676   1.14948626 -1.45620713  1.1524576 ]
[ 1.42825104 -0.54286888 -1.3746253  -2.14643022]
[ 1.45311802 -0.41276108 -0.49581556 -0.53717322]
[-0.80284108  1.91566601 -0.08656359 -1.9797151 ]
[-0.33454369 -0.28471785  2.00456143  0.64602698]
[ 1.3992559  -0.25388754  0.51620597  0.28392272]
[-0.58078622 -1.84324978  0.50012293 -3.12087623]
[-0.70999642 -0.19328408  0.69737318  1.10955642]
[-0.78815375  1.21693738 -0.40674466  0.26468564]
[ 0.9950475  -0.74041112  1.84238753  0.03278173]
[ 0.34474024  0.51525781 -1.63897718  0.8986112 ]
[-0.55352137 -1.22029926  1.08907405  0.19620179]
[-0.79395669  1.37931387 -0.10272477 -0.34452524]
[-0.78628957 -0.16620941 -0.27284563  1.34952308]
[-0.74373961 -0.41246244 -1.4470037   1.18844897]
[-0.60748239  2.26857747 -1.8484858  -0.85948316]
[-0.8040389  -1.01652862 -0.95903606  0.10485693]
[-0.76414553 -0.52955013  0.10995162  1.13570083]
[-0.75024888  0.05541474 -1.15630454  1.5747077 ]
[ 1.17432731  0.24546784 -2.42210555  0.62885216]
[ 1.30555482 -0.21612567 -2.29984672 -1.11799179]
[ 1.47480688  0.53250117 -0.23654349  0.92964105]
[-0.77676112  0.31191226 -0.66206152  1.43271814]
[-0.80990192 -1.20253784 -1.17606691 -0.77539063]
[-0.43485407 -1.61013283  1.19565798 -0.98459952]
[-0.80001752  1.75966442 -0.11629412 -1.39307823]
[-0.72761534 -1.19498777  0.25331618  0.13214514]
[-0.79435327 -1.31087345 -0.46302964 -0.60050903]
[-0.69491415 -0.71488226  0.65755637  0.93492967]
[ 1.39869795 -0.58004071  0.22872657 -0.55921263]
[ 1.35979565 -0.05936665 -1.88037791 -0.14723537]
[-0.79283445  1.62362941 -0.49981266 -0.57919595]
[-0.76975876  1.0926364  -0.74008731  0.7330834 ]
[-0.6811619   1.45937999 -1.45123585  0.66868569]
[-0.68176202  0.24489679  0.94704471  0.79160038]
[ 1.30176843  0.83682426  1.45604249  0.32951877]
[-0.61005292 -0.18894202  1.22411633  0.90874308]
[ 1.44643524 -0.45220246 -1.06785132 -1.17638496]
[ 0.84755433 -0.35261629  2.29454518  0.4434748 ]
[-0.77715243 -1.66121046 -0.47066104 -2.99003954]
[ 0.69484755 -1.21812344  2.04909959 -0.63999216]
[ 0.29395186 -0.5840855  -0.4892286   0.3005132 ]
[ 1.45995771 -0.22887098 -0.75499533 -0.12469625]
[-0.78572888  0.81640619 -0.03011366  0.66418471]

Populations

0.0162407802751
0.0172587534826
0.0131347532602
0.0274132786228
0.0142359861525
0.00593862352963
0.0100148087696
0.0089607723038
0.011389948107
0.0130147088069
0.00980540900848
0.012509744932
0.00529496309524
0.00327914519693
0.0052496136688
0.00419877416053
0.00750803549764
0.0044926747555
0.00469213771847
0.00997209259667
0.0025273026435
0.0143466023881
0.010737875937
0.00510367600294
0.0135768019163
0.0135738144199
0.00602198708368
0.0131615088701
0.00660156350696
0.0210879492573
0.0105786070143
0.00391876767288
0.00842179250142
0.0288930823759
0.00957624729794
0.00933454907441
0.00427101006276
0.00871155299837
0.0173449641309
0.0109224625759
0.000881924088953
0.0102437265284
0.00689184526697
0.0157911538523
0.0187484944056
0.0126635459429
0.00841906338035
0.0155336019801
0.0128715329213
0.0129522870412
0.00719216750673
0.0116171402374
0.0010176757263
0.00400664221189
0.0131702909974
0.0019578323736
0.00424287476852
0.0063025834049
0.0128688627723
0.00704395157828
0.00437694416397
0.0282744186224
0.00291399072369
0.010213782124
0.0123853109736
0.00849357287596
0.00895988184737
0.0131724522317
0.0157231910218
0.00760281010537
0.00133489251545
0.0100483302052
0.0105306898262
0.00689493338183
0.00420773728231
0.00559479534021
0.021912610442
0.0121805213101
0.00835486604651
0.00625005334154
0.00979249054681
0.0105815766529
0.0154910626218
0.00851474145521
0.016513999792
0.0133332458417
0.00877911401645
0.00836223762868
0.00353373363607
0.0082091674362
0.0134661270507
0.00772268126804
0.0137895255803
0.00832527918744
0.00620821185643
0.00671522984741
0.020507198942
0.0129942736024

State labels

0
1
2
3
4
5
6
7
8
9
10
11
12
13
14
15
16
17
18
19
20
21
22
23
24
25
26
27
28
29
30
31
32
33
34
35
36
37
38
39
40
41
42
43
44
45
46
47
48
49
50
51
52
53
54
55
56
57
58
59
60
61
62
63
64
65
67
68
69
70
71
72
73
74
75
76
77
78
79
80
81
82
83
84
85
86
87
88
89
90
91
92
93
94
95
96
98
99
