Cluster centers 

[-0.86785294  0.17237124 -1.0800937   1.60499705]
[-0.72990603 -1.14906576  0.79993586  0.4504107 ]
[ 1.28315263  1.47957728 -0.16570024  0.64992245]
[-0.88470935  1.0670907   0.27613885  0.06528324]
[ 1.24558516 -0.31680885 -1.32070044 -1.03565642]
[ 1.27372307 -0.23379591 -0.070675    0.17255303]
[-0.84566158 -1.65599522 -0.24554433 -2.76321597]
[ 0.94065652  0.51517322  1.9876062   0.24976002]
[-0.91665622  1.9306748  -0.40641605 -1.27583464]
[-0.90022545 -1.43165831 -0.5786463  -1.27736554]
[-0.85493173 -0.42041436  0.2812428   1.19515639]
[-0.86911861 -1.24423352 -0.13019789 -0.0234095 ]
[ 1.0187688   0.29943073 -2.33810596  0.68525824]
[ 1.17671488 -0.03442742  1.01065476  0.6267296 ]
[-0.52723014  1.02056654  1.92671287 -1.0990503 ]
[-0.90036146  2.47733225 -0.61472291 -2.84370302]
[-0.85585357  1.24376241  0.62208053 -0.5734603 ]
[ 1.17067845 -0.373286   -2.00973896 -3.24207758]
[-0.83964301  0.86969948 -1.20175294  1.34707062]
[-0.54003741 -1.71281789  1.10181251 -1.32776978]
[-0.89024327 -0.82985505 -1.33725599  0.4812982 ]
[-0.89736731  0.84178932 -0.012821    0.62985935]
[ 0.78747744  1.4700827   2.29387508 -1.4902908 ]
[ 0.94247584 -0.77298987  1.57910447 -0.07894905]
[ 1.24072574 -0.11919768 -1.31399666 -0.15489449]
[-0.85611295  0.23963606  0.42450235  1.00785487]
[ 1.28612788  0.0915371  -0.45691671  0.65012267]
[ 0.91398293  2.73804201 -1.59518949 -0.5711933 ]
[ 1.23102028  0.44559718 -1.19549182  1.05082487]
[ 1.2607991  -0.56016566 -0.7832444  -1.74120001]
[ 1.24735621  1.28194671  0.77931685  0.28030803]
[-0.7810284  -0.2288116  -1.93334857  1.34980277]
[-0.54253023 -1.44149333  1.29899475 -0.18657083]
[-0.85383967 -1.04283128  0.09256733  0.55967273]
[ 1.23836885 -0.51595757  0.19561608 -0.39688059]
[-0.89829047  1.31348007 -0.57402061  0.31119406]
[-0.8937699  -0.3214582  -0.27247933  1.33972034]
[-0.58285218 -1.82771556  0.79664041 -2.58602692]
[ 1.28288524  0.2702336   0.12337495  0.86033436]
[-0.91417483  1.96548689  0.03369056 -1.9010552 ]
[-0.87820496 -0.82630249 -0.09694632  0.89586066]
[-0.70232955  0.29444534  1.31062737  0.49695016]
[-0.80213815  1.40052504 -1.42188478  0.87188029]
[-0.7618318  -0.79277277  0.79057835  0.90678917]
[ 0.98166198  1.96516007  1.78592969 -2.06299247]
[ 1.16099676 -0.30443358 -2.01698936 -2.06923092]
[-0.83365896  2.03570613  0.69287357 -2.91892951]
[ 0.45497161 -1.04016435  2.17750946 -0.02930061]
[-0.90687203  1.71706132 -0.55522934 -0.5494291 ]
[ 1.14746134 -0.11232243 -2.0125056  -0.65234291]
[-0.6974623  -1.72241719  0.56957177 -1.797311  ]
[ 1.26813184 -0.47726053 -0.50517285 -0.87763582]
[ 1.17913389 -0.40628414  0.80030962  0.18267176]
[-0.90390393 -1.27421353 -0.60029288 -0.46867358]
[ 1.15569159  1.09401102  1.36366383  0.11284173]
[ 1.17624927  1.67262699 -1.18450386  0.99536973]
[-0.831382    1.84908098 -1.2715944  -0.10464009]
[-0.89795431  0.82830379 -0.50435751  0.97238505]
[-0.84738643  0.64995468  0.5938896   0.49169788]
[ 0.70758045 -1.21151587  1.77753678 -0.82012754]
[-0.1168611   1.30286284 -2.83779182  1.71825934]
[ 1.13356796  0.3913312   1.36234506  0.62377706]
[ 1.23979361  0.43935774  0.74414117  0.79482139]
[-0.77954627 -1.46731781  0.3909253  -0.53210034]
[-0.9027187  -1.06926182 -0.58561331  0.25834352]
[-0.81906446  2.2624818  -1.28838649 -1.12957295]
[ 1.2549535  -0.10425562  0.35736373  0.50685144]
[-0.90319572 -0.79931214 -0.66801263  0.84322621]
[-0.74105405  0.7781235   1.21049915 -0.11138972]
[-0.90700226  1.39071723 -0.05195027 -0.29590712]
[-0.90047443 -1.50830001 -0.67157964 -2.1321602 ]
[ 1.2431058   0.10899262 -1.20583802  0.52646198]
[ 0.21295864  0.92936425  2.63370434 -1.07445813]
[-0.84468057  1.69658712  0.74950725 -1.86559667]
[ 1.16819953  0.12182755 -1.7795274   0.36926004]
[-0.89502998  1.59305296  0.24951386 -1.05984742]
[-0.89209043 -0.43313405 -0.95020837  1.29748175]
[-0.92134879 -1.28402204 -1.27391985 -1.47602752]
[-0.77923913 -1.31067634  0.49178293  0.03906213]
[ 0.31219445 -0.12690684  2.47422011  0.29011195]
[  1.30416734e-03  -1.57072699e+00   1.93873910e+00  -8.98628949e-01]
[ 1.13808194  0.9029414  -1.59038417  1.41505279]
[ 1.00666329  1.32293117  1.86460476 -0.66220555]
[ 1.27759827 -0.32000308 -0.51265877 -0.29469274]
[-0.81600664 -1.57068238  0.09875499 -1.2818858 ]
[-0.89607602  0.26229322 -0.27451319  1.3161156 ]
[-0.75226848 -0.21435923  0.99553029  0.9900735 ]
[-0.69264345  1.44478462  1.43197778 -1.77748705]
[ 1.27702518 -0.12349809 -0.77066387  0.12522216]
[ 1.28271741  0.81375941  0.29650408  0.89313231]
[ 1.09505516 -0.96939538  0.67855847 -1.56631121]
[-0.9091668  -1.09477795 -1.26928444 -0.37712957]
[ 1.09688078 -0.75602765  1.00618726 -0.43699768]
[-0.73433307  1.10130594  1.28768005 -0.80555206]
[ 1.24916602  2.25113286  0.4750154  -1.21568642]
[-0.81152232 -1.70644256 -0.17815582 -4.00755624]
[ 1.28418705  0.60723061 -0.49150337  1.07604987]
[-0.35710677 -0.80703995  1.91971931  0.57867541]
[-0.87034    -1.41961904 -0.21578706 -0.76999573]
[ 0.93641639 -0.34729138  1.77457036  0.42758826]

Populations

0.00997649829789
0.00995374345595
0.00440316192322
0.0156817773253
0.0210343019918
0.021387085609
0.00575414314353
0.00737532298462
0.0104587495796
0.00933302937531
0.0155735362226
0.0147849490048
0.00301053980286
0.0149334337472
0.0026195516168
0.00385260652877
0.0130219554259
0.0026531049341
0.00564275927055
0.00529529761308
0.0113505216465
0.0151200962616
0.0021480461375
0.00876642110132
0.0187495211616
0.0157348073767
0.0202682760886
0.00209328332209
0.00867784628646
0.00986935730951
0.00837151526031
0.0043369254697
0.00660485414262
0.0139617183324
0.0186535147101
0.016208116105
0.0193760223891
0.00250876068671
0.0170620994397
0.00861469680222
0.0135843606439
0.00838076679385
0.0040133414381
0.0110903596516
0.00203029813213
0.00796338971178
0.00445331026338
0.00941984846554
0.0119838031217
0.0118731915897
0.00545303177906
0.0157998388629
0.0157529611589
0.0135335312284
0.00709350964463
0.00233847865223
0.00552580427656
0.0125170161741
0.0146012885667
0.00637109234254
0.000738277009253
0.0108307338733
0.0145711648993
0.0107047932866
0.017001133821
0.00412761773828
0.0184781322593
0.0155368371822
0.0101959163333
0.0157158152553
0.00618688056838
0.0124244040058
0.0020777097176
0.00769859031668
0.00860873668268
0.0152273305105
0.0130281570808
0.00478521051964
0.00884466094005
0.00696985902146
0.0039361033204
0.00361299755272
0.00696302412737
0.0201909410363
0.0103756218671
0.0174189396292
0.012452504136
0.00451053457512
0.0170500723969
0.00956952858882
0.00474801565149
0.0107041310778
0.0095299610476
0.00731442447696
0.00277708447941
0.00195462306652
0.0139643369114
0.00666233826791
0.00999022085087
0.0135214655382

State labels

0
1
2
3
4
5
6
7
8
9
10
11
12
13
14
15
16
17
18
19
20
21
22
23
24
25
26
27
28
29
30
31
32
33
34
35
36
37
38
39
40
41
42
43
44
45
46
47
48
49
50
51
52
53
54
55
56
57
58
59
60
61
62
63
64
65
66
67
68
69
70
71
72
73
74
75
76
77
78
79
80
81
82
83
84
85
86
87
88
89
90
91
92
93
94
95
96
97
98
99
