Cluster centers 

[-0.76355457  1.08066832  0.11031144  0.0983406 ]
[ 1.26422834 -0.62017802  1.16642938 -0.07653745]
[-0.77622885 -0.96862279 -0.79004045  0.34315189]
[ 1.39478723 -0.22414992 -2.19651891 -1.44835592]
[ 1.49449072 -0.06078904 -1.11290702  0.18164596]
[-0.55043187 -0.02198916  1.48369132  0.71783742]
[-0.55334578 -1.70970174  0.64549007 -2.36782105]
[-0.76342054 -0.23625606 -0.20018462  1.31773346]
[-0.18780551  2.25799362 -1.74500603 -0.58195837]
[ 1.51353772  0.37158535 -0.18026204  0.93234307]
[ 0.95640344  0.40963122  2.29514781  0.22714569]
[-0.73631862  1.59508687  0.57905802 -1.47456731]
[-0.7462868  -1.42869949 -0.15453153 -1.05232821]
[-0.67362948  1.27058912 -1.25969388  0.7759194 ]
[ 1.50039527 -0.32113666 -0.73544773 -0.4401859 ]
[-0.74682669 -0.94156949 -1.50435819 -0.07173632]
[-0.7073748  -1.2533607   0.29905192 -0.01390646]
[-0.77495988  1.89716428 -0.01174156 -1.79867934]
[ 1.49293501 -0.47229977 -0.75958235 -1.16283961]
[ 0.34084231 -1.03040764  2.34199106  0.13503572]
[-0.76567557  0.90397554 -0.13577624  0.55689597]
[-0.7513403  -0.74381167 -1.18815076  0.71395413]
[ 1.25381228 -0.17871841  1.45860478  0.54180569]
[-0.77958529 -1.50037258 -0.71520608 -3.14114711]
[ 1.41058444  0.60962791  0.99970352  0.70137814]
[-0.67297477 -0.30850429  0.85962752  1.04497787]
[-0.70169258  2.23024133 -1.21376054 -1.46659856]
[ 1.45903306 -0.45291337 -1.66112546 -3.04748063]
[ 1.37794763 -0.00547088  0.99119255  0.64038101]
[-0.77333883 -1.15351236 -1.49586789 -1.16698627]
[-0.7740784   1.63782208 -0.17148297 -0.89235891]
[ 0.91862279 -1.05559457  1.78637418 -0.56441429]
[-0.66037003 -1.5731406   0.37114479 -1.43308786]
[ 1.48245814 -0.49465853 -1.16481783 -1.99099702]
[-0.7410579   0.48622068  0.41242216  0.77595018]
[-0.03214569  0.76208978  2.46550086 -0.72419695]
[-0.65181992  1.1354079   1.14453208 -0.76785265]
[-0.74327744  2.03527293  0.48566431 -2.82265713]
[ 1.48059418 -0.31584434 -1.39900414 -1.04635605]
[ 1.5080963   1.32881954 -0.38889251  0.8088991 ]
[-0.72930629 -0.36889229 -1.21197161  1.28716883]
[ 1.14395584  1.34177803  1.91906708 -0.76674878]
[ 1.51055187 -0.02836275 -0.5428827   0.45061896]
[-0.54987936 -0.33929051 -2.17878457  1.06942304]
[ 1.45378983 -0.55916113 -0.02822207 -0.75837293]
[-0.61174774 -0.78840617  1.0429719   0.84319395]
[-0.78687941 -1.24345951 -0.87023769 -0.80216045]
[-0.78394705 -1.39334223 -0.69182296 -1.56238692]
[-0.63767189 -1.12544246  0.78350733  0.40709268]
[ 1.35447703 -0.05723991 -2.27177035 -0.41779217]
[ 1.41779054  0.13942404 -1.77081043  0.50011912]
[-0.76005528  1.42043963 -0.49875237 -0.09454703]
[-0.76293259 -1.22782766 -0.26672609 -0.20015946]
[-0.47114283 -1.40719796  1.27867979 -0.2514832 ]
[-0.69932835  0.91262254  0.86173691 -0.11600686]
[-0.74769523  1.07506265 -0.65173474  0.63468743]
[ 0.8274588  -1.28989923  1.66810191 -1.40648531]
[-0.76256091  0.45028315 -0.1913664   1.10669815]
[-0.76447873 -0.46491583 -0.61522558  1.24840697]
[ 1.44273084 -0.7072093  -0.17351945 -1.70728864]
[-0.77047465 -0.79038071 -0.4684019   0.84272668]
[-0.76466189 -1.5237184  -0.4942985  -2.54495883]
[ 1.47936485  0.42187671  0.42846692  0.85678337]
[-0.49936587  1.5305483   1.45361298 -1.97913146]
[ 0.41180466 -0.54762644  2.51467721  0.46324418]
[ 1.42033942  1.20384907  0.97869305  0.22800252]
[ 1.44927163  0.6945804  -1.36901479  1.21496764]
[ 1.40642443 -0.51820071  0.48286639 -0.23484284]
[ 1.2304101   0.50440039  1.7145589   0.4623978 ]
[-0.51375321  0.61946634  1.6742951  -0.10539939]
[-0.69994924  1.58944654 -1.11988207  0.08942906]
[-0.73326336  0.10903376  0.44642342  1.07172127]
[-0.74172905 -0.49158962  0.22235998  1.15163608]
[ 1.33682241 -0.22715459 -2.64777146 -2.6701619 ]
[-0.74455352  1.84152478 -0.78293227 -0.82334799]
[ 1.4672672   2.05444196  0.51830949 -0.99280462]
[ 1.46139306 -0.16552163  0.30460814  0.41746857]
[ 1.49251613 -0.29664482 -0.26495517 -0.06223525]
[-0.66473614  0.11440635 -1.50636611  1.61687824]
[-0.31159529 -0.68002844  1.9599005   0.6131582 ]
[-0.57378459  0.98648725 -1.72888356  1.41058884]
[-0.40615217 -1.67389505  1.21059727 -1.4959486 ]
[ 0.8911424  -0.82368594  2.04915574  0.0638809 ]
[-0.74741144  0.35840663 -0.67689355  1.36699172]
[-0.76825744  2.35264758 -0.69913535 -2.56497997]
[-0.77037724  1.40555285  0.01274228 -0.49018023]
[-0.76367432 -1.49851888 -0.42555543 -2.02081947]
[-0.76417614 -1.05444417 -0.24084968  0.34653751]
[ 1.00527884 -0.452614    2.00572972  0.39965211]
[ 1.50695538  0.3117694  -0.8254269   0.88811484]
[ 0.01143943 -1.48921782  1.96511917 -0.70440549]
[-0.63379129 -1.69823939  0.2301802  -3.59086871]
[-0.7646806  -1.32903328 -0.32121209 -0.67291455]
[ 1.46750004 -0.17399706 -1.52773467 -0.43940834]
[-0.65594683 -1.43876045  0.5016791  -0.59709485]
[-0.75048928  1.17737922  0.42117466 -0.32085851]
[-0.78198312 -1.1347008  -0.80226691 -0.22517013]
[-0.74500852  1.38105221  0.50539697 -0.84773072]
[-0.70963187  0.60389792  0.74625422  0.44821334]
[-0.73422046 -0.91110218  0.1967655   0.73341143]

Populations

0.0143552333441
0.0152616831923
0.00975487018356
0.00906705171863
0.0222123660294
0.00845535953064
0.00499140084115
0.0170892770403
0.00225673074108
0.0224400078489
0.00751305670436
0.0104103382255
0.00709942396806
0.00492708588385
0.0217935443771
0.00653124533388
0.0100697187379
0.0088228503299
0.0110647823739
0.00583978888381
0.012385955876
0.0112636857362
0.0102079128077
0.00255085040508
0.0130073189296
0.0103229782092
0.00316923212256
0.00190888052885
0.0162474148493
0.00396932584312
0.0123720434701
0.00792145663569
0.00915073340898
0.00748140280517
0.0106088023716
0.00329724809478
0.00868041089533
0.00394566913378
0.0163538572923
0.0112679740262
0.00848966336022
0.0105568427192
0.0196408199343
0.00433521599156
0.0159118386523
0.0106450947677
0.00895592079155
0.00608624103427
0.00945091234513
0.0061491891352
0.0124956779856
0.0145683226445
0.0135840296892
0.00593268294093
0.00812957033253
0.0122062896217
0.00337686995825
0.0125026842036
0.0109916768299
0.00311819900054
0.0124792400053
0.00453969393798
0.0198702241575
0.00609786324345
0.00501684596969
0.012297634435
0.00855649020687
0.0186747357376
0.0122495735498
0.0055953907665
0.00685254840141
0.014559924181
0.0147745854907
0.00286235236483
0.00973011098262
0.00461212262821
0.0301037679217
0.0290790022611
0.00587687565117
0.00440297980879
0.00322428988409
0.00358379091639
0.00410686314764
0.0138013028262
0.00352441426953
0.00889246738469
0.00607744872509
0.0140941165827
0.00818423053187
0.0139844108942
0.00441689773777
0.00182732040548
0.00897173098123
0.0159434518109
0.0121188559581
0.00930062458708
0.00813595426522
0.0103333421921
0.0141800626097
0.0138697519206

State labels

0
1
2
3
4
5
6
7
8
9
10
11
12
13
14
15
16
17
18
19
20
21
22
23
24
25
26
27
28
29
30
31
32
33
34
35
36
37
38
39
40
41
42
43
44
45
46
47
48
49
50
51
52
53
54
55
56
57
58
59
60
61
62
63
64
65
66
67
68
69
70
71
72
73
74
75
76
77
78
79
80
81
82
83
84
85
86
87
88
89
90
91
92
93
94
95
96
97
98
99
