Cluster centers 

[ 1.42140292 -0.27048899 -0.43013634 -0.09179485]
[-0.78536538 -0.09611511  0.19536887  1.24219229]
[-0.82175752  1.6250944  -0.03205224 -1.0672667 ]
[-0.57737315 -1.78417671  0.64028503 -2.0567939 ]
[-0.80150238 -0.88109174 -0.21693655  0.72563273]
[ 1.11256962 -0.31054858  1.65851601  0.43709389]
[-0.80283781  0.92390616  0.16393782  0.35248468]
[ 1.38016203 -0.3249144  -1.49761577 -1.05454563]
[-0.7992729  -0.52403555 -1.16910127  1.09219987]
[-0.65386655  1.48441805  1.27951847 -2.01669525]
[ 1.42068482  1.57651016  0.1235251   0.28416037]
[ 1.39285472 -0.49329393 -0.02090135 -0.45978521]
[-0.02532355 -0.80835137  2.2618477   0.47273452]
[-0.81104399 -1.34910614 -0.48002171 -0.69454166]
[ 1.09807313  1.34088596  1.97023508 -0.90853384]
[ 1.43231628  0.90518691 -0.13251939  0.97476812]
[-0.81057069  0.67678642 -0.22792178  0.9589137 ]
[ 1.3230767   0.14346882 -1.74466171  0.42220903]
[-0.82201456 -0.89600312 -0.90121658  0.48169846]
[-0.6514179   1.10925213  1.29602207 -0.92470029]
[ 0.31103371  0.42645544  2.60905727 -0.19933477]
[ 1.33260693 -0.17402641  0.79329398  0.45533085]
[-0.73000206 -1.05749861  0.40169623  0.5136918 ]
[ 1.26503659 -0.06693401 -2.16691018 -0.41789555]
[ 1.17796496 -1.09265406  0.76819933 -1.81256009]
[-0.80484778  1.09720362 -0.56601649  0.60681031]
[ 1.37578884  2.18522856  0.53211375 -1.34664138]
[-0.75362398  2.39762589 -0.84052368 -2.75378708]
[-0.81773258 -1.4556847  -0.60641439 -1.35385514]
[ 1.35740351 -0.49383838 -1.75461403 -2.60786829]
[-0.81456747 -1.00430485 -1.36210452 -0.12058397]
[-0.78483081  1.85519005 -0.96248969 -0.67811379]
[-0.74528067 -1.76343283 -0.22581076 -3.48260888]
[ 1.42680806  0.37520084 -0.64360596  0.91661941]
[-0.72719438  0.52253508  0.83523182  0.51167658]
[-0.52958799 -0.59997782  1.45295324  0.81245199]
[ 0.7140374  -0.47738304  2.30994247  0.36734473]
[-0.79972527 -0.02194057 -0.86383891  1.49732435]
[-0.72525945  0.25617452 -1.50770521  1.64528679]
[-0.41187909 -1.65933386  1.22747782 -1.05484676]
[-0.72060961 -1.56596956  0.19756606 -1.12722717]
[ 0.83182975 -1.17553145  1.7894266  -0.7417479 ]
[ 1.33254802  1.28878637  1.14396906 -0.03433165]
[ 1.36131519  0.59707649 -1.33035836  1.12282325]
[ 1.38022393  0.68550801  0.75623242  0.7238837 ]
[ 0.48842939 -1.18156646  2.13664563 -0.2538895 ]
[-0.73875849  0.91559033  0.83024245 -0.12574907]
[-0.81755591  1.31877136 -0.27010111 -0.05344684]
[ 1.4066943  -0.5535184  -0.91836236 -1.58275547]
[-0.79118053 -1.61664218 -0.38734935 -2.13918758]
[-0.68722875 -1.33892939  0.531378   -0.10651711]
[-0.50815283  2.2734501  -1.62348457 -0.93592753]
[-0.7791713   0.413033    0.38763224  0.88983579]
[-0.73278574 -0.34340102 -1.75628414  1.19880185]
[ 1.43237653  0.21935463 -0.20646596  0.77693958]
[-0.78121453  1.70557992  0.57561079 -2.02307145]
[-0.81445275  1.4071997   0.08859853 -0.5946727 ]
[ 1.38924457 -0.13883501 -1.33387056 -0.20316745]
[-0.03350496  1.17415491  2.23213456 -1.57741784]
[-0.80545558  1.97608703  0.30385098 -2.73016714]
[-0.76317371 -1.34249095  0.0349733  -0.31766203]
[ 1.39230015 -0.62984546 -0.26066267 -1.14766681]
[ 1.41682861 -0.36716829 -0.80786737 -0.63033488]
[ 1.34046191 -0.51635365  0.51008618 -0.18603934]
[ 1.17692047 -0.62106782  1.29236157  0.00687362]
[-0.6886382   1.40036472 -1.51087161  0.84027243]
[-0.78076167 -0.61155666  0.12259893  1.07987542]
[-0.80986536 -0.23389896 -0.32526977  1.34755079]
[-0.69225722 -0.77874904  0.73390204  0.88857937]
[ 1.24964017 -0.25925253 -2.40298628 -1.71700852]
[-0.78832312 -1.12540506 -0.10768506  0.24577468]
[-0.82030342 -1.04206357 -0.61335354  0.2502331 ]
[ 1.4258275  -0.02958978 -0.64685715  0.35725017]
[-0.83070252 -1.19980102 -1.25295146 -0.80898581]
[-0.78414641  0.6406966  -0.91464597  1.34423105]
[-0.70085773 -0.1792327   0.85880898  1.03991166]
[ 1.40865216  0.1870594   0.30467338  0.74811614]
[ 1.40267392  0.12594878 -1.10315991  0.53799824]
[ 1.23017148  1.2953997  -1.80320943  1.22734641]
[-0.79448503  1.15088327  0.36271621 -0.23941663]
[-0.48799828  0.05070979 -2.51952852  1.40704837]
[-0.8091706   0.34282216 -0.40804063  1.32613251]
[-0.7837211   1.54378144 -0.89785331  0.03746555]
[-0.48094944  0.11013285  1.74592434  0.4875396 ]
[ 1.06815349  0.55188903  2.00075273  0.24305189]
[ 1.40233585 -0.21355795  0.12296156  0.25574504]
[-0.52552044 -1.27666269  1.20626091  0.14691342]
[-0.77003663  1.34133333  0.6419514  -0.95540354]
[-0.60220696  0.7124656   1.45153068 -0.17538039]
[-0.80969375  1.65904921  0.23929175 -1.47279613]
[-0.8293747   1.99461678 -0.32048645 -1.94691437]
[-0.78619654 -0.7419547  -1.53283984  0.53242974]
[ 1.18050719 -0.87704689  1.08670542 -0.67249336]
[ 1.27238772  0.21498475  1.27777939  0.64537985]
[-0.84079712 -1.37983912 -1.27998729 -1.96498211]
[-0.780201    2.27446616  0.08913835 -3.78582511]
[-0.8141232   1.9354124  -0.6547211  -1.29795838]
[-0.8190892   1.61021514 -0.43082514 -0.59773358]
[-0.81609504 -1.19673539 -0.52267625 -0.15608073]
[-0.81580862 -0.6238629  -0.62164917  1.04769758]

Populations

0.0202610987491
0.0167337729714
0.00842406242843
0.0072896407177
0.0156914151974
0.0111125917472
0.0167459443911
0.0177186351684
0.00859051424084
0.00560881241266
0.00663488719343
0.013879465947
0.00526506357611
0.0149010609262
0.00811520176844
0.0127292330287
0.0130842542701
0.0101736010579
0.00976721515626
0.00737459852455
0.00376712173613
0.0192346994737
0.0127044005298
0.0110681581855
0.00294724918655
0.0137516588496
0.00300417830021
0.00288319981468
0.00887489657652
0.00552141176328
0.00793601798036
0.00600315273046
0.00450777383669
0.0119458276371
0.0150907041895
0.0070392059305
0.00973337084021
0.00964960879154
0.00470419864232
0.00751403868323
0.0149791636875
0.00593673169349
0.00928930133711
0.0078526134782
0.0171667338653
0.00920168816769
0.00983783296197
0.0149196926008
0.0104382669041
0.00854870005376
0.011074159001
0.00333950870547
0.0151096357328
0.00340939248839
0.0150158605432
0.00571696749329
0.0092116470343
0.0197466889997
0.00334067279841
0.00444409640615
0.0115316381096
0.0072034707558
0.0179348165232
0.0127460408661
0.0124027169761
0.00505478168677
0.012979418493
0.016407184178
0.0111819060823
0.00677844938318
0.0135671886228
0.00956177608877
0.0185607311522
0.00737870590381
0.00802650575054
0.0139446239779
0.0191198820161
0.0121917302915
0.00418665938076
0.0129580566415
0.00153755271846
0.0110371679647
0.00879441388461
0.00574926318407
0.00836110135834
0.0210869697272
0.0094531490577
0.0112936407882
0.00683665778387
0.00747311618848
0.00630946572421
0.00579196252582
0.00631697697677
0.0166643143741
0.00323863858434
0.00143318300315
0.00706637386787
0.00784706265026
0.0118899891642
0.0115414204904

State labels

0
1
2
3
4
5
6
7
8
9
10
11
12
13
14
15
16
17
18
19
20
21
22
23
24
25
26
27
28
29
30
31
32
33
34
35
36
37
38
39
40
41
42
43
44
45
46
47
48
49
50
51
52
53
54
55
56
57
58
59
60
61
62
63
64
65
66
67
68
69
70
71
72
73
74
75
76
77
78
79
80
81
82
83
84
85
86
87
88
89
90
91
92
93
94
95
96
97
98
99
