Cluster centers 

[-0.71521148  1.47816217  0.4846929  -1.31670739]
[-0.67888245 -0.58992822 -0.91048022  0.96871265]
[ 1.55943247  0.56583037  0.77313101  0.74640016]
[-0.71788814 -1.25118282 -0.65148407 -0.68272278]
[ 1.63738829 -0.31293272 -1.44646939 -1.18524533]
[-0.55794987 -0.13880383  1.4080887   0.75398138]
[-0.57524585  1.41344969 -1.12184268  0.72543375]
[ 1.61442646 -0.21980687 -0.13582909  0.13513157]
[-0.43948485 -1.48948712  1.12802015 -0.50288555]
[-0.73069964 -1.39742936 -1.05174696 -2.08992189]
[-0.65983675 -1.18057578  0.33852681  0.15226431]
[-0.71606801  1.07421313  0.18566732  0.08217136]
[-0.6512759   0.73696602 -0.6504667   1.26875639]
[ 1.65656326  0.46715511 -0.27081688  0.97493008]
[-0.71767377  1.99648634 -0.49605461 -1.72867063]
[ 0.5085318  -1.37098948  1.90909772 -0.72982506]
[-0.61571911  0.89502842  1.24112603 -0.55044407]
[ 1.64694604 -0.17106449 -1.11645508 -0.28753207]
[-0.69940471  0.79072155  0.60801609  0.22705594]
[ 1.40485391  1.42988493  1.43627321 -0.70797631]
[-0.68247951 -0.81913284  0.28450769  0.80397408]
[-0.47740058  1.01657262 -1.48780405  1.53165222]
[-0.69919627 -0.33264537 -0.26652416  1.28836011]
[-0.71295341 -1.05717721 -0.48660552  0.1118348 ]
[-0.64657041  1.49768051  0.9721613  -2.01737056]
[ 1.35818329 -0.82644447  0.77989371 -0.7383532 ]
[-0.69872416  1.64749172 -0.44786466 -0.60038941]
[-0.66801133 -0.8036717  -1.35900731  0.26725004]
[ 1.65631924  0.10811034 -0.69015262  0.57247034]
[-0.66893261  2.32884554 -1.04543937 -2.15274568]
[-0.66567683  0.35679247  0.89938268  0.64088691]
[ 1.51705868  0.05904776 -2.45046314 -0.41191656]
[ 1.59207553  1.76798453 -0.82494774  0.66377635]
[ 0.36606855  0.83093197  2.62146537 -1.28728316]
[-0.54249882  2.29750974 -1.4837536  -1.14817781]
[-0.45305754 -1.71020035  0.72615971 -1.67374736]
[ 1.50365609 -0.31676087  0.65946212  0.23684514]
[ 0.90264213  0.27876007  2.39684655  0.03036961]
[-0.61214522 -0.28743228 -1.30240536  1.31973332]
[ 1.1715173   0.79268118  2.04886648 -0.25163884]
[-0.66800297  1.1188866  -0.55562702  0.70030338]
[-0.55992479 -0.8062567   1.14767049  0.75753714]
[ 1.5099266   1.12686553  1.05347874  0.17876869]
[-0.71699344 -1.44061137 -0.64685866 -1.64760147]
[-0.72527667  1.96687653  0.18455055 -2.7787815 ]
[ 1.5340989  -0.11928409 -2.64768161 -1.76811574]
[-0.69031777  0.12565493  0.55794339  1.03188964]
[ 1.26412307 -0.59407263  1.41094894  0.0669579 ]
[-0.70418188 -0.70596087 -0.34764853  0.90243293]
[ 1.5871544  -0.42871946 -0.14519067 -0.37776867]
[-0.70560717 -1.26717643 -0.31767475 -0.45265333]
[-0.59182531 -1.18007576  0.79665914  0.25849482]
[-0.53079597  0.08756884 -1.55801333  1.65337201]
[-0.7037921  -1.0440711  -1.16656274 -0.36629758]
[ 0.07920625 -0.71672276  2.38642396  0.37843545]
[ 1.61916999 -0.04009383 -1.7219829  -0.28270329]
[ 1.51303247  1.93581811  0.92292195 -1.33376098]
[-0.70246968 -0.00814361  0.09846235  1.28755299]
[ 1.37651679  0.21531485  1.45821028  0.54537415]
[-0.65905405  0.60793014  0.99803468  0.21835311]
[-0.70537139 -0.90371573 -0.80337779  0.34951622]
[-0.6433086  -1.65123856 -0.2035406  -2.48543251]
[-0.63923395 -1.68716036 -0.41413326 -3.54834354]
[-0.63661273 -1.55191553  0.13487272 -1.29715451]
[-0.58258236 -0.50368849 -1.70065299  0.80839336]
[-0.69175878  1.42358288 -0.41386396 -0.05160512]
[ 0.79390341 -0.83624571  2.15683808  0.08368145]
[-0.7122422  -1.16076102 -1.29117227 -1.02358719]
[ 1.59949806  0.26317164 -1.66394956  0.6223475 ]
[-0.58414124  1.18004814  1.32381104 -1.37972233]
[-0.10962178  0.09900001 -2.60634809  1.37039851]
[-0.62611681  1.82330916 -0.99369015 -0.36999416]
[ 1.59957535  0.34064361  0.42409914  0.82107421]
[ 1.65140057 -0.05966072 -1.02866597  0.09496559]
[-0.72057527  1.3558792   0.14284065 -0.53224129]
[ 1.64182477 -0.29469038 -1.12220523 -0.74059215]
[ 1.6024812  -0.03664801  0.18458321  0.53352276]
[-0.67307147 -0.23527864 -0.7133355   1.40090253]
[-0.67685901  1.30729386 -0.5140936   0.31719353]
[-0.70555622  0.49825906  0.33290494  0.85941111]
[-0.68798806  1.16390284  0.78915352 -0.75833376]
[-0.60024757  0.33384566 -1.07175641  1.66192314]
[-0.70670841 -0.9321844  -0.2654419   0.51743361]
[-0.72591265 -1.30511913 -0.95927184 -1.31856357]
[ 1.58897255 -0.11422581 -2.16184235 -1.02090598]
[ 1.61793369 -0.52509553 -1.16859836 -1.95696645]
[-0.61178807 -1.41425575  0.48075121 -0.46527526]
[ 1.5619737   0.91419414 -1.450436    1.41224905]
[-0.68266677 -0.36576662  0.48022074  1.12999383]
[-0.69368436  0.61744139 -0.21784946  1.09827029]
[-0.68621697 -1.27867407 -0.02653996 -0.28988721]
[-0.68474521 -1.41838162 -0.12992387 -0.90697985]
[-0.73514436  1.80464854  0.03930532 -1.84224736]
[-0.67864563  0.29869843 -0.45030551  1.43315439]
[-0.71400464  1.7735598  -0.37110945 -1.10606832]
[ 1.59952654 -0.29125928 -2.22046761 -2.41989117]
[-0.69762989 -1.12432282 -0.08393728  0.1348238 ]
[-0.41207282  0.39603362  1.92999907 -0.13604374]
[ 1.55674993 -0.67162463 -0.26458472 -1.34669607]
[-0.70759616  0.90242781 -0.01309301  0.58096882]

Populations

0.0141814606294
0.0126353776698
0.0152102491989
0.0152890385843
0.0116979598827
0.0119184723974
0.00508327615148
0.019497751586
0.00740331857963
0.00616757688749
0.00616895152661
0.0181508528327
0.0067184041397
0.0193612846174
0.0061736883271
0.0151299041045
0.00635465570424
0.00999617397407
0.0149642281086
0.003868899534
0.015356709854
0.00644475646101
0.0176068108789
0.0138169747331
0.0102041296669
0.0090976695463
0.00851729212072
0.00891219121878
0.0204131327953
0.00456490775976
0.00971415727193
0.00397926735109
0.00469945281353
0.00399000782123
0.00290151387087
0.00737833955652
0.0288277102411
0.00651712757734
0.00677513662516
0.00615958996636
0.00793889697184
0.0149021369065
0.0117396703179
0.00685361552462
0.00620260337152
0.00471311113904
0.014815612374
0.0147937175377
0.0142416611919
0.0201174727944
0.00640547360359
0.00804774129897
0.00340121329735
0.00905722962989
0.00520255135689
0.013365466724
0.00466755615223
0.0120754828728
0.0195128853099
0.00736456907549
0.00975113859005
0.00684866960863
0.00345081267982
0.007291489901
0.00730367839867
0.0119215312239
0.0138657150707
0.00458144118046
0.0108394289889
0.00566468413399
0.00133870747952
0.0102042391951
0.0151506425635
0.0139981102222
0.0154647405488
0.0132068509613
0.0177593370008
0.00941956208959
0.0086954888482
0.0085137942872
0.0124102517614
0.00560015833812
0.0142274473529
0.00681650936021
0.00539271447624
0.0062247310477
0.013724999886
0.00623384746564
0.0130923073347
0.0125672312121
0.0123171247756
0.00858593235331
0.00509469848676
0.00947132904034
0.0090347317007
0.00387651269845
0.0077993409513
0.00746742714498
0.00606624317105
0.0114593284536

State labels

0
1
2
3
4
5
6
7
8
9
10
11
12
13
14
15
16
17
18
19
20
21
22
23
24
25
26
27
28
29
30
31
32
33
34
35
36
37
38
39
40
41
42
43
44
45
46
47
48
49
50
51
52
53
54
55
56
57
58
59
60
61
62
63
64
65
66
67
68
69
70
71
72
73
74
75
76
77
78
79
80
81
82
83
84
85
86
87
88
89
90
91
92
93
94
95
96
97
98
99
