Cluster centers 

[-0.60498563 -0.31960575 -0.46386641  1.31077607]
[ 1.72266847 -0.79400265 -0.57077574 -1.63990341]
[ 0.65502497 -0.46839851  2.47006174  0.10907755]
[-0.61871987  1.72611984 -0.76891689 -0.9683764 ]
[ 1.81661566  0.27734897 -0.07651144  0.84299853]
[-0.4945518   1.25975089 -1.07704595  0.80483712]
[-0.6440775  -1.14306523 -0.82625961 -0.31167262]
[-0.54758474  1.05762397  1.28013186 -0.93236637]
[-0.35087069 -1.61627863  1.03999433 -1.5375517 ]
[ 1.52381798  0.28118409  1.44116965  0.47071005]
[ 1.83217419 -0.29004281 -1.02116523 -0.14568005]
[-0.62830256  0.53614473  0.85283093  0.53328317]
[-0.64306197 -1.62660535 -0.64386126 -2.49941666]
[-0.53349724 -0.97719689  1.13054641  0.30825471]
[-0.643197   -1.30194721 -0.16333462 -0.59012098]
[-0.55371724 -1.31271217  0.69274503 -0.43579936]
[ 1.36027903 -0.65746404  1.41406913 -0.2710414 ]
[-0.57981434  1.29348385 -0.69653229  0.35886334]
[-0.6363896   0.19269141  0.61966162  1.01332872]
[ 0.81484043 -1.21933976  1.86524763 -1.11175092]
[-0.61753105 -0.85548119 -0.83898416  0.47783316]
[-0.57188453  1.54520871  0.86118254 -2.38011882]
[ 1.76594293 -0.29475423 -2.52906477 -0.74496878]
[-0.63913684 -0.99930481  0.00623953  0.29209253]
[ 1.59083573  1.6480458   0.99818883 -1.04129447]
[-0.66300813  1.56172038  0.15217267 -1.54141001]
[-0.41551262  0.06354199 -1.45230011  1.73707511]
[ 1.67665494 -0.43477386 -3.54041899 -2.3316521 ]
[ 1.79328911 -0.26077172 -0.29099926  0.0939358 ]
[-0.64209748 -1.28714652 -1.18489823 -1.07289342]
[-0.5337019   2.26774852 -1.73855109 -2.17453989]
[ 1.82387444  0.50807787 -1.26585828  1.22989219]
[-0.58374044 -0.57497548 -0.87606603  1.02250975]
[ 1.82932261 -0.34387377 -1.68790358 -0.54567302]
[ 0.90174869  1.32827439  2.26198802 -1.85248203]
[-0.52244329  2.08360819 -1.54128453 -1.41503737]
[-0.61468855 -1.44439414  0.05664518 -1.05047015]
[-0.65717197  1.25582392  0.18548854 -0.45079985]
[-0.56339768  0.17513192  1.35924778  0.61244565]
[-0.38411377 -1.27728309  1.43047942 -0.3474862 ]
[-0.60566528  0.70516866 -0.29378759  1.0823795 ]
[ 1.82289855 -0.07112573 -1.5521329   0.31516882]
[-0.54045908 -1.79768382 -0.17144949 -3.3902653 ]
[-0.63564328 -0.72828527  0.29744736  0.7718712 ]
[-0.62266866  2.07057441 -1.1415013  -2.13683274]
[ 0.99320083 -0.77326939  2.08993625 -0.25079246]
[ 1.70655847 -0.60426527 -0.01509773 -0.66377079]
[ 1.84428619  1.39212383 -0.5866968   0.86832202]
[-0.67802617  1.89858262 -0.36184096 -2.52184833]
[ 1.74540254 -0.05381354  0.3227086   0.47029277]
[-0.62482283  0.97984881 -0.19903416  0.58755577]
[-0.55725657 -0.76996288 -1.34203492  0.55149387]
[-0.64323243  1.15150914 -0.08169092  0.10551139]
[-0.45652193 -0.4347338  -1.60008596  1.15111139]
[-0.63807158 -0.21060529  0.44929684  1.14045054]
[-0.39240665  0.55595061  1.90588363 -0.21271032]
[-0.45862949  1.65652977 -1.41403783  0.14442389]
[ 0.20374985 -1.34692047  2.08399838 -0.85595901]
[-0.54320503 -1.64141164  0.26523712 -1.89211341]
[-0.65684591 -1.46275957 -0.6379867  -1.50913499]
[ 1.84212977  0.80624811 -0.30502453  1.07892186]
[ 0.44090443 -1.0274462   2.37168788 -0.34667082]
[ 1.18052082  0.80173789  2.15483139 -0.33406863]
[-0.61302901  1.39836363  0.778408   -1.62226817]
[-0.45280694  1.0205021  -1.16739139  1.28169378]
[-0.64535805  0.68133568  0.32588054  0.68712828]
[ 1.39464035 -0.15112232  1.67144814  0.3016771 ]
[-0.64387017  1.49427516 -0.35506698 -0.62071455]
[-0.63546595 -0.68775564 -0.26703434  0.85476505]
[ 1.80695571 -0.56552515 -1.01570128 -1.03460651]
[ 1.0215973   0.29170315 -1.33883077  1.26885428]
[-0.58857939 -0.56776997  1.00484846  0.8125255 ]
[-0.05707968  1.11847538  2.22883809 -1.83890333]
[-0.59711636 -1.03453886 -1.40216823 -0.23296431]
[ 1.50286479 -0.79265551  0.75459971 -0.79223538]
[-0.61785389  0.84903951  0.91782091 -0.07417375]
[-0.6546553  -1.2851378  -0.58714582 -0.70683515]
[-0.58892192  0.43093391 -0.42343745  1.39389466]
[-0.67256922  2.14418671 -0.94119501 -3.11644212]
[-0.66158281 -1.42760781 -1.25163879 -1.83736868]
[-0.64988484  1.29468373  0.43123147 -0.84082111]
[-0.64152107 -1.18640175 -0.123686   -0.2104252 ]
[-0.61555535  1.7664332   0.4750964  -3.10280924]
[ 1.84042875  0.08183359 -0.68619783  0.67132779]
[ 1.66809112  0.97890594  0.95877838  0.27909975]
[-0.42716628 -0.26194925  1.85656211  0.55084173]
[-0.55396913  0.03907837 -0.75186366  1.55516303]
[  1.80770649e+00   1.64401352e+00   2.80066061e-02   7.59629142e-04]
[-0.45684236  0.48973507 -1.15441977  1.71213362]
[-0.58971183  1.47166429 -0.73206604 -0.09508851]
[-0.62973736 -0.11541432 -0.02814787  1.31527116]
[ 1.73991978  0.49481196  0.60020955  0.75422927]
[-0.25770929  0.84931255 -1.78051239  1.80051986]
[ 1.81828845 -0.60570945 -1.88790181 -1.84568684]
[-0.64241686 -0.98424229 -0.48929485  0.24914504]
[-0.65018244  0.97511209  0.40493728  0.07737456]
[-0.64062241  1.86287377 -0.76484599 -1.61147094]
[ 1.7892877   0.95346682 -1.42914018  1.44813116]
[ 1.63124692 -0.24186763  0.80471962  0.24051211]
[-0.52071458  1.77642092 -1.27817067 -0.43941832]

Populations

0.0177608598687
0.00365261334726
0.0077927203634
0.0101764568236
0.0150007010288
0.00455517448104
0.0130739066186
0.0084783626957
0.00645252160475
0.0148833967638
0.0136211859632
0.0157605543862
0.00722934011722
0.0123397582644
0.011319987656
0.0188812206589
0.0107133419814
0.0102127432544
0.0185648983278
0.00592929085014
0.00831178226493
0.00367021063221
0.00882276238469
0.0167002419075
0.0112999018653
0.0157733803976
0.00472551412034
0.00238094191576
0.0264590735497
0.00852031582018
0.00192726340613
0.00376943561131
0.0110444477109
0.022642274627
0.00104967405434
0.00378517687764
0.0126475379696
0.00944811615775
0.0129275156587
0.00731844128141
0.0147115346078
0.0152005876751
0.00209614896367
0.0213275055617
0.00273158282593
0.00693089235885
0.00996783302644
0.00394447568399
0.00279034945303
0.0159100836127
0.0112075079586
0.00730947107132
0.0165316321189
0.00725331908052
0.0165199082266
0.00746916989592
0.00369733376501
0.00507579807414
0.00547638535707
0.0102729485498
0.00906494060662
0.00632113852643
0.0083263478893
0.00932030316181
0.00465363846547
0.0121469509132
0.00484430831255
0.00984845292639
0.0203297985575
0.0141181221996
0.0157297037275
0.0030447068051
0.0100885807122
0.00710100425921
0.0073634655496
0.00994433200852
0.0110643633466
0.000949990021615
0.0073146616687
0.0195231973673
0.014894753013
0.00367989142401
0.0190839783957
0.00999518640115
0.00623135528539
0.00939195817179
0.00266621461359
0.00453856330764
0.00991291477523
0.0183795040481
0.0198849516973
0.00490281305584
0.00397602600175
0.0204983801231
0.0156758065846
0.00835418772854
0.00253094047851
0.0217215156241
0.00653554111043

State labels

0
1
2
3
4
5
6
7
8
9
10
11
12
13
14
15
16
17
18
19
20
21
22
23
24
25
26
27
28
29
30
31
32
33
34
35
36
37
38
39
40
41
42
43
44
45
46
47
48
49
50
51
52
53
54
55
56
57
58
59
60
61
62
63
64
65
66
67
68
69
71
72
73
74
75
76
77
78
79
80
81
82
83
84
85
86
87
88
89
90
91
92
93
94
95
96
97
98
99
