Cluster centers 

[-0.70898487  1.56352407  1.17610522 -1.52876671]
[ 1.43858654 -0.29604879 -0.04117834  0.01811064]
[-0.73485944 -0.65721799  0.22985265  1.06269118]
[-0.82129745 -1.41025276 -0.60627945 -1.75974139]
[-0.55764619  0.10620694  1.35407216  0.91121197]
[-0.78869681  0.7021037  -0.41287073  0.86022409]
[ 1.37416931  1.24230408  1.00838879  0.32106394]
[-0.80423393 -1.23445243 -0.52517766 -0.4756838 ]
[ 1.14062018 -0.63856715  1.47543844  0.24683864]
[ 1.38367689 -0.33059413 -1.54348284 -1.51833585]
[ 1.46611123  0.15052548 -0.48341212  0.63711788]
[-0.63048185 -1.44854801  0.79881847 -0.39807891]
[-0.73747898  0.09157038 -1.49475532  1.32624904]
[-0.70392539  1.86982705 -1.29738956 -0.62186113]
[-0.79491714  1.77528241 -0.40225208 -1.03126514]
[-0.69820608 -0.15749241  0.60508672  1.19186864]
[ 1.31644942 -0.02841821  0.99340409  0.78265409]
[-0.78105563 -0.45245597 -0.29781701  1.1735313 ]
[-0.77162094 -0.59007897 -1.37139025  0.78446567]
[-0.67998808  1.05463725  1.14250147 -0.31673148]
[ 1.28293313  1.23720109 -1.94401904  0.93159176]
[-0.76829055  0.9986919  -0.92400706  0.70506854]
[ 0.49920652 -1.31135331  2.15998421 -0.45701805]
[ 1.33625047  0.01925132 -1.93247311 -0.16179376]
[ 1.04815584  1.10397379  2.16710551 -0.08156343]
[-0.68487051 -1.58186641  0.57435846 -1.27036159]
[ 1.4306578  -0.58818269 -0.59560153 -1.98780216]
[ 1.43173499 -0.03859108  0.18942433  0.58769009]
[-0.79057039  1.49093023 -0.46995455 -0.3436077 ]
[ 1.44262254 -0.49075206 -0.55687498 -1.19028203]
[ 1.14902171  0.47936931  1.76669326  0.72815558]
[-0.45432314 -1.39571155  1.36775691 -0.02253675]
[ 1.29259875 -0.61733165  0.93272053 -0.12274281]
[ 1.45491085 -0.27364444 -0.62124693 -0.3091283 ]
[-0.67310969  0.79443252  1.06749748  0.18177029]
[-0.80327141  2.38197413 -0.22371359 -3.02089955]
[-0.68241059 -1.10117877  0.53740575  0.50510697]
[-0.65426196 -1.76971068  0.82468814 -3.38561305]
[-0.78859758 -0.21864829 -0.68891414  1.27188177]
[ 1.30419007 -0.37134674 -1.90585237 -2.71516137]
[ 1.30235522  0.44800561  1.20784228  0.84439825]
[-0.76635591  0.68980031 -1.01463845  1.06641703]
[ 1.14643296 -0.99500467  1.33346459 -0.98488452]
[-0.78636125 -1.59966616 -0.00491964 -2.61037243]
[-0.66508794  1.84560753  1.53677128 -2.63698865]
[-0.74538541  1.35241211  0.80923029 -0.78684902]
[-0.77264941 -0.96082026 -0.15258124  0.57655235]
[-0.53372266  1.18476717  1.82710657 -0.91190193]
[ 1.47088996  0.8175096  -0.49669669  0.9594125 ]
[-0.78475302  0.31062462 -0.69674413  1.24286682]
[-0.75721215 -0.85230724 -1.67428399 -0.06185146]
[ 0.3976211   1.3484102   2.83656625 -1.29859559]
[-0.46508052 -0.98438533  1.3877313   0.77891324]
[-0.37789717 -1.60616199  1.54337831 -0.78349133]
[-0.80467829 -1.35479751 -0.42272276 -1.00261933]
[ 1.32298689  1.71700875  1.40848451 -0.65707617]
[-0.78911589  1.24503987 -0.50095965  0.13622213]
[ 1.40543828  0.6676914   0.66616574  0.85055554]
[-0.74085432  2.19494941 -0.94629896 -1.71435318]
[-0.42423561 -1.73141393  1.4339639  -1.63582188]
[-0.76898681  0.03624881 -0.02081638  1.22526486]
[-0.80213064  1.76156903  0.19540826 -1.42261229]
[-0.80645319 -1.20773329 -1.2807145  -1.4024262 ]
[ 0.76925334  0.21646752  2.38141834  0.69849112]
[-0.78808218  0.92904171 -0.0856242   0.44770283]
[-0.77018582 -1.20862203 -0.0705284  -0.02933285]
[ 1.45492593 -0.03266216 -0.89186357  0.19153895]
[-0.81313218 -1.19552489 -0.91656685 -0.72122935]
[ 1.41566512  0.08083567 -1.42758545  0.22340565]
[-0.75963567 -1.41122193  0.07282924 -0.76171338]
[ 1.42107064 -0.51542834  0.0370745  -0.60834778]
[ 0.54126335 -0.77939712  2.28315469  0.60853475]
[ 1.43153166 -0.27923555 -1.15746338 -0.78654736]
[ 1.45453761  0.41727515  0.05080549  0.89506357]
[-0.63729989  1.15268897 -1.85344002  0.84832263]
[-0.79487869 -1.0570041  -1.35814165 -0.57363264]
[-0.78922596 -1.51957508 -0.1012951  -1.77337732]
[ 1.37632079 -0.33186053  0.56251878  0.27893089]
[-0.71717272 -1.32478382  0.3500095  -0.17942887]
[ 1.3251598  -0.15612005 -1.96839761 -0.89373979]
[-0.79268918  1.93520018  0.60308337 -2.23623961]
[-0.74902729  0.4030065   0.33915145  0.9281842 ]
[-0.72781382  0.67378851  0.64548592  0.52104237]
[-0.22422047 -0.61386865  1.97660023  0.97937374]
[-0.62830696 -0.69396742  0.87494125  1.05407168]
[-0.8013525  -0.95440739 -0.95738312  0.19204594]
[-0.79540043 -0.76129062 -0.66794716  0.76998837]
[-0.79676411  1.47404743  0.1191617  -0.66514471]
[-0.41108152  0.5755986   1.92523148  0.23554001]
[-0.75246158  1.29445965 -1.04238547  0.32919386]
[ 1.05146977 -0.34145803  1.78662749  0.73327709]
[-0.6738703  -1.69577906  0.6658855  -2.19407554]
[ 1.39999602  2.52157135 -0.23526023 -1.37108607]
[-0.59596297 -0.22520722 -2.30065224  0.90588744]
[ 1.45973263  1.44007178  0.19587894  0.39517414]
[ 1.42901297  0.47413916 -1.27302449  0.83901785]
[-0.77706962  1.14525942  0.31302369 -0.09605598]
[-0.79669474 -1.1212622  -0.4477657   0.01930239]
[-0.80623321 -1.57647929 -0.19085631 -3.07250184]
[ 1.44639331  1.60430285 -0.77629185  0.53459176]

Populations

0.00804256399477
0.0275789325783
0.0115663097535
0.004951752218
0.00778891282338
0.011556530837
0.00852140517322
0.00917412458836
0.0123728819292
0.0157517307561
0.0221653518824
0.00611217479293
0.00778701588152
0.00536840422582
0.0104709932657
0.0121055611417
0.0201891633502
0.0123235297291
0.0120889210884
0.00722290905533
0.00422307478474
0.00607484584359
0.00845819506515
0.0121817602515
0.00817383311688
0.00954700791152
0.00927334988714
0.02152484537
0.0109930369005
0.0176581619189
0.00807924133567
0.00514434940453
0.0133213685202
0.0263654894759
0.0067980437819
0.00288328117705
0.0126635100581
0.00277958550903
0.013146435913
0.007722846459
0.0126477245439
0.00641821991571
0.00651521634728
0.00388065601016
0.00336898266986
0.0119788618084
0.0153295589693
0.00322155101736
0.0133948413064
0.0102495801027
0.00448295285062
0.00352258237622
0.00519185899312
0.00339375490076
0.00874177531338
0.00672455991219
0.0117718736727
0.0137431941229
0.00414623160343
0.00350989304229
0.0150802598615
0.0112288126613
0.00254756275076
0.00575547106124
0.0126765466963
0.0118938256039
0.0220273861849
0.00553821022427
0.0162362829602
0.00922353213308
0.0193272154906
0.01105383023
0.0247707667854
0.0197519003314
0.00374906640248
0.00387509956368
0.00563824262305
0.020440923037
0.00872407420145
0.00871649681813
0.00627669286948
0.0134632627282
0.0122032178644
0.00394874220633
0.00911009841034
0.0117279415268
0.0137054045
0.0119705432738
0.00411197307558
0.00675118761431
0.0127797210589
0.00472091848792
0.0030078429586
0.00353840131672
0.00621108836958
0.0143354264511
0.0156652827636
0.0101857927133
0.00161032401234
0.00403533094998

State labels

0
1
2
3
4
5
6
7
8
9
10
11
12
13
14
15
16
17
18
19
20
21
22
23
24
25
26
27
28
29
30
31
32
33
34
35
36
37
38
39
40
41
42
43
44
45
46
47
48
49
50
51
52
53
54
55
56
57
58
59
60
61
62
63
64
65
66
67
68
69
70
71
72
73
74
75
76
77
78
79
80
81
82
83
84
85
86
87
88
89
90
91
92
93
94
95
96
97
98
99
