Cluster centers 

[-0.7064043   1.13775972  0.97641878 -0.7049747 ]
[-0.79829365 -1.06274499 -0.34465611  0.28564102]
[ 1.37837923 -0.02912472  0.67180728  0.58081909]
[ 1.44621405 -0.09523165 -0.47902691  0.29208147]
[-0.78315905  0.62482523 -0.7027938   1.26515661]
[-0.72912449 -1.7690625  -0.16205322 -3.54888146]
[ 1.38493182 -0.62532309  0.11516037 -0.77409686]
[-0.71841419  1.9256038  -1.33039133 -0.47637293]
[-0.75917066 -0.55907284  0.27142334  1.09262778]
[ 1.34288689 -0.31030397 -1.98337938 -1.39176526]
[-0.68647114 -1.36045159  0.49292361 -0.23119274]
[-0.69694953  1.59370895  1.00962719 -2.08091843]
[ 0.66495564 -0.24067558  2.44139404  0.41495357]
[-0.80212358 -0.71860641 -0.45399951  0.92705093]
[ 1.40089908  0.13629896 -1.32468277  0.54130774]
[-0.79774508  1.12002828  0.08285135  0.06630475]
[-0.67030237 -0.22457839 -1.93044044  1.30529716]
[ 1.21134734 -0.59081146  1.24248065  0.01275925]
[ 0.08129238  1.3997726   2.31803584 -2.20929032]
[-0.82103328 -1.22586816 -1.11286597 -0.79891298]
[ 1.38202762  1.7552229   0.87891    -0.70386372]
[ 1.42834084 -0.13553527 -1.07272376 -0.02289014]
[-0.79527376  1.92684346 -0.74396794 -1.1855706 ]
[ 1.2196849   1.76008519 -1.83039281  1.14467063]
[-0.80635516  1.64025928 -0.4420061  -0.6748506 ]
[-0.79070682  2.06898065  0.27616157 -3.12099244]
[-0.78586303 -1.49004598 -0.32774212 -1.29512316]
[ 0.51458979 -1.39797969  2.04927926 -0.91606546]
[-0.46596406 -0.29335628  1.70595255  0.73037088]
[-0.5765895  -1.05345537  1.12684948  0.50997022]
[-0.78139281 -0.70757107 -1.39559204  0.66815909]
[-0.78881925 -0.24830189 -0.063404    1.29457402]
[-0.78843546 -1.6138149  -0.44816963 -2.33148025]
[-0.72312657  0.6062583   0.81899439  0.42917713]
[-0.55276608 -1.76841034  0.73006508 -1.99487809]
[-0.78316517  0.2709315   0.1445516   1.13172768]
[ 1.40147943 -0.68415362 -0.54508527 -1.73735807]
[-0.80702967  1.39292133 -0.16598877 -0.3172515 ]
[ 1.36919395 -0.10321988 -1.69522854 -0.22850632]
[-0.7941728  -1.34317212 -0.36982377 -0.63001838]
[-0.36356201  0.49640915  2.01716344 -0.09774943]
[ 1.44665136  0.60542589  0.13210394  0.90533433]
[-0.78073466 -0.92264017 -0.06270294  0.65852603]
[-0.7710971   1.50373826  0.53713234 -1.29926865]
[ 1.36297873  0.70909366 -1.4496521   1.21486165]
[ 1.10717757  0.46905716  1.9394348   0.33374313]
[ 1.44385231  1.54057485 -0.05668814  0.41783122]
[-0.79680159 -0.40549154 -0.7255803   1.26631778]
[-0.8275131  -1.35426976 -1.21080856 -1.66056924]
[ 1.43582541 -0.37581638 -0.59566439 -0.48568791]
[ 1.37245373 -0.44187797  0.44341479 -0.0722017 ]
[ 1.43463577  0.04352683  0.12204054  0.62092079]
[-0.55340459  1.14472983  1.59533516 -1.21781403]
[-0.81089659  1.6770271  -0.05771728 -1.19906524]
[ 1.03294142 -1.15580287  1.354082   -1.28117601]
[-0.09308898  2.49044151 -1.73897082 -1.15153984]
[-0.79259536  1.04349124 -0.53984632  0.67297481]
[ 0.80858636 -0.95002247  2.02819547 -0.13852311]
[ 1.27798603 -0.12650904 -2.2569166  -0.64508912]
[ 0.80147818  0.61801169 -2.67527141  1.42807182]
[ 1.44042279  0.63757433 -0.74940708  1.05073483]
[-0.81243822  1.91521476 -0.03159752 -2.04573319]
[ 1.34617809  1.01985156  1.14288895  0.32495608]
[ 1.23933202 -0.12409267  1.37716138  0.53891846]
[-0.65065317  0.74340565  1.23005011 -0.06633233]
[ 1.41514423 -0.37640758 -1.28622792 -1.03862476]
[ 0.01915291 -0.95465295  2.24466825  0.34617488]
[-0.66773618  0.14712878  1.06390829  0.8018038 ]
[-0.80819819 -0.8371826  -0.81104639  0.63154514]
[-0.78098295  1.21082763  0.39642056 -0.38864206]
[ 1.21906943 -0.79110547  1.05781099 -0.50236718]
[-0.66071395  0.94567663 -1.60658273  1.4089997 ]
[-0.73398079 -0.08098239  0.60902462  1.11008526]
[ 1.30410961 -0.40255559 -2.24318346 -2.51416553]
[-0.78496464  1.58251933 -0.76631026 -0.19591067]
[-0.73674395 -1.1787609   0.26674052  0.19734688]
[-0.20719311 -1.63146775  1.6465272  -1.01220774]
[ 1.35456283  0.46577901  1.00749666  0.71924137]
[-0.76537238  0.53538712  0.44822161  0.73761366]
[-0.72708867  1.4016241  -1.20546232  0.58249052]
[ 1.42480679 -0.25539362  0.03052635  0.13617492]
[ 1.24829885  0.17332605 -2.20226303  0.4292637 ]
[-0.7801145   2.31077481 -1.03813118 -2.21422309]
[-0.66603647 -0.58629537  0.89901434  0.97196467]
[-0.79616076  0.12025303 -0.43763681  1.40533228]
[-0.81529864 -1.07070414 -0.88442753 -0.01069413]
[ 1.08035461  1.24678489  2.01120439 -0.74719706]
[-0.79779238  0.64714983 -0.22377563  0.99280606]
[-0.79745671  1.43092299  0.18972776 -0.74679546]
[-0.7943856   0.87511778  0.05528001  0.52121043]
[-0.76223217  0.09615274 -1.12510825  1.55284331]
[-0.47891554 -1.38812054  1.28922068 -0.1570954 ]
[-0.71093613 -0.99133801  0.51645798  0.60579734]
[-0.75848081  0.9310409   0.58645711  0.0461592 ]
[-0.66689382 -1.5711566   0.45001556 -1.05742404]
[ 1.45092155  0.20865667 -0.51703644  0.76119325]
[-0.79675246  1.32254657 -0.51036679  0.14874512]
[-0.78315033 -0.93686947 -1.61457084 -0.10431706]
[-0.78503323 -1.22896538 -0.19756456 -0.11410815]
[ 1.01363617 -0.50220202  1.89367602  0.31825597]

Populations

0.00923223350029
0.0124428629103
0.0206865538445
0.0215853194036
0.00931013308087
0.00368988114919
0.0129689195978
0.00398588575769
0.0116117094834
0.010122783206
0.0121724530094
0.00616376663957
0.00763527120872
0.012159960851
0.0147438984894
0.00964017415691
0.00489450094793
0.0137151398721
0.00357135102728
0.00924177599749
0.00693239398732
0.0195560001479
0.00759537700866
0.00222560825381
0.00710893383536
0.00465164826401
0.0125167758441
0.00504165415814
0.00660949905534
0.0082305890193
0.0088455575294
0.0163391366681
0.00942370449948
0.00998917340319
0.00757363961093
0.0116002624326
0.0100314733481
0.00938992420317
0.0149031442496
0.0163186150364
0.00408427534805
0.0200666123546
0.0126160040467
0.0105117890204
0.00567543445944
0.0104007438417
0.00789426860884
0.0133248023951
0.00451750886741
0.0269153596614
0.0169132441075
0.0182711116776
0.00480147232701
0.0103584644363
0.00361846385803
0.00137714632931
0.0104363247276
0.00907803613916
0.00592397951972
0.00121756467117
0.0130331370492
0.0080426361204
0.0117103085506
0.0153083788229
0.00845099330536
0.0233801788035
0.00638837162298
0.00836581287876
0.0113724937186
0.00955973778688
0.00633128016028
0.00392348795721
0.0117695649266
0.00618305064719
0.00710059487577
0.0100374426354
0.00346942363848
0.0177228122202
0.0106950842598
0.00646944525477
0.0194435305972
0.00583620150778
0.00400374096556
0.00923840205898
0.0116519755636
0.0119161610669
0.00913125731338
0.0108187011447
0.00752940786669
0.0108290061267
0.00797612979876
0.00681452066816
0.0106963908697
0.00903410109826
0.0110847548391
0.01719910708
0.0100330660281
0.00463164554685
0.0128270342865
0.00753033925261

State labels

0
1
2
3
4
5
6
7
8
9
10
11
12
13
14
15
16
17
18
19
20
21
22
23
24
25
26
27
28
29
30
31
32
33
34
35
36
37
38
39
40
41
42
43
44
45
46
47
48
49
50
51
52
53
54
55
56
57
58
59
60
61
62
63
64
65
66
67
68
69
70
71
72
73
74
75
76
77
78
79
80
81
82
83
84
85
86
87
88
89
90
91
92
93
94
95
96
97
98
99
