Cluster centers 

[ 0.92976025 -0.25586909  2.05267262  0.37141849]
[-0.82377179  0.15148548 -0.28693801  1.35970616]
[ 1.40351321  0.19807868 -0.08008564  0.76781096]
[-0.8286574   1.70211034  0.15736343 -1.50146044]
[-0.77289004 -1.56797681 -0.07127475 -1.36310903]
[ 1.35556575 -0.33776398 -1.45230881 -1.04876781]
[-0.63275822 -0.72226557  1.10888942  0.82731876]
[-0.6929331   0.82092055  1.13313737 -0.15920174]
[-0.83241921 -0.93360392 -1.13056421  0.28432451]
[ 1.32408318 -0.79941487  0.1328136  -1.42443207]
[ 1.36305199  0.45650487 -1.12029782  1.01901084]
[ 1.17641865 -0.45430148  1.30848494  0.21855178]
[-0.83289322  1.32311512 -0.24399888 -0.0758776 ]
[ 1.37096742  1.51234354  0.69921776 -0.03003728]
[ 1.32609789  0.0805501  -1.53619124  0.35030476]
[-0.81635589 -0.89108384 -0.22547281  0.71490135]
[ 1.34206167 -0.44062362  0.35649026 -0.09531592]
[ 1.1911748  -0.24788841 -2.58393924 -1.82689693]
[-0.80240908 -0.31054984 -1.20866883  1.35122355]
[ 1.3342115   0.03985691  0.74543374  0.66904765]
[ 0.46295495 -1.1012994   2.179342   -0.10381032]
[ 1.05837836  1.13009173  2.02125524 -0.53735118]
[-0.79806675  0.53142126  0.36206517  0.78541596]
[-0.81177909  2.26814305  0.11852021 -3.79932115]
[-0.44571859 -0.10890095  1.82549977  0.59335071]
[-0.77777457 -1.31393011  0.02346357 -0.22133452]
[ 1.31634166 -0.14587497  0.76456521  0.47429014]
[-0.82955836  1.90450971 -0.62980554 -1.20504502]
[-0.81338247 -1.59751838 -0.45661969 -2.10275078]
[-0.78527847  1.26471731 -0.9753127   0.65914556]
[-0.80669866  1.09357585  0.37662286 -0.12738676]
[ 1.2562998  -0.07987594 -2.09295611 -0.41367487]
[-0.83931588 -1.43454865 -0.72258649 -1.35640767]
[-0.71327484 -1.55276846  0.33411223 -0.95331584]
[-0.04916449 -1.6153258   1.71086952 -1.06183022]
[-0.72754284 -0.17862791  0.78572722  1.07148146]
[-0.80624942  0.30942025 -0.89758713  1.51662294]
[ 1.39756637 -0.22234813 -0.52208715 -0.00655563]
[-0.7119362   1.5421105   1.09313657 -2.00118083]
[-0.82936536 -1.06820509 -1.49774368 -0.4680996 ]
[-0.36755424  0.8718793   2.12340577 -0.98281175]
[ 1.36937822 -0.6464849  -0.26746817 -1.22106491]
[-0.81805179 -0.72378905 -1.28151012  0.73096866]
[-0.74428018 -0.81959309  0.49936383  0.85957045]
[ 1.40501264  1.63366773 -0.1535131   0.41152856]
[ 1.20403156  0.97259961 -1.85900002  1.36778513]
[ 1.39757845  0.03329803 -0.69156057  0.47557491]
[ 1.28945608  1.51143925  1.28322975 -0.49812245]
[-0.4197811  -0.91224193  1.67394696  0.57184787]
[-0.55188885 -1.74010198  0.86200915 -1.57715275]
[-0.72265025 -0.28635749 -1.90585871  1.29836465]
[-0.81133953  2.14829131 -0.88764104 -1.69727026]
[-0.79981737  1.88960252  0.53051173 -2.64413291]
[-0.73531746 -1.18618928  0.4082597   0.25551501]
[ 1.38039744  0.01944054  0.2592309   0.61357611]
[-0.73861625  0.49382758  0.84901031  0.53510894]
[ 0.36140244  0.24468264  2.6395879   0.05479226]
[-0.82045447 -1.36612383 -0.41119772 -0.68712902]
[ 1.36159533 -0.53971608 -1.46021423 -2.3560176 ]
[ 1.21222462  0.314828    1.46486292  0.58236235]
[-0.64851569  2.16782975 -1.79404568 -0.51596606]
[-0.78098101  1.353677    0.66233704 -0.99885934]
[ 1.29947075 -0.63791657  0.51545271 -0.48952737]
[ 1.34907777 -0.16014053 -1.46631133 -0.32656656]
[-0.82650223 -0.22000943 -0.46165502  1.38432654]
[-0.85122301 -1.34610158 -1.365526   -1.82368847]
[ 0.96537805 -1.00027911  1.57448262 -0.58214621]
[-0.82637967  0.70179581 -0.3050379   0.98042804]
[-0.70452587 -1.80331262 -0.01335412 -3.42480564]
[ 1.39084377 -0.35091271 -0.82594209 -0.57752577]
[ 1.38100361 -0.21695173  0.07370192  0.24325844]
[-0.83199827 -0.75380435 -0.64476317  0.8579983 ]
[ 0.79638668  1.34329524  2.35579976 -1.43855472]
[-0.83809032  1.9618518   0.11478659 -2.38385584]
[-0.82796909  1.66504805 -0.57010033 -0.5782824 ]
[-0.79624975  1.69066406  0.56112662 -1.93352037]
[-0.82750362  1.02539574 -0.16319175  0.43179994]
[ 1.37761844 -0.53278061 -1.05565276 -1.63010832]
[-0.80464647 -0.48106514  0.03759357  1.18381566]
[-0.82886742 -1.14093074 -0.4943239   0.05028271]
[-0.67354158 -1.77884155  0.27465485 -2.45932291]
[-0.68854612  1.16461623  1.20020604 -0.98852211]
[-0.63298675  0.41604372 -2.04986338  1.61951266]
[ 1.40727698  1.22404423 -0.29179882  0.91054524]
[-0.79537964  0.03865871  0.29240135  1.18000673]
[ 1.381142   -0.44750244 -0.1953431  -0.43654945]
[ 1.37931579  2.25563858  0.50321695 -1.45004425]
[ 1.21615071  1.03585032  1.57013357  0.02381561]
[-0.8369942   1.62526319 -0.0803747  -0.99956318]
[-0.56856767 -1.33756363  1.07469424 -0.0051305 ]
[ 1.38672872  2.26086604 -0.46066073 -0.4770384 ]
[-0.80522102 -1.07805196 -0.12515277  0.3679454 ]
[ 1.35355338  0.51634744  0.71980552  0.77268353]
[ 1.40816665  0.68369293 -0.09231184  0.9804857 ]
[ 1.40304181  0.26990957 -0.57242961  0.82041319]
[-0.79803887  1.58799852 -0.92111434 -0.02462338]
[ 0.24481307 -0.68365816  2.42000939  0.4124033 ]
[-0.82860248  1.39539259  0.08443588 -0.5497033 ]
[ 1.17265198 -1.1490712   0.73513998 -2.19345471]
[-0.84697073 -1.22756422 -0.99282744 -0.6258973 ]

Populations

0.0114336476737
0.0130691247976
0.0138133507305
0.00858334683742
0.00955851273884
0.0184222040157
0.00901041770019
0.0120838561871
0.0115049198394
0.003214806328
0.0117021204229
0.0186087511107
0.0139885026934
0.00642923374544
0.0183078007434
0.0142612357948
0.0125602428998
0.00619773064924
0.00887578802015
0.0106346566642
0.00956258000667
0.00577340158174
0.0158443879056
0.00200467603574
0.00614275119752
0.0140685095074
0.0131852688724
0.00738621777514
0.00755309006365
0.0114530409872
0.0175404459958
0.0114823072804
0.00702316793077
0.0110793255766
0.00499234233409
0.0138925276119
0.0115906858981
0.0224123706148
0.00542690246373
0.00633741501912
0.00314959876159
0.0067192026243
0.00773195095004
0.012676029476
0.003211306342
0.00476401783501
0.0187755486803
0.00355473379234
0.00483049998668
0.00699958652587
0.00360281031702
0.00572387716845
0.00299697505271
0.013514253914
0.0133377429462
0.0164556453083
0.00407164595161
0.014069274676
0.00581436420801
0.0164282891064
0.00261146983732
0.0103185670125
0.01111224085
0.015702371059
0.0153671896945
0.00275965584205
0.00976810515187
0.0161666663182
0.00387548466058
0.0186164568975
0.0176664592459
0.0146174953701
0.00448955474475
0.00565192549744
0.00939672922666
0.00524757114272
0.0156916800648
0.00877096434587
0.0163951835425
0.0152721024457
0.00501095272118
0.00710341198075
0.00363944348436
0.00579873617452
0.0135897369931
0.0143496888654
0.00271534888016
0.00831462952049
0.00889327585572
0.011121787513
0.00180202591728
0.0117781930986
0.0201014102309
0.01262106847
0.0111697660357
0.0087299369824
0.00643273963781
0.0111233556118
0.00152773195023
0.00923986925317

State labels

0
1
2
3
4
5
6
7
8
9
10
11
12
13
14
15
16
17
18
19
20
21
22
23
24
25
26
27
28
29
30
31
32
33
34
35
36
37
38
39
40
41
42
43
44
45
46
47
48
49
50
51
52
53
54
55
56
57
58
59
60
61
62
63
64
65
66
67
68
69
70
71
72
73
74
75
76
77
78
79
80
81
82
83
84
85
86
87
88
89
90
91
92
93
94
95
96
97
98
99
