Cluster centers 

[-0.79558417 -1.55109188 -0.22249221 -1.83829124]
[ 1.41272167  0.07067593  0.07585095  0.67947404]
[-0.80934066  0.69762971 -0.38767708  0.97566738]
[-0.74234519  1.30341374  0.88223028 -0.89641474]
[-0.82341892 -0.86353342 -0.87838195  0.5171971 ]
[ 1.3765803  -0.04183225 -1.40145438 -0.0119414 ]
[ 1.27049378 -0.94540004  0.5630336  -1.7446744 ]
[-0.7428264  -1.23354344  0.28262619  0.09854091]
[ 1.05741789  1.10914154  2.02046365 -0.39521045]
[-0.81599674  2.09748246  0.32032347 -2.77376577]
[ 1.40382039 -0.3747873  -1.00680895 -0.98030982]
[-0.81785141  1.35727666 -0.29741387 -0.08373587]
[ 1.33789079  0.79867576 -1.49783338  1.23875351]
[-0.77190892 -0.35435698  0.24476076  1.19757543]
[-0.79311719  2.01664998 -0.84017156 -1.16188212]
[ 0.34685908 -1.37099146  2.1276284  -0.47185159]
[-0.83441041 -1.18391023 -1.23005165 -0.96489566]
[-0.67051178 -0.6323826   0.86384021  0.98754429]
[-0.45338611  0.81787004  1.90369354 -0.55936718]
[-0.67649533 -1.43144992  0.59608815 -0.38579577]
[ 1.43126685  1.44916452 -0.04292918  0.55472702]
[-0.73555162  1.96755436 -1.27904526 -0.56406895]
[ 1.29286438 -0.34254391 -2.02541019 -2.40517951]
[-0.53302337 -0.01756154  1.54758614  0.73276443]
[-0.62884283 -0.15892694 -2.25829577  1.24108272]
[ 1.09073697 -0.1213188   1.70763567  0.58164307]
[ 1.39970793 -0.41555496 -0.13751536 -0.33733527]
[ 1.41350912  0.04251228 -0.89739363  0.4112851 ]
[-0.82162495  1.65945438 -0.04591546 -0.99236981]
[-0.79460387 -0.85199495 -0.10155271  0.77628622]
[-0.76158799  0.62342986  0.56553345  0.56072078]
[ 1.38996397 -0.28918416  0.16282714  0.15876751]
[-0.65291904 -1.7607844   0.45554654 -2.71107758]
[-0.81062246 -0.41575712 -0.85960129  1.21715858]
[-0.73051243  1.51785303 -1.30914082  0.39551545]
[-0.77632969 -1.46432789 -0.07244383 -1.05168708]
[ 1.21104366  0.17274794 -2.21104221  0.28501044]
[-0.45819147 -0.96143518  1.50692177  0.63047048]
[ 1.12812044  0.81069701 -2.40232404  1.37044269]
[ 1.28601396  0.45079503  1.2119945   0.70480919]
[-0.75205126  2.51115278 -1.21510309 -2.30485121]
[-0.82934133 -1.16638906 -0.76083332 -0.32963432]
[ 1.2209755  -0.52378945  1.15484191  0.17342732]
[-0.78893498  0.46313467 -0.95652202  1.3781749 ]
[-0.56504288 -1.71378777  0.82695543 -1.68630963]
[-0.69581576  0.84017466  1.0793655  -0.068974  ]
[ 1.39270528 -0.60978166 -0.52233567 -1.6023353 ]
[ 0.24697725  1.30674712  2.81214293 -1.95131053]
[-0.80577957 -0.92259235 -1.52945925 -0.112948  ]
[-0.82236555  1.7900938   0.09209535 -1.49011914]
[-0.79460754  1.3955762  -0.78030948  0.22043252]
[ 0.105402   -0.70440248  2.30148883  0.60980132]
[ 1.34714573 -0.62228694  0.3111206  -0.63691162]
[-0.75976372  2.01290132  0.91528054 -3.14027075]
[ 1.41766915 -0.21062193 -0.34570601  0.08209181]
[ 1.38508376 -0.31485975 -1.3507873  -1.06436961]
[-0.79798448  0.30979664  0.03746403  1.11542425]
[ 1.42712763  0.13738212 -0.53875544  0.66332678]
[-0.79923066  1.07512803  0.2771223   0.0352693 ]
[ 1.41156067 -0.38030344 -0.61627449 -0.60877091]
[-0.77317075  1.68112747  0.72158347 -1.78618622]
[-0.58168064 -1.25185465  1.02976121  0.22542818]
[-0.79571858 -1.28599061 -0.17281766 -0.3176763 ]
[-0.81809393 -0.736763   -0.56444233  0.87509767]
[-0.84156614 -1.34627197 -0.98314002 -1.62216991]
[ 1.33550364 -0.3120649  -1.75161161 -1.5592492 ]
[-0.69011807 -0.56975216 -2.25434293  0.36801537]
[-0.80826975  1.63391419 -0.61596656 -0.41338321]
[-0.80523235  1.09729833 -0.57992273  0.57592948]
[ 0.92968171 -0.81382171  1.84869194  0.07662553]
[-0.80994176  0.92663653 -0.01192738  0.46735559]
[ 1.34820354 -0.06339109  0.676994    0.60415313]
[ 1.412421    0.63131124  0.31702993  0.90387515]
[ 1.42887471  0.52849013 -0.53539206  1.00739916]
[ 1.27944385  1.72279463 -1.57173923  1.01170791]
[-0.8269643  -1.56406451 -0.51317076 -2.71689191]
[-0.60584756  2.39497168 -1.88617522 -1.0039826 ]
[ 0.75778708 -1.40204118  1.81282237 -1.43149137]
[-0.80280843 -0.33677972 -0.14968394  1.25023901]
[-0.70198784  1.03474614 -1.53328593  1.19350491]
[-0.81047731  0.0327104  -0.53252383  1.37608224]
[-0.77228634  0.05022535 -1.28786254  1.50916289]
[ 1.39095596  0.34262122 -1.18250747  0.82550985]
[-0.83039821  2.10993405 -0.30910714 -2.06299228]
[-0.79981089 -0.69466416 -1.37902806  0.65585164]
[-0.83032985 -1.30725884 -0.64389045 -0.83871937]
[ 1.19011931 -0.81945559  1.11189649 -0.48990265]
[ 1.33954311 -0.40846834  0.5579722   0.10338523]
[ 1.3347494   1.26992586  1.0935196   0.10226643]
[ 1.3176161  -0.10927692 -1.86274186 -0.55254597]
[-0.74706942 -1.03831919  0.29961226  0.5431609 ]
[-0.43305702 -1.59912325  1.34112648 -0.74489877]
[-0.78184071  1.20297081  0.53865986 -0.4053346 ]
[ 0.91199376 -1.14200486  1.72151039 -0.71547593]
[ 1.41496656  1.87524748  0.39261709 -0.38289526]
[-0.72470215  0.06456457  0.72144368  1.00329941]
[-0.81337173  1.41739843  0.11709254 -0.5442982 ]
[-0.81177821 -1.08315584 -0.36565793  0.21476555]
[-0.64330429 -1.81931205  0.51171366 -3.66684698]
[-0.6958228   2.04552743  1.28710935 -3.70315621]

Populations

0.00785273534306
0.0207420876621
0.0134469487917
0.0128454240095
0.0107285197503
0.0214389525269
0.00246528871585
0.011216158367
0.0133552635121
0.00450974774302
0.0135325306332
0.010559804266
0.00513051590472
0.0137190332257
0.00724884591365
0.00703414139428
0.0044525819887
0.0127142771717
0.00643213249795
0.00966144860971
0.00782753818407
0.00369653975748
0.00742844595658
0.00845693767768
0.0028352883252
0.0201416501624
0.0144158583443
0.0152415412042
0.00954033665237
0.0134600478655
0.0183475781034
0.0152445118614
0.0041458817562
0.0112509950121
0.00469975693623
0.0138633608654
0.00688107705485
0.00549397843627
0.00129386598458
0.0213878055406
0.00201348688479
0.0116436457627
0.0139500603762
0.00803376138859
0.0079556578908
0.0121648638635
0.0101851775111
0.00372065703541
0.00602708696588
0.00802007409193
0.00655736704764
0.00957930909551
0.0121120031979
0.0019534496466
0.024159092146
0.0131571485971
0.015747212933
0.0158284886502
0.0104661122195
0.0189877376595
0.0107972165171
0.00848093832634
0.0138094514814
0.0111018800868
0.0056119535661
0.0106371688679
0.00134837174716
0.00952481502518
0.0104953828586
0.00976092049897
0.0119507770255
0.0215336124
0.0190220784311
0.0158411832058
0.00281776946467
0.0054258529346
0.000860070161927
0.00245416130062
0.0144244131876
0.00480798774854
0.0125867434623
0.00684017042016
0.0110788045439
0.00530034420927
0.00947067184497
0.0107114104052
0.00638271682487
0.0138865091404
0.0108499917225
0.0144851088969
0.0130796649311
0.00621239345163
0.00864543173514
0.00407754825847
0.00537561749242
0.0146934547544
0.0103852937371
0.0154086390738
0.00208817422649
0.000733479361519

State labels

0
1
2
3
4
5
6
7
8
9
10
11
12
13
14
15
16
17
18
19
20
21
22
23
24
25
26
27
28
29
30
31
32
33
34
35
36
37
38
39
40
41
42
43
44
45
46
47
48
49
50
51
52
53
54
55
56
57
58
59
60
61
62
63
64
65
66
67
68
69
70
71
72
73
74
75
76
77
78
79
80
81
82
83
84
85
86
87
88
89
90
91
92
93
94
95
96
97
98
99
