Cluster centers 

[-0.68621042 -0.96921232  0.74839204  0.62652462]
[-0.80808138  1.64514493 -0.66610681 -0.43528353]
[ 1.40201356  2.16565423  0.22587403 -0.96434913]
[ 1.34075202 -0.3009252   0.62019145  0.24939116]
[-0.82766957 -1.06513389 -0.79341391  0.10678113]
[ 1.38453853  0.02523199 -1.28775245  0.3494767 ]
[-0.80252321  1.96900316  0.35738073 -2.64910897]
[-0.80410223  0.38360636 -0.51833797  1.3508407 ]
[-0.8210062  -1.41347239 -0.53824887 -1.1108825 ]
[ 1.12577528  0.56267751  1.83466374  0.31367914]
[-0.71054647  1.17235806  1.0127347  -0.8063735 ]
[ 1.42348842  0.01139906 -0.52769245  0.51067019]
[-0.78340203 -0.86447061  0.09078334  0.7779109 ]
[-0.61602648  0.97046741 -1.8482223   1.52984134]
[ 1.1333035  -0.93395155  1.16267382 -0.84830409]
[ 1.31855148 -0.30078103 -1.98659326 -1.34955143]
[ 1.35749452  0.4914084  -1.37871747  1.08173052]
[-0.81392188  1.9523913  -0.71060641 -1.25694609]
[-0.69901205 -1.38461214  0.49846843 -0.31159653]
[-0.80191401 -1.59991555 -0.44871603 -2.34537173]
[-0.79432461 -0.23678059  0.0754599   1.25522494]
[ 1.07922468  1.21532721  1.95186718 -0.60001021]
[-0.8184835   1.36731048 -0.29697774 -0.13010539]
[-0.42507933  0.47054829  1.93787325 -0.05352424]
[-0.83824773  2.2343293  -0.18619973 -3.05465998]
[ 0.42128122 -1.32461342  2.04817872 -0.65705796]
[-0.78909998  0.65265672  0.34342104  0.63409685]
[-0.79903221  1.27476317 -0.70477521  0.40559133]
[ 1.3616287   1.5003133   0.89268356 -0.16423606]
[ 1.39255998 -0.3683166  -1.27205754 -0.98841926]
[-0.82375628  1.63189047 -0.16015465 -0.91967532]
[-0.82122767 -0.85869954 -0.79299754  0.63561835]
[ 1.42618506  0.53238894  0.08447561  0.94444097]
[ 1.42613037  0.29380646 -0.54030779  0.8860822 ]
[-0.80993816 -0.20472261 -0.44731781  1.38943596]
[-0.83336615 -1.44610487 -0.77010688 -1.61520119]
[-0.68068221 -0.27370533 -1.95373775  1.29644516]
[-0.55883905  1.18103909  1.60225979 -1.30248763]
[-0.77124014 -1.21041975  0.09704493  0.07480714]
[ 1.41650742 -0.25564581 -0.53081621 -0.07267707]
[-0.73240017  0.527397    0.82858119  0.50558735]
[ 1.05360043  0.84015109 -2.33181098  1.47321026]
[ 1.38753158 -0.63000099 -0.68342422 -1.70207921]
[ 0.21997854  1.29462866  2.54628144 -1.95881137]
[-0.5861881  -1.72974794  0.67784612 -1.892833  ]
[ -7.09629445e-01  -1.76557746e+00   2.77300234e-03  -3.43833354e+00]
[-0.80618716  0.54928497 -0.01998081  0.96811566]
[ 1.19646501 -0.15237326  1.43340387  0.50222019]
[ 0.94809032 -0.53725452  1.96345702  0.27612186]
[ 1.35268784 -0.61371452  0.19800098 -0.69048994]
[-0.81652978  1.7195604   0.14405199 -1.50695122]
[-0.6783011   1.95895106  1.0901333  -3.50670772]
[-0.83201735 -1.25092097 -0.74453184 -0.52795234]
[ 1.32307566  1.0345705   1.14184098  0.30292686]
[ 1.40311439  0.0241416   0.22317489  0.61676789]
[-0.74087027  1.99516083 -1.31112978 -0.65772494]
[-0.82714709 -1.10585173 -1.25657573 -0.37946815]
[-0.81640394  2.43182894 -0.97603875 -2.71750806]
[ 1.42145815  0.88886883 -0.59461717  1.12334716]
[-0.74287959 -0.15660669  0.62935844  1.0728564 ]
[ 1.10196008 -0.68612534  1.48113316 -0.06127144]
[-0.81379418 -0.68845168 -0.41191404  0.99955649]
[-0.81394718  1.04162588 -0.14671732  0.38480479]
[-0.38398404 -1.66103545  1.33810428 -1.17785738]
[ 1.39325019 -0.34480685  0.0512033  -0.03066424]
[ 0.45029396 -0.9040442   2.33231323  0.11770482]
[ 1.2648277  -0.36589607 -2.34134151 -2.48262071]
[ 1.32299645  1.79599359 -1.272248    0.79845702]
[-0.21640385  2.55471176 -1.80974707 -1.31954975]
[-0.76943859  0.16395715 -1.11818918  1.59005989]
[-0.80624602  1.32963303  0.20945694 -0.49433031]
[ 1.2275466   0.15397539 -2.16673166  0.46831969]
[ 1.28525533 -0.09802345 -2.08440383 -0.38145828]
[-0.83057394 -1.19654869 -1.50466596 -1.10709813]
[-0.7045678   0.88621961  1.01981621 -0.18870272]
[ 1.40960432 -0.41454201 -0.63504731 -0.63999562]
[-0.7295596   1.53272742 -1.30538614  0.4264721 ]
[ 1.2576813  -0.59744796  0.91782394 -0.17680155]
[ 1.42923809  1.40078495 -0.05649583  0.61808625]
[  7.06843247e-01   1.48952137e-03   2.41664889e+00   3.04621884e-01]
[-0.81023354 -1.06561701 -0.30111717  0.32151369]
[-0.75666769 -1.4982744   0.04637248 -1.01872115]
[ 1.19815838  1.79840782  1.5458175  -1.45701309]
[ 1.31403696  0.26477872  1.0519688   0.67530984]
[-0.74231578  1.00485948 -1.20125844  1.16937164]
[-0.508434   -1.46051343  1.20343373 -0.38153953]
[-0.79162477 -0.82254888 -1.49548601  0.38782138]
[-0.80560393  0.84862587 -0.50527392  0.92214645]
[-0.80446268 -1.29254438 -0.27603941 -0.35609209]
[-0.78379156  1.4143475   0.52104394 -0.9963825 ]
[ 1.3858067  -0.18090772 -1.34354548 -0.26909665]
[-0.79631683 -0.50639988 -1.11081746  1.16351877]
[-0.8310499   1.9786925  -0.27574559 -1.88485365]
[ 0.77307621 -1.34901992  1.62113515 -1.53436358]
[-0.36980473 -0.64789183  1.85360756  0.64507112]
[-0.72304832  1.60640698  0.911102   -1.94735637]
[ 1.38646624  0.64586595  0.66314324  0.76951686]
[-0.79813281  1.05534861  0.28348336  0.03119261]
[-0.49700875 -1.27756581  1.33552641  0.09498845]
[-0.61807818 -0.08360181  1.30573955  0.80466958]

Populations

0.0159922942092
0.00992198972848
0.00317030195027
0.0200966596465
0.00998604806735
0.0207405409014
0.00336657775763
0.0123238557582
0.00776714510988
0.0100569038579
0.00737811294413
0.0242817135469
0.0161805307049
0.00200065147278
0.00655932862984
0.0120168264058
0.010174390466
0.00731872711282
0.0114621547962
0.00910232812067
0.0207075697424
0.00814555984214
0.0105669574035
0.00526383873369
0.00200838395533
0.00681944963978
0.0119119226421
0.0101618112629
0.00637187349628
0.0203466818259
0.00995143971139
0.0104125043426
0.0149064528447
0.0163465969179
0.0142267674088
0.00652040967357
0.00428908340665
0.00407033433004
0.0126644204042
0.0246494007477
0.0135498957747
0.00179425872874
0.0107482999148
0.0028551706658
0.00820257047525
0.0040484325251
0.0131386615949
0.0153661032506
0.00815782113446
0.0148602902503
0.00865865470858
0.00138443842084
0.0102738877113
0.00832895731608
0.0232879612601
0.00475413196295
0.00610208384377
0.00205798094913
0.00833023772505
0.0193883040732
0.00925616446093
0.0131872895039
0.0117555878827
0.00379438935849
0.024394432838
0.00898835623931
0.00638132385765
0.00232665707832
0.00146380668559
0.00791193896812
0.0114815092306
0.00618480305174
0.0114343228541
0.00310296903351
0.00990266494465
0.0181390542265
0.00522946107297
0.0130135398617
0.00681690048882
0.00806275462074
0.0126534127346
0.0136751514709
0.00400686270629
0.0188382502679
0.00435598772895
0.00556924521157
0.0074410265877
0.0101095001848
0.013222492931
0.00900297023787
0.0190705815206
0.0103076928789
0.0051080067191
0.00297350160412
0.00654428804043
0.00751356607269
0.0135745529723
0.0120692947008
0.00528983593857
0.0103191714284

State labels

0
1
2
3
4
5
6
7
8
9
10
11
12
13
14
15
16
17
18
19
20
21
22
23
24
25
26
27
28
29
30
31
32
33
34
35
36
37
38
39
40
41
42
43
44
45
46
47
48
49
50
51
52
53
54
55
56
57
58
59
60
61
62
63
64
65
66
67
68
69
70
71
72
73
74
75
76
77
78
79
80
81
82
83
84
85
86
87
88
89
90
91
92
93
94
95
96
97
98
99
