Cluster centers 

[ 1.37951719 -0.25672522 -1.18320339 -0.52872581]
[-0.7076715  -0.78464624  0.71062334  0.89360695]
[-0.79301322  1.45277654  0.56179416 -1.09339587]
[ 1.39285424  0.69011774  0.42751261  0.83115098]
[-0.82103121 -0.25356557 -0.46265019  1.36263252]
[-0.74757629 -1.74179475 -0.12835254 -3.52652928]
[-0.81405738 -1.34628314 -0.3599851  -0.66461379]
[ 1.39572792 -0.28662641 -0.24349937 -0.04715941]
[-0.76211273  0.66132036  0.6986522   0.42654459]
[ 0.5842806  -1.35103296  1.86960538 -0.96820329]
[-0.68905248  0.79754307 -1.64465498  1.5694666 ]
[-0.83769824  2.01229083  0.00801973 -2.27468459]
[ 1.40091969  1.49102055 -0.40047858  0.67787363]
[ 1.07605285  1.24615119  1.94738844 -0.65496147]
[ 1.23748232 -0.24295785 -2.33984172 -1.66689422]
[-0.83609651 -0.99562031 -0.93273789  0.16970339]
[-0.8046876   1.8962302  -0.86316244 -0.81664985]
[ 0.62469659  1.42088971  2.51537939 -1.91117324]
[ 1.20491546 -0.01710854  1.4023352   0.59362762]
[ 1.17746332  1.70661639 -1.81511825  1.23414872]
[ 1.32743214 -0.79133849  0.02700929 -1.59602431]
[ 1.27265163  0.19090246 -1.90663569  0.49372403]
[-0.82821871  1.30503299 -0.14107998 -0.08929401]
[ 1.41445248  0.53540858 -0.20094415  0.97275185]
[-0.6915339  -1.37501352  0.56311849 -0.22942968]
[ 0.20625156 -0.76783662  2.38195074  0.38770441]
[-0.79175324 -0.44248808 -1.35559823  1.16701278]
[-0.34719299  0.50117206  2.05785243 -0.12388587]
[-0.80668159  1.37671944 -0.74472013  0.2811163 ]
[-0.81263369  0.42832142 -0.61377371  1.36314519]
[-0.7042432   1.71212858  1.0954992  -2.46141347]
[ -8.33593121e-01   1.76125818e+00   1.05999612e-03  -1.40679654e+00]
[-0.78312506  0.4290697   0.44611115  0.85782584]
[-0.82782468 -0.70247181 -0.77952382  0.8912782 ]
[ 1.19800742 -0.85685119  0.91505838 -0.78886361]
[ 1.33795727  0.21987525 -1.49139968  0.65041558]
[-0.81266148 -1.59037645 -0.47360838 -2.40622895]
[ 1.37577806 -0.54836289 -1.11332176 -1.97729279]
[ 1.26781593 -0.38573516 -2.22307628 -2.91840479]
[-0.82168648 -1.14182487 -0.39921741  0.04404654]
[-0.80276171 -0.59787892 -0.01653348  1.10385513]
[ 1.33646461  1.91092127  0.90754593 -1.02128809]
[ 1.11033716  0.03635149 -2.64977773 -0.28125926]
[-0.42242496 -1.68763542  1.24567564 -1.22360159]
[ 1.36283631 -0.34959916 -1.42332616 -1.17119331]
[ 1.38981177  0.0369969   0.18855688  0.6273993 ]
[-0.76929023  1.63017043  0.74074579 -1.80204223]
[-0.62625654  0.03405628  1.31076093  0.77362877]
[-0.76257514  1.2189832   0.78338882 -0.69626476]
[ 1.26959318 -0.30904552  0.97726871  0.3490243 ]
[-0.81976637  0.80968264 -0.36222124  0.89359051]
[ 1.38814978  0.08123131 -1.01565826  0.48635233]
[-0.73977419 -1.55769728  0.16547866 -1.21818238]
[-0.64144549 -0.15653199 -2.14383802  1.320773  ]
[-0.81150287  1.27784407  0.30750497 -0.42358745]
[ 0.89454866 -0.23895392  2.11677428  0.43217255]
[-0.83998734 -1.16493374 -1.21893472 -0.72509287]
[-0.8340751  -1.43508128 -0.66847615 -1.49052676]
[-0.59101673 -0.66591114  1.27115349  0.87192662]
[-0.68127711  1.9202115   1.22864304 -3.46520822]
[ 0.7947816  -0.91077012  2.00281805 -0.04845666]
[-0.47375129  2.31213855 -1.54608751 -0.98705335]
[-0.47872991 -1.42521928  1.30583827 -0.20946106]
[ 1.35379341 -0.51030805  0.18498257 -0.37987395]
[ 1.16132081  0.71410173  1.70226706  0.27783225]
[-0.80105681 -0.78225331 -1.53650519  0.38641888]
[-0.78315856 -0.33557444  0.28170791  1.21588028]
[-0.41270329 -0.36364196  1.86384996  0.7164555 ]
[-0.82430452  1.61787127 -0.52926381 -0.44094097]
[ 1.39551035  0.47472895 -0.82668722  0.99703861]
[ 1.08473722  0.72545927 -2.26334377  1.36210326]
[-0.81547209 -0.91877871 -0.27312055  0.63400628]
[ 1.39828395 -0.21012961 -0.78701784 -0.1243928 ]
[ 1.35763968 -0.04927618 -1.41021697  0.03077494]
[ 1.15889564 -0.6779962   1.25418512 -0.11422803]
[-0.82576948  2.48219881 -0.90498724 -2.87766521]
[-0.77686349 -1.27748447  0.05979074 -0.13335882]
[-0.71023305  0.89183653  1.05054545 -0.19712015]
[-0.67668008  1.1418569   1.25374187 -0.90470318]
[ 1.37241767  1.41757242  0.67663657  0.14255001]
[ 1.39055907 -0.47036081 -0.63029809 -0.9162201 ]
[-0.78810279  0.09134994 -1.12417996  1.56705593]
[-0.72756512  1.39189414 -1.3466375   0.75318875]
[-0.81042668  0.15332692  0.01546032  1.24189109]
[-0.82654381  2.07642317 -0.65028525 -1.63990246]
[-0.6420004  -1.13817615  0.90573456  0.41432279]
[ 1.35108735 -0.2856095   0.42342953  0.2331438 ]
[-0.52784982  1.17888887  1.76127188 -1.41020385]
[-0.83397506  2.15947248  0.17543998 -3.12021419]
[-0.72763503 -0.13687074  0.77208378  1.06597915]
[-0.60444626 -1.7578591   0.62741014 -2.06454134]
[-0.8142322   0.96462556  0.13966488  0.32907019]
[-0.65067584  0.47424872  1.28468571  0.33731482]
[-0.76005843 -1.04180451  0.28044407  0.51665004]
[ 1.40904225  0.06741591 -0.45430117  0.5806148 ]
[-0.42854453 -1.07513453  1.5907496   0.47055462]
[-0.83286826  1.60585109 -0.06777269 -0.88210547]
[ 1.28978865 -0.09525382 -1.95427818 -0.44681293]
[ 1.33231248  0.79072237 -1.34783502  1.24941641]
[ 1.32791869  0.40505057  0.92282632  0.70337769]

Populations

0.0167916207224
0.00912818913005
0.00667854998137
0.0159583896244
0.016111827933
0.00373317710728
0.0184473155986
0.0242207377595
0.0118881290679
0.00756501080135
0.00374378282749
0.00485806437386
0.00676959473593
0.0099036950366
0.00682811435166
0.012440631039
0.00714429136365
0.00367022275296
0.0159237360954
0.00175972556437
0.00423713094112
0.0055345853832
0.0131291741515
0.0160260007444
0.0102447216935
0.0076068303395
0.00751305672561
0.0039372004289
0.0128655861814
0.0128974554842
0.00277533874931
0.00889284680262
0.0144499264496
0.0141012219717
0.00756361630846
0.00746857186669
0.00842932168538
0.00793102509654
0.0035101221949
0.0146945663184
0.0116977842558
0.00513450027417
0.00352925363842
0.00548384945555
0.0168984301505
0.0246777327571
0.00781510264112
0.0057965351578
0.00621403225534
0.0139539324854
0.0169264741196
0.0124989610198
0.0125381587183
0.00317618220104
0.0118164779399
0.0121562158295
0.010297999323
0.0103381092635
0.00515204100484
0.00114917061505
0.0106295211528
0.00345316736378
0.00614475076844
0.0184616684009
0.0128827868889
0.00801664144665
0.0118161077143
0.00306862028444
0.0099293427039
0.0119578461925
0.00171775575051
0.0169839132592
0.0203792581653
0.0133379211251
0.0144188203539
0.00197229596098
0.0130470241066
0.00941604216185
0.00579485253388
0.00908887444221
0.0193597295098
0.00776378200539
0.00571134925793
0.0132825503932
0.00593040905048
0.00678983617923
0.0212171594456
0.0035516924384
0.00225204773336
0.0116075246777
0.00680930398554
0.0163978044004
0.00579950510751
0.0149746358951
0.0211160985231
0.00331838039258
0.00933514429225
0.0117260047877
0.0048736024759
0.0210421801831

State labels

0
1
2
3
4
5
6
7
8
9
10
11
12
13
14
15
16
17
18
19
20
21
22
23
24
25
26
27
28
29
30
31
32
33
34
35
36
37
38
39
40
41
42
43
44
45
46
47
48
49
50
51
52
53
54
55
56
57
58
59
60
61
62
63
64
65
66
67
68
69
70
71
72
73
74
75
76
77
78
79
80
81
82
83
84
85
86
87
88
89
90
91
92
93
94
95
96
97
98
99
