Cluster centers 

[-0.80889079  1.63266579 -0.06837361 -1.05481746]
[-0.73922842 -1.02570898  0.30293077  0.544061  ]
[ 1.43270602  0.04118112 -0.95034671  0.41285685]
[-0.81210752 -1.47827134 -0.54193693 -1.45933077]
[-0.75884383  0.10008865 -1.22308091  1.55191274]
[ 1.34089984 -0.32451022  0.74158733  0.27823886]
[-0.7875957   1.05249564  0.23457568  0.0731634 ]
[ 1.40688417 -0.43097407 -1.33241763 -1.36323541]
[ 1.09855634  0.43160329  1.90361987  0.4377273 ]
[ 1.4551284   1.45326292 -0.27728165  0.65135847]
[-0.79769431 -1.08208369 -0.3158236   0.24598404]
[-0.7957774  -0.16075609 -0.30311401  1.33806718]
[-0.01779791 -0.72098204  2.27378611  0.57553708]
[-0.60545502  1.15442608  1.46071549 -1.08479059]
[-0.74853572  2.01699363  0.68416462 -3.36336856]
[ 1.03241887  0.19681515 -2.87875981  0.34031733]
[-0.72705651  1.53611348 -1.2341848   0.28919599]
[-0.7860544  -0.79170845 -1.46192732  0.40308666]
[-0.41654156 -1.71909658  1.266536   -1.33080243]
[ 0.82834247 -1.21128776  1.83070642 -0.78785968]
[-0.73452007  0.31280991  0.65312884  0.86711309]
[-0.63057721 -1.87396672  0.45812312 -3.3026265 ]
[ 1.40740017 -0.1616644  -1.34156679 -0.25175712]
[ 1.44002595  0.37758526 -0.81847219  0.89581794]
[-0.80158651  1.69336875  0.208726   -1.53000888]
[ 1.34463575  0.1989488   0.9594014   0.73546321]
[-0.70285305  1.13735113 -1.41188643  1.06677828]
[ 1.2383787  -0.87516279  0.91215955 -0.8536492 ]
[-0.67704312 -0.73711195  0.78559063  0.92850826]
[-0.80704599 -0.70290295 -0.65487159  0.88514045]
[-0.78699275  1.03583006 -0.6406158   0.71546694]
[-0.81448554  1.94340584  0.04551762 -2.23543161]
[-0.39341525  0.49998248  2.02949734 -0.06057807]
[-0.83370139 -1.4220292  -0.92096617 -1.63486633]
[ 1.33319965 -0.46311416 -2.1161488  -2.9597853 ]
[-0.76050796 -0.3031111   0.30205558  1.2130239 ]
[-0.81777718 -1.15326411 -1.29452155 -0.68552577]
[ 1.43678345 -0.3243147  -0.51376165 -0.27448144]
[ 1.08596287  1.22405428  2.01387731 -0.62275722]
[-0.74988914  1.27088292  0.69644767 -0.77985755]
[-0.75656586  0.66227082  0.53487558  0.52677449]
[-0.8105683  -1.10040155 -0.5234708   0.10397673]
[-0.73353139 -1.49175253  0.18263377 -0.83666593]
[-0.78917419  0.18526364 -0.74167575  1.4262178 ]
[-0.79090709  1.42869688 -0.64908286  0.0067275 ]
[-0.79251732 -0.532388   -1.09459489  1.05367079]
[ 1.29302897  0.72259459 -1.84748887  1.23281381]
[ 1.44522114  1.48737103  0.25899557  0.30311708]
[ 1.30296352  1.72294411 -1.5656715   1.01684396]
[ 1.2689487  -0.29294898 -2.37805287 -1.78196267]
[ 1.43061703 -0.45793311 -0.64055986 -0.80209417]
[-0.76885046 -1.66526001 -0.18512094 -2.3020686 ]
[-0.53797043 -1.43973071  1.08475778 -0.28999317]
[-0.5403079  -0.21556759  1.47850687  0.84197332]
[-0.80009865  1.77540577 -0.62545842 -0.8877941 ]
[-0.39387014 -1.88148409  1.16706291 -2.4483016 ]
[ 1.21703993 -0.12435852  1.43837812  0.57612808]
[-0.71718101 -1.25441641  0.38116044  0.06170739]
[-0.68495261  2.19491881 -1.53257712 -1.09091939]
[ 1.42123721  0.04239754  0.264542    0.64393028]
[-0.57457609 -0.15334696 -2.42669684  1.20839534]
[ 1.30587902  0.9115866   1.3377776   0.34407575]
[ 1.31536521 -0.10178243 -2.04958558 -0.46167387]
[-0.44632573 -0.82945252  1.60785988  0.68256031]
[-0.02951572  1.00680076  2.48264484 -1.31124008]
[ 1.36844862  0.06917132 -1.62392808  0.27587882]
[-0.79605743  0.65980473 -0.36614138  1.03044587]
[ 1.38298253 -0.46213271  0.31796892 -0.15575848]
[ 0.46736699 -1.22947224  2.11716915 -0.32063542]
[ 1.39173974 -0.73297681 -0.31724821 -1.6742398 ]
[-0.67808461  0.84866675  1.09892964 -0.13360892]
[ 1.40266342 -0.56679594 -1.34703891 -2.29620524]
[-0.70336638 -0.17730089  0.77356278  1.0896238 ]
[ 1.40001725  0.70072326 -1.23808823  1.15846919]
[-0.80456513  1.4125294  -0.12656337 -0.414264  ]
[ 1.4264949  -0.39267255 -1.05649708 -0.90984026]
[  1.14965885e+00  -6.68412609e-01   1.40170055e+00  -7.58979710e-04]
[-0.75053927  1.70617111  0.75051729 -2.16171714]
[ 1.3827855  -0.63512454  0.13596596 -0.76370795]
[-0.80083984  2.16142376 -0.69259965 -2.11485536]
[ 1.43005904 -0.22843534 -0.09707329  0.16366174]
[ 1.39736366  0.71639067  0.74911714  0.75549571]
[-0.80736822 -1.32600175 -0.47829517 -0.64255102]
[-0.77585318 -0.60615544  0.05102825  1.08151075]
[-0.71551102 -0.26793764 -1.76124704  1.28224185]
[-0.78969369 -0.88495042 -0.1733359   0.70604209]
[-0.81326073 -0.98742444 -0.95295196  0.17557334]
[-0.66730838  0.51095517  1.11779403  0.40572157]
[-0.76716656 -1.32297595 -0.025261   -0.31749477]
[-0.63982418 -1.12252962  0.85022296  0.43986742]
[-0.59113284  1.17448876 -1.95800553  1.37175344]
[ 1.40006738 -0.30467714 -1.46337902 -0.88274646]
[ 1.44792341  0.55974314  0.0494279   0.93359447]
[-0.79851467  0.94183983 -0.10334628  0.5006208 ]
[ 0.88787493 -0.58873095  2.06495865  0.34573246]
[ 1.44981242  0.10571915 -0.42826106  0.62576963]
[-0.78239929  0.3524328   0.14767037  1.05995485]
[-0.68995915 -1.63909264  0.35732995 -1.42472525]
[-0.73738801  1.51766288  0.84400955 -1.61387512]
[ 1.39218499  1.66023325  0.81889853 -0.41293419]

Populations

0.0106935857223
0.0124010561636
0.0187669056138
0.00766676327315
0.00689449539216
0.0203349690516
0.0148621568546
0.0101950742371
0.0116165561775
0.00578799937436
0.0126318154477
0.0202671060528
0.00669829725678
0.00590293938184
0.00367372756653
0.00233883272395
0.00580672417699
0.00834405395142
0.00508425027546
0.005862146818
0.00870332501477
0.00373397115991
0.0171086550176
0.013061006451
0.00785972526565
0.0164908663392
0.00444433410294
0.0072534214316
0.0107284363057
0.0131410881137
0.0107757642324
0.00520382013461
0.00435587238538
0.00478716701561
0.00293101390585
0.0116309116837
0.00844199643432
0.0259036858354
0.0100344276381
0.0146996982572
0.0143460128304
0.00888576466699
0.0105359004186
0.0124820560573
0.0140986613661
0.0103795916452
0.00333229452903
0.00584627594194
0.00225698027232
0.00633012521492
0.0110085758295
0.0106517214421
0.00991940141802
0.00753402597002
0.0120846312105
0.00204849263716
0.0129447850572
0.0107244804972
0.00383928272406
0.0213700298431
0.00160946139576
0.0100522871006
0.0104748399197
0.00524797050613
0.00379231471801
0.0130039549602
0.0137143217472
0.0155483835244
0.00790029564137
0.00646356337101
0.0103587146984
0.00461069654931
0.0102086076709
0.00686158684437
0.0150444567858
0.00967276046998
0.0125469249368
0.00481164316401
0.011056823496
0.00567659435703
0.0207372505407
0.0136031857094
0.016492698583
0.00986911291112
0.00399823744645
0.0117154188088
0.012098747858
0.00782413870067
0.0119223324719
0.0076149489364
0.00172223564596
0.0124511260574
0.0189112117785
0.0135320249071
0.0134983862816
0.0201358006655
0.0138272080094
0.00833527327664
0.00767520671921
0.00764152102743

State labels

0
1
2
3
4
5
6
7
8
9
10
11
12
13
14
15
16
17
18
19
20
21
22
23
24
25
26
27
28
29
30
31
32
33
34
35
36
37
38
39
40
41
42
43
44
45
46
47
48
49
50
51
52
53
54
55
56
57
58
59
60
61
62
63
64
65
66
67
68
69
70
71
72
73
74
75
76
77
78
79
80
81
82
83
84
85
86
87
88
89
90
91
92
93
94
95
96
97
98
99
