Cluster centers 

[-0.95454562  1.81987852 -0.39976084 -0.87577873]
[ 1.21959064 -0.25594321 -0.13693078  0.10823022]
[-0.86415645 -1.30267839  0.2040063   0.0126944 ]
[-0.93469797  0.36580507 -0.09554985  1.1923943 ]
[ 1.13299786 -0.30573527  0.83595535  0.35439422]
[-0.86868715 -1.68393504 -0.27778394 -3.34702779]
[-0.69193612  0.88902139  1.54093861 -0.60609707]
[ 1.17354887 -0.26038298 -1.48029494 -0.99291086]
[ 1.22275504  0.37109496 -0.59966885  0.96300539]
[ 1.08821305  0.51525807  1.35780021  0.55041282]
[-0.65576392 -1.0243265   1.27997828  0.62965653]
[-0.93821478 -0.947431   -1.45835363  0.00687001]
[-0.91620267 -0.97982838 -0.10428388  0.66868445]
[ 1.00186203 -1.08226745  0.76769434 -1.80587592]
[-0.92918816  1.13962107  0.25280285 -0.0261165 ]
[ 0.80912813  1.77833165  2.06660645 -2.08364837]
[ 1.21143059  2.10917183 -0.15518231 -0.21013147]
[-0.83926735  1.97639585  0.88096973 -2.91156017]
[-0.8108309  -0.51255212  0.8353451   1.02041709]
[-0.72130104  1.33647394  1.45221667 -1.55494466]
[-0.87083199  0.26952378 -1.41786199  1.73019583]
[ 0.69883015 -0.72973111  2.00709167  0.17161196]
[-0.94693404  1.18105569 -0.22435447  0.31070885]
[-0.95708087  2.06946847 -0.0077075  -2.09747535]
[-0.93472227 -1.52084191 -0.59495264 -1.94670944]
[ 1.15353804  0.74146741 -1.19891582  1.2841635 ]
[ 1.21000133 -0.33610502 -0.93774097 -0.72252165]
[ 0.95446298 -0.97056594  1.20246869 -0.74236471]
[ 1.13250326  1.09100547  1.211071    0.19080787]
[-0.76339093  0.46583905  1.25084262  0.29329425]
[ 1.11524674  1.67930615  1.2895942  -0.78814761]
[ 1.21769585  0.80939496  0.4806131   0.81998822]
[-0.9093264  -0.60983956 -1.51919527  0.89605658]
[-0.94791138  1.75560857  0.10693935 -1.29059864]
[-0.9548743  -1.22382877 -0.82782939 -0.44049366]
[ 0.48101521  2.20414696 -2.42605386  0.98704763]
[-0.80910611 -1.52170568  0.39586164 -0.66236141]
[-0.86205543  1.43617548 -1.29523804  0.81911789]
[-0.94421363 -0.68446597 -0.90968169  0.99199602]
[-0.92728095  0.5339928  -0.7631155   1.41998037]
[-0.91488685 -1.46997229 -0.33456857 -1.10407658]
[-0.87470588  2.12793612 -1.27658298 -0.60417933]
[ 1.20874097 -0.48159288 -0.82215251 -1.302345  ]
[ 0.37925248 -1.27144266  2.06134247 -0.37800398]
[ 1.17091865  0.18343298 -1.27702814  0.64697157]
[ 0.41170917 -1.46131513  1.84668993 -1.10049732]
[ 0.66200201  0.19733071  2.26231061  0.21677564]
[-0.85178876 -1.04675629  0.41307018  0.63186403]
[ 1.22188389  1.46637923  0.42332562  0.3183667 ]
[-0.93842928 -0.23967504 -0.37725193  1.40094703]
[-0.8681701   0.1541744   0.64023964  0.95690436]
[ 1.10420972 -0.29683776 -2.03485891 -2.41224709]
[-0.7471621  -1.30483809  0.83135007  0.18557104]
[-0.6603687  -1.82454388  0.63421146 -2.46840363]
[-0.90424689 -0.44902062  0.18488076  1.20614981]
[ 1.20675089 -0.11971015  0.2654547   0.48250243]
[-0.94633304  1.59594891 -0.50594339 -0.22672611]
[ 1.17962443 -0.65907551  0.01064926 -1.03050808]
[-0.89704613  1.37146311  0.62149316 -0.85624475]
[-0.93109459 -1.18136648 -0.36329528  0.0872117 ]
[ 1.11893441  1.83134055 -1.1303741   0.88803488]
[ 1.21889055 -0.22565905 -0.7438696  -0.1554716 ]
[-0.78909301 -1.67830187  0.34482574 -1.55318512]
[ 1.22530728  1.12272545 -0.33622251  1.02023709]
[ 1.2258299  -0.00720537 -0.53890577  0.46705217]
[ 0.98051567  0.45546321 -2.14863849  0.99496967]
[-0.85068448  0.94615391  0.89372597 -0.20566153]
[-0.81642659  1.05564453 -1.54872144  1.48012772]
[ 1.05882257  2.99373903 -1.27326033 -1.19828029]
[ 1.03490109 -0.67205427  1.12330644 -0.11221661]
[-0.90603187  0.72042994  0.43389066  0.50566546]
[ 0.48361517  0.97258583  2.4874073  -0.95405402]
[-0.91703421 -1.35278813 -0.26857626 -0.4532671 ]
[-0.94155819  0.89137133 -0.3579958   0.84913236]
[ 1.08138415  0.086516   -1.92398841  0.15100372]
[-0.9448809   2.20284402 -0.73443179 -1.53804049]
[ 1.19889075 -0.53399817 -0.98802215 -1.97193444]
[-0.92302807  1.45917749 -0.84592032  0.37451767]
[ 1.17413665 -0.49425694  0.34571912 -0.19255599]
[-0.9255969  -0.2046143  -1.02066394  1.50066424]
[ 1.23166755  0.34136953 -0.00324892  0.90318184]
[ 1.07922379 -0.10406157 -2.06886102 -0.79828229]
[-0.97232505 -1.32719689 -1.32696646 -2.06704624]
[ 1.18400279  2.38446282  0.6083598  -1.66173415]
[-0.87686516  1.69193055  0.77753961 -1.86914157]
[ 1.18038126  0.22021878  0.72453012  0.76140435]
[-0.95970734 -1.20645116 -1.26481525 -0.94128444]
[-0.73080221 -0.10120686 -2.24885937  1.47259649]
[ 0.95988061  1.16333878  1.87651356 -0.48132301]
[-0.96531229  2.53558607 -0.46892002 -3.14300869]
[-0.95065759 -0.9947946  -0.82375274  0.35884618]
[-0.61738892 -0.23983086  1.61626146  0.69780259]
[-0.54701772 -1.51957061  1.3272163  -0.32052347]
[ 1.18132266 -0.07857682 -1.30240764 -0.05035074]
[-0.12425083 -0.90381194  2.22072893  0.38807509]
[-0.54400823 -1.75252016  1.13596664 -1.35732408]
[-0.94350322  1.4367144   0.09774676 -0.48995953]
[ 1.21421703 -0.42661058 -0.28229482 -0.45674221]
[-0.93891915 -0.79254704 -0.41932901  0.92938296]
[ 1.01753256 -0.14492568  1.4689865   0.52274063]

Populations

0.0100852244769
0.0190462671437
0.012200081601
0.0170588801043
0.0160285222316
0.00517619640886
0.00683280546535
0.0156740655739
0.0151770360698
0.0125244698713
0.00734038530671
0.0072722763836
0.0141350429673
0.00273665030075
0.0136854702658
0.00276575533758
0.00161177617425
0.00347802696103
0.0122010701201
0.00592003548092
0.00443067087109
0.0128665313692
0.013816338544
0.00744611396857
0.00951314120457
0.00739353509927
0.0147434718763
0.00712018255794
0.00871139588734
0.00887359662091
0.00435504429396
0.0121679464525
0.00666276147175
0.0109910994687
0.0120477471935
0.00111619728607
0.0104587112129
0.0042219105325
0.00992976953374
0.011334369766
0.0145122963927
0.00461643763459
0.0110321878786
0.00762774997544
0.0147051465136
0.00469849277623
0.00900822025741
0.0124418301811
0.00499859555219
0.0191591188111
0.0163188917545
0.00797364546557
0.00758107835271
0.0045394956362
0.0196549602236
0.020947538842
0.0118310271431
0.009685984996
0.0130162178786
0.0144912011872
0.00214894671525
0.0188501460212
0.00831930219723
0.00742090054394
0.0225625623732
0.0044099573897
0.0103481631805
0.00258428690977
0.00134666814113
0.0123433498978
0.0184396983704
0.00396897448532
0.012257922025
0.0140039497621
0.00893088671453
0.00729539959489
0.00737852505642
0.00784930771237
0.0175340070604
0.00925554674365
0.0205215049108
0.00958501428629
0.00244322131053
0.00183279499619
0.00785724593926
0.0204940771012
0.00671652516817
0.00160005735814
0.00709070727021
0.00318376453067
0.013828865518
0.00624410403114
0.00556592045236
0.0188061292675
0.00612125194052
0.00469931764321
0.0133647261712
0.0161544676055
0.0134448540192
0.0152062586769

State labels

0
1
2
3
4
5
6
7
8
9
10
11
12
13
14
15
16
17
18
19
20
21
22
23
24
25
26
27
28
29
30
31
32
33
34
35
36
37
38
39
40
41
42
43
44
45
46
47
48
49
50
51
52
53
54
55
56
57
58
59
60
61
62
63
64
65
66
67
68
69
70
71
72
73
74
75
76
77
78
79
80
81
82
83
84
85
86
87
88
89
90
91
92
93
94
95
96
97
98
99
