Cluster centers 

[-0.81905354 -0.4034945  -1.38819515  1.34001823]
[ 1.33363592 -0.30924932 -0.64023901 -0.30690651]
[-0.75262249  0.97948459  1.00859537 -0.40385195]
[-0.73854784  0.0817914   1.01312339  0.80997235]
[-0.72241624 -1.49309313  0.47884867 -0.65973619]
[ 0.82516342 -0.624629    2.02333341  0.14203606]
[ 1.25597956 -0.22115406  0.77032432  0.37285516]
[-0.87646888  1.99250296 -0.55682712 -1.40555239]
[-0.87227374 -1.38039237 -0.7621789  -1.15417536]
[ 1.16341372  0.91448611 -1.70060712  1.45524446]
[-0.82967172 -0.92877962  0.07522999  0.72138427]
[-0.83730228 -1.5710345  -0.44439612 -2.02363633]
[ 0.97454193  0.53194677  2.02651535  0.14391162]
[ 1.10930767  0.02199207 -2.35120659 -0.05423847]
[-0.85936974  0.23236073 -0.35723106  1.40845381]
[ 1.31012981 -0.30905643 -1.29478504 -0.8124992 ]
[-0.86429996  1.26753369 -0.44721551  0.29885526]
[ 1.35055713  0.90274507  0.04913409  0.99660202]
[-0.76345044 -1.23617181  0.43613455  0.14210619]
[-0.86755835 -1.23478082 -0.59585332 -0.29939085]
[-0.90325338  2.69069317 -0.65126949 -4.25553718]
[-0.61818295  1.13472274  1.53613241 -1.19060571]
[-0.78726213  1.7098623   0.74614801 -2.07519008]
[ 1.32902994  0.84047801  0.48232631  0.79688161]
[ 1.32743414 -0.08524599 -0.89868156  0.21799196]
[-0.86448463  2.2412725  -0.15069528 -2.88025298]
[ 1.34713695  0.99264565 -0.13661963  0.96714621]
[ 1.27251963 -0.50758937  0.39547951 -0.25801631]
[-0.86177964  0.87790333 -0.14555506  0.69497214]
[-0.88826453 -1.32785245 -1.35643588 -1.79100456]
[ 1.30210007 -0.50914931 -1.47180149 -2.55394065]
[ 1.32600515  2.07187846  0.27950891 -0.67827051]
[-0.82203215  0.50877786  0.51889327  0.70269081]
[-0.8712453   1.51915481 -0.09298117 -0.59910836]
[-0.7207369   0.42253101 -1.70253456  1.8815833 ]
[ 0.86453888 -1.24997756  1.3735608  -1.56082983]
[-0.05674449 -0.74511946  2.34360355  0.32786794]
[ 0.91138452  1.60399628  2.08305293 -1.75249795]
[-0.86155934 -0.79634812 -1.06180422  0.73328487]
[ 1.02363535 -0.92936057  1.32404138 -0.6969827 ]
[-0.86044909 -0.26064176 -0.38893807  1.40411573]
[ 1.3465896   0.26351724 -0.13072865  0.87257053]
[ 1.23517389 -0.19290954 -1.94747902 -0.84749415]
[-0.83314915  1.35366504  0.46677015 -0.75892415]
[-0.83742649  0.08628924  0.27570856  1.17116429]
[-0.28169707  2.34409518 -1.75680721 -0.40186185]
[ 0.98082186  1.21643372  2.03521225 -0.7649232 ]
[-0.72312342 -0.87522485  0.83090515  0.75780352]
[-0.65092641 -1.77109957  0.39850753 -2.49625766]
[ 1.3029722   0.20774303 -1.13863638  0.77682226]
[-0.84448657 -1.18321139 -0.21301843  0.08251823]
[-0.08678105  0.38485739  2.36592043 -0.2233254 ]
[-0.7455386   1.38081686 -1.4540953   0.9959878 ]
[-0.54566841 -1.35913524  1.25569014 -0.07704497]
[-0.77030986  0.634057    0.91653841  0.2704645 ]
[ 1.29563636 -0.56878726  0.0250099  -0.68559527]
[ 1.19682188 -0.2738724  -2.34230824 -2.05091942]
[-0.82016305 -0.84876694 -1.83997825  0.09399179]
[-0.8703842   1.73076411  0.03566038 -1.32438285]
[ 1.29923953 -0.09044497  0.50406137  0.51987225]
[ 1.31382031 -0.43419935 -1.21996217 -1.40234361]
[ 1.32405429 -0.16861987  0.09558028  0.33298288]
[ 0.49062402 -0.31633912  2.52588631  0.28793138]
[ 1.20858486  0.3754653   1.27223747  0.59221534]
[ -7.16514902e-01  -1.76534785e+00  -1.51960976e-03  -3.42639840e+00]
[-0.83440879 -1.40068999 -0.24281304 -0.72380296]
[-0.86046325 -0.57527152 -0.79098151  1.17636784]
[ 0.36340267 -1.28616867  2.04200633 -0.56041716]
[ 1.10480563 -0.17791821  1.53365139  0.43773868]
[ -8.51607539e-01   1.10238447e+00   2.43612370e-01   3.67404630e-04]
[-0.83289996 -0.29634535  0.23250231  1.2495986 ]
[ 1.30490847  1.38871703  0.74706173  0.15494021]
[ 1.2949496  -0.13111517 -1.38767854 -0.1520787 ]
[-0.8751605  -1.11744956 -1.31423718 -0.4575805 ]
[-0.48411314 -1.6751533   1.14639828 -1.21879278]
[-0.83618866  0.17233271 -0.9385645   1.60776135]
[-0.86495719  1.50784261 -0.42763785 -0.21898794]
[ 1.33251055 -0.30440285 -0.29737128 -0.09736131]
[ 1.31895009 -0.54431153 -0.51635929 -1.11581247]
[-0.84168998 -0.56354297  0.04626231  1.16072259]
[-0.81822291  2.24537186 -1.27861848 -1.24246255]
[-0.82608233  1.64294475  0.52529263 -1.61420445]
[-0.21026526  1.26947693  2.29256858 -2.09664563]
[-0.53436216 -0.49671688  1.65365866  0.70561485]
[ 1.34069118  0.06707398 -0.54397426  0.6110781 ]
[-0.83357302  1.33620652 -0.90570926  0.58992279]
[-0.87442762 -1.53191182 -0.98419308 -3.02818824]
[ 1.23662554  0.0970506  -1.71579249  0.42228278]
[-0.7641037  -0.26218217  0.81373444  1.05241142]
[-0.87272197 -1.00633315 -0.83273004  0.30468105]
[-0.66724905  0.58762694  1.39022482  0.00685618]
[-0.86252046 -0.84931443 -0.40469336  0.79908885]
[ 1.11653014 -0.61384475  1.23725984 -0.0756073 ]
[-0.62782639 -0.10332677 -2.32397463  1.5553377 ]
[ 1.21665648 -0.91201185  0.10844314 -2.12730748]
[ 1.16014158  1.24957012  1.54342935 -0.32596813]
[ 1.31907868  0.27117459  0.45465349  0.80524048]
[ 1.33441614  0.45706163 -0.61423147  1.07360971]
[-0.86026158  0.56365652 -0.14360983  1.06683503]
[-0.76687874 -1.59210735  0.10469133 -1.41266067]

Populations

0.00626550539639
0.0173193817792
0.010770475012
0.00834044169874
0.0111029500053
0.0103577534789
0.0149560090811
0.0119043986687
0.0109049212567
0.00610367444096
0.0151795426271
0.00783682241291
0.00760681254772
0.00549079093431
0.0121101021665
0.0146295847499
0.0123415940447
0.00381775410957
0.0152695899807
0.0135359380287
0.000542664420998
0.00622928347384
0.00699459316531
0.00970522004616
0.0156665144755
0.00777327213424
0.00736705569367
0.0152277551595
0.0155146741465
0.00368844556874
0.00423170736508
0.00369070041372
0.0145173579824
0.0138299135582
0.0029502935098
0.0029459274481
0.00490332072813
0.00371448015942
0.0104999998674
0.00778584868451
0.015437621596
0.0146983144323
0.0112270794049
0.0141624909752
0.0127834980478
0.00327050285678
0.00502663414833
0.0144358347962
0.00561702908749
0.0121138214705
0.0186105864605
0.00297259976786
0.00477152847075
0.00924172331457
0.0118183581996
0.0114550388149
0.0064775990178
0.00374017187623
0.0103518073691
0.011681369431
0.0118746429957
0.0184402112115
0.00612194385003
0.0180035541637
0.00296239035143
0.0140644459102
0.00996006913644
0.0096604523263
0.0127496560602
0.0199953945803
0.0107214273959
0.00792317355425
0.015256048699
0.00983957477859
0.00681557583168
0.0109579553097
0.0162004789288
0.0172732118506
0.0103251926721
0.0114116679717
0.00495213562605
0.0082473813492
0.00224299071162
0.00778293017148
0.0169145433316
0.00963323482183
0.00289910539039
0.0100179408599
0.0110643370796
0.012659011652
0.00646825854983
0.0153791056766
0.0123427273051
0.0016404604029
0.00214272392834
0.00743032995175
0.0169693512254
0.0123972391178
0.0133689241131
0.0113735211987

State labels

0
1
2
3
4
5
6
7
8
9
10
11
12
13
14
15
16
17
18
19
20
21
22
23
24
25
26
27
28
29
30
31
32
33
34
35
36
37
38
39
40
41
42
43
44
45
46
47
48
49
50
51
52
53
54
55
56
57
58
59
60
61
62
63
64
65
66
67
68
69
70
71
72
73
74
75
76
77
78
79
80
81
82
83
84
85
86
87
88
89
90
91
92
93
94
95
96
97
98
99
