Cluster centers 

[-0.61534447  2.42434225 -0.94011785 -2.2135764 ]
[-0.64967912 -1.03527508 -1.34369941 -0.87627097]
[-0.64400696  0.73148398  0.57630494  0.34237419]
[ 1.79221968  0.47172515 -0.32626649  1.01979709]
[-0.65182086 -0.15457393 -0.27081837  1.32695361]
[-0.61422236 -1.20936099  0.19894398 -0.05227983]
[-0.65738739  1.35132777  0.53159208 -0.77466341]
[ 1.54323864 -0.36062482  1.10079577  0.383189  ]
[  1.74758436e+00   3.59924310e-04  -1.70620112e+00  -1.86331266e-01]
[-0.42518733  1.34343471 -1.65306332  0.9652466 ]
[-0.40921332 -1.63254583  0.71704223 -2.12576075]
[-0.64240976 -0.78212033 -1.01991426  0.49776825]
[-0.66192949  1.84147939 -0.34712178 -1.15272036]
[-0.57382522  1.5723833  -0.99689204  0.10835769]
[-0.63260204  0.23167497  0.5723064   0.9044924 ]
[-0.5581962   1.09224062  1.30749438 -0.81995077]
[ 1.71205164 -0.60585382 -0.28698085 -1.56636098]
[ 1.72267587 -0.31507661  0.08281615  0.05049999]
[ 1.58535408  0.30566514  1.23216589  0.72436298]
[-0.58990216  1.13087999 -0.87951086  0.75370621]
[-0.61599998  2.25593447 -0.89166332 -1.71940222]
[-0.67503823  1.89724419  0.34330425 -2.06846105]
[-0.38209643 -0.01987824 -2.18022493  1.34136031]
[-0.63735722 -1.42987782 -0.49348641 -3.01992766]
[-0.46091335 -0.94127415  1.21555714  0.68773547]
[ 1.73283     0.18040865 -1.75119502  0.40370954]
[-0.64148901 -0.90001619  0.02648486  0.64430608]
[-0.63956523 -0.40942788  0.27538488  1.13204582]
[-0.4847677  -1.49430506  0.7128782  -0.91102809]
[ 1.47596478 -0.74273529  1.03781934 -0.39527952]
[-0.59443752 -0.4373992  -1.27992992  1.08450226]
[ 1.28867906  0.23466213  2.0553847   0.47426474]
[-0.42472228  2.24574903 -1.68975877 -0.6966208 ]
[-0.67210376  1.53754856  0.09197998 -0.81732804]
[-0.39679441 -0.24773455  1.70184893  0.74067569]
[-0.63570405  1.43986769  0.80741594 -1.23138282]
[-0.30444175  0.42295352  2.07832002 -0.07101682]
[ 1.70583296 -0.54430857 -0.02756888 -0.81598253]
[-0.55260404 -0.57535953 -1.72008998  0.59244828]
[-0.62492811  1.99791886  0.82443848 -2.93660226]
[-0.66322781  1.01973735  0.23378082  0.1271769 ]
[ 0.45332745 -1.41939938  1.96494596 -0.79519801]
[-0.66177472 -1.26183781 -0.52129886 -0.96289732]
[-0.65184974 -0.94319305 -1.05497726 -0.03179995]
[ 1.73455748  0.60621573 -1.46624717  1.16776918]
[-0.6377675   0.24072187 -0.52325485  1.35130198]
[ 1.05585837  0.81070063  2.41322778 -0.37815405]
[ 0.33345183 -1.16405293  2.25486678  0.11250962]
[-0.63399753 -0.11761736  0.46493897  1.13981448]
[-0.67077219 -1.26988968 -0.78642778 -1.52751059]
[ 1.78997695  0.08344298 -0.50343626  0.60801223]
[ 0.57482999 -0.6496581   2.50955496  0.49865018]
[-0.48734549  0.8949989  -1.43563733  1.36184877]
[ 1.64783956  1.23361451  1.08913185  0.05946825]
[-0.47093685 -1.39543631  0.84940029 -0.38002709]
[  1.65101704e+00  -1.62146915e-03  -2.50630465e+00  -1.26543440e+00]
[-0.62848909  1.86818799 -0.69117325 -0.85497826]
[-0.6678657   1.62132562  0.3702684  -1.29404526]
[-0.65861969  0.72484588  0.05604382  0.68005842]
[ 1.77223885 -0.27049709 -0.49650575 -0.23198007]
[-0.65123996 -1.38722707 -0.47684911 -1.98966364]
[-0.65573106  0.34174822  0.00537361  1.08465343]
[-0.63663657 -1.26285327 -0.11618863 -0.48711789]
[-0.65568187 -0.79061495 -0.55272716  0.6953755 ]
[-0.56470482 -1.09677446  0.64547087  0.40191614]
[ 1.71956071 -0.08727824  0.3194276   0.55857962]
[ 1.7488981   0.58080088  0.37130995  0.92506277]
[-0.6188214   0.69307753  0.8574308   0.23112774]
[-0.64132864  1.48140428 -0.48738171 -0.16352968]
[-0.58351343  0.86267335  1.12867296 -0.22936963]
[-0.45514499  1.13957069  1.7102287  -1.22787109]
[-0.65348866 -0.42114163 -0.10326569  1.19797772]
[-0.63167693 -0.28411175 -0.79117053  1.32830974]
[-0.65802271  1.13529795 -0.19102001  0.24053184]
[ 1.76725823 -0.13538733 -1.57237707 -0.72217518]
[-0.57124826  0.16609329 -1.17047798  1.51365309]
[-0.62807931  1.25038966 -0.59824914  0.36072315]
[-0.58159095  1.84645434 -0.98593161 -0.49290567]
[-0.6400835   0.66873079 -0.42664851  1.02246127]
[-0.63131592  1.12656003  0.80119962 -0.50419822]
[-0.66688744  1.28947489  0.18472881 -0.34507654]
[ 1.7865835   0.21170664 -1.06693982  0.69927952]
[-0.66015289 -1.04728369 -0.45337881  0.07364701]
[ 1.14197571 -0.66509563  1.99959725  0.30733828]
[ 1.78740173 -0.03417994 -1.11491016  0.10189409]
[-0.56683528  0.34872107  1.14992275  0.50938326]
[ 1.79255636  1.26063837 -0.23580576  0.84205179]
[ 1.75456537 -0.22984672 -1.7063276  -1.70356969]
[-0.6772728   1.96619448 -0.11973358 -1.76022185]
[ 1.78204182 -0.28000612 -0.90351283 -0.67573522]
[-0.66122718  1.56398344 -0.25659505 -0.55320928]
[-0.5696805   2.25676478 -1.13572721 -1.41303654]
[-0.5732627  -0.38439313  0.90456155  0.99334997]
[-0.59809677 -1.43128154  0.12276266 -1.16946529]
[-0.60170786 -0.84978417 -1.70136294 -0.3712343 ]
[-0.47508767  0.65122692  1.62691768 -0.18598798]
[-0.59791944  1.49624785  1.10085919 -1.64432646]
[-0.61304376  1.65792042  0.99884202 -2.01377894]
[ 1.76233265 -0.40106022 -1.25319806 -2.48071268]
[-0.65218456 -0.51242563 -0.48601953  1.13060614]

Populations

0.00284384441555
0.00966077531158
0.0102429842995
0.0168155897377
0.0114297039492
0.0126868897835
0.00793349370059
0.0189573353494
0.00989165434636
0.00315520422633
0.00967274241873
0.0136356453023
0.00566002600333
0.00500986819764
0.012631317295
0.00442869369281
0.00561324203826
0.0250441709509
0.0173102932138
0.00757466666892
0.00157710576449
0.00670716723056
0.00569385187033
0.00857546642516
0.0105860257693
0.00810067572591
0.0188516330582
0.0123550076226
0.00795942491912
0.0150012797487
0.00910471553729
0.0125009051113
0.00198714044507
0.0082029540953
0.00826804706192
0.00567489115632
0.00382280497945
0.0119412429587
0.00563892617022
0.00255573403983
0.0124982620066
0.0104025217642
0.0181560527767
0.0117737316843
0.00778037833651
0.0113311085765
0.010078750295
0.00788888699935
0.0104153735185
0.00849319539129
0.0164346687407
0.00564404104551
0.00415411391804
0.0149927171512
0.0131039604059
0.00871841231379
0.0054261876387
0.00692063321667
0.0128667098526
0.0204590165313
0.00938558117007
0.0117805602306
0.0152797388703
0.0142191439166
0.012812598205
0.020713516523
0.016287033219
0.00843606364743
0.0106395733366
0.0060325581624
0.00353169372979
0.011392478883
0.00739380978454
0.0127160811574
0.0175637352724
0.00754431001339
0.00976680817724
0.00508263257299
0.0132905710299
0.00852350393207
0.0123446285211
0.00915448845725
0.0210773046433
0.0103269429872
0.013217672663
0.0085759389354
0.00872999882311
0.00918428409414
0.00563536354357
0.016813996712
0.00815069645782
0.00165460388692
0.0158812081831
0.0122721226368
0.00408129000096
0.00378136289547
0.00346305676251
0.00483064833527
0.00386993523476
0.011720601638

State labels

0
1
2
3
4
5
6
7
8
9
10
11
12
13
14
15
16
17
18
19
20
21
22
23
24
25
26
27
28
29
30
31
32
33
34
35
36
37
38
39
40
41
42
43
44
45
46
47
48
49
50
51
52
53
54
55
56
57
58
59
60
61
62
63
64
65
66
67
68
69
70
71
72
73
74
75
76
77
78
79
80
81
82
83
84
85
86
87
88
89
90
91
92
93
94
95
96
97
98
99
