Cluster centers 

[-0.81245796 -0.7964571  -0.96897205  0.70065115]
[-0.71864115  0.57061423  0.89782834  0.41127028]
[ 1.38686936 -0.32887152  0.25961146  0.08507204]
[-0.55372045 -1.83275561  0.68466688 -2.40327991]
[-0.78928293  1.34685038  0.3868485  -0.7431028 ]
[ 1.12148039  1.21442526 -2.2317254   1.51374758]
[ 1.12666561 -0.18086125  1.67305506  0.48086011]
[ 1.41549571 -0.14950277 -1.02315489 -0.04852908]
[-0.68145582 -0.26306228  0.95166444  1.01755448]
[-0.72772207  1.25687859 -1.29667951  0.91668291]
[-0.82581863  1.98468244 -0.37859105 -1.89640983]
[ 1.39774968 -0.35669388 -1.3367715  -0.989402  ]
[ 1.43287482  0.29932392 -0.60845134  0.86363371]
[-0.79373458 -1.38524438 -0.30652002 -0.68628766]
[ 1.10959378  1.22055647  1.93648248 -0.61010467]
[-0.71036288  1.70218556 -1.40023995  0.1688897 ]
[-0.56666848 -0.08487638 -2.40475396  1.43983727]
[ 1.15807423 -0.92782776  1.17084063 -0.77225036]
[-0.6808726  -1.26852433  0.60293483  0.08867269]
[-0.80086402  0.15234668 -0.03524621  1.27346913]
[-0.80966035  0.97802418 -0.0717831   0.43137251]
[-0.79035568  2.13423792  0.26036278 -3.52143633]
[-0.8091375  -0.24813725 -0.46808644  1.37366711]
[ 1.41717781  0.92729381  0.50258992  0.72751474]
[-0.70649978  1.57218598  1.02213764 -2.08369228]
[-0.25647646  1.06240864  2.20952435 -1.43467022]
[-0.53864395 -1.25890663  1.17106882  0.15914356]
[ 1.32431281  0.91882163 -1.51249656  1.39400737]
[ 1.25917486 -0.25843282 -2.42028272 -1.57610535]
[ 1.43824047  1.48960007 -0.18594186  0.59377073]
[ 0.36024444 -1.27530981  2.10252321 -0.39309798]
[ 0.00628062 -0.7007184   2.35087023  0.45395837]
[-0.75639175  2.27382321 -1.29495577 -1.68776118]
[-0.75259708 -1.7345553  -0.31313995 -3.1393367 ]
[-0.80133568 -0.98130113 -0.2626858   0.52731684]
[-0.81226237  1.32042374 -0.343688   -0.00552694]
[-0.80038405 -0.34419686 -0.09665053  1.28468025]
[-0.82186788 -1.15387342 -1.3168024  -0.62421809]
[-0.80379736  0.96170228 -0.50737901  0.76896295]
[ 0.93511729  1.33263891  2.29976162 -1.26966518]
[-0.82035915  1.64854868 -0.11478756 -1.07920552]
[-0.7873246   1.07094104  0.38885537 -0.10135964]
[ 0.65390275 -0.63686048  2.35451323  0.26977006]
[-0.76814659 -0.61616662  0.26502765  1.06461294]
[ 1.36186966  0.25504227  0.80792126  0.73349643]
[ 1.42218083 -0.36310793 -0.53898816 -0.40832528]
[-0.67845793  0.42092728 -1.72070583  1.75776508]
[ 1.13534211  1.78622808  1.84473622 -1.85389328]
[-0.76115663 -0.55475475 -1.59709818  0.9394315 ]
[ 1.42689517  0.1880796   0.07647352  0.75075701]
[-0.72780581 -0.85407221 -2.22977631 -0.33311448]
[ 1.42958006 -0.12147666 -0.40214237  0.25980406]
[-0.8079321   0.59540679 -0.19374698  1.03358476]
[-0.75954729 -1.15377662  0.14916178  0.25464188]
[ 1.37456063 -0.54492787  0.18390396 -0.47698205]
[-0.82085222 -1.42157958 -0.69580386 -1.22893318]
[-0.67862566  0.75766113  1.14639043 -0.05444283]
[-0.55761359 -0.73143909  1.3327546   0.78705698]
[ 1.39845408 -0.59695412 -0.93707269 -1.81513504]
[-0.70539937  0.24000866  0.93563367  0.77935357]
[-0.80830978  1.5544388  -0.54348715 -0.35599259]
[ 1.40657978  0.14327583 -1.0981947   0.60664877]
[ 1.41421386  2.18014973  0.27066599 -1.0456519 ]
[-0.76816392  0.38499619  0.4916696   0.87087264]
[-0.77498805 -0.00921553 -1.15739838  1.54768717]
[-0.32178162  0.48515083  2.15335041 -0.19915782]
[ 1.24716035 -0.67601249  0.98244911 -0.29409315]
[ 0.89300232 -1.26034135  1.53100857 -1.3432315 ]
[-0.79741372 -0.80115503 -0.15450977  0.86501288]
[-0.79090339  1.69530195  0.43675579 -1.86766831]
[-0.48121151 -0.10781742  1.72205072  0.65166913]
[-0.81523726 -1.16471614 -0.53220787 -0.04087368]
[-0.80214111  1.88602069 -0.78615968 -1.02374144]
[-0.71912573 -0.89057247  0.54366308  0.76194715]
[ 0.92028557  0.46144788  2.2392222   0.1702729 ]
[ 1.38638076  0.5609116  -1.17968531  1.14114664]
[-0.67770376  0.98994672  1.14611013 -0.53247388]
[-0.45046767 -1.6380966   1.16401611 -0.99787946]
[-0.81640075 -0.96346795 -1.03501894  0.26509051]
[-0.78819872  0.66001477  0.32061929  0.64684394]
[ 1.24187376  1.04130951  1.56811325  0.01853015]
[ 1.26433663  0.28268491  1.36153087  0.62425771]
[-0.66416121  2.17957839 -1.68526196 -0.75855584]
[ 1.36033532  0.01235499 -1.59607922  0.17679725]
[ 1.23039765 -0.47333957  1.19100442  0.15713196]
[-0.67717989 -1.41594956  0.53416016 -0.34405308]
[ 1.26630607  0.23607733 -2.03761498  0.62310887]
[-0.77258939 -0.13609759  0.33241653  1.21196085]
[ 1.33058791 -0.13763921 -1.87713914 -0.45483928]
[-0.72666166 -1.58174102  0.14514778 -1.23880679]
[-0.81274109 -0.67881404 -0.57707768  0.99568403]
[-0.800548    0.30480501 -0.62621461  1.43466245]
[-0.67974872  1.30928774  1.13113376 -1.33429388]
[ 1.02278609 -0.7229729   1.72111583 -0.00966372]
[ 1.39189459  1.43964959  0.75941407  0.05112892]
[ 1.36170025 -0.17313866  0.61036674  0.42387364]
[ 1.43985871  0.6653121  -0.26212598  0.98534683]
[-0.59761391  1.29218821 -1.91176346  1.32071649]
[-0.79298137 -1.24425665 -0.20792055 -0.11588801]
[-0.80126242 -1.54989778 -0.58920131 -1.91158003]

Populations

0.00949871859122
0.0115338054678
0.0191050688939
0.00588539749151
0.0168394990885
0.00188865778187
0.01006418843
0.0188174763552
0.0116720648795
0.00614752931542
0.00876309855786
0.0252900163982
0.0134316549398
0.015997223349
0.00613286483456
0.00461272927824
0.00159217378053
0.00631880235203
0.00732121561311
0.0113467813308
0.0119646121562
0.00422338723489
0.0134187734638
0.0121280698634
0.00540837871383
0.00278326710987
0.00860326271385
0.00337737316497
0.0105641916573
0.00596682817529
0.00899178465765
0.00497964298781
0.00304374007805
0.00642604016501
0.0147933207819
0.0179048158546
0.0101691556635
0.00964506437795
0.0134535111124
0.00228106142969
0.0142873705387
0.0167210923221
0.00873110611741
0.00925125507996
0.018769065949
0.0266915700122
0.00334261318402
0.00244445679322
0.00667489024536
0.022816465919
0.00157516547137
0.0259080696595
0.0101695266915
0.0105787406676
0.0174793940329
0.00994832695067
0.00661124332485
0.00761645469918
0.0127437440638
0.00635468129422
0.0124941760279
0.0136802574809
0.00310820085545
0.00982240215224
0.00830623139049
0.0037745693991
0.00857681593216
0.0035295030434
0.0102953367676
0.00944353089658
0.00511130111146
0.0128945476542
0.00845371263721
0.0120249358094
0.00753540220489
0.00703660837627
0.00907813441731
0.00722943999092
0.012129517863
0.011093061636
0.00733273098648
0.0148449754428
0.00222629169195
0.0113203520691
0.0102308362618
0.0106734973188
0.006007320612
0.0117078571994
0.0143491741505
0.0143243176606
0.012153881976
0.012649378694
0.00659269857305
0.00932795395713
0.00690966627174
0.0177350175152
0.0129012344628
0.00144005222116
0.0109040140172
0.00965058216423

State labels

0
1
2
3
4
5
6
7
8
9
10
11
12
13
14
15
16
17
18
19
20
21
22
23
24
25
26
27
28
29
30
31
32
33
34
35
36
37
38
39
40
41
42
43
44
45
46
47
48
49
50
51
52
53
54
55
56
57
58
59
60
61
62
63
64
65
66
67
68
69
70
71
72
73
74
75
76
77
78
79
80
81
82
83
84
85
86
87
88
89
90
91
92
93
94
95
96
97
98
99
