Cluster centers 

[ 1.24376756 -0.56000003  0.75221081 -0.18770848]
[-0.8448572   0.97374305 -0.3948926   0.73556035]
[-0.84474523 -0.84786818 -0.3760147   0.79141485]
[ 1.30992318 -0.04176075 -1.46442519  0.10320372]
[-0.8515152   1.56356187  0.00335737 -0.88074002]
[-0.86195468 -1.40421884 -0.84203244 -1.30627565]
[ 0.97540789  0.82721514  2.11929871 -0.2623841 ]
[-0.73089785 -1.39387631  0.42733075 -0.30951625]
[-0.84578422  2.28823275 -0.17987172 -3.3142083 ]
[ 1.32706541 -0.46111951 -1.48631553 -1.85084755]
[ 1.17180117  0.20087686 -2.1203177   0.59125973]
[-0.75712952  0.5919529   0.88492892  0.35159342]
[ 1.35007308  0.64628665  0.52754031  0.8141709 ]
[ 0.0412962   1.05325281  2.42385718 -1.50886828]
[-0.83031075 -0.35510861 -0.98217449  1.39758378]
[-0.8339679   1.81276907 -0.83321874 -0.59268201]
[-0.56662299 -0.49941323  1.51516437  0.75333533]
[-0.77990307 -1.72120147 -0.40952734 -3.47708473]
[-0.73853749  0.35754228 -1.51919846  1.77924109]
[ 1.36506426 -0.10545738 -0.2334419   0.36021631]
[-0.83197954 -0.12191724  0.05553754  1.31184613]
[-0.85672802 -1.26119149 -0.69463415 -0.45825147]
[-0.6076478  -1.771319    0.52913849 -2.13949006]
[ 1.19054016 -0.27689541 -2.5338985  -2.21989849]
[ 1.31250028 -0.61290294  0.07410925 -0.7616081 ]
[ 0.95705211  0.05387575  2.05715192  0.3617221 ]
[-0.74574368 -1.13584677  0.51186082  0.37274371]
[-0.7192721   2.16008661 -1.5846758  -0.59589949]
[-0.8371282   1.09102385  0.19426019  0.04416646]
[ 1.33649774  2.13903348  0.48583394 -1.1347064 ]
[-0.85103779  1.75302789  0.04899582 -1.51014349]
[-0.49821571  0.04431614  1.80608773  0.40165001]
[-0.83614007 -0.94944784 -1.52962057  0.01648539]
[-0.80326771 -0.85066728  0.21249393  0.82889276]
[ 1.26049188  0.29043616  1.12092393  0.64050629]
[-0.83838857  1.404471   -0.6311544   0.17907071]
[ 0.55025588 -1.1586594   2.06020498 -0.42597392]
[-0.81909963 -1.11516068 -0.06731494  0.31138842]
[ 1.30796508 -0.17674237  0.57606777  0.39894885]
[ 1.17783577  1.44293972  1.54162408 -0.69710048]
[ 1.36645502  0.25745121  0.09197071  0.8223427 ]
[ 0.10245612  0.28042599  2.50935716 -0.1466083 ]
[ 1.33296597  1.36968234  0.75094715  0.14832938]
[-0.53665653 -1.33160271  1.24741862 -0.02354912]
[-0.65525323  1.12940238  1.34156618 -1.07026968]
[-0.6419773   0.75991516  1.41130949 -0.31495124]
[ 1.08625625 -0.880301    1.21306882 -0.6281908 ]
[-0.74583212  1.09339939 -1.31975409  1.27939814]
[-0.84537929  2.20304441 -0.86380026 -1.83652812]
[-0.81127541  0.21471291  0.41811728  1.03975988]
[-0.85845185  1.81183843 -0.42985673 -1.09427229]
[ 1.36922016  1.15747171 -0.28799406  0.95242635]
[-0.84552303 -0.39558538 -0.39940534  1.31500108]
[ 1.33916632 -0.3306714  -1.25735149 -0.82768915]
[-0.839723    0.31294555 -0.46929075  1.40968635]
[ 1.06379307  2.55809417 -1.49685652 -0.3061947 ]
[-0.82205374  1.16424644 -0.80748737  0.77991827]
[-0.74395914 -0.37149613 -1.84257503  1.2410621 ]
[ 1.01230823  1.69680535  1.88401243 -1.7808338 ]
[ 1.01751401 -0.65619415  1.62084964  0.01225424]
[-0.7962076  -1.47940018 -0.1063561  -0.93879635]
[-0.85657403 -0.98587058 -0.85039453  0.34260954]
[ 1.19432609  1.05464891 -1.60003076  1.46585203]
[-0.74704714  1.63950314 -1.37561456  0.44943462]
[ 1.24169233 -0.14197482 -2.04049197 -0.60238428]
[ 0.12164974  1.74328451  1.93948309 -2.96494834]
[-0.85263236  1.45257823 -0.33534747 -0.23058281]
[-0.81664696  0.1874635  -0.9501292   1.61952944]
[-0.05571997 -0.93078224  2.23321359  0.27892754]
[-0.49207506 -1.66710896  1.05619895 -1.18405247]
[-0.81325344  0.54751255  0.44772412  0.7081265 ]
[ 0.59644451 -0.50705296  2.38551683  0.25704507]
[-0.83331315 -1.23903986 -0.29132069 -0.11778337]
[ 1.34246764 -0.59227443 -0.66459145 -1.44408739]
[-0.87264693 -1.4774486  -1.12156248 -2.36101459]
[ 1.36895249  0.24684335 -0.53903263  0.83157498]
[-0.80020385  1.41938278  0.61021554 -1.14124841]
[ 1.35788071 -0.37565744 -0.54606121 -0.4451867 ]
[ 1.22560206  0.8808286   1.39170069  0.25621627]
[-0.84295156  0.55059047 -0.16194903  1.09001605]
[-0.76478674 -0.33343957  0.69041284  1.08379677]
[-0.77795436  0.95248013  0.77622734 -0.18322929]
[ 1.31923898  0.34842204 -1.19335113  0.93411311]
[ 0.73132908 -1.32044783  1.60363397 -1.33487015]
[-0.68712761 -0.87676452  0.93524936  0.74053316]
[-0.72926391  1.57575478  0.96997063 -2.01275746]
[ 1.16923514 -1.02961183  0.56387929 -1.87505978]
[ 1.35859505 -0.14514636 -0.83719971  0.07398801]
[ 1.15827178 -0.18568106  1.4172641   0.43511781]
[-0.41303194  0.24432506 -2.59758696  1.69856151]
[-0.84495311  1.96120639  0.11158789 -2.3392424 ]
[ 1.33664752 -0.38167475  0.0803705  -0.1070681 ]
[-0.80097822 -1.59969165 -0.28071402 -1.83222036]
[-0.86377897 -1.17835993 -1.36418948 -0.76034656]
[-0.80923438  1.23936328  0.53625528 -0.59540533]
[-0.8367436  -0.67590851 -1.1401286   0.92559538]
[-0.8198628  -0.53444597  0.14524382  1.15341866]
[-0.84777315  1.3782068   0.05484827 -0.45329829]
[-0.71767699  0.08158127  1.05384821  0.79255398]
[-0.84039199  0.86294566  0.0856194   0.53450135]

Populations

0.0147007122509
0.0102794258705
0.0166576052296
0.0191314486926
0.00909838011438
0.00920498207416
0.00600362139156
0.0140500098975
0.00323097108411
0.00992077447917
0.00611824102891
0.0127401234535
0.0176205785582
0.00227242446392
0.00813409878212
0.00894171228925
0.00613988884413
0.00447102134329
0.00347244557557
0.0222115889766
0.0142396642355
0.0143696711113
0.00691713503613
0.00598664610795
0.0105580997887
0.00801208999992
0.0119522980115
0.00297013699105
0.0148670820517
0.00274340219843
0.00948338912031
0.00412606253421
0.00701508120059
0.0113671952237
0.0176919983889
0.0108500368735
0.0097369963368
0.0155578150304
0.0248463730911
0.00626144154707
0.0212498083788
0.00322387303149
0.00795637821828
0.00891929706223
0.00695596340546
0.0068385391514
0.0072295170555
0.00435135974309
0.00682219077231
0.0113420119669
0.00859664621525
0.0106000593959
0.0158006326241
0.0232706205973
0.0121397696169
0.00239385228576
0.00667197271795
0.00372032051728
0.00315966035758
0.0112688914492
0.017826377395
0.0155292889868
0.0047059403362
0.00358411391372
0.0140291742905
0.0012018906762
0.0102993655508
0.00683617510896
0.00513124899578
0.00793208562403
0.00967420231523
0.00724507793786
0.0146500815918
0.00938717009233
0.00423522010922
0.0213249058491
0.00830559203691
0.0208551787839
0.00930090496043
0.0124175952016
0.0115267888707
0.00906661797534
0.0148055986196
0.0037033279914
0.0109150590158
0.00746359640337
0.00271476728354
0.0223003496216
0.0137947832953
0.000841016103083
0.00694100159462
0.0191619396619
0.00983397719001
0.00627961322399
0.00959680523734
0.0104902715513
0.0112577163005
0.00824029934134
0.00855570482397
0.0115751422973

State labels

0
1
2
3
4
5
6
7
8
9
10
11
12
13
14
15
16
17
18
19
20
21
22
23
24
25
26
27
28
29
30
31
32
33
34
35
36
37
38
39
40
41
42
43
44
45
46
47
48
49
50
51
52
53
54
55
56
57
58
59
60
61
62
63
64
65
66
67
68
69
70
71
72
73
74
75
76
77
78
79
80
81
82
83
84
85
86
87
88
89
90
91
92
93
94
95
96
97
98
99
