Cluster centers 

[-0.22546559 -0.89606234  2.0157926   0.55708168]
[-0.76001884  1.00758411  0.18963342  0.1568136 ]
[ 1.50065349 -0.32069496 -0.87156454 -0.5345699 ]
[-0.76941764 -0.80633609 -0.45151528  0.82275579]
[-0.76227498 -1.52262567 -0.40882591 -2.33785002]
[ 1.4000422  -0.304847    0.72504446  0.32524064]
[-0.61059132  1.52407748  1.3119825  -1.87712287]
[-0.72868147 -1.25083801  0.09681323 -0.07968342]
[-0.76242615  0.31464029 -0.32969119  1.24515438]
[-0.76843773  1.55311674 -0.41722142 -0.47731564]
[-0.56980725 -0.08681535  1.37396418  0.81016052]
[ 1.51056827 -0.04618256 -0.46623663  0.44940185]
[-0.78159135 -1.41643701 -0.63062233 -1.66193209]
[ 1.39658541  0.90452338  1.10982     0.46767051]
[-0.78481763 -1.19011952 -0.85773849 -0.50850278]
[-0.71540154  1.29922433 -1.01854368  0.51215447]
[ 1.45178129  0.62718521 -1.37546573  1.15821121]
[ 1.4825408  -0.52498219 -1.06483595 -2.07328216]
[-0.70615211  0.74540207  0.78265681  0.21130692]
[ 0.78280257 -1.15105714  1.95236888 -0.56575078]
[ 1.39157624 -0.23576873 -2.17914119 -1.49878244]
[-0.66034322  2.30213317 -1.15205009 -1.73988308]
[ 1.47800874 -0.51908693 -0.26695643 -0.81825244]
[-0.74099694  1.35983574  0.54491876 -0.82671358]
[ 1.51761205  0.52724319 -0.44363258  1.01347516]
[-0.76130963 -0.32601839 -0.17001442  1.27443431]
[ 1.32418091  1.50552653  1.44185346 -0.61085054]
[-0.69254795 -1.51170169  0.22840475 -1.1620054 ]
[-0.77022134  2.14366771  0.10267612 -2.74397433]
[-0.76579344  0.88719141 -0.14164464  0.56523415]
[-0.58909447 -0.20155017 -1.96884736  1.31610124]
[ 1.45635931 -0.44786385 -1.66589252 -3.08185957]
[-0.7563905  -1.09626858 -1.80691977 -1.34764122]
[-0.72456316  1.58695498 -0.96449294 -0.07450976]
[ 1.49157464  1.87226178  0.34545242 -0.47123388]
[-0.72186748 -0.94995269  0.27114235  0.67734298]
[-0.73257617 -0.17303369  0.3721284   1.14724145]
[-0.62462134  0.72889841  1.25792329 -0.04668289]
[ 1.49899061  0.11558409 -1.01780731  0.62119121]
[ 1.27080707 -0.08571962  1.43129306  0.59972371]
[-0.73833915 -0.92672839 -1.60252707 -0.09614262]
[-0.55775584  0.92081465 -1.85889724  1.45262926]
[-0.5830766  -1.20959872  0.97677953  0.2595184 ]
[ 0.92594942 -1.20045895  1.56941282 -1.25409235]
[-0.34492534  1.9521147   1.35816084 -3.07622195]
[-0.77036601 -1.06746456 -0.3903113   0.25657121]
[-0.76759624  1.88463057  0.22533584 -1.99163396]
[ 1.48070603 -0.10749818 -1.33720012 -0.05475648]
[-0.77040661  1.37729778  0.03983421 -0.46232622]
[-0.43606086  0.00292208  1.81503125  0.57384009]
[-0.73309967  0.18463725 -0.93018417  1.49009126]
[-0.60833233 -0.8027381   1.02553962  0.84431486]
[ 1.49515607  0.25604682  0.17510814  0.84482918]
[-0.78347492 -1.18486167 -1.31896601 -1.07060617]
[ 1.42263863 -0.49190209  0.41616227 -0.18278531]
[ 1.47040256 -0.27662706 -1.51074822 -0.92647327]
[-0.77484822 -1.51648773 -0.61009665 -3.14654316]
[ 1.36376839 -0.0757518  -2.19821077 -0.43488121]
[ 1.115648    0.4412911   1.98032467  0.38885547]
[-0.61461108  2.1312924  -1.63856768 -0.70774099]
[-0.77541024  1.64366486 -0.05681812 -1.02150546]
[-0.74417864  1.13275159  0.47494698 -0.27649429]
[ 1.40726611  0.12809514 -1.83675039  0.46590357]
[ 0.78118119  1.07619586  2.411061   -0.82070636]
[-0.75724971 -1.3178497  -0.23143488 -0.5412114 ]
[ 1.44325948 -0.71798734 -0.12571019 -1.71095654]
[-0.77275646 -0.95562683 -1.00715288  0.26987937]
[ 1.49074775 -0.33961418 -0.21686316 -0.14215356]
[ 1.32678068 -0.23015228 -2.63572894 -2.65023554]
[-0.75625409 -0.44841524 -0.83492866  1.24887808]
[-0.39652405  0.57981969  1.94887818 -0.1639722 ]
[-0.75318818  0.42187802  0.18373851  0.93861279]
[ 0.95257681 -0.5759897   2.04413974  0.30476152]
[-0.41050567 -1.67535255  1.19780495 -1.5115719 ]
[-0.67106072 -0.29990265  0.84266331  1.04056959]
[ 1.40927017  0.2758704   0.91903088  0.76108435]
[ 1.25901309 -0.62834025  1.20360351 -0.05057906]
[-0.77842826  1.92380997 -0.36609585 -1.50256773]
[-0.76266099  1.24392047 -0.44712049  0.18506579]
[ 1.49185659 -0.44504063 -0.98556798 -1.29399709]
[-0.69942866  0.89216424 -1.15634682  1.14940462]
[-0.55275671 -1.7136086   0.67224132 -2.40408042]
[ 0.42372873 -0.82602542  2.41727323  0.28616311]
[-0.62686457  1.48271687 -1.55775218  0.60967808]
[-0.65756836  1.11095784  1.10721549 -0.68006655]
[-0.73460956  1.56630951  0.61406793 -1.412377  ]
[ 1.40697071 -0.64777015  0.36308556 -0.70478933]
[-0.74329258  1.86084007 -0.83540526 -0.84234068]
[-0.71297832  0.46002858  0.6727916   0.65638639]
[-0.77831405 -1.34747803 -0.55585437 -1.02135698]
[ 1.50635956 -0.19829697 -0.75070324 -0.02069218]
[ 1.39270391  1.86212249 -1.29657568  0.59582437]
[-0.62118168 -1.45643944  0.67328366 -0.5698308 ]
[ 1.50847961  1.06579005  0.15583713  0.76055614]
[-0.64096285 -1.68918017  0.23522737 -3.53890092]
[-0.65628412 -1.60969941  0.35854042 -1.73459502]
[-0.73830486 -0.67243507 -1.31270048  0.82496726]
[ 1.47465183 -0.15158919  0.21173577  0.42990371]
[-0.2649303  -1.47599139  1.60960742 -0.50111987]
[-0.75133811  0.75727381 -0.63140584  1.01055807]

Populations

0.0041041231936
0.0125527598117
0.0177715079977
0.0158013461276
0.00697966754249
0.0189640065167
0.00572449612966
0.0152319566842
0.0115950122123
0.00913180275846
0.00661972519599
0.019099438267
0.00755637456484
0.0143409562631
0.0116952905694
0.00587389665318
0.00924072515294
0.00708281256254
0.00932374761565
0.00801673236445
0.0095332117062
0.00430268626726
0.0123530562722
0.0095441113028
0.0199718464329
0.0235893477928
0.0103986856259
0.00914216847324
0.00435054262326
0.0129128303484
0.00561719816472
0.00209540195119
0.000943039807247
0.00880754094333
0.00430258799714
0.0176355503118
0.0182048810056
0.00622437114204
0.0149870363634
0.0137055686162
0.00471928999309
0.0025415923318
0.00851547845316
0.00503237836241
0.00248329511475
0.0166389712966
0.00678217451108
0.0180354552645
0.00873992027145
0.00367810965561
0.00968334759829
0.0113771792746
0.0238625660711
0.00381646272406
0.0141770655187
0.016365551477
0.00303920849444
0.00895105512484
0.0154096657418
0.00170323556265
0.0113693944632
0.0107225133457
0.0111341642631
0.00717000667693
0.0161435069146
0.00236800320306
0.0123681723054
0.0233742914482
0.00250276516088
0.0128451962753
0.00452278834291
0.0132532556456
0.0117190895743
0.00362970035426
0.00996483287037
0.0190299847385
0.0125649989971
0.00491063039848
0.0132725200522
0.0119588142358
0.00420007915908
0.00403934845798
0.00933004765947
0.00264108113772
0.00946876535719
0.00839497561292
0.00935753755172
0.00781512085691
0.0126714716929
0.00916734392651
0.0159992665844
0.00292044033822
0.0101135414489
0.0125279287203
0.00195088164572
0.00561012561864
0.0114469315467
0.0195382242115
0.0060885891713
0.0110136258633

State labels

0
1
2
3
4
5
6
7
8
9
10
11
12
13
14
15
16
17
18
19
20
21
22
23
24
25
26
27
28
29
30
31
32
33
34
35
36
37
38
39
40
41
42
43
44
45
46
47
48
49
50
51
52
53
54
55
56
57
58
59
60
61
62
63
64
65
66
67
68
69
70
71
72
73
74
75
76
77
78
79
80
81
82
83
84
85
86
87
88
89
90
91
92
93
94
95
96
97
98
99
