Cluster centers 

[-0.71930392  0.35211076  1.15721271  0.49019629]
[ 1.32533563  0.46502084 -0.69235059  1.06487616]
[-0.8676937  -0.75561438 -0.48422911  0.94765477]
[ 1.08102329 -0.76978607  1.22602176 -0.384163  ]
[-0.88191971 -1.18405212 -1.17955743 -0.62940855]
[-0.86811882  1.56998947 -0.57390338 -0.21343706]
[ 1.3298496  -0.20316624 -0.22979336  0.17092814]
[-0.68617381 -1.668419    0.4535097  -1.61242588]
[ 0.88703703  0.42346058  2.1734167   0.13105394]
[-0.87069409  1.78924427  0.06425103 -1.50431648]
[ 1.30598958 -0.33171906 -1.28126211 -0.94603193]
[ 1.16499196  0.77436667  1.50345834  0.29972938]
[-0.81977695 -0.26690828  0.40716183  1.18485467]
[-0.89021783 -1.42639203 -1.08516142 -2.11583206]
[-0.75611911 -0.92392135  0.65233112  0.71968135]
[ 1.32037621  1.69037873  0.44936402 -0.06036343]
[ 1.27491411  0.1515887  -1.36177155  0.62815744]
[-0.81490512 -1.35358943  0.01186606 -0.36476129]
[-0.84116914  1.2867468  -0.86712103  0.62043116]
[-0.55542154 -0.94365772  1.43471253  0.57265896]
[ 1.18958125  0.12523801  1.26886817  0.59716667]
[-0.76322005 -0.366179   -1.85254303  1.26897992]
[-0.8078844   1.80908115  0.62366801 -2.22422359]
[ 1.26142055 -0.62865955  0.2912356  -0.67684229]
[-0.67936441  1.34802505  1.30529406 -1.51019473]
[ 1.17638818  2.58749853 -1.33710569 -0.3563231 ]
[ 1.33020285  0.13488426  0.12088903  0.73623359]
[-0.8635308  -0.29375658 -0.31228472  1.36927449]
[-0.44464944  0.48909225 -2.47144591  1.78758748]
[-0.85328007  2.06816382 -0.9377842  -1.11585358]
[-0.75269817  0.90459764  1.02902614 -0.25674672]
[ 0.52489397 -1.23911584  1.99488253 -0.63426491]
[ 1.32277245 -0.08428478 -0.89048518  0.21346937]
[ 1.16492007 -0.02620396 -2.16880941 -0.19401581]
[ 1.04079167  1.29719691  1.83774746 -0.67826647]
[-0.47405588 -0.0570004   1.88372858  0.44120824]
[ 1.22953278 -0.3083197   0.85604424  0.28411197]
[ 1.33454813  0.81645407  0.30312809  0.88863692]
[-0.84441622 -1.42502737 -0.33394672 -0.93450158]
[-0.86546851  0.75655633 -0.3092547   0.95967013]
[ 0.83371664 -1.23760417  1.42050415 -1.45574034]
[-0.85427806  1.13631573  0.25254087 -0.06591591]
[-0.46138869 -1.63802215  1.23001862 -1.05876567]
[ 0.50640165 -0.2618538   2.45445137  0.28025229]
[-0.76319884  2.02061736 -1.45033903 -0.31897417]
[ 1.17510269 -0.24912771 -2.38247974 -2.0085227 ]
[ 1.21393351 -0.89471216  0.1575982  -2.02314724]
[-0.87484927 -1.00612212 -0.73233798  0.35512857]
[-0.76970974 -1.7043836  -0.27979191 -3.85347677]
[ 1.33493903  0.10986751 -0.54127867  0.68288706]
[-0.71626778 -0.30071043  1.05418589  0.94759352]
[ 1.29139665  0.39148628  0.72368812  0.76370256]
[ 1.12382915  0.24611155 -2.13224555  0.72078994]
[-0.85140354 -0.38282457 -1.00899694  1.37398236]
[-0.84695839 -1.1798325  -0.20277993  0.10350714]
[ 1.2855219  -0.11557695 -1.41260925 -0.12175744]
[-0.86831341  1.40917585  0.06110744 -0.47736809]
[-0.87359136 -1.01389829 -1.24053031  0.02026608]
[-0.88594537 -1.30663592 -1.13905696 -1.26598926]
[-0.81961518  0.33048279  0.53185718  0.88033536]
[-0.58023302 -1.78915853  0.62754931 -2.49653381]
[ 1.31893786 -0.41725396 -0.23572902 -0.40040347]
[-0.74344237 -1.51579275  0.3578934  -0.84004868]
[ 0.42508424 -0.90933781  2.21236651  0.07296373]
[ 1.22110625  0.89989997 -1.38929069  1.37060642]
[-0.80602507  0.73647534  0.70387677  0.27798494]
[ 1.27470638 -0.45263436  0.38347711 -0.12897977]
[-0.86211827 -1.55516099 -0.82811363 -3.00966262]
[ 1.30311358 -0.18558417  0.32382206  0.35602398]
[-0.83743375 -0.66514275  0.1144174   1.0634624 ]
[ 1.29794876 -0.48442034 -1.39978465 -2.19934756]
[-0.56075357 -1.35562307  1.20948409 -0.0658019 ]
[-0.88260105  2.2280767  -0.59143515 -2.13997372]
[ 1.03022318 -0.40063705  1.64266294  0.28648509]
[-0.56788229  0.83064243  1.67505907 -0.59172977]
[-0.84406111 -1.51028053 -0.41516203 -1.54837152]
[-0.81235785  0.24513328 -1.1889746   1.68157289]
[-0.86600432  2.30116869 -0.04021821 -3.25635297]
[-0.87029352  1.22463209 -0.35722805  0.29309812]
[ 1.2409228  -0.20438054 -1.87827869 -0.86466124]
[-0.83788332 -1.00858324 -0.02577246  0.56826341]
[ -8.57950798e-01   1.99544487e-01   1.23940498e-03   1.24358905e+00]
[-0.85704933  0.40376962 -0.59314138  1.41399822]
[-0.81783572  1.34786865  0.62528329 -0.87716036]
[-0.750054    1.28667901 -1.46668884  1.11208176]
[ 0.43960459  1.48736146  2.33080934 -2.08705688]
[ 1.29182305 -0.65861876 -0.1776834  -1.28160512]
[ 1.32760803 -0.29486086 -0.73768846 -0.3334803 ]
[-0.74975704 -1.28583679  0.50166867  0.02681892]
[-0.85471264  0.80125282  0.19186038  0.55056607]
[-0.82026772 -0.81998354 -1.8446273   0.17830644]
[-0.85963959 -0.73801692 -1.15582252  0.81988536]
[-0.81493058 -1.62182374 -0.29909704 -2.30386156]
[-0.86995785 -1.25457872 -0.57821444 -0.37129581]
[ 1.27676855  1.19076553  0.94447827  0.25720144]
[ 1.32123863 -0.48805009 -0.74563319 -1.14846943]
[ 1.32923865  1.3890918  -0.30110428  0.83741355]
[ 1.34251677  0.56218531 -0.20867028  1.0462236 ]
[-0.87902482  1.70297817 -0.21506097 -0.93283378]
[ 1.23581807  2.0805672   0.99253993 -1.44561006]

Populations

0.00902549905461
0.0105849179626
0.0149725061031
0.012555995649
0.00734378031412
0.0133610176181
0.0201277023311
0.00754466436625
0.00731100065781
0.0120516700272
0.0166265091456
0.00878419501054
0.0151983699545
0.0032563495379
0.0139198322805
0.00421169593267
0.0130196269721
0.0105641043161
0.00944801922841
0.00692215590341
0.0161078952813
0.00378838587516
0.00846248356415
0.0094268000052
0.00709278035107
0.00232652338459
0.0185090486514
0.0187883532914
0.00103255420276
0.00809631117591
0.0103421709158
0.00905661451191
0.016686692637
0.00733220391046
0.0089580670626
0.00417949129382
0.0158142429293
0.00951866463782
0.0132285858836
0.0146480668428
0.00416897071379
0.0155450400514
0.00610857531212
0.00724101022553
0.00466398189182
0.00684575306379
0.00200220213265
0.0136714427365
0.00242442622918
0.0171018353435
0.0126867835208
0.0191997028543
0.00448982585075
0.0104201494943
0.0134044979697
0.0159996179412
0.0128787700207
0.00800467988216
0.00593323146926
0.0140102507778
0.00368959660485
0.0144056975027
0.00912296926404
0.00995044701822
0.00644248583594
0.0114864578297
0.0124930226304
0.00249134401631
0.016662758781
0.0124939920618
0.0072721301001
0.00806255679723
0.00725782996931
0.0137402046528
0.00638956021741
0.00757664762107
0.00726955501975
0.00354389764507
0.0140110594353
0.0113556769483
0.0160444692883
0.0139720231549
0.0129361932535
0.0138195644667
0.0045026172967
0.00365369651989
0.0044357512178
0.0184718006103
0.0127799633422
0.013226566221
0.00272749930881
0.0100032054165
0.00573964548442
0.0135004769777
0.00828655528521
0.0114907287269
0.0051939867661
0.0109316615654
0.0123471195386
0.00319228935299

State labels

0
1
2
3
4
5
6
7
8
9
10
11
12
13
14
15
16
17
18
19
20
21
22
23
24
25
26
27
28
29
30
31
32
33
34
35
36
37
38
39
40
41
42
43
44
45
46
47
48
49
50
51
52
53
54
55
56
57
58
59
60
61
62
63
64
65
66
67
68
69
70
71
72
73
74
75
76
77
78
79
80
81
82
83
84
85
86
87
88
89
90
91
92
93
94
95
96
97
98
99
