Cluster centers 

[ 1.32236503  0.91570844 -1.52317346  1.38872524]
[-0.70380709  0.64385469  0.99870732  0.24064704]
[-0.79835055 -1.23253647 -0.2647     -0.1332473 ]
[-0.82075641  1.66470921 -0.08520555 -1.09696878]
[ 1.38405791 -0.55595772  0.02699297 -0.64580527]
[-0.8105043  -0.35404733 -0.57108018  1.30633561]
[ 1.15460444 -0.3950815   1.48217744  0.34814987]
[ 1.38440298 -0.30168736 -1.47109736 -0.94034306]
[-0.84598474  2.55492917 -0.44923304 -4.31038117]
[-0.59106316 -1.78176147  0.5923632  -2.24090748]
[-0.73840498  1.39300192 -1.23221789  0.63774908]
[ 1.10700795  1.21730301  1.94788607 -0.58670228]
[-0.75058723 -0.32292102  0.49622408  1.15516635]
[ 1.40438489  0.1261463  -1.10264613  0.56520083]
[-0.8044597   1.06256828 -0.53458882  0.64271381]
[-0.82040667 -0.9996338  -0.76640937  0.28420585]
[-0.32370197  0.48022814  2.15843745 -0.17797036]
[-0.02693546 -0.74704022  2.31548025  0.46806723]
[ 1.41552701  0.86303534  0.47918717  0.79473456]
[ 0.55700212 -1.11873964  2.07785305 -0.24951064]
[-0.68014749  0.97669928  1.14288306 -0.4734995 ]
[ 1.43305865  0.27530131 -0.52932133  0.84371525]
[-0.63943942  2.28074709 -1.79990332 -0.83957965]
[-0.60092407 -0.13364746 -2.29339113  1.38673998]
[ 1.32126782 -0.12012738 -1.93760305 -0.48774307]
[-0.80046421 -0.8635793  -0.20349369  0.75621762]
[-0.55844801  1.16853611  1.58552992 -1.27102457]
[-0.46306343 -1.36285609  1.3665874  -0.05784434]
[-0.81708803  1.40395015 -0.27204761 -0.23211961]
[-0.7966835  -1.57747156 -0.42447808 -2.03077498]
[-0.69048379 -1.37218444  0.5004927  -0.23417544]
[ 1.37358461 -0.2710614   0.40706455  0.24472733]
[ 1.40251546 -0.54870008 -0.87613148 -1.56181797]
[ 0.88984894 -1.25877052  1.54521054 -1.33894071]
[-0.6761979   1.96788354 -1.60388751 -0.21833212]
[-0.80970781  0.64563978 -0.2627185   1.01616814]
[-0.82889845 -1.19720657 -1.14876486 -0.7016557 ]
[ 1.1256707   0.70501555  1.90990736  0.17444355]
[ 1.40443732 -0.16888215 -1.17071145 -0.20021863]
[ 1.43507195  1.56881965 -0.18832681  0.51800091]
[-0.79974465  0.27739092  0.03049428  1.17628091]
[ 0.75625486  1.28260632  2.42635404 -1.36003849]
[-0.80503583  1.33401997  0.19227034 -0.49160253]
[-0.8297989  -1.38431703 -0.95852597 -1.50018662]
[-0.80001068  0.29076728 -0.65755953  1.44275505]
[-0.82683733  2.00401094 -0.43005742 -1.77889845]
[ 1.31745342 -0.39604035 -2.02412528 -2.26357478]
[ 1.13316881  1.79303802  1.86926192 -1.83041161]
[-0.67409648  0.05501578  1.07109265  0.85591332]
[ 1.36531567  0.10995611  0.69542021  0.68282299]
[ 1.12003803  1.21446491 -2.24370455  1.50382328]
[ 1.17990652 -0.67862535  1.23527527 -0.1385523 ]
[-0.81555873 -0.75491984 -0.74073478  0.83046108]
[-0.68995484  1.24102598 -1.4965469   1.09096459]
[ -8.09989574e-01   9.83367270e-01  -5.16645222e-04   3.78043158e-01]
[-0.79550325 -0.69518884 -1.3275279   0.75819221]
[-0.78820226 -0.08375003  0.17003469  1.2596351 ]
[ 0.63508927 -0.54653034  2.36831488  0.37478498]
[ 1.41928588 -0.36960167 -0.61127292 -0.50551594]
[-0.78198773  0.57391035  0.40019235  0.70986627]
[-0.72573223 -0.84357144  0.51480011  0.82502619]
[ 1.41241887  2.18800703  0.28717151 -1.03235962]
[-0.79946947  1.65399245 -0.74027255 -0.37325236]
[-0.79624051  1.71981031  0.39224832 -1.80493966]
[-0.55945772 -0.58551959  1.37606645  0.8308905 ]
[-0.77045511  1.36867301  0.60534258 -0.96317877]
[-0.77091928 -0.01774615 -1.21204439  1.55587403]
[-0.80054581 -1.37181316 -0.34710287 -0.71414908]
[-0.71778726 -1.74869009 -0.09572665 -3.20351597]
[-0.63571485  0.88602529 -1.83094889  1.60294891]
[ 0.90055097  0.10937406  2.20654088  0.36351996]
[ 1.35804232  0.00353915 -1.60400407  0.12037814]
[-0.7650796   2.41682051 -1.2128989  -2.23618141]
[-0.79032473  1.04489189  0.35659328 -0.00305207]
[-0.72839403 -0.83888064 -2.22847446 -0.35911796]
[-0.77771995  2.04258761  0.45996452 -3.13231191]
[-0.805383    0.71308766  0.02677354  0.76228472]
[ 1.42799509 -0.06433854 -0.38415179  0.38763052]
[ 1.25885271  0.83545294  1.48572605  0.29938248]
[-0.80853752 -0.96166747 -1.43828839 -0.03572994]
[ 1.42677165  0.2208433   0.025878    0.77272747]
[-0.74576944  0.29983804  0.68267554  0.84787715]
[-0.77140269 -1.12427694  0.05259594  0.29239143]
[ 1.39126543  0.51855551 -1.1309697   1.09666792]
[-0.79273816  1.98842122 -0.87567484 -1.15336904]
[ 1.27444658  0.23329074 -1.99013726  0.60408075]
[-0.42451558 -0.08154244  1.8887747   0.55249095]
[ 1.43669327  0.8639066  -0.30018257  1.02908828]
[ 1.26063947 -0.20461661 -2.35949401 -1.2965274 ]
[-0.71520139  1.60763293  0.99858925 -2.08550923]
[-0.80212713 -0.35225011 -0.13478443  1.27561308]
[ 1.42411405 -0.22675569 -0.46812552  0.00461083]
[ 1.15489486 -0.92899601  1.17996835 -0.7680983 ]
[-0.80804752  1.28495217 -0.49762619  0.2263176 ]
[ 1.39124418  1.42047602  0.7513853   0.09741525]
[-0.73854269 -1.55001884  0.09551726 -1.19230342]
[ 1.36133827 -0.50817059  0.34639211 -0.27056488]
[ 1.27530161  0.26525082  1.28543844  0.66527563]
[-0.46343175 -1.64637776  1.13128393 -1.05649487]
[-0.65438062 -1.21082823  0.76781111  0.2390047 ]

Populations

0.00336064449666
0.0135759158733
0.0176649435685
0.0137495877882
0.0136376916703
0.0145250387392
0.0153485491245
0.0196136486014
0.000626994322789
0.00665872633851
0.0052232295457
0.00755614920602
0.0134375070402
0.0155307321116
0.0103097404261
0.0155031817943
0.00407284584137
0.00481124022079
0.014246740863
0.0121516426125
0.0106840968315
0.013440806699
0.00147199949572
0.00279045520767
0.0103503181036
0.0176302908852
0.0053672305888
0.00629333613093
0.0114262968541
0.00954479457133
0.0125811116842
0.0238767848887
0.0142902898742
0.00396674758446
0.0020028998983
0.00984899754438
0.0107917259044
0.00515761511512
0.0177187562932
0.0049717217284
0.0110394817695
0.00289538500508
0.0121270402169
0.00817681350927
0.0141550764671
0.00740310996474
0.00845041735871
0.00258590740204
0.0086066286207
0.0211881105345
0.00165987431355
0.0127422055786
0.0120966760392
0.00311590320093
0.0105898335074
0.0098413391161
0.0092969434445
0.00789021707321
0.0186939205418
0.00991865056922
0.0150165500679
0.00308059679996
0.0110259529343
0.00906773326968
0.00876970903771
0.011752879367
0.00907912284079
0.0166430283136
0.00523680588131
0.00241092296736
0.00713006272707
0.0104671077775
0.00283542699372
0.0150182709702
0.000973237255672
0.00483132450055
0.00700175329426
0.0195796947686
0.0070390784024
0.00682259637997
0.0214145818046
0.00906508811928
0.0154292531442
0.00818996641666
0.0070211163746
0.00687228197694
0.00357965025705
0.00999430368048
0.00590527561586
0.00607706373352
0.0146371366303
0.0211792677035
0.00681076102644
0.0101806771534
0.00762053298972
0.0147246207241
0.0140161004569
0.0173024336116
0.00751616665287
0.0103973070771

State labels

0
1
2
3
4
5
6
7
8
9
10
11
12
13
14
15
16
17
18
19
20
21
22
23
24
25
26
27
28
29
30
31
32
33
34
35
36
37
38
39
40
41
42
43
44
45
46
47
48
49
50
51
52
53
54
55
56
57
58
59
60
61
62
63
64
65
66
67
68
69
70
71
72
73
74
75
76
77
78
79
80
81
82
83
84
85
86
87
88
89
90
91
92
93
94
95
96
97
98
99
