Cluster centers 

[-0.83710413  0.08393611  0.03057263  1.27753427]
[ 1.33164004 -0.5021453  -0.00888242 -0.466344  ]
[-0.83048849  2.05869136 -0.93511438 -1.25890311]
[-0.83943238 -1.55231673 -0.52892194 -1.74958436]
[ 1.36092213  0.7346636   0.3282354   0.86939205]
[ 1.01444986  0.48934532  1.9939652   0.21240225]
[-0.68895471  0.9192483   1.23198601 -0.47195178]
[-0.85733652 -0.98446571 -0.69739108  0.40830067]
[ 0.98004793  1.71593232  1.95860888 -1.9576891 ]
[-0.59746769 -0.87912422  1.27971716  0.68895635]
[ 1.32359096  0.30514886 -1.14511265  0.86961276]
[ 1.26533099 -0.17296673 -1.88529895 -0.60675376]
[ 1.24677842  0.32263769  1.18285387  0.6271759 ]
[-0.82855898 -1.24658878 -0.22402017 -0.1022127 ]
[-0.67059938  1.54940413  1.22277535 -2.20582383]
[-0.81607757 -0.26921    -1.20675889  1.43537606]
[-0.84324489  1.41515095 -0.5626034   0.06234964]
[ 1.26593034  1.11148316  1.19910602  0.14406473]
[ 1.34357876 -0.24564324  0.09200317  0.19062685]
[ 1.35616016  1.4795671   0.4609892   0.21165475]
[-0.37352081 -1.61992977  1.37395319 -0.89485377]
[-0.55036835 -0.18247974  1.61917054  0.69108076]
[ 1.33912939 -0.3413695  -1.21651076 -0.80662839]
[-0.86408268 -1.20385059 -0.86685546 -0.36056041]
[ 1.21921967 -0.74005432  0.72005692 -0.61555323]
[-0.75810916 -1.62206686  0.09202165 -1.45002106]
[ 0.62368403 -1.10201309  2.0407687  -0.34429428]
[-0.80785092 -1.65870599 -0.37501562 -2.3446631 ]
[ 1.314662   -0.03868206 -1.39214702  0.13593282]
[-0.82428269  0.63395215  0.32976922  0.67933512]
[ 1.30441233 -0.50323363 -1.73750244 -2.59857941]
[-0.84603087 -0.0503138  -0.40488163  1.42694566]
[-0.84278689  1.05145389 -0.46438446  0.65861823]
[-0.84173259  1.06378572  0.12027576  0.15215416]
[ 1.33655986 -0.61843797 -0.39119347 -1.20088105]
[ 1.02756977  1.17948002  1.97647115 -0.65525786]
[ 1.12906202 -0.18132543  1.50806018  0.45219178]
[ 1.19358373  1.0953465  -1.59435786  1.38020464]
[-0.81899078 -0.7859197   0.081628    0.91707145]
[-0.84771705  1.39169618  0.05687635 -0.50335713]
[-0.55345462 -1.28869925  1.22739331  0.08824507]
[ 1.13686246 -0.60519392  1.24521075 -0.03706053]
[ 1.36428591  0.03003755 -0.56259119  0.52741527]
[ 1.34402326 -0.5600639  -1.00341863 -1.67310036]
[-0.86091902  2.15880331 -0.61506414 -2.11361188]
[-0.84904933 -0.88652377 -1.22259692  0.41492262]
[-0.82028521 -1.69365877 -0.54891956 -3.12160321]
[ 1.33831923 -0.18056039 -1.17355047 -0.18628144]
[-0.85031187 -0.61914704 -0.5122031   1.09833918]
[-0.75084853 -1.51747087  0.22924389 -0.840696  ]
[-0.87554622 -1.38077304 -1.33672601 -1.91535236]
[ 1.31653946  0.12509868  0.64963705  0.66348248]
[ 0.87036383 -1.20321283  1.51101271 -1.15192745]
[-0.56738699 -1.83592268  0.62728414 -2.44718357]
[-0.84563051  0.62182497 -0.2885567   1.08530373]
[ 0.05369099  0.33472148  2.45570743 -0.14733778]
[ 1.36181252 -0.17607389 -0.60625169  0.09527275]
[-0.84342584  1.71663835  0.15866711 -1.55086065]
[-0.83094728  1.89667595  0.30710161 -2.39943806]
[-0.72217599  1.23926318  1.08894826 -1.12649967]
[-0.74739188 -0.88770872  0.61489115  0.75719077]
[ 1.24429712  0.16943181 -1.76910098  0.5637673 ]
[-0.83293065 -0.93915916 -1.59634687 -0.00593854]
[-0.84139251  1.7118043  -0.71044044 -0.49962864]
[-0.01320232 -0.8532753   2.28712682  0.32953167]
[ 1.35440096 -0.42713695 -0.70365634 -0.7237686 ]
[ 1.16318594 -0.26324434 -2.5942623  -1.95707124]
[-0.63339386  0.5533031   1.42974029  0.05598047]
[ 1.28517881 -0.42942818  0.57204272  0.00367758]
[-0.84713058  2.27504886 -0.13757769 -3.41147427]
[-0.74825428  1.3505335  -1.36704013  0.90206087]
[ 1.30168472  1.8451086   0.89322533 -0.8856739 ]
[-0.82649574 -1.01880006 -0.09904184  0.51801468]
[-0.66487387 -0.06297247 -2.04861293  1.46335345]
[-0.85809766  1.66767512 -0.17205146 -1.00481067]
[ 1.21041582 -0.97793145  0.40198162 -1.83263274]
[-0.75135931 -1.78760059 -0.27124412 -3.86601604]
[ 1.36823367  0.41013927 -0.43594727  0.96944528]
[ 1.16894227 -0.01865048 -2.2696992  -0.18044219]
[-0.55939524 -1.74736352  0.81164421 -1.63180884]
[-0.76581212  0.5857184   0.83163832  0.40247969]
[-0.3869937   1.08643268  1.94583995 -1.38360947]
[-0.80768751  1.37502681  0.56647891 -0.98058092]
[-0.71817826  2.08460754 -1.60273769 -0.42133224]
[-0.74094065 -1.28839428  0.45217703  0.01398071]
[-0.73328293 -0.18062064  0.90612886  0.98130297]
[ 1.3622293   1.26838976 -0.38883594  0.93462076]
[ 1.36011272  0.10576583  0.09182438  0.68861017]
[-0.83762563 -1.38720084 -0.39733565 -0.72354342]
[-0.80828068  1.08380908  0.54893754 -0.2567784 ]
[ 1.30406513 -0.3364617  -1.65225752 -1.19732932]
[ 1.23946688  2.6231027  -1.19358314 -0.72076171]
[-0.83790821 -0.66083414 -1.16242439  0.93416986]
[-0.81121304  0.44000406 -0.97821786  1.54572111]
[ 1.35807261 -0.3354957  -0.47994166 -0.26767496]
[-0.80484613  0.2227463   0.48306205  1.00111876]
[ 0.75901587 -0.44564857  2.21642555  0.28857222]
[-0.8184997  -0.39319137  0.18660693  1.21823066]
[-0.85898094 -1.42442491 -0.73383855 -1.23614014]
[-0.86462001 -1.18599838 -1.4165254  -0.8295658 ]

Populations

0.0120891173906
0.0142907301199
0.0068500078413
0.00519334647894
0.0171041317145
0.00826604747201
0.00832014551362
0.0145987504637
0.00374957966067
0.00736109488135
0.0133931438331
0.00891877944819
0.0169268351596
0.0171961152796
0.00468630258071
0.00819103404076
0.0147570876791
0.00991401001757
0.0204752089211
0.00605398567818
0.00613732160189
0.00677276128307
0.0137872858508
0.0119141330457
0.00776194293379
0.00794608115526
0.0111037757969
0.00536407668717
0.0130731434377
0.0130837604239
0.00454988609524
0.0163699505895
0.0147972691151
0.0163207262161
0.00738838197172
0.00745114754599
0.0144833112348
0.00519291368376
0.0119000535927
0.0134157255824
0.00814504413443
0.0137200268515
0.0194823956495
0.0078954543155
0.00663195168066
0.00690218577479
0.00287569802992
0.0128913366893
0.0167095539116
0.0114495049348
0.00264683409814
0.0223283042178
0.00591805436521
0.00320983850534
0.0150118041633
0.00389096103534
0.0158520866259
0.0115590060777
0.00631755060006
0.00637474020667
0.0130097458107
0.00840439097372
0.00460670650279
0.0110604440302
0.00605543442924
0.0110610248371
0.00472888039357
0.00608991147163
0.016601987926
0.00294237382931
0.00684330802864
0.00457498373215
0.0175924382326
0.00386467362758
0.0116057598556
0.00279175695389
0.0017950769271
0.0165840524854
0.00678614381433
0.00568710089237
0.0142217839577
0.00344634310035
0.00991139804791
0.00287322094086
0.0157665054448
0.0136252746222
0.00725734026535
0.0181122236076
0.0130097743869
0.0125410664542
0.0105853781276
0.00245017805555
0.00882172270415
0.0109262432491
0.0143466469356
0.0124556646735
0.0114774851054
0.016060669647
0.00734947026537
0.00511398176925

State labels

0
1
2
3
4
5
6
7
8
9
10
11
12
13
14
15
16
17
18
19
20
21
22
23
24
25
26
27
28
29
30
31
32
33
34
35
36
37
38
39
40
41
42
43
44
45
46
47
48
49
50
51
52
53
54
55
56
57
58
59
60
61
62
63
64
65
66
67
68
69
70
71
72
73
74
75
76
77
78
79
80
81
82
83
84
85
86
87
88
89
90
91
92
93
94
95
96
97
98
99
