Cluster centers 

[-1.04845232  1.79368951 -0.63145273 -0.5754841 ]
[ 1.07790819 -0.51984729 -0.58115634  0.22150138]
[-1.0249109   0.21593673  1.09777314 -0.10423871]
[-0.60947931 -1.63081284 -2.63346154  1.40442347]
[-1.02374146 -1.20598898  0.23093547 -0.2679878 ]
[ 1.10855591 -0.31427638 -0.08350248 -0.27185551]
[ 0.54674408 -0.35377519  0.5317754   2.16244328]
[ 1.08187693  1.08843489  0.6875921   0.62038838]
[ 0.99961629 -0.30405726 -1.51562825 -1.70251364]
[-0.9279515   1.48575671 -0.8355018   0.9652371 ]
[ 0.84715173  2.96262038 -0.87787841 -1.75352384]
[ 1.08005631  0.57499863  0.90366471  0.58340627]
[ 1.011789    1.55941409  0.92189825 -1.29082372]
[-0.93871542  0.69860633  0.39301494  0.767898  ]
[-1.05197764  2.07231321 -1.42341167 -0.14462583]
[-0.94517394 -1.53544739 -1.22972132  0.36104353]
[ 0.86462048 -0.32046781  0.48692714  1.5240638 ]
[ 1.11315814  0.12117302  0.78695351 -0.47953729]
[-0.49201401 -0.46961351 -7.32379029  1.43480548]
[-0.9523314  -0.44343377  1.25555128 -1.83596651]
[ 0.82562332  2.25714447 -1.53094256  1.87965893]
[ 1.0981686  -0.42138466 -1.09759289 -0.7096602 ]
[-0.61445772 -1.24982064  0.20050477  1.56729854]
[-1.03344408  0.98067852  0.70680727 -0.85805273]
[ 1.04952503  0.15908788  0.80157511 -1.31639743]
[-0.97721942  1.91945914 -1.55042218  0.69783477]
[ 0.97140039  2.05960399 -0.82915047  1.39979993]
[ 0.9983031  -0.377679    0.2829267   0.94838181]
[-1.0418808  -1.37877306 -0.81401758 -0.50804866]
[ 1.04985691 -0.3665275  -2.52245205 -1.27308122]
[ 0.98648423 -0.22255115 -0.57460085 -1.76933463]
[-1.02262881 -1.42942989 -3.67301444 -0.11932645]
[-1.02249205  1.41284414 -0.37688859  0.20825241]
[-1.03934372  0.55508465  1.04616984 -0.67354213]
[-1.03240102 -0.14602625  1.36889206 -0.9190052 ]
[-0.84058274 -0.62510763  0.95754068  1.02230634]
[-0.7027314  -1.61651465 -1.57245292  1.25428951]
[ 1.0918789  -0.27434388  0.24221201  0.21378174]
[-0.61137199  0.58552507  0.17943387  1.87804674]
[ 1.11609604  1.16502754  0.90455581 -0.2064852 ]
[-0.91846031 -1.58580289 -2.19239055  0.50046103]
[ 0.7636438  -0.77849562 -0.19814257  1.68153639]
[ 1.11628625  0.51121299  1.00384967 -0.03923337]
[ 0.64851859 -1.07394382 -1.29050125  1.74563714]
[-0.97010007  0.98597628  0.97917028 -1.53572859]
[ 0.97709246 -0.05448609  0.26171973 -1.77456552]
[ 1.10408827 -0.36328815 -0.52561971 -0.59721139]
[-0.96746215 -0.67161796  1.04409811  0.34831858]
[-0.98273387 -1.40772137 -0.42030844  0.12629719]
[ 0.85802322  0.56361145  0.6141137   1.70222843]
[-0.97267376  0.02429715  1.05058858  0.41986816]
[-1.05228841  2.53631133 -2.51018658 -0.11365946]
[-0.46493703 -0.57363347  0.7465679   1.95355704]
[-0.97362766  2.3047183  -1.09434518 -1.39970861]
[ 1.08687354 -0.09954501  0.30422664 -0.99133125]
[-1.03985677 -1.45653795 -2.46010496 -0.38779787]
[ 1.09877341  0.60986074  1.11439442 -0.75077985]
[-1.01513392  1.51304042  0.13119269 -1.12129977]
[-0.64973064  1.31630584 -0.86391767  1.88657141]
[ 1.07752955 -0.23993548 -0.23989988 -1.09059798]
[ 0.52254861  0.72426896  0.23757507  2.35259482]
[ 1.09531095  0.12649273  0.80780754  0.32452066]
[ 1.08675677 -0.43259551 -1.59089863 -0.85577251]
[-1.02303102  0.96669831  0.31839749  0.10069409]
[ 0.8670047   0.44799317  1.17562175 -2.09265016]
[-1.02699073 -1.46650377 -1.53058692 -0.28861258]
[ 1.00655858  1.37054679  0.2160827   1.18941744]
[ 1.07623577  1.76121612 -0.01778035  0.7191614 ]
[-1.04497536 -1.21496969 -0.39856257 -1.12876253]
[ 0.95431924 -0.67273757 -0.43643521  1.06278147]
[ 1.09946381 -0.50004182 -1.02324398 -0.21931334]
[-1.04593927  1.29834838  0.08758162 -0.40602728]
[-0.8269644   0.11220595  0.78205722  1.20037363]
[ 1.04086634 -0.67164149 -1.21147016  0.48338259]
[-1.04204464 -0.93569434  0.7519207  -0.81454148]
[ 0.22637093 -1.06124867 -0.12931874  2.24965591]
[-1.01589966 -0.96010017  0.46254336 -1.48597471]
[-1.02260818 -0.83046878  0.97836539 -0.23399297]
[ 1.11260851  1.55399404  0.48025634  0.13722292]
[-1.03496695  0.65582881  0.78136821 -0.18928075]
[-0.98152533  0.47251512  0.74098496  0.42880613]
[ 1.11239592 -0.15556044  0.31765318 -0.42935889]
[ 1.07126957 -0.42103614 -0.06452633  0.38906154]
[ 1.08493009  2.3932205  -0.35268037 -0.48610914]
[ 0.9070812  -0.23040382 -2.65929968 -2.15406834]
[ 0.9861929   0.05068587  0.75266797  1.11990192]
[-0.88912225 -1.57976699 -3.07804873  0.64340819]
[-0.81249063 -1.48210081 -0.51187974  0.96498442]
[-0.88726524  2.14933684 -2.30530524  1.21630296]
[ 0.88679066 -0.2339829  -1.06446562 -2.21243192]
[ 1.09324949 -0.50521132 -2.06289487 -0.51420073]
[ 0.71703485  1.46630024 -0.42958386  2.11231684]
[-1.02605961 -0.30122077  1.26513706 -0.2276685 ]
[-0.92100824 -1.20883986  0.37571129  0.54314303]
[ 1.00436447  0.62905242  0.76400684  1.13180087]
[ 1.07296234 -0.336512   -0.90436385 -1.13265843]
[-1.02111168  1.70335647 -0.92615247  0.30027755]
[ 1.05652345 -0.08268594  0.63002828  0.66084284]
[ 1.11159815 -0.0484644   0.5940264  -0.05756181]
[-0.92721955  1.05756066 -0.1069826   0.87268133]

Populations

0.00105552113351
0.230580943056
0.327847761993
0.440515773817

State labels

0
1
2
3
