Cluster centers 

[ 1.12813847  1.63280314 -1.24729015  0.79220326]
[-0.81525173  0.9318374   0.98454175 -0.1931624 ]
[ 1.16089069 -0.50016121  0.41992176 -0.22801778]
[-0.91722214 -1.05999391  0.0243705   0.62218454]
[-0.76576902  1.62482781  1.27766159 -2.17672129]
[-0.9426661  -0.34716737 -0.21632147  1.33296665]
[-0.9166535  -1.52714726 -0.04778066 -0.75695876]
[ 1.15695239  0.50587769  0.81716876  0.80122708]
[ 1.19408129 -0.30489067 -0.96804774 -0.28403744]
[ 0.91889962 -0.61713794  1.57270821  0.05584837]
[-0.94645089  0.63904819 -0.4823152   1.01711812]
[-0.95293233  1.27449785 -0.38572055 -0.04800129]
[ 1.12602813 -0.48388998 -1.70940269 -1.59301026]
[ 1.20220465 -0.57029267 -0.57664601 -1.09002039]
[ 0.73809415  1.22308258  2.21997305 -0.59539941]
[-0.90512359  1.38182719  0.49363565 -0.91437822]
[ 1.03588787  3.51900865 -1.6724323  -3.79770597]
[-0.95751438 -1.08787192 -0.59570803  0.4401204 ]
[-0.85622364 -1.81828023  0.23838542 -2.45295889]
[ 1.1491546  -0.07494575 -1.4150968   0.2497828 ]
[-0.70323257 -0.80072205  1.25987137  0.85287187]
[ 1.16458644  1.57753372  0.85367262 -0.11352407]
[ 1.20222445  0.5522418  -0.76363685  1.10438549]
[ 0.88735579 -0.88178798  1.54422091 -0.48571667]
[-0.82917143  0.21637426  0.8846182   0.84106252]
[-0.91049513  1.87436467  0.49081764 -2.43843079]
[-0.92725296  1.18557616 -0.94368825  0.50636768]
[-0.94808329 -0.8507605  -1.04130735  0.83579237]
[-0.96364278 -1.6620461  -0.70026432 -2.29105525]
[-0.8928098  -0.24621468 -1.52120964  1.42696476]
[-0.43157165 -0.60470808  1.97402435  0.71556996]
[ 1.08647797 -0.46614324  0.96545679  0.07158738]
[ 1.02661059 -0.07673032  1.37001256  0.5694857 ]
[-0.929009    1.13658791  0.20033484 -0.14794034]
[-0.94005811  0.82046692 -0.03328463  0.55183957]
[-0.90920352  2.06889619 -1.2296006  -1.40784356]
[-0.73909006 -1.70132897  0.86222351 -1.20141859]
[ 1.2162805  -0.01566152 -0.35818821  0.54252802]
[ 1.18736874 -0.42418749 -1.08353985 -0.79543079]
[-0.89221212 -0.64260918  0.33401995  1.10911292]
[ 1.05869887  2.00825161  1.41597867 -1.49498541]
[-0.94694952 -1.52620186 -0.35358663 -0.9456875 ]
[ 1.20481259  1.15833119  0.41636866  0.62571293]
[-0.94367761  0.34645365 -0.14873756  1.15803585]
[ 1.07451337 -0.13256282 -1.917704   -0.01668362]
[-0.94459241 -1.19760175 -1.53969412 -0.38007132]
[-0.90820534  0.15996272  0.30766771  1.09471582]
[-0.92589078  1.66318783  0.31834165 -1.57652932]
[ 1.15909498 -0.71075457  0.27237429 -0.99077462]
[ 0.73275257  0.56763986  2.23565478  0.2539873 ]
[-0.95055141 -0.59475265 -0.66285246  1.22774271]
[-0.79634317 -1.44336663  0.70525857 -0.21993207]
[ 1.22033885  0.2308211  -0.29762943  0.84722022]
[ 1.16342151  2.40100373 -0.527165   -0.90221176]
[ 1.1903831  -0.67195608 -0.91279179 -2.08827374]
[ 1.09340521  0.77904681  1.24562456  0.55768278]
[ 0.95356587  0.64831356 -2.17785959  1.41574735]
[ 1.19800045 -0.0284859   0.24232355  0.57536043]
[-0.79520978 -1.89227598  0.21024112 -4.45534489]
[-0.81501741 -1.11146855  0.72200498  0.55610132]
[ 1.20595187 -0.43452662 -0.3109727  -0.40689677]
[ 0.79857899  2.60977233 -2.39657036 -0.21554835]
[ 0.93022621 -1.0910221   1.25709058 -1.46960151]
[ 1.04661885 -0.50137967 -2.21159488 -2.40550156]
[-0.94459675  1.43548888  0.02467579 -0.71033355]
[-0.33709454  1.35866805  2.30763755 -1.83308336]
[-0.93169027  2.13506677  0.22556442 -3.21700608]
[-0.87754951  1.5012137   0.71847079 -1.39921717]
[-0.88475739  0.86725969 -1.36947295  1.19960607]
[-0.96431545 -1.22458838 -1.00765465 -0.10003841]
[ 1.05025389  0.35141074 -1.88255573  1.03767306]
[ 1.18310617  0.11510845 -1.07192467  0.67985839]
[-0.97051545 -1.47840924 -0.88761034 -1.1490163 ]
[ 1.20806094 -0.18318349 -0.59265033  0.18200564]
[-0.9301445  -1.32459642 -0.13431213 -0.04521207]
[-0.95817637  1.66784961 -0.41991204 -0.97373083]
[ 1.08584546 -0.33736459 -1.86009757 -0.8043202 ]
[-0.46955022  0.3762816   2.01890954  0.22110674]
[-0.96040933  1.91109603 -0.34345958 -1.78510227]
[-0.76365143 -0.33603335  1.11475412  1.01877577]
[ 0.63295632 -0.39694493  2.21539985  0.46294736]
[ 0.49942563 -1.27858243  2.05433936 -0.94176494]
[-0.42755463 -1.34972688  1.80267346 -0.03999244]
[ 1.17697784 -0.30410026  0.36371736  0.18574974]
[ 1.22107025  0.92716315 -0.17230863  0.99971603]
[-0.78338631 -1.55060725  0.74463803 -0.56478399]
[ 1.21324935  0.36086264  0.13862757  0.91072528]
[-0.87034927  0.65554749  0.67458068  0.43006667]
[-0.93173609 -1.63757634 -0.227825   -1.48203467]
[-0.87658975 -1.6553295   0.21550264 -1.24183934]
[-0.96375261 -1.36384618 -0.68629354 -0.43574583]
[-0.7618658   1.22298793  1.25744509 -0.99551524]
[-0.85398056 -1.29868707  0.47148699  0.16509219]
[ 1.14536522 -0.08796974  0.74784597  0.54714542]
[-0.63459426 -1.81114244  1.14785575 -1.75826707]
[-0.91599107  1.59800809 -1.05859964 -0.24636296]
[ 0.36807865 -0.9826202   2.26804626 -0.01850772]
[-0.94517028  0.1527408  -0.63382706  1.42188271]
[-0.85261571 -1.75902182  0.31719474 -1.82795642]
[ 1.05036475 -0.83203107  0.96192757 -0.84978936]

Populations

0.0165982278534
0.414341684367
0.263800595724
0.305259492056

State labels

0
1
2
3
