Cluster centers 

[ 1.09434684 -0.22687173 -0.08811781 -1.02761114]
[-0.84780277 -0.23806362  0.98905155  1.00857283]
[-0.88747688 -1.59231513 -2.38566902  0.6640701 ]
[-1.0240974   1.25703075 -0.00742611 -0.11074295]
[ 1.11587746 -0.26206385  0.18421779 -0.0179552 ]
[-1.01938604 -0.62834315  1.12790411 -0.33610249]
[ 0.9748059   1.60352556 -0.13400563  1.41268465]
[ 0.62457575 -0.79595836 -0.02786959  2.00162936]
[-1.03959754 -1.28262627 -0.32048967 -0.72083441]
[-0.85584457  1.54326156 -1.01341467  1.23952694]
[ 0.97915979 -0.01538751  0.71992884  1.18263505]
[-1.01942408  0.2106292   1.10744929 -0.21864921]
[ 1.11554151  0.12257199  0.79909825  0.15800309]
[ 1.06432463 -0.36215934 -1.21716863 -1.29763015]
[ 1.00070318  0.97438918  1.1915711  -1.58254754]
[-0.95207257 -1.31233855  0.038137    0.30760253]
[-0.97956411  0.81376943  1.00922411 -1.39018893]
[-1.02414497  2.39351557 -1.77345479 -0.80806017]
[ 1.12052843  1.47465708  0.50448225  0.24003705]
[ 1.11835371 -0.35636646 -0.30673733 -0.40285147]
[-0.72404499 -1.29015774  0.13981406  1.26129475]
[ 0.50701142  0.49329133  0.43122911  2.36049321]
[-1.02932712 -1.4318053  -1.20888896 -0.40359081]
[-1.03222083  2.53491231 -2.67369332  0.08721804]
[-1.01910697  1.81674446 -0.56473611 -0.88347396]
[-0.89933236 -1.56230824 -3.16900586  0.62431749]
[ 1.09177288 -0.47167515 -2.67329363 -0.74146689]
[ 1.01513106 -0.19959017 -0.22687766 -1.66168039]
[-0.69829916 -1.60072773 -1.53538051  1.3034953 ]
[ 1.10843443 -0.47204899 -1.36406862 -0.59603179]
[-1.03583817  2.1131891  -1.59181618 -0.05658078]
[-1.0164999   1.33549653  0.24727547 -0.96702653]
[-0.93617001 -0.44757366  1.22767532 -1.89102736]
[ 1.02463159  0.60257462  0.80235783  1.05659   ]
[ 1.12587259  0.01059351  0.64305167 -0.3606633 ]
[ 0.92571107  2.15895532 -1.08322284  1.59142072]
[ 1.01184623 -0.36022655  0.30178146  0.93391708]
[ 0.52097949 -1.11091069 -1.06146856  1.96731334]
[-1.00791497  0.74254389  0.58517185  0.06983039]
[-0.9846253   0.25928569  0.9603387   0.24686755]
[-0.82735345  2.3369422  -2.80108253  1.41805092]
[ 1.04268022  1.439828    0.23205997  1.02247696]
[-1.02910175 -1.46361671 -2.26731739 -0.3603196 ]
[ 1.00762268 -0.28578709 -0.84546764 -1.70889528]
[ 0.90440731  3.00273116 -1.08772652 -1.68752403]
[ 1.12393008  0.5815312   1.06736038 -0.52389048]
[ 0.71982584  1.42307388 -0.31774684  2.13054216]
[-0.89901293  1.96898744 -0.33456883 -1.78419889]
[ 0.97477405 -0.2968831  -2.8452746  -1.84617249]
[-1.02827434 -0.89196466  0.80171218 -0.98268338]
[-0.95172136 -1.03826939  0.68917617  0.32953786]
[ 1.10059518 -0.35194257 -0.65691926 -0.9010043 ]
[-0.78621582  0.96917433 -0.1344044   1.42408252]
[ 1.10536434 -0.50681773 -0.84659088 -0.06832953]
[-0.85676753 -1.47377068 -0.54884006  0.79742681]
[ 1.0784165   0.21419772  0.8785948  -1.16945665]
[ 1.09079318  0.91836769  0.79093104  0.62261943]
[ 1.10739124  2.4219389  -0.61063    -0.10961456]
[-1.02978914  1.00310465  0.42973677 -0.33900608]
[ 1.02940704 -0.64909902 -0.80450773  0.69896735]
[-1.02825274  0.6149885   0.94700895 -0.63598789]
[-1.03047543 -1.24142286 -0.80784815 -1.33351048]
[-0.37557708 -0.12797072 -8.23433471  1.70888271]
[ 0.81213003 -0.33251406  0.51394504  1.69165622]
[-0.92884939 -1.52997818 -1.16566571  0.44177708]
[ 0.80352941 -0.21129264 -0.60568811 -2.52796327]
[-1.02940145  1.58621978 -0.54505214 -0.09646246]
[ 1.07378879  0.04690931  0.72745875  0.62859147]
[ 1.11949195 -0.16812597  0.25462596 -0.59567356]
[-0.96339253 -0.46074899  1.13059737  0.32703429]
[-0.96873491  1.56287288 -0.80966526  0.61579817]
[-0.55407429  1.4329719  -1.03599659  2.08710753]
[-0.59715482  0.50768138  0.32840595  1.86102149]
[-0.46458104 -0.49842698  0.79002976  1.94420908]
[ 0.84288981  0.53962501  0.63987951  1.75045578]
[ 1.04929413  2.12858918  0.20517363 -1.04946834]
[-1.02356524 -1.12318237  0.43393084 -0.40098888]
[ 0.85200172  2.44690635 -1.77497519  1.77611467]
[-1.00053954  1.86318885 -1.29266952  0.39841349]
[-1.00818511 -1.05589623  0.16282972 -1.47066098]
[-0.90560709  0.50134084  0.59052203  0.84255025]
[-1.00315983 -1.39866816 -0.5241899  -0.08741114]
[-0.78835444 -0.83679667  0.8468192   1.142797  ]
[ 1.10875874  1.31889282  0.89507761 -0.61717137]
[ 1.08267889 -0.3991833  -0.01254378  0.4020787 ]
[-0.94853954 -1.55272609 -1.73262708  0.33457714]
[-1.02198476 -0.11861067  1.35616876 -0.92671667]
[-0.58210337 -1.61397425 -2.65734073  1.51396578]
[ 1.12440949  0.63145749  0.98427832  0.09510888]
[ 0.17940733 -0.90302562  0.19838279  2.27953372]
[ 1.06645244 -0.06310519  0.37893326 -1.28581185]
[ 1.07586132 -0.41845475 -2.06129623 -1.12450354]
[-0.9560234   0.9217132   0.19212238  0.59308362]
[ 0.891369   -0.6943911  -0.28337209  1.36222361]
[-1.02085898 -1.4103951  -3.89198963 -0.09966315]
[-1.03645398  1.94157614 -0.98464657 -0.52806949]
[-0.87974493  2.03490431 -1.99742362  1.18947761]
[ 0.84072904  0.21365367  0.88325269 -2.28602194]
[-0.96895522  1.247603   -0.25759605  0.55526956]
[ 0.95717583 -0.31339817 -1.66926859 -1.96117231]

Populations

0.00158617199744
0.252756920359
0.306170754737
0.439486152907

State labels

0
1
2
3
