Cluster centers 

[-0.90409726  1.12796001  0.45881123 -0.29761268]
[ 1.20205444 -0.35584722 -0.04762939 -0.06270627]
[ 0.78358105 -0.88849746  1.80721529 -0.31007307]
[-0.94380904  0.72400016 -0.12429063  0.73335285]
[-0.94643188 -1.60900664 -0.37523835 -1.42485389]
[-0.83889236 -0.7579421   0.64892619  0.97633779]
[ 1.19846315 -0.65561864 -0.50539148 -1.45506858]
[ 1.02938693  0.9052037   1.52393466  0.34277157]
[-0.95859835 -1.10776669 -0.69820356  0.3793351 ]
[ 1.14669533  1.18142089 -1.18663234  1.17136326]
[-0.93376997  2.11298849  0.14770353 -3.06083922]
[ 1.21733092  0.0636608  -0.32018952  0.64625661]
[-0.87658013  1.28884274 -1.45044041  0.6640282 ]
[-0.94976708 -0.4460954  -0.77044134  1.34182454]
[ 1.06412187  2.01885468  1.29167612 -1.43421729]
[ 1.18243039 -0.26131761 -1.12651475 -0.20476464]
[-0.9480583   1.4028679  -0.09019065 -0.54987839]
[ 0.95691    -0.52479608 -2.6741914  -3.61052129]
[-0.75503532 -1.66393078  0.81841058 -1.01604073]
[-0.28994854  0.19102381  2.24132046  0.36612998]
[-0.95423074 -1.27772183 -1.34594085 -0.57030725]
[-0.73359456 -1.93669545  0.5423038  -4.25481346]
[-0.57233682  1.25004533  1.84995976 -1.40226741]
[-0.58083314 -1.76158387  1.30102604 -1.46311158]
[ 1.19696795 -0.19010921  0.16423185  0.33908632]
[ 1.19808261 -0.52628294 -0.13017487 -0.60286158]
[-0.82634482  0.38912932  0.89255778  0.66963437]
[ 1.06899299 -0.48644853 -2.0409682  -1.89779505]
[-0.95477307  1.70968139 -0.53142899 -0.99915988]
[ 0.44620046 -1.28242808  2.08918225 -0.85159963]
[ 1.1756809   2.07575478 -0.75134764 -0.01495105]
[-0.92662013  1.54633225  0.27706368 -1.20626075]
[-0.84327291 -1.24125595  0.53812985  0.29364126]
[ 1.18062629 -0.02977975 -1.114761    0.40599637]
[ 1.09001919 -0.24836213  1.03278023  0.40403359]
[ 0.61712474 -0.0430844   2.27372262  0.494206  ]
[ 1.0762969  -0.87066387  0.76471409 -1.16933246]
[-0.93128976  0.32550229  0.04223773  1.08165364]
[ 0.94089595  2.69533539 -1.966505   -0.74062689]
[-0.8725478  -0.74491208 -1.86388147  0.78435832]
[ 1.17161994 -0.69127472 -1.19169741 -2.69406938]
[ 1.20942007  0.42342646  0.21394756  0.89437331]
[-0.83650274  1.30892468  0.93999594 -1.03456163]
[-0.84352896  1.87534774 -1.6196747  -0.44914055]
[-0.91602832  0.7917107   0.31212707  0.40448778]
[ 0.40754949 -0.88200705  2.29054138  0.10750403]
[-0.949661   -0.84469925 -1.07584362  0.84392925]
[ 1.17768018 -0.57784279 -1.21237674 -1.72111084]
[ 1.18562585  0.30666103 -1.00184124  0.93015559]
[-0.93324001 -0.48386525 -0.09243498  1.2505147 ]
[ 0.7655038   1.10192619  2.18847583 -0.36333798]
[-0.94426414  0.18603087 -0.67768061  1.42615016]
[-0.96375386 -1.30885053 -0.73184312 -0.24494233]
[-0.81152767 -1.81483129  0.48103482 -2.14400106]
[ 1.08281934 -0.07175645 -1.83165678  0.17845616]
[-0.45176754  2.68021215 -1.20553979 -3.16923464]
[-0.55741892 -0.64311952  1.69267241  0.77061344]
[ 1.18979823  1.10197857  0.58299575  0.60933412]
[-0.95132467 -0.85563521 -0.45327043  0.92284836]
[-0.93870357 -1.7361103  -0.45284903 -2.67935914]
[ 0.37009752  1.43318844  2.45944785 -1.53260801]
[-0.63278602  0.61504884  1.68085838  0.01855428]
[-0.94265986  1.48171641 -0.79260431 -0.20297629]
[ 1.15746382 -0.6810483   0.31512655 -0.84609047]
[ 1.00645519 -0.69166708  1.23410376 -0.25989844]
[ 0.72178517 -1.3150322   1.60034287 -1.85910027]
[-0.40588597 -1.38107456  1.81944489 -0.165012  ]
[ 1.07015589 -0.29934993 -1.97394354 -0.69421614]
[ 1.21101326 -0.21853858 -0.57913948  0.09296495]
[-0.82780093 -1.49378133  0.54418465 -0.40222346]
[-0.88605568 -0.22667718 -1.56850932  1.50596288]
[-0.89604278 -0.07493927  0.38844308  1.17742461]
[ 1.00418078  0.154048    1.50607275  0.6548193 ]
[-0.86770168  1.70041177  0.72281257 -2.02953561]
[ 1.16726349 -0.05940476  0.57824757  0.56765116]
[-0.91494407  2.0540796  -1.18645852 -1.40386299]
[-0.95141054 -1.11440488 -1.31212812  0.08832435]
[ 1.13528125  0.5052827   0.96350161  0.75893557]
[ 1.16804682  1.61446543  0.80915018 -0.15961519]
[ 1.21808684  0.78263362 -0.40776897  1.04891494]
[-0.87831263  0.76820609 -1.41554821  1.31329616]
[ 1.14510853 -0.45106174  0.58303634 -0.04217059]
[-0.91562424 -1.04891271  0.05172695  0.63944264]
[ 0.99733683  0.60914609 -2.02315752  1.24145318]
[-0.94372554  1.15446515 -0.72475306  0.41435346]
[-0.84680044  0.76743113  0.83847144  0.16863919]
[-0.92581835 -1.34187553 -0.10289023 -0.08709603]
[-0.6854767  -1.38023692  1.16465681 -0.03041902]
[-0.6319727   0.95960178  1.6813451  -0.60706855]
[ 1.20574422 -0.45043495 -0.65636343 -0.64449164]
[-0.9719492  -1.49331852 -0.89133536 -1.23585591]
[ 1.13916829 -0.41197663 -1.58951573 -1.05467626]
[ 1.18598051 -0.4419568  -1.09971188 -0.87685264]
[-0.94462129  0.75709386 -0.68563095  0.97927453]
[-0.94604599  1.11919707 -0.11329485  0.08096639]
[-0.76547694 -0.22216516  1.12071335  0.99509453]
[-0.95716442  1.91147371 -0.24725525 -1.89278985]
[-0.94099865 -1.47884155 -0.31344169 -0.69114508]
[ 0.90793715 -0.44419853  1.66339091  0.31528167]
[-0.8858249  -1.63559953  0.16369535 -1.16090333]

Populations

0.433610057929
0.284128990499
0.280438278531
0.00182267304083

State labels

0
1
2
3
