Cluster centers 

[ 0.7899148   2.01155313 -1.2082363   2.02985151]
[ 1.07301329 -0.15596851  0.12693875 -0.88267774]
[-1.03187288 -0.57171898  1.1703879  -0.10690926]
[-1.06686873  1.74011987 -0.48100577 -0.6583233 ]
[ 0.90169087 -0.34886506  0.46944251  1.30823518]
[-0.92792334 -1.56216069 -1.09401971  0.54032654]
[ 1.07762138 -0.53380957 -1.28813169 -0.22255969]
[-0.9823152   0.64405297  0.52728971  0.56937861]
[-1.07701796 -1.33721291 -1.00601521 -0.86771495]
[-0.9790234   1.51173062 -0.8018688   0.76508458]
[ 1.09601465  0.774596    0.96586882 -0.14528475]
[-1.06115838  0.52521072  1.02823983 -0.51843482]
[  0.85620873   3.08867414 -15.27368084   1.44942955]
[ 0.07998119 -1.0239483   0.20229345  2.25024402]
[ 0.64265882  1.06449522 -0.00699054  2.22093112]
[-1.06415911 -1.14808188  0.31191693 -0.6039526 ]
[ 0.94088681  0.92078537  1.23826766 -1.69517247]
[ 1.06103079 -0.54867627 -0.71646312  0.19407632]
[-0.86503002 -1.57775959 -3.65973006  0.77722394]
[ 0.99740539 -0.25882187 -0.8277813  -1.55882384]
[ 0.93376553 -0.25690161 -3.00409312 -1.87267281]
[-0.94104595  2.52272044 -2.16905593 -0.39218801]
[-1.03271418  1.94271775 -1.50354838  0.4749642 ]
[-0.97283624 -1.26592388  0.25749123  0.32371131]
[-0.6670606   0.18951037  0.61305561  1.73710378]
[ 0.93178567 -0.00956327  0.25011916 -1.90485782]
[ 0.88766905 -0.82765192 -0.7818147   1.22382004]
[-1.02841743  1.18085217 -0.05354461  0.30385558]
[-0.90723921  0.0115818   0.94053678  0.87861873]
[-1.05949565  0.76360779  0.71855394 -0.28313928]
[ 1.08802183  0.15144157  0.77414154 -0.63200221]
[ 1.09127472 -0.0405477   0.59474346 -0.08314275]
[-1.00267522  1.25015219  0.67588323 -1.46073436]
[ 1.06336453 -0.390778   -0.01738641  0.27561198]
[-0.96128724 -0.50868041  1.17415413 -2.02444234]
[ 0.36250166 -1.26839038 -0.93960393  2.14671575]
[-1.05954757  0.12025685  1.26983203 -0.53909258]
[-0.8814725  -1.48517699 -0.44372267  0.77228153]
[-1.06296067 -0.87928989  0.83165469 -0.90730858]
[-1.00849463 -0.90117025  0.34707587 -1.84581853]
[-1.05295984  1.60727501 -0.66027745  0.11428367]
[ 1.04156697  1.2783634   0.47768929  0.75124864]
[ 0.99917886 -0.55711975 -0.20094907  0.77588641]
[ 1.08537532 -0.38373315 -0.52216116 -0.45590213]
[ 1.02263547 -0.15030717  0.55672703  0.7358663 ]
[ 1.06358274 -0.43007581 -1.70744964 -0.89823992]
[-1.03747852 -1.32570936 -0.11968528 -0.16628586]
[-0.88400039 -0.78798758  0.91819359  0.84595914]
[ 1.02348901 -0.69769504 -1.28494072  0.47525948]
[ 0.60573996 -0.86871413 -0.05799586  1.94682041]
[ 0.97490925  2.44266338 -1.48239276  1.34137338]
[-1.07108086 -1.27130315 -0.24729647 -0.6947939 ]
[-0.92565739  1.09606368 -0.21534582  1.0008469 ]
[ 0.78040093  0.37308684  1.06588448 -2.39753373]
[-0.39063989  0.40401294  0.31866488  2.26124461]
[-0.94862425  1.86970073 -1.62894228  1.02524795]
[-1.02046187  0.13596567  1.07333568  0.15550567]
[ 1.0025358   2.29649476 -0.06688286 -0.87474158]
[-1.06206015 -1.46751054 -2.17257617 -0.40233662]
[ 0.60771849  0.3455263   0.57977556  2.17783236]
[ 1.0523249   0.63224953  0.87661024  0.66205559]
[-0.99050995  2.39843101 -2.7609513   0.83382029]
[-0.57136527 -0.33113623  0.84938883  1.85544703]
[-0.63013415 -1.42454637 -0.15946595  1.50411397]
[ 0.81159737 -1.01426755 -1.62507471  1.43011647]
[ -8.20146801e-01   8.49167213e-01   1.25591106e-03   1.38563611e+00]
[-0.99832846  1.9030889  -0.32638562 -1.39041446]
[ 1.09099943 -0.23603452  0.13738329 -0.30730041]
[ 0.94163767  1.39846194  0.04993442  1.43268897]
[-1.0670802   1.3798984  -0.03777769 -0.37794855]
[ 0.91541414 -0.26136286 -1.66415582 -2.00202946]
[ 1.05075421 -0.25692687 -0.42577953 -1.13438941]
[ 0.87465288 -0.71516834 -0.22723149  1.31528973]
[-0.8342094  -1.64800429 -2.0702686   0.90561279]
[ 0.66823537 -1.02667023 -0.74917708  1.79682937]
[-1.0722582   2.0393884  -1.27767553 -0.27120813]
[ 0.646927   -0.37135861  0.56649077  1.9403996 ]
[ 0.89752173 -0.2142294  -0.93052969 -2.07330601]
[-1.06338636 -1.1758938  -0.45997547 -1.37280098]
[-1.02005369 -1.01690646  0.73492716 -0.00985612]
[ 0.94849973  0.44438446  0.76849058  1.2654735 ]
[ 1.01336096  0.26232102  0.89275773 -1.39572162]
[ 0.57233644  1.5334718  -0.75382355  2.401973  ]
[-1.05404991 -0.96124049  0.46914803 -1.39031351]
[-1.04721762 -1.4186026  -0.74952088 -0.26867301]
[ 1.04253496 -0.39599818 -2.19199279 -1.1459649 ]
[-0.58568874  1.42797064 -1.12721374  2.07835507]
[ 1.03924299 -0.01520332  0.40113813 -1.24976269]
[-1.05281709  1.14634527  0.55421181 -0.9468716 ]
[ 1.07056498 -0.37909891 -0.94156435 -0.84717867]
[-0.97826654 -1.42245878 -0.31760911  0.29448897]
[-1.05305572  0.99599938  0.36499175 -0.07806818]
[ 1.05332169 -0.42032373 -2.9001047  -0.93450657]
[-1.05720985 -0.12878331  1.38824225 -0.92238624]
[-1.02434294 -1.5151734  -1.44286125 -0.03176906]
[-0.98621329  0.5658741   1.34216059 -1.63973066]
[ 0.99992087 -0.31211925 -1.39541636 -1.53336981]
[ 1.06856436  0.07464938  0.78126271  0.38640115]
[ 0.87875397  3.32264289 -1.71643515 -1.37616054]
[ 1.07650129 -0.55665743 -1.98960325 -0.3102048 ]

Populations

0.0606039233406
0.381232017147
0.283547568768
0.274616490744

State labels

0
1
2
3
