Cluster centers 

[-0.92368198 -1.18504958 -1.45470509 -0.30740523]
[ 1.19138959 -0.18312825  0.44783841  0.42119787]
[-0.9193674   1.26599503  0.10672551 -0.39647651]
[ 1.16747275 -0.39013396 -1.49223518 -0.83408947]
[-0.8964559  -1.79046923  0.01559809 -2.38280285]
[-0.89603482  0.47285194  0.25351625  0.85685733]
[-0.83587619 -1.23076545  0.4987776   0.32204903]
[ 0.65761037  0.99243647  2.35685756 -0.21578381]
[-0.66910406  1.64221667  1.58754833 -2.37417345]
[ 1.24322911  0.50176256 -0.24002662  0.95800088]
[ 1.20833233 -0.70830987 -0.79704988 -2.02185417]
[-0.49232938 -0.31784008  1.83223767  0.9093739 ]
[-0.92748571  1.31955317 -0.66315681 -0.03857864]
[ 1.13465822  0.72862641  1.0904023   0.69326891]
[ 0.87125994 -0.83839299  1.6732749  -0.24666674]
[ 1.23013645 -0.37369931 -0.34460858 -0.22498211]
[-0.87049492  2.02571501  0.74547973 -3.33694121]
[ 1.21934017  2.19250203  0.38165138 -1.088346  ]
[-0.90726185 -0.45358005 -0.00190396  1.24659536]
[ 1.03140265  0.97731423 -2.0198286   1.14953762]
[ 0.98519806  2.95615615 -1.88245117 -1.80144631]
[-0.90971357  0.69428565 -1.04746097  1.12154402]
[-0.94504957 -1.13937436 -0.86019951  0.20037922]
[-0.9447638  -1.55007596 -0.5696541  -1.25935159]
[-0.93272032  1.77010888 -0.59370158 -1.22833715]
[ 1.13568786  2.09011812 -1.17159206  0.02829592]
[-0.73516068  0.81616609  1.30971564 -0.07080476]
[ 1.20791456 -0.05756068 -1.092476    0.31434874]
[-0.57962333  0.71751727  1.8051819  -0.07547863]
[ 1.11231262 -0.52311538 -1.81490175 -1.74711012]
[ 1.16428451 -0.81283325  0.39625589 -1.27311715]
[-0.9219284  -1.09197947 -0.22396004  0.50585551]
[ 0.15954727 -1.22234781  2.22252821 -0.19936101]
[-0.74943095 -0.7439804   0.99312453  0.95534293]
[ 1.21858974 -0.43521075 -0.8668684  -0.67214833]
[-0.77246908 -1.95699382  0.55689883 -4.30683496]
[ 1.18567464  1.58652938  0.85441259 -0.14467025]
[-0.93765191  1.9760231  -0.47639441 -2.00645768]
[-0.79748193  1.38650806  1.11243181 -1.30386564]
[ 0.53160404 -0.2940713   2.29632726  0.57616098]
[-0.91790587 -0.76349069 -1.33101378  0.8546786 ]
[ 1.20401534  0.59815039  0.56091483  0.86408306]
[ 1.09796811 -0.66844641 -1.84398582 -3.28120309]
[-0.85443146  2.06633137 -1.42113022 -1.39175928]
[-0.92814398  0.78729662 -0.26632953  0.67634702]
[-0.8550518   0.73144159  0.65009653  0.35962798]
[ 0.93005428  0.2624689   1.78117135  0.66769939]
[-0.82663235 -1.66012274  0.47491539 -1.11995875]
[ 1.22240832 -0.61326248 -0.44219327 -1.12683021]
[ 1.1294611   0.08251852  0.97520358  0.73023095]
[-0.92118473  1.04110226  0.00470272  0.12773511]
[-0.89525984  1.78408143  0.51782283 -2.17564519]
[ 1.2233032   0.17737299  0.20892954  0.77584618]
[ 1.1351377  -0.70195009  0.6871144  -0.60198995]
[ 1.23211126  1.13055801  0.27346594  0.67801499]
[-0.65648271 -1.85742256  1.07776502 -2.11027821]
[-0.42187909 -0.97570839  1.86160205  0.60602085]
[-0.92049001  1.10726708 -0.8260693   0.4588206 ]
[-0.8318612   0.48185425  0.77616259  0.65584028]
[-0.93774054 -0.79121006 -0.64540949  0.95531525]
[-0.84316828  1.1540909   0.81542895 -0.53982609]
[-0.94007774 -1.37582977 -0.4878513  -0.38318648]
[-0.91779126  0.2267427  -0.09122113  1.18130091]
[-0.65807166 -1.54837452  1.17205701 -0.49732698]
[ 1.23215258 -0.1972627  -0.60006407  0.13292775]
[-0.86077463  1.6516937  -1.42544497 -0.25798716]
[ 1.20646939  0.29853026 -1.07321895  0.85744752]
[-0.85087826 -0.06900938  0.55374344  1.14769129]
[-0.91951672  0.13931763 -0.98466818  1.4391612 ]
[ 1.22378387  1.05321235 -0.77851917  1.01241597]
[ 0.37830373 -1.38998272  2.0792647  -1.05769398]
[-0.84294485 -0.132204   -1.79375275  1.44538383]
[-0.93080931  1.51795447 -0.59453112 -0.53967627]
[-0.88520654  1.41740245  0.55468402 -1.05184044]
[-0.92973608  1.4987894  -0.02365523 -0.89056378]
[ 1.20146277 -0.38984347  0.2550986  -0.01015767]
[-0.87861814  2.23457449 -0.28836467 -3.15172297]
[ 1.03754863 -0.38947317  1.27747831  0.34248735]
[-0.69445878 -1.26895873  1.12496011  0.27023873]
[ 1.20864936 -0.28175181 -1.06314635 -0.24156288]
[-0.46354017  0.31077222  1.97398116  0.47569682]
[-0.93034492  0.48831914 -0.59171446  1.14550966]
[ 1.10689264 -0.5418586   0.92439683 -0.05154015]
[ 1.05501531  1.23081798  1.53775735  0.01492898]
[-0.93225479 -0.29381577 -0.56123346  1.35483626]
[ 1.10655219 -0.06605057 -1.84066226  0.15207306]
[ 1.21324274 -0.54508023 -0.01952897 -0.57031706]
[ 1.2365061  -0.01620135 -0.29654854  0.52602635]
[-0.87872483 -0.83385683  0.24676073  0.95144414]
[ 0.95654917  1.83869518  1.87233887 -1.48313991]
[-0.92318338  1.67973007  0.15137369 -1.54297224]
[ 0.94591427 -1.0271949   1.40440322 -1.05875823]
[-0.8425694   1.21254041 -1.55760768  0.69099838]
[-0.87040193  0.9779883   0.58661108 -0.04721786]
[ 0.69335784 -0.74463547  2.0425361   0.19077578]
[-0.7337964   0.12256631  1.20502952  0.86155219]
[-0.88489678 -1.43687929  0.14604996 -0.31936023]
[ 1.20729322 -0.53668925 -1.02670332 -1.21605365]
[-0.58836785  1.11567005  1.81614636 -0.91477368]
[ 1.07642537 -0.31064162 -2.03602432 -0.723368  ]

Populations

0.479850257836
0.125418063264
0.18883071684
0.205900962061

State labels

0
1
2
3
