Cluster centers 

[ 1.02924426 -0.41261158 -1.3670503  -0.83553629]
[-1.06258975  0.37462687  0.94465353  0.05162076]
[  0.75352979   3.01941981 -15.23984931   2.35764342]
[ 0.93930589  1.05128264  0.53277634  1.22025301]
[-1.09549753 -1.44906107 -1.26440001 -0.35755634]
[-1.0892061   2.30998873 -1.51968465 -0.73422059]
[-1.05554672 -1.23967292  0.27576362 -0.04868412]
[ 1.05603093  0.13621021  0.76330609 -0.63719253]
[-0.99310081  0.4606528   0.71681552  0.62906384]
[ 0.82347919 -0.74390219 -0.20574943  1.39428343]
[-1.09714968 -0.70610698  1.06430639 -0.94844815]
[ 0.94588662 -0.18665268 -0.38989992 -1.62012483]
[-0.91351991 -1.26375643  0.37157047  0.76384628]
[ 1.05969677  0.28447631  0.91717855  0.01717398]
[-1.039762    1.282249   -0.26279979  0.51802716]
[-1.04456255  1.80112087 -0.26775621 -1.29136685]
[ 0.85744534  0.30969158  0.82667422  1.43838333]
[ 1.0583969  -0.26745345  0.0492731  -0.31061884]
[-0.71911149 -1.51649018 -0.45541807  1.39577588]
[-1.09402585  2.58647983 -2.77253741  0.28366217]
[ 1.00532481  2.5200557  -0.56945204 -0.48551664]
[-0.90103835  2.00096245 -1.95304133  1.44883258]
[ 1.02856775 -0.35576267  0.1502947   0.35453469]
[ 0.89006621  2.34127579 -1.36740045  1.61592887]
[-1.08354454 -1.49003369 -2.76894383 -0.1112852 ]
[ 0.9437695  -0.3294582  -1.97983255 -1.50045735]
[-1.02505187 -1.40471982 -0.22896621  0.21635223]
[ 0.42315839 -0.99187042 -0.02712057  2.0929733 ]
[-1.07353522 -0.93470348  0.43860565 -1.53618003]
[-1.06959886  0.41964644  1.25750116 -1.3372762 ]
[-1.08353414  1.27543865 -0.0683211   0.04481543]
[-0.66817011 -0.94487537  0.72877659  1.55641171]
[ 0.8912057  -0.22540623  0.64679849  1.2255944 ]
[-1.01961251 -1.53099258 -1.0321728   0.29605622]
[ 1.0398794  -0.24832594 -0.18929056 -0.83761783]
[-0.90869345 -0.62624568  1.05158381  0.85000615]
[ 1.00606362 -0.66331829 -1.15576096  0.4736033 ]
[ 0.90470963  3.37280913 -1.97182994 -1.05121567]
[-1.08845622 -1.02008315  0.69405164 -0.45987318]
[-1.10113782  1.75760765 -0.73372807 -0.21664514]
[ 1.0078764  -0.31553216 -0.85766978 -1.14895389]
[-1.07617895 -0.63866762  1.16013072 -0.28667081]
[ 1.04836944  1.6218011   0.31095     0.35172746]
[ 1.04775125 -0.51883027 -1.06829817 -0.12994099]
[ 0.83735781  0.74627752  1.14803365 -2.03583976]
[-1.09213769 -0.04480627  1.33948121 -0.99981743]
[ 1.04733475 -0.42335685 -0.27740461  0.03802707]
[ 0.89873466 -0.26147276 -3.4164058  -1.56934033]
[ 1.0500114  -0.12439138  0.52901247  0.1164858 ]
[-1.08541646  2.08652027 -1.61754777  0.28603222]
[-1.05703656  0.82728763  0.45214106  0.23510314]
[ 0.88058696  1.65784728 -0.24160378  1.53708181]
[ 0.04442469 -1.36326006 -0.76017212  2.14335445]
[ 0.37291557  1.73509715 -1.09002393  2.53071782]
[-1.10575741 -1.22245573 -0.19403913 -0.93864513]
[ 0.92541727  1.85810663  0.5746111  -1.33788197]
[-1.02539071 -0.19345546  1.16948324  0.27366122]
[-0.8439279  -1.64035072 -1.54263478  1.06382923]
[ 0.86638149 -0.24313083 -1.1042532  -1.94175634]
[-0.84427523 -1.65433655 -2.46606719  1.08753015]
[-1.09597096  0.58268528  0.96782393 -0.62650062]
[ 0.64712726 -0.51557204  0.52791349  1.85345351]
[ 1.01713387  0.7150772   0.87686375  0.65764136]
[ 0.9606711  -0.41247053  0.27605829  0.86380447]
[-1.10387386 -1.25272879 -0.68128106 -1.13327934]
[-1.04738413 -1.55233215 -1.93729206  0.15298962]
[  8.38469882e-01   3.71492786e-05   2.29825578e-01  -2.10991873e+00]
[ 1.05095524 -0.38912557 -0.64421276 -0.52218069]
[-0.81608394  0.83645202  0.06914438  1.48146554]
[-1.02455325 -0.96450961  0.85640913  0.19022408]
[-1.08646976 -1.37797168 -0.49187627 -0.31787989]
[-1.03982312 -0.48560687  1.1679887  -1.76408382]
[-0.95270729  1.25446296 -0.41128794  1.05462521]
[ 1.03344748 -0.49170848 -2.17324311 -0.53111966]
[-1.11043789 -1.3172315  -1.58494542 -1.07519241]
[ 1.06333255  1.01625134  0.91527275 -0.10793491]
[ 1.05984466  0.6314547   1.05244589 -0.54276512]
[ 0.99136372  0.09916955  0.60845011 -1.35901394]
[ 1.01987996 -0.10417014  0.18931614 -1.10927637]
[-1.08641645 -0.06643618  1.25804544 -0.39185134]
[ 0.63520879  1.02731016  0.18413113  2.11185029]
[-0.9347507  -1.5012603  -0.4807202   0.71019822]
[-0.84217855  0.18883389  0.78700452  1.24099964]
[ 0.8365786  -0.88999786 -1.05864415  1.30116537]
[ 1.0064021   0.05973994  0.79393656  0.64298744]
[-1.10132609  1.48537005 -0.11677637 -0.58657011]
[-1.07000795  1.1334103   0.61442639 -1.19452118]
[-0.9613692   0.64600662  1.2710118  -2.02466734]
[-0.03539264 -0.80507926  0.59608283  2.26060775]
[-1.10226701 -1.14144887  0.26783123 -0.7680105 ]
[ 0.49679317  0.15888391  0.7235853   2.17524425]
[-1.04224954  1.67359692 -0.95162081  0.59964184]
[ 1.01578758  0.56325979  1.05507215 -1.13344784]
[-0.97028288 -1.53876144 -3.80992692  0.71231418]
[-0.50987032  0.55939672  0.26780434  2.12338591]
[ 1.05986163 -0.08938298  0.43961891 -0.45377554]
[-0.78469051  1.38691999 -0.81891165  1.68240467]
[ 0.98713572 -0.5770311  -0.33624393  0.66099562]
[-1.09539931  0.96407819  0.49171957 -0.34778392]
[-0.98495587  0.83490615  0.27659586  0.76516586]

Populations

0.0862473531924
0.376120372704
0.254167003002
0.283465271101

State labels

0
1
2
3
