Cluster centers 

[ 1.12654256 -0.12408601 -0.95212445  0.3456662 ]
[-0.98450506  0.35627687  0.1316411   1.05274497]
[ 0.84459941  0.41572417  1.86737228  0.38865157]
[-0.9708829   1.38141928  0.26406237 -0.75233046]
[-1.00084232 -1.42254297 -0.41643609 -0.42004209]
[-0.9768518   1.95453031  0.11885474 -2.40910694]
[-0.79932151  0.0595712   1.27977421  0.73809212]
[ 1.13753132 -0.37683248 -0.04961972 -0.10452583]
[-0.81189339 -1.81878948  0.48053556 -2.36365288]
[ 0.96374669 -0.28862779 -2.12841575 -0.33451805]
[-0.95980633  0.94709576 -1.15916911  1.10436928]
[ 1.09417671  1.60904355  0.85186183 -0.22428741]
[ 0.79857407 -0.80067647  1.61554819 -0.4308341 ]
[-1.0077484  -0.65708488 -0.54474997  1.25556018]
[-1.00107918  1.40131798 -0.7172631  -0.02451989]
[ 1.1492197   0.44221632  0.16074268  0.90998722]
[ 1.10030843 -0.42133284 -1.36794537 -0.71702493]
[-0.78331032 -1.55322842  0.90868725 -0.66939755]
[ 0.96074572  3.13545047 -1.81494329 -2.08003738]
[ 0.75418834  1.31836258 -2.20115206  1.44192852]
[-0.7871197  -1.2808883   1.02045982  0.12930013]
[-0.96429713 -1.07903498  0.14411588  0.61614462]
[-0.94254466 -0.75329124  0.43174822  1.0252287 ]
[ 0.86022945  1.71095787  1.71778841 -1.21529436]
[-1.00522084  1.59534654 -0.66413014 -0.54132907]
[ 1.13890408  0.65176516 -0.60717656  1.13325739]
[-0.98481214  0.81940147  0.12882559  0.48796915]
[-0.61775639  1.24503096  1.72026732 -1.33929216]
[-0.75798564 -1.92120767  0.35448576 -4.90191953]
[ 0.59655963 -0.35943549  2.16038731  0.25679788]
[-0.99100377 -1.69756852 -0.50306168 -2.11723416]
[ 1.06243756 -0.01583809  0.9361939   0.54687132]
[ 0.88295398 -0.99674098  1.14847664 -1.34762259]
[ 1.1087879   0.96344548  0.76943416  0.60903055]
[ 0.99212065 -0.61403932 -2.32447204 -3.29904002]
[-0.92421866 -0.2988162   0.62661177  1.14090445]
[-0.89118814  2.17642447 -1.82731523 -1.06022579]
[ 1.13687665 -0.62455549 -0.48650615 -1.16686182]
[ 1.14864696  2.01543265 -0.13507636 -0.26236826]
[-1.02094807 -1.46967948 -1.09050274 -1.08576676]
[ 0.91171138  2.12049667  1.40199647 -1.97130964]
[ 1.12915235 -0.68655738 -0.89692148 -1.89319823]
[ 1.04891602  0.07423027 -1.48776687  0.76826167]
[-0.96042413  0.38343019 -1.17993727  1.6256172 ]
[-0.98830731 -0.69113662 -0.01932437  1.15519037]
[-0.97702198 -0.85646844 -1.37526138  0.91188287]
[ 1.0693403  -0.48915672  0.65143201 -0.16814762]
[-1.01195669  2.0089004  -0.55517366 -1.93365225]
[-0.99182983  1.19810504  0.02687522 -0.14784632]
[-0.92953605  0.4427336   0.64491097  0.70478332]
[-1.0042582   1.06665831 -0.4802998   0.46807192]
[-0.53005762  0.49825408  2.00203259 -0.01745155]
[-1.0146866  -1.22888254 -0.98757125  0.04981768]
[-1.00217945  0.04637505 -0.56716036  1.51119637]
[-0.71022681 -1.74554009  0.95060997 -1.64754921]
[-1.00453305  1.66228441 -0.23010572 -1.11486354]
[ 1.06266833 -0.21418736 -1.55935033  0.03616662]
[-0.94775455  1.69172132  0.38991975 -1.73261341]
[ 1.03936466 -0.56789806 -1.95048804 -2.04223423]
[-0.99540013  1.94326169 -1.03324098 -1.2023293 ]
[ 1.05474138  0.61339283 -1.35753962  1.31416004]
[-0.76456296  1.85176585  1.14806668 -2.87556504]
[ 1.15188597  1.37764037  0.0409602   0.60155205]
[ 1.14116475 -0.5112493  -0.45635676 -0.66788076]
[-0.98425726 -1.30029382 -0.13072789  0.07739481]
[ 1.14934912  0.11091053 -0.38539328  0.76591354]
[-0.76638864  0.84781617  1.388898   -0.29705334]
[ 1.07124123  1.85706472 -1.10055898  0.58962244]
[-1.00305417  0.63513438 -0.43175911  1.06230658]
[-0.98063527 -1.16548472 -1.64555409 -0.08558869]
[-0.91102445 -1.84908807 -0.1172545  -3.52043861]
[ 0.15433149 -1.28703036  2.05604353 -0.81959737]
[ 1.00312694  1.05889513  1.38378319  0.19113785]
[ 1.10307846  0.41726241  0.75747778  0.77067017]
[ 0.99616652  0.39192868  1.36725543  0.59336776]
[ 1.13672128 -0.37054554 -0.82180947 -0.3152227 ]
[-0.91835638  0.91638121  0.70854058 -0.03975338]
[-0.88734841  1.38133036  0.83264612 -1.16384966]
[ 0.40151188  0.5562577   2.48998122 -0.04766794]
[ 0.07647965 -0.88939651  2.28087503  0.02266869]
[-0.91639648  1.82175344 -1.57579295 -0.27512016]
[ 1.12595833 -0.54834456 -1.07719607 -1.19500968]
[ 1.01610674 -0.45252072 -1.98569024 -1.15867745]
[ 1.12578345 -0.13785189  0.32317099  0.41723834]
[ 0.75736697  1.25374343  2.00250388 -0.5719361 ]
[-1.00110249 -1.56485733 -0.46804378 -1.12174817]
[ 1.08511279  2.5966999  -0.94375778 -1.04504907]
[ 1.09607031 -0.68242853  0.25007209 -0.91893328]
[-0.83397475 -0.10316114 -2.00666147  1.74640977]
[ 0.95840017 -0.36600909  1.31118066  0.19170069]
[-0.60751238 -0.6155033   1.75892048  0.63776358]
[-0.99003258 -0.16810097  0.00482454  1.35160881]
[-1.00988734 -1.0202662  -0.59073983  0.70333701]
[-0.95831696  1.36256127 -1.2390152   0.47161347]
[ 1.14899585 -0.17745812 -0.38559249  0.28930951]
[-0.91384883 -1.40513566  0.40215064 -0.17585772]
[-0.84546589 -0.89961299  0.93769645  0.74322218]
[-0.92908057 -1.61475846  0.17365356 -1.05936081]
[-1.00161531  2.29309652 -0.40054225 -3.27018348]
[-0.9817004  -0.46326368 -1.16070722  1.497598  ]

Populations

0.0175847473987
0.0153407353971
0.0081336957552
0.0151223607741
0.0163848083782
0.00547281844333
0.0100167783729
0.0197620295732
0.00719094579633
0.00649539379155
0.0079875948556
0.00730006664053
0.0102552220631
0.0146609823764
0.0114690012595
0.0192746221355
0.0130139959489
0.010007054274
0.000515672136318
0.00249709318674
0.0117001416196
0.0171087689997
0.00945725018677
0.00405265732462
0.0129069102712
0.0126713236225
0.0177250470814
0.00420105163213
0.0006617096933
0.00928109515137
0.00865298330822
0.0142613672509
0.00473377751643
0.00999847877547
0.00244253016975
0.0136062166671
0.00207890798136
0.00768525907908
0.00215670101694
0.00660029228518
0.00315608667371
0.00602418465307
0.0123101075783
0.00691717692353
0.0142211492241
0.00656997040134
0.016885884011
0.0102738191323
0.0193741234635
0.0139336019232
0.0140294631623
0.00290501837628
0.0141427403675
0.0149135763836
0.00740717742583
0.0148270904386
0.0123083865961
0.0104621440399
0.00636421632572
0.00737344951903
0.0066886089816
0.00355897724737
0.00537108417291
0.013262411325
0.0145592816952
0.0199227172365
0.00603340121361
0.00295397370828
0.0160121844337
0.00374869407971
0.00271952260063
0.00695370013002
0.00713458070644
0.0127022055745
0.0116857715691
0.018271763811
0.0161461492792
0.00979944624011
0.00332665956774
0.00691600582598
0.00406107812653
0.0098905671176
0.00782351341934
0.0248838684939
0.00561710099694
0.00999718037844
0.00100383701323
0.0099833353946
0.00250568498396
0.0135235586425
0.00648624654063
0.0156385549865
0.0179806108954
0.00678994344928
0.0178969290573
0.0157634627649
0.011986984987
0.0132329130869
0.00358290066401
0.00871713479346

State labels

0
1
2
3
4
5
6
7
8
9
10
11
12
13
14
15
16
17
18
19
20
21
22
23
24
25
26
27
28
29
30
31
32
33
34
35
36
37
38
39
40
41
42
43
44
45
46
47
48
49
50
51
52
53
54
55
56
57
58
59
60
61
62
63
64
65
66
67
68
69
70
71
72
73
74
75
76
77
78
79
80
81
82
83
84
85
86
87
88
89
90
91
92
93
94
95
96
97
98
99
