Cluster centers 

[-0.80168018 -1.11077532 -1.04411332  0.34228355]
[ 1.42835649  1.09337875  0.38152485  0.67722072]
[-0.75305036  1.13829547  0.47335473 -0.43573443]
[ 1.3913489  -0.35746144  0.28374596 -0.03631353]
[-0.79312488 -0.2287021   0.05288246  1.2844711 ]
[-0.5152594  -1.60068036  1.17711264 -1.3466906 ]
[-0.57002171  1.41947785  1.32641003 -1.71049665]
[ 0.54876394 -0.35043042  2.49165652  0.23357814]
[-0.67296311  1.02381813 -1.54199722  1.0075812 ]
[ 1.3216283  -0.54788844 -2.09312882 -1.01654422]
[ 1.42328772 -0.36360924 -1.06018033 -0.18511459]
[-0.69738547 -1.33979727  0.68267795 -0.26693192]
[-0.79527248 -0.78862032  0.02275203  0.92953956]
[ 1.42591649  0.42181904 -0.89558692  1.08496907]
[-0.82145272 -1.57527342 -0.81633263 -1.38216383]
[-0.35255526  0.26999357  2.09922677  0.34593165]
[-0.80943215 -0.95724685 -0.50747035  0.7165198 ]
[-0.06828105  1.06738547  2.35609344 -0.95110266]
[-0.79271752  1.6716814  -0.27481765 -1.60450073]
[ 1.27885716  0.11359404  1.22832906  0.54868473]
[-0.69118644  0.4477937   0.99930301  0.58343579]
[-0.77491598  0.65680623 -0.76522207  1.11892923]
[ 1.29196046  0.67216195 -1.80639449  1.35685699]
[ 1.36089883  1.92501974  0.82239477 -1.00237596]
[ 1.048031   -0.43026587  1.81166352  0.02711727]
[ 1.38664861 -0.08699453  0.49155113  0.43646217]
[ 1.23329954  2.75154335 -2.25910603 -1.58958088]
[ 1.31955478 -0.24523798 -1.93964144  0.1777447 ]
[ 1.4270946  -0.60734662 -0.69575355 -0.99154458]
[-0.79464744  1.44822293 -0.32942341 -0.79023726]
[-0.7759514  -1.47819567  0.03736919 -0.71524016]
[-0.64532648  1.20659584  1.1073617  -0.94879446]
[-0.6744016  -1.90393952  0.10443486 -3.84684136]
[-0.78962226  0.87376993 -0.01528792  0.40527353]
[ 1.3261652  -0.7509127   0.46624762 -1.11863273]
[-0.77530922 -0.85358492  0.28467443  0.80937936]
[ 0.57229702 -0.86653868  2.33546024 -0.36726723]
[-0.70733547 -1.02042451  0.75664718  0.46383271]
[-0.78396084 -0.75844521 -1.04846701  1.05835335]
[-0.79272391 -1.30809317 -1.36406641 -0.38403025]
[ 1.43927774 -0.09224886 -0.45931351  0.46036794]
[ 1.35701854  1.50719908  0.9273256  -0.12890807]
[-0.79402284  1.23556507 -0.24728623 -0.24486548]
[-0.81513301 -1.26675631 -0.59034489 -0.04648001]
[-0.66843263 -0.29918365 -1.73836767  1.56548179]
[ 1.14266527  0.91325591  1.80491771  0.1766534 ]
[ 0.46687207 -1.22172197  2.1320872  -1.20601267]
[-0.7050848   1.1258165   0.83901546 -0.60007466]
[ 1.44070943  0.24609254 -0.06124376  0.83296501]
[-0.76443609  1.41142501  0.27088201 -1.08386472]
[ 1.27244621 -0.38141787  1.05987712  0.00237712]
[-0.67442659 -0.89879798 -1.99874394  0.68335044]
[ 1.41107607 -0.09318245 -1.18375351  0.49673046]
[-0.7566854  -0.09119175  0.55981906  1.12854065]
[ 1.40736397 -0.52003059 -1.37505074 -0.78755472]
[-0.72118734  1.29299543 -1.3378989   0.35504753]
[ 0.07957485  1.68847571  2.10694916 -2.55847583]
[-0.79135878  2.10446347 -0.9689033  -2.99085081]
[-0.65023487 -0.70271376  1.14590856  0.77103564]
[ 1.32835286  0.81290601  1.11978486  0.57289068]
[-0.73416681 -1.62867219  0.2640762  -1.38139052]
[-0.43046513 -1.24953391  1.63452241 -0.27085952]
[ 1.4430678   2.00194661 -0.24572267 -0.44320887]
[-0.75053056  0.78348888  0.56278596  0.27301023]
[ 1.10760985  1.8368979   1.72124177 -1.59536747]
[ 1.32541698 -0.78199527 -2.29429652 -2.82982885]
[-0.81782755 -1.46421168 -0.62297616 -0.77063685]
[-0.42704397 -0.63262522  1.85409056  0.57345855]
[-0.73307191  1.9738231   0.22100999 -3.41920058]
[ 1.4149679  -0.73987373 -1.14866747 -1.82754609]
[-0.77628662  0.34451137  0.31915129  0.97108254]
[-0.78139696  1.07066458 -0.70896911  0.41937136]
[-0.78866439 -1.75298549 -0.30415433 -2.33180903]
[-0.73153988  1.69527974  0.43311379 -2.22529854]
[ 1.28527732  1.88249709 -1.64269385  0.50070288]
[ 1.44838152  0.93075685 -0.320119    1.0259877 ]
[-0.79468421  0.19111934 -0.38493939  1.35809885]
[-0.75975639  1.83450752 -1.18909604 -1.43499739]
[-0.77581356  1.44250557 -0.90106848 -0.3557999 ]
[-0.80364647 -0.69309316 -0.20756811  1.08317039]
[ 1.02176094  0.25825264  2.062734    0.4325637 ]
[-0.78441928 -1.30521303  0.04150829 -0.12089196]
[-0.51958386  0.8351522   1.66258323 -0.31687979]
[ 1.4335045  -0.36922658 -0.42702441 -0.1494225 ]
[ 0.55658865  0.54626125  2.65798732  0.04954661]
[-0.64639379  0.0214063   1.24568358  0.84166116]
[-0.75911468  0.02326914 -1.01897641  1.57632232]
[-0.79396611  0.6528378  -0.20687483  0.85437125]
[-0.75587328 -0.55406751  0.52628652  1.0529303 ]
[-0.68949728  0.83573529  0.98063292 -0.02386937]
[-0.82841528 -1.6787818  -0.96051623 -2.1373291 ]
[-0.80141117 -0.46335352 -0.46851386  1.32494617]
[-0.5899087  -1.78337428  0.68727536 -2.39454712]
[ 1.39757129  0.36482045  0.58426182  0.79093762]
[-0.66651638  1.66774536 -1.74675082 -0.3240882 ]
[ 1.09924702 -0.82855296  1.41991737 -0.89376836]
[ 1.05730887  1.40244033  1.94566909 -0.66746341]
[ 1.40617815 -0.5449529  -0.06108377 -0.58989906]
[-0.78545104  1.10538943  0.08550588 -0.13183906]
[-0.78841484 -1.08508382  0.05240188  0.43404836]

Populations

0.0092599804606
0.0143013859445
0.00891174231376
0.0255121357722
0.0120622348898
0.00680087967901
0.00393157890618
0.00649889579377
0.0051866957181
0.0151850608004
0.0268162348954
0.0128571267035
0.00564971362682
0.0197049415012
0.00556186391541
0.00318184263446
0.0107618747328
0.001762540689
0.0127660253905
0.019267624764
0.00823677824718
0.0115349423895
0.00796693442196
0.00328138095768
0.0136714886596
0.0260064904243
0.00155955169807
0.0152031360011
0.0182080271582
0.0140627605208
0.0136710560912
0.00504404278646
0.00187475076319
0.0119926466733
0.0118343258947
0.00709537487248
0.00748146448609
0.0104964209236
0.00725757618382
0.00595018949735
0.026897089615
0.00805790152765
0.0101697499645
0.0111229443758
0.00447834772561
0.00928337682753
0.00441282301213
0.00436620536547
0.0250644003694
0.0136313833228
0.0194792747427
0.00190795940316
0.0189814792106
0.00805147567852
0.0229077406825
0.00512391131698
0.000845945940103
0.00309810679134
0.00701551635929
0.0169485151035
0.00948758052176
0.00618588954468
0.00208229770843
0.00988602695499
0.00473039390017
0.00688591303059
0.010019281247
0.00558279658459
0.00202689398798
0.0105632786773
0.0135484229301
0.0103165490178
0.00507970594575
0.00601682930767
0.00364423525411
0.0121314805246
0.0131927352609
0.00877346434374
0.00983412789573
0.0085902328789
0.012429787961
0.0119813383797
0.0039926222819
0.0242341018437
0.00366103871719
0.0081022312521
0.00897598620038
0.0124656264647
0.00904507913094
0.00582975479431
0.00211974812829
0.0114486810748
0.00450694748818
0.0199080664323
0.00283116499642
0.00604778548342
0.00645302381997
0.0174585356496
0.00948367307437
0.0101928061936

State labels

0
1
2
3
4
5
6
7
8
9
10
11
12
13
14
15
16
17
18
19
20
21
22
23
24
25
26
27
28
29
30
31
32
33
34
35
36
37
38
39
40
41
42
43
44
45
46
47
48
49
50
51
52
53
54
55
56
57
58
59
60
61
62
63
64
65
66
67
68
69
70
71
72
73
74
75
76
77
78
79
80
81
82
83
84
85
86
87
88
89
90
91
92
93
94
95
96
97
98
99
