Cluster centers 

[ 0.973464   -0.24699279 -0.71028441 -1.9479718 ]
[ 1.13419275 -0.27683908  0.06320627 -0.22828445]
[-0.91765427 -0.38390002  1.09403584  0.57574346]
[-1.0185279   1.01458399  0.47781023 -0.48434751]
[ 1.05559648  0.63901116  0.8070241   0.94700601]
[-0.92598871 -1.57276876 -2.25652415  0.38731217]
[-1.01779651  1.97176839 -0.94852092 -0.72105928]
[ 0.76389688 -0.78098342 -0.18659344  1.7292353 ]
[-0.78018565  1.49563038 -1.0352139   1.47045904]
[-1.01844844 -1.42631545 -1.21783593 -0.44468291]
[-0.95660119  0.12289528  1.43366433 -1.5177145 ]
[ 0.9675137   0.69169533  1.17519685 -1.78434077]
[-1.01724978 -0.94789553  0.68182826 -0.95813244]
[ 1.05729545  1.4744977   0.18248351  1.01835755]
[ 1.12266199 -0.4783238  -1.34008988 -0.58266342]
[ 1.08771463 -0.28442825 -0.52070858 -1.26151562]
[-0.2555467  -1.3863444  -0.54290026  1.99709849]
[-0.99697078  0.30938935  1.01258895 -0.02811145]
[-0.84091729 -1.23449041  0.30237755  0.84309941]
[ 1.12267805  0.23649071  0.87819317  0.29279215]
[-1.02244982  2.04869205 -1.48582772 -0.05189214]
[ 0.40690424  0.63244389  0.28642574  2.4752207 ]
[ 1.07731654  1.9784465   0.36738258 -0.94554661]
[-0.36527519 -0.17472978 -8.2224721   1.63937852]
[ 1.09986953 -0.37658285  0.03761252  0.3617228 ]
[ 0.98747376  1.8236241  -0.46456676  1.39328421]
[ 0.94329689 -0.06892379  0.67012739  1.37122544]
[-0.99396664 -1.39283856 -0.53680149 -0.13227116]
[-0.9887982   1.27004517 -0.19523509  0.27829462]
[ 0.97675591 -0.31691806 -1.9515493  -1.95683514]
[-0.6422825  -0.75923172  0.81793465  1.57516987]
[-0.99749942  0.71028494  0.63323661  0.04153179]
[ 0.58699107 -1.10406924 -1.15365847  1.92756746]
[ 0.63455519 -0.52220518  0.44378804  2.03945752]
[ 1.13361208  0.24043841  0.90139897 -0.6274731 ]
[-0.98814398  1.16175233  0.57438265 -1.15471055]
[ 1.13070967 -0.4217119  -0.62142364 -0.37845973]
[-0.75746042  1.00201709 -0.22098106  1.48438579]
[ 1.00193862 -0.41540884  0.22984895  1.03319276]
[-1.01510746 -0.64719645  1.12613403 -0.57383827]
[ 0.86016191  0.72588474  0.51627338  1.76879798]
[ 0.99366376 -0.05418088  0.28431487 -1.82421787]
[-0.89185748  2.19689596 -0.75298906 -1.73726196]
[ 1.10581713 -0.46910649 -2.28252178 -0.84682495]
[-1.02760973 -1.28335122 -0.39469842 -0.76081962]
[-0.99089966 -1.06257853  0.07015546 -1.5140605 ]
[-0.88966657  2.38222616 -2.91428307  1.17599959]
[-0.83145615 -1.50586024 -0.73247747  0.84853367]
[-1.01425785  2.45056097 -2.5635071   0.1605987 ]
[-0.74725719 -1.61253892 -1.7393884   1.09737661]
[-0.48077217 -0.30102802  0.79561037  1.97861416]
[ 1.13950477  1.50425414  0.52966888  0.08796487]
[-0.95720616 -0.64815895  1.02585702 -1.67627526]
[-0.71550602 -1.61096503 -2.83060977  1.10856209]
[-1.00776569  0.58816911  1.06603935 -0.89147286]
[ 1.02196137 -0.31448192 -3.36405306 -1.5880313 ]
[-0.96955948 -1.09049526  0.57580568  0.10380998]
[ 1.14076943  0.58773468  0.99828805  0.00229501]
[-0.95037439  1.47489929 -0.6934421   0.65163694]
[-0.92575881  0.40287499  0.73063478  0.64654243]
[-0.94421518 -1.52346154 -1.25637103  0.27808247]
[-0.92848623  0.89160707  0.18004614  0.70950586]
[ 0.92611993  2.94951403 -0.99203058 -1.67489584]
[ 1.11901694 -0.36384708 -0.71431728 -0.85888263]
[-1.01358879  2.37751318 -1.79621765 -0.75913738]
[ 1.05589132 -0.34528197 -1.33188547 -1.50222097]
[-1.02274382 -1.45293726 -2.17062903 -0.46552648]
[-1.02010763  1.33312073 -0.0167424  -0.3556116 ]
[-0.53247803 -1.27918245  0.08576489  1.72605584]
[-0.97758912  1.828402   -1.29936678  0.49574852]
[-0.80573756  1.99151759 -2.03011721  1.40173772]
[ 1.11602269  2.45794548 -0.56688272 -0.36872646]
[-1.02030796  1.64928398 -0.63594788 -0.16379117]
[-1.00893309  1.59215807 -0.18246289 -0.86815511]
[ 1.11769268  1.08765585  0.72512799  0.50270499]
[ 1.11235565 -0.20608767 -0.00711142 -0.98589894]
[ -9.87169239e-01  -1.45554249e+00  -3.70551911e+00   1.92042579e-03]
[-0.93420621 -1.35345767 -0.11851328  0.34540322]
[ 0.92416172  2.29605313 -1.41547618  1.62106897]
[ 0.25119951 -0.91940127  0.14708075  2.32236235]
[-0.98646408 -0.74658728  1.03526473 -0.03277926]
[-1.01419039 -1.22226775 -0.76407066 -1.3833024 ]
[ 0.51897255  0.01252941  0.67911733  2.21942751]
[-1.01151993 -1.1615218   0.2956558  -0.41522902]
[-1.0032302   1.05833456  0.21142228  0.04113668]
[ 1.1344342  -0.1143856   0.37635644 -0.60354957]
[-0.79786195 -0.00196306  0.84922604  1.21728949]
[-1.01630914  0.57118598  0.93735526 -0.45158046]
[-0.98907345 -0.1030259   1.19296068  0.01062262]
[ 0.67274865  1.47023161 -0.47836264  2.18618592]
[ 1.09312716  0.07092831  0.65165215 -1.19946628]
[-0.56987056  0.53291265  0.27423997  1.91204642]
[-1.01191186 -0.07928887  1.3516571  -0.80952437]
[-0.9179838   1.07036954  0.92977174 -1.71891549]
[ 1.08022301 -0.06331446  0.64059161  0.64913249]
[ 1.13725475 -0.02452317  0.61718958 -0.10407528]
[-0.88355366 -0.90975422  0.8332313   0.69232879]
[ 1.12995849  0.91047374  1.07359704 -0.61303181]
[ 0.97857309 -0.69759273 -0.61059459  1.04212807]
[ 1.09514    -0.56499351 -0.79857458  0.27075717]

Populations

0.00832063224081
0.0197104125696
0.0127155513866
0.0126226441149
0.014443690261
0.00838114199972
0.00954103724251
0.00913974118945
0.00634829292654
0.0134234733073
0.00685176926243
0.00660014416726
0.0144967583338
0.00780263358095
0.0126695893723
0.0122565993911
0.00398527797271
0.0126146357444
0.0123701877058
0.0135248749606
0.0111062782184
0.00281852782319
0.00277352619854
0.0016285119912
0.0228182680482
0.00456094438429
0.0144625313646
0.0178784236987
0.0143532581438
0.00578743739949
0.00539100020668
0.0129569734475
0.00446366932316
0.00730311083975
0.0141200716493
0.00842134633386
0.0169842003016
0.00628672978364
0.0141579336996
0.0188936908796
0.00867010317872
0.0109659818667
0.00325235673617
0.00615267673015
0.0151141333907
0.00714700055859
0.00154108216762
0.0121961578659
0.00555103084986
0.00712492078633
0.00265265837173
0.00390015946137
0.00807864542365
0.00297070320029
0.0109096784743
0.00268302218655
0.0150735224667
0.0107796798062
0.0137418219341
0.0124274209257
0.0122029422597
0.0149160835938
0.00104731576383
0.0142496855371
0.00494680673451
0.0110608140269
0.00577292391531
0.0123422534653
0.00543775708662
0.0111303850352
0.00386359031721
0.00141064854612
0.0168869845801
0.0125865484558
0.00716506934881
0.0189657397739
0.00240672400216
0.01749013375
0.00296726901371
0.00636101180556
0.0166354037867
0.00478951082432
0.00507669455184
0.0210607191682
0.0118111255577
0.0150200379691
0.0080409457634
0.0113729298831
0.0157621461548
0.00475456706269
0.01373662485
0.00339828977838
0.0167194918263
0.00400286661836
0.0184115334529
0.0194364195715
0.01115345496
0.00735375849131
0.00887576559614
0.0134587492751

State labels

0
1
2
3
4
5
6
7
8
9
10
11
12
13
14
15
16
17
18
19
20
21
22
23
24
25
26
27
28
29
30
31
32
33
34
35
36
37
38
39
40
41
42
43
44
45
46
47
48
49
50
51
52
53
54
55
56
57
58
59
60
61
62
63
64
65
66
67
68
69
70
71
72
73
74
75
76
77
78
79
80
81
82
83
84
85
86
87
88
89
90
91
92
93
94
95
96
97
98
99
