Cluster centers 

[-1.04803883 -1.45778991 -2.46382622 -0.42652242]
[ 1.04965765 -0.33195688  0.23088023  0.54721105]
[-0.77335693  0.34286043  0.50537319  1.42989925]
[-0.9957024  -1.28073199  0.14935765  0.11755989]
[-1.05621519  1.25588611  0.09915266 -0.25373162]
[ 1.10166811  0.02324197  0.65491418 -0.44310341]
[-0.94592005  1.90526281 -1.67152301  0.92953888]
[ 0.96109472 -0.16930087 -0.3372544  -1.81823691]
[ 0.40731753 -0.38458185  0.54596334  2.23203004]
[ 1.01785137 -0.3322461  -2.0449991  -1.49950393]
[-1.04623715 -0.53407794  1.23293286 -0.39918171]
[ 0.98543174  1.62973327 -0.16363401  1.27056419]
[ 1.10271036  1.24858917  0.83357299 -0.14337755]
[-0.85444169 -1.56555394 -1.04655042  0.77935503]
[ 1.09364805 -0.41408307 -0.5964813  -0.35829031]
[-1.04138169  0.2588226   1.09824235 -0.1540768 ]
[-1.06057042  2.73148631 -3.12644485  0.0150075 ]
[ 0.91471335  2.21944296 -1.28725985  1.56648594]
[-1.0555259  -1.17112561  0.22795638 -0.61906068]
[ 0.94684534 -0.64754948 -0.30530127  1.04965635]
[-1.02749168 -1.36271633 -0.32209721 -0.17391546]
[ 1.0607892   0.14173798  0.79744815  0.59497196]
[-0.98665203  1.13039764  0.85118231 -1.43790617]
[  0.78537838   3.07278692 -15.19458887   1.10046078]
[ 0.88283143 -0.22809289 -1.33420636 -2.19532115]
[-0.95608125  1.52780794 -0.88606297  0.84446089]
[ 0.87168065  2.54618282 -0.06299224 -1.65255881]
[ 0.95207154  3.43505502 -2.02153253 -1.1847372 ]
[-0.2372514  -1.33336485 -0.27311884  2.06917445]
[ 0.77910462  0.62297814  1.2822881  -2.29946101]
[-0.87329229 -0.5790354   0.97773747  0.93763138]
[ 1.09801294 -0.22095215  0.10674949 -0.49386221]
[-1.0321433   1.32585711 -0.2397796   0.21413789]
[-1.01541554 -0.51080821  1.27940673 -1.46887424]
[ 1.05320201  0.16311665  0.81264563 -1.1603802 ]
[ 0.97734614  0.16571539  0.76386024  1.14610641]
[-1.0442813   2.29902935 -1.38149405 -0.91674595]
[-1.01350285 -1.46415619 -0.91051601 -0.05624102]
[-0.91380407 -1.48002497 -4.05504874  0.39463761]
[-1.05415406  1.10407779  0.51921738 -0.68948208]
[-1.04105305  0.78959694  0.59653325 -0.03533798]
[ 0.92504583 -0.21223702 -3.19778623 -2.01144868]
[-0.99701871 -0.88906117  0.92723589  0.15633469]
[ 1.06617309  0.829019    0.80967285  0.65424833]
[ 1.0712016  -0.25447161 -0.29611687 -1.01489852]
[-1.04161021  1.54131795  0.04878414 -0.95791195]
[ 0.26346428  1.71040797 -1.35240816  2.47014738]
[-1.02871894 -0.91129333  0.60204436 -1.46472062]
[-1.05358145 -0.91939513  0.83680567 -0.65066208]
[ 0.9605651  -0.37441084  0.3370328   1.09356266]
[ 0.12927201 -1.36807412 -1.17539837  2.05165365]
[-1.05278398  2.35303132 -2.19350988  0.08760153]
[-1.00415842 -0.10998783  1.16168229  0.23036739]
[-0.86620429 -1.61301012 -2.67107105  0.67130792]
[ 1.08697779  2.30496049 -0.37089617 -0.11929181]
[-0.88336747 -1.22275357  0.3711379   0.77238992]
[-1.06230718  1.72767341 -0.55136287 -0.46159922]
[ 0.6958111  -0.83773923 -0.21283234  1.78206764]
[ 0.93925738  0.02280185  0.44331096 -1.87770789]
[-0.70104259  1.13428199 -0.58636802  1.75029072]
[ 1.00861722  0.90069937  1.25614351 -1.3475381 ]
[ 0.93099129  0.76563893  0.57656356  1.43154021]
[-0.99122824  0.35856245  1.45128872 -1.49894422]
[ 1.07716854 -0.56610805 -1.36311538 -0.08860853]
[-0.93487712  1.11526888 -0.22736339  0.89953739]
[-1.0524339   0.59754539  1.03487692 -0.65795128]
[ 0.39652636  0.56353976  0.28047319  2.33923648]
[ 1.0925587  -0.1218405   0.49959486  0.09876555]
[ 0.73214876  1.34485176 -0.29265069  2.05907044]
[-1.04988524 -1.13821197 -0.18285706 -1.34292848]
[-1.06070318  2.08581464 -1.48569522 -0.07619132]
[-0.91146493 -1.45757246 -0.41378593  0.58495759]
[ 1.07725118 -0.36346936 -0.90307348 -0.9176907 ]
[ 1.09498523  0.52461284  1.08214045 -0.60537439]
[ 1.07973275 -0.40497884 -0.15791014  0.13895017]
[-0.80471305 -1.63060069 -1.79236321  0.92470542]
[-1.06360941 -1.3024828  -0.53691622 -0.7897836 ]
[ 1.10253646  0.37371411  0.95279106  0.04301198]
[-0.96956842  0.27319552  0.85626138  0.56032607]
[-0.63418104 -0.80540473  0.70984516  1.62756455]
[ 0.81069864 -0.18911332  0.55501135  1.68417373]
[-1.06502115 -1.37035068 -1.2479267  -0.79116303]
[-0.9883607   1.97192193 -0.39911693 -1.3890756 ]
[-1.00655465 -1.11421159  0.56973777  0.04456595]
[ 1.01937073 -0.29130057 -1.06950934 -1.50514292]
[ 1.07699284 -0.42642911 -1.57204117 -0.86649752]
[ 0.31667236 -0.93435966  0.08896027  2.23108253]
[-0.68602274 -1.39900177 -0.1198298   1.38534828]
[-0.74231735  2.19393807 -2.57709978  1.54597424]
[-0.97896622  0.81292835  0.31341056  0.58654608]
[-1.05007236 -0.08683099  1.38588075 -0.81728733]
[-1.01473844 -1.51379942 -1.66385192 -0.07727965]
[-0.9993126  -0.52498376  1.16910404  0.20759385]
[ 0.80379261 -0.95209566 -1.18077069  1.43285917]
[ 1.02417678 -0.65626366 -0.90123402  0.5547455 ]
[-1.04551351  1.74139921 -0.91292477  0.12667072]
[ 1.07340869  1.5275569   0.29577019  0.61411803]
[ 1.0709949  -0.45747711 -2.582353   -0.77928329]
[ 1.0289445   1.77974532  0.70230492 -1.01754697]
[ 1.06132553 -0.10078177  0.2469603  -1.12287738]

Populations

0.00575881908867
0.0162484351651
0.0083378998249
0.0132671497036
0.015225870584
0.0192985944599
0.00848205238066
0.0101899763036
0.0064713721764
0.0064180044784
0.0183018875392
0.00568901865728
0.00504776263452
0.00917470521459
0.0188530154171
0.0166358159493
0.00253190391534
0.00352802364567
0.0172273708427
0.00919837643032
0.0147898348276
0.0170169992978
0.00651127401683
0.00511419563295
0.0108722314689
0.00128341526187
0.000424941185948
0.00376656923552
0.00283520992431
0.0125814892189
0.0213538202141
0.0170224326964
0.0101272392033
0.011863331279
0.0129961443333
0.0076385371353
0.0157557157245
0.00205032035352
0.0121010571872
0.0184782024267
0.00281129178092
0.0134661407866
0.0117414247666
0.0171530471586
0.00985481997881
0.00241247248478
0.00757248887927
0.0185958048669
0.01267959283
0.00421835716513
0.00661861008812
0.0110550374364
0.00577567967294
0.00223595436816
0.0133733552496
0.0173860483873
0.00931473337425
0.00782075831587
0.00547449195933
0.00471056189959
0.0107677811913
0.00642513741135
0.0079626597424
0.0109696260997
0.0151543864955
0.00487782507091
0.0200955923455
0.00548552844927
0.00821580443819
0.0104544057488
0.0129331113396
0.0137754074215
0.0110315955834
0.019085610585
0.00741189169133
0.0117951740394
0.0162391459714
0.0146225892453
0.00628743653758
0.011662912594
0.00876248520743
0.00495420140471
0.0134673944987
0.0111273600049
0.00843632607186
0.00663488038269
0.00684475121902
0.00281398242074
0.0162267692103
0.0149399178898
0.00990513770644
0.010763302832
0.00377782657179
0.00860180362344
0.0146882700339
0.00607896779597
0.00332510440375
0.0024258568338
0.0162323534026

State labels

0
1
2
3
4
5
6
7
8
9
10
11
12
13
14
15
16
17
18
19
20
21
22
24
25
26
27
28
29
30
31
32
33
34
35
36
37
38
39
40
41
42
43
44
45
46
47
48
49
50
51
52
53
54
55
56
57
58
59
60
61
62
63
64
65
66
67
68
69
70
71
72
73
74
75
76
77
78
79
80
81
82
83
84
85
86
87
88
89
90
91
92
93
94
95
96
97
98
99
