Cluster centers 

[-1.05887293 -0.17409929  1.22157257 -0.00968235]
[ 1.0275235  -0.41625476 -0.02437881  0.3404734 ]
[  0.74988594   3.01981124 -15.27006978   2.26772542]
[-0.81204563  1.42907819 -0.89908777  1.60930947]
[-0.82423303 -1.59595609 -0.92135037  1.10754261]
[ 1.02448096  0.5647851   1.04021674 -1.03224372]
[ 0.92167117  0.64334942  0.76752657  1.23854724]
[-1.06230662  1.9167416  -0.54748002 -1.11553311]
[ 1.02214499 -0.24063145 -0.29016545 -1.052801  ]
[-1.07739001 -1.50668922 -1.52591074 -0.12123681]
[-1.09799918  2.59009116 -2.75236714  0.19755903]
[-1.09962859 -1.19882813  0.14744728 -0.63812778]
[-1.09500207 -0.67438957  1.09029337 -1.08357117]
[-0.0045052  -0.69757576  0.6592255   2.29848442]
[ 1.03860824 -0.4441459  -1.36942613 -0.67399548]
[-0.99048596  0.736355    0.39797883  0.71725726]
[-1.08418373  0.38833395  1.01379383 -0.24023288]
[-0.86136753 -0.76475497  0.95805947  1.02980374]
[ 1.02330667  2.40320031 -0.44704974 -0.33457916]
[-1.09657232 -1.47856776 -2.46099992 -0.28846933]
[ 1.05287422  0.16316179  0.8402824   0.14565617]
[ 0.99967026  0.039406    0.49548355 -1.28905606]
[ 0.71687691  1.24012231  0.01469284  1.96803874]
[-1.10211874  1.78896881 -0.82899705 -0.15218444]
[ 0.89438595  3.29044641 -1.77862773 -1.11732777]
[-1.07524969 -0.98867752  0.28946645 -1.51728134]
[ 0.90300613  2.12852988 -0.96652898  1.532652  ]
[-1.06515374 -0.84741399  0.98640091 -0.14348263]
[ 1.04667792 -0.51243517 -0.8726646  -0.07225109]
[-1.03163027 -1.4975203  -0.80013206  0.19662199]
[ 0.92075848 -0.64851314 -0.23722763  1.02750932]
[ 1.0145184  -0.43211996 -2.22297651 -0.88501987]
[-0.99951727  1.22505918 -0.28123146  0.78293371]
[ 0.60362983  0.26343787  0.70384418  2.03888557]
[ 1.01329389 -0.23424066  0.46562568  0.53219559]
[ 1.03896962 -0.13885477  0.1730656  -0.88570968]
[-1.03771543  0.06867572  1.41236848 -1.65154242]
[ 1.04009145  0.81592421  0.87594418  0.44688621]
[-0.85764045  0.89131371  0.01374287  1.35827297]
[-0.98466121 -0.61378686  1.11173613  0.48746579]
[ 0.16046838 -1.32628067 -0.82544421  2.12838455]
[-1.05978949  2.04121065 -1.67769961  0.56139759]
[-1.08790777 -1.38583112 -0.5395639  -0.33320644]
[ 0.84602785  0.71545207  1.16523817 -1.98439213]
[ 0.84293092  0.01510654  0.2770745  -2.08943365]
[ 0.84917712 -0.87200374 -0.97677469  1.26769234]
[-0.65889727 -1.40682774 -0.02362975  1.5276351 ]
[ 0.91843979 -0.30623566 -1.80019476 -1.67254008]
[-1.08748909 -0.5400081   1.22088442 -0.45258709]
[-1.1034499   2.25841207 -1.58840918 -0.44933408]
[-0.84385301  0.2043716   0.76486098  1.24857474]
[-0.96436936 -1.60888508 -1.55474412  0.61104608]
[ 0.70544545 -0.84046635 -0.16428883  1.70311673]
[ 1.00126426 -0.61220219 -0.64072309  0.53573015]
[-1.09349254  0.55110945  1.07065912 -0.86797752]
[ 1.06465325  0.55896287  1.01554243 -0.29897131]
[ 1.05860382  0.0585337   0.66878033 -0.54039237]
[ 0.86986746 -0.23399096 -0.99136409 -1.94538575]
[-0.95314557 -1.46905259 -0.33747637  0.6097438 ]
[-1.07416709  1.11303621  0.13236252  0.11835176]
[ 0.88955708 -0.08204459  0.74241225  1.26104704]
[-1.10181912  1.41420613 -0.03482144 -0.52446436]
[-1.05791856  0.67518346  0.63175517  0.19080827]
[-1.11001409 -1.37306148 -1.16718629 -0.75749143]
[-0.62995932 -0.77285536  0.81580684  1.66705268]
[-1.00284503  0.11324359  1.00317172  0.49358772]
[-0.6201894  -1.65712765 -1.91706294  1.53462726]
[-1.04358794 -0.64034736  0.99267976 -1.763098  ]
[ 1.05758581  1.51979135  0.58201071 -0.1497272 ]
[ 0.9465326  -0.18054057 -0.35731246 -1.62149796]
[ 1.05584603 -0.16813201  0.40588541 -0.03739086]
[ -1.05128457e+00  -1.29048362e+00   1.34067063e-01  -5.25812205e-04]
[-0.8539116   2.10666481 -2.24534432  1.56050435]
[-0.53909507  0.5355978   0.28416387  2.05254303]
[ 0.87289392  1.93358401  0.56852021 -1.56553002]
[-1.10410018 -1.21960588 -0.38646832 -1.11349286]
[ 0.27127089 -1.05528538  0.03565114  2.19280283]
[ 1.05171477 -0.399471   -0.26514074 -0.0735521 ]
[ 0.99698462  1.49076141  0.22057452  0.92407894]
[ 0.90529897 -0.27969016 -3.26350754 -1.56900394]
[-1.09436194 -0.07826197  1.33803523 -0.85267461]
[-1.00790726  0.98792134  0.96775197 -1.69293466]
[-1.0959483  -1.00439611  0.68432796 -0.63097063]
[-0.94917626 -1.63014961 -2.52094536  0.71907438]
[ 0.58870967 -0.53126997  0.54594393  1.96768094]
[ 1.05767656 -0.24458924  0.05377198 -0.43417411]
[-1.07696937  1.21809103  0.48760318 -1.11156027]
[ 1.05008231 -0.37822395 -0.60877015 -0.56024947]
[-0.92700119 -1.26984964  0.36081428  0.71500244]
[-1.03603162  1.64244183 -0.92754716  0.64357943]
[-1.09618325  0.90308138  0.58083834 -0.38691052]
[-1.02380897 -1.08243176  0.687813    0.19706833]
[ 1.00882789 -0.33500865 -0.98866069 -1.12899347]
[ 0.95121431 -0.43970509  0.23952463  0.91548687]
[-0.94487921 -1.53351999 -3.93334229  0.7540163 ]
[-1.0800566   1.42606876 -0.34702797  0.15266822]
[ 0.82234489 -0.46814406  0.42469673  1.44628794]
[ 0.38848787  1.78507566 -1.20367717  2.52582542]
[ 0.99904211  0.15412381  0.84686945  0.7232052 ]
[ 1.02208578 -0.6413991  -1.50592705  0.22828941]

Populations

0.0141566100016
0.0137682924351
0.00703120052528
0.00671754144201
0.0117291891148
0.0134896398758
0.0111391168518
0.0141092093423
0.0100859871591
0.0052944761005
0.0144921735388
0.0117686882236
0.00384861255816
0.011844967287
0.0110642465411
0.0149486809196
0.0087799023739
0.00237855134506
0.00520415254075
0.0173485823946
0.014204362648
0.00829289325863
0.018457639824
0.000696556640274
0.00694066406315
0.00486017332441
0.012923249384
0.00966514991366
0.0145020040386
0.00688558621079
0.00778115074055
0.0114111073023
0.00793397185542
0.0146749029763
0.0142189365144
0.00646477380686
0.0128406046102
0.00500146432888
0.0116719910861
0.00476051110082
0.0119962163122
0.0153964302789
0.00489995574716
0.00630977866565
0.00467870718838
0.00698555461225
0.00820630365979
0.014276631663
0.0116963956209
0.00668700762674
0.00823884699584
0.00706731340851
0.00777641393348
0.0130084431193
0.0128562899943
0.0194100090855
0.00689472765498
0.0122145678277
0.0155668129825
0.0118679788094
0.0170064848851
0.0126938200887
0.00874812615573
0.00421954901977
0.0129711706718
0.00361204806351
0.00464908784504
0.00546301340477
0.0102616243514
0.018983665983
0.0177754024005
0.00419280812119
0.00261308179316
0.00275209421555
0.0100093472579
0.00671219258557
0.0136501229012
0.00958752925525
0.00379162793408
0.0142939452624
0.00422829941993
0.0173311841512
0.00651490253719
0.00711387914909
0.0173503741187
0.0102688834233
0.0165391358289
0.0124065660718
0.0132378952711
0.0158528127644
0.0133780258001
0.0148546589691
0.00998908506883
0.00220181061091
0.0136422408579
0.00801407084568
0.00304258792415
0.0149080316164
0.00571691399102

State labels

0
1
3
4
5
6
7
8
9
10
11
12
13
14
15
16
17
18
19
20
21
22
23
24
25
26
27
28
29
30
31
32
33
34
35
36
37
38
39
40
41
42
43
44
45
46
47
48
49
50
51
52
53
54
55
56
57
58
59
60
61
62
63
64
65
66
67
68
69
70
71
72
73
74
75
76
77
78
79
80
81
82
83
84
85
86
87
88
89
90
91
92
93
94
95
96
97
98
99
