Cluster centers 

[ 1.1288398  -0.26426434 -1.15079658 -0.14861374]
[-0.96409546 -1.03399109 -0.02457991  0.69756561]
[-0.97482049  1.76673829  0.13227122 -1.78602267]
[-0.94449063 -0.03918919  0.33798657  1.20289476]
[ 1.04310905  0.50484823  1.22329237  0.66775589]
[-0.97861675  1.31619223  0.06857998 -0.45927643]
[ 1.16292353  0.51537879  0.217188    0.92740264]
[-0.95088962 -1.77294786 -0.23145679 -2.3905753 ]
[ 1.07696433 -0.48536601  0.73438272 -0.07571072]
[-0.99011149  1.14868209 -0.59307592  0.35814816]
[-0.97777372  0.14034645 -0.91516771  1.54676105]
[ 1.13715877  0.27327558 -0.93066464  0.93177606]
[-0.99797094 -1.46759794 -0.59900613 -0.72242508]
[ 1.01590322  2.84908918 -1.4088135  -1.51418906]
[ 1.07792725 -0.07655057  0.89906444  0.54364579]
[ 0.36132847 -0.47791767  2.34503011  0.40638133]
[ 1.13419515 -0.70106718 -1.06464897 -2.25164189]
[-0.91657175  0.64554814  0.61704076  0.47403405]
[ 0.97356951  2.01147291  1.45446786 -1.64365213]
[-0.82664525 -1.54352894  0.71312792 -0.52815848]
[ 0.53649439  2.27537503 -2.3002141   0.26967544]
[ 1.15107894 -0.48711161 -0.1036459  -0.42697799]
[ -9.72929187e-01   2.17487005e+00   2.60927334e-03  -3.25069294e+00]
[-0.68927029 -1.85080335  0.95366381 -2.14664293]
[-0.99927967 -1.08190665 -0.76913396  0.48360324]
[ 1.11934662 -0.43389527 -1.30202222 -0.85034748]
[-0.85975471 -1.91032011  0.17627359 -3.64047757]
[-0.58376697  0.4398321   1.85735808  0.18350032]
[-0.99227165  1.4724608  -0.64248198 -0.29135665]
[-0.8995663   0.98875474 -1.55947609  1.17846353]
[-0.86897467 -1.1060181   0.65262676  0.56631827]
[-0.91086419  1.14966366  0.68726213 -0.49527134]
[-0.98539301  0.74925873 -0.1425209   0.72819719]
[ 0.41717373 -1.00191001  2.20432003 -0.19121035]
[-0.891989   -0.21148709 -1.7869435   1.55727673]
[ 1.13114461 -0.04014623 -1.07130748  0.44196217]
[ 1.01500416 -0.30818228 -1.96467083 -0.56913681]
[ 1.01512929 -0.04549198 -1.86996378  0.34068834]
[-0.94340836 -0.68402841  0.24948898  1.10741883]
[ 1.00789793 -0.61099432 -2.16410622 -3.07210087]
[ 1.14173468 -0.69090401 -0.1502473  -1.21920163]
[-0.99187978 -0.8133852  -0.45160103  1.02109628]
[ 0.1276918   1.34552101  2.46603733 -1.53734997]
[ 1.14340455 -0.3484803   0.16547588  0.03423728]
[ 1.14008883 -0.10716434  0.34639913  0.48300921]
[ 0.99835216  0.82787528 -1.71841569  1.33811413]
[-0.96776878  1.94900528 -1.08108064 -1.19448502]
[-1.00135697 -1.287795   -0.72573366 -0.08636084]
[-0.98702254  0.58180513 -0.64579164  1.18566933]
[ 0.88689847  1.40774354  1.79947906 -0.58626652]
[-0.80359335  0.07810934  1.16692558  0.82652992]
[ 0.86023879  0.09535975  1.80444605  0.5503667 ]
[-0.73047336 -0.8720839   1.29382227  0.74035232]
[-0.9758197   1.05564251  0.0773034   0.093119  ]
[ 1.12394915  1.75571508 -0.83446315  0.55311115]
[-0.99592398 -1.29932817 -1.32224164 -0.50902559]
[ 1.00122577 -0.31974569  1.22447529  0.32225676]
[ 1.1531366   0.81123389 -0.64951131  1.14657118]
[ 1.14485273  1.80572573  0.42593531 -0.27278607]
[-0.76804184  0.87099348  1.36078042 -0.29627362]
[-0.98491503  0.2127706  -0.19522899  1.27574199]
[-0.5162811  -1.40373875  1.65228503 -0.20830868]
[-0.98337506 -0.82971595 -1.17921323  0.91964695]
[-0.93906584 -1.56448068  0.06070141 -0.79594066]
[ 1.12797331  0.31838215  0.62647175  0.80115228]
[ 1.15653613 -0.44130362 -0.66508229 -0.54819732]
[ 1.16153105 -0.25024043 -0.51436672  0.07004328]
[ 1.08533858 -0.72750648  0.51675862 -0.83746389]
[ 0.42400886 -1.29959674  2.02062594 -1.03707963]
[-0.9498514   0.41422206  0.332991    0.89923359]
[-0.96682019 -1.40139678 -0.13561033 -0.23594043]
[ -8.78631951e-01  -1.36773134e+00   5.20691809e-01  -1.02305417e-03]
[-0.90949789  1.43471141  0.6801914  -1.20627159]
[-1.00006461 -1.57949365 -0.69061071 -1.40509049]
[-0.96582339 -1.05631399 -1.54688409  0.23425847]
[-0.66734238  1.16553716  1.65970198 -1.09896142]
[ 1.14994434 -0.59166336 -0.79964838 -1.27290493]
[ 1.16894953  0.26508221 -0.20146381  0.87368588]
[-0.99869842  2.05938607 -0.60512659 -2.08932738]
[ 0.92869527 -1.05588277  1.08423109 -1.54448431]
[-0.99397131  1.61228956 -0.23875026 -0.98563172]
[-0.92456567  1.6872551  -1.42875573 -0.14677813]
[-0.96694114 -1.23418989 -0.09590623  0.26595559]
[-0.97645071  0.99086615 -0.89603594  0.81427541]
[-0.80917336  1.70589145  1.13162594 -2.39133001]
[ 1.14194981  1.07696063  0.5966711   0.60498557]
[ 0.84380304 -0.57989177  1.67971391  0.09472943]
[ 1.04755396  1.16026785  1.24172709  0.18855499]
[ 0.9053453  -0.82317926  1.37649796 -0.51331442]
[-0.6895943  -1.70018895  1.10090292 -1.15209252]
[-0.91100374 -1.71362844  0.17488415 -1.51967462]
[ 1.04794246 -0.5103321  -1.86697112 -1.64670362]
[ 0.57240157  0.65278094  2.33716542  0.05459285]
[-0.86650457 -0.46530978  0.80716863  1.08548671]
[-0.89747715  0.84874085  0.76245478  0.06913194]
[ 1.17165745  1.03093117 -0.07771078  0.90629622]
[ 1.16555434 -0.05474738 -0.26335248  0.50299672]
[-0.98373014 -0.37211742 -0.22981287  1.36070446]
[-0.53173826 -0.59091707  1.85547264  0.68452564]
[-0.98428585 -0.46496584 -0.95750668  1.40422876]

Populations

0.01612898016
0.0127027471363
0.0134151915799
0.0124342757537
0.0143380579103
0.016135455786
0.0120283515185
0.00708303359031
0.0135909123405
0.0122422851047
0.0112142432147
0.0140397114545
0.0110512990116
0.00116411784309
0.0124790584265
0.00685518234475
0.00578905760129
0.0107729669236
0.00465304065082
0.0094751320232
0.00126500532469
0.0147733237317
0.00465339113936
0.00569055017078
0.0138249273201
0.0152049303635
0.00287612861906
0.00387909265174
0.0154290202747
0.00534864638032
0.0133097519471
0.0110417454318
0.0157259300346
0.00723555906888
0.00496077410262
0.016554725089
0.00960525439519
0.0108070110913
0.0142608089253
0.00348061295961
0.00854663060869
0.0150928467809
0.00203534009966
0.0167472052415
0.0179001848179
0.00602924942296
0.00893827245518
0.0109296795945
0.0115349082009
0.00682237466269
0.00980426559948
0.0114104345809
0.00713731915755
0.0167276219696
0.00395842878689
0.0058775625159
0.0100305380706
0.00877697171804
0.00638078737225
0.0052199070337
0.014305822977
0.00671646083453
0.00683215056497
0.0113679988126
0.0134208059169
0.0169405582352
0.0196953163129
0.0078803532086
0.00488187609021
0.0129705417822
0.0126788181091
0.0126790310451
0.014105497679
0.00811357130942
0.00495145923718
0.00447486475428
0.011093052525
0.0140999327792
0.00870302127408
0.00267754563612
0.0167195487833
0.00673514319327
0.0117093542599
0.00936614144071
0.00624216714668
0.00952413348687
0.0086338695839
0.0092328564345
0.00708100834175
0.00648544549264
0.00990747684299
0.0103715453226
0.00596284634476
0.0102828655447
0.01005022138
0.00599394846936
0.0178811775651
0.0156900554841
0.00485397970955
0.0112667180045

State labels

0
1
2
3
4
5
6
7
8
9
10
11
12
13
14
15
16
17
18
19
20
21
22
23
24
25
26
27
28
29
30
31
32
33
34
35
36
37
38
39
40
41
42
43
44
45
46
47
48
49
50
51
52
53
54
55
56
57
58
59
60
61
62
63
64
65
66
67
68
69
70
71
72
73
74
75
76
77
78
79
80
81
82
83
84
85
86
87
88
89
90
91
92
93
94
95
96
97
98
99
