Cluster centers 

[-0.65776326  0.52081761  0.90446547  0.31824059]
[ 1.60651791 -0.43413611 -0.70202332 -0.43690944]
[-0.69888715 -1.02341573 -1.49047561  0.20336151]
[-0.72408388  1.51830529 -0.45189467 -0.60903199]
[-0.49146994 -0.83799979  1.47444286  0.27244464]
[ 1.51259826 -0.07055841  0.94263255  0.30539874]
[-0.70577171 -0.51741365 -0.53888638  1.36551561]
[-0.58634263 -1.65021985 -0.23700768 -2.00655207]
[-0.71999577  2.0632287  -0.82690961 -2.79908798]
[ 1.49207663 -0.21422123 -2.33406295 -0.07030386]
[-0.64038353  1.46533355 -1.10843628  0.59747673]
[-0.68922288 -0.83884831  0.38763707  0.69630727]
[-0.66162168 -1.39849478 -0.06176639 -0.69718214]
[ 1.06847676 -0.87318306  1.72565835 -0.83873538]
[-0.71468334  0.57793185 -0.05659451  1.14122321]
[ 1.62046357  0.47456507  0.10272767  0.99842618]
[-0.51673217  1.23647928  1.02524712 -1.65426265]
[  1.50319328e+00   1.07656073e+00   1.15936752e+00   1.06754230e-03]
[ 1.18148213  0.79801598  2.04906303 -0.59434524]
[-0.63012015  2.09394149 -1.59581209 -1.07697403]
[-0.72727     1.99905413 -1.084409   -1.76798608]
[-0.6618978   0.14264368  0.94120717  0.73268586]
[ 1.50704785 -0.00751753 -1.82474641  0.74342452]
[-0.56386707 -1.73404769 -0.8137873  -3.28577805]
[-0.67123381  1.73185339 -1.18130441 -0.21590855]
[-0.71726631  1.08386567  0.07666435  0.04165637]
[ 0.29658854 -1.54003968  1.29986315 -2.05167729]
[ 0.95991054  1.43585503  1.8106559  -2.05553118]
[ 1.59487032  0.01170863 -1.03678307  0.74520671]
[ 1.60279237 -0.56894094 -1.63973449 -1.48045823]
[-0.71955169  1.79277528 -0.44463595 -1.89825957]
[ 1.57172366 -0.4873332  -2.39338244 -1.62351645]
[-0.68871162  0.46814917 -0.41950324  1.55662806]
[ 1.45923933  2.14239539 -1.46942585  0.64065553]
[ 0.51040116 -0.88171552  2.37648588 -0.56255591]
[-0.68507958 -0.40848326  0.6642231   0.99564583]
[-0.72714925 -1.19149188 -0.86403216 -0.14240061]
[-0.55952015  1.60776694  0.51918188 -2.57291585]
[-0.570698    0.58203409  1.29467394 -0.17169296]
[-0.72960408 -1.3520024  -1.4524255  -1.11336281]
[-0.40244245 -1.48545467  1.0081871  -1.02612295]
[ 1.60360792 -0.33089688 -0.33577414 -0.06244214]
[ 1.51069196 -0.5180549   0.4484107  -0.40283763]
[ 1.37279567 -0.34066747  1.38873058 -0.07897819]
[-0.39409987 -1.23017067  1.41096018 -0.34730205]
[-0.6991174  -1.26327106 -0.22282706 -0.24181833]
[-0.71306425  1.08252198 -0.33366613  0.55393099]
[ 1.47333644  1.63501735  0.95134672 -0.95886441]
[-0.70677419 -1.54971866 -1.13588137 -1.98776562]
[-0.70068057  1.22000099  0.23734239 -0.56898795]
[ 1.42320206  0.71338711 -1.56672909  1.7672081 ]
[-0.61290669 -1.15311414  0.67733067  0.03464149]
[ 1.59508434  0.14309597  0.4186885   0.66202503]
[-0.71755932 -0.90545955 -0.78215715  0.69296909]
[ 1.40310386  0.40402489  1.59778149  0.17458198]
[-0.71342164  0.66771086  0.29091575  0.68222235]
[-0.71558476 -0.50274695  0.10200609  1.18378582]
[-0.68619678  0.97954396 -0.58054229  1.06111   ]
[ 1.56608301 -0.2739688   0.32391857  0.10026513]
[-0.70788565  0.16652532  0.46470541  1.07872938]
[ 1.60218947 -0.54401468 -0.98706562 -0.94987042]
[ 0.35990358  0.14533952  2.62887331 -0.55270661]
[-0.70376533  1.4360958   0.04448261 -1.06610324]
[ 0.4050632  -1.28426896  1.95716838 -1.190897  ]
[-0.66482741  0.89540059  0.70856397 -0.2346735 ]
[-0.71691169 -1.10389063 -0.33210228  0.22232247]
[-0.7317933   2.45006219 -1.72622937 -3.96373505]
[-0.6046373   0.18273187 -1.03884229  1.98504226]
[-0.66065772 -0.60208943 -1.18867146  1.30719857]
[ 1.424878   -0.36666916 -3.47615543 -1.82720892]
[ 1.12204704 -0.21736577  2.12039968 -0.17094166]
[-0.62727188 -0.84285097  0.88472235  0.53786904]
[-0.53573347 -1.57723145  0.31287038 -1.41173634]
[-0.67356646  1.52563861  0.1837913  -1.66176665]
[-0.55967321  1.15309341 -1.24751833  1.49257424]
[-0.72409822  1.74460102 -0.739322   -1.08440569]
[-0.67985127 -1.49655489 -0.4944135  -1.2573695 ]
[-0.59844633  1.04418522  0.93103437 -0.90463098]
[ 1.59690893 -0.30283152 -1.42278484 -0.19329734]
[ 1.61227513  1.32387555  0.24729094  0.54179122]
[-0.71014409 -0.04685533 -0.14375631  1.52759433]
[-0.61035021 -0.41245118  1.18381448  0.70863522]
[ 1.55908487  0.51595153  0.89527677  0.60536162]
[ 1.54358852 -0.63661707 -0.10177291 -0.88082663]
[-0.67342353  2.394151   -2.00399215 -2.18095369]
[-0.7195971   1.32830429 -0.37017308 -0.06551707]
[ 1.61670611 -0.04580072 -0.27393653  0.55345793]
[-0.68194778 -1.12170336  0.18789763  0.17249312]
[ 1.44990562 -0.89661901 -0.13180222 -1.80729989]
[-0.70454108  0.83207572  0.40585787  0.25479227]
[-0.53838996  0.06538832  1.53324859  0.31550392]
[ 1.57010372 -0.38838597 -2.06754646 -0.81445173]
[-0.32577878  0.62566228  1.88437868 -0.82096885]
[-0.58910701 -1.35388525  0.52645767 -0.50481951]
[-0.29548853 -0.34572543  2.12037141  0.0548056 ]
[ 1.35587853 -0.71689456  1.02522375 -0.72571728]
[-0.71740564 -0.88204982 -0.15561349  0.7290514 ]
[-0.71712513 -1.35974783 -0.73163545 -0.73415547]
[ 1.61076615 -0.21871534 -0.96441303  0.164996  ]
[ 1.60283932  0.50569116 -0.57550994  1.27208214]

Populations

0.0159396517842
0.353311908541
0.316266108131
0.314482331543

State labels

0
1
2
3

Eigen uncertainty

nan
0.00473953705256
0.0131437113103
0.0276095893331

Eigen values

1.0
0.937526747404
0.201813402006
0.0507293333126

Left eigenvectors

[  1.59396518e-02   2.08505900e-02   9.25371250e-07  -1.23494260e-01]
[ 0.35331191  0.46165439  0.00968336  0.1235478 ]
[ 0.31626611 -0.23396649 -0.40187039  0.00131553]
[ 0.31448233 -0.24853849  0.3921861  -0.00136907]

Right eigenvectors

[  1.00000000e+00   1.30809570e+00   5.80546716e-05  -7.74761340e+00]
[ 1.          1.30664826  0.02740739  0.34968479]
[ 1.         -0.73977731 -1.27067168  0.00415957]
[ 1.         -0.79030987  1.2470847  -0.00435341]
