Cluster centers 

[-0.7725817   0.57566102 -1.04159092  0.91521328]
[-0.66988419 -1.24699052  0.60376195  0.31823287]
[ 1.43760611  0.22400874  0.11145214  0.85713346]
[-0.70991535  1.67101584  1.44681915 -2.01636821]
[ 1.45849295 -0.39168504 -0.26410378 -0.44090411]
[-0.74544731  1.1539037   0.67010428 -0.31682982]
[-0.75121563 -1.73633245  0.5350293  -2.10826451]
[-0.70102469 -0.14125588  0.3939664   1.2660151 ]
[ 1.3977111  -0.01508747 -1.62605784 -0.17079166]
[-0.77597692 -0.80576581 -1.28008509  0.41888364]
[ 1.42899107 -0.66666773 -0.67327471 -2.64820635]
[-0.73809576  1.54256279 -1.04290509 -0.54441313]
[ 1.24837885 -0.49286559  1.17393354  0.40670728]
[ 0.86620847  1.7987859  -3.14911364  0.38691118]
[-0.78629545 -0.7260273  -0.69172743  0.80966241]
[ 0.78637213  0.65112663  2.22099491  0.83053164]
[ 0.32228859  1.00606558 -0.66361056 -0.57287071]
[-0.5752185  -1.96534251  1.71059372 -3.23512605]
[-0.79419909  2.20048804  0.24768161 -3.28957686]
[-0.68129855  0.74574301  0.91198333  0.40677055]
[ 1.460734    1.34030682 -0.89572795  0.67802299]
[-0.78395052 -1.11230196 -0.40576481  0.18089656]
[-0.79652636  1.75296461  0.14937063 -1.64958724]
[-0.76095755  0.89174332  0.29198922  0.28399398]
[ 1.46494855  0.09108461 -0.88867425  0.38228373]
[ 0.02859733 -1.61106884  2.23639152 -0.79031399]
[-0.79794486 -1.34242871 -0.70912385 -0.95344417]
[ 1.29513741  1.39493305  1.3926323   0.19484508]
[ 1.23520417 -1.00751467  1.39406848 -1.14711812]
[-0.61873904  1.29572129  1.64705599 -0.94218054]
[ 0.91103125  1.81592399  2.81897807 -1.49642184]
[-0.68517812 -0.84770184  0.43282923  0.97568133]
[ 0.66929742 -0.5263023   2.09465744  1.00881859]
[ 1.39535716 -0.39562271 -1.36124996 -1.44968261]
[-0.77109156  1.67240991 -0.58792478 -1.05615225]
[ 1.39553977  0.78733757  0.58757132  0.9485648 ]
[-0.65987772 -1.57077357  0.83044771 -0.68804093]
[-0.43476293  1.52815603 -2.56518361  0.12536531]
[-0.79333016 -1.69515438  0.08567362 -2.68209804]
[-0.77842724 -0.48722891 -1.19380701  0.92495661]
[ 1.27943142  1.61676    -2.1330331   0.54275608]
[ 1.41647924 -0.83018795  0.43957839 -1.86074619]
[ 1.30288964 -0.10783299 -2.09882766 -0.68863087]
[-0.4234288  -0.78666825  1.40580626  1.13788935]
[-0.53170224  0.84381116  1.63261496  0.11349023]
[ 1.43058935 -0.57221389 -0.83039602 -2.00267134]
[ 1.36307645 -0.71224142  0.74245414 -0.65946093]
[-0.74396947 -0.84945336 -1.64270972  0.06359516]
[-0.76972581  0.18181489 -0.22699869  1.14098366]
[-0.78296671 -0.2819775  -0.74980077  1.16921867]
[-0.70060059  1.1250013  -1.59654859  0.38104681]
[ 1.4681497   0.16197049 -0.41812609  0.65025557]
[-0.75631136 -1.07570402 -0.04915927  0.44870793]
[-0.42494832 -1.36780268  1.51707385  0.25605184]
[-0.69943615  0.20983253 -1.89449839  1.01803491]
[-0.79170335  1.44754417 -0.00487533 -0.76123055]
[-0.59288034 -1.74927821  1.25431209 -1.4047024 ]
[-0.78472212  0.65995422 -0.50253781  0.75722365]
[-0.79051288 -1.28928778 -0.39344773 -0.38761774]
[ 1.46201958  1.22697689 -0.01214802  0.69992525]
[ 1.47181394  0.61291393 -0.57168374  0.90435863]
[ 0.7353468  -1.0513057   2.13763638  0.16431164]
[-0.78266867 -1.53351466 -0.02717976 -1.25750185]
[ 1.40536398 -0.42420052  0.39609319 -0.00304595]
[-0.78567529  1.10602668 -0.49758133  0.11326691]
[ 1.13364181  0.534172   -2.83429427  0.51319407]
[-0.74991125 -1.40012343  0.18166045 -0.39199878]
[-0.54729252 -0.03408087  1.1863448   1.22219559]
[ 1.38828987 -0.64557296 -1.0177566  -3.27545903]
[-0.73927131 -0.46142019  0.03392382  1.21045806]
[ 1.40222831 -0.23788346 -1.47225301 -0.79456235]
[ 0.80325088  1.37123952  2.50407435 -0.36027694]
[-0.67941452  0.43319093  0.75267677  0.86284778]
[ 1.34609179  0.05886285  0.75582452  0.91273426]
[ 1.43942064  2.20389662 -0.43140285 -0.68977726]
[-0.7911515   1.7858267   0.63329499 -2.00963936]
[-0.76234976  2.01856752 -0.46950077 -2.10383533]
[-0.76386419  1.12268043 -0.9926895   0.22235283]
[-0.79288195  2.04904706  1.04552167 -3.23547112]
[ 1.42912212 -0.1896822   0.16381495  0.37817424]
[-0.78708319 -1.13677138 -1.06666911 -0.38211647]
[-0.76556685  1.43432875  0.69441035 -1.00219586]
[ 1.44924865 -0.08633441 -1.10444354 -0.08908486]
[ 1.43550173  0.4492664  -1.38189687  0.65050116]
[ 1.15798624 -0.53204959 -1.98457646 -3.80688716]
[-0.77761119  0.10685663 -1.02070306  1.16677745]
[-0.79190142 -1.02637386 -0.84581935  0.14536093]
[ 1.37976491  1.81739815 -1.48800957  0.23795606]
[-0.77726291  0.69870392 -0.1155253   0.64755194]
[ 1.46520653 -0.17123816 -0.49262438  0.04347453]
[ 1.1829429   0.31023503  1.46094076  1.0679844 ]
[-0.76453842 -0.76207723 -0.23328231  0.916621  ]
[-0.75727786 -1.19174725 -1.41929148 -1.06254863]
[-0.78819998  1.22760918 -0.1299154  -0.22582852]
[ 1.45319866 -0.58205982 -0.24653622 -1.2659072 ]
[-0.74219409  0.39687654  0.24711588  0.95037837]
[ 1.4558247  -0.33543325 -0.80096714 -0.67942529]
[ 1.25490769 -0.33917472 -2.09561724 -1.77947267]
[-0.74472324 -0.5056244  -1.6430732   0.74734737]
[ 1.43958569 -0.55026648  0.10134928 -0.70434289]

Populations

0.233911268051
0.182701446767
0.279994646838
0.303392638343

State labels

0
1
2
3

Eigen uncertainty

5.33665702271e-11
0.00705962502252
0.0221856068234
0.0299029643496

Eigen values

1.0
0.939465171483
0.201931104911
0.0951189266759

Left eigenvectors

[ 0.23391127  0.27150517 -0.00286864 -0.32476684]
[ 0.18270145  0.22137754  0.00965853  0.31657594]
[ 0.27999465 -0.23117136 -0.38473124  0.01180336]
[ 0.30339264 -0.26171135  0.37794135 -0.00361246]

Right eigenvectors

[ 1.          1.16071865 -0.01226381 -1.38841895]
[ 1.          1.21169013  0.05286509  1.73275005]
[ 1.         -0.8256278  -1.37406641  0.04215565]
[ 1.         -0.86261601  1.24571695 -0.01190687]
