Cluster centers 

[ 1.54718627 -0.19447966 -1.10585428  0.12611397]
[-0.56643364 -1.45988196  0.69789918 -0.67904868]
[-0.69755831  1.00119641  0.6050556  -0.31930021]
[-0.72632663  0.28749169 -0.47127593  1.52328304]
[ 1.31712452  0.35969654  1.68485524  0.30686326]
[-0.71690292  1.40850171 -0.82264795  0.17630941]
[-0.71744266 -1.01278532  0.1357008   0.46202316]
[-0.74915451  1.84602747 -0.67500563 -1.72197463]
[-0.74238752 -1.07917929 -0.33285984  0.2862406 ]
[ 1.55836664  1.50431178 -0.11493801  0.55080122]
[ 1.5102889  -0.45250248  0.12196368 -0.25408309]
[-0.52550483 -1.86740704 -0.18181633 -3.4149824 ]
[ 0.97562261 -1.06137082  1.72010342 -0.96347074]
[-0.75400002 -1.42544834 -1.24458728 -1.33097144]
[ 1.44955168 -0.38912542 -2.45110515 -1.2114706 ]
[-0.43246447  0.55235175  1.77875325 -0.33527974]
[-0.69726707 -1.55200382 -0.30135165 -1.31420847]
[ 1.00033225  1.52371591  1.83089247 -1.94783421]
[-0.71268934  1.31539279  0.33307425 -0.95416995]
[ 1.52082629 -0.78233311 -0.82289892 -1.89116179]
[-0.62887522  0.21918749  1.17954896  0.551222  ]
[ 1.53951931  0.33294597  0.43569087  0.79397201]
[ 1.37980238 -0.65703792  0.83663641 -0.50803482]
[-0.74230296 -1.37492892 -0.63215021 -0.72009905]
[ 0.10010389 -0.12740328  2.58469732 -0.0821998 ]
[-0.70659413 -0.53848852 -1.09934952  1.27273949]
[ 1.26323484  0.23995685 -2.43797767  1.15687902]
[ 1.53668099 -0.55111719 -1.75067451 -1.5646309 ]
[-0.6739989   1.09015886 -1.01222123  1.08873432]
[-0.74523281  1.35461491 -0.22871342 -0.38919449]
[ 1.53932151  0.16997045 -0.99010806  0.88591453]
[-0.75267926 -1.2031428  -0.92976779 -0.23082202]
[ 1.56230638  0.56123429 -0.28570039  1.12352468]
[-0.68592601  2.41539391 -1.90548846 -2.633245  ]
[-0.39996165 -1.45320927  1.29117691 -0.69084631]
[-0.5861614   1.50365348  0.82981374 -2.33883822]
[-0.50159241 -1.78468905  0.38491335 -2.25029782]
[-0.73910393  0.623418   -0.1360885   1.0564898 ]
[ 1.47930655 -0.21092114  0.6666361   0.25153884]
[-0.71624009  0.2791399   0.55633197  0.92730096]
[-0.69969281  0.6494201   0.68094812  0.36398744]
[ 1.47303657  0.37302226  1.00640702  0.60971751]
[ 0.34996305 -1.53347436  1.73767282 -1.6619524 ]
[-0.7161218  -1.00334528 -1.55440225  0.132068  ]
[-0.66307027  1.74865637 -1.36897706 -0.16741144]
[ 1.55146986  1.03963299  0.40207926  0.69122787]
[ 1.47269839  0.72235567 -1.24393098  1.51270959]
[ 1.17892994  0.69414396  2.0306933  -0.15911731]
[-0.70075911  1.95814564 -1.33645178 -1.08501027]
[-0.64323059 -1.21289446  0.57384836  0.01852576]
[ 1.55564919 -0.37354318 -0.6830309  -0.27320125]
[ 1.18890525 -0.66694812  1.5911296  -0.3158729 ]
[ 1.53790379 -0.09226328  0.19221688  0.43166776]
[-0.5916614  -0.54399975  1.24595644  0.73760119]
[-0.6002087   1.21403779  0.99218528 -1.36257725]
[-0.75291267  2.29770621 -1.19362503 -3.84962618]
[-0.63817973  0.25018381 -1.25116142  1.82900002]
[-0.67394445 -1.67176809 -0.3224889  -1.9516994 ]
[ 1.36689314  2.10490605 -1.66415048  0.64221533]
[-0.48908593 -1.12133339  1.3427199   0.09761506]
[ 1.53603191 -0.33518605 -1.45818272 -0.41631144]
[ 0.99794075  0.94090188  2.24619503 -0.80468335]
[-0.73522053  0.82425462  0.23643807  0.4314284 ]
[ 1.41691782  1.51791631  1.15979724 -0.74304747]
[-0.74502969 -0.72710737 -0.28044738  0.96642124]
[-0.71758004 -0.67197248  0.34011913  0.95021937]
[-0.7348654   1.12157074  0.17682426 -0.18526982]
[-0.626737   -1.55221441  0.26203929 -1.09265734]
[ 1.36990366 -0.24710717  1.25521947  0.19719008]
[-0.73686381  1.87785946 -0.33777504 -2.49516672]
[ 1.11386276 -0.21228685  2.05028164  0.12977775]
[-0.73450995  1.0013052  -0.40203891  0.68556281]
[ 1.47779461 -0.74419557 -0.0073204  -1.13442343]
[-0.63569808  0.74233625  1.06256303 -0.14611902]
[ 1.42997458 -0.17504245 -2.22581042 -0.05930584]
[ 0.61639072 -0.95086246  2.31647387 -0.41366718]
[ 1.44250666  0.96748103  1.20870316  0.18868391]
[-0.73884551 -0.30563639 -0.39038716  1.43519608]
[-0.19179603 -1.18784807  1.94661179 -0.23481228]
[ 1.54823204 -0.53981995 -0.76340637 -0.84551402]
[-0.73735927 -1.61165978 -0.98845244 -2.15625864]
[-0.5155057   0.96169883  1.37289532 -0.93911356]
[ 1.55743126 -0.19798667 -0.36706584  0.22506983]
[ 1.5627653   0.12173608 -0.22773057  0.75836086]
[-0.70893373 -1.32301011 -0.07828954 -0.35175676]
[-0.64670194 -0.87793096  0.81157914  0.60301906]
[ 1.25777696 -1.10519624  0.74688085 -1.82349867]
[-0.74615924  1.49133905 -0.21907964 -0.87611944]
[-0.41332408 -0.33119878  1.87817216  0.42426874]
[ 1.52589106  2.07396204  0.11445285 -1.0770018 ]
[-0.48586808 -1.66817604  0.68376924 -1.52090136]
[ 1.46917161  0.02735058 -1.72302749  0.63380154]
[-0.73926941  1.64499531 -0.73438102 -0.72619771]
[-0.4573833   1.57313229 -1.92797482  1.13073115]
[-0.74467237  1.18676137 -0.24031815  0.09971018]
[ 1.55819254 -0.02552993 -0.74068998  0.54914785]
[-0.73828733 -0.0868925   0.15640737  1.28572345]
[-0.69453682 -0.30968448  0.70963349  1.04367421]
[-0.74245978 -0.89367679 -0.88775158  0.63768996]
[-0.71722077  1.56805965  0.12872565 -1.66943009]

Populations

0.200148804044
0.181065126653
0.28530697017
0.333479099133

State labels

0
1
2
3

Eigen uncertainty

3.76623030224e-11
0.00493554274343
0.0141725427654
0.020434300846

Eigen values

1.0
0.937950130819
0.199382305211
0.0953057234785

Left eigenvectors

[ 0.2001488   0.25942417 -0.01920398 -0.30400587]
[ 0.18106513  0.22603669  0.00660492  0.31167986]
[ 0.28530697 -0.23424934 -0.38585294  0.01231497]
[ 0.3334791  -0.25121152  0.39845201 -0.01998897]

Right eigenvectors

[ 1.          1.29615648 -0.09594853 -1.51889925]
[ 1.          1.24837229  0.03647813  1.72136882]
[ 1.         -0.82104316 -1.3524133   0.04316393]
[ 1.         -0.75330514  1.19483353 -0.05994068]
