Cluster centers 

[-0.6462148  -0.62078995 -1.03307507  1.35315019]
[-0.69424779  0.79179498  0.27325159  0.47918048]
[ 1.66217602 -0.28442263 -0.67009445  0.0655649 ]
[ 0.69203575 -1.32353272  1.5435336  -1.82684446]
[-0.69768632  1.39722193 -0.11496171 -0.79298694]
[-0.67209554 -1.03188383  0.21032186  0.35460587]
[ 1.60366427  0.45994825  0.91262708  0.54287698]
[ 1.44142628 -0.26608663  1.31904258 -0.09287844]
[-0.6367119  -1.6113237  -0.6221097  -1.87874584]
[-0.6854681  -0.44825169  0.44233992  1.08772587]
[ 1.49864098 -0.17812566 -2.43643971  0.33911448]
[ 1.47159746  1.66137538  0.99440605 -1.26064665]
[-0.43986219 -1.26401058  1.17897766 -0.47921368]
[-0.69572975  2.16055197 -1.63916387 -2.01059585]
[-0.47027091  0.36559683  1.64189133 -0.16776318]
[-0.58261165  0.83683906  1.03426985 -0.50908352]
[-0.59234336 -1.75537829 -1.71556456 -4.55473078]
[-0.67304542  1.44493005 -0.82144616  0.17631583]
[-0.63601762 -0.87299429 -1.57189141  0.75599367]
[ 1.49094441  2.11347935 -1.61809473  0.76115382]
[-0.70167541 -1.37116567 -0.77228472 -0.72524754]
[ 1.63319492  0.54560396 -0.72979355  1.40783544]
[-0.53145666  1.22789271  0.87333376 -1.56186512]
[ 1.6017316  -0.39769831 -2.23010299 -0.64665488]
[-0.6699987  -1.66065912 -1.38394551 -2.80179434]
[-0.67656824  1.04625006  0.37449967 -0.27787153]
[ 1.50958223  0.48267213  1.38661442  0.226526  ]
[ 1.49401645 -0.44548397 -3.53646295 -1.8503562 ]
[ 1.41221883 -0.93562932  0.32392542 -1.66220796]
[-0.69054726  0.32330519  0.006372    1.36905712]
[-0.59475741 -1.35069589  0.38406813 -0.55007511]
[ 1.58113289 -0.29335203  0.55143329  0.00537238]
[ 1.0874661   0.95778743  2.08511261 -1.07603108]
[-0.71231719 -1.44482921 -1.28977883 -1.29041533]
[-0.65279103 -0.78882021  0.63492861  0.65976645]
[-0.69852905 -0.7689774  -0.11697848  0.93259402]
[-0.27760087  0.79553886  1.7915052  -1.19953634]
[-0.69741791  1.05324371 -0.19178269  0.44636976]
[ 1.15116658 -0.17630041  2.13391866 -0.27238229]
[-0.70071637  1.9234042  -0.75965584 -2.44620019]
[-0.33265811 -1.48859061  1.0736367  -1.19936898]
[-0.71029573  2.54980956 -2.3530139  -4.27391014]
[-0.50568211 -1.68331272 -0.02889767 -2.12260454]
[ 1.58510719  0.00534033 -1.55250191  0.90666324]
[ 1.66237822  1.02151737  0.33236185  0.78338922]
[-0.47422294 -0.74722882  1.53796294  0.25208051]
[-0.58178891 -1.0746015   0.84582432  0.08498852]
[ 1.6694385   0.33622235  0.02734731  0.95637093]
[-0.66808271  0.31183119  0.76000629  0.72607799]
[ 1.6392402  -0.58160743 -1.87539004 -1.43678938]
[ 1.65347881  1.71729456  0.01943583  0.03837476]
[-0.67536153 -0.37409751 -0.46604181  1.54947717]
[ 1.6383257  -0.41756738 -0.27888603 -0.26906705]
[-0.61280247  0.39173026  1.11399642  0.29381637]
[-0.70941178  1.7942003  -0.82129949 -1.44125751]
[ 1.52997518  1.21355178  1.15212431 -0.27409841]
[ 0.90851923  1.59721419  1.55729759 -2.57498027]
[-0.70370069 -1.05557592 -0.47756692  0.36946704]
[ 1.61161002 -0.26590664 -1.82076188  0.03644933]
[-0.70349586 -1.53565901 -1.41587424 -1.90417158]
[-0.70503175  1.56012737 -0.605451   -0.66012115]
[ 1.05208892 -0.83104671  1.77595547 -0.87017216]
[-0.53864983  1.602227    0.39051229 -2.59965364]
[-0.55903214 -1.52787659  0.20175702 -1.23641954]
[-0.63528935  2.03049699 -1.66711979 -0.91880567]
[ 1.42917243  0.60678598 -1.72018142  1.86478715]
[-0.55443479  1.37175128 -1.28051547  1.10183798]
[ 1.66085519  0.00305622 -0.68526563  0.74417626]
[-0.70205761  1.2405637  -0.18065718 -0.11723436]
[ 1.63523584 -0.58211889 -0.73778437 -0.89746474]
[-0.30312886 -1.78300253 -0.28993482 -3.36323505]
[-0.54069931  0.13461663 -1.154093    2.0739715 ]
[-0.67877318 -1.20032457 -0.08549484 -0.04260226]
[ 1.32157532  0.59861929  1.91682283 -0.26359158]
[-0.64444721  1.73659841 -1.27090184 -0.20115124]
[ 1.65182352 -0.14844754 -0.03277615  0.34766709]
[ 0.0782801  -1.19513022  1.98380197 -0.86467003]
[-0.66534108  0.75424781  0.6399017   0.14231805]
[ 0.20573279 -0.17430264  2.53725356 -0.51264293]
[-0.69472001 -0.85692003 -0.69602717  0.85594281]
[-0.64840106  1.20663575  0.4491274  -0.90541658]
[-0.67329603  0.83298977 -0.37612352  1.14168036]
[-0.40354187 -0.14588048  1.89906158  0.13162272]
[-0.64693706  0.3848308  -0.49555313  1.7175117 ]
[ 1.54589778 -0.60166743  0.28785391 -0.67673959]
[-0.6867799   0.09376345  0.5292177   1.09265871]
[-0.70873211 -1.28588759 -1.44379422 -0.61944134]
[ 1.65129985 -0.24376137 -1.20056509  0.16673108]
[-0.67202256  1.56132616 -0.05645715 -1.63570792]
[-0.61970712 -0.30883487  1.08945888  0.74051915]
[-0.69121034 -1.05670116 -1.27197573  0.28291506]
[-0.69474144 -0.29684759  0.00908081  1.39610579]
[-0.67357174 -1.33716707 -0.24999983 -0.4933983 ]
[-0.30101196 -1.65332987  0.71756717 -1.94188451]
[-0.66628383  1.15268564 -0.6336799   0.77988196]
[-0.6958071   0.59163897  0.16000311  0.9550976 ]
[ 1.65487951 -0.43610143 -1.29396441 -0.51856549]
[ 1.6306872   0.11464145  0.53381204  0.57542092]
[-0.6540605  -1.49505031 -0.40003054 -1.1758851 ]
[-0.70830573 -1.21233492 -0.82067208 -0.1340764 ]

Populations

0.352932300291
0.0716692753086
0.283376156623
0.292022267777

State labels

0
1
2
3

Eigen uncertainty

3.46022110481e-11
0.00454194504648
0.0122567716339
0.0201601288427

Eigen values

1.0
0.940302033847
0.210029460076
0.0612648809413

Left eigenvectors

[ 0.3529323   0.25193732 -0.40595441 -0.00998502]
[ 0.07166928 -0.09646886  0.00831984 -0.23907599]
[ 0.28337616 -0.3819131   0.00346412  0.23917461]
[ 0.29202227  0.22644465  0.39417045  0.00988641]

Right eigenvectors

[ 1.          0.71384035 -1.15023308 -0.02829161]
[ 1.         -1.34602814  0.11608657 -3.33582263]
[ 1.         -1.34772489  0.01222444  0.84401812]
[ 1.          0.77543623  1.34979587  0.03385497]
