Cluster centers 

[-0.7725817   0.57566102 -1.04159092  0.91521328]
[-0.66988419 -1.24699052  0.60376195  0.31823287]
[ 1.43760611  0.22400874  0.11145214  0.85713346]
[-0.70991535  1.67101584  1.44681915 -2.01636821]
[ 1.45849295 -0.39168504 -0.26410378 -0.44090411]
[-0.74544731  1.1539037   0.67010428 -0.31682982]
[-0.75121563 -1.73633245  0.5350293  -2.10826451]
[-0.70102469 -0.14125588  0.3939664   1.2660151 ]
[ 1.3977111  -0.01508747 -1.62605784 -0.17079166]
[-0.77597692 -0.80576581 -1.28008509  0.41888364]
[ 1.42899107 -0.66666773 -0.67327471 -2.64820635]
[-0.73809576  1.54256279 -1.04290509 -0.54441313]
[ 1.24837885 -0.49286559  1.17393354  0.40670728]
[ 0.86620847  1.7987859  -3.14911364  0.38691118]
[-0.78629545 -0.7260273  -0.69172743  0.80966241]
[ 0.78637213  0.65112663  2.22099491  0.83053164]
[ 0.32228859  1.00606558 -0.66361056 -0.57287071]
[-0.5752185  -1.96534251  1.71059372 -3.23512605]
[-0.79419909  2.20048804  0.24768161 -3.28957686]
[-0.68129855  0.74574301  0.91198333  0.40677055]
[ 1.460734    1.34030682 -0.89572795  0.67802299]
[-0.78395052 -1.11230196 -0.40576481  0.18089656]
[-0.79652636  1.75296461  0.14937063 -1.64958724]
[-0.76095755  0.89174332  0.29198922  0.28399398]
[ 1.46494855  0.09108461 -0.88867425  0.38228373]
[ 0.02859733 -1.61106884  2.23639152 -0.79031399]
[-0.79794486 -1.34242871 -0.70912385 -0.95344417]
[ 1.29513741  1.39493305  1.3926323   0.19484508]
[ 1.23520417 -1.00751467  1.39406848 -1.14711812]
[-0.61873904  1.29572129  1.64705599 -0.94218054]
[ 0.91103125  1.81592399  2.81897807 -1.49642184]
[-0.68517812 -0.84770184  0.43282923  0.97568133]
[ 0.66929742 -0.5263023   2.09465744  1.00881859]
[ 1.39535716 -0.39562271 -1.36124996 -1.44968261]
[-0.77109156  1.67240991 -0.58792478 -1.05615225]
[ 1.39553977  0.78733757  0.58757132  0.9485648 ]
[-0.65987772 -1.57077357  0.83044771 -0.68804093]
[-0.43476293  1.52815603 -2.56518361  0.12536531]
[-0.79333016 -1.69515438  0.08567362 -2.68209804]
[-0.77842724 -0.48722891 -1.19380701  0.92495661]
[ 1.27943142  1.61676    -2.1330331   0.54275608]
[ 1.41647924 -0.83018795  0.43957839 -1.86074619]
[ 1.30288964 -0.10783299 -2.09882766 -0.68863087]
[-0.4234288  -0.78666825  1.40580626  1.13788935]
[-0.53170224  0.84381116  1.63261496  0.11349023]
[ 1.43058935 -0.57221389 -0.83039602 -2.00267134]
[ 1.36307645 -0.71224142  0.74245414 -0.65946093]
[-0.74396947 -0.84945336 -1.64270972  0.06359516]
[-0.76972581  0.18181489 -0.22699869  1.14098366]
[-0.78296671 -0.2819775  -0.74980077  1.16921867]
[-0.70060059  1.1250013  -1.59654859  0.38104681]
[ 1.4681497   0.16197049 -0.41812609  0.65025557]
[-0.75631136 -1.07570402 -0.04915927  0.44870793]
[-0.42494832 -1.36780268  1.51707385  0.25605184]
[-0.69943615  0.20983253 -1.89449839  1.01803491]
[-0.79170335  1.44754417 -0.00487533 -0.76123055]
[-0.59288034 -1.74927821  1.25431209 -1.4047024 ]
[-0.78472212  0.65995422 -0.50253781  0.75722365]
[-0.79051288 -1.28928778 -0.39344773 -0.38761774]
[ 1.46201958  1.22697689 -0.01214802  0.69992525]
[ 1.47181394  0.61291393 -0.57168374  0.90435863]
[ 0.7353468  -1.0513057   2.13763638  0.16431164]
[-0.78266867 -1.53351466 -0.02717976 -1.25750185]
[ 1.40536398 -0.42420052  0.39609319 -0.00304595]
[-0.78567529  1.10602668 -0.49758133  0.11326691]
[ 1.13364181  0.534172   -2.83429427  0.51319407]
[-0.74991125 -1.40012343  0.18166045 -0.39199878]
[-0.54729252 -0.03408087  1.1863448   1.22219559]
[ 1.38828987 -0.64557296 -1.0177566  -3.27545903]
[-0.73927131 -0.46142019  0.03392382  1.21045806]
[ 1.40222831 -0.23788346 -1.47225301 -0.79456235]
[ 0.80325088  1.37123952  2.50407435 -0.36027694]
[-0.67941452  0.43319093  0.75267677  0.86284778]
[ 1.34609179  0.05886285  0.75582452  0.91273426]
[ 1.43942064  2.20389662 -0.43140285 -0.68977726]
[-0.7911515   1.7858267   0.63329499 -2.00963936]
[-0.76234976  2.01856752 -0.46950077 -2.10383533]
[-0.76386419  1.12268043 -0.9926895   0.22235283]
[-0.79288195  2.04904706  1.04552167 -3.23547112]
[ 1.42912212 -0.1896822   0.16381495  0.37817424]
[-0.78708319 -1.13677138 -1.06666911 -0.38211647]
[-0.76556685  1.43432875  0.69441035 -1.00219586]
[ 1.44924865 -0.08633441 -1.10444354 -0.08908486]
[ 1.43550173  0.4492664  -1.38189687  0.65050116]
[ 1.15798624 -0.53204959 -1.98457646 -3.80688716]
[-0.77761119  0.10685663 -1.02070306  1.16677745]
[-0.79190142 -1.02637386 -0.84581935  0.14536093]
[ 1.37976491  1.81739815 -1.48800957  0.23795606]
[-0.77726291  0.69870392 -0.1155253   0.64755194]
[ 1.46520653 -0.17123816 -0.49262438  0.04347453]
[ 1.1829429   0.31023503  1.46094076  1.0679844 ]
[-0.76453842 -0.76207723 -0.23328231  0.916621  ]
[-0.75727786 -1.19174725 -1.41929148 -1.06254863]
[-0.78819998  1.22760918 -0.1299154  -0.22582852]
[ 1.45319866 -0.58205982 -0.24653622 -1.2659072 ]
[-0.74219409  0.39687654  0.24711588  0.95037837]
[ 1.4558247  -0.33543325 -0.80096714 -0.67942529]
[ 1.25490769 -0.33917472 -2.09561724 -1.77947267]
[-0.74472324 -0.5056244  -1.6430732   0.74734737]
[ 1.43958569 -0.55026648  0.10134928 -0.70434289]

Populations

0.0121235108227
0.0163147117426
0.0228122233028
0.00564809391409
0.0156307387719
0.0159750019886
0.00901384787688
0.0112562829627
0.0104065330607
0.00796497733797
0.00348691767843
0.0102060769299
0.0162724106761
0.000379611330863
0.0126223765375
0.0110383875235
0.00299488560498
0.00222577334203
0.0105582778093
0.00267150216801
0.0121155336797
0.00967551704567
0.016403902201
0.00916431886002
0.00283591429988
0.00627391612446
0.0125389122691
0.00112647089994
0.00834618009344
0.00202800551981
0.0176440120076
0.0130997359566
0.0112085745454
0.00957549050138
0.0152812119372
0.015148823224
0.00104170868664
0.00406394382127
0.00899178367756
0.00223604427013
0.0034448580136
0.00632856230036
0.00569242613449
0.010581621133
0.009561139832
0.00748073146484
0.00567026576952
0.0146519203202
0.0140153802614
0.00746091567653
0.0162595508852
0.0152572748941
0.00808409937062
0.00797708784803
0.0150273449232
0.00996684558354
0.0115904677058
0.0137013402629
0.00995562633694
0.0130758996581
0.00996726333512
0.0147731482465
0.0178456345325
0.0122119548511
0.00185640105251
0.0154177895277
0.005411542649
0.00305526020225
0.0118757263233
0.0110067462691
0.00465536614126
0.00936210867519
0.02030374653
0.00303877339595
0.00957033871582
0.00476450508973
0.00965954420628
0.00192176168043
0.0222113842415
0.0100479354616
0.0147779545167
0.0123513775014
0.0117884418076
0.00123649075273
0.0132416573569
0.0114232541346
0.00225756743242
0.0123502508997
0.0181013294597
0.0171084709763
0.0115316040564
0.0022261950668
0.017304273638
0.0147008949023
0.0113365229854
0.0236194136337
0.00527405726681
0.00489761910638
0.0113301940028

State labels

0
1
2
3
4
5
6
7
8
9
10
11
12
13
14
15
17
18
19
20
21
22
23
24
25
26
27
28
29
30
31
32
33
34
35
36
37
38
39
40
41
42
43
44
45
46
47
48
49
50
51
52
53
54
55
56
57
58
59
60
61
62
63
64
65
66
67
68
69
70
71
72
73
74
75
76
77
78
79
80
81
82
83
84
85
86
87
88
89
90
91
92
93
94
95
96
97
98
99

Eigen values

1.0
0.95004166258
0.263207194762
0.174900957372
0.169470189039
0.164631629362
0.160407067617
0.154432264539
0.146833979599
0.14261762998
0.139102454351
0.132204305335
0.128564200236
0.125571870796
0.122962711789
0.12117419247
0.113980716738
0.109434918803
0.107797726111
0.105584032628
0.102984578468

Left eigenvectors

[ 0.01212351 -0.01031804 -0.01181924 -0.00030489  0.00026071  0.00073558
  0.00262542 -0.00020844 -0.0017948  -0.00519173  0.00577413  0.01128859
  0.00451033 -0.00349942 -0.01022219  0.0101864  -0.00296691  0.00206964
 -0.01733362  0.02797852  0.00764883]
[ 0.01631471 -0.01399138  0.02551891 -0.00028836  0.00333486 -0.01210986
  0.00101288  0.0360834   0.0006687   0.01276651 -0.01097063 -0.01908796
 -0.01853858 -0.00490407  0.02682273 -0.00140664  0.02531728  0.00770047
  0.01407521 -0.01486113 -0.00938775]
[ 0.02281222  0.02741249 -0.00329551  0.00697822 -0.00724686 -0.01817435
 -0.04371886 -0.0072891  -0.0107172  -0.00895645  0.00631515 -0.00075593
 -0.01744066  0.01208114 -0.01608506 -0.04988376  0.03047055 -0.01958856
 -0.02507401  0.01273053 -0.01867704]
[ 0.00564809 -0.00503761 -0.00541942 -0.00038828  0.00199948 -0.00351886
 -0.00130966  0.01563376  0.0013579   0.01205167 -0.00551574 -0.00813206
  0.00090313  0.0059972  -0.00326949 -0.00600277 -0.0077762  -0.00834258
 -0.00078017 -0.00366158  0.00350575]
[ 0.01563074  0.01842892 -0.00103981  0.00895252 -0.0036589  -0.00839641
 -0.03663758  0.00027854 -0.0063802  -0.00292279  0.00090272  0.00395984
  0.00080572 -0.00485383 -0.00871693 -0.00231476 -0.00634282  0.0103369
  0.01764906  0.00291101 -0.00481195]
[ 0.015975   -0.01397559 -0.01162491  0.00085801  0.00620021  0.00167915
 -0.00296627 -0.01950693 -0.01080565  0.01512947 -0.0031251  -0.00018604
  0.0013226   0.02021109 -0.00085485  0.00629034 -0.00554295  0.00549723
  0.00166577  0.00090162  0.00866445]
[ 0.00901385 -0.00777721  0.02595528 -0.00894151 -0.01281765  0.00475398
 -0.00213709 -0.00195154 -0.00193847 -0.01667245  0.00406013  0.00356802
 -0.01449432  0.0104083   0.00629486  0.01363541  0.01287844 -0.00434893
 -0.00171722  0.0202713   0.0152532 ]
[ 0.01125628 -0.00973049 -0.00180661 -0.00256022 -0.00050298  0.00728311
 -0.00121611 -0.00596371 -0.00640302  0.00155252 -0.00353057 -0.00581552
  0.00788659 -0.00052256  0.0174334  -0.00406756 -0.00285213  0.01320912
  0.00066129  0.0003492  -0.00406688]
[  1.04065331e-02   1.25761949e-02  -2.07449360e-04  -2.37631793e-02
   1.41460227e-02  -1.33410399e-04   1.59037536e-03  -4.85164592e-03
   7.17323909e-05  -7.47840520e-03  -1.48219087e-02  -1.84522574e-02
  -8.02203616e-03   3.01595248e-03  -1.29840882e-02   1.65382412e-02
  -8.35713784e-03   9.47412716e-03  -5.32636027e-03  -4.01389961e-03
  -3.51827683e-03]
[ 0.00796498 -0.00677652  0.01363111 -0.00041573 -0.00384662  0.00021251
 -0.00089192 -0.00778167 -0.00536903 -0.00783797  0.00167875  0.01384898
  0.00635719  0.01278779 -0.0038158   0.00138272 -0.0048663   0.0073362
  0.01057496 -0.01259899 -0.01411789]
[ 0.00348692  0.00429414 -0.00171937 -0.0082456  -0.00617656 -0.00979495
 -0.00933006 -0.00044777  0.00814986  0.00678343  0.01725816  0.00507701
 -0.00303486 -0.00457126  0.00919551  0.00254915 -0.00668077 -0.00193957
  0.00135438 -0.00205323  0.00016812]
[ 0.01020608 -0.00861783 -0.01870595 -0.00151558  0.0078463   0.00370769
 -0.00022327 -0.02766231 -0.02128106  0.01685066 -0.00366308  0.00169967
 -0.01234875 -0.00404078  0.01713173 -0.00523701  0.01869696  0.02588038
  0.01146241 -0.01038082 -0.00331664]
[ 0.01627241  0.01816732  0.00249861 -0.01630114  0.02971753  0.02341324
 -0.01675359  0.01485891 -0.01297737 -0.00386979 -0.00446543  0.01786423
 -0.01060544 -0.02332004  0.00142036  0.00708724 -0.01501601 -0.01276529
  0.00432127  0.00169698  0.00650217]
[ 0.00037961  0.00029375 -0.0009984  -0.00202692 -0.00056198 -0.00130658
 -0.00266494  0.00022437  0.00346193  0.00215872  0.00378202  0.00278183
 -0.00132419 -0.00183438  0.00243937  0.00094689 -0.00108331 -0.00175415
  0.00191997  0.00022009  0.00153146]
[ 0.01262238 -0.01054329  0.0119639   0.00010831  0.00498761 -0.00517353
  0.00167518  0.00040129 -0.00637213  0.00706995  0.00290348  0.01677792
  0.00682861  0.01476295 -0.01656643  0.01937155  0.00070775 -0.00461735
 -0.00888385  0.01637356 -0.00360782]
[ 0.01103839  0.00989166 -0.00281435  0.00099758  0.00531268 -0.00843639
 -0.0069604  -0.01143848 -0.00749224 -0.00771482 -0.00946255 -0.00880801
 -0.02906049  0.00769649 -0.0142275  -0.01525019  0.00116672 -0.00269811
 -0.00229892  0.00436691 -0.00652378]
[ 0.00299489 -0.00256994  0.00315898  0.00257897  0.00735831 -0.00594417
  0.00095598  0.00280289  0.00299628  0.00860071 -0.00030425 -0.00433072
  0.0033716  -0.00250473 -0.01005578 -0.0056606  -0.0065794  -0.00897887
  0.00027493 -0.00782764  0.00263512]
[ 0.00222577 -0.00184684 -0.00266158  0.00427984  0.00992034 -0.0097233
  0.00253346  0.00436224  0.00289065 -0.00308412  0.0012535   0.00164416
  0.00155152 -0.00180404 -0.00063709 -0.0006523  -0.004956   -0.00181437
 -0.00408572  0.00590206 -0.00066351]
[ 0.01055828 -0.00964097 -0.00376714 -0.00411474 -0.01426464  0.00766237
 -0.00102796  0.00890201  0.00188087 -0.01793916 -0.00188987  0.00139295
  0.0006165   0.01134914  0.00077134  0.00592458 -0.0063799  -0.00722006
  0.00881126  0.00297806 -0.01953434]
[ 0.0026715   0.00332385 -0.00048981  0.00682691 -0.01158085 -0.01042093
  0.00111577 -0.00249058 -0.0053404  -0.00041794 -0.01535474  0.00254314
  0.00744274 -0.0050254  -0.00157678 -0.00121112  0.0044079  -0.00406453
  0.00524297  0.0059179   0.00532758]
[ 0.01211553 -0.01045429  0.01362831 -0.00338864  0.00382639 -0.00017781
 -0.00031715 -0.00766808 -0.00924271  0.00822546 -0.00198544 -0.00399768
 -0.0104963  -0.00094623  0.02230508  0.00017604  0.01197276 -0.00017547
  0.00253485  0.01232847  0.01242782]
[ 0.00967552 -0.00875807 -0.01547881 -0.00104716 -0.00038023  0.00159525
  0.0001921  -0.00106601 -0.00482442 -0.01054133  0.00053812  0.01039416
  0.00348138  0.01443492  0.00431528  0.01028586 -0.00467617  0.00589027
 -0.00350044  0.02169293 -0.0018008 ]
[ 0.0164039  -0.01457416 -0.03174961 -0.00582585 -0.01638382  0.01108805
 -0.0004904   0.01528352  0.00363219 -0.00345135 -0.00523894 -0.01261739
 -0.00457808  0.00022102  0.00484999 -0.00075554 -0.00061904 -0.01252804
 -0.00487269  0.00122532  0.00021413]
[ 0.00916432  0.01104058 -0.00142075 -0.00987818 -0.00208288 -0.00816289
 -0.00849194  0.00061986 -0.00177758 -0.00175135 -0.00274582  0.01045249
 -0.01864242 -0.00865498  0.00315611 -0.0017718  -0.01344348  0.000311
 -0.00785561 -0.00537477 -0.00286964]
[  2.83591430e-03  -2.35273388e-04   1.85297963e-04   4.13802266e-04
  -1.73123151e-03   2.18804945e-03  -8.70376925e-03   4.73163095e-05
  -2.60824484e-03   5.37031893e-03   1.97421585e-03   9.57662841e-03
   1.88680203e-03   6.20529206e-03  -9.30892656e-03  -2.60683699e-03
  -5.21821909e-03   4.18919084e-03   4.27407483e-03  -3.48314738e-04
  -4.16793387e-03]
[ 0.00627392 -0.00546599  0.01116097  0.00251499 -0.00696599  0.00421499
 -0.00427009 -0.00765655  0.00819753 -0.00411149  0.00349047  0.00578156
 -0.00230665 -0.0031917  -0.0151314   0.00130229  0.00306382  0.01541092
 -0.00475445 -0.0085479   0.0199317 ]
[ 0.01253891  0.01445173 -0.00153064 -0.01349735 -0.01180467 -0.01393571
  0.0042023   0.00477279 -0.0107583  -0.00310368  0.02281764 -0.01114612
  0.01454471  0.00879278 -0.00230594 -0.02302329  0.0137038   0.0061401
 -0.00965925 -0.0043231   0.0047465 ]
[  1.12647090e-03   8.46549784e-04   7.14494219e-04  -9.54514576e-04
   4.38361870e-03   2.06833005e-03  -2.00912780e-03   1.18334192e-03
  -2.83920434e-03  -1.56905152e-03   3.68358411e-05  -6.47266878e-03
   1.00213991e-02   7.62622672e-04   7.02166082e-04   3.87140946e-03
  -1.78800901e-04   2.70439500e-04   2.51631437e-03  -1.37197905e-03
   1.71042468e-03]
[ 0.00834618 -0.00732018 -0.00925058  0.0014966   0.00257694  0.00110108
  0.00184409  0.00227681 -0.00012384  0.00324335 -0.00638012  0.00134551
  0.00511997  0.00074826  0.00166681 -0.01614269 -0.01118927  0.02189555
  0.00672336 -0.00084956 -0.01363636]
[ 0.00202801  0.00242253  0.00038313 -0.00135289  0.00198688  0.00633828
  0.012996    0.00230006  0.00154951  0.00080705  0.00147454  0.00580973
 -0.00056242  0.00564573 -0.00134739 -0.01009716  0.00561689 -0.0009017
  0.00052744  0.00141501  0.00149966]
[ 0.01764401 -0.01449195  0.00493163 -0.00651855 -0.0109861   0.01147356
 -0.01035376  0.00219277 -0.00801433  0.01116157  0.00233494  0.02112037
  0.00684474  0.01053115 -0.01738753  0.01195784 -0.00946751 -0.0063914
 -0.02250702  0.01788685  0.01032695]
[ 0.01309974  0.01033615  0.00582796 -0.00571676  0.0223454   0.01814152
  0.02243039 -0.00283034  0.01669352  0.01125641  0.00447933 -0.01373865
  0.00977326 -0.00251613 -0.01251843  0.00893436  0.00034072 -0.00418436
  0.03523994  0.02111326  0.00644331]
[ 0.01120857  0.0134255  -0.00089914 -0.01086505 -0.00289912 -0.00598376
 -0.01256831  0.00282927  0.00130234  0.00418215  0.03736831 -0.0130367
  0.02431062  0.00700047  0.00580793  0.00451756 -0.00258762  0.01551428
  0.00183244 -0.00736102 -0.00014419]
[ 0.00957549 -0.00824164 -0.015043   -0.00018594 -0.0116444   0.0049895
  0.00127779  0.00668327  0.00951798 -0.01052891  0.00096497 -0.00532155
 -0.00243617 -0.00629038 -0.00374324  0.0051038   0.01106676 -0.01591775
  0.00579626 -0.0107127  -0.01632869]
[ 0.01528121  0.01829824  0.00049796 -0.00156292  0.0009725  -0.00679615
 -0.0190948  -0.00188047  0.00161501 -0.00766111 -0.01366213 -0.0181308
  0.03599208  0.00110697  0.00431331  0.01551454  0.00439535  0.0135119
  0.01774706 -0.00014173  0.00865368]
[ 0.01514882 -0.01288558  0.02843151  0.0018308  -0.00934204 -0.00367474
 -0.0009935   0.01033255  0.01084952 -0.0209623   0.00261326  0.01255367
 -0.00339355  0.00293146 -0.01723036  0.00199427  0.00401671  0.02682507
  0.00911071 -0.00860241  0.00284457]
[  1.04170869e-03  -9.33798359e-04  -2.62385715e-03   1.80935175e-03
   4.68500654e-03  -3.74553202e-03   1.78001446e-03  -3.93060444e-03
  -7.06310566e-04  -2.58932187e-03   1.26236618e-03  -1.06947549e-05
  -2.27997537e-03  -7.05942252e-04   4.86491961e-03  -5.33431258e-04
   2.60593708e-03   1.60515666e-03   3.26406057e-03  -2.72554427e-03
   3.49954529e-03]
[  4.06394382e-03  -3.50527850e-03   7.20806868e-03  -2.86792882e-04
  -4.44344523e-03   3.43222674e-03   9.54214806e-05  -4.33209624e-03
   4.22241818e-04  -1.42811489e-03  -1.17273188e-03  -9.09930556e-03
  -3.10533827e-03  -5.17735231e-03   9.23610691e-03  -8.42811495e-03
  -8.44743917e-03  -4.63567184e-03  -2.09048429e-03  -1.50489665e-03
  -3.11381073e-03]
[ 0.00899178 -0.00788522  0.00901492 -0.00118174 -0.00254313  0.00283029
 -0.00184231 -0.01485331 -0.00454284 -0.00312703  0.00441799  0.01095289
 -0.00227977  0.0064157  -0.00651401  0.00911152  0.01067753 -0.00630394
  0.00678836 -0.02238269  0.01878725]
[ 0.00223604  0.00257227 -0.00052031 -0.00447821  0.00186983 -0.00136353
  0.00241914 -0.00356602 -0.00072914 -0.00127276 -0.00549708 -0.00917428
 -0.00825966  0.00248567 -0.00572684  0.01113174 -0.0057447   0.00507086
 -0.0025256  -0.00104729 -0.00299682]
[ 0.00344486  0.00398137 -0.00066631 -0.01341254  0.0049338  -0.00022623
  0.00646372 -0.00287993 -0.00043057 -0.00247673  0.00242169 -0.01050233
 -0.01020571  0.00481178 -0.00923262  0.00102731  0.00183178  0.00161897
  0.00281877  0.00396317 -0.00230374]
[ 0.00632856  0.00775253 -0.00048315 -0.00512766  0.00029208 -0.00212449
  0.00700184 -0.0021172  -0.00480525 -0.00692573 -0.03553683  0.01151963
 -0.00232936 -0.00445438 -0.0006952  -0.00216634  0.00028952 -0.00536015
 -0.01772557 -0.01556733  0.00125776]
[ 0.00569243 -0.00374379  0.003159    0.00036398  0.00444323  0.001748
  0.00497714 -0.01790951  0.0002849  -0.00546561  0.00573783  0.00450342
  0.01002894 -0.00497436 -0.00549815  0.00155586  0.00085885 -0.00473835
  0.00143473  0.00404714 -0.00675608]
[ 0.01058162 -0.00920479 -0.004131   -0.00019721 -0.00763365  0.00658589
  0.00617931 -0.00837813  0.00970403 -0.01987916  0.00382575 -0.00692147
  0.00635586 -0.01515512  0.00084729 -0.00189189 -0.0049138  -0.01913184
  0.00600447 -0.00686144 -0.01330721]
[ 0.00956114  0.01144368  0.00026737  0.00979543  0.00526559  0.00752838
 -0.01113317  0.00820491 -0.01043942 -0.00594033 -0.00484519  0.00753253
 -0.00734681 -0.01102919  0.00443315 -0.0007633  -0.00512527 -0.00083731
 -0.00086852 -0.01036927  0.00072828]
[ 0.00748073  0.00870028  0.000705   -0.00075407  0.0050684   0.00126379
  0.00072585  0.00603108 -0.01454089 -0.00417385 -0.00161897 -0.00336608
 -0.01048913 -0.01184086 -0.00729012  0.00801121 -0.01034003  0.0038024
  0.01645256  0.00397101  0.00217414]
[  5.67026577e-03  -5.06465188e-03   4.98877849e-03  -6.02042859e-05
   5.20910317e-03  -3.55746226e-03  -2.71024755e-03  -1.39832170e-03
  -1.03113612e-02   1.63820820e-02  -2.99160549e-03  -1.15480730e-03
  -3.64401053e-04   7.11831931e-03   1.07662716e-02  -4.73331239e-03
  -5.49191649e-03   4.88321603e-03  -8.63201378e-03   5.39776368e-03
   8.72694799e-03]
[ 0.01465192 -0.01296621 -0.00259882 -0.00472902 -0.01400177  0.01282981
 -0.00598246  0.00272893 -0.00373166 -0.00139102 -0.00459457 -0.0051688
 -0.00260823  0.01257814  0.00675298 -0.00735968 -0.01962379  0.00258357
 -0.00754201  0.01343231  0.0239008 ]
[ 0.01401538 -0.0127205   0.01158269 -0.00189493 -0.00286145  0.00014787
  0.00131747 -0.01454136 -0.01150382 -0.00443804  0.00212215 -0.0015797
 -0.00289346 -0.00096593  0.02336069 -0.00028393 -0.0062873  -0.00473269
 -0.01429039  0.0094399  -0.00249095]
[ 0.00746092 -0.0067107  -0.00779797  0.00132451  0.00725155 -0.00142776
  0.00147913 -0.01860186 -0.01002142  0.0097413   0.00370394  0.00960942
  0.0032645  -0.00701663 -0.00673125  0.00157668  0.0100258   0.01293041
  0.00537405 -0.00947101 -0.01118133]
[ 0.01625955  0.01927243  0.00100819  0.01241827  0.00541232  0.01925431
  0.01965118  0.01918325 -0.03527497 -0.01176661  0.02481298  0.00195029
  0.02575855 -0.00826057  0.00074463 -0.01487694  0.01674922 -0.00907421
 -0.00649821 -0.00204187  0.01498313]
[  1.52572749e-02  -1.30870256e-02   1.00111268e-02  -8.61350529e-06
  -3.81098435e-03  -4.25470598e-03  -7.54726304e-03   1.30514612e-02
   3.42344901e-05   4.63055776e-03  -4.88650529e-03   5.12818214e-03
   4.92147656e-03   3.27978783e-02  -2.01553220e-02  -1.61607923e-02
  -2.53985857e-02   2.45086316e-03   2.27949001e-02  -2.49136356e-02
  -1.33712378e-02]
[ 0.0080841  -0.00574171  0.008159   -0.00465836 -0.00063417  0.00329144
 -0.00129392  0.01124818 -0.00510882  0.01081384 -0.00524738 -0.00784034
  0.01068957  0.01383586  0.01067388 -0.00153414 -0.00447956 -0.00411454
  0.00759079 -0.0015245  -0.00803566]
[  7.97708785e-03  -6.82005345e-03   5.87970838e-03  -3.13226543e-03
  -7.61810126e-03   7.87925508e-03  -2.28552992e-03  -2.87168482e-03
  -3.41098528e-03  -5.64472022e-03  -1.11727989e-03  -1.96901545e-03
   1.92520291e-03   2.62652679e-03   8.41615424e-03   8.14893314e-05
  -5.27407634e-03  -1.59357785e-02   6.96646734e-03  -1.36397142e-03
  -1.00767040e-02]
[ 0.01502734 -0.0133258  -0.03722273 -0.00504914 -0.00612931  0.00473977
 -0.00297305  0.01040756  0.01148608  0.00622364  0.00794849  0.00188326
 -0.0020902  -0.0068385  -0.00950895  0.01426059  0.01494767 -0.01439418
 -0.00069604 -0.00477821  0.02872309]
[ 0.00996685 -0.00799322  0.01632607  0.00103419  0.00169955 -0.0058339
  0.00235959  0.00374921 -0.00585136 -0.00911076  0.00475925  0.00496206
 -0.00810536 -0.00867123  0.01214221  0.01023206  0.01047066  0.00418648
  0.00050958  0.00637704 -0.00430031]
[ 0.01159047 -0.01043545 -0.0166936   0.01148722  0.02040017 -0.02076094
  0.00388105  0.00532866  0.00618934 -0.00620147 -0.00044929 -0.00452157
 -0.0053182   0.00814758  0.01003876 -0.00457417 -0.0031857   0.00068894
  0.00074785 -0.00394093  0.01725741]
[ 0.01370134 -0.01154079  0.01703519 -0.00207502 -0.00468593  0.00902069
  0.00489664 -0.02725349  0.00284575 -0.01637632  0.00481435 -0.01413264
  0.0020167  -0.01170418  0.0174177  -0.01316622 -0.01924216 -0.02732583
  0.00353002  0.00280266 -0.00332151]
[ 0.00995563  0.01186858 -0.00256886 -0.00727666 -0.01743293 -0.02088182
  0.00681741 -0.00543885 -0.00216002  0.00230559  0.00872495 -0.01098647
 -0.00783835  0.01013534 -0.01025367 -0.0178016   0.00938673 -0.00307572
  0.00332089  0.00668992 -0.00434461]
[ 0.0130759   0.01587397 -0.00059408 -0.0077878   0.0070306   0.00376042
 -0.00230774  0.00576931 -0.00929368 -0.00841319 -0.0071829   0.00196936
 -0.00884725 -0.0064776  -0.00701549 -0.00575504 -0.00468924  0.00477574
  0.0132084   0.00216691  0.00425643]
[ 0.00996726  0.00848675  0.00407538  0.00635146  0.00570537  0.01564306
  0.00023058  0.00809223  0.0048746  -0.0030114  -0.01451467  0.02767639
  0.01275053  0.00187383  0.00533578 -0.01445221  0.00333617  0.00397443
  0.00930451 -0.00106362  0.00317306]
[ 0.01477315 -0.01304738  0.0216673   0.00326565  0.01804616 -0.02112848
  0.00276809  0.02315559 -0.00419372  0.02741125 -0.00192244 -0.0006673
 -0.00115506 -0.01332277  0.00345423  0.01008792  0.01686911 -0.00516059
 -0.01642234  0.01525431 -0.02074929]
[ 0.01784563  0.02080525 -0.00075543 -0.00621721  0.01857986  0.00635591
 -0.01949489  0.00607552  0.00733188  0.00511245  0.00318472  0.02226831
 -0.01875056 -0.02279351  0.00791094  0.00623504 -0.01543343 -0.00840925
  0.0217596   0.00977414 -0.00039281]
[ 0.01221195 -0.01112304 -0.02030505 -0.00815541 -0.02287233  0.01812351
 -0.00770357  0.01564878  0.00159291  0.00678602 -0.00433169 -0.00193333
 -0.00398744  0.00248057 -0.01288396  0.01007721  0.01235783 -0.01224818
  0.00329071 -0.01388428 -0.0101144 ]
[ 0.0018564   0.00230984 -0.00044947 -0.00918209 -0.00424459 -0.00860154
 -0.00117335 -0.00120024  0.00030726  0.00074392 -0.00139374  0.00285643
 -0.00021314 -0.00559904  0.00220373  0.00460342 -0.00611326  0.00012932
 -0.00494567 -0.00267912  0.00057762]
[ 0.01541779 -0.01248199  0.02659606 -0.00112086 -0.00604537  0.01469519
 -0.00364554 -0.00440804  0.0147542   0.0154873  -0.00342047 -0.01638071
  0.00176861 -0.02335605 -0.01803406 -0.01666229 -0.01033008 -0.00074937
 -0.00717918  0.01017043  0.01076775]
[ 0.00541154 -0.00450448 -0.00377589  0.00101756  0.00504923 -0.00020264
  0.00307268  0.00469768  0.00631922  0.00035786 -0.0031798  -0.00686548
  0.00502561 -0.00264563  0.0022874  -0.00922063 -0.00720335  0.00630871
  0.00194201  0.00824173  0.00364547]
[  3.05526020e-03   3.65502905e-03   3.54591788e-04  -1.09614908e-03
   4.19378308e-03   7.55905317e-03   1.30248813e-02   1.81328238e-03
   2.03206239e-03   1.43267554e-03  -9.87812002e-05   4.66430042e-03
  -9.76951947e-03   5.52182057e-03  -3.47955312e-03  -9.08711402e-03
   1.99712581e-03  -1.63580208e-03  -1.34950026e-04   2.39634838e-03
  -2.48471119e-05]
[ 0.01187573 -0.01026365  0.01197775  0.00325033 -0.00101588  0.00290687
  0.0001449  -0.01573312  0.01021719  0.00845723  0.00440818 -0.00279053
  0.00170246 -0.02286999 -0.01957089 -0.01146631  0.00142106  0.02085281
 -0.0110967  -0.00572359  0.01850242]
[ 0.01100675  0.01332791  0.00033787 -0.02641625  0.00816194  0.00273662
  0.0146672  -0.00206     0.01483906 -0.00128641 -0.01387231  0.0159537
  0.01648715 -0.00084736  0.01215614  0.0007446   0.00335685  0.00012003
 -0.01691297 -0.01410046  0.00283028]
[ 0.00465537  0.00430478  0.00048673  0.02670177  0.00036521  0.00568261
 -0.00940151 -0.01223086  0.02325172  0.00637028 -0.00497116 -0.01056876
 -0.00898239  0.01213744 -0.00024209  0.00846369  0.00516952  0.00024716
 -0.00756659  0.00170303 -0.0041936 ]
[ 0.00936211 -0.00855762  0.00213097 -0.00084757 -0.0048745  -0.00114786
 -0.0013876   0.00171938  0.00253105 -0.00432922  0.00386706  0.00293173
 -0.00593108  0.00107095 -0.00820306  0.01073625  0.01350714 -0.01770939
  0.00397693 -0.02551074  0.01972487]
[  2.03037465e-02   2.41218038e-02  -4.64539574e-04  -1.21248500e-02
   2.25593740e-03   5.16084247e-05  -8.11731100e-03  -9.13296832e-03
   3.56964786e-02   1.09399357e-02  -4.89928757e-03   1.86830627e-02
   6.34499186e-03   1.29709777e-02   1.01642350e-02  -1.46991661e-02
   1.38479931e-02  -2.12944839e-03   1.07840397e-02   1.11141694e-02
  -1.06617518e-03]
[  3.03877340e-03   3.62155386e-03   5.25220922e-05   3.02804754e-03
  -6.78392237e-04  -2.51623958e-03  -4.68072394e-03  -4.95532093e-03
   7.14033287e-03   2.34611243e-03  -1.30677768e-02  -7.74149477e-04
   2.47110244e-03   4.83444887e-04  -2.29592310e-03   1.72328475e-03
   5.41603219e-03  -4.23835505e-03   1.21828208e-02   1.23633970e-02
   2.08565203e-03]
[ 0.00957034 -0.00820866 -0.01357408 -0.00559202 -0.00157626  0.00777884
  0.00130147 -0.01729714 -0.00794602 -0.00157038  0.00159099 -0.00305005
 -0.00886053  0.00054583  0.00827231  0.00217522  0.01173065 -0.00444615
  0.01702824 -0.00306681 -0.00216242]
[  4.76450509e-03  -4.33132956e-03  -1.18373074e-03   2.48961810e-03
   3.28733942e-03  -5.08170010e-03   3.07834178e-03  -5.68276482e-03
   2.95833778e-03  -1.10699688e-02   3.09076031e-03  -4.22481101e-04
  -6.17704948e-04   3.64617478e-06   1.79388807e-03  -2.51046836e-03
  -2.75784099e-03  -3.11158163e-03   3.86224931e-03  -7.15303295e-03
   4.08523361e-03]
[  9.65954421e-03  -8.82983801e-03  -1.16003005e-02  -2.43803336e-05
   4.42832866e-03  -1.38313589e-03   2.21883832e-03  -8.04994775e-03
  -8.72690677e-03   3.70468252e-03   3.64448016e-04   6.52019650e-03
   7.83166881e-03  -3.63662604e-05   1.03472858e-03   4.84226148e-03
   3.96806965e-03  -1.40957573e-03  -3.00800613e-03   2.72140746e-03
  -2.92976335e-02]
[ 0.00192176 -0.00177549 -0.00387122 -0.00053493 -0.00178134  0.00275973
 -0.00082555 -0.00083726  0.00022751  0.0026473  -0.00101883 -0.00210996
  0.00047676 -0.00284254  0.00064236 -0.00278624 -0.00068141  0.00396096
 -0.0047061  -0.00092943  0.00596559]
[ 0.02221138  0.0265562  -0.00257322  0.01332597 -0.0323498  -0.02397396
  0.02011122 -0.0063149   0.0051739   0.0150976   0.00961093  0.01179353
  0.00264459 -0.00924808  0.00722452 -0.00462826  0.00010107 -0.01064884
  0.0127205   0.01202472 -0.00252787]
[ 0.01004794 -0.00848805  0.01205668 -0.001834    0.01149148 -0.00852842
  0.00101606  0.00039167 -0.01316173  0.02901423  0.0017692   0.00798875
  0.00270712 -0.00252701 -0.00693057  0.01649919  0.01808355 -0.01704871
 -0.00517189 -0.00154083 -0.01642151]
[ 0.01477795 -0.01332519 -0.02558465 -0.00782909 -0.01147223  0.02074746
 -0.00851696  0.00647517 -0.00693873  0.02995235 -0.01131296 -0.01116341
  0.00171908 -0.00208403 -0.00141832 -0.01204317 -0.01293469  0.00512416
 -0.00991144  0.00714912  0.01524452]
[ 0.01235138  0.01445312 -0.00041977  0.04155754 -0.00252095  0.01246188
 -0.00228756  0.00546064 -0.0162612  -0.00110736  0.01644052 -0.01237714
 -0.01184018 -0.00407875 -0.00167988  0.00955315 -0.00486258  0.00027853
  0.00448805  0.00722222  0.00611155]
[ 0.01178844  0.01401527 -0.00011945  0.0119154  -0.0043542   0.00700992
  0.01160142 -0.00193083  0.01794417  0.00794905  0.00024633  0.01508612
  0.00034248  0.00954353  0.01918403 -0.00308904  0.00025183  0.00170116
 -0.01517884 -0.01287801 -0.00298158]
[  1.23649075e-03   1.53512827e-03   5.40069286e-05   1.65656657e-03
   2.41908270e-03   3.69487527e-03  -2.53404597e-03   2.38134742e-03
  -5.40465016e-03  -2.86015744e-03   4.17631416e-03  -1.57933486e-03
  -2.18484067e-03  -9.25203644e-04  -9.55023983e-04  -1.42137259e-03
   1.74807712e-03  -2.56693655e-03  -7.25859891e-03  -5.27117516e-04
  -4.89917009e-04]
[ 0.01324166 -0.01165615 -0.00454928  0.00442129 -0.00559205  0.00072598
  0.00360681  0.01789535  0.02239763 -0.0182863   0.00260302  0.00565902
  0.00786737 -0.03245133 -0.01580285  0.0009142   0.01591054  0.03440776
 -0.01269199  0.01431258 -0.02447191]
[ 0.01142325 -0.0093547   0.01354727  0.00216187 -0.00176114 -0.00786275
 -0.00117575  0.00838811  0.00130849 -0.01623847 -0.00280283  0.00200514
 -0.00033515  0.01801763  0.01152682 -0.01120942 -0.01624447  0.01073141
 -0.00122951 -0.00172384  0.0009421 ]
[ 0.00225757  0.00283055 -0.00054675  0.00027118 -0.01076904 -0.01206672
  0.00099216 -0.00322913 -0.00215771  0.00039032 -0.01034545 -0.00302781
  0.00745091 -0.00291483 -0.0005582   0.0027758   0.00205478 -0.00086659
  0.00247056  0.00496526  0.00482802]
[ 0.01235025 -0.01102309 -0.01941997  0.00614573  0.01024831 -0.0122403
  0.00720028  0.00257787  0.00416495 -0.02905444  0.0030286   0.00583203
 -0.00025221  0.00583143  0.01313537  0.00068652 -0.01137916  0.00539652
 -0.0046408   0.01899302  0.00101543]
[ 0.01810133  0.02161565  0.00087424  0.01973327  0.00767371  0.01468404
 -0.01459955  0.00424198 -0.0192948  -0.0177417  -0.01024392 -0.01865374
  0.02552264  0.00131328  0.00336168  0.01128286  0.01711079 -0.00639734
 -0.01833871 -0.01018099  0.00308299]
[ 0.01710847  0.01926706 -0.00020333 -0.00280712 -0.02434952 -0.01814827
  0.03484589  0.00087965 -0.01083242  0.00638242  0.00274204 -0.00516575
  0.00492382 -0.00383848  0.00410907  0.02546167 -0.01964436  0.00977219
 -0.01423627 -0.01808358  0.00021404]
[ 0.0115316  -0.00964017  0.00644122  0.01251407  0.02485926 -0.02115798
  0.00266829 -0.01084925  0.0040018  -0.00168807  0.00386711 -0.0040535
  0.01147021  0.00603646 -0.01323003 -0.00264532 -0.01479575 -0.02646972
 -0.0067422  -0.00930227  0.00066907]
[ 0.0022262  -0.00201998  0.00348124  0.00017912 -0.00078822  0.00287009
  0.00118832 -0.00629278  0.00259842  0.00201747  0.0002212  -0.0069167
  0.00151688 -0.0139504  -0.00040449 -0.00812662 -0.00316783 -0.0001563
 -0.00063159 -0.00329167 -0.0024842 ]
[ 0.01730427 -0.01485135 -0.02384836  0.01632652  0.02903483 -0.03073322
  0.00736846  0.00455581  0.00895104 -0.0147321   0.00670992  0.00735992
 -0.00315228 -0.00124447 -0.00879054 -0.0016054   0.0028758  -0.00080556
  0.00374242 -0.01411195  0.01415518]
[  1.47008949e-02   1.76393020e-02   5.01364746e-05   8.48785023e-03
  -1.58953752e-02   1.54336924e-03   5.01933487e-02   2.89857487e-03
  -7.32811438e-04   1.73273932e-02   6.94010648e-03   4.55917319e-03
  -1.02094948e-02   2.70835623e-03  -5.13061107e-03   6.01565992e-03
  -1.11718486e-02  -2.21530148e-03   1.63717423e-02   7.80645614e-03
   2.54767208e-03]
[ 0.01133652 -0.00999237 -0.00417792 -0.00013694 -0.0034402   0.00239363
  0.00362042  0.00439048  0.00606374  0.00117592  0.00027651 -0.00416751
  0.00244808 -0.0223336  -0.00526335 -0.00312884  0.00594877  0.00190064
 -0.00306484  0.00040781 -0.01780507]
[ 0.02361941  0.0282002   0.00050869  0.04171284 -0.01399582  0.01517368
  0.01565163 -0.00051585  0.00792663  0.01173514  0.01208019 -0.00925734
 -0.0172061   0.01042911  0.00904308  0.03228094 -0.02513917  0.017783
 -0.02296757 -0.02080771 -0.01758651]
[  5.27405727e-03   6.27130870e-03   5.02690263e-04  -2.21605356e-02
   7.95409215e-03   3.46469804e-04   6.03777981e-04  -3.39053622e-03
   5.36921125e-03  -5.23654131e-03   5.76259954e-03  -1.41053115e-02
   5.81440465e-05   1.03683667e-02  -6.06154994e-03  -1.59733726e-03
   1.10571174e-02   2.27231169e-03  -8.66915027e-03   3.80033863e-03
  -1.71406640e-03]
[  4.89761911e-03  -4.49036075e-03   4.69979043e-03   4.75436525e-04
  -1.49741382e-03  -5.50392545e-03   7.72168817e-05   2.05418542e-02
   7.11003405e-03  -3.07502735e-03  -4.35552962e-03  -7.87537077e-03
  -9.36598422e-03   1.37572654e-03   7.54583821e-03   4.05230260e-04
   1.15161903e-02   8.35213939e-03   7.09897984e-03  -5.69616789e-03
   7.08252365e-03]
[ 0.01133019  0.01320529  0.00133687 -0.00520903  0.0140561   0.01341455
 -0.00899881 -0.00717555  0.03268753  0.00352866 -0.00554485 -0.00096604
  0.01239728  0.01130526  0.01883494  0.00636905  0.01158058 -0.00305833
 -0.01392111 -0.00318929 -0.00432397]

Right eigenvectors

[ 1.         -0.85107673 -0.97490269 -0.02514852  0.02150447  0.06067348
  0.21655574 -0.01719282 -0.14804304 -0.42823661  0.4762758   0.93113192
  0.37203194 -0.28864778 -0.84317091  0.8402183  -0.24472361  0.17071323
 -1.42975251  2.30778989  0.63090924]
[ 1.         -0.85759265  1.56416554 -0.01767507  0.2044082  -0.74226609
  0.06208403  2.21170928  0.04098752  0.78251528 -0.67243809 -1.16998467
 -1.13631035 -0.30059194  1.64408225 -0.08621913  1.55180679  0.47199555
  0.86273092 -0.91090339 -0.57541599]
[ 1.          1.20165805 -0.14446266  0.3058981  -0.31767439 -0.79669331
 -1.91646656 -0.3195262  -0.4698008  -0.39261634  0.27683203 -0.03313699
 -0.76453116  0.52959072 -0.70510689 -2.18671204  1.33571157 -0.85868691
 -1.09914822  0.55805754 -0.81872937]
[ 1.         -0.89191296 -0.95951291 -0.06874518  0.35400892 -0.6230174
 -0.23187601  2.76797023  0.24041664  2.13375814 -0.97656634 -1.43978761
  0.15989957  1.06180986 -0.57886695 -1.06279579 -1.37678256 -1.47706144
 -0.13813043 -0.64828659  0.62069689]
[ 1.          1.17901781 -0.0665235   0.57275066 -0.23408378 -0.53717308
 -2.3439442   0.01782021 -0.40818313 -0.18698968  0.05775257  0.25333678
  0.05154744 -0.31053082 -0.55767848 -0.14809047 -0.40579155  0.66131888
  1.1291252   0.18623644 -0.30785189]
[ 1.         -0.87484106 -0.72769389  0.05370939  0.38811957  0.10511079
 -0.18568192 -1.22109075 -0.67641019  0.94707137 -0.19562414 -0.01164589
  0.08279178  1.26516984 -0.05351156  0.39376135 -0.34697661  0.34411434
  0.10427357  0.05643959  0.54237536]
[ 1.         -0.86280737  2.87948981 -0.99197432 -1.42199546  0.52740856
 -0.23708932 -0.21650503 -0.2150545  -1.84964795  0.45043262  0.39583781
 -1.60800559  1.15470148  0.69835439  1.51271825  1.42873967 -0.48247185
 -0.19050866  2.24890681  1.69219618]
[ 1.         -0.86444925 -0.16049795 -0.22744785 -0.04468404  0.64702616
 -0.10803796 -0.52981169 -0.5688394   0.13792464 -0.31365313 -0.51664651
  0.70063911 -0.0464236   1.54877056 -0.36135939 -0.25338142  1.17348864
  0.05874883  0.03102242 -0.36129824]
[ 1.          1.20849036 -0.01993453 -2.28348664  1.35934058 -0.01281987
  0.15282471 -0.46621155  0.00689302 -0.718626   -1.42428882 -1.77314167
 -0.77086539  0.28981338 -1.24768625  1.58921719 -0.80306648  0.91040187
 -0.51182851 -0.38570959 -0.33808347]
[ 1.         -0.85078941  1.71138079 -0.05219438 -0.48294185  0.02668012
 -0.11197966 -0.97698576 -0.67407988 -0.98405373  0.210766    1.73873472
  0.79814279  1.60550267 -0.47907265  0.17360038 -0.61096177  0.9210578
  1.32768217 -1.58179881 -1.7724961 ]
[ 1.          1.23150151 -0.49309165 -2.36472326 -1.77135158 -2.80905798
 -2.67573333 -0.12841446  2.33726824  1.94539343  4.94940336  1.45601624
 -0.87035686 -1.31097309  2.63714598  0.73105988 -1.91595355 -0.55624307
  0.38841882 -0.58883753  0.04821481]
[ 1.         -0.84438258 -1.8328248  -0.14849809  0.76878711  0.36328226
 -0.02187607 -2.71037626 -2.08513662  1.65104211 -0.3589117   0.16653489
 -1.2099405  -0.39591941  1.67858083 -0.51312657  1.83194344  2.53578113
  1.12309614 -1.01712117 -0.32496742]
[ 1.          1.11644892  0.15354871 -1.00176579  1.82625251  1.43883049
 -1.02957019  0.91313525 -0.79750778 -0.23781306 -0.27441725  1.09782312
 -0.65174367 -1.43310309  0.08728663  0.43553706 -0.92278951 -0.78447446
  0.26555815  0.10428593  0.39958243]
[ 1.          0.77381664 -2.63006221 -5.33945609 -1.48041071 -3.44189419
 -7.02017239  0.5910398   9.11965919  5.68665148  9.96286456  7.32808974
 -3.48828985 -4.83225968  6.42596556  2.49437578 -2.85372812 -4.62091655
  5.05772114  0.57977357  4.0342826 ]
[ 1.         -0.83528536  0.94783252  0.0085807   0.39514007 -0.40986988
  0.13271541  0.03179224 -0.50482829  0.56011264  0.23002648  1.32922072
  0.54099207  1.16958592 -1.31246527  1.53469941  0.05607097 -0.36580706
 -0.70381767  1.29718494 -0.28582694]
[ 1.          0.89611441 -0.25496019  0.09037354  0.48129106 -0.76427727
 -0.63056327 -1.03624516 -0.67874396 -0.69890844 -0.85724027 -0.79794355
 -2.63267517  0.69724775 -1.28891073 -1.38155977  0.10569627 -0.24443016
 -0.20826638  0.39561163 -0.59100848]
[ 1.         -0.85810978  1.0547918   0.86112524  2.45696009 -1.98477306
  0.31920348  0.93589087  1.00046715  2.87179979 -0.10159001 -1.44603968
  1.12578575 -0.83633621 -3.35765024 -1.8900873  -2.19687825 -2.99806913
  0.09180043 -2.6136707   0.87987189]
[ 1.         -0.82975304 -1.19579905  1.92285354  4.4570285  -4.36850596
  1.13823667  1.95987601  1.29871786 -1.38564017  0.56317446  0.73869183
  0.69706858 -0.81052104 -0.28623436 -0.29306536 -2.22664135 -0.81516484
 -1.83564106  2.65169105 -0.29810155]
[ 1.         -0.91311939 -0.35679477 -0.38971659 -1.3510383   0.72572123
 -0.09736029  0.84313105  0.17814213 -1.69906119 -0.17899399  0.13192956
  0.05838996  1.07490423  0.07305557  0.56113109 -0.60425552 -0.68382894
  0.83453584  0.28205903 -1.85014438]
[ 1.          1.24418884 -0.18334716  2.55545774 -4.3349593  -3.90077441
  0.41765754 -0.93227801 -1.99902577 -0.15644565 -5.74760668  0.95195073
  2.7859773  -1.88111394 -0.59022406 -0.45334979  1.64997002 -1.52143903
  1.96255673  2.21519417  1.99422495]
[ 1.         -0.86288317  1.12486273 -0.27969364  0.31582475 -0.01467615
 -0.02617729 -0.63291293 -0.76288082  0.67891837 -0.16387587 -0.32996329
 -0.86635021 -0.07810053  1.84103189  0.01453032  0.98821569 -0.01448302
  0.20922336  1.01757568  1.0257758 ]
[ 1.         -0.90517825 -1.59979196 -0.10822758 -0.03929862  0.16487487
  0.01985411 -0.110176   -0.49862147 -1.08948515  0.0556163   1.07427476
  0.3598136   1.49190167  0.44599962  1.06308105 -0.48329961  0.60878127
 -0.36178365  2.24204325 -0.18611951]
[ 1.         -0.88845664 -1.93549152 -0.35515015 -0.99877563  0.67593958
 -0.02989523  0.93170014  0.22142262 -0.21039783 -0.31937152 -0.76916979
 -0.27908483  0.01347392  0.29566081 -0.04605842 -0.03773713 -0.76372337
 -0.29704433  0.07469686  0.01305356]
[ 1.          1.20473576 -0.15503055 -1.0778953  -0.22728105 -0.89072567
 -0.92663123  0.06763803 -0.19396755 -0.19110512 -0.29962021  1.14056323
 -2.03424008 -0.94442145  0.34439078 -0.19333679 -1.46693746  0.03393562
 -0.85719553 -0.58648892 -0.31313148]
[ 1.         -0.08296209  0.06533976  0.14591494 -0.6104668   0.77154992
 -3.06912281  0.01668468 -0.9197192   1.89368167  0.69614792  3.37691037
  0.66532406  2.18810987 -3.28251335 -0.91922277 -1.84004823  1.47719232
  1.50712411 -0.12282273 -1.46969669]
[ 1.         -0.87122475  1.77894825  0.40086499 -1.11030932  0.6718282
 -0.68060938 -1.22037806  1.30660492 -0.65533137  0.55634633  0.9215235
 -0.3676579  -0.50872463 -2.4117957   0.20757225  0.48834298  2.45634833
 -0.75781255 -1.36245001  3.17691552]
[ 1.          1.15255061 -0.12207142 -1.07643734 -0.94144322 -1.11139738
  0.33514083  0.38063868 -0.85799347 -0.24752374  1.81974614 -0.88892253
  1.15996592  0.70123927 -0.18390269 -1.83614754  1.09290176  0.48968336
 -0.77034185 -0.34477464  0.37854127]
[ 1.          0.75150613  0.63427668 -0.84734952  3.891462    1.83611495
 -1.78355943  1.05048601 -2.5204418  -1.3928913   0.03270022 -5.7459707
  8.89627871  0.67700166  0.62333264  3.43675941 -0.1587266   0.24007677
  2.23380326 -1.21794451  1.51839225]
[ 1.         -0.8770693  -1.10836043  0.1793159   0.30875663  0.13192676
  0.2209504   0.27279698 -0.01483844  0.3886031  -0.76443572  0.16121232
  0.61345063  0.08965247  0.19970922 -1.93414093 -1.34064552  2.62342165
  0.80556122 -0.1017908  -1.63384492]
[ 1.          1.19453825  0.18892199 -0.66710416  0.97972007  3.12537417
  6.40826875  1.13414922  0.76405504  0.39795296  0.72708649  2.86475133
 -0.27732503  2.78388223 -0.66438954 -4.97886242  2.76965965 -0.44462593
  0.26007867  0.69773257  0.73947703]
[ 1.         -0.82135224  0.27950714 -0.36944811 -0.6226532   0.65028052
 -0.58681465  0.1242786  -0.45422367  0.63259829  0.13233637  1.19702747
  0.38793542  0.59686848 -0.98546362  0.67772784 -0.53658467 -0.36224191
 -1.275618    1.01376327  0.58529507]
[ 1.          0.78903525  0.44489117 -0.43640291  1.70578976  1.38487689
  1.71227776 -0.2160606   1.27434007  0.85928558  0.34194048 -1.0487727
  0.74606567 -0.19207501 -0.95562472  0.6820261   0.02600961 -0.31942326
  2.69012567  1.61173172  0.49186593]
[ 1.          1.19778802 -0.08021876 -0.96935164 -0.25865214 -0.53385573
 -1.12131198  0.25242052  0.11619109  0.37312029  3.33390367 -1.16310056
  2.16893079  0.62456409  0.51816858  0.40304512 -0.23086072  1.38414403
  0.16348569 -0.65673149 -0.01286469]
[ 1.         -0.86070201 -1.57099044 -0.01941807 -1.21606302  0.52106962
  0.13344411  0.69795538  0.99399418 -1.09956918  0.10077464 -0.55574706
 -0.25441729 -0.65692461 -0.39091855  0.53300691  1.15573868 -1.66234287
  0.60532208 -1.11876285 -1.7052593 ]
[ 1.          1.19743354  0.0325864  -0.10227744  0.06364025 -0.44473877
 -1.24956073 -0.1230579   0.10568623 -0.50134198 -0.89404786 -1.18647673
  2.35531553  0.07243992  0.28226228  1.01526882  0.28763126  0.88421633
  1.16136475 -0.00927488  0.56629529]
[ 1.         -0.85059961  1.87681329  0.12085453 -0.61668397 -0.24257606
 -0.06558244  0.68206945  0.71619559 -1.38375764  0.17250576  0.82868934
 -0.22401425  0.19351084 -1.13740606  0.13164536  0.26514979  1.77076918
  0.60141343 -0.56785989  0.18777485]
[ 1.         -0.89641026 -2.51880126  1.73690762  4.49742486 -3.5955657
  1.70874495 -3.77322805 -0.67803079 -2.48564873  1.21182265 -0.01026655
 -2.18868806 -0.67767722  4.67013443 -0.51207335  2.50159869  1.54088823
  3.13337175 -2.61641696  3.35942796]
[ 1.         -0.86253124  1.77366347 -0.07057009 -1.09338254  0.84455566
  0.02348002 -1.0659833   0.10389952 -0.35141108 -0.28856991 -2.2390333
 -0.76411939 -1.27397241  2.27269552 -2.07387585 -2.07863089 -1.14068305
 -0.51439793 -0.37030449 -0.76620418]
[ 1.         -0.87693641  1.00257346 -0.13142472 -0.28282807  0.31476373
 -0.20488804 -1.65187609 -0.50522099 -0.34776532  0.49133682  1.21809955
 -0.25353899  0.71350661 -0.72443991  1.01331582  1.18747578 -0.70107764
  0.754951   -2.48923763  2.08937935]
[ 1.          1.15036487 -0.23269401 -2.00273654  0.83622132 -0.60979544
  1.08188509 -1.59479116 -0.32608553 -0.56920119 -2.45839416 -4.10290739
 -3.69386989  1.11163781 -2.561149    4.97831852 -2.56913558  2.26778048
 -1.12949464 -0.46836664 -1.34023179]
[ 1.          1.15574184 -0.19342229 -3.89349502  1.43222058 -0.06567042
  1.8763378  -0.83600846 -0.12498981 -0.71896389  0.70298759 -3.04869892
 -2.96259308  1.39680001 -2.68011676  0.29821603  0.53174289  0.46996856
  0.81825558  1.15045971 -0.66874725]
[ 1.          1.22500624 -0.07634396 -0.81024056  0.04615196 -0.33569922
  1.10638781 -0.33454715 -0.75929646 -1.0943609  -5.61530813  1.82026037
 -0.36807148 -0.70385383 -0.10985076 -0.34231098  0.04574778 -0.8469771
 -2.80088347 -2.45985256  0.19874295]
[ 1.         -0.65767892  0.55494851  0.06394194  0.78055157  0.30707414
  0.8743443  -3.14620019  0.05004932 -0.96015503  1.00797589  0.7911241
  1.76180458 -0.87385673 -0.96587189  0.27332103  0.15087569 -0.83239572
  0.25204187  0.71096951 -1.1868545 ]
[ 1.         -0.8698848  -0.39039429 -0.01863707 -0.72140617  0.62238972
  0.58396665 -0.79176208  0.91706497 -1.87865008  0.36154694 -0.65410346
  0.60065103 -1.4322118   0.08007148 -0.17879053 -0.46437165 -1.80802555
  0.56744312 -0.64843026 -1.25757766]
[ 1.          1.1968949   0.02796409  1.02450456  0.55072811  0.78739356
 -1.16441834  0.8581519  -1.09185939 -0.62129926 -0.50675851  0.78782791
 -0.76840268 -1.15354299  0.46366315 -0.0798339  -0.53605189 -0.08757384
 -0.09083806 -1.08452259  0.07617109]
[ 1.          1.16302585  0.09424265 -0.10080196  0.67752711  0.16893914
  0.0970294   0.80621526 -1.94377889 -0.55794737 -0.21641906 -0.44996633
 -1.40215307 -1.58284793 -0.97451974  1.07091321 -1.38222123  0.5082932
  2.19932525  0.53083117  0.2906318 ]
[ 1.         -0.8931948   0.87981387 -0.01061754  0.91867002 -0.62738898
 -0.4779754  -0.24660602 -1.81849698  2.88912067 -0.52759529 -0.20366017
 -0.06426525  1.25537666  1.89872433 -0.83476024 -0.96854658  0.86119703
 -1.52232966  0.95194192  1.53907213]
[ 1.         -0.88494945 -0.17737046 -0.32275758 -0.95562696  0.87564029
 -0.40830547  0.18625047 -0.25468778 -0.0949375  -0.31358176 -0.35277321
 -0.17801289  0.85846332  0.46089383 -0.5023013  -1.3393325   0.17632965
 -0.51474537  0.91676119  1.63123979]
[ 1.         -0.90760982  0.82642677 -0.13520353 -0.20416484  0.01055034
  0.09400194 -1.03752909 -0.82079938 -0.31665469  0.15141594 -0.11271204
 -0.2064492  -0.06891955  1.66678953 -0.02025839 -0.44859979 -0.33767857
 -1.0196217   0.67353881 -0.1777297 ]
[ 1.         -0.89944748 -1.04517616  0.1775263   0.97193824 -0.19136523
  0.19825092 -2.49324091 -1.343189    1.30564339  0.4964455   1.2879681
  0.43754679 -0.94045114 -0.90220214  0.21132526  1.34377648  1.7330859
  0.72029374 -1.26941702 -1.49865435]
[ 1.          1.18529898  0.06200615  0.76375207  0.33287043  1.1841849
  1.20859296  1.17981395 -2.16949231 -0.72367379  1.52605592  0.11994728
  1.58421029 -0.50804406  0.04579634 -0.9149663   1.03011564 -0.55808487
 -0.39965506 -0.12557968  0.921497  ]
[  1.00000000e+00  -8.57756430e-01   6.56154320e-01  -5.64550704e-04
  -2.49781457e-01  -2.78864083e-01  -4.94666518e-01   8.55425450e-01
   2.24381420e-03   3.03498350e-01  -3.20273792e-01   3.36113898e-01
   3.22565897e-01   2.14965507e+00  -1.32103027e+00  -1.05921879e+00
  -1.66468691e+00   1.60635708e-01   1.49403483e+00  -1.63290206e+00
  -8.76384405e-01]
[ 1.         -0.71024704  1.00926566 -0.57623689 -0.07844717  0.40715023
 -0.16005735  1.39139584 -0.63195851  1.33766804 -0.64909937 -0.96984765
  1.32229561  1.71149105  1.32035534 -0.18977288 -0.55412001 -0.50896648
  0.9389782  -0.18857976 -0.99400834]
[ 1.         -0.85495529  0.73707454 -0.39265776 -0.95499779  0.98773578
 -0.28651182 -0.35999162 -0.42759781 -0.70761666 -0.14006112 -0.24683387
  0.24134157  0.32925885  1.05504094  0.01021542 -0.6611531  -1.99769375
  0.87330959 -0.17098613 -1.26320585]
[ 1.         -0.88676999 -2.47699977 -0.33599705 -0.40787706  0.31540972
 -0.1978425   0.69257485  0.76434544  0.41415424  0.52893541  0.12532207
 -0.13909296 -0.45507042 -0.63277618  0.94897595  0.99469773 -0.95786583
 -0.04631824 -0.31796771  1.91138831]
[ 1.         -0.80198096  1.6380381   0.10376257  0.17052067 -0.58533101
  0.23674386  0.37616774 -0.5870824  -0.91410693  0.4775084   0.49785662
 -0.81323176 -0.87000768  1.21825957  1.02660985  1.0505492   0.42004051
  0.05112756  0.63982537 -0.43146168]
[ 1.         -0.90034727 -1.44028673  0.99109171  1.76008197 -1.79120802
  0.33484812  0.45974531  0.53400262 -0.53504904 -0.03876358 -0.39011111
 -0.45884236  0.70295511  0.86612246 -0.39464917 -0.27485523  0.05943981
  0.06452321 -0.34001469  1.48893127]
[ 1.         -0.84231127  1.24332276 -0.1514465  -0.34200531  0.65838034
  0.35738404 -1.98911143  0.20769863 -1.19523509  0.35137791 -1.03147892
  0.14718975 -0.85423606  1.27124023 -0.96094364 -1.40440001 -1.99439091
  0.25764062  0.20455374 -0.24242215]
[ 1.          1.19214769 -0.25803114 -0.73090902 -1.7510633  -2.0974896
  0.68477986 -0.54630885 -0.21696495  0.23158691  0.87638382 -1.10354347
 -0.7873283   1.01805188 -1.02993704 -1.78809396  0.94285697 -0.30894302
  0.33356959  0.67197382 -0.43639734]
[ 1.          1.21398649 -0.04543289 -0.59558408  0.53767625  0.28758438
 -0.17648801  0.44121709 -0.71074893 -0.64341162 -0.54932338  0.15061023
 -0.67660734 -0.49538497 -0.53652054 -0.44012557 -0.35861665  0.36523194
  1.01013333  0.16571753  0.32551725]
[ 1.          0.85146281  0.40887649  0.63723181  0.57241056  1.56944388
  0.0231337   0.81188064  0.4890612  -0.302129   -1.45623471  2.77672901
  1.27924086  0.18799824  0.53533002 -1.44996725  0.33471254  0.3987479
  0.93350679 -0.10671156  0.31834795]
[ 1.         -0.88318228  1.46666753  0.22105319  1.22155113 -1.43019489
  0.1873733   1.56741056 -0.28387479  1.85547795 -0.13013061 -0.04516973
 -0.07818645 -0.90182334  0.23381801  0.68285505  1.14187662 -0.34932258
 -1.11163466  1.03256969 -1.40452727]
[ 1.          1.1658451  -0.0423315  -0.34838837  1.04114311  0.35616075
 -1.09241767  0.34044869  0.4108499   0.28648164  0.17845936  1.24782968
 -1.05070823 -1.27725979  0.44329853  0.34938768 -0.86482935 -0.47122183
  1.21932329  0.54770482 -0.02201145]
[ 1.         -0.91083204 -1.66271901 -0.66782185 -1.87294562  1.48407903
 -0.63082162  1.28143113  0.13043859  0.55568646 -0.35470918 -0.15831479
 -0.32651955  0.20312612 -1.05502821  0.82519184  1.01194553 -1.00296611
  0.2694666  -1.13694175 -0.82823738]
[ 1.          1.24425471 -0.24211798 -4.94617741 -2.28646383 -4.63345125
 -0.63205466 -0.64654382  0.16551542  0.40073225 -0.75077707  1.53868992
 -0.11481601 -3.01607485  1.18709557  2.47975712 -3.29307033  0.06965961
 -2.66411923 -1.44317856  0.31114995]
[ 1.         -0.80958361  1.72502434 -0.07269886 -0.39210361  0.95313228
 -0.23645003 -0.28590582  0.95695928  1.00450818 -0.22185199 -1.06245524
  0.11471219 -1.51487675 -1.16969158 -1.08071873 -0.67001034 -0.04860451
 -0.46564293  0.6596552   0.69839764]
[ 1.         -0.83238366 -0.69774795  0.18803488  0.93304837 -0.03744549
  0.56780205  0.86808459  1.16772951  0.06612986 -0.58759516 -1.26867335
  0.92868327 -0.48888632  0.42268914 -1.70388213 -1.33110853  1.16578819
  0.35886368  1.52299074  0.67364668]
[ 1.          1.19630696  0.11605944 -0.35877438  1.37264351  2.4741111
  4.2631005   0.59349524  0.66510289  0.46892096 -0.03233152  1.52664589
 -3.19760636  1.80731597 -1.13887293 -2.97425208  0.653668   -0.53540516
 -0.04416973  0.78433528 -0.00813257]
[ 1.         -0.86425422  1.00859126  0.27369533 -0.08554232  0.24477381
  0.01220166 -1.324813    0.86034192  0.71214439  0.37119214 -0.23497764
  0.14335617 -1.92577596 -1.64797433 -0.96552527  0.11966122  1.75591904
 -0.93440213 -0.48195746  1.55800313]
[ 1.          1.21088593  0.03069638 -2.40000543  0.74153955  0.248631
  1.33256415 -0.1871575   1.34817856 -0.11687469 -1.26034589  1.44944755
  1.49791336 -0.07698521  1.10442629  0.06764933  0.3049809   0.01090487
 -1.53660035 -1.28107455  0.25714062]
[ 1.          0.92469264  0.1045522   5.7356972   0.07844945  1.22065856
 -2.01950005 -2.62726145  4.99460614  1.36837342 -1.06783414 -2.27023156
 -1.92946992  2.60719365 -0.05200152  1.81805098  1.11044284  0.0530917
 -1.62534726  0.36582007 -0.90080976]
[ 1.         -0.91406994  0.22761601 -0.09053173 -0.52066308 -0.12260737
 -0.14821454  0.18365316  0.27035051 -0.46241957  0.41305444  0.31314823
 -0.63351915  0.11439241 -0.87619798  1.14677683  1.44274513 -1.89160223
  0.42479039 -2.72489205  2.1068833 ]
[ 1.          1.18804693 -0.0228795  -0.59717304  0.11110942  0.00254182
 -0.39979375 -0.4498169   1.75812274  0.53881364 -0.24129968  0.92017809
  0.3125035   0.63884651  0.50060884 -0.72396324  0.68204127 -0.10487958
  0.53113546  0.547395   -0.05251125]
[ 1.          1.19178148  0.01728398  0.99647033 -0.22324542 -0.82804449
 -1.54033333 -1.63069775  2.3497418   0.77205903 -4.30034592 -0.25475722
  0.81319076  0.15909212 -0.75554272  0.5670988   1.78230868 -1.39475851
  4.00912448  4.06854853  0.68634668]
[ 1.         -0.85771895 -1.41834872 -0.58430716 -0.16470217  0.81280748
  0.13599027 -1.80736939 -0.83027568 -0.16408839  0.16624212 -0.31869862
 -0.9258324   0.0570334   0.86436912  0.22728778  1.22572939 -0.46457608
  1.77927297 -0.32044929 -0.22595015]
[  1.00000000e+00  -9.09082785e-01  -2.48447786e-01   5.22534461e-01
   6.89964509e-01  -1.06657460e+00   6.46098959e-01  -1.19272930e+00
   6.20911874e-01  -2.32342470e+00   6.48705428e-01  -8.86726098e-02
  -1.29647243e-01   7.65278808e-04   3.76510893e-01  -5.26910626e-01
  -5.78830526e-01  -6.53075518e-01   8.10629695e-01  -1.50131710e+00
   8.57430841e-01]
[  1.00000000e+00  -9.14105037e-01  -1.20091592e+00  -2.52396315e-03
   4.58440747e-01  -1.43188525e-01   2.29704247e-01  -8.33367246e-01
  -9.03449126e-01   3.83525603e-01   3.77293181e-02   6.75000431e-01
   8.10770016e-01  -3.76480087e-03   1.07119814e-01   5.01292957e-01
   4.10792638e-01  -1.45925698e-01  -3.11402491e-01   2.81732492e-01
  -3.03302443e+00]
[ 1.         -0.92388926 -2.01441017 -0.27835282 -0.92692822  1.43604032
 -0.42958046 -0.43567323  0.11838452  1.37753601 -0.53015557 -1.09792816
  0.24808673 -1.4791318   0.33425729 -1.44983599 -0.3545734   2.06110977
 -2.44884898 -0.48363475  3.10422936]
[ 1.          1.19561199 -0.11585127  0.59996129 -1.45645135 -1.07935461
  0.90544666 -0.28430905  0.23293925  0.67972334  0.4327029   0.53096759
  0.1190646  -0.41636668  0.32526195 -0.20837343  0.0045504  -0.47943176
  0.57270178  0.54137636 -0.11380966]
[ 1.         -0.84475513  1.19991628 -0.18252497  1.143666   -0.84877303
  0.10112111  0.03897983 -1.30989408  2.88758082  0.1760764   0.79506427
  0.26942087 -0.25149559 -0.68975115  1.6420481   1.7997283  -1.69673783
 -0.51472184 -0.1533483  -1.63431721]
[ 1.         -0.90169365 -1.73127138 -0.52978162 -0.77630677  1.40394678
 -0.57632905  0.43816421 -0.46953283  2.02682664 -0.76552981 -0.75540971
  0.11632712 -0.14102294 -0.09597566 -0.81494169 -0.87526921  0.34674377
 -0.67069124  0.48376905  1.03157146]
[ 1.          1.17016239 -0.03398531  3.36460792 -0.20410296  1.00894687
 -0.18520725  0.44210783 -1.31654989 -0.08965439  1.33106756 -1.00208593
 -0.95861231 -0.33022614 -0.13600773  0.77344834 -0.39368713  0.02255046
  0.36336438  0.5847302   0.49480679]
[ 1.          1.18889912 -0.01013306  1.01076975 -0.36936187  0.5946439
  0.98413477 -0.16379048  1.52218325  0.67430919  0.02089576  1.27973813
  0.02905179  0.80956672  1.62735919 -0.2620396   0.02136211  0.14430772
 -1.28760399 -1.09242682 -0.25292423]
[ 1.          1.24152021  0.04367758  1.33973227  1.95640986  2.98819483
 -2.0493853   1.92589182 -4.37095882 -2.31312481  3.37755389 -1.27727187
 -1.76696887 -0.74824955 -0.77236646 -1.1495214   1.41374055 -2.07598524
 -5.87032203 -0.42630122 -0.39621567]
[ 1.         -0.88026375 -0.34355813  0.33389241 -0.42230723  0.05482553
  0.27238355  1.3514431   1.69145254 -1.3809675   0.19657813  0.42736487
  0.59413768 -2.45069973 -1.19341939  0.06903987  1.20155213  2.59844793
 -0.9584892   1.08087535 -1.84810031]
[ 1.         -0.81891684  1.18593798  0.18925178 -0.15417118 -0.68831102
 -0.10292606  0.73430146  0.11454579 -1.42152711 -0.24536175  0.1755318
 -0.02933907  1.5772766   1.00906638 -0.98128109 -1.42205299  0.93943528
 -0.10763223 -0.15090596  0.08247253]
[ 1.          1.25380535 -0.24218396  0.12012126 -4.77019857 -5.34500758
  0.43948409 -1.43036037 -0.95576581  0.17289374 -4.5825634  -1.34118361
  3.30041331 -1.29113644 -0.24725594  1.22955334  0.91017329 -0.38385808
  1.09434594  2.19938548  2.13859498]
[ 1.         -0.89253943 -1.57243491  0.49761963  0.82980617 -0.99109699
  0.58300655  0.2087301   0.33723595 -2.35253866  0.24522572  0.47221917
 -0.02042139  0.47217104  1.06357114  0.05558738 -0.92137099  0.43695648
 -0.37576557  1.53786543  0.08221967]
[ 1.          1.19414698  0.04829728  1.09015563  0.42393061  0.81121361
 -0.80654598  0.23434641 -1.06593275 -0.98013269 -0.56592104 -1.03051742
  1.40998701  0.07255183  0.18571463  0.62331665  0.94527833 -0.35341838
 -1.01311403 -0.56244414  0.17031847]
[ 1.          1.12617083 -0.01188457 -0.16407771 -1.42324371 -1.06077684
  2.03676264  0.05141601 -0.63316116  0.37305636  0.16027367 -0.30194104
  0.2878002  -0.22436144  0.24017744  1.48824941 -1.14822438  0.57119025
 -0.83211836 -1.05699572  0.0125105 ]
[ 1.         -0.83597828  0.55857112  1.08519758  2.15575025 -1.83478244
  0.23138903 -0.94082718  0.34702857 -0.14638597  0.33534843 -0.35151188
  0.99467584  0.52347115 -1.14728423 -0.22939775 -1.2830606  -2.29540701
 -0.58467189 -0.80667634  0.05802053]
[ 1.         -0.90736959  1.5637617   0.08046169 -0.35406542  1.28923463
  0.53378757 -2.82669924  1.16720024  0.9062432   0.09936334 -3.10696191
  0.68137759 -6.26647584 -0.18169447 -3.65045359 -1.42297993 -0.07020782
 -0.28370638 -1.47860689 -1.11589421]
[ 1.         -0.85824729 -1.37817772  0.94349654  1.67789913 -1.77604802
  0.42581731  0.2632768   0.5172733  -0.85135625  0.38776091  0.42532408
 -0.18216789 -0.07191674 -0.50799848 -0.09277451  0.16619012 -0.04655259
  0.21627159 -0.81551817  0.81801659]
[  1.00000000e+00   1.19987947e+00   3.41043691e-03   5.77369628e-01
  -1.08125221e+00   1.04984714e-01   3.41430566e+00   1.97169961e-01
  -4.98480836e-02   1.17866248e+00   4.72087347e-01   3.10128956e-01
  -6.94481176e-01   1.84230705e-01  -3.48999915e-01   4.09203655e-01
  -7.59943438e-01  -1.50691607e-01   1.11365617e+00   5.31019111e-01
   1.73300476e-01]
[ 1.         -0.88143183 -0.36853662 -0.01207983 -0.30346152  0.21114332
  0.31935891  0.38728671  0.53488573  0.10372808  0.02439072 -0.36761825
  0.21594635 -1.97005754 -0.46428254 -0.27599612  0.52474365  0.16765656
 -0.27035095  0.03597308 -1.57059337]
[ 1.          1.19394148  0.02153675  1.76604053 -0.59255557  0.64242402
  0.6626594  -0.02183988  0.33559794  0.49684289  0.51145174 -0.39193769
 -0.72847258  0.44154831  0.38286635  1.36671227 -1.06434366  0.75289779
 -0.9724021  -0.88095798 -0.7445785 ]
[ 1.          1.1890862   0.09531377 -4.20180034  1.5081543   0.06569322
  0.11448074 -0.64287057  1.01804189 -0.9928867   1.0926312  -2.67447068
  0.01102454  1.9659185  -1.14931439 -0.30286688  2.09651069  0.43084699
 -1.64373457  0.72057212 -0.32499958]
[ 1.         -0.91684564  0.95960717  0.09707503 -0.30574322 -1.12379614
  0.01576621  4.19425312  1.45173275 -0.62786168 -0.88931571 -1.60799985
 -1.91235456  0.28089701  1.54071561  0.08274026  2.35138544  1.70534687
  1.44947569 -1.16304836  1.44611565]
[ 1.          1.16549592  0.11799167 -0.45974732  1.24058758  1.18396448
 -0.79423243 -0.63331229  2.88499317  0.31143824 -0.48938699 -0.08526256
  1.0941803   0.9977992   1.66236721  0.56213112  1.02209892 -0.26992768
 -1.22867371 -0.28148594 -0.38163217]
