Cluster centers 

[-0.75568605  1.0093836  -0.23517955  0.38054433]
[ 1.48064182 -0.58473749  0.05718817 -0.66732003]
[ 1.08849101 -0.17295317  2.01599378  0.40308761]
[-0.70295324 -1.41112275  0.13609092 -0.50689077]
[ 1.51112691  0.21523164  0.25731958  0.76920518]
[-0.65213814  0.1119192  -1.55644801  1.55479946]
[-0.49856307  1.53941783  1.40571771 -2.60631971]
[-0.42844865 -1.98507046  0.76302718 -3.66532635]
[-0.74246512  0.04833647 -0.66775795  1.47021218]
[-0.7182786  -0.55081586  0.36198947  1.07272356]
[-0.75845859  1.4090625  -0.17820783 -0.6342025 ]
[ 1.37691898 -0.03312976 -2.14845121  0.19959614]
[-0.64325967 -1.63951213  0.36974619 -1.33073253]
[ 1.42951281  1.97736609  0.99001839 -1.41473731]
[ 1.44685287 -0.35650542  0.55859058  0.07635691]
[-0.55687901  0.94815444  1.43596073 -0.67954635]
[-0.75889497 -1.43412748 -0.54091202 -0.90634014]
[-0.68091273  0.79993432  0.83820041  0.0447703 ]
[ 1.53805974  0.97881028 -0.07127054  0.99175831]
[-0.7573665   1.96456001 -0.47294839 -2.42818887]
[-0.7376369   0.83363091 -0.68575392  0.9667677 ]
[-0.76051135 -0.92792307 -0.62377865  0.57989935]
[ 1.3558372   0.87919714  1.43537442  0.32740839]
[ 1.51847646 -0.53368621 -0.58376009 -0.87331609]
[-0.34802696 -1.09427646  1.75090035  0.20259414]
[-0.73076129  1.90418604 -1.01071601 -1.40889866]
[ 1.51755606  0.01794398 -1.00000767  0.50002864]
[ 1.51062975 -0.16971529  0.0215427   0.29753815]
[-0.75333398  0.66285506 -0.11140703  0.85975293]
[-0.74466289 -0.52661017 -0.88179378  1.19635456]
[-0.62373466 -1.24706864  0.77595678  0.07722178]
[ 1.50743252  0.46226668 -1.0142849   1.10325085]
[ 1.46386541  0.96619766  0.88469733  0.5714758 ]
[ 0.54697696 -0.92774939  2.42081578 -0.02761103]
[-0.68314468  1.64899548 -1.30577787 -0.19391877]
[-0.758278    1.25586202 -0.16323057 -0.22189306]
[ 1.48945528  1.86520246  0.62813112 -0.71015284]
[-0.77088758 -1.48098571 -1.12690524 -1.61377414]
[ 1.45812749 -0.34289736 -1.87472514 -0.83939253]
[-0.706521    1.09175646  0.63079587 -0.46122054]
[-0.76515186 -1.15178267 -0.84321458 -0.04640161]
[-0.48133501 -0.6129956  -2.74457034  0.46583531]
[ 1.40293623 -0.95599617  0.2488324  -1.93250802]
[-0.69652636  1.3473412   0.67016077 -1.23477246]
[ 1.47037422 -0.50022294 -1.81774723 -1.5868875 ]
[-0.72697905  0.26518627  0.40823076  0.99607371]
[ 1.44728384  0.49734612  0.92014384  0.74676879]
[ 0.65156421 -1.46558029  1.97514679 -1.615267  ]
[-0.46614191 -1.544928    1.20341851 -0.76048848]
[-0.41582199  1.59048401 -2.31733633  0.97824157]
[ 1.12878509  1.37175419  2.02844625 -1.15791593]
[-0.57405718 -1.76104588  0.56290429 -1.90177096]
[ 1.26802362 -0.59530999  1.34647875 -0.11913007]
[-0.7513171   0.35768961 -0.30381321  1.24580772]
[-0.4756456   0.60694556  1.71879698 -0.11524562]
[-0.65879235  1.1784478  -1.36777713  0.90800597]
[-0.75758337  1.23944701 -0.24213194 -0.1159865 ]
[-0.72899113  0.73917805  0.41337153  0.42842582]
[ 1.15095085  0.6229359   2.03457857  0.20013027]
[-0.74614281  1.77686854  0.13071118 -2.33564625]
[-0.64999227 -0.9673121   0.73945107  0.59106638]
[-0.10876823 -1.64267862  1.82056883 -1.24945895]
[ 1.51054193 -0.39603647 -0.16211129 -0.2355141 ]
[-0.67860135  2.39194516 -1.67801785 -2.71481373]
[-0.20140945 -0.31009759  2.26705799  0.54156455]
[-0.75401121 -0.46046728 -0.22356219  1.20836636]
[ 1.47182296 -0.01072646 -1.56088192  0.35386028]
[-0.74468985  1.60904822 -0.74754995 -0.66736381]
[-0.75942888 -1.2165312  -1.28454043 -0.50276796]
[-0.61180481 -1.32595153  0.79425748 -0.12055967]
[ 1.53512241  0.48036355 -0.27542807  1.02289934]
[-0.74079169 -1.61622687 -0.38699745 -1.68687296]
[-0.68095139 -0.22220457  0.76354389  1.07052736]
[ 1.52865536  1.17537287  0.21063428  0.71433052]
[-0.73119288 -0.92239921  0.11215751  0.66749199]
[-0.75689444 -1.41690155 -1.82446196 -2.06432471]
[ 1.53197362 -0.00452094 -0.43633903  0.51764875]
[-0.59741334 -0.67949559  1.12251566  0.82745472]
[-0.73501675  1.33452496  0.3263733  -0.87840508]
[ 1.05980534 -0.65102599  1.91225947 -0.00785072]
[ 1.36877129  1.43083037 -1.74620658  1.22205713]
[ 1.51208518 -0.37900969 -1.24932208 -0.67008258]
[ 1.36874867 -0.19223822  1.10376164  0.40655332]
[-0.73685144  1.30019017 -0.75167981  0.17769668]
[-0.56370707  1.25661285  1.36510864 -1.51883287]
[ 1.52288566 -0.25184801 -0.90045609 -0.11182378]
[-0.73645934 -1.05119264 -1.47480147 -0.04758196]
[-0.74084874  1.07032086  0.26772491 -0.12804899]
[-0.73773242 -0.78039164 -1.17965539  0.75646202]
[-0.61519383  1.14137937  1.17720233 -1.01540508]
[-0.74837905 -1.19214048 -0.23088088  0.04983865]
[ 0.84443971 -1.11704519  1.99788138 -0.73775973]
[-0.76121535  1.70115756 -0.30343686 -1.48932889]
[-0.69104261 -1.19971929  0.36660653  0.14811907]
[-0.74786465 -1.71998959 -0.55014651 -2.54357525]
[ 1.46427023  1.62404077 -1.18660293  0.95482493]
[ 1.41395985 -0.60200033  0.60455655 -0.43765196]
[ 0.96546945  1.11870984  2.34977017 -0.785392  ]
[ 1.50937901 -0.65274614 -1.39433525 -2.1410318 ]
[-0.58849407  0.2482734   1.32635207  0.57409102]

Populations

0.0123527611216
0.00933013079023
0.0122613733072
0.0154208582993
0.0261571789363
0.00868907222309
0.00333159107886
0.00213330249075
0.0162517578918
0.0154473375485
0.0121273619521
0.00988367634205
0.0116679315064
0.00150942453966
0.0158259343355
0.00574317620654
0.0150380805304
0.0121505825673
0.00656773369132
0.00585580956448
0.0129883472626
0.0166353609539
0.0127534049077
0.018950664221
0.00691853094246
0.00755359664722
0.0115399909088
0.0165871645923
0.0121651694801
0.0138775757741
0.00629254002171
0.0124034326437
0.00638779725079
0.00645754617676
0.00675361812921
0.00620109572394
0.00444357323937
0.00568023432118
0.0135370589807
0.00838832143585
0.0141039611451
0.000550116032756
0.00445799948395
0.00909155488263
0.0113086639964
0.0189576685743
0.0161119935746
0.00151890815874
0.00738571653241
0.000888530585623
0.00557920235927
0.00729651744981
0.00983840176249
0.0130509589027
0.00613721461374
0.00768391511163
0.00809025942022
0.0175402089266
0.0116973945271
0.0099550466651
0.0117657874968
0.00220813200499
0.017332540091
0.00157991284323
0.00448988189075
0.020829437474
0.0132563531856
0.00983702846904
0.00537064668025
0.00598034996629
0.0129762142478
0.00913749966964
0.013451397525
0.00735918185219
0.0165038553006
0.000910822939442
0.018275872972
0.00979897727859
0.0111756732431
0.00689391034712
0.00379685787493
0.0172868001379
0.0201385080269
0.0101528824094
0.00410094633139
0.0228750893633
0.00566755695402
0.0113637099578
0.0117816870584
0.00433436648788
0.0157869479815
0.00528551336409
0.0119787032472
0.00957990096307
0.00572840982946
0.00305317010294
0.00928709398096
0.00454643687654
0.00824637323802
0.010371239095

State labels

0
1
2
3
4
5
6
7
8
9
10
11
12
13
14
15
16
17
18
19
20
21
22
23
24
25
26
27
28
29
30
31
32
33
34
35
36
37
38
39
40
41
42
43
44
45
46
47
48
49
50
51
52
53
54
55
56
57
58
59
60
61
62
63
64
65
66
67
68
69
70
71
72
73
74
75
76
77
78
79
80
81
82
83
84
85
86
87
88
89
90
91
92
93
94
95
96
97
98
99

Eigen values

1.0
0.952708470481
0.251369424848
0.152238301728
0.132348458939
0.125099202384
0.120654510477
0.118250511671
0.111939827837
0.110673038864
0.107317592312
0.105001770818
0.101341978168
0.0943490796778
0.0923220740272
0.0896164916018
0.0895450217861
0.0867368824732
0.0833538057551
0.0763554164267
0.074581627604

Left eigenvectors

[ 0.01235276 -0.01079534  0.02753033  0.00160697 -0.00267906  0.00457972
  0.00491735  0.00215011  0.02484006 -0.01576641 -0.01104559 -0.01335738
  0.00028775 -0.02620186  0.00647509  0.01221882  0.00027395 -0.0039499
 -0.00185125  0.00770023  0.00316423]
[  9.33013079e-03   1.11685465e-02  -8.83600712e-05   1.40273398e-02
   3.28127845e-03  -8.71333872e-03   2.57632509e-03  -2.40123697e-03
   1.69370366e-02   2.00334183e-02   9.52961628e-04  -3.56454082e-04
  -7.73405774e-03   1.06878974e-02   8.52109235e-03   7.98438573e-03
   7.02334853e-04  -1.03574859e-03  -1.89335786e-03   3.00759527e-03
   8.27644906e-03]
[ 0.01226137  0.01355318  0.00061886 -0.05929216 -0.00507294 -0.02473563
 -0.02321189 -0.01423593  0.00563469  0.00193041  0.00099451  0.00284267
 -0.00121759 -0.02058151 -0.02777289  0.00087527 -0.01211894 -0.01807508
 -0.00809301 -0.0062642   0.01052731]
[ 0.01542086 -0.01245989 -0.03480569 -0.00124052 -0.0002456  -0.01405577
 -0.00602328  0.00447532 -0.02048816  0.00742234  0.01451321 -0.00288906
 -0.00678029 -0.01088521  0.01665248 -0.01144701  0.01573845 -0.00069884
  0.01248764 -0.00676356 -0.00717528]
[  2.61571789e-02   3.16198585e-02   1.39599243e-03   1.49208970e-02
   3.04265823e-04   3.28998028e-02   1.27971299e-05   1.21621334e-02
  -1.90067081e-02   3.18052728e-02  -2.08880520e-03   1.09215256e-03
   1.41171977e-02  -4.06011014e-02  -2.36318859e-02  -7.68492031e-03
   4.65064036e-03   8.88621303e-03  -7.56757209e-04   1.56563546e-02
  -1.07968027e-03]
[ 0.00868907 -0.0073884  -0.00299243  0.00023434 -0.00285019  0.00044758
  0.00123293 -0.00383199  0.00437486  0.00129043 -0.00721348  0.0067335
  0.0056231  -0.00562521  0.00226541  0.01710877  0.00292837 -0.01051627
 -0.00297319 -0.00075572 -0.00145362]
[  3.33159108e-03  -2.48417069e-03   4.11804955e-03   3.35046984e-05
  -2.76841531e-03  -2.55707416e-03  -1.01538382e-03   5.17370176e-03
   5.08506175e-03   1.37269418e-04  -2.91290159e-03   2.92482012e-05
   1.55421715e-03  -6.92231184e-03   2.24081005e-03   3.58576651e-03
   1.47161068e-03   1.20088788e-03  -1.47909417e-03  -3.24078975e-03
  -3.88622856e-03]
[  2.13330249e-03  -1.74704932e-03  -4.08180322e-03   5.40178117e-04
   4.42242873e-03  -4.02048931e-03  -6.05591180e-05  -3.53073149e-03
  -4.29984820e-03   1.78833801e-03  -1.61051797e-03   3.83040514e-03
   3.01964081e-03   3.15948695e-03  -9.32725538e-04  -1.07770352e-03
   7.14192977e-03  -4.89539186e-03  -2.87088134e-03   3.14826423e-03
  -6.12096114e-03]
[  1.62517579e-02  -1.40911089e-02  -5.32669419e-06  -7.59563684e-04
  -3.16923730e-03   5.69556749e-03  -2.02526742e-03  -9.88789802e-03
  -2.51998822e-03   4.34166801e-03   7.44809512e-03   1.52573467e-02
  -2.10314303e-03   8.80480046e-03  -3.82527971e-03   3.08254592e-03
  -2.68841474e-03  -5.54425319e-03   2.09053427e-02  -4.40478493e-03
   1.20328985e-02]
[ 0.01544734 -0.01297467 -0.01092643 -0.0013407   0.00522236 -0.00385647
 -0.00598289  0.02628883 -0.00307618  0.00102983  0.00414469  0.00199607
  0.01133504  0.02263751 -0.01527498  0.0042887   0.00462467 -0.01256752
  0.00495099  0.00867772 -0.00584075]
[ 0.01212736 -0.01029451  0.02445276 -0.0030503   0.00500985  0.00306118
  0.00125359  0.01524215  0.01776297 -0.01352766  0.00457707 -0.01606754
  0.00235715 -0.00678829 -0.00986752  0.00457806  0.02180725 -0.00923427
 -0.00394808  0.00202762 -0.01430714]
[ 0.00988368  0.01214175  0.00050809  0.01968401 -0.00430709 -0.00496283
 -0.01802766 -0.00492485  0.00674496  0.00363171  0.00561006 -0.00758208
  0.00624323  0.01219562 -0.01146021  0.01724516 -0.00358186  0.03340448
  0.00992078  0.01214808 -0.01305899]
[ 0.01166793 -0.00946086 -0.01840075 -0.00378193 -0.00824513 -0.00731037
  0.00235523 -0.00211977 -0.00713829  0.00236503 -0.01381101 -0.04101003
  0.00677074  0.01152576 -0.00312343  0.0071184  -0.00448983 -0.01201524
 -0.00241905 -0.00283763 -0.00924959]
[ 0.00150942  0.00179104 -0.000551    0.00187216  0.00084312 -0.00095536
  0.00563844 -0.00066144  0.00149414  0.00347737  0.00753706 -0.00069282
  0.00612479 -0.00249763  0.00081312  0.00061723  0.00210953  0.00292927
  0.00056699 -0.00334466  0.00586559]
[ 0.01582593  0.01860169 -0.00050176  0.00543661  0.00389195 -0.01515812
  0.02714367 -0.0020288   0.01599229  0.01838448  0.02069399  0.0044906
 -0.00086314  0.00179412  0.00947516  0.00934839 -0.00831304 -0.00237271
 -0.00662481  0.01409982  0.01548942]
[ 0.00574318 -0.00492367  0.00565292 -0.00111012  0.0044061  -0.00085758
  0.00080483 -0.01028482  0.00459218  0.00057325 -0.01101545  0.01255179
  0.00535263 -0.00169035 -0.00185248 -0.00533338 -0.01021147  0.00866255
 -0.00137489 -0.01176763  0.00088814]
[ 0.01503808 -0.01285821 -0.01957731  0.00094281 -0.00166913 -0.00308275
 -0.00459154  0.01126597 -0.0062585   0.00727257 -0.00085989  0.00837226
  0.00722608 -0.00642458  0.01661223  0.0054387  -0.02072765 -0.00492997
  0.00564257  0.01328659  0.00377314]
[ 0.01215058 -0.01071499  0.00954473  0.00089413 -0.02076404  0.0026288
  0.00660227 -0.00934492  0.00722228  0.00257559 -0.01116963  0.01652118
  0.01279873  0.00830129 -0.00135009  0.0085911  -0.00404969 -0.00060581
 -0.01026335 -0.00700769 -0.00258795]
[ 0.00656773  0.00793733  0.00139075  0.01033465 -0.00195299  0.01473625
  0.00317399  0.00569143 -0.01553784  0.00289664 -0.01345635 -0.00130959
 -0.00387954 -0.00321518 -0.00639488  0.00738485  0.00664787  0.00976449
  0.00064666  0.00653856  0.0064207 ]
[  5.85580956e-03  -4.92141892e-03   7.05507745e-03  -5.98898203e-04
   1.32166206e-03  -3.70916411e-03  -1.91844018e-03   1.41266791e-02
  -2.17559526e-03  -1.49932324e-03   6.48035357e-03   1.90145383e-04
  -2.93952910e-03   4.56642855e-04   1.67915844e-05   1.18314716e-02
   7.51713119e-03  -6.81060401e-03   8.55864566e-03   1.00310054e-02
   1.06069755e-02]
[ 0.01298835 -0.01126835  0.01337596 -0.00324196 -0.0239372  -0.00978576
 -0.0027627   0.00983434 -0.01587181  0.00559997  0.01269292 -0.00203526
 -0.0035556   0.00077081  0.00424804  0.002352    0.01556676 -0.00223263
 -0.0069323  -0.00881328 -0.00069718]
[ 0.01663536 -0.01416054 -0.02493638  0.0015005  -0.00654123  0.01275782
 -0.00209545 -0.01666344 -0.00765996  0.00835375  0.00521902 -0.00112677
 -0.0086291   0.01193032 -0.00478939 -0.00070958 -0.00845705 -0.00042905
  0.00686651 -0.01022648 -0.00961005]
[  1.27534049e-02   1.53906285e-02   1.27961058e-03  -1.18421065e-02
   2.28742080e-05   2.92646852e-02   1.07666831e-02   1.12111639e-02
  -2.39396381e-02  -9.10241900e-03  -1.96172110e-02   1.72803857e-03
   2.29743646e-03  -3.84285651e-03  -7.30009002e-03   5.80557689e-03
   1.32738141e-03  -1.06086678e-03  -5.70734933e-04  -1.90540954e-02
  -1.21577406e-03]
[ 0.01895066  0.02293164 -0.00029227 -0.00560871  0.00607111 -0.01178866
  0.03643068  0.00010984 -0.0157879  -0.01471209 -0.00438539  0.01467496
 -0.02492852 -0.00635559  0.01136432 -0.00655723  0.00369436 -0.01977844
 -0.00748244  0.01938302 -0.03207929]
[  6.91853094e-03  -3.99261389e-03  -5.93515894e-03   4.11168843e-04
  -5.18833629e-03   6.06296604e-05  -7.89579818e-05   3.93355323e-03
   3.21440536e-03   2.26674205e-03  -1.89239817e-03   6.08621217e-03
  -5.90463911e-03  -3.46340321e-03  -2.35565790e-03  -4.66504915e-03
  -9.39858748e-03   2.16047533e-03  -1.09589445e-02  -9.37357553e-03
  -7.04031195e-03]
[ 0.0075536  -0.00616547  0.01052229  0.00095519  0.00609576  0.00015803
 -0.00071644 -0.002072    0.00842417  0.0009082  -0.01307612  0.00538613
  0.00090458 -0.01616347  0.01272741 -0.00494794 -0.0188804   0.01085215
  0.02393986 -0.0083721  -0.00196233]
[ 0.01153999  0.01417722  0.00164597 -0.01766243  0.00279125  0.00754268
 -0.00151117 -0.00269034  0.02133015  0.01192514  0.0112491  -0.00342703
  0.00472345  0.01854602  0.03827509 -0.01037579  0.00821687 -0.00410373
 -0.00322882 -0.00047008  0.00928912]
[ 0.01658716  0.02010369  0.00271518 -0.04727401  0.00556458  0.02677475
  0.01109579  0.01279937 -0.0017729   0.00870036  0.00015219  0.00095313
  0.00304331  0.0085431   0.00354094  0.0008692  -0.01516119  0.00295044
 -0.00097694 -0.00662024  0.01032721]
[  1.21651695e-02  -1.07127822e-02   1.45803422e-02   2.37268739e-03
   2.59891148e-02   3.52752278e-03  -5.74231943e-03  -2.65437867e-02
  -1.84108386e-02   2.46356793e-03   7.55421084e-03  -2.27255761e-02
  -2.16671957e-02  -3.63921814e-03   3.52794145e-03  -1.46211831e-02
  -3.15961283e-03   1.97879872e-02  -4.65408917e-02   1.38117221e-04
  -3.59726882e-05]
[ 0.01387758 -0.01203316 -0.01242403  0.00040322  0.01801941  0.01497538
  0.00106006 -0.02095316  0.01374241 -0.00701703 -0.00740397  0.00761547
 -0.00298877 -0.01169005  0.00421693  0.02853337  0.02715849  0.00200912
 -0.01567504 -0.0120023  -0.00960539]
[ 0.00629254 -0.00533848 -0.01126399 -0.000137    0.01785061  0.00278378
 -0.00028853 -0.00559106  0.00173334  0.00093364 -0.00994663 -0.01071528
  0.00662431  0.0049638   0.00088052  0.01400295  0.00095015 -0.00198507
 -0.00747311 -0.00061952  0.00050607]
[  1.24034326e-02   1.51291168e-02   5.44654822e-04  -1.12781648e-04
   8.06031794e-04   5.65313820e-03   8.12654032e-06  -1.84371453e-03
   9.90766930e-03   2.30276770e-02   5.51575332e-03  -6.49047274e-04
  -1.35053889e-03  -2.88750496e-03   4.27651634e-03  -7.51467034e-03
   3.01456690e-03  -1.35586711e-02  -2.84495375e-03  -2.14043521e-03
  -1.12541952e-02]
[ 0.0063878   0.00749122 -0.00111013  0.00874258 -0.00459303 -0.00813218
 -0.01671033 -0.00805896 -0.00254346 -0.02838678  0.01055274 -0.00099216
  0.01016435  0.00070339 -0.00214132  0.00144319 -0.00956525  0.00273556
  0.00239929  0.00552517 -0.00152951]
[ 0.00645755  0.0036205  -0.00394983  0.0031328   0.00062279 -0.02833687
  0.00209557 -0.00873413 -0.01015975  0.00290258 -0.00760018  0.00150566
 -0.00146469 -0.00950578 -0.00157543 -0.00473327  0.00931615 -0.00912893
  0.00127035  0.0063722  -0.00373492]
[  6.75361813e-03  -5.61651569e-03   1.18040256e-02   2.65784188e-03
   2.45656923e-02  -5.81849356e-03  -7.19685397e-03   4.88273751e-03
  -1.15078999e-02   7.72549418e-03   9.25189482e-05   5.38696111e-03
   7.41597275e-03   9.42933267e-03   2.67759284e-03   6.76146454e-03
  -1.25500955e-02  -7.28070848e-03   1.96274006e-02   2.30042093e-03
   8.94124419e-03]
[ 0.0062011  -0.00523054  0.00438247  0.00105605  0.01943308 -0.00040858
 -0.00126283 -0.01048544 -0.00249486 -0.00173279 -0.00028737  0.00420387
 -0.00419405 -0.00292443 -0.00139371 -0.01139033 -0.00510851  0.00537338
  0.0065031   0.00953575  0.00866934]
[ 0.00444357  0.00549086  0.00121065  0.00544523 -0.00296668  0.00984243
 -0.01430063  0.00043998 -0.00263641 -0.01831145 -0.00720244  0.00164
 -0.0032599   0.00407278  0.01256341 -0.0091352  -0.0047072  -0.02339629
 -0.00598956  0.00181136 -0.00043527]
[ 0.00568023 -0.00471483 -0.00907509 -0.0007376   0.0135055  -0.00388999
 -0.00233928  0.01692194  0.01105164 -0.00605755 -0.00753061  0.00292365
  0.01056389  0.00046159 -0.00400164 -0.00200115  0.013554    0.00636911
 -0.0066883   0.010412   -0.00027029]
[  1.35370590e-02   1.64992777e-02  -6.68114952e-05   1.01130194e-02
  -2.81906839e-03  -1.33246453e-02  -9.79468103e-03  -4.16212236e-03
  -2.77709585e-03  -2.19171701e-02  -1.05916404e-02   5.64204942e-04
  -1.96168969e-02   7.70634040e-03  -6.49550067e-03   9.05248911e-03
  -4.31561721e-03   5.32152178e-04   9.72898993e-03   1.54977460e-02
  -1.21647524e-02]
[ 0.00838832 -0.00727747  0.00779725 -0.00025812  0.01568561  0.00059028
 -0.00720395 -0.00772722 -0.01133523  0.00729574  0.00640008  0.01464243
 -0.00038138  0.00744471 -0.00207019  0.00122313  0.00302529 -0.00610084
  0.00829791 -0.01174443  0.00069419]
[ 0.01410396 -0.01111626 -0.02408932  0.00209803 -0.00686169 -0.00843922
  0.00368261  0.00227614  0.00789009 -0.00304714 -0.02649026  0.00642887
  0.01337793 -0.00363108  0.01214479 -0.01438594 -0.00064763  0.01807793
 -0.00726637 -0.00145036 -0.008179  ]
[ 0.00055012 -0.00034419 -0.00014038 -0.00044338  0.00140129 -0.00029887
 -0.00085927  0.0043607   0.00402003 -0.00107668 -0.001981   -0.00270956
  0.00062091  0.00161366 -0.00199406 -0.0034831   0.00048482  0.0018691
  0.00186572 -0.00187189 -0.00538213]
[  4.45799948e-03   4.94397306e-03   4.17614957e-04  -5.25659906e-03
   2.56011702e-03   2.27448959e-03   9.94479806e-03   1.41977296e-02
  -3.99212835e-03  -1.98043961e-03  -1.33091005e-02   4.41667079e-03
  -2.14390404e-02   8.36170186e-03  -5.91835389e-03   2.30371642e-03
  -7.50257382e-03  -7.36169689e-05  -1.77689273e-05  -2.89734932e-03
   8.93970969e-03]
[ 0.00909155 -0.00795193  0.01258754 -0.00057242  0.00808019 -0.00621276
 -0.00659393  0.01173986 -0.00274965  0.00038811  0.00168272 -0.00936502
 -0.00232952 -0.01621365  0.01331334  0.0058986  -0.00444121  0.00351309
 -0.00533809 -0.00153631 -0.00359777]
[ 0.01130866  0.01394182  0.00056968 -0.01184364  0.00243058 -0.00323419
  0.00942305  0.00173267 -0.0019951  -0.00140826 -0.00265871  0.00337053
 -0.01047901  0.00299134 -0.00735925  0.00752418 -0.00799723  0.00011066
 -0.00208383 -0.00130427  0.00207435]
[ 0.01895767 -0.01658337  0.00861821  0.00073457 -0.03257011  0.0026799
  0.00473162 -0.00116215 -0.00260179  0.00876853  0.00338564 -0.00444091
 -0.00357422  0.0011548   0.00627608 -0.00307125 -0.01462961  0.00564104
  0.0018438  -0.01810175 -0.00526475]
[  1.61119936e-02   1.92297490e-02  -9.98969215e-05   2.31890927e-02
  -2.74580854e-03  -1.01984272e-02  -9.53783318e-03  -8.83211334e-05
   2.27762054e-03  -1.43583234e-02  -1.94347880e-02   1.19371107e-03
  -1.24989082e-02   6.00622296e-03  -2.48863907e-03  -5.43555044e-04
   9.54341139e-03  -2.90638658e-03   1.73681051e-03  -3.45279764e-02
   2.51068276e-02]
[ 0.00151891  0.00062304 -0.00243658 -0.00054929  0.0020885  -0.00651528
  0.005109    0.00038212  0.00064841 -0.00056304 -0.00284932 -0.0027129
  0.00314239 -0.00131039  0.00260067 -0.00861865  0.00831412  0.00224757
  0.00370547 -0.0004606   0.00096778]
[  7.38571653e-03  -6.05470670e-03  -1.36004703e-02   8.16203054e-05
  -1.38017587e-03   9.56556747e-03   3.85978162e-03  -5.36968039e-03
   9.37683004e-03  -6.12971729e-03   5.38904709e-03   1.68282418e-02
   4.71758976e-05   4.73703250e-03  -1.14765567e-02  -2.48582130e-03
   5.28289875e-03  -2.17373282e-03  -2.08311509e-03   3.45117447e-03
  -1.91008808e-03]
[  8.88530586e-04  -7.68539554e-04   1.04823327e-03   3.97504458e-04
   1.19443345e-02   5.93636418e-04  -8.08359321e-04  -1.48073308e-03
   5.07430353e-04  -1.35518736e-03  -1.14301381e-03  -2.94245780e-03
  -4.30593999e-04  -1.38826860e-03  -4.50010011e-05  -6.62660033e-04
  -2.32968493e-03   1.54125762e-03   1.09454008e-03   1.38503385e-03
   3.00393597e-03]
[ 0.0055792   0.00688648  0.00030125 -0.00487006 -0.00173991  0.00196536
 -0.00854969 -0.00089848 -0.01010156 -0.00982653 -0.01267972 -0.00144221
  0.0099077  -0.00508372 -0.00046413 -0.00847655  0.01616059  0.00338348
  0.00967468 -0.01493054  0.01377557]
[ 0.00729652 -0.00593879 -0.01245241 -0.00172387  0.00521486  0.01089727
  0.00045914 -0.00484256  0.00847242 -0.00425522  0.00085886 -0.00289404
 -0.00511877 -0.00059181 -0.00222788  0.01902514  0.00184445 -0.00962417
  0.00575277  0.01031679  0.01646682]
[  9.83840176e-03   1.11607511e-02  -1.03809291e-05   4.31414228e-03
   2.04666157e-03  -6.95249033e-03   1.17075185e-03   3.25486764e-03
   2.53919694e-02   9.89927587e-03  -1.94041843e-04   1.90056287e-03
  -2.31058890e-02   1.80062307e-02   2.06513779e-02  -6.91224279e-03
  -5.44290090e-03  -8.99941931e-03  -2.91735411e-03  -2.49962005e-03
   4.86436602e-03]
[  1.30509589e-02  -1.09348377e-02   8.12464384e-03   8.00326892e-05
   2.37090636e-03   4.49727513e-03   6.05181124e-03  -1.99460007e-03
   7.16864316e-03  -5.00680586e-03  -1.65882444e-03  -9.80329456e-03
   1.72701204e-04  -2.61564600e-03   1.90746009e-03  -6.90911037e-03
   4.91388125e-03   1.07194678e-02  -4.67310712e-03  -6.31794050e-03
  -4.44189346e-03]
[  6.13721461e-03  -5.00608446e-03   2.46454354e-03   2.14263330e-04
  -6.32157694e-03   1.30315530e-03   4.53014501e-03   4.82326725e-03
   2.60305465e-03  -3.86430372e-03   4.19292024e-03  -1.50864613e-02
  -1.64981678e-03   4.54491245e-04  -7.97997110e-03  -4.87183464e-03
  -3.53658386e-03  -3.33847096e-03   4.20515673e-05   8.64936205e-03
   7.21067561e-03]
[ 0.00768392 -0.00681559  0.00824133  0.0012879   0.01065583 -0.00517375
 -0.00479804  0.00168772 -0.00859362  0.00582659  0.00120596  0.01704672
  0.00872949  0.00754402  0.00387821 -0.00020321 -0.00267846 -0.00361793
  0.00774596 -0.00554427 -0.00920889]
[ 0.00809026 -0.0071306   0.01392329  0.00082307 -0.00756797  0.00624189
  0.00412541 -0.00403232  0.00993912 -0.00627545  0.00533145 -0.0022194
 -0.00817489 -0.00076214 -0.00835897 -0.00680124 -0.00061184 -0.00223891
  0.01773053  0.01436924  0.01494757]
[ 0.01754021 -0.01533735  0.03086984  0.00183139 -0.01690429 -0.01557804
  0.00779136 -0.00062727 -0.01001169  0.01046997 -0.01548009  0.00497049
  0.0224047   0.0156406   0.01256647 -0.00091298 -0.00730451  0.00054113
 -0.00689697  0.00683551 -0.0030522 ]
[ 0.01169739  0.01268628  0.00055772  0.02187426 -0.00157978  0.01519254
 -0.01440194  0.00226741 -0.00365899  0.01596599  0.00020829 -0.00298009
  0.00989534 -0.00310944 -0.01231945 -0.00093388 -0.01345509 -0.00736872
 -0.00482605  0.00854278 -0.00986341]
[ 0.00995505 -0.00869892  0.01405087  0.00195473 -0.0007049   0.00275773
  0.00557999 -0.00711345  0.00876891 -0.00507155 -0.00629412 -0.00792822
 -0.00045927 -0.01298318  0.0045591   0.00163171 -0.00217101 -0.00314005
  0.00886498  0.00733011 -0.00480747]
[ 0.01176579 -0.00953125 -0.01224014  0.00017365 -0.01870897 -0.00511164
 -0.0018161   0.00804587 -0.010829    0.00669207  0.00506587 -0.00842763
 -0.00581367 -0.01067969  0.01718423  0.00597212 -0.00245118  0.00141969
  0.00459804 -0.01025232 -0.00561801]
[  2.20813200e-03  -6.76592286e-04  -3.33987755e-03   2.53304259e-03
   1.18155520e-03   7.25525663e-04  -2.05075081e-03   9.70341424e-05
  -1.27813091e-03   6.05633573e-04   6.11462153e-03   7.98528649e-04
  -3.85777729e-03  -9.06744892e-03   3.55833833e-03  -6.26483995e-03
  -4.30062563e-03  -1.43809026e-03   7.05372727e-03   1.82445434e-03
  -4.97315289e-03]
[ 0.01733254  0.02109186  0.00032423 -0.00058276  0.00158421  0.008234
  0.00238038  0.00122079  0.00409999  0.03066536  0.0101471  -0.00306839
  0.00878933 -0.02558748 -0.02060192 -0.01052116  0.00387523 -0.00618396
 -0.00144193 -0.00253627 -0.00346125]
[  1.57991284e-03  -1.41493082e-03   3.54461994e-04   4.67478873e-04
  -3.81363840e-03   2.91476194e-05   2.04623804e-03  -4.83668443e-03
  -2.06496005e-03   9.02046412e-04  -9.19270142e-04   3.98337721e-03
   1.77109014e-03   7.37065573e-03  -3.19863067e-03  -8.81110425e-03
   5.84636679e-04   2.17613793e-03  -1.34589856e-03   6.68219545e-03
   1.18381483e-03]
[ 0.00448988 -0.00159728 -0.00164138 -0.00119256  0.00912116 -0.00189959
  0.00796195  0.01682666  0.00433746 -0.00799321  0.00343299 -0.00662171
  0.00359449  0.00708602 -0.01186815 -0.01589333 -0.00710494  0.00078719
  0.00663113 -0.00357611 -0.00242664]
[ 0.02082944 -0.01760105 -0.01110752 -0.00666464 -0.01277065 -0.01437805
 -0.00587664  0.03602013 -0.01440181  0.00258893  0.00240257 -0.01238525
  0.00694583  0.0138022  -0.00174199 -0.01378355 -0.01289157  0.01864441
 -0.02909866  0.0164949   0.03060671]
[  1.32563532e-02   1.59958830e-02   4.15517993e-04  -8.31090691e-03
  -2.44513486e-03  -1.03744938e-02  -1.05297320e-02  -1.04316722e-02
  -1.43908590e-05   4.07127118e-03   8.67327952e-03  -9.22883016e-03
   1.58265293e-02  -2.25304065e-03  -2.13393018e-02   1.20489531e-02
  -6.79892818e-03   1.71910508e-02   6.51643675e-03   1.08224236e-02
  -1.33240215e-02]
[  9.83702847e-03  -8.14986892e-03   1.70264811e-02   8.06623973e-06
  -1.93558288e-02  -9.60803339e-04   9.92679937e-03  -6.84277698e-03
   1.36025105e-02  -3.39785177e-03  -1.51942517e-02   6.27334241e-03
   5.60764139e-03  -1.21142206e-02   1.10003189e-03  -6.50893105e-03
  -4.96081970e-03   6.73605917e-03  -6.19226809e-03   8.98628477e-03
   7.57944057e-03]
[ 0.00537065 -0.00476452 -0.00727132 -0.00089498 -0.00546393  0.00409857
 -0.00202091 -0.00120279 -0.00514893  0.00172398  0.0083778  -0.00096639
 -0.00725054 -0.00069081  0.00477549  0.00676221  0.00866803  0.00318049
 -0.00399333 -0.00609242  0.00011841]
[ 0.00598035 -0.00471375 -0.00583091  0.00122301 -0.00421541  0.00163804
  0.0117575  -0.0091416   0.01062627  0.00049579 -0.01370378  0.00229726
  0.0164461   0.00582785 -0.00277583  0.01467519 -0.00310728 -0.0142595
 -0.00143636  0.00267734 -0.00411247]
[  1.29762142e-02   1.61604663e-02   5.49606912e-06   1.13854700e-02
   2.29717839e-03  -5.60515072e-03   2.09000443e-02   1.27289602e-03
   8.92549996e-04  -1.88336221e-02   1.82956777e-02   1.63524626e-03
   2.39511646e-03   1.33186305e-02   5.36295593e-03   1.75583506e-02
  -8.17133425e-03   1.98935142e-02  -6.66762193e-04  -1.34300906e-02
   5.08246091e-03]
[ 0.0091375  -0.00763676 -0.01597372 -0.0043033  -0.00543645  0.00431094
 -0.00765378  0.00340697  0.00352146 -0.00326542  0.0061485   0.0121577
 -0.00060554  0.00146448 -0.00761635  0.00520537  0.00209552  0.00332339
 -0.00355958  0.00717685  0.01489544]
[ 0.0134514  -0.01137692 -0.00124842 -0.00012151  0.00378855  0.00132733
  0.00465413 -0.01074755 -0.00997364  0.00287172  0.00107008 -0.0105754
 -0.00421097  0.01430295 -0.00992194 -0.00267199  0.0020961  -0.01386615
  0.00021038  0.0008382   0.00161837]
[ 0.00735918  0.00905263  0.00150855  0.00727685 -0.00096691  0.01251287
  0.00321085  0.00571685 -0.01007894 -0.00181408 -0.01382156  0.00511493
 -0.01183252  0.00235648  0.00666787 -0.00151178 -0.00220411 -0.01401601
 -0.00554661  0.01671682 -0.00541507]
[ 0.01650386 -0.01428791 -0.01137508 -0.00011817 -0.0187544   0.01653337
  0.01200841 -0.01822757  0.01448269 -0.01519839  0.0093265  -0.00068702
 -0.01181524  0.01147153 -0.02665834 -0.02758288  0.01326945  0.00229577
  0.01618895  0.01887046  0.00960898]
[  9.10822939e-04  -5.79437891e-04  -1.16120547e-03   8.31870256e-06
  -4.67579407e-04  -9.62934429e-04  -3.18838244e-03   4.44318618e-03
   3.37421371e-04  -1.06790900e-03   2.30548229e-03   1.98732043e-03
  -1.70159210e-03  -2.89703478e-03  -4.65700313e-04   8.48027539e-05
  -2.74686023e-03   1.75852881e-03  -4.24353234e-03   3.71253714e-03
   5.37126255e-03]
[ 0.01827587  0.02191362  0.00051507  0.03423122 -0.00468379  0.00981584
  0.00212774  0.00600861 -0.00491099  0.00259054  0.00394073  0.00173342
  0.00211009 -0.00910215 -0.02567472  0.0165359  -0.0131987   0.00353541
 -0.00827242 -0.02736218  0.00301082]
[  9.79897728e-03  -8.00850399e-03  -3.06557262e-03  -8.07829079e-04
   4.56831431e-03  -2.74496640e-03  -9.99773294e-03   5.86225612e-03
  -3.32107567e-03   2.64603922e-03   2.27681701e-03   1.25288268e-02
  -1.04660141e-02  -1.13083108e-02   1.18890183e-02  -5.09259550e-04
  -1.04167329e-02   7.61103489e-03  -8.22165120e-03  -1.68086229e-03
  -2.67764532e-05]
[  1.11756732e-02  -9.97721949e-03   2.23961136e-02   9.83348065e-06
  -6.31677484e-03  -6.40595998e-03  -2.94050726e-03   1.77835968e-02
  -1.24369939e-02   2.39839371e-03   1.87358840e-02  -1.05049235e-02
  -4.69148205e-03   4.45355855e-03   1.95001264e-03   1.30279154e-02
   1.27659412e-02  -1.21697593e-02   6.22946034e-03  -4.37359531e-03
   9.24275419e-04]
[ 0.00689391  0.00750146 -0.00257997  0.01546498  0.00294052 -0.00897686
  0.01128383  0.0058425  -0.00389315 -0.00900183 -0.0047136   0.00158409
 -0.00364791 -0.00265479  0.00307772 -0.01020355  0.00953091  0.00077968
  0.00304325 -0.00674593 -0.00181435]
[ 0.00379686  0.00456811  0.00137904 -0.00587392 -0.00034761  0.00907993
 -0.01280727 -0.00224892  0.00367354  0.0088795   0.0026717  -0.00328366
  0.00913357 -0.00374972  0.00259661 -0.00850191  0.00418714 -0.00826468
 -0.00124411  0.00733131 -0.00237214]
[ 0.0172868   0.0214734   0.0020232  -0.04964717  0.00063529  0.00770537
  0.01235707 -0.00768955 -0.01722541 -0.03540282  0.01194583  0.00168259
  0.01022747  0.01862099  0.02818958  0.01999118  0.00464024  0.04071606
  0.01343067  0.01301076 -0.02386268]
[ 0.02013851  0.02405466 -0.00157984  0.00811437  0.00191409 -0.00018225
  0.01034396 -0.0061975  -0.00820206 -0.01940457  0.02689163  0.00683663
  0.01871496 -0.01840918  0.01064122 -0.01285503 -0.01096521 -0.01910212
 -0.00635153  0.02412748 -0.0271967 ]
[  1.01528824e-02  -8.89770369e-03   8.79115415e-03  -8.13637622e-05
   1.18368381e-02   2.98327681e-03  -6.31807345e-03  -4.97731906e-03
  -1.33289037e-03   2.99263848e-04   5.70109195e-03   2.33473638e-02
  -4.58044681e-04   9.67166692e-03  -1.16017315e-02   2.65644306e-04
   1.33677670e-02   2.34167173e-03  -1.31079686e-02  -3.23249339e-03
   2.26093144e-03]
[ 0.00410095 -0.00326465  0.00255467  0.00068767 -0.0031526  -0.0058498
  0.00363528 -0.00475614 -0.0107606   0.00739397 -0.01029426 -0.01225975
  0.00778426  0.00831177  0.00253308  0.00246818 -0.00712834 -0.00299852
  0.00723184  0.00794325  0.00386513]
[ 0.02287509  0.02776916 -0.00017603  0.01020992 -0.00268991 -0.00626997
 -0.00666292 -0.00687743  0.00888771  0.02146649 -0.00545933 -0.00592678
  0.00305863  0.00662946  0.02341207 -0.00396948  0.04521877  0.02304583
  0.00820575  0.01060333  0.02745681]
[ 0.00566756 -0.00482921 -0.00693264 -0.00026914  0.00137802 -0.00364816
 -0.00548767  0.01696772  0.00622758 -0.0022455  -0.00308832  0.021331
  0.00794013 -0.00721018  0.005158    0.00548899  0.00146203  0.00518955
 -0.01084947  0.00713229 -0.00121252]
[ 0.01136371 -0.00999878  0.01587497  0.00206559 -0.00751028  0.00451937
  0.00229622 -0.01616567 -0.0071771   0.00463874  0.00406804  0.01744993
 -0.00229711  0.01620987 -0.00715679 -0.02016074 -0.00318264  0.00997734
 -0.00872377 -0.00233224 -0.00325316]
[ 0.01178169 -0.01004243 -0.01772726 -0.00022104  0.00231853  0.00404389
 -0.00125458  0.00770206 -0.00095308  0.00081636  0.00354597 -0.01536376
 -0.00122003 -0.00035813 -0.00129051 -0.00111795 -0.02066268  0.00173936
 -0.00548811 -0.0146099  -0.00068808]
[ 0.00433437 -0.00368161  0.0038221   0.00112354  0.00187698 -0.00050151
 -0.00180408  0.00207863 -0.00105137  0.00176916  0.00364172  0.01098148
  0.00193724  0.00150694 -0.00075856  0.00311624  0.00256701 -0.00625081
  0.01654806 -0.00878049 -0.00985518]
[ 0.01578695 -0.0132653  -0.01903569  0.001167    0.00488357  0.00535013
 -0.00607416  0.0081679   0.0124138  -0.00444087  0.00404347  0.00724258
 -0.01140968 -0.01822185  0.00196924 -0.01545414 -0.01188055  0.01178381
  0.01304183 -0.0001869  -0.00251637]
[ 0.00528551  0.00511198 -0.00290564  0.002755    0.00508041 -0.00978625
  0.02313177 -0.00079153  0.00794731 -0.00624762  0.01470642 -0.00244632
  0.01337531 -0.00194214 -0.00737272 -0.00618135 -0.00671741 -0.01221361
 -0.00470044 -0.02067983  0.00307931]
[ 0.0119787  -0.01059314  0.01998396  0.00067168  0.00861189  0.00309838
 -0.00576831  0.0110863   0.00193041 -0.00665794  0.01892801  0.00070895
 -0.01066189  0.00685087 -0.01429745 -0.00032075  0.02377667 -0.00413349
 -0.01148707 -0.00712655 -0.01250032]
[ 0.0095799  -0.00803892 -0.00989138  0.00084327  0.01869841  0.00179045
  0.00704147 -0.01475954  0.00111639 -0.00118878 -0.00695919 -0.0179425
  0.00294025  0.00045534 -0.00112863  0.00101972 -0.00408772 -0.00745825
 -0.00042664  0.00149558  0.00196805]
[ 0.00572841 -0.00505412 -0.0102587  -0.00042392 -0.00741506  0.01083396
  0.00071173 -0.010078    0.00312589 -0.00336565  0.00846653 -0.00374563
 -0.01556306 -0.01048283  0.00330108  0.00401756  0.0064099  -0.00013704
  0.01957135 -0.00220669  0.00416485]
[ 0.00305317  0.00383942  0.0004989   0.00471323 -0.00159612  0.01290127
 -0.01076462 -0.00019826 -0.00212202 -0.00990457  0.00346278 -0.00401998
  0.01788543  0.00424711  0.01088258 -0.00802874  0.0009877  -0.00506594
 -0.00240064 -0.00733847  0.01087681]
[ 0.00928709  0.01097762 -0.00131786  0.0046184  -0.00543415 -0.02971415
 -0.02461157 -0.01239606  0.00732983 -0.01633506  0.00090084  0.00080913
 -0.00894541  0.00133415 -0.00410199  0.00591327 -0.00566495 -0.00713741
 -0.00730866 -0.00871608  0.01188928]
[ 0.00454644  0.00425369  0.00053484 -0.00647285 -0.00086644 -0.01012073
  0.00014387 -0.0011484  -0.00658852  0.00510481 -0.01543994  0.00098653
 -0.00054156 -0.00759924 -0.00722275 -0.00434871  0.01282066  0.00085284
  0.00634293 -0.00045578  0.00834978]
[ 0.00824637  0.0101475   0.0016555  -0.00614533 -0.00148731  0.0029038
 -0.025626    0.00501041  0.02348524  0.01372311 -0.01332563 -0.00882697
 -0.01451758  0.02016872 -0.00374833 -0.00554719  0.00161309  0.00462844
  0.00731355 -0.00971578 -0.02292938]
[ 0.01037124 -0.00874304  0.00690914 -0.00051051 -0.00519072  0.00117208
  0.00211688 -0.01088981 -0.0103185   0.00129485  0.00188632 -0.01310261
 -0.00910325 -0.00218351  0.0052664   0.00033886  0.00095664  0.00561336
 -0.00240789 -0.00592703 -0.00707926]

Right eigenvectors

[ 1.         -0.87392159  2.22867849  0.1300896  -0.21687952  0.37074439
  0.39807693  0.17405871  2.01089165 -1.2763471  -0.89417974 -1.08132781
  0.02329411 -2.12113384  0.52418174  0.98915729  0.02217753 -0.3197587
 -0.14986538  0.62336082  0.25615595]
[ 1.          1.19704072 -0.0094704   1.50344515  0.35168622 -0.93389245
  0.27612958 -0.2573637   1.81530538  2.14717444  0.10213808 -0.03820462
 -0.82893348  1.14552493  0.91328756  0.85576354  0.07527599 -0.11101115
 -0.2029294   0.32235296  0.88706678]
[ 1.          1.10535598  0.05047208 -4.83568663 -0.4137337  -2.01736244
 -1.89309084 -1.16103871  0.45954801  0.15743828  0.08110913  0.23183974
 -0.09930261 -1.67856458 -2.26507159  0.07138446 -0.98838374 -1.47414775
 -0.66004102 -0.5108888   0.85857545]
[ 1.         -0.80798931 -2.25705252 -0.0804446  -0.0159262  -0.91147777
 -0.39059293  0.29021208 -1.32860037  0.48131832  0.94114177 -0.18734727
 -0.43968331 -0.70587589  1.07986715 -0.7423069   1.02059492 -0.04531806
  0.80978911 -0.43859825 -0.46529701]
[  1.00000000e+00   1.20884055e+00   5.33693803e-02   5.70432196e-01
   1.16322110e-02   1.25777336e+00   4.89239682e-04   4.64963496e-01
  -7.26634480e-01   1.21592902e+00  -7.98559053e-02   4.17534536e-02
   5.39706431e-01  -1.55219726e+00  -9.03456981e-01  -2.93797750e-01
   1.77795945e-01   3.39723678e-01  -2.89311478e-02   5.98549049e-01
  -4.12766326e-02]
[ 1.         -0.85030923 -0.34438976  0.02697006 -0.32801986  0.05151121
  0.14189456 -0.44101214  0.50349014  0.14851198 -0.83017865  0.77493844
  0.6471466  -0.64738856  0.26071994  1.96899818  0.33701724 -1.21028687
 -0.3421755  -0.08697336 -0.16729242]
[ 1.         -0.74564094  1.23606093  0.01005667 -0.83095892 -0.76752341
 -0.30477444  1.5529222   1.52631629  0.04120236 -0.87432747  0.00877905
  0.46650898 -2.07777956  0.67259456  1.07629251  0.44171408  0.36045477
 -0.4439603  -0.97274536 -1.16647826]
[ 1.         -0.81894121 -1.91337292  0.25321215  2.07304344 -1.88463161
 -0.0283875  -1.65505432 -2.01558298  0.83829556 -0.75494121  1.79552837
  1.41547709  1.48103092 -0.43722142 -0.50518083  3.34782798 -2.29474811
 -1.34574508  1.47577019 -2.86924202]
[  1.00000000e+00  -8.67051367e-01  -3.27761109e-04  -4.67373246e-02
  -1.95008892e-01   3.50458549e-01  -1.24618360e-01  -6.08420214e-01
  -1.55059424e-01   2.67150670e-01   4.58294737e-01   9.38812082e-01
  -1.29410187e-01   5.41775266e-01  -2.35376366e-01   1.89674615e-01
  -1.65423012e-01  -3.41147907e-01   1.28634347e+00  -2.71034368e-01
   7.40405965e-01]
[ 1.         -0.83992903 -0.70733431 -0.08679183  0.33807538 -0.24965273
 -0.38730883  1.70183587 -0.19913977  0.06666716  0.2683107   0.12921774
  0.73378568  1.46546357 -0.98884203  0.27763364  0.29938322 -0.81357188
  0.32050754  0.56176178 -0.37810751]
[ 1.         -0.84886607  2.01632978 -0.25152245  0.41310284  0.25241903
  0.10336879  1.25683994  1.4647022  -1.11546562  0.37741699 -1.32489956
  0.19436602 -0.55975021 -0.81365747  0.37749842  1.79818544 -0.7614413
 -0.32555115  0.16719395 -1.17974059]
[ 1.          1.22846538  0.05140692  1.991568   -0.43577837 -0.50212419
 -1.82398316 -0.49828113  0.68243472  0.36744562  0.56760861 -0.76713201
  0.63167038  1.23391546 -1.15950889  1.74481219 -0.36240194  3.37976295
  1.00375433  1.22910504 -1.32126844]
[ 1.         -0.81084338 -1.57703636 -0.32413039 -0.70664884 -0.62653532
  0.20185476 -0.18167495 -0.6117867   0.20269494 -1.18367218 -3.51476438
  0.58028594  0.98781479 -0.26769392  0.61008273 -0.38480119 -1.02976609
 -0.20732427 -0.24319865 -0.79273618]
[ 1.          1.18657264 -0.36503822  1.24031043  0.5585696  -0.63293161
  3.73548864 -0.43820356  0.98987349  2.30377139  4.99333129 -0.45899683
  4.0576992  -1.65469158  0.53869824  0.40891549  1.39757074  1.94065642
  0.37563221 -2.21585309  3.88597496]
[ 1.          1.17539306 -0.03170522  0.34352527  0.24592252 -0.95780226
  1.71513854 -0.12819454  1.01051186  1.16166768  1.30759982  0.28374927
 -0.0545397   0.1133655   0.59871108  0.59070052 -0.52527946 -0.14992528
 -0.41860496  0.89093145  0.97873636]
[ 1.         -0.8573085   0.98428386 -0.19329395  0.76718892 -0.14932177
  0.14013651 -1.79078944  0.7995893   0.09981343 -1.91800592  2.18551415
  0.93199746 -0.29432319 -0.32255346 -0.92864652 -1.77801826  1.50831967
 -0.23939465 -2.04897598  0.15464247]
[ 1.         -0.85504348 -1.30184929  0.0626946  -0.11099339 -0.20499599
 -0.30532771  0.74916269 -0.41617652  0.48361039 -0.05718099  0.55673743
  0.48051849 -0.42722044  1.10467731  0.36166159 -1.37834433 -0.3278325
  0.3752191   0.88352952  0.2509058 ]
[ 1.         -0.88184992  0.78553703  0.07358766 -1.70889236  0.21635208
  0.54337048 -0.76909198  0.59439752  0.21197244 -0.91926732  1.35970281
  1.05334282  0.68320116 -0.11111321  0.70705284 -0.33329198 -0.04985871
 -0.84467952 -0.57673716 -0.21298941]
[ 1.          1.20853424  0.21175461  1.57354958 -0.29736137  2.24373463
  0.4832702   0.86657485 -2.36578404  0.44104119 -2.04885812 -0.19939707
 -0.59069674 -0.48954181 -0.97368177  1.12441367  1.01220217  1.48673715
  0.09845984  0.99555785  0.97761211]
[ 1.         -0.84043357  1.20479967 -0.10227419  0.225701   -0.63341611
 -0.32761314  2.4124212  -0.37152767 -0.2560403   1.10665374  0.03247124
 -0.50198509  0.07798117  0.00286751  2.02046728  1.28370486 -1.1630508
  1.46156489  1.71300061  1.81135937]
[ 1.         -0.86757393  1.02984275 -0.24960509 -1.84297489 -0.75342584
 -0.21270573  0.75716621 -1.22200383  0.43115333  0.97725413 -0.15669923
 -0.27375278  0.05934597  0.32706558  0.18108563  1.19851737 -0.17189463
 -0.53373218 -0.67855306 -0.05367725]
[ 1.         -0.8512316  -1.49899871  0.09019959 -0.39321222  0.76690994
 -0.12596365 -1.00168784 -0.46046229  0.50216833  0.31373039 -0.06773326
 -0.5187205   0.71716608 -0.2879044  -0.04265479 -0.50837798 -0.0257914
  0.41276582 -0.61474328 -0.57768808]
[  1.00000000e+00   1.20678584e+00   1.00334820e-01  -9.28544697e-01
   1.79357655e-03   2.29465664e+00   8.44220284e-01   8.79072218e-01
  -1.87711739e+00  -7.13724614e-01  -1.53819400e+00   1.35496252e-01
   1.80142987e-01  -3.01320043e-01  -5.72403219e-01   4.55217798e-01
   1.04080551e-01  -8.31830236e-02  -4.47515732e-02  -1.49403987e+00
  -9.53293700e-02]
[ 1.          1.21007052 -0.01542287 -0.29596384  0.32036374 -0.62207096
  1.92239579  0.00579595 -0.8331054  -0.77633628 -0.2314107   0.77437729
 -1.31544302 -0.33537576  0.59967932 -0.34601586  0.19494613 -1.0436804
 -0.39483784  1.02281478 -1.69277922]
[ 1.         -0.57708984 -0.85786404  0.05943008 -0.74991878  0.00876337
 -0.01141254  0.56855325  0.46460808  0.32763343 -0.27352601  0.87969718
 -0.85345273 -0.50059807 -0.34048527 -0.6742832  -1.35846577  0.31227371
 -1.58399877 -1.35485056 -1.01760215]
[ 1.         -0.81623021  1.39301712  0.1264544   0.80700052  0.02092181
 -0.09484789 -0.27430656  1.11525307  0.1202345  -1.73111214  0.71305547
  0.1197548  -2.13983734  1.68494651 -0.65504472 -2.49952464  1.43668658
  3.16933316 -1.10835905 -0.25978814]
[ 1.          1.22852921  0.14263157 -1.5305413   0.2418764   0.65361235
 -0.13095109 -0.23313154  1.84836829  1.03337543  0.97479322 -0.29697019
  0.4093111   1.60710866  3.31673524 -0.89911587  0.71203397 -0.35560945
 -0.27979378 -0.04073477  0.80495053]
[ 1.          1.21200298  0.16369147 -2.85003556  0.33547486  1.61418514
  0.66893811  0.77164301 -0.10688373  0.5245238   0.00917502  0.05746164
  0.18347366  0.51504263  0.2134749   0.05240185 -0.91403141  0.1778746
 -0.0588976  -0.39911847  0.6226022 ]
[  1.00000000e+00  -8.80611009e-01   1.19853178e+00   1.95039403e-01
   2.13635452e+00   2.89969062e-01  -4.72029547e-01  -2.18194960e+00
  -1.51340585e+00   2.02509955e-01   6.20970456e-01  -1.86808545e+00
  -1.78108458e+00  -2.99150632e-01   2.90003477e-01  -1.20188898e+00
  -2.59726166e-01   1.62661007e+00  -3.82574955e+00   1.13534975e-02
  -2.95702319e-03]
[ 1.         -0.86709413 -0.89525952  0.0290555   1.29845531  1.07910621
  0.07638655 -1.50985771  0.99026022 -0.50563834 -0.5335202   0.54876058
 -0.21536722 -0.8423697   0.30386631  2.05607746  1.95700528  0.14477492
 -1.12952328 -0.86487015 -0.69215206]
[ 1.         -0.84838204 -1.79005409 -0.02177247  2.83678951  0.44239412
 -0.04585195 -0.88852213  0.27545873  0.14837299 -1.5807019  -1.70285467
  1.05272472  0.7888383   0.13993122  2.22532476  0.15099569 -0.31546382
 -1.18761449 -0.09845231  0.08042443]
[  1.00000000e+00   1.21975240e+00   4.39116201e-02  -9.09277709e-03
   6.49845746e-02   4.55772072e-01   6.55184783e-04  -1.48645507e-01
   7.98784464e-01   1.85655678e+00   4.44695712e-01  -5.23280363e-02
  -1.08884285e-01  -2.32798859e-01   3.44784905e-01  -6.05854085e-01
   2.43042953e-01  -1.09313861e+00  -2.29368259e-01  -1.72567971e-01
  -9.07345208e-01]
[ 1.          1.17273916 -0.17378907  1.36863754 -0.71903182 -1.27308052
 -2.6159763  -1.26161772 -0.3981742  -4.44390814  1.65201561 -0.15532177
  1.59121322  0.11011427 -0.33522053  0.22592996 -1.4974254   0.42824772
  0.37560546  0.8649564  -0.23944322]
[ 1.          0.56066157 -0.61166094  0.48513734  0.09644444 -4.3881791
  0.32451455 -1.3525463  -1.57331387  0.44948601 -1.17694484  0.23316262
 -0.22681865 -1.47204274 -0.24396727 -0.73298301  1.44267638 -1.41368454
  0.19672336  0.98678412 -0.57838028]
[ 1.         -0.83163063  1.74780767  0.39354341  3.6374121  -0.86153725
 -1.06562939  0.72298099 -1.7039607   1.1439045   0.01369917  0.79764076
  1.09807404  1.39618979  0.39646791  1.00116181 -1.85827734 -1.07804563
  2.90620528  0.34062052  1.32391912]
[ 1.         -0.84348615  0.70672444  0.17030124  3.13381428 -0.06588893
 -0.20364649 -1.69090165 -0.40232596 -0.27943365 -0.04634117  0.67792453
 -0.67634079 -0.47159866 -0.22475266 -1.8368246  -0.82380835  0.86652042
  1.04870193  1.53775244  1.39803312]
[ 1.          1.2356856   0.27244876  1.22541791 -0.66763286  2.2149806
 -3.21827227  0.09901569 -0.59330933 -4.12088291 -1.6208676   0.36907184
 -0.73362073  0.91655606  2.82732118 -2.05582403 -1.05932773 -5.26519693
 -1.34791511  0.40763568 -0.09795497]
[ 1.         -0.83004214 -1.59766074 -0.12985353  2.37763136 -0.68482879
 -0.41182846  2.97909194  1.94563028 -1.06642564 -1.32575681  0.51470617
  1.85976283  0.08126281 -0.70448571 -0.3523009   2.38616923  1.12127535
 -1.17746959  1.83302316 -0.04758462]
[ 1.          1.21882292 -0.00493545  0.74706178 -0.20824822 -0.98430873
 -0.72354572 -0.30746134 -0.20514765 -1.61904961 -0.78241813  0.04167855
 -1.44912546  0.5692773  -0.47983101  0.66871904 -0.31880021  0.03931077
  0.71869303  1.14483848 -0.89862594]
[ 1.         -0.8675714   0.92953612 -0.03077178  1.86993425  0.07036926
 -0.85880666 -0.92118827 -1.35131136  0.86974929  0.76297482  1.74557359
 -0.04546501  0.88750896 -0.24679467  0.145813    0.36065506 -0.72730193
  0.98922153 -1.40009327  0.0827568 ]
[ 1.         -0.78816553 -1.70798284  0.14875472 -0.48650806 -0.59835794
  0.26110482  0.16138283  0.55942401 -0.21604827 -1.87821434  0.45582046
  0.94852316 -0.25745118  0.86109066 -1.01999269 -0.04591819  1.28176251
 -0.51520093 -0.10283347 -0.57990772]
[ 1.         -0.6256738  -0.25518862 -0.80598016  2.5472584  -0.54329122
 -1.56197499  7.92686651  7.30760987 -1.95719077 -3.60105729 -4.92542507
  1.12868517  2.93329949 -3.62479818 -6.33156941  0.88129765  3.39765463
  3.39150238 -3.40271755 -9.78363031]
[  1.00000000e+00   1.10901158e+00   9.36776593e-02  -1.17913855e+00
   5.74274857e-01   5.10204096e-01   2.23077596e+00   3.18477596e+00
  -8.95497715e-01  -4.44244019e-01  -2.98544236e+00   9.90729318e-01
  -4.80911683e+00   1.87566237e+00  -1.32758066e+00   5.16760136e-01
  -1.68294632e+00  -1.65134539e-02  -3.98585226e-03  -6.49921412e-01
   2.00531869e+00]
[ 1.         -0.87464986  1.38453091 -0.06296225  0.88875791 -0.68335499
 -0.7252807   1.29129257 -0.30244035  0.04268904  0.18508638 -1.03007947
 -0.25622947 -1.78337496  1.46436358  0.64880028 -0.48849868  0.38641227
 -0.58714859 -0.16898229 -0.3957271 ]
[ 1.          1.23284377  0.05037561 -1.04730672  0.21493046 -0.28599179
  0.83325914  0.15321585 -0.17642215 -0.1245289  -0.2351034   0.29804862
 -0.92663572  0.26451731 -0.65076173  0.66534651 -0.70717748  0.00978556
 -0.18426875 -0.11533404  0.18342986]
[ 1.         -0.8747577   0.45460282  0.03874814 -1.71804424  0.14136245
  0.24958858 -0.06130239 -0.13724207  0.4625323   0.17858966 -0.234254
 -0.18853703  0.06091466  0.33105745 -0.16200549 -0.7716989   0.29755975
  0.09725884 -0.954851   -0.27771085]
[ 1.          1.19350526 -0.00620016  1.43924416 -0.17042016 -0.63297116
 -0.59197101 -0.0054817   0.14136181 -0.89115747 -1.20623111  0.07408835
 -0.77575181  0.37277963 -0.15445879 -0.03373605  0.59231723 -0.18038653
  0.10779613 -2.1429984   1.55826946]
[ 1.          0.41018757 -1.60416348 -0.3616357   1.37500087 -4.28944711
  3.3636028   0.25157565  0.42688997 -0.37068494 -1.87590186 -1.78608499
  2.06885065 -0.86271726  1.71219653 -5.67424123  5.47375056  1.47972411
  2.43956128 -0.30324276  0.63715697]
[ 1.         -0.81978596 -1.84145577  0.0110511  -0.18687095  1.29514414
  0.52260083 -0.72703581  1.26958975 -0.82994213  0.72965799  2.27848466
  0.00638745  0.64137751 -1.55388535 -0.33657145  0.71528588 -0.29431577
 -0.28204644  0.46727687 -0.2586192 ]
[  1.          -0.86495565   1.17973797   0.44737285  13.44279495
   0.66811028  -0.90977096  -1.66649646   0.57108935  -1.52520058
  -1.28640908  -3.3115999   -0.48461359  -1.56243198  -0.05064654
  -0.74579316  -2.62195243   1.73461403   1.23185414   1.55879142
   3.38079073]
[ 1.          1.23431315  0.05399567 -0.87289528 -0.31185557  0.35226616
 -1.53242237 -0.16104152 -1.81057393 -1.7612781  -2.2726764  -0.25849682
  1.77582693 -0.91119105 -0.08318964 -1.51931189  2.896577    0.60644448
  1.73406214 -2.6761067   2.46909269]
[ 1.         -0.81392149 -1.70662311 -0.23625955  0.71470479  1.49348895
  0.06292528 -0.66368061  1.16115937 -0.58318482  0.11770885 -0.39663309
 -0.70153587 -0.08110818 -0.30533499  2.60742697  0.25278513 -1.31900826
  0.78842692  1.41393298  2.25680483]
[  1.00000000e+00   1.13440693e+00  -1.05514385e-03   4.38500316e-01
   2.08027851e-01  -7.06668674e-01   1.18998175e-01   3.30832966e-01
   2.58090390e+00   1.00618740e+00  -1.97229029e-02   1.93178009e-01
  -2.34854091e+00   1.83019876e+00   2.09905820e+00  -7.02577812e-01
  -5.53230193e-01  -9.14723705e-01  -2.96527239e-01  -2.54067694e-01
   4.94426446e-01]
[ 1.         -0.83785704  0.62253233  0.00613232  0.1816653   0.34459346
  0.46370625 -0.15283169  0.54928095 -0.3836351  -0.12710364 -0.75115512
  0.01323284 -0.20041792  0.14615478 -0.52939485  0.37651496  0.82135481
 -0.35806619 -0.4840978  -0.34034997]
[ 1.         -0.81569324  0.40157363  0.03491215 -1.03004007  0.2123366
  0.73814349  0.78590493  0.42414268 -0.62965107  0.68319596 -2.45819354
 -0.26882175  0.07405497 -1.30025942 -0.79381852 -0.57625227 -0.54397168
  0.0068519   1.40933022  1.17491013]
[ 1.         -0.88699491  1.07254338  0.16761021  1.38677117 -0.67332253
 -0.62442643  0.21964271 -1.11839019  0.75828367  0.15694541  2.21849421
  1.13607295  0.98179358  0.50471822 -0.0264462  -0.34858021 -0.47084471
  1.00807508 -0.72154169 -1.19846269]
[ 1.         -0.88138091  1.72099463  0.1017355  -0.93544217  0.77153209
  0.50992271 -0.49841709  1.22852937 -0.7756793   0.65899576 -0.2743293
 -1.01046122 -0.09420457 -1.03321373 -0.84067066 -0.07562625 -0.27674181
  2.19159031  1.77611563  1.84760027]
[ 1.         -0.87441071  1.75994726  0.10441107 -0.9637448  -0.88813292
  0.44419988 -0.03576194 -0.57078499  0.59691275 -0.88254893  0.28337715
  1.2773337   0.89169973  0.71643792 -0.05205057 -0.41644377  0.03085082
 -0.39320913  0.38970507 -0.17401176]
[ 1.          1.08453917  0.04767919  1.87001102 -0.13505438  1.2987972
 -1.23120952  0.19383872 -0.31280405  1.36491808  0.01780632 -0.25476496
  0.84594436 -0.26582343 -1.05317899 -0.07983616 -1.15026374 -0.62994501
 -0.41257455  0.73031481 -0.84321414]
[ 1.         -0.87382026  1.41143223  0.19635565 -0.07080823  0.27701868
  0.56051826 -0.71455727  0.88085076 -0.50944552 -0.63225385 -0.7964024
 -0.04613465 -1.30418042  0.45796881  0.16390813 -0.21808173 -0.31542283
  0.89050152  0.73632051 -0.48291752]
[ 1.         -0.81008199 -1.04031663  0.01475887 -1.59011607 -0.4344497
 -0.15435455  0.68383613 -0.92038052  0.56877331  0.4305593  -0.71628298
 -0.49411653 -0.90768983  1.46052547  0.50758386 -0.2083315   0.12066254
  0.39079713 -0.87136677 -0.47748657]
[ 1.         -0.30640935 -1.51253527  1.14714274  0.53509265  0.32856988
 -0.92872654  0.043944   -0.57882903  0.27427417  2.76913768  0.36163085
 -1.7470773  -4.10638898  1.61146993 -2.83716731 -1.94763068 -0.65127006
  3.19443188  0.82624333 -2.25219909]
[ 1.          1.21689393  0.0187065  -0.03362232  0.09140072  0.47505999
  0.13733596  0.07043335  0.23654846  1.76923648  0.58543634 -0.17703075
  0.50710009 -1.47626854 -1.18862689 -0.60701798  0.22358119 -0.35678303
 -0.08319233 -0.14632991 -0.1996964 ]
[ 1.         -0.89557524  0.22435541  0.29588903 -2.41382834  0.01844888
  1.29515881 -3.06136155 -1.30700884  0.57094695 -0.58184864  2.52126389
  1.12100497  4.66522932 -2.02456147 -5.5769559   0.37004363  1.37737847
 -0.85188153  4.22947094  0.74929122]
[ 1.         -0.3557501  -0.3655722  -0.26561073  2.03149228 -0.42308261
  1.77330853  3.74768513  0.96605236 -1.78027074  0.76460587 -1.47480824
  0.80057538  1.57822033 -2.64331086 -3.53981088 -1.58243253  0.17532464
  1.47690468 -0.79648269 -0.54046788]
[ 1.         -0.84500849 -0.53326073 -0.31996272 -0.61310595 -0.69027526
 -0.28213151  1.72928951 -0.69141635  0.124292    0.11534499 -0.5946033
  0.33346197  0.6626293  -0.08363132 -0.66173432 -0.61891131  0.89509918
 -1.39699671  0.79190348  1.46939669]
[  1.00000000e+00   1.20665788e+00   3.13448192e-02  -6.26937650e-01
  -1.84450039e-01  -7.82605419e-01  -7.94315891e-01  -7.86918697e-01
  -1.08558205e-03   3.07118491e-01   6.54273419e-01  -6.96181675e-01
   1.19388260e+00  -1.69959311e-01  -1.60974150e+00   9.08919140e-01
  -5.12880736e-01   1.29681599e+00   4.91570846e-01   8.16395236e-01
  -1.00510460e+00]
[  1.00000000e+00  -8.28488902e-01   1.73085614e+00   8.19987434e-04
  -1.96764998e+00  -9.76721113e-02   1.00912582e+00  -6.95614230e-01
   1.38278653e+00  -3.45414449e-01  -1.54459771e+00   6.37727382e-01
   5.70054403e-01  -1.23149187e+00   1.11825629e-01  -6.61676549e-01
  -5.04300635e-01   6.84765647e-01  -6.29485633e-01   9.13516190e-01
   7.70501031e-01]
[ 1.         -0.88714166 -1.35389961 -0.16664337 -1.01736884  0.76314227
 -0.37628794 -0.22395572 -0.958717    0.3210012   1.55992429 -0.17993942
 -1.35003195 -0.12862678  0.8891841   1.25910538  1.61396458  0.59219801
 -0.74354685 -1.134392    0.02204797]
[ 1.         -0.78820559 -0.9750109   0.2045046  -0.70487671  0.27390439
  1.96602239 -1.52860588  1.77686401  0.0829036  -2.29146722  0.38413529
  2.75002263  0.97449942 -0.46415896  2.45390207 -0.51958234 -2.38439306
 -0.24018019  0.44768915 -0.68766427]
[  1.00000000e+00   1.24539145e+00   4.23549505e-04   8.77410762e-01
   1.77029937e-01  -4.31955778e-01   1.61064266e+00   9.80945595e-02
   6.87835434e-02  -1.45139574e+00   1.40993955e+00   1.26018747e-01
   1.84577444e-01   1.02638800e+00   4.13291260e-01   1.35311812e+00
  -6.29716348e-01   1.53307535e+00  -5.13834143e-02  -1.03497757e+00
   3.91675169e-01]
[ 1.         -0.83576001 -1.74814978 -0.47094975 -0.59496     0.47178565
 -0.83762304  0.37285559  0.38538547 -0.35736447  0.67288687  1.33052827
 -0.06627001  0.16027149 -0.83352686  0.56967141  0.22933232  0.36370848
 -0.38955776  0.78542874  1.63014396]
[ 1.         -0.84577974 -0.09280933 -0.00903304  0.28164731  0.09867575
  0.34599574 -0.79899148 -0.74145731  0.21348883  0.07955186 -0.78619344
 -0.31305046  1.06330603 -0.73761438 -0.19864024  0.15582739 -1.03083322
  0.01563992  0.06231345  0.12031244]
[ 1.          1.23011369  0.2049888   0.98881221 -0.13138814  1.70030751
  0.43630552  0.77683291 -1.36957313 -0.24650538 -1.87813757  0.69504088
 -1.60785818  0.3202098   0.90606078 -0.20542778 -0.29950478 -1.90456137
 -0.75369914  2.2715591  -0.73582444]
[ 1.         -0.86573154 -0.68923745 -0.0071601  -1.13636484  1.00178818
  0.72761225 -1.10444299  0.87753355 -0.92089939  0.56511027 -0.04162786
 -0.71590788  0.69508153 -1.61527977 -1.67129925  0.80402127  0.13910489
  0.98091942  1.14339689  0.58222664]
[ 1.         -0.63616963 -1.27489705  0.00913317 -0.51335928 -1.05721363
 -3.50055131  4.87821067  0.3704577  -1.17246608  2.53120798  2.18189545
 -1.86819196 -3.18067832 -0.51129621  0.09310564 -3.01580045  1.93070325
 -4.65900907  4.07602507  5.89715335]
[ 1.          1.19904645  0.02818325  1.87302794 -0.25628262  0.53709278
  0.11642363  0.32877284 -0.26871421  0.14174655  0.21562491  0.0948477
  0.11545774 -0.49804211 -1.4048423   0.90479388 -0.72219273  0.19344709
 -0.45264156 -1.4971749   0.16474312]
[ 1.         -0.81727958 -0.31284618 -0.08244014  0.46620317 -0.28012785
 -1.02028331  0.59825183 -0.33892064  0.27003218  0.23235251  1.27858515
 -1.06807209 -1.1540297   1.21329175 -0.05197068 -1.06304287  0.77671727
 -0.83903156 -0.17153446 -0.00273258]
[  1.00000000e+00  -8.92762276e-01   2.00400576e+00   8.79900516e-04
  -5.65225441e-01  -5.73205734e-01  -2.63116790e-01   1.59127745e+00
  -1.11286305e+00   2.14608432e-01   1.67648817e+00  -9.39981265e-01
  -4.19794132e-01   3.98504721e-01   1.74487263e-01   1.16573875e+00
   1.14229729e+00  -1.08895089e+00   5.57412534e-01  -3.91349605e-01
   8.27042272e-02]
[ 1.          1.0881289  -0.37423909  2.24328111  0.42653811 -1.30214315
  1.6367816   0.84748775 -0.56472236 -1.30576575 -0.68373348  0.22978076
 -0.52914917 -0.38509205  0.44644054 -1.48008102  1.38251126  0.11309666
  0.44144074 -0.97853524 -0.26318184]
[ 1.          1.20312928  0.36320633 -1.54704692 -0.09155317  2.39143324
 -3.37312273 -0.59231149  0.96752213  2.33864426  0.70366004 -0.86483519
  2.4055602  -0.98758551  0.68388501 -2.239196    1.10279003 -2.17671622
 -0.32766895  1.93088901 -0.62476436]
[ 1.          1.24218501  0.11703706 -2.87196974  0.03675023  0.44573728
  0.71482713 -0.44482181 -0.99644858 -2.04796848  0.69103779  0.09733354
  0.59163452  1.07717964  1.63069992  1.15644192  0.26842688  2.35532668
  0.77693211  0.75264133 -1.38039919]
[ 1.          1.19446091 -0.07844863  0.40292802  0.09504642 -0.00904982
  0.51364068 -0.30774396 -0.40728233 -0.96355569  1.33533392  0.33948041
  0.92931219 -0.91412838  0.52840169 -0.6383308  -0.54448977 -0.94853707
 -0.31539217  1.19807705 -1.35048227]
[ 1.         -0.87637218  0.86587767 -0.00801386  1.16585987  0.29383545
 -0.62229357 -0.49023704 -0.13128197  0.02947575  0.56152447  2.29957985
 -0.04511474  0.95260307 -1.14270323  0.02616442  1.31664748  0.23064108
 -1.29105885 -0.31838184  0.22268863]
[ 1.         -0.79607257  0.62294671  0.16768612 -0.76874883 -1.42645204
  0.88644967 -1.15976666 -2.6239301   1.80299179 -2.51021561 -2.98949261
  1.89816291  2.02679204  0.61768108  0.60185677 -1.73821838 -0.73117879
  1.76345693  1.93692997  0.94249673]
[ 1.          1.21394753 -0.00769521  0.44633375 -0.11759103 -0.27409615
 -0.29127411 -0.30065137  0.38853233  0.93842208 -0.23865833 -0.25909326
  0.13371024  0.28981118  1.02347462 -0.17352836  1.97676906  1.00746408
  0.35871997  0.46353195  1.20029314]
[ 1.         -0.8520804  -1.22321473 -0.04748806  0.24314139 -0.64369173
 -0.96826021  2.9938334   1.09881151 -0.39620225 -0.54491257  3.76370338
  1.40097919 -1.27218498  0.91009171  0.96849245  0.2579649   0.91565832
 -1.91431228  1.25844148 -0.21394117]
[ 1.         -0.87988703  1.39698863  0.18177049 -0.66090019  0.39770186
  0.20206563 -1.42256966 -0.63158031  0.40820691  0.35798508  1.5355839
 -0.20214401  1.42645914 -0.62979367 -1.77413378 -0.28007084  0.87800007
 -0.76768637 -0.20523598 -0.28627606]
[ 1.         -0.85237632 -1.50464536 -0.01876112  0.19679117  0.34323509
 -0.10648573  0.65373109 -0.0808948   0.06929033  0.30097299 -1.304037
 -0.10355279 -0.030397   -0.10953553 -0.0948891  -1.75379605  0.14763211
 -0.46581715 -1.24005122 -0.05840233]
[ 1.         -0.84940088  0.88181313  0.25921771  0.43304514 -0.11570528
 -0.41622607  0.47957035 -0.24256584  0.40817079  0.84019702  2.53358399
  0.44694985  0.34767341 -0.17501025  0.7189618   0.59224542 -1.44215173
  3.81787247 -2.02578496 -2.27373126]
[ 1.         -0.8402701  -1.20578675  0.07392201  0.30934233  0.3388956
 -0.38475808  0.51738292  0.78633333 -0.28129992  0.25612753  0.45877043
 -0.72272897 -1.15423509  0.12473851 -0.97891859 -0.75255535  0.74642726
  0.82611463 -0.01183876 -0.15939591]
[ 1.          0.96716772 -0.54973563  0.5212356   0.96119454 -1.85152235
  4.37644626 -0.14975482  1.50360175 -1.18202673  2.78240203 -0.4628356
  2.53056115 -0.36744662 -1.39489277 -1.16948975 -1.2709091  -2.31077117
 -0.88930571 -3.9125491   0.58259402]
[ 1.         -0.88433072  1.66829046  0.05607303  0.71893317  0.25865707
 -0.4815469   0.92550094  0.16115317 -0.55581516  1.5801389   0.05918407
 -0.89007038  0.57192054 -1.19357255 -0.02677664  1.98491197 -0.34506953
 -0.95895772 -0.59493532 -1.04354496]
[ 1.         -0.83914431 -1.0325137   0.088025    1.95183785  0.18689625
  0.73502558 -1.54067788  0.11653458 -0.12409089 -0.72643652 -1.87293159
  0.30691886  0.0475308  -0.11781185  0.10644331 -0.42669752 -0.77853086
 -0.04453467  0.15611676  0.20543511]
[ 1.         -0.88229066 -1.79084531 -0.07400369 -1.29443657  1.89126877
  0.12424561 -1.75930229  0.54568273 -0.58753607  1.4779897  -0.65386847
 -2.71682073 -1.82997162  0.57626389  0.70134006  1.11896663 -0.02392217
  3.41654137 -0.38521823  0.72705243]
[ 1.          1.25751886  0.1634048   1.54371799 -0.52277377  4.22553252
 -3.52572011 -0.06493505 -0.69502125 -3.24402791  1.13416021 -1.31665878
  5.85798589  1.39104992  3.5643537  -2.62964203  0.32350039 -1.65923946
 -0.78627751 -2.40355601  3.56246463]
[ 1.          1.18202985 -0.14190235  0.49729184 -0.58512907 -3.19950967
 -2.65008263 -1.33476219  0.78924942 -1.75889931  0.09699906  0.08712456
 -0.96320892  0.14365585 -0.44168682  0.63671931 -0.60998042 -0.76852975
 -0.7869699  -0.93851571  1.28019358]
[ 1.          0.93561058  0.11763906 -1.42371833 -0.19057507 -2.22608034
  0.03164402 -0.25259232 -1.44916085  1.12281582 -3.3960534   0.21699004
 -0.11911706 -1.67147198 -1.58866258 -0.95651042  2.81993607  0.18758506
  1.39514313 -0.1002497   1.83655404]
[ 1.          1.23054075  0.20075489 -0.74521659 -0.18035873  0.35213106
 -3.10754818  0.6075894   2.84794768  1.6641392  -1.61593805 -1.07040583
 -1.76048052  2.44576848 -0.45454252 -0.67268212  0.19561192  0.56126964
  0.88688081 -1.17818831 -2.78054121]
[ 1.         -0.84300779  0.6661831  -0.04922327 -0.50049173  0.11301301
  0.20411064 -1.05000092 -0.99491518  0.12484965  0.18187958 -1.26335976
 -0.8777399  -0.21053513  0.50778861  0.0326726   0.09223958  0.54124264
 -0.23217    -0.57148751 -0.68258544]
