Cluster centers 

[-0.71912889  0.6822266   0.59500798  0.40504643]
[ 1.50281008 -0.11136012  0.15639842  0.43316764]
[-0.74491364 -1.3460847  -0.28404949 -0.54566073]
[-0.76592413  1.76079575 -0.38209661 -1.4565454 ]
[ 0.46724045 -0.84986516  2.49895027 -0.0301611 ]
[-0.73634368 -0.60781239 -1.1410563   1.12273391]
[-0.62636592 -0.90351619  0.93435439  0.62085211]
[ 1.39728363 -0.2107266  -2.21553251 -0.43574924]
[ 1.52849721  1.02172244  0.05345714  0.94152512]
[-0.76204773  1.35555482 -0.17941911 -0.384383  ]
[ 1.47172087 -0.61443106  0.01146422 -0.80437123]
[ 1.45163769  0.3783048   0.87503092  0.73730945]
[ 1.51441943 -0.51455073 -0.63914159 -0.84728103]
[-0.73693963  0.34340007  0.4018799   0.95403189]
[ 1.51574543  0.110859   -0.85489552  0.75097113]
[-0.75095028  0.96051654 -0.50699704  0.76276147]
[-0.73400513  1.23660459  0.36926445 -0.585603  ]
[-0.67308661 -1.58651951  0.10718278 -1.44137236]
[-0.77039228 -1.20403627 -0.79990578 -0.26296424]
[ 1.49841152  0.23665476  0.4209008   0.81385696]
[-0.7367508   1.41617877  0.31077491 -1.04867575]
[ 1.057533    0.76304111  2.20462374 -0.21069859]
[-0.7548174   1.62873357 -0.67068824 -0.65005562]
[-0.35690469 -1.22173194  1.65466818 -0.04148273]
[-0.57127904  1.48952221  1.11253641 -2.1088962 ]
[ 1.43898744 -0.13627343  0.73983797  0.43572683]
[-0.72347071 -0.55331463  0.41102678  1.05532605]
[-0.76035528 -0.36537207 -0.33449845  1.3393295 ]
[-0.44972933  0.60220405  1.76639297 -0.2398216 ]
[-0.5572543  -1.76772461  0.23048514 -2.77542133]
[ 1.21162739 -0.76387682  1.3781708  -0.46490641]
[ 0.85569022 -1.04814186  1.97156105 -0.68676322]
[ 1.07457601  1.5087368   1.936077   -1.474099  ]
[-0.74306118 -1.11638114 -1.64015795 -0.45922685]
[ 1.50954768  0.5778504  -0.76622411  1.24277955]
[ 1.50992654  0.97865008  0.45456637  0.75837534]
[-0.4282598   1.59795091 -2.23270985  1.14172982]
[-0.74953792 -0.99864135 -1.35641313  0.14653571]
[-0.53781051 -0.48024619 -2.41318869  0.98550261]
[ 1.32874565  0.03746276  1.39404155  0.49133655]
[-0.7549491   1.12979554  0.11244909 -0.08801805]
[-0.76632398  1.97158334 -0.49599236 -2.16749434]
[-0.56781522 -0.21837535  1.4091819   0.78643995]
[-0.64477393 -1.24542551  0.63253797 -0.0131179 ]
[ 1.50000185 -0.65567308 -1.35970217 -2.28481017]
[ 1.50575823 -0.19703911 -1.17405338  0.00338845]
[ 1.38500461 -0.66811542  0.67669108 -0.59528751]
[-0.52915199 -1.67311584  0.71616602 -1.62361153]
[-0.71070367  2.37735592 -1.52806532 -2.48807705]
[ 1.50521655 -0.35952132 -1.30389237 -0.62954643]
[-0.73772519  1.93693769 -1.05323626 -1.24651659]
[-0.68722106  1.70566601 -1.32624225 -0.13101695]
[-0.75165373  0.1755743  -0.48941166  1.48667586]
[-0.71566181 -0.94488591  0.32196627  0.61816028]
[ 1.34450429  0.62845299 -1.8460383   1.50378109]
[ 1.22345482  2.0127457  -2.02697215  0.95112489]
[ 1.50894038  0.35173702  0.32264599  0.86099031]
[ 1.40393079 -0.0354931  -1.98517674  0.3011224 ]
[-0.77233422 -1.41401069 -1.24715956 -1.6439819 ]
[ 0.31000263 -0.01517628  2.68015911  0.14546721]
[-0.66850336 -0.20505699  0.93583718  0.99087244]
[ 1.46405934  0.01403125 -1.5269975   0.51362083]
[-0.76521813 -0.9450051  -0.73808846  0.5171694 ]
[ 1.33819881 -1.04416218  0.25677609 -2.41817193]
[-0.66731399  0.19497715 -1.38073634  1.71109002]
[-0.63449941  0.90732566  1.09971685 -0.39660216]
[-0.63240694 -1.47165238  0.49221078 -0.75191548]
[-0.75434874  0.61386746 -0.36966185  1.13868365]
[ 1.51795005 -0.35369099 -0.49191431 -0.22924919]
[ 0.65648371 -1.4397031   1.84092062 -1.74611196]
[ 1.47442845  1.80446763  0.66254821 -0.65947651]
[-0.75329173  1.99906892 -0.1441428  -2.83035062]
[-0.75733304 -0.78404563 -0.20139059  0.87782811]
[-0.32255141 -0.45672286  2.03671564  0.51599169]
[ 1.40063993  0.78041468  1.23079444  0.46457013]
[-0.68408448  1.14343671 -1.19450636  0.99326339]
[ 0.99936078 -0.57876693  2.04810901  0.00781928]
[-0.72837119  1.39486587  0.36460519 -1.03750977]
[-0.73280842 -1.55708464 -0.40456056 -1.66033939]
[ 1.24735247 -0.40779406  1.5076807   0.16101784]
[-0.76160828  1.11998425 -0.2095241   0.2097211 ]
[-0.72717327  0.99038885  0.48669922 -0.09221693]
[ 1.48338344 -0.46336146 -1.71729694 -1.42358789]
[-0.67317242  0.78384291  0.91140084  0.00252272]
[-0.60915822 -0.69908037  1.11152087  0.79892678]
[-0.31620332 -1.51887315  1.42388746 -0.89488392]
[-0.75024045  1.31893978 -0.65074959  0.17034817]
[ 1.52896683  0.22187917 -0.24179559  0.85030445]
[-0.75450089  0.7835284   0.11257841  0.58613771]
[ 1.13987371  0.03664726  1.99438243  0.39671522]
[-0.73261741 -0.00495757  0.40947571  1.1515579 ]
[ 1.52514353  1.50426605  0.14728821  0.38561019]
[ 1.46646629 -0.45818631  0.26772943 -0.22736577]
[-0.76387611 -1.40927992 -0.66000996 -1.03453695]
[-0.5820051   1.11691894  1.2633715  -1.04646893]
[ 1.37228663  1.26560231  1.3493892  -0.20327874]
[ 1.52494762 -0.09762693 -0.57609685  0.38074803]
[-0.73197114 -1.21320003 -0.03072001 -0.02525719]
[-0.62017905  0.31828118  1.21610625  0.50991899]
[ 1.35675892 -0.40155478  1.06654597  0.10102547]

Populations

0.0113728539046
0.0211143628264
0.015268873809
0.0117362182995
0.00561994302522
0.0147658750756
0.0095237683714
0.012699248809
0.00724798691525
0.0132700180434
0.00997848101077
0.0112174832097
0.0162736878641
0.0142604406782
0.0122667651006
0.010311786226
0.0101299306005
0.00925813618733
0.0143202718376
0.00934217596658
0.00948717403468
0.00979855630722
0.0111889519945
0.00639875080881
0.00768692600232
0.0150871039584
0.0160113849743
0.021088396248
0.00557615193151
0.00784347152347
0.00726580879255
0.00634513010671
0.00680119669528
0.0042617627628
0.0114085851139
0.0058848525849
0.000959886729474
0.00887815077143
0.00111873027296
0.0122003622435
0.00823804079801
0.00789205184579
0.00428164549222
0.0145012071743
0.00616493391641
0.0185418543603
0.0072861539586
0.00691871871827
0.00226542542749
0.0175184683607
0.00769573398942
0.00730642714909
0.0150503021051
0.0161256029744
0.00515261230146
0.00273863454579
0.0102303926069
0.0085531207183
0.00732936504312
0.00310933894378
0.0108828551737
0.0102165474855
0.0195115871946
0.00224219960587
0.00890115065859
0.0072051933009
0.0123123868667
0.0141389722985
0.0204686227599
0.00256328470194
0.0047217728814
0.00493077943866
0.0176191164049
0.00442247294405
0.0109939869863
0.0085863994493
0.00685062824321
0.00593986641957
0.0100834032265
0.00545784634296
0.0108977758798
0.00997000196244
0.0155013678226
0.00676874902764
0.00648405663349
0.0049579078311
0.011075230958
0.0153598025455
0.0148161592001
0.00999588230134
0.0123640084949
0.00475715851286
0.0174048364487
0.00973721123765
0.00824970964653
0.00952802647898
0.0161242721217
0.0173822986367
0.00967227864261
0.00873452118741

State labels

0
1
2
3
4
5
6
7
8
9
10
11
12
13
14
15
16
17
18
19
20
21
22
23
24
25
26
27
28
29
30
31
32
33
34
35
36
37
38
39
40
41
42
43
44
45
46
47
48
49
50
51
52
53
54
55
56
57
58
59
60
61
62
63
64
65
66
67
68
69
70
71
72
73
74
75
76
77
78
79
80
81
82
83
84
85
86
87
88
89
90
91
92
93
94
95
96
97
98
99

Eigen values

1.0
0.952837987505
0.249880970345
0.125930995822
0.121252978638
0.119376200399
0.112669500203
0.111701419395
0.109581155446
0.100316930443
0.0994046128285
0.0975437147746
0.0959623447542
0.0909063770575
0.0856946545295
0.0834789497231
0.080259936187
0.0771445732688
0.0768559969797
0.0744321938677
0.0702248725851

Left eigenvectors

[ 0.01137285 -0.01003014 -0.01742106  0.00274028 -0.00150782 -0.00028622
 -0.0163087  -0.01608933 -0.00651428 -0.01412268 -0.00216741  0.00387769
  0.01428942  0.00527673 -0.00801625  0.0019972   0.00038879  0.00411515
 -0.01048774 -0.01451349  0.01069348]
[ 0.02111436  0.02526827 -0.00123047 -0.01046991 -0.03074808 -0.00300673
 -0.02500629  0.02974963  0.00831658 -0.00023587 -0.01400944  0.02010106
 -0.00033347 -0.01374917  0.04392509  0.01151054 -0.00394672 -0.01718933
 -0.01112693  0.00079237  0.00036452]
[ 0.01526887 -0.01256603  0.02751681 -0.00089094  0.00540123  0.00200579
 -0.02380985  0.0045385  -0.01030794 -0.0077032   0.02979225  0.00231822
 -0.00875419 -0.00048725 -0.0035693   0.00559362 -0.01762837  0.01160643
  0.00452634 -0.01398252  0.0217749 ]
[ 0.01173622 -0.01051501 -0.01913148 -0.00078454 -0.00028884 -0.00133329
  0.00642338  0.00852872 -0.0107918   0.00225952 -0.00323509 -0.0173204
  0.00030689 -0.03208087 -0.00712495 -0.00150079  0.00396339 -0.00950929
  0.00180456  0.01478002  0.00154522]
[ 0.00561994  0.00290612  0.00312591  0.01295397  0.00845783  0.00506517
 -0.00398274  0.00151508  0.0073301  -0.01329855 -0.00218165  0.00673243
 -0.01241423 -0.00057578  0.00744894 -0.00523731  0.00448812 -0.0088505
  0.0037931   0.0032703   0.00664227]
[ 0.01476588 -0.01296391  0.01572308 -0.00363709 -0.00511396 -0.0001518
  0.00543032 -0.0045945   0.00607324  0.02450702  0.00642117  0.00544515
 -0.00765656  0.00492435 -0.00071666  0.00629999 -0.00190241  0.00341261
  0.00331333  0.01234726 -0.00840464]
[  9.52376837e-03  -7.60878534e-03   1.25032228e-02  -8.71739839e-04
   8.87992840e-05   4.35472682e-03   1.34750570e-03   9.06694640e-03
  -1.06536452e-02  -3.09931313e-03   2.75558731e-03   1.24903157e-03
  -2.82047480e-03   1.00200031e-02  -4.85774710e-03  -3.58330357e-03
  -1.80502309e-02  -5.70211424e-03  -2.88151200e-03  -9.66498995e-03
  -1.48960302e-03]
[ 0.01269925  0.01564738 -0.00069417 -0.00662015  0.03155161  0.02577437
 -0.00864881  0.00039789  0.00738626  0.01332363 -0.00023956 -0.01471657
  0.02175727 -0.0009662  -0.01531688  0.00381635  0.001237    0.01535088
 -0.01139777  0.00719968 -0.02033482]
[ 0.00724799  0.00868436 -0.00211878 -0.01233965 -0.00530739  0.0024874
  0.00824156 -0.00869308  0.00040644  0.00104832  0.0044787  -0.00515875
 -0.00074836  0.00143946  0.00978183  0.00648691 -0.00034948  0.00820984
 -0.00061236  0.00371985  0.00770595]
[ 0.01327002 -0.01131191 -0.02045738  0.0041221   0.00086639 -0.0002556
 -0.01308675 -0.00391913  0.00170326 -0.0173645   0.01358773  0.00719461
  0.01816743  0.01025684  0.00418697  0.0075651   0.02544859  0.00797637
 -0.00239854  0.007419    0.01402969]
[ 0.00997848  0.01198018  0.0005268  -0.00237879 -0.00181069 -0.02263243
  0.008496    0.00052535 -0.00977638 -0.0059213  -0.00741436  0.01828114
 -0.00304976  0.00274402 -0.01333277  0.00920392  0.00802636  0.00209049
  0.01757943  0.00339099  0.01054785]
[ 0.01121748  0.01326045 -0.00030705 -0.00593707  0.01105548 -0.00713545
  0.00314927  0.00191196 -0.01285817  0.00714528 -0.0054491   0.02200705
  0.01698188 -0.00518075 -0.00563072 -0.01553566  0.00646862  0.00925666
 -0.00403469  0.01731793 -0.003821  ]
[ 0.01627369  0.01944015 -0.00042981 -0.01188688 -0.00443999  0.03156837
  0.00495546 -0.00792214 -0.00233213 -0.01346605 -0.004402    0.01749759
 -0.01459901 -0.00244415 -0.03112861  0.01274711  0.00860405 -0.00477768
  0.027382   -0.00752884 -0.00091376]
[  1.42604407e-02  -1.24854488e-02  -1.15778447e-02   1.55789021e-03
   1.90715587e-03   1.15443520e-03  -1.63270085e-03  -1.39726347e-03
   3.50876648e-03  -1.85816798e-02  -1.34699439e-02  -3.39628747e-03
   4.58791631e-03   8.52870870e-05  -5.16273214e-03  -1.37021649e-03
  -1.89959551e-02  -4.08930482e-03  -5.71332269e-03   1.03168670e-02
   1.26227260e-02]
[  1.22667651e-02   1.46065552e-02   6.30216456e-04   2.50693436e-02
  -2.18105878e-02  -2.51441266e-02  -8.47172926e-03   1.59287894e-02
   5.21135645e-03   8.01341559e-03  -9.45243743e-05  -8.03244819e-03
   1.24591815e-02   6.84284088e-03   7.24759585e-03  -6.97592261e-03
  -3.21056723e-03  -1.89944239e-04   3.19333739e-03   1.56809269e-04
   1.16870976e-02]
[ 0.01031179 -0.0089025  -0.01324798  0.00018218 -0.00306977 -0.00102592
 -0.0132238  -0.01075406 -0.01029084 -0.00176004  0.00195575 -0.00053909
 -0.00496349  0.00639387 -0.00301446 -0.01141709 -0.02104907 -0.02105815
 -0.00056921 -0.00511743 -0.01616749]
[ 0.01012993 -0.00895651 -0.01509554  0.00128823 -0.00095989 -0.00073915
  0.00332003  0.00731998 -0.0077415   0.01542125 -0.00402867 -0.01119663
 -0.01076517 -0.01912183  0.00705555 -0.00186969 -0.01214088  0.00369469
  0.02307854  0.01481151 -0.01596773]
[ 0.00925814 -0.0080506   0.01237875 -0.00407032 -0.00107127 -0.00233577
 -0.00263966 -0.01160384 -0.00048947 -0.01388429 -0.00285221 -0.00539377
  0.01446051 -0.0158792  -0.00189632 -0.00505655 -0.01745088  0.00777253
 -0.00490019 -0.01372991  0.00779432]
[ 0.01432027 -0.01200248  0.02204555 -0.00481268  0.0046026   0.00523375
  0.0193458   0.01353097  0.00987462  0.0063277  -0.01715233  0.00394498
 -0.00767645  0.01906761  0.00049927  0.00596143 -0.0006793   0.01458619
 -0.00900044 -0.00893764  0.00619291]
[  9.34217597e-03   1.11760279e-02  -1.14299729e-03  -1.88734485e-02
   1.85796316e-02   1.18383670e-02  -1.17962764e-03  -1.07734863e-02
  -4.45335981e-05   9.52579115e-03   2.23575590e-04  -1.55710489e-02
  -8.49232998e-04   1.14370452e-02   6.25898905e-03  -8.89956772e-03
  -4.16656305e-03  -1.91427165e-02   1.72204881e-02  -7.64920705e-03
   1.40967390e-02]
[ 0.00948717 -0.0083792  -0.01625554  0.0010115   0.00184984  0.00621651
  0.00805597  0.02751091 -0.02391623  0.00911318  0.01463763 -0.00643374
 -0.01689714  0.00589935 -0.01765433  0.00947902 -0.01412222 -0.01473232
 -0.01408384  0.01599921  0.01183137]
[ 0.00979856  0.01086374 -0.00031917 -0.00258536  0.00312206  0.00033991
 -0.0003007  -0.01018216  0.0013297  -0.00134656  0.00248666 -0.01528081
 -0.01835425  0.00537819  0.02645401 -0.00938657 -0.00269982 -0.03186437
  0.00923709 -0.00860663  0.01834486]
[ 0.01118895 -0.009607   -0.02085881 -0.00494542  0.00304987  0.00202257
  0.02122428  0.01335521  0.00806925 -0.01225001  0.00908652  0.0091256
  0.01142669  0.01841386 -0.00078227 -0.01139828 -0.0013829  -0.01758408
 -0.00275859 -0.0244922  -0.01335718]
[ 0.00639875 -0.00404654  0.00671414  0.00129575 -0.00383501  0.00611033
  0.00896395  0.00381049 -0.00883322  0.0055077  -0.00868507 -0.0020791
 -0.00100561 -0.00212862 -0.00513655 -0.009919   -0.00788719 -0.00491616
  0.00068396 -0.00896878  0.00653043]
[ 0.00768693 -0.00643709 -0.01078988  0.00261421  0.00106143  0.00124081
  0.00122615 -0.00438797  0.0052788  -0.00300625  0.00032022  0.00548969
  0.00213365  0.00024984  0.00583778 -0.00070431 -0.01014464  0.01623777
  0.00377529 -0.00218834  0.00515216]
[ 0.0150871   0.0184768  -0.00266338 -0.0258521  -0.01568734  0.00966806
  0.01212019 -0.00891921 -0.00293616 -0.01277486 -0.00371231  0.02028031
 -0.01216586 -0.00786918 -0.01227852  0.03828052  0.00013969 -0.00134364
  0.0115778  -0.01043279 -0.00692565]
[ 0.01601138 -0.01365845  0.01526383 -0.00659021 -0.0040594   0.00135239
 -0.00434745  0.00757795 -0.0236135  -0.01812619 -0.0103383  -0.02162183
  0.00467963 -0.00485546 -0.00260695  0.0011082   0.00438605 -0.01951388
 -0.0172616   0.01805894 -0.01927884]
[ 0.0210884  -0.01802371  0.00910731 -0.00371589 -0.00048546  0.00165784
 -0.00811985 -0.00534746 -0.00654682 -0.01367838 -0.01513149 -0.00150792
  0.00412564  0.00329032  0.01484751 -0.00117843 -0.0090695   0.00189388
  0.02743733 -0.00348784 -0.0223715 ]
[ 0.00557615 -0.00446998 -0.00152916  0.00217663  0.00298969 -0.00272109
  0.00610393  0.00466826  0.0165458   0.00370624 -0.00579706  0.0016039
 -0.00794052 -0.00045026  0.0001546  -0.00165488 -0.00191735  0.00311021
 -0.00795711  0.00058873 -0.00231645]
[ 0.00784347 -0.00646607  0.01521655  0.0020516   0.00496717  0.00324984
  0.01612851  0.00527225  0.01996475 -0.0041659  -0.01780733 -0.00270089
 -0.0007325  -0.00255425 -0.00461126 -0.00236912  0.01561533 -0.00651058
 -0.0005237  -0.00709846  0.00656838]
[ 0.00726581  0.00773064  0.00159615  0.01719368 -0.0189926   0.00274339
  0.00442844  0.00290181 -0.00458341  0.00704582  0.00102527  0.00106631
  0.00800115  0.0015237  -0.00372239 -0.01319525  0.00384108  0.00709985
  0.00108594  0.00267395  0.01189555]
[ 0.00634513  0.00583699  0.00442751  0.01407233  0.01019932 -0.02901932
  0.00165142  0.0017724  -0.00228594 -0.00099694 -0.00139398 -0.00147832
 -0.00800337  0.00471105 -0.00727112 -0.00519161 -0.00074458 -0.00872582
  0.00298254 -0.00772971  0.0045761 ]
[ 0.0068012   0.00806934 -0.00090883 -0.01606003 -0.00667459 -0.02622897
 -0.00318775  0.00369249  0.0020619  -0.01246806  0.00480024 -0.00275341
 -0.01796654  0.00703676 -0.01487907 -0.02869269 -0.00027866  0.00044433
 -0.00394043 -0.0013183  -0.01346427]
[  4.26176276e-03  -3.70674584e-03   4.32632778e-03  -8.25459286e-05
  -6.09210543e-04  -3.49560076e-03  -3.72076507e-03  -3.99565491e-03
  -8.00698563e-04   2.35666927e-04   2.24661967e-03  -2.63623302e-03
  -5.47901482e-04  -3.22067829e-03  -8.57080231e-03   3.62436570e-03
   6.11084362e-03  -5.15825602e-03  -1.56666641e-02   1.08209166e-03
   7.79019932e-03]
[ 0.01140859  0.01396816 -0.00167723 -0.02060375 -0.00386843 -0.00583248
 -0.00409011  0.00212241  0.00654042 -0.00091427  0.00075273 -0.00250802
 -0.00446834 -0.00551878  0.01673484  0.01469351 -0.00382165 -0.00310814
 -0.00646057 -0.00632818  0.00314831]
[ 0.00588485  0.00707917 -0.00083332  0.00049167 -0.00056012  0.00534302
  0.0124416  -0.01515326 -0.00159393 -0.00155855  0.00771475 -0.00991124
 -0.00443586  0.00500956  0.0036571   0.00784655  0.00016725 -0.00155767
  0.00305353  0.00191695  0.00088805]
[  9.59886729e-04  -8.58480853e-04  -1.23446252e-03  -1.81046886e-04
   2.37279467e-04   7.83904831e-04  -9.23238980e-05   3.40389333e-03
  -4.45140650e-03  -1.51432066e-03  -3.77941525e-03  -3.06054347e-03
  -2.44478808e-03   2.61690550e-03   2.97590092e-03   2.35714698e-03
   5.07364254e-04   1.41758646e-03   2.68097851e-03   7.14074339e-03
  -1.12738325e-03]
[  8.87815077e-03  -7.40922128e-03   9.35542378e-03  -1.34572211e-03
  -1.24045548e-03   6.42669605e-03  -3.07866661e-03   6.06908994e-03
  -1.45441884e-02   3.84337507e-03   2.18794024e-03   4.74210254e-03
  -2.45890693e-03   2.88524783e-02   9.00773838e-03   3.99987487e-03
   6.57894332e-03   1.75733463e-02   4.71180389e-05  -1.54358007e-02
  -4.68337518e-04]
[  1.11873027e-03  -8.81246736e-04   3.23909422e-03  -7.40256815e-04
  -2.63859598e-04   2.03213473e-04   4.58078247e-03   2.15785990e-03
  -8.73596189e-05  -2.51212640e-04  -7.47585202e-03  -3.34583138e-03
  -6.44240144e-04   5.57164511e-04   2.02553926e-03   1.65867760e-04
   3.77123352e-03  -1.13440239e-03  -2.14150083e-03   4.72583490e-03
  -2.96298012e-03]
[  1.22003622e-02   1.42419836e-02   2.72907680e-04   2.24772684e-02
  -1.92915542e-02   1.66243297e-02   6.79925054e-03  -5.87468121e-03
  -1.78499117e-03  -4.23776127e-04   7.01074169e-03  -7.16088490e-03
  -1.99336573e-03   2.30514095e-03   1.39406089e-02  -2.08480767e-02
   3.41689531e-03   2.86030755e-05   4.62637215e-04   7.03907402e-03
   1.81015732e-02]
[  8.23804080e-03  -7.15313840e-03  -9.16840207e-03  -3.01864045e-05
   2.59415317e-03   7.48381939e-04  -2.21075678e-03  -1.91565596e-03
   3.78386425e-03  -1.94028733e-02  -1.63900009e-03   4.60590438e-03
   1.28531537e-02   1.47524516e-02   5.45208211e-03   1.70480180e-03
   5.57075695e-03  -1.23346855e-02  -3.56290646e-03   7.77914683e-03
  -6.83878860e-03]
[ 0.00789205 -0.00674437 -0.00958723 -0.0022309   0.0054146  -0.00013107
  0.0080184   0.01386398 -0.00050183  0.00158781  0.01298833 -0.003969
 -0.00365032 -0.01867088 -0.00233503 -0.00048413  0.01706736 -0.00407277
 -0.00940859 -0.00667147  0.00816895]
[ 0.00428165 -0.00362081  0.00072898  0.00279815 -0.00083106 -0.00093272
 -0.00824375 -0.00768225  0.00970848  0.01041343  0.01320267  0.01098947
 -0.00662788  0.00283757 -0.00495945  0.00225873 -0.00642342 -0.01382273
 -0.00501121  0.01087106 -0.00774667]
[ 0.01450121 -0.01208653  0.02170683 -0.00340821 -0.00055816 -0.00193188
 -0.01258151 -0.0061102  -0.01436076 -0.01813718  0.00139234 -0.00467547
  0.01108005 -0.00770203  0.0082253  -0.00068404 -0.0060956   0.01426498
  0.0073539  -0.00038177 -0.00376244]
[ 0.00616493  0.00769583 -0.00048349 -0.00649663  0.01860655 -0.01080238
 -0.0111162   0.00787426  0.00359532  0.01545076 -0.00149132 -0.01398801
  0.01789555  0.00840631 -0.00803521 -0.01432732 -0.00165849  0.00797714
 -0.00298145  0.00495408 -0.00655482]
[ 0.01854185  0.02243167 -0.00013563  0.009212   -0.00587703  0.00770127
 -0.00542706  0.00413884  0.00067541  0.0097848  -0.00420294 -0.00130168
  0.01497371 -0.01104265  0.01773092  0.01747601 -0.01256136 -0.00806678
 -0.02191944 -0.01170328 -0.0156285 ]
[ 0.00728615  0.0084034   0.00085925  0.02175563  0.00503478  0.02119823
  0.01655699 -0.01583557 -0.01720857  0.00029915 -0.00023859  0.01563558
 -0.00016749 -0.00857893  0.00555986 -0.01641869 -0.00275275 -0.00608327
 -0.00844282 -0.00281244 -0.00143313]
[ 0.00691872 -0.00550095  0.01309089 -0.00160067  0.00012039 -0.0006219
  0.00504322  0.00455662 -0.00526954 -0.01243048 -0.00761954 -0.00420243
  0.00327461  0.00491123  0.00248691  0.00702056  0.00790667 -0.00386835
 -0.00376007  0.01998846  0.00101365]
[ 0.00226543 -0.00203732 -0.0023724   0.0010666   0.00115613 -0.00044302
  0.00050093 -0.00397684  0.01051779 -0.00326678 -0.00171588  0.00508019
  0.00354871  0.0061294  -0.00237992  0.001026    0.00061935 -0.00305044
 -0.00473255  0.00240059  0.00410205]
[ 0.01751847  0.02144984 -0.00163452  0.01251398 -0.04036608  0.02538
 -0.01322129  0.01278288  0.02518359 -0.01726195  0.00435688 -0.0241956
 -0.0123221   0.00454347 -0.04508278 -0.00749268  0.00587445  0.02732636
  0.00482265 -0.00012545 -0.02251511]
[ 0.00769573 -0.00645347 -0.0107474  -0.0032152  -0.00109575  0.00141005
  0.00904468  0.00353102  0.00144515 -0.00485421 -0.00801349 -0.00321923
  0.00695905  0.0109734   0.01755418 -0.00223104  0.01087647  0.01119906
  0.0073752  -0.00395955 -0.01295816]
[  7.30642715e-03  -6.20330326e-03  -1.23456740e-02   1.94715841e-03
  -1.73238511e-04  -1.13508601e-04  -1.11681245e-02  -4.31248255e-03
  -1.25230651e-02   8.35121754e-03  -1.72539655e-02  -8.85564094e-03
  -1.58288935e-02   8.23925273e-05   1.21075682e-02  -3.54176313e-05
   1.48875877e-02   8.20338537e-03   8.38384257e-03  -3.53605449e-03
  -7.88850835e-03]
[ 0.0150503  -0.01323826 -0.00484911  0.00069391  0.00071334 -0.00636813
  0.00037073 -0.0087733   0.01271927 -0.00212319  0.00572712  0.00123549
  0.01457918 -0.02041523 -0.00338522  0.00025989  0.01631296 -0.00075605
  0.01251422 -0.01399138  0.00489407]
[ 0.0161256  -0.01385286  0.0138394   0.00061282 -0.000784   -0.00129302
  0.00849479 -0.00895324  0.03330504  0.01809365  0.01596023  0.01153512
  0.00284012 -0.00164923 -0.00090797  0.00556106  0.00695682 -0.01099475
  0.00488121  0.01754365 -0.0049878 ]
[ 0.00515261  0.00618688 -0.0003068   0.00326344 -0.00130142 -0.00496247
 -0.00454269  0.00556058 -0.00034804  0.01360347 -0.00247953 -0.00556501
  0.01704125  0.00294762  0.00832428  0.00105335 -0.00557275 -0.00663578
 -0.00092591  0.00078194  0.00797184]
[ 0.00273863  0.00332539 -0.00108279 -0.02376917  0.00149058 -0.00341666
  0.00152491 -0.00053487 -0.00329172  0.00165941 -0.0027377   0.01116639
  0.00268095  0.00165605 -0.00285135 -0.00551913  0.00270377 -0.00338771
  0.00720928  0.00377398  0.0105648 ]
[  1.02303926e-02   1.24263480e-02  -9.77125368e-04   5.51320088e-03
  -2.49774775e-03  -1.94581890e-02  -3.85614423e-04   9.78701332e-03
   2.10986214e-03  -3.70005676e-03  -2.62458378e-03   8.00924822e-03
   3.24986118e-03  -5.75295272e-03   7.73659515e-05   2.49014603e-02
   7.58425029e-04   1.19545019e-02  -4.74217846e-03  -1.27016719e-03
  -1.04112606e-02]
[ 0.00855312  0.01044845 -0.00072106 -0.00973441  0.00969859 -0.01512502
 -0.00649479  0.00466587  0.0061886   0.00473811 -0.00269751 -0.01076286
  0.00351268  0.00313074 -0.00639469  0.0177603  -0.00716637 -0.00610783
  0.00418943 -0.01345384 -0.00520344]
[ 0.00732937 -0.00608121  0.01033168 -0.00200861 -0.00032192  0.00194221
 -0.00451809  0.00042749 -0.01022784 -0.01273448  0.00979687  0.00173703
  0.00990604  0.0086244   0.01150252 -0.00445278 -0.00161754  0.00202654
  0.0063345  -0.00595467 -0.01883636]
[ 0.00310934  0.00100522  0.00082433  0.012316    0.00439225 -0.00316806
 -0.00815408  0.00627318  0.00562233 -0.00863635  0.00475796  0.00509432
 -0.00336729 -0.00270554  0.00953735 -0.00120987  0.00285804  0.00258965
  0.00694471  0.00582319  0.00628485]
[ 0.01088286 -0.00893474  0.00143561  0.0007438  -0.00103507 -0.00355122
 -0.00575929 -0.01050958  0.00285949  0.0182872   0.00160953  0.00102997
 -0.00603464 -0.02700157 -0.00538633 -0.00144776  0.01045955  0.00234212
  0.01498648 -0.00509715  0.00382758]
[ 0.01021655  0.01234707 -0.0003587   0.00737539  0.00520936  0.01839998
 -0.01537302  0.00809076  0.01359064 -0.00398174 -0.0018242  -0.00876875
 -0.00363106 -0.00166409 -0.00490363  0.01144434 -0.00150899 -0.01356514
  0.00118863 -0.00986098 -0.00672522]
[ 0.01951159 -0.01617834  0.02542928 -0.00393962 -0.00379563 -0.00847436
 -0.00741565 -0.0295809   0.01102681 -0.01250522 -0.01947164 -0.0040872
  0.01588874 -0.02474066 -0.00047896 -0.01200984 -0.0233375  -0.00274093
  0.00543506  0.00858447 -0.0028424 ]
[ 0.0022422   0.00234791 -0.00013397 -0.00772781  0.0102817   0.00258876
 -0.00738464  0.00675781  0.00724444 -0.00439465  0.005679    0.00057576
 -0.010997   -0.00869732  0.01230999 -0.00589457  0.00165865  0.00886544
 -0.01466747 -0.0016411  -0.00164364]
[ 0.00890115 -0.00778992  0.00152281 -0.00160323  0.00014269 -0.00123873
  0.00429149 -0.00069742 -0.00016127  0.00092425 -0.00371217 -0.0036443
 -0.00082708 -0.010697   -0.00395321 -0.00066356 -0.01176217  0.00451851
 -0.00306723 -0.00069873  0.00149681]
[ 0.00720519 -0.00629765 -0.00778303  0.00065846 -0.00198785  0.00037615
 -0.00254137 -0.00472128  0.0083875   0.01634251 -0.00063849  0.0087454
 -0.0112939   0.00556749 -0.00162516 -0.003475   -0.00275071 -0.00492163
 -0.00647356 -0.00720853 -0.01162836]
[ 0.01231239 -0.00996599  0.02214061  0.00194114 -0.00177663 -0.003028
  0.01835735 -0.00217657  0.00703211  0.0144072  -0.0240402  -0.00786118
 -0.00628687  0.00270391 -0.00651287 -0.00651024  0.02863695 -0.00836582
 -0.02046847 -0.01301261  0.00796001]
[ 0.01413897 -0.01218626 -0.0136568   0.00410921  0.00336415  0.00063352
  0.0086142   0.00754579  0.00874573  0.00302612 -0.01600895 -0.00312292
 -0.0104883   0.00130126 -0.00238769  0.00152588 -0.01695626  0.00812851
  0.00733274  0.00960093  0.01405166]
[ 0.02046862  0.02500525 -0.00175728 -0.00460107 -0.00142385 -0.00038241
  0.0049601  -0.01304046  0.00856929  0.01643234  0.012548   -0.04243302
  0.01873166  0.0210689  -0.00408344  0.0121902  -0.00307606  0.00840108
  0.01097403  0.00663278  0.01940493]
[  2.56328470e-03   1.23207364e-03   2.53014913e-03   7.38300289e-03
   8.73434831e-03   6.19665200e-03  -5.64463259e-03   7.24496440e-03
   6.19718283e-03  -7.39553703e-03  -4.47524425e-04  -7.08601025e-04
  -5.17839106e-03   5.52706540e-04  -6.20839878e-03   6.62589251e-03
   1.72762077e-03  -9.08891499e-05   5.74613990e-03  -1.42663779e-03
   4.02633216e-03]
[  4.72177288e-03   5.63575452e-03  -1.90821254e-03  -1.68296911e-02
  -6.72291890e-03   9.12245016e-05   6.04146210e-03  -5.86302417e-03
   4.22503857e-03  -3.46818614e-03   1.02701411e-02  -8.52014962e-03
  -5.80534599e-03   1.22238601e-03   1.02623353e-02   1.67310271e-03
   2.69462898e-03   7.38530611e-03  -6.67720089e-03   4.08550671e-03
   8.45418639e-03]
[ 0.00493078 -0.00425729 -0.00701757  0.00236169 -0.00046495  0.00030888
 -0.00369354  0.00215427 -0.00562378  0.00072989  0.01019157  0.00304869
  0.00180658  0.00466288  0.00401122  0.00391307  0.01133774 -0.00486393
  0.01187296  0.01090383 -0.00453429]
[  1.76191164e-02  -1.51502308e-02   1.76417764e-02  -1.67219025e-03
   1.06573352e-03  -9.55281890e-03  -1.28460447e-02  -7.40188106e-03
   1.77990711e-03  -2.28433153e-05   1.92442840e-02  -8.03288157e-03
   4.10290879e-03  -3.31123877e-02  -8.42356543e-03   1.30853821e-02
   1.63240900e-02  -2.66093605e-03   7.59719547e-03   1.51999343e-02
   9.29650711e-03]
[  4.42247294e-03  -3.32642323e-03   3.54884344e-03  -1.70525577e-03
   7.92967098e-04   4.11574259e-03  -3.53802578e-03   7.74546095e-03
  -6.85190902e-03   5.62085087e-03  -5.50599352e-03  -5.02675758e-05
  -9.44791304e-03   6.35719027e-03   3.28996983e-03   4.04714125e-03
   3.20915461e-03  -1.91678622e-03   3.91228713e-04   1.01909534e-02
  -9.96906478e-04]
[ 0.01099399  0.01304766 -0.00013744 -0.0029429  -0.00586003  0.00723561
  0.00858681 -0.01170248 -0.00301736 -0.0007911   0.00951238 -0.00154688
  0.00439392  0.00091842 -0.00273806 -0.02003045  0.00641504  0.01723757
 -0.00773615  0.02158771  0.00488759]
[ 0.0085864  -0.00773085 -0.01518629  0.00249273 -0.00324487 -0.00242779
 -0.02542168 -0.0229372  -0.0137101   0.00571302 -0.01976514 -0.00419314
 -0.00790583  0.01073424 -0.00518958  0.00356067  0.02767373  0.00424441
 -0.01869715 -0.01444719  0.00974392]
[ 0.00685063  0.00726513  0.00245007 -0.00763021  0.02003524  0.01456511
 -0.01241175  0.01091596 -0.0057284   0.00149327 -0.00787412  0.02390617
  0.00363955 -0.00582701 -0.0036628  -0.0205451   0.00713375  0.00221366
  0.00465282  0.01025417  0.00477902]
[  5.93986642e-03  -5.24276190e-03  -9.34266661e-03   3.87806185e-05
  -2.10175738e-03  -1.40863801e-03  -4.14408840e-03  -2.00823578e-03
  -5.80552359e-03   3.84569652e-03  -2.65793102e-03  -7.77793527e-03
  -3.59039578e-03  -1.17733140e-02  -1.75954540e-03  -4.36979796e-03
   6.60591092e-03  -1.44559111e-03   7.42780115e-04  -1.08096455e-02
  -3.05555232e-03]
[ 0.0100834  -0.00821387  0.01713545 -0.0022817  -0.00373741 -0.00251748
 -0.00600267 -0.01599308  0.00751281  0.00113077  0.00793061  0.00602114
  0.00386133  0.00449748  0.00105207 -0.00203808 -0.00316149 -0.01502662
 -0.00371898  0.01394091 -0.0131681 ]
[  5.45784634e-03   6.01900202e-03   1.18958385e-03   4.67603713e-03
   1.43283756e-02   8.56666127e-03  -9.39639001e-03   8.75774699e-03
   7.19824261e-04   8.56763441e-03  -7.00025074e-03   3.21149386e-03
   1.06027102e-02   3.38263048e-04   1.50959536e-04   2.89534497e-03
  -9.18461207e-06  -1.03123022e-02   3.44085351e-03  -7.46527957e-03
   5.98018232e-03]
[  1.08977759e-02  -9.37233170e-03  -1.85496383e-02  -3.05417439e-03
   9.99193429e-04   2.24587546e-04   2.77070012e-02   2.48323150e-02
   5.56408976e-04  -1.20403806e-02   2.83044643e-02  -4.52511113e-03
   2.33970543e-02  -1.02032719e-02   6.90175947e-04  -6.60021692e-03
   1.44238681e-02  -8.93817163e-03  -7.61247033e-06  -1.73602037e-02
  -4.43036030e-03]
[  9.97000196e-03  -8.84406182e-03  -1.31035838e-02   1.06681070e-03
  -3.70778284e-03  -1.57350635e-05  -1.21546057e-02  -1.03759515e-02
  -3.75134195e-03   1.79884798e-02   3.72536322e-03   1.02778696e-02
  -6.65926830e-03   3.68544197e-03  -3.29396447e-03   1.52050477e-03
   4.70795230e-04   7.01484789e-03  -1.11897130e-03  -1.06311620e-02
  -3.87454044e-03]
[  1.55013678e-02   1.88573959e-02   3.00926533e-04   1.40137689e-02
  -4.51572544e-03   3.86167001e-04   8.84055405e-04   4.87329279e-04
  -3.54464141e-05  -1.80068755e-03  -3.96335719e-03   6.28145585e-05
   1.63399604e-03  -5.63334436e-03   4.20168638e-03   1.01721859e-02
   7.26758297e-04  -4.88672483e-03  -9.29214612e-03   2.19798461e-03
  -1.05614663e-02]
[ 0.00676875 -0.00582412 -0.00867705  0.0010679   0.00327711  0.00077754
  0.00466108 -0.00017871  0.00942357 -0.00144783 -0.01371901  0.00425259
 -0.0053272   0.00820696  0.00024137 -0.00200023 -0.02036898  0.00705752
 -0.00671932  0.00435567  0.00530049]
[ 0.00648406 -0.00514267  0.00171518 -0.00163468  0.00230787  0.00214572
  0.00287967  0.00749065 -0.00872457  0.01121068  0.00812527  0.00541549
 -0.00489312 -0.00873006 -0.00073098 -0.00126841 -0.00493565  0.00954592
 -0.00217142 -0.01430139  0.00360118]
[ 0.00495791 -0.00312342  0.00916061  0.00308451 -0.00724086  0.00102607
 -0.00442491 -0.00065842 -0.00328904  0.01134259  0.01598519  0.0047148
  0.00236131  0.00698024  0.00275455 -0.00227155  0.00607179  0.00249054
  0.00341908 -0.0029439   0.00100492]
[ 0.01107523 -0.00980102 -0.00950657  0.00170636 -0.00089295 -0.00262593
  0.00463632 -0.0061162   0.01543947  0.00367304 -0.00061926  0.00855356
  0.00447076  0.00974785  0.00753919 -0.00263674  0.01035507 -0.00555191
  0.0059152   0.00481527 -0.01792928]
[  1.53598025e-02   1.85583106e-02  -2.28569619e-04   2.09005157e-02
   3.07490282e-02  -6.89935822e-03   5.97378299e-03  -1.28972798e-02
  -1.67549282e-03  -1.51996721e-02   1.13951004e-02  -1.39423780e-02
  -2.29514278e-02   9.17525668e-03  -1.32993817e-02  -1.11010693e-02
   1.78998327e-03   7.01725132e-03   1.16530493e-02   4.33797297e-05
  -1.41170548e-02]
[  1.48161592e-02  -1.31606069e-02  -2.65246387e-02   3.81746419e-03
   3.76224915e-03  -2.25324783e-04   1.96591496e-03  -1.74222777e-03
   8.89309334e-03  -5.92965903e-03  -1.25335134e-02   5.93936695e-03
  -1.25717792e-04   4.18068491e-03   6.05440738e-04   2.92062944e-03
  -3.05328330e-02   2.67210312e-02   5.15027459e-05   7.53047636e-03
   2.45731368e-02]
[ 0.00999588  0.01105016 -0.00070096 -0.00972108 -0.037406    0.01348298
 -0.01101559  0.01317078  0.00128789  0.00414601 -0.0123109   0.012578
  0.00771585 -0.00736477 -0.00424771 -0.01426184 -0.00599737 -0.00874835
 -0.008321   -0.00384811 -0.00442439]
[ 0.01236401 -0.01066621 -0.00392293  0.00132927 -0.00106396 -0.00196086
  0.01557038  0.00213243  0.01663148  0.01113594 -0.00398487 -0.001921
  0.00089057 -0.00940692  0.00923746 -0.00652574 -0.00501873  0.01016524
  0.02900198 -0.00917032 -0.00756937]
[ 0.00475716  0.00583927 -0.00041678  0.00371363  0.00885529  0.00268512
  0.01315583 -0.01475405 -0.00626014  0.00270549  0.00539846 -0.00259234
  0.00194448 -0.00260644  0.00733665  0.00702824 -0.00296376  0.00373125
 -0.01277817  0.0019852  -0.00912753]
[ 0.01740484  0.02058179  0.0004711   0.00902518  0.0057578  -0.00895074
  0.00461755 -0.00160764 -0.01493814  0.00702022 -0.00593472  0.00905135
  0.01209796  0.00490677 -0.01010218  0.00295122  0.00183501  0.00115226
  0.0086696   0.002038   -0.00161948]
[ 0.00973721 -0.00829291  0.01662889 -0.00336979 -0.00016012  0.00267252
 -0.0008087   0.01067699 -0.02023036 -0.01066433  0.00445868 -0.01127514
  0.00163908  0.00482432 -0.00308219  0.00339207 -0.00029911 -0.00156726
 -0.00162153 -0.0086591   0.00093204]
[ 0.00824971 -0.00719434 -0.00846816  0.00133498  0.0004056   0.00014623
 -0.00657965 -0.00407017  0.00020007  0.00650685  0.00308714  0.00306654
 -0.00675022  0.00293033 -0.00269447  0.00367871  0.0063854  -0.00248152
 -0.0063058   0.00824413 -0.00292094]
[ 0.00952803  0.0112698  -0.00038685 -0.00706412 -0.00389373 -0.01294046
  0.00276946 -0.00502305  0.0017601  -0.00865685  0.00646517 -0.00569133
 -0.0158693   0.00107164  0.00332512 -0.01888056  0.00303788  0.00330901
 -0.00333051  0.00318885 -0.00048836]
[ 0.01612427  0.0195372  -0.00054876  0.00872603  0.01689227 -0.00674804
  0.02018407 -0.01361057 -0.01663267 -0.00407345 -0.00090473  0.01937201
 -0.00772728 -0.01165685  0.00450941  0.01213389 -0.00794867  0.00668027
 -0.01638773 -0.00532121 -0.01047773]
[  1.73822986e-02  -1.44589185e-02   2.30234730e-02   3.21954829e-04
  -2.94359419e-03   1.98893745e-03   8.52772306e-03   1.76519519e-02
   9.25369405e-04   2.21427159e-02   2.01220268e-02   1.42801738e-02
  -1.26643405e-02   2.06371426e-02   6.09377162e-03   5.00999105e-03
   4.21291377e-04   1.81956318e-02   7.17904851e-05  -1.66230468e-03
   2.59441455e-03]
[ 0.00967228 -0.00822513 -0.00951635 -0.00282528 -0.00185583  0.00085624
  0.00255879 -0.00219675  0.00172379 -0.0061397   0.00645904  0.0005106
  0.00469824  0.00711547 -0.01130083  0.0082043  -0.00750196 -0.00528707
 -0.01384849  0.01491253  0.01509471]
[ 0.00873452  0.0104862   0.00049348  0.01249222  0.0051645  -0.02825591
  0.00861701  0.00111896 -0.01124248 -0.00142637 -0.00372979  0.01457386
 -0.0005407  -0.00399977  0.00146766  0.01163802 -0.0013303   0.0013747
 -0.00525463 -0.00232018 -0.00426289]

Right eigenvectors

[ 1.         -0.88193718 -1.53181084  0.24094923 -0.13258034 -0.02516722
 -1.43400274 -1.41471309 -0.57279205 -1.24178861 -0.19057769  0.34096006
  1.25645024  0.46397547 -0.70485823  0.17561153  0.03418539  0.36183991
 -0.92217294 -1.2761516   0.9402639 ]
[ 1.          1.1967338  -0.05827635 -0.4958669  -1.4562636  -0.14240202
 -1.18432618  1.40897594  0.39388244 -0.01117125 -0.6635028   0.95200889
 -0.0157937  -0.65117598  2.08034155  0.54515194 -0.18692132 -0.81410597
 -0.52698388  0.03752735  0.01726418]
[ 1.         -0.82298344  1.80215029 -0.05834994  0.35374099  0.13136471
 -1.55937158  0.29723855 -0.67509524 -0.50450341  1.95117563  0.15182668
 -0.57333545 -0.03191154 -0.23376336  0.36634165 -1.15452974  0.76013658
  0.29644222 -0.91575323  1.42609725]
[ 1.         -0.89594552 -1.6301227  -0.06684764 -0.0246113  -0.11360484
  0.54731267  0.72670111 -0.91952953  0.19252563 -0.27565021 -1.47580759
  0.02614917 -2.73349264 -0.60709082 -0.12787674  0.33770589 -0.81025203
  0.15375956  1.25935138  0.1316629 ]
[ 1.          0.5171079   0.55621786  2.30499978  1.50496708  0.90128449
 -0.70868023  0.26958917  1.30430085 -2.36631413 -0.38819801  1.19795375
 -2.20896036 -0.10245232  1.32544793 -0.93191531  0.79860522 -1.57483755
  0.67493509  0.58191004  1.18191033]
[ 1.         -0.87796403  1.06482564 -0.24631703 -0.34633642 -0.01028024
  0.36776169 -0.31115673  0.41130235  1.65970682  0.43486561  0.36876588
 -0.51853099  0.33349549 -0.04853518  0.42665884 -0.12883859  0.23111438
  0.2243912   0.83620268 -0.56919347]
[ 1.         -0.79892591  1.31284406 -0.09153308  0.00932397  0.45724829
  0.14148871  0.95203349 -1.11863758 -0.32542928  0.28933792  0.13114888
 -0.29615113  1.05210488 -0.51006565 -0.3762485  -1.89528243 -0.59872458
 -0.30256007 -1.01482833 -0.15640899]
[ 1.          1.23215033 -0.05466267 -0.52130215  2.48452536  2.02959764
 -0.68104869  0.03133166  0.58162985  1.04916681 -0.01886428 -1.1588539
  1.71327181 -0.076083   -1.20612454  0.30051773  0.09740766  1.2088019
 -0.89751493  0.56693743 -1.60126131]
[ 1.          1.19817498 -0.29232717 -1.70249342 -0.7322578   0.34318478
  1.13708198 -1.19937839  0.05607569  0.14463612  0.61792293 -0.71174941
 -0.10325124  0.19860092  1.34959279  0.89499482 -0.04821795  1.13270583
 -0.08448636  0.51322528  1.06318481]
[ 1.         -0.85244088 -1.54162401  0.31063265  0.06528923 -0.01926165
 -0.98618934 -0.29533726  0.12835368 -1.30855141  1.02394224  0.54217016
  1.36905809  0.77293334  0.31552137  0.57008948  1.91775116  0.60108225
 -0.18074918  0.55907959  1.05724734]
[ 1.          1.20060153  0.05279337 -0.23839189 -0.18145987 -2.26812422
  0.85143174  0.05264786 -0.97974601 -0.59340692 -0.74303473  1.83205687
 -0.3056339   0.27499425 -1.33615251  0.92237695  0.80436674  0.20950008
  1.76173364  0.33983021  1.05705986]
[ 1.          1.18212362 -0.02737273 -0.52926906  0.98555805 -0.63610046
  0.28074673  0.17044454 -1.14626177  0.63697715 -0.48576862  1.96185315
  1.51387608 -0.46184629 -0.50195956 -1.38495091  0.57665509  0.82519971
 -0.35967917  1.54383399 -0.34062864]
[ 1.          1.1945756  -0.02641162 -0.73043561 -0.27283219  1.93984148
  0.30450767 -0.48680641 -0.14330694 -0.82747403 -0.27049796  1.07520745
 -0.89709296 -0.15019007 -1.91281851  0.78329596  0.5287096  -0.29358337
  1.68259321 -0.46263905 -0.0561497 ]
[ 1.         -0.87553036 -0.81188548  0.10924559  0.13373751  0.08095368
 -0.11449161 -0.09798179  0.24604895 -1.30302283 -0.94456716 -0.23816147
  0.32172332  0.00598068 -0.36203174 -0.09608514 -1.3320735  -0.28675866
 -0.40064138  0.72346061  0.8851568 ]
[ 1.          1.19074223  0.05137593  2.04368009 -1.77802278 -2.04977648
 -0.69062456  1.29853219  0.42483543  0.65326233 -0.00770573 -0.65481389
  1.01568599  0.55783581  0.59083188 -0.56868478 -0.26172892 -0.01548446
  0.26032433  0.01278326  0.95274488]
[ 1.         -0.86333274 -1.28474108  0.01766676 -0.2976952  -0.09949026
 -1.28239651 -1.04288993 -0.9979687  -0.17068251  0.18966185 -0.05227944
 -0.48134109  0.62005487 -0.29233171 -1.10718874 -2.04126329 -2.04214375
 -0.0552004  -0.49626995 -1.56786484]
[ 1.         -0.8841627  -1.49019138  0.12717027 -0.09475822 -0.07296735
  0.32774441  0.72260954 -0.76422013  1.52234475 -0.39769952 -1.10530196
 -1.06270964 -1.88765703  0.69650517 -0.18457063 -1.19851521  0.36472958
  2.27825215  1.4621531  -1.57629201]
[ 1.         -0.8695702   1.33706758 -0.43964827 -0.11571129 -0.25229344
 -0.28511743 -1.25336674 -0.05286918 -1.49968563 -0.30807588 -0.58259747
  1.56192471 -1.71516205 -0.20482789 -0.54617402 -1.88492366  0.83953539
 -0.52928491 -1.48300981  0.84188855]
[ 1.         -0.83814633  1.53946427 -0.33607479  0.32140484  0.36547852
  1.350938    0.94488226  0.68955567  0.4418701  -1.19776582  0.27548223
 -0.53605474  1.3315114   0.0348647   0.41629288 -0.04743622  1.01856937
 -0.62851059 -0.62412481  0.43245779]
[ 1.          1.19629816 -0.12234808 -2.02024117  1.98879059  1.2671959
 -0.12626904 -1.15320953 -0.00476694  1.01965443  0.02393185 -1.66674755
 -0.09090313  1.22423782  0.66997122 -0.95262257 -0.44599492 -2.049064
  1.8433059  -0.81878216  1.50893529]
[ 1.         -0.88321304 -1.71342301  0.10661746  0.19498369  0.6552539
  0.84914279  2.89980051 -2.52090175  0.96057857  1.54288599 -0.6781509
 -1.78105081  0.62182353 -1.86086334  0.99914041 -1.48855908 -1.55286672
 -1.48451343  1.68640415  1.24709103]
[ 1.          1.10870843 -0.03257344 -0.26385081  0.31862431  0.03469013
 -0.03068813 -1.03914924  0.13570372 -0.13742443  0.25377819 -1.55949647
 -1.87315854  0.54887576  2.69978688 -0.95795407 -0.27553199 -3.25194535
  0.94269899 -0.87835717  1.87220078]
[ 1.         -0.85861469 -1.86423262 -0.44199105  0.27257865  0.18076516
  1.89689588  1.19360649  0.72118031 -1.09483069  0.81209766  0.8155905
  1.02124756  1.64571835 -0.06991455 -1.01870865 -0.12359511 -1.57155731
 -0.24654572 -2.18896325 -1.19378335]
[ 1.         -0.63239472  1.04928938  0.20250018 -0.59933659  0.95492538
  1.40089064  0.59550478 -1.38045952  0.86074546 -1.35730698 -0.32492349
 -0.15715743 -0.33266253 -0.80274195 -1.55014631 -1.23261352 -0.76830033
  0.10688911 -1.40164593  1.02057833]
[ 1.         -0.83740794 -1.40366651  0.34008492  0.13808261  0.16141831
  0.15951048 -0.57083521  0.68672418 -0.39108552  0.04165742  0.71415944
  0.27756812  0.03250155  0.75944285 -0.09162504 -1.31972674  2.11238778
  0.49113188 -0.28468313  0.67024924]
[ 1.          1.22467489 -0.17653379 -1.71352273 -1.03978442  0.64081594
  0.80334782 -0.59118128 -0.1946138  -0.84674065 -0.24605838  1.34421498
 -0.80637445 -0.52158302 -0.81384225  2.53730091  0.0092586  -0.0890586
  0.76739682 -0.69150403 -0.45904406]
[ 1.         -0.85304637  0.95331102 -0.41159501 -0.25353238  0.08446424
 -0.27152251  0.47328483 -1.47479454 -1.13208118 -0.645684   -1.3504034
  0.2922686  -0.3032505  -0.16281822  0.06921302  0.27393336 -1.21875057
 -1.07808288  1.12788092 -1.20407073]
[ 1.         -0.85467407  0.43186338 -0.17620545 -0.0230203   0.07861381
 -0.385039   -0.25357353 -0.31044633 -0.64862094 -0.71752677 -0.0715047
  0.19563549  0.15602537  0.70406072 -0.05588037 -0.43007067  0.08980694
  1.30106274 -0.16539146 -1.06084426]
[ 1.         -0.8016248  -0.27423205  0.39034695  0.53615677 -0.48798641
  1.09464891  0.8371831   2.96724304  0.66465941 -1.03961601  0.28763519
 -1.42401417 -0.08074701  0.0277252  -0.29677874 -0.34384764  0.55777021
 -1.42698931  0.10557986 -0.41542046]
[ 1.         -0.82438833  1.94002688  0.26156765  0.63328662  0.41433709
  2.05629701  0.67218287  2.54539716 -0.53112982 -2.27033724 -0.34434912
 -0.09338926 -0.32565258 -0.58791118 -0.30204942  1.99086949 -0.83006387
 -0.0667688  -0.90501505  0.83743299]
[ 1.          1.06397517  0.21967982  2.36638157 -2.61396936  0.37757597
  0.6094903   0.39937837 -0.63081934  0.96972219  0.14110862  0.14675697
  1.10120516  0.20970842 -0.51231544 -1.81607485  0.52865122  0.97715842
  0.14945944  0.36801767  1.63719573]
[ 1.          0.91991588  0.69778061  2.21781639  1.60742483 -4.57347887
  0.2602659   0.2793316  -0.36026742 -0.15711949 -0.21969259 -0.23298463
 -1.26134047  0.74246627 -1.14593713 -0.81820357 -0.117347   -1.37519933
  0.47005242 -1.21821144  0.72119854]
[ 1.          1.1864592  -0.13362814 -2.36135315 -0.98138488 -3.85652243
 -0.46870425  0.54291833  0.30316736 -1.83321515  0.70579278 -0.40484263
 -2.64167347  1.03463595 -2.18771396 -4.21877082 -0.04097175  0.06533176
 -0.57937367 -0.19383404 -1.97969129]
[ 1.         -0.86976823  1.01514984 -0.01936896 -0.14294802 -0.82022416
 -0.87305776 -0.9375592  -0.18787967  0.05529799  0.52715737 -0.61857808
 -0.12856217 -0.75571506 -2.01109325  0.85043816  1.433877   -1.21035738
 -3.67609954  0.25390706  1.8279289 ]
[ 1.          1.22435492 -0.14701476 -1.80598675 -0.33908066 -0.51123609
 -0.35851148  0.18603587  0.57328942 -0.08013852  0.06597944 -0.21983601
 -0.39166431 -0.48373902  1.46686388  1.28793439 -0.33498002 -0.27243911
 -0.56629056 -0.55468616  0.27595964]
[ 1.          1.20294704 -0.14160487  0.08354896 -0.09517998  0.9079271
  2.11417402 -2.57495965 -0.27085359 -0.2648413   1.31095007 -1.68419583
 -0.75377586  0.85126332  0.6214423   1.33334759  0.02842099 -0.26469189
  0.51887914  0.32574368  0.15090462]
[ 1.         -0.89435641 -1.2860502  -0.18861276  0.24719528  0.81666389
 -0.09618208  3.54614063 -4.63742894 -1.5776035  -3.93735545 -3.18844232
 -2.54695477  2.7262649   3.10026259  2.45565118  0.5285668   1.47682681
  2.7930155   7.43915211 -1.17449613]
[ 1.         -0.83454556  1.05375816 -0.15157685 -0.13972003  0.72387778
 -0.3467689   0.68359843 -1.63820021  0.43290266  0.24644099  0.53413179
 -0.27696161  3.24982973  1.01459624  0.45053018  0.74102631  1.97939264
  0.00530719 -1.7386279  -0.0527517 ]
[ 1.         -0.78772047  2.8953308  -0.66169374 -0.23585631  0.18164653
  4.09462636  1.92884733 -0.07808819 -0.22455157 -6.68244366 -2.99074
 -0.57586727  0.49803293  1.81056981  0.1482643   3.37099443 -1.01400884
 -1.91422444  4.22428445 -2.64852055]
[ 1.          1.16734104  0.02236882  1.84234435 -1.58122798  1.36260952
  0.55729907 -0.48151695 -0.14630641 -0.03473472  0.5746339  -0.58694035
 -0.16338578  0.18894037  1.14263894 -1.70880801  0.28006507  0.00234444
  0.03791996  0.57695615  1.48369145]
[ 1.         -0.86830578 -1.11293477 -0.00366427  0.31489929  0.09084465
 -0.26835953 -0.23253781  0.45931604 -2.35527764 -0.19895508  0.55910191
  1.56021972  1.79077186  0.66181781  0.20694263  0.67622352 -1.49728385
 -0.43249439  0.94429574 -0.83014745]
[ 1.         -0.85457692 -1.2147951  -0.28267701  0.68608318 -0.01660741
  1.0160098   1.75670189 -0.06358626  0.20119042  1.64574762 -0.50291154
 -0.46253162 -2.36578336 -0.29587154 -0.06134432  2.1626017  -0.5160595
 -1.19215969 -0.84533998  1.0350854 ]
[ 1.         -0.84565836  0.17025642  0.65352126 -0.19409713 -0.21784151
 -1.92537057 -1.79422783  2.26746523  2.43210944  3.08355082  2.56664641
 -1.54797525  0.66272879 -1.15830489  0.52753892 -1.50022112 -3.22836871
 -1.17039458  2.53899103 -1.80927375]
[ 1.         -0.83348467  1.49689785 -0.23502917 -0.03849053 -0.1332219
 -0.86761831 -0.42135825 -0.99031465 -1.25073606  0.09601526 -0.32241969
  0.76407788 -0.53112993  0.56721457 -0.04717105 -0.42035105  0.98371009
  0.50712348 -0.02632669 -0.25945698]
[ 1.          1.24832381 -0.07842545 -1.05380439  3.01812646 -1.75222894
 -1.80313349  1.27726642  0.58318843  2.50623229 -0.24190409 -2.26896426
  2.90279663  1.36356842 -1.30337351 -2.32400267 -0.26901989  1.2939539
 -0.48361411  0.80359056 -1.06324329]
[ 1.          1.20978558 -0.00731458  0.4968217  -0.31696037  0.41534542
 -0.29269261  0.22321622  0.03642621  0.52771398 -0.2266729  -0.07020227
  0.80756258 -0.59555267  0.95626484  0.94251661 -0.6774596  -0.43505802
 -1.18216013 -0.63118153 -0.84287676]
[ 1.          1.15333852  0.11792874  2.98588606  0.69100675  2.90938529
  2.2723908  -2.17337903 -2.3618187   0.04105704 -0.03274633  2.14593055
 -0.02298741 -1.17742917  0.76307159 -2.25340937 -0.37780613 -0.83490804
 -1.15874796 -0.38599769 -0.19669177]
[ 1.         -0.79508247  1.8920979  -0.23135325  0.01740084 -0.08988633
  0.72892428  0.65859233 -0.76163537 -1.79664447 -1.10129307 -0.60740021
  0.47329747  0.7098474   0.35944632  1.01472015  1.14279363 -0.55911395
 -0.54346294  2.88904078  0.14650776]
[ 1.         -0.89930795 -1.04721971  0.47081828  0.51033826 -0.19555893
  0.22111872 -1.75544819  4.64274255 -1.44201657 -0.75742203  2.24248933
  1.56646535  2.70562939 -1.05054196  0.45289426  0.27339092 -1.34651966
 -2.08903188  1.05966306  1.8107187 ]
[ 1.          1.22441311 -0.09330273  0.71433058 -2.30420166  1.44875651
 -0.75470556  0.72968042  1.43754537 -0.98535698  0.24870201 -1.38114791
 -0.70337744  0.25935296 -2.57344297 -0.42770172  0.33532912  1.55985995
  0.27528949 -0.00716084 -1.28522125]
[ 1.         -0.83857742 -1.39653957 -0.41779041 -0.14238391  0.18322479
  1.17528499  0.45882826  0.1877859  -0.63076671 -1.04129015 -0.41831298
  0.90427394  1.42590672  2.28102798 -0.2899059   1.4133122   1.45522973
  0.95834959 -0.5145127  -1.68381128]
[ 1.         -0.84902007 -1.68970055  0.26649939 -0.02371043 -0.01553545
 -1.5285343  -0.59023138 -1.71397932  1.14299607 -2.3614778  -1.21203439
 -2.16643418  0.01127672  1.65711202 -0.00484746  2.03760161  1.12276291
  1.14746132 -0.48396493 -1.07966701]
[ 1.         -0.87960065 -0.32219346  0.04610608  0.04739709 -0.42312331
  0.02463279 -0.58293197  0.8451171  -0.14107285  0.38053182  0.08209041
  0.96869684 -1.35646618 -0.22492692  0.01726811  1.08389598 -0.05023503
  0.83149314 -0.92964132  0.32518081]
[ 1.         -0.85906015  0.85822502  0.03800274 -0.04861865 -0.08018419
  0.52678922 -0.55521868  2.06535133  1.12204485  0.98974455  0.71532929
  0.17612484 -0.10227387 -0.05630617  0.34485881  0.43141465 -0.68181972
  0.30269916  1.08793775 -0.30930956]
[ 1.          1.20072624 -0.05954215  0.63335665 -0.25257469 -0.96309697
 -0.88162786  1.07917763 -0.06754557  2.64011069 -0.48121761 -1.08003623
  3.30730333  0.57206289  1.61554562  0.20443095 -1.08153916 -1.28784828
 -0.17969712  0.15175586  1.54714609]
[ 1.          1.21425191 -0.3953741  -8.67920386  0.5442787  -1.24757964
  0.55681243 -0.1953039  -1.20195488  0.60592745 -0.99965784  4.07735743
  0.9789385   0.60469862 -1.04115705 -2.01528641  0.98726972 -1.23700672
  2.63243597  1.37805123  3.85768909]
[ 1.          1.21465015 -0.09551201  0.53890413 -0.24414975 -1.90199827
 -0.03769302  0.95666058  0.20623472 -0.361673   -0.25654771  0.78288767
  0.3176673  -0.56233939  0.00756236  2.43406693  0.0741345   1.16852817
 -0.46353827 -0.12415625 -1.01767948]
[ 1.          1.2215945  -0.0843041  -1.13811238  1.13392393 -1.76836238
 -0.75934792  0.5455171   0.72354874  0.55396294 -0.3153834  -1.25835417
  0.41068944  0.36603458 -0.74764409  2.07647042 -0.83786557 -0.71410584
  0.48981267 -1.57297476 -0.6083675 ]
[ 1.         -0.82970497  1.40962805 -0.27404988 -0.0439214   0.26499082
 -0.6164369   0.05832575 -1.39546109 -1.73745986  1.33665954  0.23699548
  1.35155561  1.17669109  1.56937512 -0.60752535 -0.22069361  0.27649581
  0.864263   -0.81243947 -2.56998537]
[ 1.          0.32329196  0.26511444  3.96097169  1.41260051 -1.01888638
 -2.62244922  2.01752897  1.80820788 -2.77755085  1.53021445  1.63839179
 -1.08296101 -0.87013474  3.0673229  -0.38910771  0.91917778  0.83286072
  2.23350024  1.87280715  2.02128125]
[ 1.         -0.82099229  0.13191468  0.06834558 -0.09510983 -0.32631282
 -0.52920747 -0.96570049  0.26275166  1.68036829  0.1478956   0.09464113
 -0.55450878 -2.4811112  -0.49493681 -0.13303119  0.96110332  0.21521167
  1.37707231 -0.46836538  0.35170693]
[ 1.          1.20853653 -0.03510974  0.72190661  0.5098939   1.80099831
 -1.50471786  0.79192687  1.33025747 -0.38973425 -0.17855302 -0.85828929
 -0.35540956 -0.16288183 -0.47996978  1.12017646 -0.14770082 -1.32776175
  0.11634345 -0.96519665 -0.65826705]
[ 1.         -0.82916581  1.30329121 -0.20191196 -0.19453187 -0.43432437
 -0.38006397 -1.51606856  0.56514186 -0.64091227 -0.99795243 -0.20947562
  0.8143235  -1.26799841 -0.0245476  -0.61552333 -1.19608411 -0.14047727
  0.27855549  0.43996757 -0.1456773 ]
[ 1.          1.04714618 -0.05974895 -3.44653055  4.58554233  1.15456367
 -3.29348188  3.0139203   3.23095015 -1.9599712   2.53278143  0.25678575
 -4.90456054 -3.87892534  5.4901393  -2.62892194  0.73974407  3.95390248
 -6.54155333 -0.73191679 -0.73304826]
[ 1.         -0.87515904  0.17107988 -0.18011456  0.01603042 -0.13916563
  0.48212792 -0.07835127 -0.01811738  0.10383516 -0.41704345 -0.40941943
 -0.09291869 -1.20175509 -0.44412327 -0.07454813 -1.32142128  0.50763171
 -0.34458805 -0.07849868  0.1681596 ]
[ 1.         -0.87404249 -1.0801979   0.09138658 -0.27589184  0.05220561
 -0.35271383 -0.65526052  1.1640904   2.26815739 -0.08861473  1.21376311
 -1.56746615  0.77270504 -0.22555365 -0.48229062 -0.38176776 -0.68306707
 -0.89845805 -1.00046297 -1.61388599]
[ 1.         -0.8094282   1.79823901  0.15765729 -0.14429655 -0.24593081
  1.49096635 -0.1767789   0.57114097  1.17013904 -1.95252112 -0.6384772
 -0.51061361  0.21960924 -0.52896908 -0.52875554  2.3258647  -0.6794634
 -1.66242911 -1.05687164  0.64650397]
[ 1.         -0.86189131 -0.96589783  0.29062975  0.23793448  0.04480678
  0.60925197  0.53368761  0.61855502  0.2140271  -1.13225692 -0.22087344
 -0.74180041  0.09203386 -0.16887277  0.10792004 -1.19925693  0.5749013
  0.5186187   0.67903998  0.99382445]
[ 1.          1.22163817 -0.0858522  -0.22478659 -0.06956234 -0.01868294
  0.24232714 -0.63709496  0.41865505  0.80280614  0.61303597 -2.07307637
  0.91514005  1.02932684 -0.19949745  0.59555524 -0.15028195  0.41043717
  0.53613913  0.32404638  0.94803303]
[ 1.          0.48066203  0.987073    2.88028984  3.40748271  2.41746537
 -2.20210911  2.82643766  2.41767246 -2.88517972 -0.17459021 -0.27644258
 -2.02021689  0.21562433 -2.42204808  2.58492258  0.67398708 -0.03545808
  2.24170959 -0.55656626  1.57077056]
[ 1.          1.19356747 -0.40413052 -3.56427375 -1.42381242  0.01931997
  1.27949019 -1.24169974  0.89479919 -0.73450931  2.17506038 -1.80443868
 -1.22948438  0.25888285  2.17340722  0.35433782  0.57068162  1.56409601
 -1.41413004  0.86524846  1.79046866]
[ 1.         -0.86341078 -1.42321627  0.47896903 -0.09429588  0.06264368
 -0.74907875  0.43690231 -1.14054659  0.14802759  2.06692887  0.61829759
  0.36638913  0.94566768  0.81350696  0.79360118  2.2993806  -0.98644144
  2.40792794  2.21137969 -0.91958938]
[  1.00000000e+00  -8.59874606e-01   1.00128610e+00  -9.49077248e-02
   6.04873420e-02  -5.42184902e-01  -7.29096990e-01  -4.20105122e-01
   1.01021361e-01  -1.29650743e-03   1.09223888e+00  -4.55918526e-01
   2.32866887e-01  -1.87934440e+00  -4.78092387e-01   7.42680950e-01
   9.26498789e-01  -1.51025511e-01   4.31190492e-01   8.62695605e-01
   5.27637533e-01]
[ 1.         -0.75216361  0.80245679 -0.38558874  0.179304    0.9306428
 -0.80001072  1.75138685 -1.54933882  1.27097462 -1.24500332 -0.0113664
 -2.13634163  1.43747409  0.74392085  0.91513081  0.72564709 -0.43341955
  0.08846379  2.3043563  -0.22541833]
[ 1.          1.18679973 -0.01250103 -0.26768228 -0.53302148  0.65814241
  0.78104562 -1.06444401 -0.27445553 -0.07195778  0.86523447 -0.14070279
  0.39966556  0.08353857 -0.24905081 -1.82194619  0.58350441  1.56790878
 -0.70367107  1.96359236  0.44456949]
[ 1.         -0.9003598  -1.76864524  0.2903109  -0.37790829 -0.28274878
 -2.96069209 -2.67134062 -1.59672248  0.66535703 -2.30191193 -0.48834725
 -0.92073899  1.25014501 -0.60439497  0.41468682  3.22297224  0.49431721
 -2.17753061 -1.68256652  1.13480853]
[ 1.          1.06050579  0.35764095 -1.11379761  2.92458431  2.12609832
 -1.8117682   1.59342419 -0.83618625  0.21797628 -1.14940131  3.48963136
  0.53127242 -0.85058043 -0.53466658 -2.99900901  1.04132729  0.32313232
  0.67918157  1.49682214  0.69760245]
[ 1.         -0.8826397  -1.57287487  0.00652887 -0.35383917 -0.23714978
 -0.69767367 -0.33809443 -0.97738285  0.64743822 -0.4474732  -1.30944616
 -0.60445733 -1.98208396 -0.29622643 -0.73567277  1.11213122 -0.24337098
  0.12504997 -1.81984657 -0.51441432]
[ 1.         -0.81459301  1.69937136 -0.22628257 -0.3706493  -0.24966558
 -0.59530163 -1.58607953  0.74506665  0.11214167  0.78650102  0.59713353
  0.38293887  0.44602814  0.10433717 -0.20212201 -0.3135341  -1.49023308
 -0.36882144  1.38256007 -1.30591854]
[  1.00000000e+00   1.10281632e+00   2.17958473e-01   8.56754998e-01
   2.62528013e+00   1.56960470e+00  -1.72162963e+00   1.60461589e+00
   1.31887967e-01   1.56978300e+00  -1.28260312e+00   5.88417786e-01
   1.94265457e+00   6.19773858e-02   2.76591766e-02   5.30492210e-01
  -1.68282716e-03  -1.88944532e+00   6.30441623e-01  -1.36780684e+00
   1.09570368e+00]
[  1.00000000e+00  -8.60022431e-01  -1.70214900e+00  -2.80256671e-01
   9.16878306e-02   2.06085671e-02   2.54244549e+00   2.27865899e+00
   5.10571132e-02  -1.10484752e+00   2.59726981e+00  -4.15232537e-01
   2.14695683e+00  -9.36271034e-01   6.33318170e-02  -6.05648069e-01
   1.32356072e+00  -8.20183102e-01  -6.98534308e-04  -1.59300429e+00
  -4.06538027e-01]
[  1.00000000e+00  -8.87067209e-01  -1.31430102e+00   1.07002055e-01
  -3.71893893e-01  -1.57824076e-03  -1.21911769e+00  -1.04071710e+00
  -3.76262910e-01   1.80426040e+00   3.73657221e-01   1.03087940e+00
  -6.67930491e-01   3.69653083e-01  -3.30387545e-01   1.52507971e-01
   4.72211772e-02   7.03595437e-01  -1.12233809e-01  -1.06631493e+00
  -3.88619827e-01]
[ 1.          1.21649884  0.0194129   0.90403435 -0.29131142  0.0249118
  0.0570308   0.03143782 -0.00228666 -0.11616314 -0.2556779   0.00405219
  0.1054098  -0.3634095   0.27105262  0.65621215  0.04688349 -0.31524475
 -0.5994404   0.14179295 -0.6813248 ]
[ 1.         -0.86044327 -1.28192798  0.15776857  0.48415359  0.11487137
  0.68861708 -0.02640274  1.39221717 -0.21389958 -2.02681686  0.62826862
 -0.78702839  1.21247819  0.03565999 -0.29550893 -3.00926738  1.04266276
 -0.99269799  0.64349658  0.78308228]
[ 1.         -0.79312508  0.26452233 -0.2521079   0.3559302   0.33092277
  0.44411498  1.1552415  -1.34554189  1.72896086  1.25311466  0.83520034
 -0.75463866 -1.34638852 -0.1127357  -0.19561916 -0.76119755  1.47221424
 -0.33488536 -2.20562365  0.55538934]
[ 1.         -0.62998752  1.84767691  0.62213899 -1.46046758  0.20695722
 -0.89249467 -0.13280256 -0.66339319  2.28777846  3.22418029  0.95096607
  0.4762724   1.40790063  0.55558636 -0.45816722  1.2246685   0.50233686
  0.68962155 -0.5937787   0.20269014]
[ 1.         -0.88494914 -0.85836353  0.15407026 -0.08062555 -0.23709899
  0.41862052 -0.5522409   1.39405411  0.33164463 -0.05591402  0.77231396
  0.40367234  0.88014906  0.68072521 -0.23807579  0.93497567 -0.50129059
  0.53409295  0.43477839 -1.61886276]
[ 1.          1.20823888 -0.01488103  1.36072815  2.00191559 -0.44918274
  0.38892316 -0.83967745 -0.10908297 -0.98957471  0.74187806 -0.90771857
 -1.49425279  0.59735512 -0.86585629 -0.72273516  0.11653687  0.45685817
  0.75867181  0.00282424 -0.91909091]
[ 1.         -0.88826036 -1.79025066  0.25765545  0.25392877 -0.01520804
  0.13268722 -0.1175897   0.60022933 -0.40021567 -0.84593539  0.40087089
 -0.00848518  0.28217063  0.04086354  0.1971246  -2.06077922  1.80350594
  0.00347612  0.50826103  1.65853623]
[ 1.          1.10547135 -0.07012485 -0.97250838 -3.74214132  1.34885386
 -1.10201273  1.31762092  0.12884249  0.41477212 -1.2315968   1.25831836
  0.77190262 -0.73678083 -0.4249463  -1.42677172 -0.5999841  -0.87519516
 -0.83244306 -0.38496994 -0.4426209 ]
[ 1.         -0.86268233 -0.3172861   0.10751106 -0.08605288 -0.15859384
  1.25933069  0.17247101  1.34515292  0.90067411 -0.32229607 -0.15537019
  0.07202943 -0.76083104  0.74712525 -0.52780123 -0.40591457  0.82216348
  2.34567759 -0.74169504 -0.61221016]
[ 1.          1.22747069 -0.08761199  0.78063944  1.86146695  0.56443848
  2.76548146 -3.1014415  -1.31594192  0.56871983  1.13480793 -0.54493375
  0.40874723 -0.54789877  1.5422347   1.4774034  -0.62301016  0.78434434
 -2.68609204  0.41730846 -1.9186927 ]
[ 1.          1.18253293  0.02706745  0.51854414  0.33081616 -0.5142675
  0.2653027  -0.09236735 -0.85827548  0.40334888 -0.3409811   0.52004787
  0.6950917   0.28192008 -0.58042344  0.16956306  0.10543115  0.0662033
  0.49811421  0.11709384 -0.09304766]
[ 1.         -0.85167221  1.70776771 -0.3460735  -0.01644367  0.27446483
 -0.08305223  1.09651397 -2.07763353 -1.09521381  0.45790074 -1.15794395
  0.168332    0.49545228 -0.31653687  0.3483617  -0.03071857 -0.16095547
 -0.16652941 -0.88927951  0.09571938]
[ 1.         -0.87207211 -1.02647937  0.16182162  0.04916569  0.01772508
 -0.79756107 -0.49337145  0.0242518   0.7887363   0.37421198  0.37171522
 -0.8182369   0.35520373 -0.32661432  0.44592007  0.77401548 -0.30080096
 -0.7643661   0.99932357 -0.35406571]
[ 1.          1.18280544 -0.04060089 -0.74140467 -0.4086612  -1.35814716
  0.29066512 -0.52718645  0.18472831 -0.90856658  0.67854246 -0.59732532
 -1.66553933  0.11247225  0.34898353 -1.98158168  0.31883647  0.34729192
 -0.34954902  0.33468086 -0.05125496]
[ 1.          1.21166419 -0.03403313  0.54117384  1.04763014 -0.41850173
  1.25178183 -0.84410437 -1.03153012 -0.25262861 -0.05610971  1.20141935
 -0.47923305 -0.72293794  0.27966572  0.75252299 -0.4929629   0.41429896
 -1.01633914 -0.33001226 -0.64981133]
[ 1.         -0.83181855  1.32453558  0.01852199 -0.16934436  0.11442316
  0.49059812  1.0155131   0.05323631  1.27386581  1.15761599  0.82153541
 -0.72857685  1.18725049  0.3505734   0.28822374  0.0242368   1.04679088
  0.00413009 -0.09563204  0.14925613]
[ 1.         -0.85038211 -0.98387845 -0.29210069 -0.19187075  0.08852548
  0.26454884 -0.22711782  0.17821965 -0.63477236  0.66778854  0.05279028
  0.48574294  0.73565577 -1.16837307  0.84822788 -0.77561408 -0.54662132
 -1.43177127  1.54178044  1.56061602]
[ 1.          1.20054654  0.05649714  1.43021276  0.5912751  -3.23496951
  0.98654673  0.12810795 -1.28713217 -0.16330243 -0.42701677  1.66853606
 -0.06190427 -0.45792678  0.16803036  1.3324167  -0.15230327  0.15738707
 -0.60159361 -0.26563388 -0.48805132]
