Cluster centers 

[-0.6462148  -0.62078995 -1.03307507  1.35315019]
[-0.69424779  0.79179498  0.27325159  0.47918048]
[ 1.66217602 -0.28442263 -0.67009445  0.0655649 ]
[ 0.69203575 -1.32353272  1.5435336  -1.82684446]
[-0.69768632  1.39722193 -0.11496171 -0.79298694]
[-0.67209554 -1.03188383  0.21032186  0.35460587]
[ 1.60366427  0.45994825  0.91262708  0.54287698]
[ 1.44142628 -0.26608663  1.31904258 -0.09287844]
[-0.6367119  -1.6113237  -0.6221097  -1.87874584]
[-0.6854681  -0.44825169  0.44233992  1.08772587]
[ 1.49864098 -0.17812566 -2.43643971  0.33911448]
[ 1.47159746  1.66137538  0.99440605 -1.26064665]
[-0.43986219 -1.26401058  1.17897766 -0.47921368]
[-0.69572975  2.16055197 -1.63916387 -2.01059585]
[-0.47027091  0.36559683  1.64189133 -0.16776318]
[-0.58261165  0.83683906  1.03426985 -0.50908352]
[-0.59234336 -1.75537829 -1.71556456 -4.55473078]
[-0.67304542  1.44493005 -0.82144616  0.17631583]
[-0.63601762 -0.87299429 -1.57189141  0.75599367]
[ 1.49094441  2.11347935 -1.61809473  0.76115382]
[-0.70167541 -1.37116567 -0.77228472 -0.72524754]
[ 1.63319492  0.54560396 -0.72979355  1.40783544]
[-0.53145666  1.22789271  0.87333376 -1.56186512]
[ 1.6017316  -0.39769831 -2.23010299 -0.64665488]
[-0.6699987  -1.66065912 -1.38394551 -2.80179434]
[-0.67656824  1.04625006  0.37449967 -0.27787153]
[ 1.50958223  0.48267213  1.38661442  0.226526  ]
[ 1.49401645 -0.44548397 -3.53646295 -1.8503562 ]
[ 1.41221883 -0.93562932  0.32392542 -1.66220796]
[-0.69054726  0.32330519  0.006372    1.36905712]
[-0.59475741 -1.35069589  0.38406813 -0.55007511]
[ 1.58113289 -0.29335203  0.55143329  0.00537238]
[ 1.0874661   0.95778743  2.08511261 -1.07603108]
[-0.71231719 -1.44482921 -1.28977883 -1.29041533]
[-0.65279103 -0.78882021  0.63492861  0.65976645]
[-0.69852905 -0.7689774  -0.11697848  0.93259402]
[-0.27760087  0.79553886  1.7915052  -1.19953634]
[-0.69741791  1.05324371 -0.19178269  0.44636976]
[ 1.15116658 -0.17630041  2.13391866 -0.27238229]
[-0.70071637  1.9234042  -0.75965584 -2.44620019]
[-0.33265811 -1.48859061  1.0736367  -1.19936898]
[-0.71029573  2.54980956 -2.3530139  -4.27391014]
[-0.50568211 -1.68331272 -0.02889767 -2.12260454]
[ 1.58510719  0.00534033 -1.55250191  0.90666324]
[ 1.66237822  1.02151737  0.33236185  0.78338922]
[-0.47422294 -0.74722882  1.53796294  0.25208051]
[-0.58178891 -1.0746015   0.84582432  0.08498852]
[ 1.6694385   0.33622235  0.02734731  0.95637093]
[-0.66808271  0.31183119  0.76000629  0.72607799]
[ 1.6392402  -0.58160743 -1.87539004 -1.43678938]
[ 1.65347881  1.71729456  0.01943583  0.03837476]
[-0.67536153 -0.37409751 -0.46604181  1.54947717]
[ 1.6383257  -0.41756738 -0.27888603 -0.26906705]
[-0.61280247  0.39173026  1.11399642  0.29381637]
[-0.70941178  1.7942003  -0.82129949 -1.44125751]
[ 1.52997518  1.21355178  1.15212431 -0.27409841]
[ 0.90851923  1.59721419  1.55729759 -2.57498027]
[-0.70370069 -1.05557592 -0.47756692  0.36946704]
[ 1.61161002 -0.26590664 -1.82076188  0.03644933]
[-0.70349586 -1.53565901 -1.41587424 -1.90417158]
[-0.70503175  1.56012737 -0.605451   -0.66012115]
[ 1.05208892 -0.83104671  1.77595547 -0.87017216]
[-0.53864983  1.602227    0.39051229 -2.59965364]
[-0.55903214 -1.52787659  0.20175702 -1.23641954]
[-0.63528935  2.03049699 -1.66711979 -0.91880567]
[ 1.42917243  0.60678598 -1.72018142  1.86478715]
[-0.55443479  1.37175128 -1.28051547  1.10183798]
[ 1.66085519  0.00305622 -0.68526563  0.74417626]
[-0.70205761  1.2405637  -0.18065718 -0.11723436]
[ 1.63523584 -0.58211889 -0.73778437 -0.89746474]
[-0.30312886 -1.78300253 -0.28993482 -3.36323505]
[-0.54069931  0.13461663 -1.154093    2.0739715 ]
[-0.67877318 -1.20032457 -0.08549484 -0.04260226]
[ 1.32157532  0.59861929  1.91682283 -0.26359158]
[-0.64444721  1.73659841 -1.27090184 -0.20115124]
[ 1.65182352 -0.14844754 -0.03277615  0.34766709]
[ 0.0782801  -1.19513022  1.98380197 -0.86467003]
[-0.66534108  0.75424781  0.6399017   0.14231805]
[ 0.20573279 -0.17430264  2.53725356 -0.51264293]
[-0.69472001 -0.85692003 -0.69602717  0.85594281]
[-0.64840106  1.20663575  0.4491274  -0.90541658]
[-0.67329603  0.83298977 -0.37612352  1.14168036]
[-0.40354187 -0.14588048  1.89906158  0.13162272]
[-0.64693706  0.3848308  -0.49555313  1.7175117 ]
[ 1.54589778 -0.60166743  0.28785391 -0.67673959]
[-0.6867799   0.09376345  0.5292177   1.09265871]
[-0.70873211 -1.28588759 -1.44379422 -0.61944134]
[ 1.65129985 -0.24376137 -1.20056509  0.16673108]
[-0.67202256  1.56132616 -0.05645715 -1.63570792]
[-0.61970712 -0.30883487  1.08945888  0.74051915]
[-0.69121034 -1.05670116 -1.27197573  0.28291506]
[-0.69474144 -0.29684759  0.00908081  1.39610579]
[-0.67357174 -1.33716707 -0.24999983 -0.4933983 ]
[-0.30101196 -1.65332987  0.71756717 -1.94188451]
[-0.66628383  1.15268564 -0.6336799   0.77988196]
[-0.6958071   0.59163897  0.16000311  0.9550976 ]
[ 1.65487951 -0.43610143 -1.29396441 -0.51856549]
[ 1.6306872   0.11464145  0.53381204  0.57542092]
[-0.6540605  -1.49505031 -0.40003054 -1.1758851 ]
[-0.70830573 -1.21233492 -0.82067208 -0.1340764 ]

Populations

0.00838522633707
0.0142061239383
0.0157953349161
0.00370914604819
0.0146076874052
0.0146021154714
0.0137037515433
0.0181935266648
0.0073735906437
0.0155910808156
0.00725119527525
0.0061669904411
0.0068055548857
0.0039076708167
0.00513329807831
0.0116363374731
0.000855076791279
0.012570130576
0.00351239407871
0.0022082095778
0.00811139781839
0.0118105791644
0.00721038549328
0.0102658704947
0.00361541433223
0.0158166315365
0.0132096084084
0.00327330676187
0.00274267017719
0.0121626320754
0.0108324819606
0.0185879613059
0.00681543831722
0.00791799334105
0.0166387021614
0.0180162857654
0.00320819489535
0.0128579816571
0.0115102579845
0.00683545314672
0.00486710519913
0.000399984050546
0.00516154249621
0.0118399418098
0.0103528353515
0.0102371903274
0.0141885994321
0.0170049230711
0.0121898914103
0.00799642066081
0.00432771490265
0.0121262319524
0.0146886646718
0.0112604048865
0.0126175689477
0.00885833052155
0.00297105405072
0.0141871140626
0.0105690999431
0.0041934090272
0.0126911934583
0.012519483549
0.00429650366001
0.0090139008257
0.00504787327735
0.00351780159949
0.00554656390568
0.0178347632505
0.0165636660971
0.0119095358122
0.00161754330713
0.00559405570836
0.0142362939233
0.00864157665914
0.00800460031419
0.0186599326281
0.00527445803124
0.012689530523
0.00498254361333
0.0142296678302
0.0111978477248
0.0111904338217
0.00535940104179
0.00962519603942
0.0130688712454
0.0135663627979
0.00702359711653
0.0150989057568
0.00981355506543
0.0176495916989
0.00852636198701
0.015638269633
0.0124589988519
0.00291315685493
0.00898150760103
0.0119577624626
0.0136058269688
0.0198471740365
0.00953725439296
0.0123767215792

State labels

0
1
2
3
4
5
6
7
8
9
10
11
12
13
14
15
16
17
18
19
20
21
22
23
24
25
26
27
28
29
30
31
32
33
34
35
36
37
38
39
40
41
42
43
44
45
46
47
48
49
50
51
52
53
54
55
56
57
58
59
60
61
62
63
64
65
66
67
68
69
70
71
72
73
74
75
76
77
78
79
80
81
82
83
84
85
86
87
88
89
90
91
92
93
94
95
96
97
98
99

Eigen values

1.0
0.950796577866
0.245882123272
0.110351564512
0.103096949522
0.0989918853741
0.0954985289576
0.086180176135
0.0826190089159
0.0809107335426
0.0787258501082
0.0770387932236
0.07491192258
0.0724947916586
0.072222490291
0.0686129785891
0.0662482345094
0.0647867291183
0.0633742053439
0.060342174213
0.0566451435351

Left eigenvectors

[ 0.00838523 -0.00676356 -0.0100148   0.0032271  -0.00104476 -0.00375278
  0.00969438 -0.0128762   0.00659579  0.01366026 -0.01422402  0.00901194
 -0.00426333  0.01949221 -0.01278902 -0.01032452 -0.00943684 -0.01292215
  0.00145682 -0.00242797  0.01271735]
[  1.42061239e-02  -1.15409958e-02   2.39900409e-02  -4.38473021e-05
   1.28196975e-03  -1.48207608e-03   2.87352499e-03   8.07268928e-03
   1.60804847e-02   1.34428577e-02  -6.08148413e-03   8.22402445e-03
  -7.44445629e-03  -3.30884894e-03  -9.49728297e-03   3.09743952e-04
  -5.47693263e-03  -6.68320445e-03   2.57604882e-03  -4.05361086e-03
   3.99576623e-03]
[ 0.01579533  0.02096034  0.00033896  0.00787275  0.01613765 -0.03591084
  0.00933179  0.01088973 -0.01343998 -0.00824744 -0.00655897  0.01280824
  0.00896253  0.00889204 -0.00027479  0.0330188  -0.01689702  0.01988523
 -0.00350132  0.0005021   0.00568201]
[ 0.00370915  0.00257402 -0.00274455 -0.00882899  0.01251224 -0.00095593
 -0.00571748 -0.00017651  0.00191603 -0.0057716  -0.00272612  0.0006693
 -0.00159287  0.00874879  0.00230496  0.00698922 -0.00436254  0.00184583
 -0.00387942  0.00451801 -0.00071977]
[ 0.01460769 -0.01179107  0.02848342 -0.00230103 -0.00381113 -0.006626
 -0.0150181  -0.02173611 -0.00989148 -0.00189994  0.00032051 -0.008679
  0.01294815 -0.0312456   0.0225657  -0.00471724 -0.00514001  0.01872539
  0.01012832  0.00479474  0.01650682]
[ 0.01460212 -0.01126051 -0.01516904 -0.00365558  0.01333596  0.01776225
  0.01235375  0.00687561 -0.01687286 -0.01155188 -0.00557607 -0.00627804
 -0.00884803  0.0024395  -0.01889757 -0.01121877 -0.00316342  0.01124763
 -0.01003635  0.00088292  0.0106498 ]
[  1.37037515e-02   1.79232288e-02   6.27691805e-05   8.93679671e-03
   1.08852460e-02   1.51913823e-02  -1.73130567e-02   2.81616597e-04
   1.12674716e-02  -1.61443839e-02  -1.10080104e-02   2.40129375e-02
   9.10019795e-03  -1.02135189e-02   1.92212120e-03   5.48611845e-04
   9.96589319e-03  -1.44124779e-02   1.29203575e-02   2.01853166e-02
  -2.74724356e-03]
[ 0.01819353  0.02332092 -0.00059316  0.00160576 -0.00610263  0.02184324
 -0.00704077 -0.00244465  0.00683659 -0.01066468 -0.00896338  0.00325628
  0.00116613  0.00223459  0.00480458 -0.00014957 -0.01887124 -0.00460251
 -0.00536058  0.00320394 -0.00737049]
[ 0.00737359 -0.0053773  -0.0178043   0.00160052  0.00187229 -0.00426074
 -0.00053794 -0.0001884   0.01121832  0.00983324 -0.00059338  0.00369751
  0.00254032 -0.00292296  0.00828599  0.00384842 -0.00574078 -0.01372034
 -0.01964424 -0.00204819  0.00577485]
[ 0.01559108 -0.0117748  -0.01102165  0.0037998   0.00418648  0.00188762
  0.00589331  0.00428331 -0.0114798   0.00098441 -0.00288418 -0.01232447
  0.00715994  0.01010303 -0.00472594 -0.01031899 -0.0126441  -0.01254544
  0.01228477  0.00608253  0.01664383]
[ 0.0072512   0.00995006  0.00075794 -0.01739138 -0.01289947 -0.0061388
  0.00812996 -0.00369829  0.01490879 -0.00735991 -0.01251527 -0.0183282
  0.01531715 -0.00018347 -0.0109314   0.01627705  0.00078525  0.00209093
  0.00033199 -0.00337201  0.00732683]
[ 0.00616699  0.00799354  0.0010229   0.02607648  0.00864477 -0.00953346
  0.00456988  0.00090172  0.009914   -0.00991963 -0.00327624 -0.01070328
 -0.00352674 -0.00039191 -0.00027566  0.00917737  0.0048133   0.00568953
  0.00595664  0.00685604  0.00710252]
[ 0.00680555 -0.0047     -0.00685599  0.00293696 -0.00055418 -0.00020814
  0.00895315  0.00059617  0.00132289  0.00702728  0.00351444 -0.00155001
  0.00245456  0.015954   -0.0117538  -0.01218192 -0.01196018 -0.00395005
  0.01132207  0.01064532 -0.00120642]
[ 0.00390767 -0.00303299  0.00619237 -0.00095976  0.00159433  0.00126814
 -0.00020429 -0.00311332 -0.00136885 -0.00266215  0.00352571  0.00044205
  0.00567819  0.00254233  0.01624053  0.00664569  0.00281932 -0.00707159
  0.00396109 -0.00579055 -0.0012837 ]
[ 0.0051333  -0.0038268   0.00373641 -0.00090493  0.00321513  0.00704482
  0.01044646 -0.00454246 -0.0063599  -0.00121811 -0.00592176  0.0004385
  0.00108408 -0.00482467  0.00406114 -0.00015981  0.00427803  0.00518217
  0.00159259 -0.00237339  0.00118097]
[ 0.01163634 -0.00919857  0.01678371 -0.0030478   0.00850706  0.00611256
  0.00324478  0.00485736  0.00645036  0.00351457 -0.01877321  0.00834815
 -0.02171899  0.00501523  0.00417721  0.00360785  0.0059896  -0.00028016
 -0.003037   -0.02778655  0.0109851 ]
[ 0.00085508 -0.00065881 -0.00199167  0.00047868  0.00035637 -0.00017672
 -0.00160166  0.00249096 -0.00066722  0.00050545  0.00094178 -0.00242985
  0.00408286 -0.0027733   0.00230928 -0.00219523 -0.00418969 -0.00234579
  0.00094615  0.00049749  0.00379991]
[ 0.01257013 -0.01012512  0.01826862 -0.00063947  0.00328298  0.00328469
  0.00772809  0.00084265 -0.0007266   0.00131611  0.00879923 -0.00025621
  0.01016691 -0.00237629 -0.00629459  0.00338922 -0.00402722 -0.0028557
 -0.01969331  0.02016991 -0.02275132]
[  3.51239408e-03  -2.73494671e-03  -3.60090246e-03   1.21119051e-03
  -2.11168372e-03  -2.93233160e-03   6.15057392e-05  -2.17666277e-04
   3.18436948e-05   5.24833359e-03  -3.25017281e-03  -1.48718953e-04
   1.28787643e-03  -5.25067516e-03   4.98427145e-03   1.01901982e-03
  -4.15778155e-03  -5.51435720e-03  -6.08822481e-03   1.68241059e-03
  -6.19225856e-04]
[ 0.00220821  0.00303996  0.00038559  0.01464824 -0.00507721  0.01685261
 -0.00655712 -0.0036073   0.00559832 -0.00220637 -0.00340955 -0.00130737
  0.00090176  0.00065014 -0.00205041  0.0111707  -0.00157959 -0.00146106
  0.0016655   0.0077303   0.0043342 ]
[ 0.0081114  -0.00643142 -0.01120603  0.0016077  -0.00608463 -0.00200759
  0.00285013  0.00209807 -0.00142084  0.00120401 -0.00054379  0.00068742
 -0.00268499 -0.01221049 -0.00015585  0.01084514  0.00458812 -0.00681886
  0.02298236 -0.00537132 -0.0012928 ]
[ 0.01181058  0.01582336  0.00102574  0.00921492 -0.0056629  -0.00366347
  0.00492276  0.00341316 -0.00585013 -0.00514427 -0.00202383  0.00082936
 -0.00366577  0.00202681  0.00134239  0.01018788 -0.01737847  0.00913083
 -0.00351263 -0.00116168  0.00208574]
[ 0.00721039 -0.00559745  0.00687684  0.00129075 -0.00659342 -0.0094878
 -0.01764549 -0.01141043  0.00347478 -0.0127415   0.0191915   0.00172283
 -0.00043515 -0.00014689 -0.01222442 -0.00568038  0.00221493  0.01113367
  0.00601501 -0.0013866   0.00369593]
[  1.02658705e-02   1.38168499e-02  -3.56210727e-05  -2.26453789e-02
  -4.11001994e-03   9.06477493e-03  -1.00704166e-02   1.71463318e-03
  -1.60396272e-02   2.71685830e-02   8.44741045e-03   1.62504173e-02
   8.90894486e-03  -6.43863967e-03  -9.45753591e-03  -5.09693095e-03
   2.18655217e-02  -1.53581350e-02   1.13490079e-02   1.92480568e-02
   3.14367714e-03]
[ 0.00361541 -0.00276439 -0.00365589  0.00093361 -0.00109552 -0.00245019
  0.00544687 -0.01338085  0.01012511  0.0067139   0.00721905  0.00824601
  0.00427672  0.0033439   0.00456625  0.00726209 -0.00095117 -0.00497148
 -0.00979349  0.00200897 -0.00303011]
[  1.58166315e-02  -1.27234410e-02   1.65651841e-02   2.95932285e-03
  -9.19884121e-03  -9.05929655e-03  -1.14019730e-02   4.35057960e-03
   5.10925855e-03   1.01116266e-02  -1.16601579e-02   2.64308569e-05
  -4.69084149e-03   6.33307202e-03  -5.66148412e-03  -4.55919167e-03
  -1.11639741e-02  -7.86987231e-03   2.07526829e-02  -9.44822673e-03
   1.10459940e-02]
[ 0.01320961  0.01723742 -0.00023959  0.01199354 -0.00136867 -0.01634404
  0.01286588 -0.00148069 -0.00789974  0.02762584  0.0285845  -0.03653483
 -0.03593058  0.00211918  0.00905462 -0.00430397  0.01418595  0.00645334
 -0.00503957 -0.00408606  0.00412662]
[ 0.00327331  0.00448827  0.00030268 -0.00831579 -0.00194496  0.00416297
  0.00018997 -0.0025968   0.01206094 -0.00468761 -0.00808649 -0.00720034
  0.01512912 -0.00171504 -0.00601547 -0.00027991  0.00061509  0.00051517
 -0.00034777 -0.00646767 -0.00390565]
[ 0.00274267  0.00325268 -0.00069067  0.00030404  0.01252541 -0.0043288
 -0.00383823 -0.00130499  0.00412987 -0.00315789 -0.00203177 -0.00025299
 -0.0072748  -0.00487736  0.00099778 -0.00174285  0.00685518 -0.00509281
  0.00745364  0.00517672  0.00018902]
[ 0.01216263 -0.00950917  0.00106155 -0.00097384 -0.00146264 -0.00690657
 -0.0057789  -0.03779476 -0.01357429 -0.00625622  0.00334195  0.00048701
  0.00509769  0.01967101  0.01457849  0.00936735  0.00461339 -0.00596222
 -0.00029507 -0.00690671 -0.03708395]
[  1.08324820e-02  -8.03555442e-03  -1.64483876e-02  -2.60925022e-03
  -4.51128891e-03  -4.46862463e-03  -1.88997727e-02   2.18410131e-02
   3.43872607e-03  -7.11074488e-03  -8.53444665e-03  -8.43774350e-05
  -5.00282308e-03   1.66886021e-02   3.57538653e-03   6.15276331e-04
   1.37325549e-02   3.92929799e-03  -2.01415612e-02   5.55299318e-03
  -2.83085022e-03]
[ 0.01858796  0.02451514  0.00161285 -0.01232756 -0.01320652 -0.01482356
  0.00899511  0.0078136  -0.00959666 -0.01682262 -0.00215652  0.03122594
 -0.00387437 -0.00084707  0.00545807 -0.01218147  0.00474636 -0.00791356
  0.00093955  0.00547317 -0.0057283 ]
[ 0.00681544  0.00818126 -0.00012126  0.01623458  0.0167558  -0.0090631
 -0.00017279  0.00104275  0.00118151  0.00370643  0.00568536 -0.00175194
  0.0027999  -0.00038129  0.00411678 -0.01290918  0.01128356 -0.00161792
 -0.00083548 -0.00652723  0.00240788]
[ 0.00791799 -0.00620714 -0.01081216 -0.00023035  0.00189009  0.00822017
  0.00412497  0.01395348 -0.00956322 -0.00715281 -0.00146884 -0.00649139
 -0.00523327 -0.00841519 -0.00413585  0.00705941  0.00614547 -0.00282586
  0.00494787 -0.01373038 -0.00712942]
[ 0.0166387  -0.01295346 -0.01189813  0.00252852 -0.00370849 -0.00431224
 -0.01388474 -0.00690939 -0.00580627 -0.01138831  0.01738511 -0.00757687
  0.0130951  -0.00602854 -0.00084068 -0.0060119  -0.01123084  0.00310916
  0.00778723 -0.00534064  0.00383227]
[ 0.01801629 -0.01399775 -0.01957996 -0.00385589  0.01296389  0.01730059
  0.03597432 -0.02274786 -0.00799971 -0.00513665  0.0104217   0.00494804
 -0.00052529 -0.02015364 -0.00630952  0.00161275  0.00784717  0.03367618
  0.03132983  0.02184855 -0.0117274 ]
[ 0.00320819 -0.00212238  0.00209961  0.00063367  0.00055005 -0.00175909
 -0.00396125 -0.00652315  0.00278835 -0.00025332  0.00039215  0.003252
 -0.0031273   0.00647896 -0.00222593  0.00037315  0.00184655  0.00376794
  0.00105371 -0.00842196  0.00073769]
[ 0.01285798 -0.01009507  0.01915069  0.00281978  0.00013811 -0.00479892
 -0.00472339 -0.00601094  0.0076888   0.00579429 -0.01531125  0.00820594
 -0.01880892 -0.01051571 -0.02261496 -0.00765775  0.00719441  0.01749006
 -0.01820438  0.00879579  0.00677039]
[ 0.01151026  0.01350846 -0.00198169 -0.01714959 -0.01506423  0.03089469
 -0.01503124 -0.00182612 -0.00328599  0.00120892  0.01121982  0.01074485
 -0.02303201 -0.00026894  0.00744175 -0.00387197 -0.01641957 -0.00160292
  0.00127411  0.01013348 -0.00100056]
[ 0.00683545 -0.00549098  0.00810295  0.00082257  0.00560773  0.00237569
  0.00528478 -0.00444134 -0.01804849 -0.00547503  0.00355159 -0.01057861
  0.00702148 -0.00768519 -0.00675941  0.00306804 -0.00849717 -0.02070841
 -0.00441091 -0.00152132 -0.0002887 ]
[  4.86710520e-03  -3.40556640e-03  -6.77242295e-03   6.48518516e-04
  -4.98175802e-05   5.86499058e-03   7.25216625e-06   1.12665461e-02
  -1.50219103e-02  -2.10032937e-04  -1.08995820e-02  -8.75478302e-03
   2.97811696e-03  -9.48011654e-03  -8.58001399e-04  -8.97416983e-04
  -5.33199745e-04  -7.50600048e-03  -2.64067619e-03  -4.38242091e-03
   4.70318797e-03]
[ 0.00039998 -0.00032919  0.00044369  0.00032639 -0.00081826 -0.00127963
 -0.0027191  -0.00077986 -0.00070195 -0.00140418  0.00276137 -0.00132512
  0.00167629 -0.00483941 -0.00183576 -0.00037718 -0.00176738  0.00079042
 -0.00087052 -0.00017031 -0.00149205]
[  5.16154250e-03  -3.71621603e-03  -1.11908964e-02   7.69264099e-04
  -4.90151427e-03  -2.29260725e-03   3.94789269e-03   8.20628812e-06
   9.33611278e-03   7.78578141e-03  -4.93179850e-03   4.81439299e-03
  -2.45250435e-03   2.70026981e-04   3.87934980e-03   8.25892109e-03
   3.74921032e-03  -2.39933731e-03   2.60988881e-03  -9.49986438e-03
   1.69098029e-03]
[ 0.01183994  0.01599825  0.00081694 -0.0136494   0.00452831 -0.01427787
  0.00134136  0.0010563  -0.00034523  0.00912834 -0.0052077  -0.01050923
  0.01589092  0.00084281 -0.01353292  0.02498836  0.00413466  0.00755234
  0.00918336  0.00749013  0.01486496]
[ 0.01035284  0.01369317  0.00207929  0.02414752  0.00062128 -0.00164452
  0.00697237 -0.00213008  0.01415915 -0.02624956 -0.00579348  0.00464298
  0.00739893 -0.00665389  0.00281756 -0.0224662   0.0162985  -0.00735979
  0.0032534  -0.01017614 -0.00129966]
[ 0.01023719 -0.00714914 -0.00656875 -0.00012121 -0.0076134  -0.00195166
 -0.01500892 -0.00239821 -0.01022757  0.00264617 -0.02066453 -0.00990389
 -0.00641882 -0.00702931  0.01833118 -0.00628031 -0.00400845  0.00802644
 -0.00313768  0.00057253 -0.00240726]
[  1.41885994e-02  -1.07410261e-02  -1.97015649e-02   3.09092462e-03
  -1.11967024e-02  -1.09093487e-02  -1.30078028e-02   1.05404792e-02
   1.02554804e-02  -3.75358082e-03   1.23743383e-02   3.23941312e-03
  -4.08677201e-03   4.76492434e-03  -1.29648838e-02   8.13609776e-05
   4.12546261e-03   1.96735204e-03  -2.82882194e-03  -7.60666290e-04
  -2.24517866e-03]
[ 0.01700492  0.02292799  0.0012257  -0.00276669  0.01336684 -0.02936851
  0.00671779  0.00429731  0.00013535 -0.01251612 -0.00732582  0.01387238
  0.00758249 -0.0047266  -0.00025057 -0.0086939   0.03326438 -0.02084478
  0.0163139   0.01795884 -0.00140419]
[ 0.01218989 -0.00968098  0.00608509  0.0027804  -0.00751257 -0.01354752
 -0.01812394 -0.01920383  0.0097675  -0.00306897  0.00915213  0.00527978
 -0.00265308  0.02518854 -0.00717746 -0.00833437 -0.00336572  0.00692436
  0.01273047 -0.0056905  -0.00241952]
[ 0.00799642  0.01072531  0.00081924  0.02365068  0.00665474 -0.01905704
  0.00978722  0.00633658 -0.01613373  0.01032805  0.0053737  -0.00523692
 -0.00398055  0.00093245  0.00483306  0.00861194 -0.0110468  -0.00203305
 -0.00076106  0.01440868 -0.00653875]
[ 0.00432771  0.00585898  0.0001112   0.0015737  -0.00482296  0.01430212
 -0.00406178 -0.00729473  0.01249645  0.00391255 -0.00198662 -0.01972684
  0.00204675  0.00220948 -0.00441806  0.0049996   0.01275878 -0.00646496
 -0.00015674  0.00561058  0.00053866]
[ 0.01212623 -0.00953996 -0.00642593  0.00248115 -0.00332795  0.00206416
  0.00197456  0.01112881 -0.01134131  0.00048576 -0.00899301 -0.01023343
  0.01572248  0.01085151  0.0073194  -0.00973945  0.00394768  0.00934226
 -0.00677556  0.01340747 -0.02687282]
[ 0.01468866  0.01959045  0.00019781 -0.00605475 -0.00580644  0.01165977
 -0.0139065   0.00614026 -0.022264    0.0075679  -0.00121759  0.04514821
  0.01530034 -0.00060136 -0.0060702   0.01013557  0.00317528  0.00261296
  0.00212183  0.00364035  0.00997702]
[ 0.0112604  -0.00876238  0.01121466  0.00286262 -0.00832715 -0.00948546
 -0.00849989  0.02038446  0.01749973  0.00266491  0.00406857  0.00863583
 -0.00532709  0.01927881 -0.00541698 -0.00733088  0.00788038  0.00344087
  0.00311157  0.00342367 -0.01664771]
[ 0.01261757 -0.01018824  0.01731035  0.00045366  0.00026907 -0.0060004
  0.002419   -0.03809713 -0.00430047  0.01189025 -0.02862913  0.01010991
 -0.01130677 -0.02021287  0.001016    0.00016236  0.01038749  0.01529549
 -0.02060146  0.01019524 -0.01028932]
[ 0.00885833  0.01149721  0.00024468  0.024348    0.004274    0.01649386
 -0.00576946 -0.00368206 -0.00031742  0.0207808   0.00835818 -0.01253907
  0.00337601  0.00082135 -0.00384975 -0.00556226  0.01620879 -0.00294931
 -0.0009386  -0.00445948 -0.0049772 ]
[  2.97105405e-03   3.26678721e-03   6.35495593e-05  -9.13660036e-04
   3.50422105e-05   1.41861084e-03   7.39091558e-03   2.26560855e-04
   3.25609514e-03   1.62129527e-03  -9.96329381e-05  -7.27838117e-04
   1.23767357e-02  -3.78502564e-03  -2.65009668e-03  -1.76803578e-02
   3.48108982e-03   1.55231826e-04  -3.49231599e-03  -9.07556293e-03
  -5.52452477e-03]
[ 0.01418711 -0.0106938  -0.01390732  0.00076577  0.00643854  0.00516897
  0.01017831  0.00288514  0.00801445  0.0053879  -0.00891646  0.00516389
 -0.00120045 -0.00151261  0.00371057 -0.00643904 -0.00087193  0.00150665
  0.00414525 -0.00795647  0.01422383]
[ 0.0105691   0.01391886 -0.00062962 -0.0229882   0.01158595  0.00125109
 -0.01188402 -0.00337384  0.00518361  0.01724836  0.00051419 -0.0145747
  0.00584523  0.00591294 -0.00795658  0.01321512  0.00691652  0.01394824
 -0.00081229 -0.0132561   0.00260307]
[ 0.00419341 -0.00302693 -0.00612765  0.00351996 -0.00503491 -0.01065105
 -0.00736495 -0.00225311 -0.00385428  0.00390613 -0.01083504  0.00061586
 -0.00546036 -0.01197365 -0.0058235   0.00718277  0.00374436 -0.02017609
 -0.00396392 -0.00354169  0.00464048]
[ 0.01269119 -0.00999324  0.0218979   0.00260547  0.00360916 -0.00143871
  0.00037537  0.00334129  0.00209237  0.00208126 -0.00261504  0.00159954
 -0.0067334   0.00023741 -0.0106964   0.00331503 -0.00397252 -0.01859235
 -0.02050784  0.00044992 -0.00920728]
[ 0.01251948  0.01379437 -0.00352462 -0.02738654  0.04479888  0.00088705
 -0.02275163  0.00063343  0.01029903  0.01684386 -0.00133373 -0.00928081
  0.00531859 -0.00324088  0.00332671 -0.00132544 -0.01581438  0.00262397
  0.00193575  0.00398136 -0.01306711]
[  4.29650366e-03  -3.41153117e-03   5.72207032e-03  -1.26621723e-03
   2.39621605e-03   2.64185925e-03   7.74318590e-03  -2.19184297e-03
  -7.69723597e-04  -6.74906360e-04   2.45792481e-03   2.67907194e-03
  -2.76240930e-05  -1.77832302e-03  -5.68788323e-03   5.48542182e-03
   5.56973957e-03  -1.49507241e-03  -7.76037525e-03   2.59124424e-03
   1.07077704e-03]
[  9.01390083e-03  -6.81225583e-03  -1.29307573e-02  -3.21777340e-05
   1.84369930e-03   3.25223979e-03   2.40459635e-02   3.20602068e-03
   3.17336970e-02   1.61249244e-02   2.57675967e-02   1.94513339e-02
   1.95650235e-03  -2.05169156e-02   1.20062109e-03   9.88427979e-03
  -1.23456573e-02   2.13687141e-03   2.71606988e-04  -3.08634984e-03
  -1.11298106e-03]
[  5.04787328e-03  -4.02536774e-03   8.56105887e-03   1.45759212e-03
  -1.97840318e-03  -3.36419163e-03  -2.81756714e-03   4.73080840e-03
   6.22295560e-03   2.34702663e-03   3.95361589e-03  -4.45116931e-05
  -1.85091866e-03  -1.18869391e-02  -1.34549874e-02   4.59128886e-04
  -5.82211463e-03   2.57745337e-03   2.66892010e-03   7.03554977e-03
   2.61368750e-03]
[ 0.0035178   0.004612    0.00064843  0.00565754 -0.00470344  0.00161218
  0.0007      0.00167091 -0.00270498 -0.00771997 -0.00521677  0.00664236
 -0.00253709  0.0021654   0.00219807  0.01080437 -0.01991791  0.00456747
 -0.00271498  0.00266336  0.0001987 ]
[ 0.00554656 -0.0043856   0.00796907  0.00220632 -0.00301102  0.00025533
  0.00138474  0.01984169  0.00646766  0.01018232 -0.00549239 -0.00218827
 -0.00057283  0.00768055 -0.00685127 -0.00544465 -0.0079468   0.0020877
  0.01153306  0.00232865 -0.00939766]
[ 0.01783476  0.02362302  0.00128112  0.00248588 -0.00424753 -0.0062563
  0.01297688 -0.00127526  0.02159143 -0.03579818 -0.01027445 -0.00982323
 -0.01637829 -0.00485113  0.0104213  -0.00717946 -0.01562859 -0.00548763
 -0.00063138  0.00764638 -0.00760033]
[ 0.01656367 -0.01295618  0.02469892 -0.00714139  0.01610266  0.01595046
  0.01450735  0.01251634 -0.00525295 -0.01701445  0.02738855 -0.00192234
 -0.01353857 -0.0133712  -0.01914099  0.02640771 -0.00930641 -0.020097
  0.00826487 -0.02448416 -0.03254904]
[ 0.01190954  0.01573209  0.00087564  0.00568013 -0.00953006  0.01518114
  0.00035005 -0.00437542  0.0030537   0.00371051  0.00357055 -0.01219682
 -0.00979467  0.00203328  0.00771904 -0.01688712 -0.01091974 -0.01575179
  0.00049494  0.01070556 -0.01772205]
[  1.61754331e-03  -1.11975414e-03  -1.58578382e-03  -7.10054024e-04
   2.74208042e-03   6.33721435e-04  -3.81613825e-03   3.56555616e-03
  -7.94251025e-04  -4.08848096e-03   1.09743441e-03  -6.57334791e-04
  -5.26479412e-04   6.85177782e-03  -4.86086879e-03  -2.28945636e-03
   3.52818455e-04   7.77340764e-05  -2.93570118e-03  -2.18051193e-04
   5.38102184e-03]
[  5.59405571e-03  -4.44661572e-03  -1.10388373e-03  -1.91704168e-03
   2.11792878e-03   5.35542496e-03   1.37972826e-02  -3.88722175e-04
   2.00327817e-06   9.39685179e-04  -5.47038568e-03   4.70359591e-03
  -1.75434395e-04   7.10549099e-03   1.25172587e-02   6.51191955e-03
   1.19030044e-02  -3.88800386e-03  -9.59726214e-03   5.96726359e-03
   1.69544843e-03]
[ 0.01423629 -0.01077967 -0.02059256 -0.00199579  0.00113307  0.01065663
  0.00169117  0.00563798 -0.00684767 -0.01238044 -0.00213721 -0.0013652
 -0.00898078 -0.01200581  0.00218204  0.01114556  0.02184134  0.02160899
  0.00572525 -0.01488154 -0.00270949]
[  8.64157666e-03   1.09159550e-02   1.05121096e-03   1.22786909e-02
   1.91570815e-03   6.96607631e-03  -2.25637482e-03   1.46850614e-03
  -2.71240684e-03   1.21892658e-02  -1.07768798e-05  -7.18788249e-03
   9.85922420e-03   4.86944448e-03  -4.71432843e-03   4.00649558e-03
  -1.37915092e-02   1.65116928e-02  -6.74480820e-03  -1.61124097e-02
  -4.53594407e-03]
[ 0.0080046  -0.00626709  0.0081477   0.00036013 -0.00255683 -0.00264012
 -0.00372051 -0.00087738  0.00655298 -0.00061408  0.00836454 -0.00149619
  0.0025941   0.00376049  0.00569767 -0.00447994 -0.0040396   0.00869466
  0.00537314  0.00445304  0.01255365]
[  1.86599326e-02   2.48649560e-02   7.78517704e-04  -6.65840322e-03
  -2.17050444e-02   4.08234402e-03  -1.24203935e-03  -3.11123745e-03
  -2.36438014e-02   1.38075641e-02   1.99830910e-02   5.24648415e-03
  -3.99772320e-02  -3.35480981e-03   7.93846582e-03  -6.05270782e-03
   2.98881923e-04  -4.26959798e-03  -1.45221238e-03  -4.42851327e-05
   1.27160622e-02]
[  5.27445803e-03   6.47172421e-06  -4.76717953e-03  -9.10574199e-03
   7.37650189e-03   1.67420966e-03  -7.08381250e-03   1.62739700e-03
   1.01698581e-03  -7.51799343e-03   3.31081346e-03   2.01362396e-03
  -1.58402424e-02  -2.43159279e-03   1.05650992e-02  -4.79740379e-03
  -6.54103714e-04   2.89650778e-03  -1.98886386e-03  -2.91740206e-03
   5.19818388e-03]
[ 0.01268953 -0.01029931  0.0146247  -0.00247741 -0.00132636  0.0019341
  0.00182104 -0.00047598 -0.01205436 -0.01390302  0.01147069 -0.00359306
  0.00751749  0.02837757 -0.00211191  0.01691661  0.01630109 -0.02105687
 -0.00115427 -0.00651115 -0.00741212]
[ 0.00498254  0.00136772 -0.00200612 -0.00064717  0.03122278  0.00503084
 -0.01219264 -0.00077098  0.00844064 -0.00012059  0.00123618  0.00077818
 -0.00439635 -0.00080576  0.00858029 -0.00748587 -0.01067412 -0.00198082
 -0.00077125 -0.00534658 -0.0023351 ]
[ 0.01422967 -0.0107742  -0.0216042   0.00516964 -0.016482   -0.01429693
 -0.0212511   0.01582127  0.0203284   0.00025697  0.01838274  0.0092418
  0.00019213 -0.02180795 -0.00076738  0.01289078  0.01396525  0.00079072
 -0.01965099 -0.00387625 -0.01398163]
[  1.11978477e-02  -9.12098727e-03   1.77522817e-02  -6.57299149e-04
  -1.13617892e-03   5.40869395e-03   8.59501525e-03   1.49815187e-02
  -3.36644183e-03   4.18255757e-03  -6.72323871e-03  -4.51894869e-03
   6.74499400e-03   2.15408874e-03  -2.33573723e-05  -4.46769362e-03
   2.94082889e-03  -5.94288559e-04  -2.47664593e-03   1.25404996e-02
   1.72307978e-02]
[  1.11904338e-02  -8.82026898e-03   1.58956519e-02  -3.86401971e-03
   5.02490970e-03   4.45188433e-03   5.37724617e-04   4.21613331e-03
  -2.36405436e-05  -1.03795560e-02   1.72608402e-02  -1.37835906e-03
   1.17602062e-02   1.26752572e-02   2.75649118e-02  -4.98509011e-04
   7.26438814e-03  -1.02235782e-02  -1.46835465e-02  -6.06809467e-03
   3.21745686e-02]
[ 0.0053594  -0.00386386 -0.00266713  0.00183871  0.00250986 -0.0052682
 -0.0066244  -0.01145468 -0.00542992 -0.00279831  0.01050536 -0.00369769
  0.00979995 -0.00687521 -0.00844146 -0.0074964  -0.01097434 -0.01400886
 -0.00467754 -0.00386433  0.01380214]
[ 0.0096252  -0.00774511  0.00800142 -0.00233914 -0.0007145   0.00382519
  0.00074376  0.00171928 -0.00121662 -0.00781679  0.00719568 -0.00063678
 -0.00074273 -0.0035656   0.00372315  0.00498017  0.00869163  0.01046456
  0.01055168 -0.00540014  0.02114029]
[ 0.01306887  0.01705169 -0.00099427 -0.02019456 -0.02069889  0.00385929
  0.00570886 -0.007742    0.01063183 -0.0006678   0.00419283 -0.02528524
 -0.01721581  0.0065854   0.00420456  0.00767394  0.00103482  0.00070868
 -0.01057207  0.00187987  0.00816128]
[ 0.01356636 -0.01053776  0.00785581 -0.00371811  0.0114986   0.01278334
  0.01556417  0.00747173  0.00476937 -0.00703186  0.01365799  0.00209254
  0.0077333   0.00467641  0.00897356 -0.00566092  0.00390653  0.00850419
 -0.02916667  0.01605418  0.021264  ]
[ 0.0070236  -0.00547448 -0.01009055  0.00117431 -0.00579641 -0.00622193
 -0.01218123  0.00874812 -0.00522677 -0.00191725 -0.00208187 -0.00906511
  0.00907595 -0.00979496  0.00908484  0.00045495 -0.00326621 -0.00140744
 -0.01470596  0.00017912 -0.01100094]
[ 0.01509891  0.02039078  0.00123507 -0.01611674 -0.00195157 -0.0194771
  0.0120753   0.00467181 -0.01628034  0.01454726  0.00553066  0.00256778
  0.01432812  0.00686273 -0.00640506 -0.00140307  0.0035739   0.00812936
 -0.0052879  -0.01233565 -0.00428429]
[  9.81355507e-03  -7.65486847e-03   1.09066892e-02  -8.95597232e-06
  -3.11507637e-03   1.20553240e-03  -2.12990087e-03   7.67157449e-03
  -2.26845621e-03   2.27982991e-03  -5.32398984e-03  -5.91216965e-03
   5.88225638e-03  -6.40935459e-04   7.27002996e-03  -9.08212764e-03
   3.49064713e-03   1.82522273e-02  -3.99659128e-03   1.38035002e-02
  -1.22702715e-02]
[ 0.01764959 -0.01337245 -0.00716817  0.00173454 -0.010002   -0.00562639
 -0.01843841  0.01232688 -0.00922468 -0.0076478  -0.00431762 -0.0058417
 -0.0029158  -0.00274729 -0.01956596 -0.00982396  0.0064832   0.01335083
 -0.00613356  0.0171384  -0.00098772]
[  8.52636199e-03  -6.56577449e-03  -9.34809502e-03  -1.73056679e-04
  -6.63027269e-03   2.17701235e-03   3.63964233e-03   4.26323441e-03
   5.82009625e-03   8.54211063e-04   1.55105620e-02   7.88890695e-05
   1.39869890e-02   3.23349009e-03   1.46837671e-02  -3.44350228e-03
  -3.38850377e-03   7.16619683e-03   1.43039808e-02   1.11300836e-02
   4.05873172e-03]
[ 0.01563827 -0.01216746 -0.00558484 -0.00265113  0.00063212 -0.00070836
 -0.00467435 -0.01385891 -0.01308641 -0.01172367  0.00133039 -0.00499065
 -0.01094013  0.01363595 -0.01692959  0.00889752 -0.00602201 -0.01621783
  0.02405666 -0.00427974 -0.00219679]
[ 0.012459   -0.00923349 -0.02506498  0.00113711  0.00352293  0.00105904
  0.00293411 -0.01302462 -0.00529962 -0.00050753 -0.01069944 -0.00244045
 -0.00179675 -0.0004436  -0.00283544  0.00011144 -0.00017965  0.00249596
  0.00078606  0.00029944  0.00897499]
[  2.91315685e-03  -1.87977846e-03  -4.69985743e-03  -2.12018868e-03
   8.75141312e-03   4.04488917e-03   4.38148423e-03  -4.35683829e-04
  -1.17230960e-03  -2.20932472e-03  -5.31744426e-03  -2.40205631e-05
  -7.63486223e-03  -7.03272670e-04  -8.62997709e-03  -3.11319092e-03
  -6.10680159e-04   2.14909033e-03   3.40125752e-04  -4.81448347e-03
  -5.15277758e-03]
[ 0.00898151 -0.00727892  0.01204901 -0.0003092  -0.01054431 -0.005083
 -0.00606645  0.00778027  0.00525963  0.01662986 -0.01699652 -0.00145914
  0.00213143 -0.00435665  0.03179895  0.0032475  -0.00523594 -0.00190248
  0.0273936  -0.01678489 -0.00789562]
[ 0.01195776 -0.00941753  0.01266532 -0.00111473 -0.00139904  0.00606698
  0.00997561  0.01838964  0.00395276  0.01387253 -0.01125779 -0.00170949
  0.00505959 -0.00378065  0.00720068 -0.0024343  -0.00586072 -0.00643207
  0.00792253  0.00755018 -0.00156949]
[ 0.01360583  0.01837452  0.00107568 -0.02654557 -0.02532678 -0.01076415
  0.02441983 -0.00155647  0.00810658 -0.02346249 -0.00203111 -0.00416579
 -0.00762293 -0.00866325  0.00298262 -0.02852149 -0.01313592 -0.00606239
 -0.00485732 -0.01210456 -0.00274675]
[ 0.01984717  0.02616127  0.00184917  0.03274336 -0.00977107  0.02534866
 -0.00573638 -0.00153197 -0.0184859   0.00893066  0.00126689  0.02819995
  0.02192162  0.00620916 -0.00982554 -0.01057612  0.00194062  0.02185413
 -0.01355829 -0.05462192  0.00172462]
[ 0.00953725 -0.00726539 -0.01273775 -0.00293545 -0.00315911  0.00498126
  0.00383158  0.00426494 -0.00432701 -0.00739534  0.00515179 -0.0006984
  0.00244651  0.01519028  0.01252726  0.00622101  0.00972361  0.00557134
  0.00853623  0.00480991 -0.00572112]
[ 0.01237672 -0.00934131 -0.01871507  0.00277514 -0.00040504 -0.00575305
  0.00625569 -0.02984383 -0.00399645  0.00936474 -0.01335198  0.00323493
  0.00708304  0.01350239  0.00058339 -0.01161639 -0.01135109 -0.00034705
  0.00217153  0.00903951  0.00035429]

Right eigenvectors

[ 1.         -0.80660444 -1.19433906  0.38485537 -0.12459534 -0.44754669
  1.15612619 -1.53558203  0.78659657  1.62908682 -1.69631937  1.0747403
 -0.50843344  2.32458919 -1.52518449 -1.23127476 -1.1254132  -1.54106207
  0.17373659 -0.28955338  1.5166381 ]
[ 1.         -0.81239583  1.68871122 -0.00308651  0.09024064 -0.10432656
  0.20227368  0.56825418  1.13194034  0.94627203 -0.42808891  0.57890699
 -0.52403149 -0.23291708 -0.66853443  0.02180355 -0.38553321 -0.47044532
  0.18133369 -0.2853425   0.28127069]
[ 1.          1.32699562  0.02145933  0.49842234  1.02167179 -2.27350952
  0.59079382  0.68942692 -0.85088288 -0.52214403 -0.41524729  0.81088773
  0.56741633  0.56295325 -0.01739695  2.09041464 -1.06974772  1.25893067
 -0.22166789  0.03178797  0.35972735]
[ 1.          0.69396569 -0.73994099 -2.38032967  3.37334735 -0.25772124
 -1.54145348 -0.04758725  0.51656801 -1.55604442 -0.73497289  0.18044647
 -0.42944343  2.35870802  0.62142623  1.88432155 -1.17615875  0.49764169
 -1.04590598  1.21807173 -0.19405392]
[ 1.         -0.80718275  1.94989249 -0.15752188 -0.26089883 -0.45359664
 -1.02809556 -1.48799084 -0.67714234 -0.13006469  0.02194152 -0.59413903
  0.88639321 -2.13898306  1.54478281 -0.32292832 -0.35186998  1.28188625
  0.6933554   0.32823381  1.13000927]
[ 1.         -0.77115637 -1.03882463 -0.25034614  0.91328991  1.21641645
  0.84602476  0.47086363 -1.15550764 -0.7911102  -0.38186752 -0.42994077
 -0.60594156  0.167065   -1.29416653 -0.76829755 -0.2166413   0.77027411
 -0.68732142  0.06046497  0.72933285]
[ 1.          1.30790673  0.00458044  0.65214235  0.79432599  1.10855646
 -1.26338081  0.02055033  0.82221803 -1.17809958 -0.80328444  1.75228932
  0.66406618 -0.74530824  0.14026241  0.0400337   0.72723832 -1.05171769
  0.94283361  1.47297742 -0.20047383]
[ 1.          1.28182501 -0.03260303  0.08825971 -0.33542839  1.20060507
 -0.38699321 -0.13436905  0.37577037 -0.58617981 -0.49266875  0.17898029
  0.06409597  0.1228233   0.26408165 -0.00822079 -1.03725036 -0.25297531
 -0.29464226  0.1761033  -0.40511586]
[ 1.         -0.72926545 -2.41460409  0.21706149  0.25391822 -0.57783833
 -0.07295449 -0.02555079  1.52141891  1.33357485 -0.08047387  0.50145326
  0.34451578 -0.39640956  1.12373885  0.52191941 -0.77855913 -1.86074119
 -2.66413449 -0.27777374  0.78317994]
[ 1.         -0.75522673 -0.70692029  0.24371613  0.26851757  0.12107057
  0.37799235  0.27472847 -0.73630567  0.06313927 -0.18498886 -0.79048221
  0.45923278  0.64800058 -0.30311822 -0.66185215 -0.81098279 -0.80465505
  0.78793602  0.39012864  1.06752281]
[ 1.          1.37219565  0.10452647 -2.398416   -1.77894405 -0.84659185
  1.12118934 -0.51002459  2.0560457  -1.01499282 -1.72595902 -2.52761079
  2.11236169 -0.02530207 -1.5075306   2.24474095  0.1082929   0.28835599
  0.04578424 -0.46502816  1.01043051]
[ 1.          1.2961823   0.16586681  4.22839561  1.40178054 -1.54588459
  0.74102321  0.14621779  1.60759103 -1.60850469 -0.53125371 -1.73557533
 -0.57187382 -0.06354956 -0.04469891  1.48814382  0.78049402  0.92257787
  0.96589121  1.11173181  1.15169993]
[ 1.         -0.69061221 -1.00741039  0.43155317 -0.08143066 -0.03058335
  1.31556531  0.08760069  0.19438454  1.03258074  0.51640744 -0.22775711
  0.36066946  2.34426078 -1.7270897  -1.78999727 -1.75741438 -0.58041554
  1.66365163  1.56421087 -0.17727059]
[ 1.         -0.77616276  1.58467051 -0.24560878  0.40800031  0.32452508
 -0.0522788  -0.79671889 -0.35029935 -0.68126252  0.90225271  0.11312259
  1.45308874  0.65059931  4.15606287  1.70067905  0.72148249 -1.80966809
  1.01367007 -1.48184061 -0.32850678]
[ 1.         -0.74548544  0.72787647 -0.17628531  0.62632808  1.37237627
  2.03503838 -0.8849005  -1.23895103 -0.23729496 -1.15359656  0.08542303
  0.21118676 -0.93987662  0.79113703 -0.03113267  0.83338885  1.0095204
  0.31024769 -0.46235169  0.23006103]
[ 1.         -0.79050367  1.44235291 -0.26192066  0.73107698  0.52529959
  0.2788487   0.41743041  0.55432876  0.30203429 -1.61332602  0.71742098
 -1.86648011  0.43099746  0.35897998  0.31005026  0.51473247 -0.0240759
 -0.26099302 -2.3879119   0.94403395]
[ 1.         -0.77047315 -2.32922622  0.55981095  0.41676504 -0.20667294
 -1.87311615  2.91313684 -0.7803034   0.59112162  1.1014023  -2.84167964
  4.77484297 -3.2433309   2.7006715  -2.56728558 -4.89978519 -2.74336558
  1.10651302  0.58181132  4.44393759]
[ 1.         -0.80549042  1.45333576 -0.05087208  0.26117298  0.2613092
  0.61479792  0.06703588 -0.05780357  0.10470101  0.70001102 -0.02038224
  0.8088147  -0.18904229 -0.5007578   0.2696251  -0.32038029 -0.22718103
 -1.56667499  1.6045904  -1.80995123]
[ 1.         -0.77865599 -1.02519888  0.34483332 -0.60120922 -0.83485268
  0.01751106 -0.06197092  0.00906609  1.49423256 -0.92534401 -0.04234119
  0.36666627 -1.49489922  1.41905246  0.29012115 -1.18374575 -1.5699711
 -1.73335471  0.47899255 -0.17629737]
[ 1.          1.37666286  0.17461563  6.6335349  -2.2992408   7.6317969
 -2.96942689 -1.63358615  2.53522919 -0.9991674  -1.54403414 -0.59204954
  0.40836645  0.29441773 -0.92853868  5.05871398 -0.71532494 -0.66164791
  0.75423308  3.50071003  1.96276831]
[ 1.         -0.79288654 -1.38151707  0.19820292 -0.75013395 -0.24750254
  0.35137358  0.25865718 -0.17516591  0.14843484 -0.06703978  0.08474737
 -0.33101418 -1.50534997 -0.01921366  1.33702421  0.56563811 -0.84065185
  2.83334198 -0.66219371 -0.15938024]
[ 1.          1.3397616   0.08684964  0.78022624 -0.47947713 -0.31018572
  0.41680902  0.28899169 -0.49533005 -0.43556439 -0.17135781  0.07022214
 -0.31038017  0.17160934  0.11366033  0.86260624 -1.47143216  0.77310593
 -0.29741397 -0.09835917  0.17659932]
[ 1.         -0.77630344  0.95374106  0.1790132  -0.91443315 -1.31585233
 -2.44723283 -1.58249891  0.48191255 -1.76710376  2.66164755  0.23893776
 -0.06034997 -0.02037143 -1.69539002 -0.78780502  0.30718638  1.54411566
  0.83421472 -0.19230568  0.51258446]
[ 1.          1.34590144 -0.00346985 -2.20588979 -0.40035767  0.8830011
 -0.9809608   0.16702268 -1.56242251  2.64649579  0.82286353  1.58295561
  0.86782167 -0.62718887 -0.92126001 -0.49649282  2.12992378 -1.49603826
  1.10550858  1.87495613  0.30622607]
[ 1.         -0.76461178 -1.01119657  0.25823175 -0.30301278 -0.67770699
  1.5065688  -3.70105513  2.80053858  1.85702139  1.9967427   2.28079161
  1.18291265  0.92490099  1.26299501  2.00864794 -0.26308857 -1.37507901
 -2.708816    0.55566841 -0.83810828]
[ 1.         -0.8044343   1.04732693  0.18710197 -0.58159294 -0.57277028
 -0.72088503  0.2750636   0.32303076  0.63930342 -0.73720867  0.00167108
 -0.29657652  0.40040586 -0.357945   -0.28825301 -0.70583765 -0.49756943
  1.31207981 -0.59736023  0.69837841]
[ 1.          1.30491539 -0.01813766  0.90794066 -0.10361166 -1.23728418
  0.97397864 -0.1120921  -0.59802998  2.09134436  2.16391723 -2.76577715
 -2.72003356  0.16042745  0.6854574  -0.32582079  1.07391147  0.48853382
 -0.38150801 -0.30932517  0.3123956 ]
[ 1.          1.37117386  0.09247061 -2.54048682 -0.5941879   1.27179234
  0.05803627 -0.79332693  3.68463336 -1.43207074 -2.47043526 -2.1997148
  4.62196883 -0.5239467  -1.83773492 -0.08551234  0.18790938  0.15738512
 -0.10624511 -1.97588211 -1.19318279]
[ 1.          1.18595504 -0.25182278  0.11085553  4.5668654  -1.57831424
 -1.39944944 -0.47580971  1.50578378 -1.15139196 -0.7407994  -0.09224375
 -2.6524517  -1.77832625  0.36379855 -0.63545867  2.49945537 -1.85688143
  2.71765967  1.8874741   0.06891814]
[ 1.         -0.78183474  0.08727983 -0.08006803 -0.12025709 -0.56785175
 -0.47513554 -3.10744873 -1.11606512 -0.51438051  0.27477187  0.04004161
  0.41912751  1.61733176  1.19862974  0.77017477  0.37930858 -0.49020774
 -0.02426036 -0.56786326 -3.04900663]
[ 1.         -0.74180178 -1.51843203 -0.2408728  -0.4164594  -0.41252085
 -1.74473152  2.01625197  0.31744582 -0.65642804 -0.78785699 -0.0077893
 -0.46183535  1.54060742  0.33006162  0.0567992   1.26772008  0.36273294
 -1.85936715  0.51262427 -0.26132979]
[ 1.          1.31887194  0.08676829 -0.66320108 -0.71048807 -0.79748198
  0.48392131  0.42035835 -0.51628388 -0.90502746 -0.11601706  1.67990134
 -0.20843441 -0.04557078  0.2936346  -0.65534174  0.25534579 -0.42573586
  0.05054611  0.29444684 -0.30817262]
[ 1.          1.20040112 -0.01779147  2.38203055  2.45850675 -1.32978985
 -0.02535324  0.15299792  0.17335766  0.54382827  0.83418884 -0.25705434
  0.41081681 -0.05594543  0.60403764 -1.89410796  1.65558887 -0.23739113
 -0.12258606 -0.9577123   0.35329761]
[ 1.         -0.78392873 -1.36551812 -0.02909151  0.2387082   1.03816309
  0.52096161  1.76224946 -1.2077837  -0.90336144 -0.18550608 -0.81982795
 -0.66093341 -1.06279352 -0.52233501  0.89156498  0.77614005 -0.35689097
  0.6248898  -1.73407355 -0.90040786]
[ 1.         -0.77851378 -0.71508775  0.15196611 -0.22288312 -0.25916944
 -0.83448459 -0.41526019 -0.34896188 -0.68444708  1.0448598  -0.45537628
  0.78702662 -0.36232025 -0.05052559 -0.36132054 -0.67498264  0.186863
  0.46801936 -0.32097668  0.23032257]
[ 1.         -0.7769497  -1.08679243 -0.21402268  0.71956525  0.96027515
  1.99676694 -1.26262783 -0.44402635 -0.28511127  0.57845995  0.27464238
 -0.02915657 -1.11863449 -0.35021177  0.08951603  0.43555965  1.8692075
  1.73897272  1.21271095 -0.65093334]
[ 1.         -0.66154851  0.65445102  0.19751683  0.17145287 -0.54831225
 -1.23472911 -2.03327661  0.86913313 -0.078961    0.12223234  1.01365394
 -0.97478421  2.01950285 -0.69382705  0.11631019  0.57557361  1.17447301
  0.32844229 -2.62513904  0.22994069]
[ 1.         -0.7851205   1.48940076  0.21930204  0.01074099 -0.37322487
 -0.36735055 -0.46748743  0.5979785   0.45063798 -1.19079731  0.63819836
 -1.46282031 -0.81783528 -1.75882659 -0.59556379  0.55952897  1.36024946
 -1.41580369  0.68407275  0.52655167]
[ 1.          1.1736019  -0.17216712 -1.48993956 -1.30876523  2.68410043
 -1.30589944 -0.15865144 -0.2854839   0.10502968  0.97476745  0.933502
 -2.00099896 -0.02336508  0.64653171 -0.33639312 -1.42651616 -0.13926002
  0.11069339  0.88038713 -0.08692762]
[ 1.         -0.80330939  1.18542914  0.12033874  0.82038893  0.3475543
  0.77314313 -0.64975093 -2.64042308 -0.80097559  0.51958384 -1.54760872
  1.02721427 -1.12431347 -0.98887503  0.44884171 -1.24310332 -3.02955861
 -0.64529849 -0.22256333 -0.04223517]
[  1.00000000e+00  -6.99710867e-01  -1.39146837e+00   1.33245223e-01
  -1.02355668e-02   1.20502647e+00   1.49003688e-03   2.31483514e+00
  -3.08641578e+00  -4.31535643e-02  -2.23943834e+00  -1.79876593e+00
   6.11886705e-01  -1.94779364e+00  -1.76285772e-01  -1.84384135e-01
  -1.09551720e-01  -1.54218990e+00  -5.42555807e-01  -9.00416311e-01
   9.66321412e-01]
[  1.          -0.82301914   1.10926245   0.81599543  -2.04572224
  -3.19919742  -6.79800963  -1.94972722  -1.75493808  -3.51059524
   6.90369712  -3.31292603   4.19090156 -12.09899748  -4.58957892
  -0.94299714  -4.41863834   1.97612754  -2.17638794  -0.42578941
  -3.73027215]
[  1.00000000e+00  -7.19981678e-01  -2.16813024e+00   1.49037637e-01
  -9.49621993e-01  -4.44170954e-01   7.64866838e-01   1.58989064e-03
   1.80878348e+00   1.50842145e+00  -9.55489276e-01   9.32743070e-01
  -4.75149502e-01   5.23151716e-02   7.51587301e-01   1.60008778e+00
   7.26374010e-01  -4.64848893e-01   5.05641253e-01  -1.84050880e+00
   3.27611424e-01]
[ 1.          1.35120994  0.06899824 -1.15282664  0.3824607  -1.20590673
  0.11329091  0.08921488 -0.0291581   0.77097841 -0.43984129 -0.88760826
  1.34214509  0.07118362 -1.14298886  2.11051379  0.34921317  0.63787
  0.77562561  0.63261514  1.25549308]
[ 1.          1.32264893  0.20084276  2.33245477  0.06001048 -0.15884731
  0.6734745  -0.20574851  1.36765943 -2.53549504 -0.55960275  0.44847378
  0.71467639 -0.64271158  0.27215383 -2.17005244  1.57430348 -0.71089633
  0.31425224 -0.98293257 -0.125537  ]
[ 1.         -0.69834986 -0.64165546 -0.0118403  -0.74370033 -0.19064386
 -1.46611756 -0.23426477 -0.99906016  0.25848596 -2.0185741  -0.96744266
 -0.62701015 -0.68664401  1.79064599 -0.61347983 -0.39155753  0.78404722
 -0.30649771  0.0559262  -0.23514876]
[ 1.         -0.75701806 -1.38854896  0.21784565 -0.78913373 -0.76888129
 -0.91677849  0.74288369  0.72279723 -0.26454907  0.87213247  0.22831099
 -0.28803209  0.33582767 -0.9137536   0.00573425  0.29075897  0.13865724
 -0.19937288 -0.05361109 -0.15823822]
[ 1.          1.34831474  0.07207929 -0.16269942  0.78605678 -1.72705907
  0.3950499   0.25270998  0.00795962 -0.73602933 -0.43080562  0.81578623
  0.44589983 -0.27795476 -0.01473529 -0.51125754  1.95616146 -1.22580874
  0.95936341  1.05609647 -0.08257555]
[ 1.         -0.7941811   0.49919132  0.22809064 -0.61629499 -1.11137308
 -1.48680039 -1.57539004  0.80127859 -0.25176383  0.75079708  0.43312748
 -0.21764574  2.06634635 -0.58880396 -0.68371186 -0.27610739  0.5680415
  1.04434638 -0.46682108 -0.19848596]
[ 1.          1.34126334  0.10245143  2.95765893  0.83221434 -2.38319637
  1.22394975  0.79242689 -2.01761939  1.29158372  0.67201352 -0.65490855
 -0.49779184  0.1166088   0.6044026   1.07697433 -1.38146772 -0.25424505
 -0.09517457  1.80189137 -0.81770925]
[ 1.          1.35382859  0.02569549  0.36363354 -1.11443546  3.30477523
 -0.93855099 -1.68558449  2.88754064  0.90406796 -0.45904558 -4.55825789
  0.47293938  0.51054245 -1.02087523  1.15525234  2.94815715 -1.49385068
 -0.03621852  1.29643093  0.1244668 ]
[ 1.         -0.78672088 -0.52991975  0.20461001 -0.2744425   0.17022276
  0.16283402  0.91774659 -0.93527047  0.04005871 -0.74161615 -0.84390848
  1.29656801  0.8948793   0.60360024 -0.80317203  0.32554904  0.77041715
 -0.55875212  1.1056581  -2.21609005]
[ 1.          1.33371217  0.01346654 -0.41220534 -0.39530097  0.79379407
 -0.94675046  0.4180271  -1.51572661  0.51522044 -0.0828931   3.07367718
  1.04164279 -0.04094065 -0.4132576   0.69002644  0.21617198  0.17788989
  0.14445325  0.24783396  0.67923271]
[ 1.         -0.77815854  0.99593786  0.25421963 -0.73950728 -0.8423732
 -0.75484764  1.81027781  1.55409404  0.23666228  0.36131671  0.76692025
 -0.47308155  1.71208863 -0.48106454 -0.65103143  0.69983083  0.3055729
  0.27632832  0.30404457 -1.47842882]
[ 1.         -0.80746448  1.37192455  0.03595467  0.02132464 -0.47555932
  0.19171654 -3.01937204 -0.34083196  0.94235663 -2.26898932  0.80125671
 -0.89611347 -1.60196217  0.08052275  0.01286808  0.82325578  1.2122373
 -1.63275987  0.80801925 -0.8154756 ]
[ 1.          1.2978982   0.02762109  2.7485987   0.48248348  1.86196061
 -0.65130278 -0.41566083 -0.03583309  2.34590515  0.94353915 -1.41551157
  0.38111157  0.09272053 -0.43459046 -0.62791331  1.82977887 -0.33294209
 -0.10595689 -0.50342249 -0.56186666]
[ 1.          1.09953813  0.02138957 -0.3075205   0.01179454  0.47747729
  2.4876409   0.07625605  1.09593938  0.545697   -0.03353454 -0.2449764
  4.16577264 -1.27396728 -0.89197188 -5.95087045  1.17166829  0.05224807
 -1.1754468  -3.054661   -1.85944943]
[ 1.         -0.75376874 -0.98027835  0.0539761   0.45382995  0.36434251
  0.71743348  0.20336323  0.56491018  0.37977443 -0.62849023  0.36398434
 -0.08461568 -0.10661866  0.26154482 -0.45386549 -0.06145906  0.10619819
  0.2921839  -0.56082399  1.0025883 ]
[ 1.          1.31693874 -0.05957188 -2.17503818  1.09620994  0.11837259
 -1.12441209 -0.31921768  0.4904492   1.63196086  0.04865068 -1.37899141
  0.55304869  0.55945556 -0.75281509  1.2503547   0.65441003  1.31971847
 -0.07685532 -1.25423179  0.24629024]
[ 1.         -0.72183037 -1.46125634  0.83940391 -1.20067202 -2.53995023
 -1.75631593 -0.5372982  -0.91912825  0.93149207 -2.58382522  0.14686432
 -1.30213009 -2.85535076 -1.3887281   1.71287085  0.89291485 -4.81138052
 -0.94527479 -0.84458387  1.10661297]
[ 1.         -0.7874152   1.72544037  0.20529754  0.28438326 -0.11336282
  0.02957736  0.26327593  0.16486819  0.16399282 -0.20605185  0.12603533
 -0.53055723  0.01870672 -0.84282101  0.26120746 -0.3130139  -1.46498037
 -1.61591096  0.03545142 -0.72548555]
[ 1.          1.10183233 -0.28153085 -2.18751371  3.57833295  0.07085344
 -1.81729743  0.05059541  0.82263977  1.34541165 -0.10653272 -0.74130948
  0.42482482 -0.25886682  0.26572231 -0.10586999 -1.26318115  0.20959093
  0.15461885  0.31801298 -1.04374196]
[ 1.         -0.79402496  1.33179691 -0.29470875  0.55771303  0.61488584
  1.80220628 -0.51014572 -0.17915116 -0.15708269  0.57207558  0.62354699
 -0.00642944 -0.41390004 -1.32383996  1.2767176   1.29634233 -0.3479742
 -1.80620706  0.60310533  0.24922056]
[ 1.         -0.75575003 -1.43453512 -0.00356979  0.20453956  0.3608027
  2.66765344  0.35567517  3.52052875  1.78889526  2.858651    2.15792633
  0.2170539  -2.27614171  0.13319662  1.09655963 -1.36962427  0.237064
  0.03013201 -0.34239891 -0.12347385]
[ 1.         -0.79743835  1.69597341  0.28875371 -0.39192806 -0.66645723
 -0.55816915  0.93718842  1.2327876   0.46495356  0.78322408 -0.00881791
 -0.36667297 -2.35484104 -2.66547647  0.09095492 -1.15337971  0.51060184
  0.52872169  1.39376513  0.51777993]
[ 1.          1.31104509  0.18432748  1.60826039 -1.33704045  0.45829178
  0.19898662  0.47498568 -0.76894042 -2.19454435 -1.48296377  1.88821271
 -0.72121458  0.61555388  0.62484101  3.07134192 -5.66203296  1.29838724
 -0.77178411  0.75710963  0.05648272]
[ 1.         -0.79068809  1.43675721  0.39778052 -0.54286296  0.04603385
  0.2496579   3.57729324  1.16606582  1.83578963 -0.99023365 -0.39452735
 -0.10327596  1.38473933 -1.23522724 -0.98162491 -1.43274244  0.3763948
  2.07931679  0.41983739 -1.69432156]
[ 1.          1.32454937  0.0718327   0.13938419 -0.23816041 -0.35079218
  0.72761731 -0.07150426  1.2106372  -2.00721351 -0.57609131 -0.55079096
 -0.91833536 -0.27200408  0.58432519 -0.40255442 -0.87629938 -0.30769306
 -0.03540164  0.42873472 -0.42615254]
[ 1.         -0.78220507  1.49115051 -0.43114766  0.97216785  0.96297881
  0.87585376  0.75565056 -0.31713683 -1.02721523  1.65353162 -0.11605777
 -0.81736551 -0.80726117 -1.15560097  1.59431561 -0.56185686 -1.21331844
  0.49897596 -1.47818486 -1.96508655]
[ 1.          1.32096543  0.07352391  0.47693945 -0.80020412  1.27470454
  0.02939272 -0.36738764  0.25640818  0.311558    0.29980629 -1.02412211
 -0.82242264  0.17072714  0.64813926 -1.41794942 -0.91689059 -1.32261993
  0.04155861  0.89890641 -1.48805508]
[ 1.         -0.69225605 -0.9803656  -0.43897064  1.69521299  0.3917802
 -2.3592186   2.20430337 -0.49102304 -2.5275867   0.67845751 -0.40637848
 -0.32548088  4.23591615 -3.00509344 -1.41539107  0.21811994  0.04805687
 -1.8149135  -0.13480393  3.32666323]
[  1.00000000e+00  -7.94882273e-01  -1.97331559e-01  -3.42692633e-01
   3.78603449e-01   9.57342086e-01   2.46641852e+00  -6.94884348e-02
   3.58108371e-04   1.67979231e-01  -9.77892600e-01   8.40820356e-01
  -3.13608595e-02   1.27018595e+00   2.23759994e+00   1.16407842e+00
   2.12779512e+00  -6.95024158e-01  -1.71561791e+00   1.06671508e+00
   3.03080362e-01]
[ 1.         -0.75719665 -1.44648349 -0.14019047  0.07959006  0.74855387
  0.11879286  0.3960284  -0.48100115 -0.86963954 -0.1501239  -0.09589557
 -0.63083686 -0.84332383  0.15327321  0.78289785  1.53420116  1.51788055
  0.40215907 -1.04532392 -0.19032293]
[  1.00000000e+00   1.26319020e+00   1.21645737e-01   1.42088549e+00
   2.21685027e-01   8.06111730e-01  -2.61106845e-01   1.69934978e-01
  -3.13878699e-01   1.41053726e+00  -1.24709648e-03  -8.31779057e-01
   1.14090572e+00   5.63490283e-01  -5.45540313e-01   4.63630162e-01
  -1.59594826e+00   1.91072687e+00  -7.80506667e-01  -1.86452199e+00
  -5.24897741e-01]
[ 1.         -0.78293649  1.01787699  0.0449898  -0.31942047 -0.32982519
 -0.46479599 -0.10960929  0.81865133 -0.07671618  1.04496713 -0.1869167
  0.32407631  0.46979098  0.71179969 -0.5596705  -0.50465926  1.08620752
  0.67125597  0.55630977  1.56830416]
[ 1.          1.33253193  0.04172136 -0.3568289  -1.16318986  0.21877593
 -0.06656183 -0.16673358 -1.26708932  0.73995788  1.07090906  0.28116308
 -2.14241031 -0.17978681  0.42542843 -0.32436922  0.01601731 -0.22881101
 -0.07782517 -0.00237327  0.68146346]
[  1.00000000e+00   1.22699321e-03  -9.03823578e-01  -1.72638439e+00
   1.39853267e+00   3.17418329e-01  -1.34304083e+00   3.08542980e-01
   1.92813328e-01  -1.42535847e+00   6.27706855e-01   3.81768884e-01
  -3.00319812e+00  -4.61012824e-01   2.00306821e+00  -9.09553884e-01
  -1.24013446e-01   5.49157424e-01  -3.77074545e-01  -5.53118830e-01
   9.85538960e-01]
[ 1.         -0.81163821  1.15250092 -0.19523274 -0.10452424  0.1524173
  0.14350767 -0.03750964 -0.94994511 -1.09562931  0.90394912 -0.28315161
  0.59241636  2.2362975  -0.16642968  1.33311585  1.28460919 -1.65938919
 -0.09096206 -0.51311205 -0.58411319]
[ 1.          0.27450237 -0.40262981 -0.12988731  6.26643403  1.00969231
 -2.44707172 -0.15473545  1.69404289 -0.02420249  0.24810171  0.1561809
 -0.88235061 -0.16171633  1.72207034 -1.50242023 -2.14230266 -0.39755128
 -0.1547896  -1.07306214 -0.46865569]
[ 1.         -0.75716426 -1.5182508   0.36330012 -1.15828445 -1.00472725
 -1.49343579  1.11185073  1.428593    0.01805855  1.29186021  0.64947402
  0.01350196 -1.53256947 -0.05392792  0.9059084   0.98141786  0.05556852
 -1.38098758 -0.27240642 -0.98256873]
[ 1.         -0.81453039  1.5853298  -0.0586987  -0.10146404  0.48301192
  0.76755958  1.3378927  -0.30063294  0.37351442 -0.60040455 -0.40355511
  0.60234736  0.19236632 -0.00208588 -0.39897789  0.26262448 -0.05307168
 -0.2211716   1.11990268  1.53875979]
[  1.00000000e+00  -7.88197233e-01   1.42046789e+00  -3.45296685e-01
   4.49036184e-01   3.97829468e-01   4.80521690e-02   3.76762276e-01
  -2.11256722e-03  -9.27538301e-01   1.54246390e+00  -1.23172978e-01
   1.05091602e+00   1.13268685e+00   2.46325676e+00  -4.45477824e-02
   6.49160547e-01  -9.13599807e-01  -1.31215168e+00  -5.42257321e-01
   2.87518510e+00]
[ 1.         -0.72094912 -0.49765414  0.34308208  0.46831065 -0.98298328
 -1.23603381 -2.13730667 -1.01315707 -0.52213121  1.96017465 -0.68994443
  1.82855293 -1.28283094 -1.57507437 -1.39873854 -2.0476812  -2.61388494
 -0.87277282 -0.72103848  2.57531401]
[ 1.         -0.80467038  0.83129966 -0.2430221  -0.0742326   0.39741424
  0.07727182  0.17862296 -0.1263994  -0.81211788  0.74758743 -0.06615777
 -0.07716542 -0.37044446  0.38681324  0.51740996  0.9030085   1.08720519
  1.09625613 -0.56104232  2.19634909]
[ 1.          1.30475605 -0.07607936 -1.54524113 -1.58383169  0.29530388
  0.43682899 -0.59239976  0.81352355 -0.05109886  0.32082566 -1.9347684
 -1.31731451  0.50389952  0.32172333  0.58719262  0.07918171  0.05422661
 -0.8089505   0.14384301  0.62448253]
[ 1.         -0.77675612  0.5790651  -0.27406799  0.84758186  0.94228202
  1.14726197  0.55075394  0.35155843 -0.51833058  1.0067543   0.15424468
  0.57003503  0.34470614  0.66145664 -0.4172764   0.28795712  0.62685859
 -2.14992582  1.18338123  1.56740588]
[ 1.         -0.77944055 -1.43666468  0.16719517 -0.82527655 -0.88586074
 -1.73432887  1.24553264 -0.74417243 -0.27297245 -0.29641033 -1.29066419
  1.29220759 -1.39457861  1.29347459  0.06477397 -0.4650334  -0.20038705
 -2.09379262  0.0255025  -1.56628352]
[ 1.          1.35048087  0.08179859 -1.06741116 -0.12925267 -1.28996755
  0.79974685  0.30941411 -1.07824662  0.96346467  0.36629559  0.17006388
  0.94895067  0.45451819 -0.42420717 -0.09292542  0.23669944  0.5384072
 -0.35021758 -0.81698959 -0.2837481 ]
[  1.00000000e+00  -7.80030113e-01   1.11139023e+00  -9.12612429e-04
  -3.17425882e-01   1.22843597e-01  -2.17036625e-01   7.81732455e-01
  -2.31155396e-01   2.32314375e-01  -5.42513880e-01  -6.02449327e-01
   5.99401169e-01  -6.53112409e-02   7.40815119e-01  -9.25467640e-01
   3.55696494e-01   1.85989962e+00  -4.07252138e-01   1.40657490e+00
  -1.25033909e+00]
[ 1.         -0.75766358 -0.4061378   0.09827668 -0.56669887 -0.31878277
 -1.04469328  0.69842291 -0.52265709 -0.43331336 -0.24463    -0.33098194
 -0.16520497 -0.15565729 -1.10857863 -0.55661133  0.36732866  0.75643867
 -0.34751873  0.97103651 -0.05596287]
[ 1.         -0.7700558  -1.09637557 -0.02029666 -0.77762036  0.25532723
  0.42686932  0.50000626  0.68260018  0.10018471  1.81913013  0.00925237
  1.64044044  0.37923444  1.72216088 -0.40386536 -0.39741496  0.84047532
  1.67761829  1.3053731   0.47602151]
[ 1.         -0.77805647 -0.35712617 -0.16952811  0.04042131 -0.04529657
 -0.29890477 -0.88621755 -0.83681979 -0.74967797  0.08507288 -0.31913083
 -0.69957423  0.87196035 -1.08257445  0.5689579  -0.38508174 -1.03706028
  1.53831962 -0.27367102 -0.1404755 ]
[ 1.         -0.74111017 -2.01179714  0.09126813  0.28276174  0.08500232
  0.23550112 -1.04539895 -0.42536474 -0.04073624 -0.85877244 -0.19587871
 -0.14421328 -0.03560452 -0.22758161  0.00894483 -0.01441956  0.20033382
  0.06309183  0.0240338   0.72036184]
[ 1.         -0.64527197 -1.6133211  -0.72779764  3.00409952  1.38849
  1.50403307 -0.14955728 -0.40241898 -0.75839539 -1.82532027 -0.00824554
 -2.62082085 -0.24141257 -2.96241415 -1.06866574 -0.20962831  0.73771871
  0.11675504 -1.65266881 -1.7687951 ]
[ 1.         -0.81043383  1.34153516 -0.03442593 -1.17400223 -0.56594103
 -0.67543733  0.86625422  0.58560701  1.85156705 -1.89239094 -0.16246066
  0.23731268 -0.48506941  3.54049112  0.36157637 -0.58296931 -0.21182142
  3.04999981 -1.86882747 -0.87909783]
[ 1.         -0.78756586  1.05917162 -0.09322196 -0.11699861  0.50736759
  0.83423738  1.53788262  0.33056017  1.16012776 -0.94146322 -0.14296093
  0.4231219  -0.31616675  0.6021761  -0.20357484 -0.49011821 -0.53789923
  0.66254279  0.63140388 -0.13125322]
[ 1.          1.35048938  0.07906015 -1.95104403 -1.86146538 -0.79114283
  1.79480697 -0.11439712  0.5958171  -1.72444441 -0.14928203 -0.3061766
 -0.56026941 -0.63673118  0.21921654 -2.09627024 -0.96546293 -0.44557315
 -0.35700323 -0.88965982 -0.20188037]
[ 1.          1.31813554  0.09317062  1.6497744  -0.49231528  1.27719262
 -0.28902775 -0.07718834 -0.93141216  0.44997118  0.06383245  1.42085478
  1.10452106  0.31284877 -0.49505985 -0.53287812  0.09777836  1.10112065
 -0.68313463 -2.75212574  0.08689487]
[ 1.         -0.76179097 -1.33557789 -0.30778791 -0.33123927  0.52229457
  0.40174907  0.44718757 -0.45369563 -0.77541609  0.54017572 -0.07322855
  0.25652115  1.59273076  1.31350793  0.65228512  1.01953926  0.58416576
  0.89504107  0.5043291  -0.59987082]
[ 1.         -0.7547486  -1.51211875  0.22422239 -0.03272625 -0.46482813
  0.50544033 -2.41128733 -0.32290052  0.75664155 -1.07879798  0.2613725
  0.5722869   1.09095009  0.0471363  -0.93856799 -0.91713199 -0.02804026
  0.1754529   0.73036382  0.02862526]
