Cluster centers 

[-0.76822661 -1.06375123  0.583366   -1.31857767]
[-0.78126905  0.46371321  1.27945254  0.21187038]
[ 1.37661818 -0.08064509  0.09252976  0.9341295 ]
[-0.79373885  1.7280657  -1.46149799 -0.7586401 ]
[-0.55488181 -1.02955578 -0.22477432  1.37694719]
[-0.71132334 -1.67107316 -1.7570817  -0.87294202]
[ 1.4530471  -0.10345379  0.60940069 -0.5217556 ]
[ 1.42516444 -0.51019447 -0.89600365 -2.16144569]
[-0.6296623   0.72017019 -0.73484406  1.10913197]
[ 0.95884013  0.96388725 -1.46196684  1.84702077]
[-0.76059365 -1.08163092  0.33602466  0.22960952]
[ 1.4461058  -0.41142663 -0.24086113 -1.25368238]
[-0.77511788  1.19775673  0.65571357 -0.40689465]
[ 1.2758438   1.09761211 -0.64691329  1.35726009]
[ 0.91185806 -0.83995488 -1.17080037  1.63714184]
[-0.70206716 -1.48459731 -0.81587913 -0.06812278]
[-0.68068553  0.34919809  2.17755444 -0.52893895]
[-0.78320162  1.2765251  -0.51045274 -0.06794614]
[-0.72895425  0.53662116  0.08668165  0.9048424 ]
[-0.79291979  1.30416883 -0.11527416 -0.27868128]
[ 1.33741349 -0.62775405 -0.79357304  0.29986445]
[-0.80372271  1.92729062 -1.75506    -1.18533393]
[-0.77973068 -0.01648446  1.14625146  0.57826702]
[ 1.4075944  -0.23368547  0.40304069 -1.54340525]
[ 1.30201677 -0.19661117  0.59453682 -2.23925685]
[-0.67147859 -0.5559897   0.38138735  1.2898531 ]
[-0.54234157  1.1661751  -1.89636447  0.7925938 ]
[-0.76901093 -1.67319365 -2.2272805  -1.7583971 ]
[ 1.45811167  0.14244384  0.77287132  0.16184231]
[-0.78376505 -1.21228111  0.14177744 -0.37111492]
[-0.69018398  1.71530203  0.67501053 -1.31822041]
[-0.78883202  0.99522941  0.45872559  0.01232769]
[-0.772753    1.80375054 -2.09891631 -0.78149528]
[ 1.41380595 -0.69515023 -1.26170951 -1.0946902 ]
[ 1.09284318  0.40705191 -0.64923811  1.96202119]
[ 0.72517016 -1.24530105 -1.90417282  1.2616193 ]
[ 1.41802218  1.51340108  1.14948591 -0.2808695 ]
[-0.77986196 -1.51360173 -1.02474884 -1.08915326]
[ 1.40916794  1.63546567 -0.5072654   0.55721737]
[ 0.73586944 -0.34722165 -0.86627274  2.24972722]
[-0.70338649 -0.61818652  1.66678423 -1.05022364]
[ 0.71886879  1.52414691  2.42408372 -1.4689584 ]
[-0.42739354 -0.36362109 -0.31958912  1.96297033]
[ 1.45002196 -0.28196623  0.11371597 -0.25526908]
[ 1.41202792 -0.33258707 -0.10156619  0.29332012]
[-0.77239615  1.38988071 -0.98651129 -0.12489994]
[-0.78427959  0.6261834   0.77450537  0.36647012]
[ 1.39179906 -0.52170325 -1.44876664 -3.01287791]
[-0.79162921  2.40227206 -2.23755384 -2.36383053]
[-0.78957949 -1.05363021  0.62456805 -0.65436568]
[-0.71818717 -0.8618959   0.43699548  0.84930754]
[ 1.4380012  -0.50510657 -0.49220797 -0.59041958]
[-0.59601109 -1.65365512 -1.57645049 -0.00381319]
[ 1.42337633  0.43613874  1.47285588 -0.38921957]
[-0.7613059  -1.36570198 -0.35771552 -0.31424415]
[-0.78865084  1.61288795 -0.2627889  -0.841958  ]
[-0.76779407  0.18508734  1.66538554  0.07911434]
[-0.78043377  2.16026611 -3.3282383  -1.57277854]
[ 1.34422321  0.55926755  0.0340019   1.33622527]
[ 0.81458359  1.60199707 -2.86334463  1.13188592]
[-0.65163589  0.26441486 -0.06012656  1.34576353]
[-0.79438131 -1.30957889 -0.18107273 -1.00553467]
[-0.77274343 -0.57400397  0.99858827  0.53868998]
[-0.73826419  1.49512562 -1.63496353 -0.13570315]
[ 1.42370193  0.01797436  1.00688774 -0.86139772]
[ 1.36478697 -0.36599984 -0.26427836 -2.47494678]
[-0.74256661  0.00984163  0.66670142  0.98433919]
[-0.75373218  1.96289384 -0.44317908 -1.53277472]
[-0.73820704  0.93124549  1.39718733 -0.38595034]
[-0.74583097 -1.52883804 -0.99753756 -0.61645722]
[ 1.18996376 -0.32131558 -0.28810164 -3.50663355]
[-0.79885924  1.86530749 -1.02304509 -1.19379893]
[ 1.28029721  1.5810248  -1.30911804  0.93399307]
[ 1.24670975 -0.33109371 -0.42270338  1.30323657]
[ 0.08116378 -1.18936054 -1.25224668  1.90591508]
[-0.79562066 -1.50179572 -1.21660333 -1.68201059]
[-0.77542129  2.18381514 -1.34383358 -1.888109  ]
[ 1.35431939 -0.09085836  0.9201672  -1.63942846]
[ 1.43853252  1.49590495  0.09892633  0.45473301]
[-0.55484958 -1.38871306 -0.76394151  0.86098572]
[-0.60905976 -0.04034965  2.43813493 -0.92154572]
[-0.56048889 -1.82368853 -2.79378145 -0.77547427]
[ 1.45004146 -0.27165749  0.22918436 -0.86390176]
[-0.75681884  0.97603518 -0.30381177  0.4166338 ]
[-0.76883238 -0.7148072   1.35058351 -0.50839175]
[ 1.40874128 -0.36670225 -0.14104978 -1.91035779]
[-0.7775413  -0.41461654  1.50546245  0.03373279]
[ 1.45847291  0.81765536  0.86792037  0.48305118]
[-0.22185323  0.39762637 -1.28567613  2.00032823]
[-0.6924599  -1.23512385 -0.16799209  0.54220955]
[-0.58673135  1.62236621 -2.91892361 -0.00500021]
[ 1.306428    0.05829201  1.38979514 -1.57516057]
[ 1.41371075  2.25393005 -0.8096049  -0.47638099]
[-0.78556594 -0.8771315   0.85663424  0.00491389]
[-0.37130274 -1.63461675 -1.72278138  0.75030143]
[-0.77030106  0.75574543  0.22327076  0.50705971]
[-0.69150035  1.10070531 -1.09289212  0.5482697 ]
[-0.79750077  1.58303369 -0.79135591 -0.61608604]
[-0.7510021   1.57382894  0.39742156 -0.97158428]
[ 1.43198151  0.2764123   0.52127242  0.75860447]

Populations

0.0075523230657
0.0112757725977
0.0207185294114
0.00477903822438
0.00781312065951
0.00804156132751
0.0145677398222
0.00776760074144
0.00980009883802
0.00857253826257
0.0142003213285
0.0145622050948
0.0124904258705
0.00889099138018
0.00839505200882
0.0110587763217
0.00366410131488
0.00933854464394
0.0123024290097
0.0144187336103
0.0164446332739
0.00639113710458
0.0151052335128
0.0106734971896
0.00680536465235
0.0122790824656
0.00573773836169
0.00640853318986
0.0262003803658
0.0164418405036
0.00482148307636
0.013264753743
0.00499568448545
0.00770446701156
0.0124127092013
0.0039996244801
0.00591948517557
0.00711441518905
0.00236674716501
0.0067257383035
0.00508040135246
0.00324528576258
0.00534436878997
0.0213166646919
0.0270328730255
0.0104994927412
0.0157108426613
0.00386728816162
0.00179783102288
0.0171617336409
0.0171887422666
0.0186767713374
0.00808765736482
0.0124599715633
0.0108337601041
0.00792984207364
0.0116197362452
0.00160431784458
0.0160129352664
0.00295659823143
0.0105271023934
0.0123338891479
0.0161128776719
0.00885134570126
0.0118039640984
0.00409940847157
0.0198275549009
0.00479928600252
0.0132324775047
0.00803177539301
0.00297682554402
0.00706202182236
0.00441985273384
0.0164473793468
0.00666447886645
0.0071197509797
0.00250336604844
0.00619874382405
0.00564985989819
0.00876942004882
0.00323137145905
0.00440243561835
0.0215939791772
0.0129858351223
0.0107778995452
0.00746135253692
0.0198943845244
0.0131133713518
0.00259768864308
0.0148506761805
0.00208547777702
0.0056475765677
0.00267316417413
0.0153200134218
0.00278379843966
0.0118179881896
0.0104239550868
0.0100890727924
0.00784036976668
0.0225286430952

State labels

0
1
2
3
4
5
6
7
8
9
10
11
12
13
14
15
16
17
18
19
20
21
22
23
24
25
26
27
28
29
30
31
32
33
34
35
36
37
38
39
40
41
42
43
44
45
46
47
48
49
50
51
52
53
54
55
56
57
58
59
60
61
62
63
64
65
66
67
68
69
70
71
72
73
74
75
76
77
78
79
80
81
82
83
84
85
86
87
88
89
90
91
92
93
94
95
96
97
98
99

Eigen values

1.0
0.952692066029
0.261346181536
0.216121804259
0.208335634446
0.201006037159
0.194038852781
0.187511533134
0.17735768458
0.174453958758
0.171871097253
0.167977797897
0.159251755205
0.154693751493
0.148497106141
0.138900636316
0.138413711526
0.130396060557
0.129556544761
0.122691586601
0.120430863012

Left eigenvectors

[ 0.00755232 -0.00641339 -0.00531732 -0.01222116  0.0097394  -0.00759548
  0.00141572 -0.0017338   0.00485115 -0.00252997  0.00613233 -0.01374998
  0.00424611  0.01157392 -0.01330267  0.00460653 -0.00034034  0.00448407
 -0.00017919  0.00564124 -0.00168584]
[  1.12757726e-02  -8.99932259e-03  -1.15333637e-03  -1.49729279e-02
   9.74937452e-03  -7.91445436e-03  -6.58743430e-04   5.10803892e-03
  -1.78327519e-02   1.21339715e-02   2.69705622e-03   2.02540403e-03
  -8.06353025e-03  -8.03990004e-03   1.89537113e-02   2.00670702e-02
   1.62585415e-02   2.22068799e-05  -7.54268602e-03  -8.31753752e-04
  -1.67183902e-03]
[ 0.02071853  0.02522824  0.00085621 -0.0219131  -0.00575555  0.03426557
 -0.00385134  0.00685612 -0.01174305 -0.00096166 -0.00227652 -0.00650716
  0.00940271 -0.00496261  0.00748497 -0.02596716  0.01309729  0.00488096
 -0.00356398  0.01183717 -0.01715943]
[  4.77903822e-03  -4.15641137e-03   6.70270112e-03   3.42695865e-03
  -1.93681613e-03   5.54293023e-04  -3.88929495e-04  -7.67617681e-04
  -4.38047843e-03   2.66509187e-03   3.05431379e-03  -3.76431651e-05
  -2.19602485e-03  -1.19447474e-03   5.43975936e-04  -1.16794947e-04
  -2.22488047e-03   1.16384923e-02  -2.80765684e-03  -3.97021593e-03
  -6.45019948e-03]
[ 0.00781312 -0.00628241 -0.00508275 -0.00141511  0.00508776 -0.00257979
  0.00351711  0.00209564  0.00201171  0.00978958 -0.00422789 -0.01738704
 -0.00038317  0.01763122 -0.01502064  0.00090452  0.0034421  -0.00486411
 -0.00166958  0.00013643 -0.01450977]
[  8.04156133e-03  -6.40709186e-03  -1.94581325e-02  -1.45984132e-02
   1.15603991e-02  -7.86604925e-03   9.83749376e-03   8.37061500e-03
   9.36151161e-03  -2.73583405e-03  -2.10548216e-03   8.22319602e-05
   4.90781216e-04  -2.44063935e-03   1.29793384e-02  -9.71097388e-03
   3.14932445e-03  -6.21296699e-03  -1.00865769e-03   3.99426336e-04
   2.55517765e-04]
[ 0.01456774  0.01788957 -0.00128621  0.00077339 -0.00839    -0.00669582
  0.01310389 -0.01957884  0.01205696  0.01726993  0.01192335  0.01510305
 -0.0002509  -0.00681616 -0.01143779  0.02394266 -0.00673434 -0.00789552
 -0.01257656 -0.00047704 -0.00526659]
[ 0.0077676   0.00966226  0.00100367 -0.00638415 -0.01050572 -0.00229947
  0.00593461 -0.00266314  0.0029507  -0.00496753  0.00051095  0.0074195
 -0.01616499  0.00302544 -0.00452533 -0.0011225   0.00482155 -0.00082542
 -0.00507571  0.00469054 -0.00402224]
[  9.80009884e-03  -8.22358518e-03   3.24406744e-03   1.78749993e-02
  -2.13773637e-02   1.28939311e-02  -2.53942293e-02  -2.02897042e-02
   1.63048663e-03  -1.03311553e-02   4.81042876e-03  -4.11012791e-03
   8.36359515e-04   1.50539368e-02   5.66328454e-03  -6.40543193e-03
  -2.56158867e-03   8.62528666e-05  -1.42465457e-02   8.54668291e-03
   9.40439868e-04]
[ 0.00857254  0.01019381 -0.00207313 -0.0072304  -0.00152218  0.00686447
 -0.00942761  0.0079696   0.0085047   0.00936076  0.01349725  0.01263785
 -0.00264427  0.00477375 -0.00058301 -0.0205205   0.01821443  0.0081713
  0.0159276   0.00463194 -0.01405025]
[ 0.01420032 -0.01217342 -0.01672923  0.0212961  -0.01827238  0.00868759
 -0.00583966 -0.00226995  0.01269492 -0.01420928 -0.00976213  0.00396911
  0.00156884  0.01432528  0.00730907  0.00039194  0.00259257 -0.01409598
  0.00245438  0.00243408 -0.02540899]
[ 0.01456221  0.01787641 -0.0008572   0.02011669  0.00262236 -0.03304577
 -0.01590374  0.01069736  0.00850995  0.01344238  0.01251578  0.00283095
  0.01837942 -0.00660262 -0.00187473  0.00262602 -0.00756347 -0.00287602
 -0.00569949  0.00134126 -0.00735474]
[ 0.01249043 -0.01100103  0.02097048  0.01220309 -0.00940976  0.0073029
 -0.00282112 -0.00165815 -0.00645482 -0.00118707  0.01696041 -0.00202061
 -0.00091226  0.0003508   0.00234493  0.02687142  0.00707027 -0.00043886
  0.01529263  0.01572994  0.01044519]
[  8.89099138e-03   1.05950625e-02  -1.13969462e-03   3.13160592e-03
  -1.64923752e-02  -2.93047760e-02  -8.43983291e-03   1.63957260e-02
   1.99457579e-03   7.56794028e-04   1.26131367e-03   1.49536516e-03
  -2.72760996e-03   6.76862838e-03  -2.31388631e-04  -1.57539195e-05
  -7.71147443e-04   1.95234049e-03   8.88909124e-03  -9.69348606e-03
   3.11623549e-03]
[ 0.00839505  0.00883223  0.00131276  0.00327772  0.01408675  0.00814709
  0.00593908 -0.00201078 -0.01465497 -0.01784332 -0.00888278 -0.01014698
 -0.00031025 -0.00640961 -0.00153696  0.00436399 -0.0093087  -0.00944419
 -0.01855593 -0.00264181 -0.00081686]
[ 0.01105878 -0.00951526 -0.02417087 -0.01702156  0.00991485 -0.0068685
  0.00548491  0.00065689  0.00762645 -0.01838431  0.00954639  0.00277331
  0.00518118 -0.00860365  0.01906526  0.00350851 -0.00330186  0.01221789
 -0.00488211 -0.01368856 -0.01097306]
[ 0.0036641  -0.00299643 -0.00437227  0.01151164 -0.00771462  0.00471856
 -0.00478135 -0.00550265 -0.00521421  0.00084414 -0.00185146  0.00110285
 -0.000552    0.00350092  0.00369417 -0.00709291 -0.0058424  -0.00951514
  0.00353885  0.00037531 -0.00448056]
[ 0.00933854 -0.00808587  0.02050582  0.01109314 -0.00342271  0.00591548
  0.01036994  0.01077101  0.01036615  0.00527511 -0.00235861 -0.00269712
  0.00432572 -0.00162975 -0.00897424 -0.00248597  0.00601615  0.0177311
 -0.00920988 -0.02128875  0.0066839 ]
[ 0.01230243 -0.0108425   0.00491012 -0.00225977  0.00235374 -0.00165704
  0.00565539  0.01152264  0.01252452  0.01677828 -0.00444772 -0.011164
 -0.01293925 -0.01007321  0.00187131 -0.00268176  0.00498841 -0.00521533
 -0.0073919   0.01623204  0.01027201]
[ 0.01441873 -0.01228147  0.02568584  0.00532341 -0.00622095  0.0061859
  0.00173256  0.00626707  0.02033665 -0.0116367   0.00056353  0.0016876
  0.00993668 -0.00464203 -0.00014748  0.01864459  0.01511936 -0.01148019
  0.00934978  0.00180696  0.00280525]
[ 0.01644463  0.01876474  0.00194093  0.0161589   0.02196655  0.00550816
 -0.00256784  0.0041581  -0.0111676  -0.01087964 -0.01883322 -0.02363408
  0.00740757 -0.0014455   0.00172403  0.01988067 -0.00655552 -0.00015976
  0.01552113 -0.00718742  0.01774234]
[ 0.00639114 -0.00569003  0.00477201  0.00604671 -0.00230601  0.00435552
  0.0067881   0.00989509 -0.0006443  -0.00458936 -0.0102062   0.02295846
  0.00956119 -0.00391087 -0.00618115 -0.00052848 -0.00104306  0.03454521
 -0.01317503 -0.0128438  -0.00160211]
[ 0.01510523 -0.01259736 -0.00476889  0.00536955 -0.00173899  0.00459145
  0.00746715  0.01097614  0.0008057   0.00456058  0.00245036  0.00911645
 -0.00137741  0.0058861   0.0012041  -0.01550215 -0.00961009  0.00824523
 -0.0091648   0.02088041  0.01314391]
[  1.06734972e-02   1.30515336e-02  -2.32870526e-04  -4.59391986e-04
   8.25245464e-03   8.97122172e-03   1.37023974e-03  -2.60865000e-03
  -1.51187221e-03  -2.82195096e-05   2.62319207e-03  -4.26678517e-03
   4.72486595e-03  -4.40304894e-03  -6.44249284e-03   3.33234340e-03
   8.82672874e-04  -6.41575896e-03  -9.29189732e-04  -9.86778508e-03
   4.87838517e-03]
[ 0.00680536  0.00824001  0.00193656  0.00978804  0.01640945 -0.00288077
  0.01040127 -0.01284747 -0.0023586  -0.01332662 -0.00761056 -0.00103954
 -0.01089363  0.00186618  0.00325776  0.00012203 -0.0017507  -0.00406543
 -0.00898079 -0.00420235  0.00728652]
[ 0.01227908 -0.00954368 -0.00568367  0.01759214 -0.00934959  0.00875734
  0.00065558 -0.00189086 -0.0047264  -0.01195045  0.01424809  0.00598499
  0.00077277 -0.0050707   0.00449341 -0.00456614 -0.00270333  0.00880654
 -0.00284556 -0.00055475  0.01513063]
[ 0.00573774 -0.00478928  0.00071273  0.00437827 -0.00260263  0.00057099
 -0.0059532  -0.00886737 -0.00402538  0.0039375  -0.00456182 -0.00540895
  0.00205456  0.01356014 -0.00648521 -0.01533449 -0.00492328 -0.00382305
 -0.00468247 -0.01266756 -0.00520279]
[ 0.00640853 -0.00567846 -0.00875197 -0.0071893   0.00544481 -0.00436933
  0.00273116  0.00463718  0.00264394  0.00392946 -0.00982747  0.00536545
 -0.00092391 -0.00760674 -0.00074909 -0.0076198  -0.00147359  0.00625021
 -0.00636644  0.00283221  0.00438378]
[ 0.02620038  0.03220647 -0.00181171  0.0144292   0.01642528 -0.0177804
 -0.0143765   0.00228723  0.0131094   0.01837562  0.0177549   0.00865285
  0.01720529 -0.00756879  0.00133026 -0.00118777  0.00924722  0.00114889
  0.00648092  0.00113175  0.00560006]
[ 0.01644184 -0.01364914 -0.02129996  0.00124077  0.00031906  0.00035457
  0.00744342  0.00238771 -0.0018847   0.00398077 -0.00963349  0.00329208
  0.0059813   0.00481087  0.00650822 -0.01433556 -0.00321886 -0.01337544
 -0.00017213 -0.03114652 -0.00611476]
[  4.82148308e-03  -3.90164722e-03   1.33952877e-02   7.16669723e-05
   2.18656210e-03  -3.93877428e-04   2.21748071e-03   3.52990135e-03
   4.67851171e-03   9.22334900e-05  -2.05504335e-03  -9.12878492e-03
   9.12109595e-04   3.35334786e-03  -7.39703074e-04   1.41727430e-02
   1.30505687e-02   1.46234435e-02  -5.25935529e-03   2.81743232e-03
  -4.76229963e-03]
[ 0.01326475 -0.01143217  0.02688448 -0.01140505  0.00134284 -0.00774127
 -0.01060321 -0.00811836 -0.00264453 -0.01477311 -0.00298622  0.01325803
  0.00272198 -0.00775617  0.00224611 -0.01386529 -0.01277852 -0.00710865
  0.01050179  0.00910358 -0.01302028]
[ 0.00499568 -0.00442334  0.00225134 -0.00272147  0.0027197  -0.00257478
 -0.00183596 -0.00215819 -0.0058111   0.00761645 -0.00790974  0.00694973
 -0.00245695 -0.00198757 -0.00810424 -0.00907662 -0.00878271 -0.01387566
  0.00884186  0.00078109  0.00284532]
[ 0.00770447  0.00920286 -0.00015866  0.01119301  0.00298621 -0.01259426
  0.00824584 -0.00627496 -0.00376609 -0.01584665  0.00573269  0.00228907
 -0.02074845 -0.00231456 -0.00780689 -0.02136199  0.02472642  0.00679748
  0.00278346  0.01087129  0.00053169]
[ 0.01241271  0.01268394  0.00076811 -0.00237959  0.00587473  0.00761947
 -0.01254711  0.00543342  0.00324867  0.007532   -0.0062787   0.00053047
 -0.00011574  0.01273387  0.00623064  0.00211946  0.00234459  0.01026178
  0.01573537  0.00390404  0.01457181]
[ 0.00399962  0.00370055 -0.00176264 -0.00594452 -0.00762772  0.00759991
 -0.00428544  0.00538453 -0.00578388  0.00155927 -0.00406568 -0.00113141
  0.00116996 -0.00172138  0.00377949  0.0021572  -0.00363976 -0.00022262
 -0.01184911  0.00866291 -0.00277227]
[ 0.00591949  0.00721695  0.00139164 -0.00352438 -0.01899139 -0.01086888
  0.01410533 -0.00980106 -0.00114696  0.01046563 -0.01155957 -0.00723402
  0.0207323  -0.00013496  0.01759354 -0.00373771 -0.00810073  0.00987868
  0.00639725  0.01100724 -0.00522333]
[  7.11441519e-03  -5.96920337e-03  -1.02474293e-02  -1.81469910e-04
  -3.23039046e-04  -8.37179854e-05   1.38569960e-03  -2.71884107e-03
  -8.08335733e-03  -4.36820209e-03   9.78977603e-03   7.00603827e-03
   7.56091742e-03   1.40371645e-02   4.10651366e-03   1.21612192e-02
   7.67966049e-03  -1.15977615e-02   4.99562165e-03   2.14190811e-03
   5.62539892e-03]
[ 0.00236675  0.00284097  0.00102234 -0.00272098 -0.00958478 -0.00976108
 -0.00114186  0.00680025 -0.00210162 -0.00335674 -0.00733363 -0.0036265
 -0.0015758   0.00688015  0.00561147  0.00342645 -0.00528963  0.00246575
  0.00572742 -0.00581793  0.00408116]
[ 0.00672574  0.00555915 -0.00254452  0.00649352  0.00245213  0.00685517
  0.02028109 -0.00666192 -0.0182001  -0.01543113  0.01136613 -0.00764279
 -0.00670624 -0.0188788  -0.02267796 -0.00814377  0.01163581 -0.00348283
 -0.00101312  0.00099274 -0.00833944]
[ 0.0050804  -0.00445005 -0.01134908 -0.00218027 -0.00097067 -0.00307648
 -0.0135112  -0.00848676 -0.00809247  0.00206248 -0.02248354  0.01201417
  0.00192242 -0.01062662 -0.00739837  0.01082566  0.01405662  0.00323959
 -0.00111044 -0.00467703 -0.0008459 ]
[ 0.00324529  0.00169164  0.00567654 -0.0026911   0.00420136 -0.00136205
  0.00357961 -0.00097787 -0.0039237  -0.00915947 -0.01372058 -0.00374266
 -0.0014158   0.00803787  0.01455639 -0.00404748  0.00023531  0.00378457
  0.00461283 -0.00227136 -0.00292031]
[ 0.00534437 -0.00398979 -0.00155932 -0.00387393  0.00328877 -0.00280726
 -0.00554773 -0.00633809 -0.00376618  0.00845974 -0.00926197 -0.003226
 -0.00687115  0.00448634  0.00382642 -0.00230154  0.00414005  0.00657236
 -0.00501848 -0.01372612 -0.00780353]
[ 0.02131666  0.02584124  0.00150878 -0.0186305  -0.0134715   0.02363631
  0.01848146 -0.01208051 -0.0054499  -0.00641628 -0.00607107 -0.00718104
 -0.00639223 -0.00368447 -0.00988717  0.0036674   0.00561576 -0.00302324
  0.00571966 -0.00583477  0.00991572]
[ 0.02703287  0.03267596  0.00096561  0.01845957  0.02939092 -0.00997548
  0.01754698 -0.05448734  0.03836357  0.02437804  0.00878355  0.04652878
 -0.03008996  0.03103518  0.01136328  0.01586831  0.00280073  0.00269368
  0.00439127 -0.0104782  -0.00623267]
[ 0.01049949 -0.00942746  0.01020864 -0.01881593  0.00784967 -0.01370829
 -0.01649317 -0.01441577 -0.0015487  -0.00648034 -0.01820416  0.0105279
  0.00901117 -0.00609882 -0.01066155 -0.00239016  0.01189415 -0.01310832
 -0.00244176 -0.0051598  -0.01586174]
[ 0.01571084 -0.01396907  0.02814161  0.01482473 -0.01246794  0.01142544
  0.00933578  0.01390433  0.03347698 -0.01385154  0.00415611  0.00169426
  0.01258347 -0.002971    0.01217223 -0.01766105  0.00812327 -0.02295226
 -0.01527786 -0.01300112  0.02578658]
[ 0.00386729  0.00474544 -0.00073534  0.01282492  0.01289636 -0.00934098
 -0.01157844  0.01049743 -0.00161165 -0.00383201  0.00491083 -0.00150814
  0.00421344 -0.00665759 -0.00313321  0.00213071 -0.00668892 -0.00421836
 -0.00934662  0.00053164 -0.00617416]
[ 0.00179783 -0.00160644  0.00276831 -0.00274198  0.00037694 -0.00200811
 -0.00362114 -0.0039228  -0.00505403  0.00598776  0.00660798 -0.00630274
 -0.00475054 -0.00144745  0.00511376 -0.00296821  0.00047393 -0.0014583
 -0.00541606 -0.00542289  0.00702869]
[ 0.01716173 -0.01415468 -0.02356122  0.00555398 -0.00360728  0.00138322
  0.0050673   0.00708297 -0.00226113  0.00958917  0.00055764 -0.00583032
 -0.00583092 -0.00359456  0.01374435  0.00087321  0.00807612 -0.00368694
 -0.00571058 -0.00985184  0.00286818]
[ 0.01718874 -0.01407333 -0.01103282  0.00087106  0.00025454  0.00041802
 -0.00604886 -0.0116468  -0.01572619  0.016993    0.00740663 -0.02019604
 -0.01073152  0.00170535 -0.01276192  0.01162121 -0.00490058  0.00691328
  0.00712434 -0.00632011  0.00397796]
[ 0.01867677  0.02275951  0.00017334 -0.00908564 -0.0083772   0.00453481
  0.00361951 -0.00173901 -0.00225128  0.01006908 -0.0020103  -0.00567983
  0.02965085 -0.01388107  0.0033801   0.00364919 -0.01961726 -0.01254005
 -0.02331222 -0.00528859 -0.00591549]
[ 0.00808766 -0.00623099 -0.00593292  0.00958837 -0.00470235  0.00699037
  0.00264447  0.00036067  0.00471127 -0.00100735 -0.00865596 -0.00394132
  0.00084876 -0.00994113 -0.00904114  0.01591565  0.00255281 -0.01198636
  0.02970042 -0.02027869  0.00107905]
[ 0.01245997  0.01513633 -0.00068679  0.00137226  0.00695685  0.00598226
 -0.00426965 -0.00249953  0.00992794  0.01120021  0.01024607  0.01239822
  0.00678588 -0.00692342 -0.00294295  0.00691536 -0.0122738  -0.00738536
 -0.01853375  0.00356957 -0.01216635]
[ 0.01083376 -0.00841097 -0.0176521   0.01658476 -0.00773258  0.00674317
 -0.00954105 -0.00049304 -0.01504807  0.00191854 -0.00688942  0.01724904
 -0.00534862 -0.00823843  0.01144779 -0.00108185 -0.00229964  0.010098
 -0.0119804   0.00293954 -0.00427844]
[ 0.00792984 -0.00709919  0.0146434  -0.01102111  0.00559023 -0.00697933
 -0.00450387 -0.0027785  -0.00445812  0.00599465  0.00305458 -0.0001505
 -0.0126706  -0.01786405  0.01052247 -0.00459226 -0.01124948 -0.00988474
  0.01171548  0.01032477 -0.00312428]
[ 0.01161974 -0.00976007  0.00901948 -0.00322469  0.00370852  0.00023273
  0.00543823 -0.00060939 -0.01166527  0.00542293  0.01523789 -0.00576643
 -0.01126299 -0.00193548 -0.00501235  0.00881788 -0.01978235  0.01391203
  0.01835424  0.00572338 -0.01913477]
[ 0.00160432 -0.00145741  0.00224695 -0.00610571  0.00123778 -0.00347601
 -0.00804662 -0.00686891  0.00561125 -0.00672117 -0.00553697  0.00108829
  0.00337551 -0.00743878 -0.00488554  0.00301027  0.00280175  0.0023303
  0.00159134  0.00191684 -0.00120068]
[ 0.01601294  0.01943056 -0.00206552 -0.02198076 -0.03128315  0.0085047
  0.00454342  0.00266308 -0.00893415  0.00700212  0.01263747 -0.00500012
  0.0157331  -0.01185946 -0.01481095 -0.00057103  0.01278296 -0.0074386
  0.00448732 -0.01713974 -0.00433515]
[ 0.0029566   0.00346215 -0.00135284  0.00811835  0.00862103 -0.00459835
 -0.00835725  0.00472798  0.00101813  0.00085482  0.00673144  0.00441651
  0.00167746 -0.00406063 -0.00176101 -0.00229393  0.00105207 -0.00113951
 -0.00495085  0.00012474 -0.0078297 ]
[ 0.0105271  -0.00907694  0.00711319 -0.00332988  0.00221988 -0.00163994
  0.00763928  0.00890925  0.01237303 -0.0033421  -0.00973388  0.01271879
  0.012348   -0.01300243 -0.00877131 -0.00103434  0.00575272 -0.01850083
  0.00704122  0.00295739  0.01496638]
[  1.23338891e-02  -1.06540407e-02  -1.64616530e-02  -1.88452955e-03
  -2.38818854e-03   2.51289521e-03  -3.37961011e-03  -3.89774171e-03
   2.76592822e-02  -6.56034911e-03  -8.77964942e-04  -2.26365417e-02
  -7.49517905e-03   3.95385620e-05  -3.51036493e-03  -6.47555839e-04
  -4.32466406e-03   2.28309681e-04  -3.46910534e-03   1.48520277e-02
  -8.12506962e-03]
[ 0.01611288 -0.01336322  0.00249057 -0.00091807  0.00152106  0.00220499
 -0.00467612 -0.00506455  0.01796433  0.00613147 -0.01262414 -0.01982574
  0.00255509  0.01421964 -0.04266352 -0.00077649 -0.00784503  0.01875717
  0.0031757   0.01288725  0.0061265 ]
[ 0.00885135 -0.00781795  0.00556298  0.00059548  0.00383842  0.00013618
  0.01240108  0.0110877  -0.00179883 -0.0025864   0.00469074  0.00897475
  0.01168969  0.02164527 -0.00151555  0.00509542  0.00484808 -0.0155419
 -0.00236451  0.00799497 -0.00350152]
[ 0.01180396  0.01411289  0.00048628  0.00684824  0.02056759  0.01528861
 -0.02469132  0.02177936 -0.00019721  0.00460127 -0.00478887 -0.01158404
  0.01935299 -0.00061065  0.01355998 -0.00782003 -0.00530323  0.00898493
  0.01464014  0.00948242  0.00077298]
[ 0.00409941  0.00472457 -0.00134701 -0.00464331 -0.00857696 -0.00145643
 -0.00496266  0.00369422 -0.0034078   0.00389318  0.00963496 -0.0018454
  0.00926418 -0.00234879 -0.00319988 -0.00960609  0.01361136  0.00208545
  0.00910597 -0.00408673 -0.0001248 ]
[ 0.01982755 -0.01733825 -0.00165933 -0.00436573  0.00351515 -0.00095911
  0.00585819  0.00102286 -0.01424085  0.00059427  0.00964615  0.00771033
 -0.00040705 -0.00425108 -0.01066288  0.00675057 -0.01577835  0.00526333
  0.01987255 -0.00314014 -0.00685095]
[ 0.00479929 -0.00415297  0.01179418 -0.00334705  0.00302309 -0.00133734
  0.00634     0.00492987  0.00103679 -0.00759824  0.00300433  0.00077037
 -0.00176802  0.00015087  0.01452182  0.00458313 -0.0030329   0.00344978
  0.00472368  0.00549803 -0.02450896]
[ 0.01323248 -0.01159551  0.01364752  0.00465673 -0.00191461  0.00120293
 -0.00061748  0.00246066 -0.00126087  0.0064835   0.00420201 -0.01532121
 -0.00598003  0.00644551  0.01561132  0.02948911  0.02980549 -0.00028584
 -0.00890817 -0.00580862 -0.0258805 ]
[ 0.00803178 -0.00688479 -0.0111152   0.00096517 -0.00104231  0.00115426
  0.00169573  0.00048222 -0.00698102 -0.00061868  0.01055692  0.00104655
 -0.00742171 -0.00289168  0.01538115  0.00188394  0.00083709 -0.00050486
 -0.00558888  0.01096784 -0.0002142 ]
[ 0.00297683  0.00362835  0.00124126  0.00599589  0.00631901 -0.00650448
  0.00246804 -0.00349212 -0.00118096 -0.00579918 -0.00469077 -0.0030105
 -0.00330034  0.00282859  0.00458845 -0.0050232   0.00646729  0.00468028
  0.0070557   0.00143715  0.00737242]
[ 0.00706202 -0.0063024   0.00940106  0.00964312 -0.00806966  0.00600938
 -0.00270717 -0.00179213  0.00484331 -0.00296978  0.00294606  0.00184766
 -0.0029687  -0.00500515  0.00778295 -0.01045586 -0.00398406 -0.00283874
 -0.00197638 -0.01268486  0.00010611]
[ 0.00441985  0.00524505  0.0005292  -0.00437828 -0.00972708 -0.00712788
 -0.00322283  0.00702189  0.00147016 -0.00225956  0.00643708  0.0058531
 -0.00792288  0.00117635 -0.00739498 -0.00330043  0.00300504 -0.00204562
  0.00157008 -0.00295844 -0.0038938 ]
[ 0.01644738  0.01877272 -0.00071771  0.01712359  0.01909287 -0.00905308
 -0.01492566  0.01972816 -0.01701241 -0.0243565  -0.00659652 -0.01869772
 -0.00637146 -0.00319938 -0.00334181  0.0036309  -0.00173439 -0.0005521
 -0.00155571  0.00418081  0.00653345]
[  6.66447887e-03   9.46956307e-04  -1.20602057e-03   1.74587713e-02
  -2.36343701e-03  -1.81283670e-03   5.14837553e-03  -4.83249190e-03
  -7.67037689e-03   5.48579006e-03  -8.96737043e-04  -1.52279315e-02
   1.07124492e-02  -2.52576835e-03  -4.95151186e-03  -8.15301848e-03
   4.08777127e-03   9.12926077e-05   7.86035733e-03  -5.55317123e-03
  -3.38954268e-03]
[ 0.00711975 -0.00598397 -0.01544819 -0.00840757  0.00137707 -0.00069068
 -0.00216015 -0.00595865  0.0160642  -0.01956514  0.00866664 -0.00113753
  0.00411717 -0.00688631  0.00045523 -0.00381652 -0.01655087  0.01341031
  0.00774175 -0.00337877  0.00465696]
[ 0.00250337 -0.00224923  0.0023731  -0.00198652  0.00180826 -0.00221149
 -0.00047276  0.00058484  0.0035415   0.00825655 -0.00308614 -0.00870711
 -0.00486012  0.00177539 -0.00297044 -0.00333232  0.00338153  0.00463357
 -0.00929152 -0.00035421 -0.0012973 ]
[ 0.00619874  0.00749356  0.00063511  0.00524551 -0.00502864 -0.00816608
  0.01444981 -0.01401708 -0.00285191  0.00753007 -0.00543842 -0.00996419
  0.0219161  -0.00800454  0.00759623 -0.00151782 -0.00421836  0.00358004
  0.00277083  0.00776994  0.00045986]
[ 0.00564986  0.00688129 -0.00021777  0.00109582 -0.01550509 -0.02164143
 -0.00081998  0.00888919  0.00268536 -0.00799313 -0.00055571  0.00430609
 -0.01690189  0.00739388 -0.00307741 -0.0020212   0.00145268  0.00163669
  0.00224423 -0.00151917  0.00076706]
[  8.76942005e-03  -6.56452658e-03  -1.02055742e-02   1.57552750e-03
  -7.82660988e-04  -3.65350992e-03  -2.43573435e-03   8.40927796e-03
  -1.28304561e-02   1.52217076e-02  -1.90203663e-02   1.06177712e-02
  -6.63606535e-05   2.99831510e-03  -6.19336245e-03   2.33651770e-03
   1.25334317e-02   3.77369778e-03  -7.52454702e-03   2.74351688e-02
   1.92109612e-02]
[ 0.00323137 -0.00286125  0.00013259 -0.00822032  0.00554453 -0.0050384
  0.00390511  0.00420319 -0.00055221 -0.00273678  0.00082783  0.00591142
  0.00992111  0.00786421 -0.00108048 -0.00372766  0.00647362 -0.00898938
 -0.00739483  0.00745951  0.01159475]
[ 0.00440244 -0.00330569 -0.00689777 -0.00853081 -0.00340312 -0.00318381
 -0.01102675 -0.01203732 -0.01297181 -0.00661602  0.01820234 -0.00131897
  0.00841494  0.00499242  0.00821205  0.00918207  0.01181763  0.0017402
 -0.00055032 -0.0058618   0.01704342]
[  2.15939792e-02   2.59166062e-02   7.82127043e-05  -3.25347638e-02
  -1.18122820e-02   4.39884155e-02  -1.09005418e-02   1.53614882e-02
   9.16368409e-03  -4.01381119e-03  -9.63483673e-04   7.89429657e-03
  -2.33973677e-02   5.83196683e-03  -1.03498993e-02   2.29653802e-02
  -2.34836422e-02  -1.06175355e-02  -1.87124538e-02   5.89605031e-04
  -5.26854542e-04]
[ 0.01298584 -0.01131869  0.01288868 -0.00484498  0.00117162 -0.00331344
 -0.01289151 -0.00952027 -0.0050266   0.01754905  0.003074   -0.00134684
 -0.02252283 -0.02679946  0.00374823 -0.00693416 -0.01464607 -0.00958421
  0.01345357 -0.00193303  0.0167904 ]
[ 0.0107779  -0.00914522 -0.01706668  0.00122385  0.00328947 -0.00105334
  0.00914818  0.00842063  0.00889611  0.01325846 -0.00752698 -0.01523894
 -0.00522612  0.01345645 -0.01028503 -0.00283211 -0.00053881 -0.01631366
  0.00720444  0.0152389  -0.00717256]
[ 0.00746135  0.00940885  0.00063533 -0.00570345 -0.01815549 -0.01516138
 -0.00389216  0.0162902  -0.00195049 -0.01139238 -0.00686302 -0.00334505
 -0.01495396  0.00575656 -0.00378908  0.01554298 -0.01818475 -0.0062117
 -0.0092582  -0.00651327  0.00871443]
[ 0.01989438 -0.01696177 -0.01433157  0.00896664 -0.00238983  0.0080529
  0.01919954  0.01692022  0.01729984 -0.00544102 -0.00718976  0.00313765
 -0.00987239 -0.03399349  0.01335304  0.00323989  0.00912836 -0.00887267
  0.0089456  -0.00336903  0.00196615]
[ 0.01311337  0.01624136  0.00210427  0.00236319 -0.00882482 -0.01360946
  0.02597948 -0.02681357  0.00482836  0.00432835 -0.00633365  0.00214964
  0.00357605 -0.00421946  0.00575415  0.00147875 -0.00279807  0.00330611
 -0.00777561  0.01615856  0.00897567]
[  2.59768864e-03  -1.44933144e-03  -1.16845628e-03  -3.49256646e-03
   4.19385832e-03  -6.15560930e-04   9.75030828e-04  -3.10122336e-03
  -3.49689445e-04   3.72897464e-03   1.26044278e-03   4.08987241e-05
   3.18358993e-04   5.77959247e-03  -4.33507068e-03  -6.06989822e-03
  -8.35079208e-03   1.30677558e-03   1.11402589e-03  -1.29151404e-02
   1.20759722e-03]
[  1.48506762e-02  -1.28585756e-02  -1.66802468e-02  -1.65300393e-02
   1.07924585e-02  -8.09429045e-03   1.20595041e-02   8.94961441e-04
   7.40200763e-03  -1.80007351e-02   2.67344592e-02  -6.72394329e-03
   9.54282954e-03   3.89289296e-03   4.44387002e-05  -3.02385862e-03
  -1.51756664e-02   1.17725394e-02   4.41930054e-03   5.32995196e-04
   2.95776932e-03]
[  2.08547778e-03  -1.86866632e-03  -1.49591666e-03  -2.64412691e-03
  -3.23400928e-03  -6.00607158e-04  -1.17062513e-02  -1.07339631e-02
   7.20572754e-03  -9.21951747e-03  -2.62555086e-04  -4.35629373e-03
   4.24152237e-03   1.08487355e-03  -4.67898956e-03   2.96292413e-05
   7.87587101e-04   4.48511817e-03  -4.05614013e-03   4.08284461e-03
   3.09309033e-03]
[ 0.00564758  0.00696136  0.00187503 -0.00483612  0.00172255  0.00802936
  0.00650358 -0.00594511  0.00102433 -0.00520011 -0.00801696  0.00063777
 -0.0092813   0.00586452  0.00455179  0.00135403 -0.00298538  0.00069735
  0.00016403 -0.0008053   0.00585514]
[ 0.00267316  0.0032561  -0.00039558 -0.0034423  -0.00864469 -0.0009473
  0.00241342  0.0051965  -0.00836794 -0.00750885 -0.00166474 -0.00533632
 -0.00289187 -0.00358676 -0.00274343 -0.0075819   0.00366834  0.00085997
 -0.00333537  0.00469993 -0.00508545]
[ 0.01532001 -0.01296083 -0.01755126  0.01339771 -0.00471796  0.00807256
  0.00636159  0.00650401 -0.01386526  0.01271368 -0.01101453  0.01648834
 -0.00364445  0.00030797 -0.00513922  0.00308858 -0.00077721  0.00657954
 -0.0003307  -0.00735982  0.00123524]
[ 0.0027838  -0.00189143 -0.00278886  0.00753739 -0.00408086  0.00307221
 -0.00511303 -0.00452025 -0.00214457 -0.0023914   0.00149801  0.00233112
 -0.00222505  0.00604158  0.00062661  0.0008665  -0.00509484 -0.00199403
  0.00188652  0.0117276  -0.00188327]
[ 0.01181799 -0.01043003  0.01979145 -0.01009269  0.00479497 -0.00799455
 -0.00577563 -0.00516808  0.00146912  0.01173139  0.00893292 -0.0173509
 -0.00588179  0.00397457  0.01036003 -0.0200861   0.00356141 -0.00573188
 -0.0260284  -0.0123683   0.00918968]
[ 0.01042396 -0.00930846  0.01227237  0.00042269 -0.00097453  0.00126253
  0.00054085  0.00212462 -0.00770775  0.00799176  0.00734647  0.00789735
 -0.00599887 -0.01057529 -0.00967892 -0.00131958 -0.01900181  0.02529
  0.00588563  0.01385903  0.01591934]
[ 0.01008907 -0.00838351  0.02154131 -0.00802064  0.00538536 -0.00550171
 -0.00610022 -0.00733448 -0.02140511 -0.00743026 -0.01165344  0.01646066
  0.00832471  0.01207613 -0.00171729 -0.00841843 -0.00341947 -0.01169659
  0.00166307  0.00156035 -0.00927465]
[  7.84036977e-03  -6.17854730e-03   8.48495073e-03  -3.42038552e-03
   9.06708058e-03  -3.41711176e-05   1.41378141e-02   6.65130794e-03
  -2.13297598e-02  -5.72206963e-03   1.20961261e-02   1.40925968e-02
   1.40449328e-02   2.54115340e-02  -1.45850325e-02   1.33561442e-03
  -9.44360634e-03   2.89799821e-03  -2.14615916e-05  -2.32210007e-03
   1.31939651e-03]
[ 0.02252864  0.02751051  0.00088682 -0.01563532  0.02268182  0.04205231
 -0.01875022  0.00699238  0.01108857  0.00632955 -0.00611935  0.00909864
 -0.01264835  0.02293185  0.01548281 -0.01266164  0.01184061  0.01283222
  0.02741674 -0.00617052  0.01260979]

Right eigenvectors

[ 1.         -0.84919398 -0.7040635  -1.61819921  1.28959003 -1.00571442
  0.18745556 -0.22957225  0.64233923 -0.33499235  0.81197938 -1.82062936
  0.56222514  1.53249818 -1.76140129  0.60994833 -0.04506489  0.59373332
 -0.02372688  0.74695398 -0.2232208 ]
[ 1.         -0.79811139 -0.10228447 -1.32788488  0.86463029 -0.70189908
 -0.05842113  0.4530101  -1.58151042  1.07610999  0.23919037  0.17962441
 -0.71511998 -0.71302432  1.68092351  1.77966255  1.44190044  0.00196943
 -0.66892853 -0.07376468 -0.14826825]
[ 1.          1.21766573  0.04132587 -1.05765719 -0.27779725  1.65386088
 -0.18588845  0.33091742 -0.56678983 -0.04641532 -0.10987828 -0.31407444
  0.45383096 -0.23952506  0.36126929 -1.25333031  0.63215359  0.23558447
 -0.17201909  0.57133275 -0.82821644]
[ 1.         -0.86971712  1.40252093  0.71708124 -0.4052732   0.11598422
 -0.08138238 -0.16062179 -0.91660251  0.55766281  0.63910637 -0.00787672
 -0.45951188 -0.2499404   0.1138254  -0.02443901 -0.46554984  2.43532104
 -0.58749412 -0.83075626 -1.34968568]
[ 1.         -0.80408512 -0.65054081 -0.18111985  0.65118156 -0.33018632
  0.45015476  0.26822009  0.25747781  1.25296618 -0.54112644 -2.22536369
 -0.04904234  2.25661653 -1.92248868  0.11576885  0.44055371 -0.62255634
 -0.21368966  0.01746158 -1.85710307]
[ 1.         -0.79674725 -2.41969585 -1.8153705   1.43758141 -0.97817438
  1.22333131  1.04091913  1.16414105 -0.3402118  -0.26182505  0.01022587
  0.06103059 -0.30350317  1.61403214 -1.20759806  0.39163097 -0.77260705
 -0.12543058  0.04967025  0.03177465]
[ 1.          1.22802613 -0.08829199  0.05308937 -0.57592995 -0.45963341
  0.89951443 -1.34398644  0.82764794  1.18549116  0.8184761   1.03674628
 -0.01722274 -0.46789395 -0.78514506  1.64353967 -0.46227759 -0.54198675
 -0.86331575 -0.0327462  -0.36152448]
[ 1.          1.24391844  0.12921251 -0.82189435 -1.3525054  -0.29603335
  0.76402087 -0.34285233  0.37987298 -0.63951888  0.06577931  0.9551857
 -2.08107929  0.38949508 -0.58259109 -0.14451068  0.62072618 -0.10626406
 -0.65344657  0.60385953 -0.51782268]
[ 1.         -0.83913288  0.33102395  1.82396112 -2.18134164  1.31569399
 -2.59122175 -2.0703571   0.16637451 -1.05418889  0.49085513 -0.41939658
  0.08534195  1.53610051  0.57788035 -0.65360891 -0.26138396  0.00880122
 -1.45371449  0.87210171  0.09596228]
[ 1.          1.18912355 -0.24183424 -0.84343734 -0.17756496  0.80075096
 -1.09974582  0.92966594  0.99208636  1.09194777  1.5744749   1.47422499
 -0.30845787  0.55686518 -0.06800922 -2.39374836  2.1247416   0.95319457
  1.85797903  0.5403229  -1.63898344]
[ 1.         -0.85726397 -1.17808818  1.4996916  -1.28675842  0.61178833
 -0.4112343  -0.15985208  0.89398827 -1.00063078 -0.68745826  0.27950872
  0.1104795   1.00880005  0.51471135  0.02760096  0.18257111 -0.99265211
  0.17283997  0.17141035 -1.7893253 ]
[ 1.          1.22758981 -0.05886474  1.38143168  0.18007959 -2.26928347
 -1.09212439  0.7345972   0.58438604  0.92310052  0.85946996  0.19440397
  1.26213142 -0.45340781 -0.12873932  0.18033103 -0.51939036 -0.19749903
 -0.39138892  0.09210528 -0.50505685]
[ 1.         -0.88075661  1.67892427  0.97699539 -0.7533576   0.58467981
 -0.22586226 -0.13275349 -0.51678116 -0.09503845  1.35787282 -0.16177256
 -0.07303683  0.02808533  0.18773805  2.15136115  0.56605487 -0.03513556
  1.22434795  1.25935986  0.8362559 ]
[  1.00000000e+00   1.19166267e+00  -1.28185325e-01   3.52222355e-01
  -1.85495346e+00  -3.29600769e+00  -9.49256674e-01   1.84408299e+00
   2.24336714e-01   8.51191949e-02   1.41864232e-01   1.68188799e-01
  -3.06783557e-01   7.61290624e-01  -2.60250653e-02  -1.77189684e-03
  -8.67335722e-02   2.19586367e-01   9.99786285e-01  -1.09025930e+00
   3.50493590e-01]
[ 1.          1.05207584  0.15637287  0.39043445  1.67798239  0.97046388
  0.70745048 -0.23951992 -1.7456679  -2.12545659 -1.05809753 -1.2086863
 -0.0369565  -0.76349901 -0.18307966  0.51982913 -1.10883141 -1.12497105
 -2.21034142 -0.31468648 -0.09730201]
[ 1.         -0.86042572 -2.18567318 -1.53919056  0.896559   -0.62109012
  0.49597759  0.05939999  0.68962857 -1.66241835  0.86324133  0.25077885
  0.4685128  -0.77799299  1.72399334  0.31726057 -0.29857405  1.10481403
 -0.44146903 -1.23780027 -0.9922487 ]
[ 1.         -0.81778057 -1.19327105  3.14173492 -2.10546124  1.28778209
 -1.30491659 -1.50177269 -1.42305359  0.23038237 -0.5052982   0.30098914
 -0.15064985  0.95546419  1.00820542 -1.9357837  -1.59449831 -2.59685545
  0.96581736  0.10242869 -1.2228262 ]
[ 1.         -0.86585969  2.1958265   1.18788773 -0.36651442  0.63344795
  1.11044467  1.15339249  1.11003957  0.56487537 -0.25256696 -0.28881618
  0.46321098 -0.17451859 -0.96098929 -0.26620529  0.64422747  1.89870095
 -0.98622257 -2.27966479  0.71573275]
[ 1.         -0.88132978  0.3991176  -0.18368461  0.19132289 -0.13469182
  0.45969695  0.9366149   1.0180529   1.36381888 -0.36153202 -0.90746302
 -1.05176368 -0.8187987   0.15210881 -0.21798625  0.40548178 -0.42392676
 -0.60084846  1.31941713  0.83495766]
[ 1.         -0.85177157  1.78142167  0.36920122 -0.43144888  0.42901821
  0.12016048  0.43464747  1.41043243 -0.80705409  0.03908292  0.117042
  0.68915071 -0.32194406 -0.01022841  1.2930808   1.04859133 -0.79619972
  0.64844646  0.12532029  0.19455581]
[ 1.          1.14108603  0.11802839  0.9826243   1.3357881   0.33495212
 -0.15615072  0.25285439 -0.67910329 -0.66159207 -1.14525019 -1.43719107
  0.45045498 -0.08790128  0.10483866  1.20894608 -0.39864209 -0.00971519
  0.94384175 -0.43706808  1.07891384]
[ 1.         -0.89030009  0.74666016  0.94610791 -0.3608139   0.68149335
  1.06211098  1.54825148 -0.100811   -0.71808249 -1.59693011  3.59223462
  1.49600834 -0.61192125 -0.96714337 -0.08268906 -0.16320398  5.40517407
 -2.06145311 -2.00962669 -0.25067745]
[ 1.         -0.83397344 -0.31571119  0.35547635 -0.11512529  0.30396396
  0.49434167  0.72664471  0.05333924  0.30192044  0.16221948  0.60352944
 -0.09118792  0.38967297  0.07971419 -1.02627685 -0.63620957  0.54585275
 -0.60673029  1.38232982  0.87015583]
[ 1.          1.22279824 -0.02181764 -0.04304044  0.77317251  0.8405138
  0.12837777 -0.24440443 -0.14164731 -0.00264389  0.24576688 -0.39975512
  0.44267271 -0.41252168 -0.60359718  0.31220727  0.08269763 -0.60109249
 -0.08705579 -0.92451283  0.45705593]
[ 1.          1.21081112  0.2845642   1.43828256  2.41125205 -0.42330938
  1.52839303 -1.88784409 -0.34657978 -1.95825249 -1.11831818 -0.15275373
 -1.60074142  0.27422203  0.47870463  0.01793147 -0.25725325 -0.59738593
 -1.31966316 -0.61750546  1.07070291]
[ 1.         -0.77723048 -0.46287453  1.43269184 -0.76142429  0.71319201
  0.05339011 -0.15399021 -0.38491516 -0.97323678  1.16035491  0.4874132
  0.06293418 -0.41295402  0.36594008 -0.37186369 -0.22015762  0.71719827
 -0.23174011 -0.04517815  1.23222801]
[ 1.         -0.83469804  0.12421827  0.76306565 -0.45359802  0.09951531
 -1.03755252 -1.54544718 -0.70156272  0.68624598 -0.79505532 -0.94269673
  0.35807771  2.36332454 -1.13027347 -2.67256783 -0.85805174 -0.66629924
 -0.81608206 -2.20776163 -0.90676589]
[ 1.         -0.88607815 -1.36567461 -1.121833    0.84961861 -0.68179888
  0.42617517  0.72359433  0.41256564  0.6131602  -1.53349826  0.83723594
 -0.14416794 -1.18697094 -0.11688999 -1.18900801 -0.22994156  0.97529509
 -0.99343226  0.44194413  0.68405353]
[ 1.          1.2292367  -0.06914835  0.55072499  0.62691012 -0.67863132
 -0.54871329  0.08729773  0.50035168  0.70134937  0.67765801  0.33025675
  0.65668082 -0.28888095  0.05077251 -0.04533394  0.35294219  0.04385
  0.24735991  0.04319601  0.21373955]
[ 1.         -0.83014699 -1.29547292  0.07546444  0.01940561  0.02156528
  0.452712    0.14522171 -0.11462855  0.24211214 -0.58591341  0.20022568
  0.36378531  0.2925994   0.39583312 -0.87189538 -0.19577234 -0.8135
 -0.01046884 -1.89434518 -0.37190268]
[ 1.         -0.80922139  2.77825049  0.01486409  0.45350405 -0.08169217
  0.45991673  0.73211941  0.97034702  0.01912969 -0.4262264  -1.89335621
  0.18917615  0.69550132 -0.15341816  2.93949865  2.70675402  3.03297621
 -1.09081691  0.58434973 -0.98772505]
[ 1.         -0.86184534  2.02676049 -0.8598012   0.10123344 -0.58359733
 -0.7993521  -0.61202497 -0.19936508 -1.11371151 -0.22512464  0.99949296
  0.20520411 -0.58472018  0.16932883 -1.04527276 -0.96334395 -0.53590512
  0.79170605  0.6862985  -0.98157003]
[ 1.         -0.88543284  0.45065765 -0.54476473  0.5444099  -0.51540141
 -0.36750987 -0.43201027 -1.163223    1.52460506 -1.58331478  1.39114656
 -0.49181369 -0.39785735 -1.62224856 -1.81689137 -1.75805928 -2.77752906
  1.76990012  0.15635259  0.56955498]
[ 1.          1.19448385 -0.02059388  1.45279426  0.38759411 -1.63466925
  1.07026715 -0.81445798 -0.48881897 -2.05681293  0.7440735   0.29711008
 -2.69304222 -0.30041731 -1.01329352 -2.77267651  3.20936199  0.88227749
  0.36127914  1.41103699  0.06900999]
[ 1.          1.0218514   0.06188076 -0.19170628  0.47328341  0.61384423
 -1.0108279   0.43773006  0.26172115  0.60679756 -0.50582799  0.04273592
 -0.00932394  1.02587373  0.50195686  0.17074945  0.18888586  0.8267156
  1.26768202  0.31451932  1.17394241]
[ 1.          0.92522378 -0.44070215 -1.48626848 -1.90710924  1.90015618
 -1.0714604   1.34625968 -1.44610596  0.38985534 -1.01651587 -0.2828802
  0.29251847 -0.43038442  0.94496081  0.53935098 -0.91002486 -0.05565985
 -2.96255474  2.16593046 -0.69313179]
[ 1.          1.21918562  0.23509419 -0.59538542 -3.20828434 -1.83611991
  2.38286398 -1.65572782 -0.19375928  1.7679971  -1.95279918 -1.22206951
  3.50238185 -0.02279937  2.97214014 -0.63142568 -1.36848612  1.66884041
  1.08071123  1.85949354 -0.88239633]
[ 1.         -0.83902938 -1.44037549 -0.02550735 -0.04540627 -0.01176737
  0.19477351 -0.38215946 -1.13619421 -0.61399314  1.37604789  0.98476657
  1.06276022  1.97305951  0.57721029  1.7093772   1.0794507  -1.63017778
  0.70218304  0.30106594  0.79070433]
[ 1.          1.20036767  0.43196175 -1.14966997 -4.04976752 -4.12425771
 -0.48245826  2.87324714 -0.88797627 -1.41829344 -3.09861311 -1.53227041
 -0.66580915  2.9070058   2.37096252  1.44774858 -2.23497766  1.04183116
  2.41995626 -2.45819468  1.72437602]
[ 1.          0.82654889 -0.37832604  0.96547275  0.36458935  1.01924421
  3.01544407 -0.9905116  -2.70603786 -2.29433994  1.68994568 -1.13634894
 -0.99710084 -2.8069486  -3.37181723 -1.21083697  1.73004244 -0.51783634
 -0.1506332   0.1476032  -1.23992891]
[ 1.         -0.87592416 -2.23389384 -0.42915275 -0.19106138 -0.60555909
 -2.65947503 -1.6704905  -1.5928796   0.40596855 -4.4255434   2.36480636
  0.37840018 -2.09168992 -1.45625742  2.13086803  2.76683241  0.63766391
 -0.21857247 -0.92060285 -0.16650217]
[ 1.          0.52126025  1.74916354 -0.82923383  1.29460373 -0.41970096
  1.10301781 -0.30132094 -1.20904742 -2.82239247 -4.22784867 -1.15326073
 -0.43626383  2.4767843   4.48539464 -1.24718827  0.07250912  1.16617352
  1.42139425 -0.69989667 -0.89986166]
[ 1.         -0.74654162 -0.29176844 -0.72486165  0.61537139 -0.52527503
 -1.03805204 -1.18593838 -0.70470111  1.58292596 -1.73303338 -0.60362663
 -1.28567995  0.83945167  0.71597296 -0.43064746  0.77465653  1.22977202
 -0.93902285 -2.56833322 -1.46014017]
[ 1.          1.21225548  0.07077952 -0.8739878  -0.63197057  1.10881859
  0.86699586 -0.56671692 -0.25566381 -0.30099852 -0.28480403 -0.33687428
 -0.29986991 -0.1728445  -0.46382339  0.17204378  0.26344458 -0.14182515
  0.26831856 -0.27371881  0.46516269]
[ 1.          1.20874898  0.03571989  0.68285642  1.0872288  -0.36901287
  0.64909802 -2.01559544  1.41914511  0.90179243  0.32492089  1.72119261
 -1.11308788  1.14805325  0.42035039  0.58700043  0.10360465  0.09964465
  0.16244203 -0.3876094  -0.23055896]
[ 1.         -0.89789699  0.97229861 -1.7920799   0.74762413 -1.30561404
 -1.57085373 -1.37299695 -0.14750243 -0.61720518 -1.73381363  1.00270586
  0.85824827 -0.58086849 -1.01543524 -0.22764519  1.13283139 -1.24847142
 -0.2325599  -0.49143336 -1.51071493]
[ 1.         -0.88913538  1.79122216  0.94359854 -0.79358838  0.72723304
  0.5942254   0.88501496  2.13082    -0.88165512  0.26453755  0.10784022
  0.80094172 -0.18910486  0.77476632 -1.12413151  0.51704866 -1.46091837
 -0.97244071 -0.82752524  1.6413238 ]
[ 1.          1.22707106 -0.19014385  3.31625611  3.33472961 -2.415383
 -2.99394337  2.71441673 -0.41674033 -0.99087854  1.26983734 -0.38997295
  1.08950733 -1.72151454 -0.81018346  0.55095729 -1.72961391 -1.09078064
 -2.41684152  0.13747052 -1.59650913]
[ 1.         -0.89354602  1.53980766 -1.52516218  0.20966351 -1.11696147
 -2.01416923 -2.18196448 -2.8111797   3.3305454   3.67553035 -3.50574698
 -2.64237084 -0.80510791  2.84440598 -1.65099331  0.26360932 -0.81114231
 -3.01255453 -3.01634941  3.90953845]
[ 1.         -0.82478141 -1.37289297  0.32362575 -0.21019301  0.08059894
  0.29526714  0.41271865 -0.13175423  0.55875272  0.03249322 -0.33972764
 -0.339763   -0.20945178  0.80087193  0.05088141  0.47058907 -0.21483476
 -0.33275049 -0.57405862  0.16712641]
[ 1.         -0.81875257 -0.64186296  0.05067625  0.01480849  0.02431928
 -0.35190848 -0.67758326 -0.91491214  0.98861195  0.43089987 -1.17495743
 -0.62433416  0.09921342 -0.74245828  0.67609415 -0.2851043   0.40219806
  0.41447731 -0.36768903  0.23142807]
[ 1.          1.21859983  0.00928118 -0.48646763 -0.44853599  0.24280484
  0.19379746 -0.09311083 -0.12053921  0.53912323 -0.10763646 -0.30411209
  1.58757886 -0.74322617  0.18097896  0.19538631 -1.05035623 -0.67142493
 -1.24819326 -0.28316423 -0.3167297 ]
[ 1.         -0.77043166 -0.73357653  1.18555534 -0.58142268  0.86432602
  0.32697629  0.04459544  0.58252588 -0.12455396 -1.07026842 -0.48732567
  0.10494476 -1.22917309 -1.11789359  1.96789348  0.31564317 -1.48205637
  3.67231466 -2.5073624   0.1334192 ]
[ 1.          1.21479623 -0.0551197   0.11013319  0.55833634  0.48011857
 -0.34266924 -0.20060493  0.79678674  0.8988956   0.82231906  0.99504436
  0.54461478 -0.55565312 -0.23619211  0.55500643 -0.98505812 -0.59272719
 -1.48746301  0.28648315 -0.97643449]
[ 1.         -0.77636682 -1.62936035  1.53084084 -0.71374825  0.62242215
 -0.88067727 -0.04550966 -1.38899763  0.17708925 -0.6359213   1.59215668
 -0.49369947 -0.76044035  1.05667756 -0.09985892 -0.21226568  0.93208605
 -1.10583915  0.27133117 -0.39491754]
[ 1.         -0.8952495   1.84661932 -1.38982734  0.70496165 -0.88013501
 -0.56796416 -0.35038496 -0.56219506  0.75596135  0.38520046 -0.01897884
 -1.59783707 -2.25276256  1.32694597 -0.57911076 -1.41862624 -1.24652458
  1.4773912   1.30201516 -0.39399038]
[ 1.         -0.83995629  0.77622089 -0.27751856  0.319157    0.02002854
  0.46801673 -0.05244441 -1.00391874  0.46670031  1.31138021 -0.49626144
 -0.96929811 -0.1665681  -0.4313654   0.75887093 -1.70247802  1.19727561
  1.57957475  0.49255652 -1.64674742]
[ 1.         -0.90843185  1.40056179 -3.80579862  0.7715288  -2.16666035
 -5.01560025 -4.28151597  3.49759141 -4.18942807 -3.45129289  0.67835202
  2.10401883 -4.63672463 -3.04524268  1.87635508  1.74638165  1.45251831
  0.99191154  1.19480121 -0.74840243]
[ 1.          1.21342929 -0.12899087 -1.37268772 -1.95361729  0.53111427
  0.28373423  0.16630779 -0.55793322  0.43727868  0.78920364 -0.31225505
  0.9825247  -0.74061771 -0.92493671 -0.03566037  0.79828984 -0.46453717
  0.28023068 -1.07036861 -0.27072817]
[ 1.          1.17099221 -0.45756698  2.74584173  2.91586031 -1.55528424
 -2.82664367  1.59912689  0.34435776  0.28912435  2.2767529   1.49377965
  0.56736185 -1.37341143 -0.59562105 -0.77586758  0.35583896 -0.38541391
 -1.67450919  0.04219016 -2.64821296]
[ 1.         -0.8622445   0.67570302 -0.31631508  0.21087311 -0.15578298
  0.72567782  0.84631554  1.17534988 -0.3174762  -0.92464942  1.20819473
  1.17297234 -1.23513887 -0.83321232 -0.09825488  0.54646724 -1.75744778
  0.66886544  0.28093121  1.42169966]
[ 1.         -0.86380221 -1.33466847 -0.15279281 -0.19362818  0.20373908
 -0.27401009 -0.31601887  2.24254344 -0.53189623 -0.07118314 -1.83531256
 -0.60768983  0.00320568 -0.28461136 -0.05250216 -0.35063264  0.01851076
 -0.28126614  1.20416419 -0.65875974]
[ 1.         -0.82935041  0.15457017 -0.05697752  0.09440026  0.13684635
 -0.29020981 -0.31431677  1.11490536  0.38053201 -0.78348169 -1.23042831
  0.15857453  0.88250163 -2.64779023 -0.04819074 -0.48687923  1.16411052
  0.19709089  0.79981077  0.38022357]
[ 1.         -0.88325014  0.62848971  0.06727538  0.43365339  0.01538491
  1.40103904  1.25265715 -0.20322657 -0.29220413  0.52994646  1.01394177
  1.3206682   2.44542083 -0.17122207  0.57566658  0.54772271 -1.75587997
 -0.26713523  0.90324919 -0.39559212]
[ 1.          1.19560574  0.04119602  0.5801644   1.74243038  1.29520993
 -2.09178207  1.84508825 -0.01670736  0.38980737 -0.40569993 -0.98136868
  1.63953299 -0.05173274  1.14876475 -0.66249149 -0.44927541  0.76117906
  1.2402729   0.80332519  0.06548506]
[ 1.          1.15249937 -0.32858622 -1.13267834 -2.09224437 -0.35527849
 -1.21057868  0.90115899 -0.83129186  0.94969279  2.35033018 -0.45016215
  2.25988148 -0.57295737 -0.7805722  -2.34328617  3.32032192  0.5087187
  2.22128947 -0.99690677 -0.03044255]
[ 1.         -0.87445249 -0.08368799 -0.2201851   0.1772863  -0.04837278
  0.29545707  0.05158767 -0.7182354   0.02997212  0.48650221  0.38886928
 -0.02052958 -0.2144024  -0.53778113  0.34046391 -0.795779    0.26545523
  1.00226929 -0.15837246 -0.34552688]
[ 1.         -0.86533091  2.45748633 -0.69740493  0.62990494 -0.27865379
  1.32103013  1.02720851  0.2160295  -1.58320162  0.62599576  0.16051673
 -0.36839156  0.0314359   3.0258291   0.95496171 -0.63194803  0.71881016
  0.98424566  1.14559371 -5.10679323]
[ 1.         -0.87629193  1.03136558  0.3519169  -0.14469047  0.0909073
 -0.04666432  0.18595627 -0.09528569  0.48996876  0.31755248 -1.15784869
 -0.45192079  0.48709808  1.17977296  2.22854063  2.25244971 -0.02160149
 -0.67320468 -0.43896716 -1.95583194]
[ 1.         -0.85719431 -1.38390323  0.12016907 -0.12977367  0.1437113
  0.21112773  0.06003868 -0.8691747  -0.07702877  1.31439469  0.13030169
 -0.92404398 -0.36003024  1.91503692  0.23456067  0.10422215 -0.06285819
 -0.69584676  1.36555606 -0.02666948]
[ 1.          1.21886392  0.41697369  2.0141893   2.12273528 -2.18503991
  0.82908505 -1.17310242 -0.39671891 -1.94810941 -1.57576132 -1.0113112
 -1.10867801  0.9502041   1.54138984 -1.6874349   2.17254442  1.57223988
  2.37020866  0.48277822  2.47660547]
[ 1.         -0.89243543  1.33121313  1.3654896  -1.14268362  0.85094317
 -0.38334273 -0.25377044  0.68582518 -0.42052853  0.41716884  0.26163388
 -0.42037532 -0.70874235  1.10208528 -1.48057573 -0.56415273 -0.40197279
 -0.27986054 -1.79620841  0.015025  ]
[ 1.          1.18670291  0.11973208 -0.99059311 -2.20076977 -1.61269578
 -0.7291721   1.58871472  0.33262613 -0.51123054  1.45640194  1.32427397
 -1.79256591  0.26615079 -1.6731276  -0.74672771  0.6798967  -0.46282541
  0.35523413 -0.66935225 -0.88097967]
[ 1.          1.14138053 -0.04363692  1.04111384  1.16084568 -0.5504267
 -0.90747931  1.1994712  -1.03435358 -1.48087395 -0.40106807 -1.13682042
 -0.38738479 -0.19452247 -0.20318203  0.22075848 -0.10545091 -0.0335677
 -0.09458724  0.25419279  0.39723343]
[ 1.          0.14209008 -0.18096247  2.61967539 -0.35463193 -0.27201477
  0.77250984 -0.72511174 -1.15093424  0.82313864 -0.13455471 -2.28493958
  1.60739487 -0.37898963 -0.7429706  -1.22335424  0.61336698  0.01369839
  1.17944066 -0.83324913 -0.50859831]
[ 1.         -0.84047507 -2.1697659  -1.18087977  0.19341588 -0.09700925
 -0.30340184 -0.83691833  2.25628739 -2.74800921  1.21726694 -0.15977168
  0.57827458 -0.9672124   0.06393971 -0.53604744 -2.32464131  1.8835363
  1.08736229 -0.47456287  0.65409005]
[ 1.         -0.89848133  0.9479622  -0.79353881  0.72233025 -0.88340497
 -0.18884876  0.23362131  1.41469427  3.29818056 -1.23279503 -3.47815927
 -1.94143429  0.70920188 -1.18658036 -1.33113383  1.35079147  1.85093652
 -3.71160926 -0.14149501 -0.51822098]
[ 1.          1.20888377  0.10245823  0.84622161 -0.81123585 -1.31737673
  2.33108758 -2.26127703 -0.46007929  1.21477376 -0.87734172 -1.60745364
  3.53557078 -1.29131635  1.22544655 -0.24485895 -0.68051831  0.57754206
  0.44699819  1.25346935  0.07418577]
[ 1.          1.21795736 -0.03854448  0.19395566 -2.74433185 -3.83043622
 -0.14513312  1.5733465   0.4752963  -1.41474831 -0.09835752  0.76215822
 -2.99155917  1.30868382 -0.5446877  -0.35774257  0.25711716  0.28968769
  0.39721815 -0.26888557  0.13576705]
[ 1.         -0.74857021 -1.16376843  0.17966154 -0.08924889 -0.41661933
 -0.27775318  0.95893205 -1.46309061  1.7357713  -2.16894232  1.21077233
 -0.00756728  0.34190575 -0.70624539  0.26643925  1.42922013  0.43032467
 -0.85804386  3.12850435  2.19067636]
[ 1.         -0.8854595   0.0410325  -2.54390938  1.7158435  -1.55921421
  1.20849778  1.30074427 -0.17088997 -0.84694122  0.25618515  1.82938328
  3.07024622  2.43370589 -0.33437342 -1.15358498  2.00336455 -2.78190825
 -2.28844873  2.30846517  3.58818145]
[ 1.         -0.75087694 -1.56680701 -1.93774819 -0.77300811 -0.72319198
 -2.50469296 -2.7342415  -2.94650671 -1.50280836  4.13460668 -0.29959909
  1.91142717  1.13401245  1.86534238  2.08567851  2.68433862  0.39528076
 -0.12500365 -1.33148953  3.87136171]
[ 1.          1.20017742  0.00362197 -1.50665903 -0.54701739  2.03706853
 -0.50479542  0.7113783   0.42436292 -0.1858764  -0.04461816  0.3655786
 -1.08351349  0.27007375 -0.47929561  1.06350849 -1.08750879 -0.49168962
 -0.86655885  0.02730414 -0.02439821]
[ 1.         -0.8716182   0.9925184  -0.37309728  0.09022255 -0.25515821
 -0.99273596 -0.73312738 -0.38708358  1.35139956  0.23671919 -0.10371624
 -1.73441484 -2.06374528  0.28864013 -0.53397911 -1.12784943 -0.73805111
  1.03601872 -0.1488568   1.29297778]
[ 1.         -0.84851607 -1.58348878  0.11355155  0.30520485 -0.09773136
  0.84879062  0.78128717  0.82540287  1.23015258 -0.69837161 -1.41390607
 -0.48489216  1.24852272 -0.95427001 -0.26276985 -0.04999216 -1.5136212
  0.66844601  1.41390268 -0.66548754]
[ 1.          1.26101088  0.08514983 -0.76439958 -2.43327023 -2.03198837
 -0.52164324  2.18327775 -0.26141181 -1.5268515  -0.9198097  -0.44831637
 -2.00418904  0.77151722 -0.50782684  2.08313232 -2.43719231 -0.83251686
 -1.24082032 -0.87293466  1.16794267]
[ 1.         -0.85259109 -0.72038277  0.45071197 -0.12012607  0.40478245
  0.96507346  0.85050243  0.86958426 -0.2734952  -0.36139625  0.15771538
 -0.49624    -1.70869779  0.67119625  0.16285427  0.4588408  -0.44598844
  0.44965452 -0.16934579  0.09882938]
[ 1.          1.238534    0.16046751  0.18021219 -0.67296323 -1.03783073
  1.98114413 -2.04475052  0.36820148  0.33007159 -0.48299158  0.1639274
  0.27270295 -0.32176747  0.43879998  0.11276634 -0.21337558  0.25211778
 -0.59295298  1.23221987  0.68446666]
[ 1.         -0.55793116 -0.44980613 -1.34449002  1.61445766 -0.23696486
  0.37534553 -1.19383952 -0.13461561  1.43549715  0.48521703  0.01574427
  0.12255472  2.22489808 -1.66881843 -2.33665349 -3.21470092  0.5030532
  0.42885274 -4.97178153  0.46487373]
[ 1.         -0.86585792 -1.1231978  -1.11308328  0.72673179 -0.54504525
  0.81205084  0.06026402  0.498429   -1.21211552  1.80021831 -0.45277018
  0.64258552  0.26213574  0.00299237 -0.20361757 -1.02188387  0.7927275
  0.29758245  0.0358903   0.19916732]
[ 1.         -0.89603751 -0.71730165 -1.26787585 -1.55072824 -0.28799499
 -5.61322277 -5.14700429  3.45519268 -4.42081789 -0.12589685 -2.08887085
  2.03383724  0.52020384 -2.24360557  0.01420741  0.37765308  2.150643
 -1.94494527  1.95775024  1.4831567 ]
[ 1.          1.23262862  0.33200645 -0.85631791  0.30500679  1.42173481
  1.15156943 -1.05268395  0.18137538 -0.92076807 -1.41954038  0.11292806
 -1.64341357  1.03841296  0.80597283  0.23975328 -0.5286126   0.12347723
  0.02904477 -0.14259227  1.03675232]
[ 1.          1.21807072 -0.14798305 -1.28772448 -3.2338781  -0.35437361
  0.90283309  1.94395063 -3.1303495  -2.80897404 -0.62276155 -1.99625683
 -1.08181528 -1.34176584 -1.02628716 -2.83629992  1.37228331  0.32170607
 -1.2477234   1.75818944 -1.90240955]
[ 1.         -0.84600666 -1.14564285  0.87452317 -0.30796076  0.52692904
  0.41524678  0.42454359 -0.90504233  0.82987425 -0.71896315  1.07626171
 -0.23788832  0.0201022  -0.33545779  0.20160457 -0.05073184  0.42947329
 -0.02158633 -0.48040532  0.0806292 ]
[ 1.         -0.67944073 -1.00181775  2.70759344 -1.46593331  1.10360355
 -1.83671112 -1.62377202 -0.77037676 -0.85904343  0.53811564  0.83738925
 -0.79928593  2.1702638   0.2250929   0.31126381 -1.8301745  -0.71629979
  0.6776782   4.21280437 -0.67651091]
[ 1.         -0.88255509  1.67468837 -0.85401084  0.40573518 -0.6764726
 -0.48871487 -0.43730583  0.12431178  0.99267192  0.75587475 -1.46817712
 -0.49769845  0.33631519  0.87663191 -1.69962115  0.30135507 -0.48501287
 -2.20243948 -1.04656534  0.77760104]
[ 1.         -0.8929876   1.17732368  0.04054958 -0.09348965  0.12111774
  0.0518854   0.20382103 -0.73942665  0.76667206  0.70476808  0.75761546
 -0.57548882 -1.01451772 -0.92852708 -0.12659146 -1.82289818  2.42614267
  0.56462559  1.32953617  1.52718782]
[ 1.         -0.83094946  2.13511336 -0.79498294  0.53378183 -0.5453133
 -0.60463673 -0.72697249 -2.12161364 -0.73646603 -1.1550555   1.63153348
  0.82512138  1.19695122 -0.17021253 -0.83441058 -0.33892786 -1.1593327
  0.16483846  0.15465778 -0.91927662]
[  1.00000000e+00  -7.88042846e-01   1.08221308e+00  -4.36253087e-01
   1.15646084e+00  -4.35835536e-03   1.80320757e+00   8.48341103e-01
  -2.72050432e+00  -7.29821398e-01   1.54280046e+00   1.79744033e+00
   1.79136102e+00   3.24111423e+00  -1.86024805e+00   1.70350948e-01
  -1.20448482e+00   3.69625196e-01  -2.73731881e-03  -2.96172265e-01
   1.68282434e-01]
[ 1.          1.22113464  0.03936428 -0.69401948  1.00679912  1.86661544
 -0.83228377  0.3103772   0.49219857  0.28095585 -0.27162547  0.40386969
 -0.56143408  1.01789773  0.68725008 -0.56202401  0.52558043  0.56959593
  1.21697264 -0.27389678  0.55972275]
