Cluster centers 

[-0.70307761 -1.37024929 -0.96399718 -0.91430799]
[-0.68488914 -0.01723828  0.46074072  1.16262036]
[ 1.67439628  0.15020604 -0.31848566  0.85683364]
[-0.63914094  1.34618853  0.45289384 -1.28315621]
[ 1.26473111 -0.21288856  1.89752101 -0.1044176 ]
[-0.6576019   0.92821016  0.61462684 -0.17390788]
[ 1.63914938 -0.39968222 -1.81817867 -0.64570189]
[-0.6651253   0.90605574 -0.51411693  1.09073174]
[-0.42179811 -1.4781823   0.8638115  -1.10672829]
[-0.69153426 -1.03229934 -1.10677093  0.32306368]
[ 1.6336519  -0.59468828 -0.62478051 -0.97348173]
[-0.62846895 -1.17595881  0.40586456 -0.03354591]
[ 1.52585438  0.38195867  1.28449077  0.3146685 ]
[-0.57540029  1.95681617 -1.76109334 -0.25718807]
[ 1.55653782  1.46973536  0.89170503 -0.42515874]
[ 1.66914576 -0.23925246 -0.81843786  0.13680996]
[-0.59863301 -1.62015406 -0.34061593 -1.98144932]
[ 1.57686321 -0.19353201  0.71062865  0.17959042]
[-0.68524851  1.54221269 -0.80162537 -0.21594578]
[-0.65412686 -0.61544714 -0.97378744  1.29946896]
[-0.69186041  0.50158199  0.09107855  1.10019085]
[-0.5241364  -0.62841983  1.40507233  0.47594383]
[-0.70147725  2.23184615 -1.55592418 -2.61991465]
[-0.69993132 -1.20701484 -0.60317618 -0.15145702]
[ 1.06559024  1.08033893  2.14867089 -1.25965251]
[-0.69851409  1.15604247 -0.06668266  0.01688861]
[-0.47818048  0.33589881  1.6586251  -0.02214815]
[-0.62340154 -0.01832911  1.08167068  0.74627838]
[-0.7079738   1.83502375 -0.65001536 -1.79423587]
[-0.38940531 -0.58749365 -2.57672531  1.15628608]
[ 1.64617401 -0.01926178 -1.13351905  0.71033807]
[-0.55872811  1.5019161   0.63188253 -2.16716304]
[ 1.45627456 -0.43363832  1.12989768 -0.25621462]
[-0.65112335 -0.43803363  0.78691362  0.93279783]
[-0.69605697 -1.29669017 -2.17350609 -1.35295208]
[-0.69483164 -0.8636383  -0.18101533  0.75594346]
[ 1.67511598  0.9397923   0.11627197  0.94028785]
[-0.49248863 -0.08154019 -1.53540058  2.05638627]
[-0.61591422 -1.49437163 -0.07263955 -1.19197255]
[ 0.7618948  -1.37974967  1.47539824 -2.12950427]
[-0.68892721  1.41215284  0.01695373 -0.93386951]
[-0.68624496 -0.36129734 -0.25560402  1.44717104]
[ 1.63108155 -0.41327238 -0.05934955 -0.26545342]
[ 1.57057724 -0.85634419 -0.62934543 -2.10202401]
[-0.65064661  1.72359858 -1.22794665 -0.23116546]
[ 1.65160006 -0.23083756 -1.34262463  0.12553017]
[-0.54761641 -1.71652436 -0.7503753  -3.1947273 ]
[-0.57121763  0.34299054  1.31621615  0.25006184]
[ 1.50160325  1.80740838  0.87326442 -1.36077732]
[ 1.60994168  0.74298539 -0.95015694  1.48987177]
[-0.52499536  1.17032837  1.05269411 -1.38785391]
[-0.68315105  1.18831866 -0.50058792  0.46684846]
[-0.6132292   0.64485381 -0.77573113  1.70072126]
[-0.7010097  -1.02037227 -0.6850283   0.41641115]
[-0.68887072 -1.1608475  -1.57038112 -0.28595292]
[ 1.53124176  0.01258939 -1.94492979  0.90520797]
[-0.69582911  1.21489738  0.06946963 -0.32801607]
[-0.12874897 -1.04748134  1.98901983 -0.37401331]
[-0.57271528  1.37698717 -1.27262337  0.964167  ]
[-0.65363993 -1.30987931 -0.03062255 -0.43106668]
[ 1.63870831  0.2933632   0.56421517  0.69093048]
[ 1.29623954  0.57504311  1.99254711 -0.20077093]
[-0.67101966  0.69986887  0.58891222  0.34426185]
[ 1.35373003  2.3714608  -2.1603507   0.77586533]
[ 1.66576116 -0.11547962 -0.20364959  0.41195387]
[-0.56516098  0.74710089  1.18893007 -0.35183552]
[ 1.66200599 -0.34832964 -1.26642637 -0.26551967]
[-0.67615798  0.31253086 -0.24747202  1.51196335]
[-0.66828102 -0.84945293  0.38122482  0.65448214]
[-0.58765514 -0.97378111  0.89074051  0.29580452]
[ 1.39069812 -1.01123453  0.32845624 -1.99481001]
[-0.71557832 -1.43302972 -1.55245676 -1.6187899 ]
[-0.48058944 -1.21442118  1.10754793 -0.29464659]
[ 0.63430191 -1.28710322  1.73352163 -1.57077742]
[-0.4786269  -1.63023292  0.28080466 -1.85877653]
[-0.61797267  0.21934176 -0.76805556  1.87285303]
[ 1.07917162 -0.70444991  1.92450969 -0.61079987]
[ 1.66035328 -0.45089269 -0.75979826 -0.50710022]
[ 1.56012381 -0.55760649  0.35205887 -0.57302158]
[-0.66708767 -0.99999947 -1.50556536  0.32758295]
[-0.66849117  1.17162907  0.39484266 -0.60013336]
[-0.66774785  0.30903281  0.7156762   0.78860591]
[ 1.65029974 -0.58953735 -1.9570011  -1.76800818]
[-0.66401507  1.85332383 -0.25746448 -2.62310041]
[-0.68200551 -1.11596645 -0.07428415  0.16489011]
[-0.69451861  0.80922936  0.04312744  0.69333445]
[-0.67929269 -1.40264688 -0.49074144 -0.8766391 ]
[ 1.59078865 -0.22626002 -2.00235389  0.06544799]
[-0.70331332  1.69257509 -0.40489589 -1.49092914]
[ 1.10313639  1.79482622  1.45973894 -2.68759867]
[-0.5604143  -1.22561895  0.78322089 -0.21303356]
[ 1.6300116   1.03674327  0.7495379   0.4180594 ]
[-0.67636089 -1.52137177 -0.79095153 -1.62014665]
[-0.22599074 -0.26086155  2.23447487  0.00386198]
[-0.70335821  1.41102679 -0.28375641 -0.50837828]
[-0.6911342  -0.51320332  0.14511298  1.15239223]
[ 1.54330502 -0.36888656 -2.85405098 -1.01520823]
[-0.69926653  1.88131215 -1.05350259 -1.29472657]
[-0.30163551  0.47294914  2.03647902 -0.55412827]
[-0.69055799 -0.83285456 -0.70384729  0.86396606]

Populations

0.0106878808593
0.0157087061672
0.0186751904851
0.00762377817131
0.0132603114489
0.0135842141231
0.0128724475441
0.0121386886533
0.00926469363916
0.00803213637838
0.00915613794339
0.0105486869987
0.0184222892519
0.0032469343179
0.0081124746731
0.0158478442222
0.00646730784965
0.0203175951186
0.0120650846751
0.0119763294405
0.0134478245022
0.0120922054116
0.00446221498715
0.0168306362815
0.00656480904867
0.0146559025579
0.00357751226063
0.0104941067524
0.00698541596446
0.000329193176582
0.0139110588941
0.0055515528132
0.01265265122
0.0147845696547
0.00124002664067
0.0151290134703
0.0116623908229
0.00283226825155
0.0109796897487
0.00149037195994
0.0100150306591
0.0192548790406
0.0168221438421
0.0015283433086
0.00684261362285
0.00982818926014
0.00562477927518
0.00954276706617
0.00383790280848
0.0111593335449
0.00759100844391
0.0144994977318
0.00520623359894
0.0103096129448
0.00603653934241
0.00835789577471
0.00849408617617
0.00573541386264
0.00665934185731
0.0155212193235
0.0245161939265
0.0121236143418
0.016449330154
0.00184731000503
0.0202420557318
0.0100894946476
0.0102761275551
0.0118022658341
0.0174060670011
0.011254592578
0.00160726452069
0.00532922475624
0.00623536703688
0.00459249796008
0.00720785579121
0.00668264738199
0.01287810713
0.0119597161031
0.0109840280173
0.0044978839017
0.0102953318309
0.012856361215
0.00652902567414
0.00560670684611
0.0146070800033
0.0151151824081
0.00887162841701
0.011258608277
0.00952070344845
0.00241103230591
0.00737586980643
0.00906999300031
0.00886956315201
0.00552057652701
0.0140274692761
0.0168295398653
0.00640148536689
0.0110683615536
0.00358409659253
0.0116507621955

State labels

0
1
2
3
4
5
6
7
8
9
10
11
12
13
14
15
16
17
18
19
20
21
22
23
24
25
26
27
28
29
30
31
32
33
34
35
36
37
38
39
40
41
42
43
44
45
46
47
48
49
50
51
52
53
54
55
56
57
58
59
60
61
62
63
64
65
66
67
68
69
70
71
72
73
74
75
76
77
78
79
80
81
82
83
84
85
86
87
88
89
90
91
92
93
94
95
96
97
98
99

Eigen values

1.0
0.946593835175
0.241115468784
0.10729977017
0.101376923474
0.0899394278845
0.0863593009797
0.0835765704483
0.0817887865101
0.0762398279652
0.0748881847965
0.073980820445
0.0686164931385
0.0676773001067
0.0669587998482
0.0627642361044
0.0606280885986
0.0592410737944
0.0576258379661
0.0568608564748
0.0564444388955

Left eigenvectors

[ 0.01068788 -0.00801634  0.01450798 -0.00112725  0.00375143  0.00167896
 -0.00963047 -0.032756   -0.00460669  0.00678151 -0.00029402 -0.00922316
  0.00880165  0.00793423 -0.00112272 -0.0211305  -0.01027489 -0.00873272
 -0.00076805  0.00020626 -0.00178092]
[ 0.01570871 -0.01189594 -0.00303423 -0.00513811  0.00142829 -0.00180451
 -0.00958433 -0.01173058  0.00403681  0.00160148  0.01131465  0.0062554
 -0.00515503  0.01477878 -0.01435214 -0.00597279 -0.00363248 -0.00302927
 -0.00645049  0.00373693 -0.00351468]
[ 0.01867519  0.02560928 -0.00090999 -0.00210741 -0.01629814  0.0021066
 -0.00583581  0.00507165 -0.00394012 -0.00724121 -0.00770076 -0.00738579
 -0.00624409  0.021428    0.01264893 -0.01477634  0.01161958  0.00165211
  0.01123914  0.00254932 -0.03611311]
[  7.62377817e-03  -5.87591025e-03  -1.04326289e-02  -6.84237163e-04
  -6.36511009e-04  -3.80444497e-04  -3.07572587e-03  -9.95861247e-03
   1.17100632e-02  -3.22618777e-03   1.13219831e-03   6.82674454e-03
   6.49808202e-03  -9.69580465e-03  -3.73579404e-03  -5.02629627e-03
  -3.75928293e-03   2.14385609e-03  -9.76573045e-04   3.71074286e-03
  -1.29851501e-05]
[ 0.01326031  0.01650684  0.00117068  0.01723706 -0.01648896 -0.00275317
 -0.0005296  -0.00517202  0.00225171 -0.00566645 -0.0015367  -0.00218075
  0.00984329 -0.01986143 -0.01496313 -0.0089224  -0.00200351  0.00521735
  0.00076533 -0.00021327  0.03404618]
[ 0.01358421 -0.01071939 -0.01276173  0.00314056  0.00350507  0.00499771
 -0.00116225  0.01152583 -0.0027475  -0.02014759  0.00616038 -0.00750296
  0.0029617  -0.01132823  0.00389235  0.00444468  0.00242275 -0.02484449
  0.00560663 -0.00512903  0.00409859]
[ 0.01287245  0.01783403 -0.00094577  0.01627606  0.01127085  0.01157945
  0.00379049  0.00203962  0.000244    0.00481089 -0.00245899  0.0112826
 -0.00398444 -0.00439779 -0.00785088  0.01206461 -0.01930526  0.00787043
 -0.02138145 -0.016074    0.01870106]
[ 0.01213869 -0.00942893 -0.0144684  -0.00217817 -0.00319312 -0.00328484
 -0.02296943 -0.01572833  0.01435672  0.00637264  0.01179376  0.02994922
  0.00487243  0.00035723 -0.03251365 -0.00505975  0.01578694 -0.00973647
  0.0056129  -0.00727566 -0.00032029]
[ 0.00926469 -0.00657994  0.01387908  0.00285793  0.00012283 -0.00025348
  0.01366645 -0.00736317 -0.01463591  0.00319688 -0.0035921  -0.00560841
  0.00834458 -0.00591202 -0.00422172  0.00054094  0.00680297 -0.00042157
 -0.00910902 -0.00403023  0.00452777]
[ 0.00803214 -0.0059766   0.01191799  0.00203707  0.00370339  0.00668661
 -0.00773657 -0.02459749 -0.00926458  0.00018472  0.00419971 -0.01533261
 -0.0018172   0.008041   -0.01042985 -0.01353305 -0.01445746 -0.00118679
  0.00040135  0.00344095  0.00528901]
[ 0.00915614  0.01237571 -0.00069209  0.0135672  -0.01108176 -0.02439588
 -0.01247143 -0.00084885 -0.00813612 -0.02379389 -0.03257124  0.00655277
  0.00072933  0.00250095 -0.0033512  -0.00697944 -0.00312759  0.00685078
 -0.00570556 -0.00280357  0.00208916]
[ 0.01054869 -0.00793602  0.01273686  0.00515591  0.0028344   0.00584235
  0.00077906  0.0004065  -0.01337771 -0.00804412  0.00632199 -0.01846665
 -0.00418494 -0.01184124 -0.01179071 -0.00932643 -0.00141204  0.01340628
 -0.01051528  0.00770713 -0.00682979]
[ 0.01842229  0.02442951  0.00054463 -0.00463313 -0.0181877   0.03875748
  0.00146203  0.00543447  0.0038832  -0.01562904 -0.02061419  0.00841935
  0.00405315  0.00396668 -0.01034741 -0.01213544  0.00164045  0.00971813
  0.01314902 -0.02656019  0.00754188]
[  3.24693432e-03  -2.49677314e-03  -4.98675419e-03  -4.60353672e-04
  -3.17299391e-04  -1.99705505e-04  -3.72452159e-03   2.77994969e-03
   6.11359501e-03   5.82282580e-03  -1.10215612e-03   7.29291518e-04
  -1.08210104e-03   6.29726820e-03  -9.45138791e-04  -3.31192708e-03
   3.53275851e-04   4.85205361e-03  -8.05665634e-05   2.23615697e-04
  -9.04700975e-05]
[  8.11247467e-03   1.10272122e-02  -1.17557632e-03  -3.32255941e-03
  -7.47791191e-04  -4.30943262e-03   1.66222647e-03   2.83441657e-03
  -2.90790877e-03  -4.39375654e-04  -2.08325724e-03  -1.89389053e-03
  -9.28523228e-03  -4.94585154e-03   2.21130403e-05  -2.43672945e-02
   6.60189872e-03   7.61891493e-03   6.90780243e-03  -4.99314258e-03
   1.71860732e-02]
[ 0.01584784  0.02151177 -0.00067282 -0.00734873  0.0263821   0.01625129
  0.00603827  0.00075544  0.00685076  0.01567379  0.01962476  0.00283615
  0.00172545  0.00267079  0.00029113  0.02567253 -0.0138391  -0.00583053
 -0.01464635 -0.0095253  -0.01156764]
[ 0.00646731 -0.00483636  0.01318992  0.0006295   0.00224068 -0.00556309
  0.00531036  0.0084952   0.01444299 -0.00106145  0.00418587  0.00635666
 -0.00639721  0.00696603 -0.00117397 -0.01854056  0.00567191  0.0021251
 -0.0202567  -0.01375709 -0.01294625]
[ 0.0203176   0.02767933 -0.00300925 -0.00046654  0.0403405  -0.01585816
 -0.00032069 -0.00283112 -0.01110957 -0.00496319 -0.01293293  0.01257854
 -0.01767987 -0.00250015  0.013003   -0.02311984  0.02394527 -0.00495179
  0.0272578   0.0282827  -0.01653233]
[ 0.01206508 -0.00929438 -0.01780657  0.00075661 -0.00224213 -0.00260885
  0.01837061 -0.00395122 -0.01480412  0.00115268 -0.00124955 -0.00196951
  0.00711645 -0.00050987  0.01174789 -0.00377691 -0.00064143 -0.00411507
 -0.00904075 -0.01036725 -0.00027775]
[ 0.01197633 -0.00928954  0.01054159  0.00189493  0.00357136 -0.0016023
 -0.01067252  0.02108467 -0.00625944 -0.0155231   0.01816461  0.00565691
 -0.00211107  0.0082931   0.00473825 -0.00336152 -0.00279568  0.00399602
  0.00167473 -0.00748591 -0.00759895]
[ 0.01344782 -0.0103139  -0.01088579  0.00100258 -0.0018529  -0.00520122
  0.00190702  0.00693937 -0.02716275 -0.01457709  0.02488488  0.00821303
  0.00291214  0.00701329 -0.00187395 -0.00388934 -0.01603286  0.01888644
  0.0052933   0.00332421 -0.01593575]
[ 0.01209221 -0.00842456  0.00495323  0.00321713  0.00132802  0.00930153
  0.00382555 -0.02129347  0.00958693 -0.03218737  0.00709018 -0.00949231
 -0.01122495  0.00239524  0.00088202  0.00295708 -0.00718898  0.00555893
 -0.00324772  0.00575673  0.00855419]
[ 0.00446221 -0.00351645 -0.00633421  0.00013333 -0.00101258 -0.00396147
  0.01042206 -0.00598542  0.00024024  0.0071917  -0.0018631   0.00492228
 -0.00532356  0.0104554  -0.01477347  0.00113385  0.00981081  0.00638223
  0.00121904 -0.00016145 -0.00499689]
[ 0.01683064 -0.01271889  0.02246547 -0.00250766  0.00739527 -0.00611562
  0.00817534  0.00356992  0.04492383 -0.0222806   0.00152101  0.00583921
  0.01205381 -0.00135145  0.03307742 -0.01868057  0.00402606  0.0134109
 -0.01841536 -0.00767191  0.00351091]
[ 0.00656481  0.00745959  0.00034797 -0.01763776  0.00152676 -0.01046405
 -0.00028878 -0.00616667 -0.00457114 -0.001955    0.00177845  0.00814322
 -0.01630845 -0.01427771 -0.00982833  0.00061526 -0.00779116  0.00654072
  0.00674098 -0.02888212  0.01022239]
[ 0.0146559  -0.01134746 -0.02462208  0.00260319 -0.00135846  0.003834
  0.01883581  0.00052339 -0.01573413  0.02340162 -0.01904251 -0.02692084
 -0.00468436  0.01251837  0.01105719 -0.00893158  0.00552457  0.00140275
 -0.01215538 -0.01731467  0.00107663]
[ 0.00357751 -0.00263297 -0.00205637 -0.00013794  0.00121229 -0.00356072
  0.00513624  0.00441151 -0.00202221  0.00111388 -0.00285779 -0.00043593
 -0.00419267  0.01023668 -0.00837167  0.00659121  0.00323944  0.0010548
  0.00425308 -0.00421616  0.00483941]
[ 0.01049411 -0.00782523 -0.00369932  0.00349037 -0.00271241  0.00131794
  0.0149302   0.01523758 -0.0069748  -0.01343945  0.00563097 -0.00659966
 -0.00721997 -0.01797186 -0.01501338  0.00268949 -0.00603271  0.00118993
  0.00754282 -0.00382939 -0.01171746]
[ 0.00698542 -0.00549316 -0.00943519 -0.00478828 -0.00202758 -0.00678766
  0.01321791  0.00631354  0.00957201  0.00451582 -0.00428757  0.0025616
  0.00941374  0.0099552   0.01374973  0.00119004 -0.00081945  0.02675312
  0.00850123 -0.00682518  0.00232626]
[ 0.00032919 -0.00018998  0.00040308 -0.00172341 -0.00034844 -0.00024889
 -0.00166728  0.0003286   0.0029683   0.00150487 -0.00083587 -0.00088468
  0.00225629 -0.0023808   0.00288037 -0.00010682 -0.0016624   0.00092523
  0.00098885  0.00072518 -0.00047148]
[ 0.01391106  0.01912839 -0.00122266  0.00476008  0.00037825  0.00344459
 -0.00228903 -0.00193827  0.00057443 -0.01126112 -0.01466432  0.00014681
  0.02943555  0.01364008 -0.01462891  0.02532099 -0.00989912 -0.00030704
 -0.02337469 -0.00078537 -0.00981667]
[ 0.00555155 -0.0041124  -0.00541207  0.00054663  0.00221007  0.00673336
 -0.00539304  0.01149668  0.01020471 -0.00712929 -0.01022352 -0.01350178
 -0.02034063 -0.00275314 -0.0037094   0.01129113 -0.00575429  0.00123829
  0.00252845  0.01480672  0.00769479]
[ 0.01265265  0.01651419  0.00123206  0.00933985 -0.01563558  0.01602909
  0.00496896 -0.00303016  0.00901598  0.00795841  0.0094351   0.00061525
  0.01605684 -0.0063097  -0.003802    0.01344541 -0.00531282 -0.00680001
 -0.01075651  0.01525963  0.01058936]
[  1.47845697e-02  -1.09456567e-02   8.83338109e-03  -6.50942466e-05
   8.96110120e-04   8.40309365e-04   2.85494208e-03  -8.42778843e-03
  -2.74640672e-02   2.35217414e-03   8.17792724e-04  -8.32138046e-04
   4.77854025e-03   6.28401175e-03   1.76622391e-02   4.88692887e-03
  -2.63526093e-03  -2.32253239e-03   3.48985319e-03  -7.64979113e-04
   1.02204772e-02]
[ 0.00124003 -0.00091163  0.00344212 -0.00039401  0.00258207  0.00132921
 -0.00548008 -0.00682323  0.00469321  0.00288041 -0.00295338 -0.00309116
 -0.00120286  0.00177938 -0.00157655 -0.00016472 -0.00301251  0.00248624
 -0.00027048 -0.00172686 -0.00273755]
[ 0.01512901 -0.01136228  0.01472234 -0.00045601 -0.00216232 -0.01307264
  0.04131244  0.01089331  0.00689596  0.00211919 -0.00717697  0.01088842
 -0.00446083  0.0285248  -0.01457073  0.00981248 -0.01219743 -0.00018717
  0.01753901  0.00192045  0.00600392]
[ 0.01166239  0.015993   -0.00166349 -0.03226874  0.02839281  0.00392947
  0.00301156  0.00219848 -0.00766282 -0.0017661  -0.00020627  0.00813597
 -0.00213496  0.00472197 -0.00059923  0.00745373 -0.00663774  0.00124043
 -0.01941977  0.00668537  0.0022464 ]
[ 0.00283227 -0.00223863  0.00076854  0.00060102 -0.0011369  -0.00080265
 -0.00338099  0.00422058 -0.00276032  0.0058186  -0.00129196  0.00538972
  0.00585557 -0.00845595 -0.00521359  0.00252955  0.00935969  0.00563687
 -0.00334176  0.00212412 -0.00183929]
[  1.09796897e-02  -8.15738428e-03   1.46983120e-02  -7.16191292e-04
   1.34070282e-03   1.76056291e-03  -2.18129660e-02   2.63129399e-02
   1.75008075e-02   2.07817020e-02  -1.27590275e-02  -4.15258920e-03
   8.08594837e-05  -2.38394458e-02  -9.01243695e-03  -6.12067677e-03
  -1.65578219e-03   3.15060304e-03  -7.47805844e-03  -3.09101951e-03
  -1.20665216e-02]
[ 0.00149037  0.00054084  0.00162265 -0.00079914 -0.0004419   0.0007196
  0.00131688 -0.00295649 -0.00205233  0.00306106  0.00524847  0.0026181
 -0.00082523  0.00110001  0.00598727 -0.00014126 -0.00360156  0.00089524
 -0.00518369  0.00439769 -0.00307167]
[ 0.01001503 -0.00800789 -0.01786657  0.00011678 -0.00324163 -0.0013955
 -0.00746891  0.00425221 -0.00190744  0.00200263  0.01035897  0.0218768
  0.01019035  0.01625047  0.00589716  0.00170388  0.00775512  0.0005704
 -0.00010502  0.0024808   0.010984  ]
[ 0.01925488 -0.01484097  0.01038401 -0.00104444  0.00607254 -0.00714998
  0.00635366  0.01065481  0.02081236  0.00061112 -0.00855699  0.00110091
  0.01138992 -0.00191491 -0.00811911 -0.0180297  -0.01270432 -0.02099213
  0.00025944 -0.00943227 -0.00307574]
[ 0.01682214  0.02308683 -0.00092084  0.00905936 -0.00073909  0.00099142
 -0.00096152  0.00133014  0.00201998  0.00469701  0.00709073 -0.00511619
 -0.00284268  0.00068658  0.00317208 -0.00394244  0.00375304 -0.00066289
  0.00811191  0.00496911 -0.00516145]
[ 0.00152834  0.00196224 -0.00019627 -0.02092951 -0.00534795 -0.00702418
 -0.00073676  0.00161069  0.00095581  0.0002075   0.00808829 -0.01033297
 -0.00054536  0.00172236 -0.00181776 -0.00085144  0.00350498  0.0015205
  0.0013815  -0.00649798  0.00280836]
[ 0.00684261 -0.00535024 -0.00790968 -0.00105473  0.0006409  -0.00147364
 -0.00909949  0.00815995 -0.00183837  0.00285943  0.00923602  0.01021075
  0.01358677  0.0071747   0.00647528 -0.00969524 -0.02183626  0.00187779
  0.00478316  0.00086885  0.00042226]
[ 0.00982819  0.01362619 -0.0008262   0.01714546  0.00276002  0.0077768
  0.00560216  0.00191904  0.00756547  0.01498586  0.01912191 -0.00274938
  0.00644872 -0.00868273 -0.00075965 -0.01284287  0.00160546  0.00044083
  0.00329801  0.01077654  0.01848405]
[  5.62477928e-03  -4.01819430e-03   8.15887610e-03  -5.46115407e-04
  -3.27544268e-03  -5.62635302e-03   1.02611055e-02   5.08734014e-03
  -3.86195224e-03   9.00488784e-03  -1.76922334e-03   1.09514360e-02
   2.22810277e-03   2.47137600e-03   2.15173853e-03  -1.92600790e-03
   3.57200362e-03   2.76261131e-05  -5.58775784e-03   3.04707986e-03
  -2.22476797e-03]
[ 0.00954277 -0.00741336 -0.00914872  0.00251648  0.00094223  0.00142725
  0.00492334  0.00761475 -0.02120786 -0.00372047  0.00504515 -0.00787306
  0.00835628 -0.01050475  0.00502128 -0.00417965  0.00894114 -0.0104404
  0.00332394 -0.00379087 -0.00684303]
[ 0.0038379   0.00521569 -0.00099206 -0.0075079   0.02528384  0.00934488
  0.0033616   0.00094505 -0.00303538 -0.00094961 -0.00519818  0.00802907
  0.00024898 -0.00156204 -0.00070089 -0.00109621  0.0016389   0.00340982
  0.00078924 -0.00435476  0.00357519]
[ 0.01115933  0.01524861 -0.00104399  0.00597301  0.00495469 -0.0015866
  0.0027304   0.00460146  0.00327869  0.00500684  0.00888995 -0.00761824
  0.00340717  0.00076502 -0.00060611 -0.00791953  0.00012205  0.00313594
 -0.00664683  0.00916649  0.00932398]
[ 0.00759101 -0.00587948 -0.00486252 -0.00060605 -0.00038219  0.00061055
 -0.00520729 -0.00100074 -0.00134467 -0.00435947  0.00454278  0.00720083
  0.00080616  0.01709711  0.01240672  0.00288351  0.007226   -0.00773929
  0.00327799 -0.0009314   0.01576899]
[  1.44994977e-02  -1.14175185e-02  -2.06807600e-02   2.60623871e-03
  -5.17916447e-03   2.44217866e-03  -1.90757997e-03  -2.12802365e-03
  -2.66345022e-03  -6.92626230e-03   1.39509353e-02   1.36573958e-02
   4.39956392e-04  -3.27634490e-03   6.04178574e-03   1.11900448e-03
   3.71179520e-03  -4.62388353e-03  -1.09929493e-02  -1.04766822e-05
  -5.57666357e-03]
[  5.20623360e-03  -4.08997189e-03  -5.22402798e-03   4.84222836e-05
  -1.95961082e-04  -1.53507200e-03   1.80625799e-04   4.24249421e-03
   3.65038006e-04  -2.11197517e-03   2.02627011e-04   2.17237463e-03
   1.05878075e-02  -7.82945681e-03  -3.56803031e-04  -6.04020219e-03
  -1.92821260e-02  -1.58568166e-02   8.68458899e-03  -3.97841593e-03
   1.86268891e-03]
[ 0.01030961 -0.00743264  0.0119553  -0.00279539 -0.00095295 -0.00589343
 -0.00487425  0.01457772 -0.00945139  0.00914677 -0.00052058  0.00693196
  0.00602502 -0.00969131 -0.0100898   0.01380083 -0.00167822  0.01177388
  0.01627912  0.01331025 -0.00107963]
[  6.03653934e-03  -4.67463058e-03   7.24304549e-03  -5.78637050e-05
  -2.04379506e-03  -3.15332164e-03   2.23851140e-03   1.19236983e-02
  -7.56808379e-03   7.50103148e-03  -4.94285926e-03   8.16371129e-03
   7.42630042e-03  -4.75700889e-03  -2.29804684e-03   1.00638389e-02
   8.01330282e-04  -4.84605388e-03   7.66854799e-03   2.70046964e-03
   5.63510705e-03]
[  8.35789577e-03   1.17257847e-02  -1.55602336e-03   1.80076311e-02
   3.17786253e-02  -9.60689197e-03   2.79353912e-03   6.28574333e-04
   7.52970815e-03   1.40313374e-02   2.14724515e-02  -9.66449741e-03
   9.38567819e-03  -2.52875334e-04   1.54832024e-03   1.12560574e-02
   2.31347461e-03  -6.07415390e-04  -8.62528496e-04   6.02970063e-06
   2.97659025e-03]
[ 0.00849409 -0.00655492 -0.00710921 -0.00292887 -0.00168588 -0.00460524
  0.00754967 -0.01541579  0.01507603  0.00446876 -0.0024555   0.00185131
 -0.00079209  0.00326323 -0.00497059  0.00344323 -0.01084602  0.01973543
  0.01193251  0.01010529 -0.00688355]
[  5.73541386e-03  -9.15459824e-04   4.85092577e-03  -5.34880535e-04
  -8.72320817e-03   3.27126790e-03   3.09894713e-05  -1.39070572e-02
  -6.26620538e-03  -1.95261990e-03  -2.21682733e-03   8.99927293e-03
   7.43691918e-03  -1.47853035e-02  -7.82794981e-03   5.33531336e-03
  -4.87626036e-03  -2.73236171e-03   5.64797003e-03  -5.74200581e-03
   7.42922084e-03]
[ 0.00665934 -0.00522626 -0.01013668  0.00202944 -0.0005535   0.00114207
 -0.01534903  0.01119613 -0.00690069  0.00300118  0.01024136  0.00777091
  0.00040322 -0.00167041 -0.00776338 -0.00802611 -0.00054741  0.00340168
 -0.00482961 -0.00533168 -0.01430715]
[ 0.01552122 -0.01121693  0.02920964 -0.00224336 -0.00047423  0.0077435
 -0.00738982 -0.00396201 -0.00030911 -0.0133368   0.00799598  0.00652635
  0.01171007 -0.02248024  0.02940291  0.01685112  0.01907703  0.02314813
  0.00323293  0.00170756 -0.00523195]
[ 0.02451619  0.03327029 -0.00197929  0.00834364  0.02196197 -0.01965198
 -0.00388708 -0.00942841 -0.00426631  0.00420224  0.00334935  0.00216034
 -0.01935438 -0.01564122  0.0167248  -0.00665397  0.01596066 -0.00863078
  0.04508945 -0.01156712 -0.01681304]
[ 0.01212361  0.01526254 -0.00052232  0.00342599 -0.00320059 -0.00049617
  0.0006318   0.00498656 -0.00302007 -0.00117614 -0.00632961  0.00353245
  0.00621649 -0.00230095 -0.0018135  -0.01943117 -0.00144801 -0.00180699
 -0.00128064  0.01192799  0.00509375]
[ 0.01644933 -0.01296642 -0.0226172   0.00287831  0.00130832  0.01152102
 -0.03811459 -0.00771849 -0.00751406  0.00303023  0.00145623 -0.01079856
 -0.02697774  0.0141714  -0.00683696  0.00953216  0.02613911 -0.02470524
 -0.02768791 -0.0005345   0.01567203]
[ 0.00184731  0.00243962 -0.00026067 -0.0070265   0.00738086  0.00485468
  0.00117074 -0.00096028 -0.0040687  -0.00214724 -0.00756549  0.00916093
 -0.00390914 -0.00489839  0.0012485  -0.0052592   0.00135024  0.00015177
  0.00052972  0.0070065   0.00447202]
[ 0.02024206  0.02741806 -0.00114298 -0.01282849 -0.01625004  0.00837428
 -0.01113407 -0.00430618  0.00587583 -0.0241879  -0.01864584 -0.01623402
  0.03741319  0.01352848 -0.00614662  0.00923871  0.02590793 -0.01843599
  0.02853336  0.01199399 -0.02940693]
[ 0.01008949 -0.00779693 -0.01454539  0.00020889 -0.00210575  0.0011396
 -0.01380994 -0.00071003  0.00531361 -0.01017423  0.00522608  0.0067449
 -0.00422152 -0.00574941  0.00264207  0.01257987  0.02304743  0.01109046
 -0.00543529  0.00214952  0.00424059]
[ 0.01027613  0.01433244 -0.0013518   0.01918505  0.00460001 -0.04832352
 -0.01157446 -0.00278804 -0.00404727 -0.01321073 -0.01085715 -0.01115508
  0.00477552  0.01180844 -0.00018955  0.0180792  -0.00435157  0.00324783
 -0.01875349 -0.00404262 -0.01011307]
[ 0.01180227 -0.00903275 -0.00648523  0.00192975 -0.00073775  0.00092425
  0.01392051 -0.00685602  0.01293343  0.00077363 -0.00438871 -0.00289866
 -0.00856817 -0.00252185 -0.00823164 -0.00148706  0.02059173 -0.00463168
 -0.00635938 -0.00014678 -0.00109255]
[ 0.01740607 -0.01313381  0.01339812  0.00235014 -0.00095663 -0.00388688
  0.02942481 -0.00319707 -0.01406187 -0.00994788  0.00575022  0.00041619
  0.00047792  0.00364176 -0.00798431 -0.01016827 -0.00870699 -0.01350143
 -0.00516717 -0.00034569 -0.00839512]
[  1.12545926e-02  -8.34002845e-03   1.31295498e-02   1.90311759e-04
   1.62258825e-03   8.24791856e-04   3.25973742e-03  -1.15255999e-02
   1.26573109e-02  -5.41532099e-03   3.52814266e-03   8.10290549e-04
   1.70015900e-05   4.66680330e-03   9.19383297e-03  -4.14934988e-04
   5.44993161e-03  -1.03984482e-02  -2.11164389e-03   2.56905467e-03
   1.41373338e-03]
[  1.60726452e-03   1.80017300e-03   2.03810616e-04  -8.05156570e-04
   7.21421684e-03   4.29773251e-03  -1.35549544e-03  -2.97471234e-03
   1.30448029e-03  -2.09766334e-03  -2.39527917e-03  -9.82658901e-05
   2.39692086e-03   5.36614487e-04  -1.51901436e-03   8.41292320e-03
  -1.78959049e-03  -1.03590268e-03   1.60323437e-04  -9.70228694e-03
  -2.20201326e-03]
[ 0.00532922 -0.00391093  0.00621646 -0.00100682  0.00061316  0.00335357
 -0.00530366 -0.01003343 -0.01000762  0.00712457 -0.00360279 -0.0063309
  0.00264911  0.00201691  0.00492732  0.00629436  0.00731808  0.00722816
  0.00722891  0.00147396  0.00274715]
[  6.23536704e-03  -4.36282259e-03   6.47893957e-03   5.18884179e-04
  -9.98180864e-04  -4.34048745e-03   3.03603524e-03   1.80564444e-02
   9.21542025e-05   6.69429500e-03  -7.50645270e-03   2.05161883e-03
   3.11940205e-04  -6.62176972e-03  -8.19603499e-03  -6.31754073e-03
  -1.66818678e-03  -2.33015062e-02  -4.56434582e-03  -2.34704911e-03
  -5.83035444e-03]
[ 0.0045925   0.00298252  0.0035904  -0.00276181 -0.00778548  0.00548061
  0.0029216  -0.00423621  0.00064934  0.01239968  0.00810845  0.00558163
 -0.01632721 -0.00483504  0.00824075  0.00758454  0.0004393  -0.00711104
  0.00546698  0.00553258 -0.01299206]
[ 0.00720786 -0.00504413  0.01290905  0.00045315 -0.00351261  0.00276614
  0.00659924  0.00859763 -0.00656691  0.0060262  -0.00804119 -0.00048999
  0.00197792  0.004978    0.00231863  0.00751275  0.00845463  0.00437772
 -0.00461167 -0.00073717  0.00933232]
[  6.68264738e-03  -5.09686514e-03   3.20604413e-03   6.35830535e-05
   9.97350033e-04   4.84404083e-04   1.00192501e-03   8.03706452e-03
   9.32167780e-03  -1.18155829e-02   4.74649540e-03   7.07710627e-03
  -4.61869843e-03   1.08233055e-02  -7.14728920e-03   7.65846618e-03
   2.14487349e-03  -1.41273066e-02   8.79779011e-03   1.10344430e-02
   1.27845639e-02]
[ 0.01287811  0.01371578  0.00672252 -0.00787085 -0.03631436 -0.01806071
 -0.00055319 -0.00653305 -0.00595837  0.00860069 -0.00074179  0.02215712
 -0.0332592  -0.01359406  0.01669357  0.02379856 -0.02479689 -0.0097306
 -0.0167287  -0.00225292  0.00728305]
[  1.19597161e-02   1.63168241e-02  -3.72685246e-04  -1.79436725e-02
  -1.26868254e-02   9.35624206e-05   4.86533287e-03   6.04890383e-03
  -5.94721345e-03   4.12740709e-03   2.59022161e-03   3.66169504e-03
  -1.22605971e-02   5.22274006e-03   4.23602788e-03  -1.38899332e-02
  -4.28716258e-03  -4.02877265e-03  -2.68568863e-02   4.53672942e-02
   4.72401225e-04]
[ 0.01098403  0.01471825  0.00115748  0.00603467 -0.02581918  0.03378209
  0.00389523  0.00517712  0.00013247 -0.00116604 -0.00901684  0.00660067
 -0.0028694   0.01463274  0.000702   -0.00565291 -0.00184355  0.00771023
 -0.00323396 -0.00155942 -0.01338322]
[ 0.00449788 -0.00335854  0.00512908 -0.00131459 -0.00073077 -0.00410559
 -0.00825334 -0.0018758   0.0116401   0.01139514 -0.00799538  0.01177821
  0.00298556  0.00387507  0.00411054  0.00054059  0.00526737  0.00503936
 -0.00448444 -0.00137015  0.00105563]
[ 0.01029533 -0.00814127 -0.01515271 -0.00066854  0.00186269  0.00014466
 -0.01042124  0.00788206  0.00728646  0.00495235 -0.00515209 -0.00347515
 -0.00553014  0.00409345 -0.00347552  0.00382238 -0.01670396  0.00377847
  0.01249195  0.01001863  0.00217294]
[ 0.01285636 -0.00986449 -0.00790272 -0.00094674  0.00208627  0.00027025
  0.0008153   0.00480169  0.00234884  0.00158275 -0.00774696 -0.0016937
  0.00387941 -0.00098811  0.01870903  0.00025855  0.00356124 -0.02250106
  0.0076961  -0.00331821  0.00872924]
[ 0.00652903  0.00903571 -0.00035004 -0.02686813 -0.01082658  0.00212785
 -0.00015064  0.00606531  0.00775733  0.00188861  0.01232165 -0.01829841
  0.01685846  0.0011159  -0.0056806   0.00232029  0.00295947 -0.00362908
 -0.00154049  0.00303136  0.00579046]
[ 0.00560671 -0.00437679 -0.00810688 -0.00190225 -0.00152894 -0.00246997
  0.01002453 -0.01098317  0.00214468  0.01198165 -0.01232361 -0.00162377
  0.00813973 -0.00704588  0.00443814 -0.00214842  0.00752768 -0.01812031
 -0.00535722 -0.0048327   0.00029897]
[ 0.01460708 -0.01083718  0.02002685  0.00204109  0.00399201  0.00690424
  0.00220054 -0.00055318 -0.00500702 -0.00784513 -0.00135295 -0.01857604
 -0.00581611 -0.01338168  0.00351568  0.01286208  0.01451421  0.004157
 -0.00961609  0.00370529 -0.00372118]
[  1.51151824e-02  -1.20096825e-02  -2.17319523e-02  -4.49920972e-05
  -9.05842017e-04   2.55798147e-03  -4.02885913e-03  -5.30132003e-03
  -3.25008134e-03   1.01230968e-02  -4.77655749e-03  -1.14530448e-02
   5.92030817e-03  -2.81987520e-02  -2.13601572e-02  -1.23577254e-03
  -8.48955811e-03   3.02241443e-02   2.76440550e-03   1.54350154e-02
  -1.56256238e-02]
[  8.87162842e-03  -6.47291630e-03   1.43583987e-02  -9.47662959e-05
  -1.12146627e-03  -1.92490250e-03   6.45152488e-03  -7.12604631e-03
   4.16243541e-03   2.24752255e-03   3.31031575e-03   3.13292338e-03
  -1.93195104e-02   1.82411301e-03  -2.05640055e-02   9.38463122e-03
   1.05249736e-02   4.86489708e-03   3.75663084e-03   5.28600866e-03
  -9.83044839e-03]
[  1.12586083e-02   1.55496724e-02   4.43721056e-05   2.54269256e-02
  -1.67375381e-02   6.71642632e-03   1.66785490e-03  -2.39302386e-04
   1.05868271e-02   1.31476442e-02   1.94802215e-02  -9.30372771e-03
  -2.69319961e-03   4.56488284e-03   8.34427564e-03   1.33063520e-02
   2.22528637e-03  -3.24222853e-03   1.38258118e-02  -1.58229170e-02
  -1.30004594e-02]
[ 0.0095207  -0.00748958 -0.01551401  0.00144017 -0.00270126  0.00206461
  0.00597592 -0.01151206 -0.00529009 -0.02235486  0.01488855  0.00470387
  0.00135719 -0.01042593  0.01123418  0.00047518 -0.00579229  0.00963219
 -0.00603189 -0.00023855 -0.00796716]
[  2.41103231e-03   2.87460109e-03  -3.30419119e-04  -9.97826021e-03
   2.84370061e-03  -1.27066514e-02  -1.21772540e-03  -6.77572567e-05
  -2.17386467e-03  -1.08368740e-04  -5.79665491e-05  -3.99767903e-03
   6.85072616e-03  -1.80428598e-03  -4.23279989e-03   5.15650649e-03
  -2.64990692e-03  -1.79824704e-03  -4.89770362e-03   6.83375521e-03
  -3.17137234e-04]
[ 0.00737587 -0.00528106  0.01156194  0.0020903   0.00129075  0.00589252
 -0.02624299  0.01297725 -0.02149603  0.01660078 -0.00513637 -0.00630287
 -0.00062851  0.02022327  0.00918783  0.000684   -0.01078548  0.01009198
  0.00790965 -0.00318766  0.01300066]
[ 0.00906999  0.01210621 -0.00010288 -0.00906728 -0.0030694   0.01731452
  0.00353345  0.00267522 -0.00169969  0.00013808  0.00035769 -0.00035074
 -0.00539451  0.00660039 -0.00219829 -0.00348162 -0.00296118  0.00641077
 -0.0016154  -0.0202493  -0.00091361]
[ 0.00886956 -0.00655763  0.0150515   0.00186427 -0.00122456  0.00057412
  0.00512578  0.00195625 -0.00367805 -0.00490375  0.00392923  0.0001226
  0.00658037  0.00306176 -0.0035974   0.01306501  0.01597068  0.00285084
  0.01134372  0.00551235  0.01626973]
[  5.52057653e-03  -1.73561465e-03   4.22553084e-03  -8.22321693e-03
  -4.77471128e-03  -6.02215878e-03  -1.04004510e-02  -1.02971184e-02
   3.52394121e-05   1.33196943e-03  -4.36954034e-03   7.72009630e-03
  -2.30551504e-03  -8.97853049e-03   1.73593783e-02   6.40874854e-03
  -1.54561396e-03  -7.28931761e-03   6.31805004e-03  -5.96126088e-03
  -4.24474025e-03]
[ 0.01402747 -0.01077616 -0.02490723 -0.00210472 -0.00289295  0.00231903
  0.00900772 -0.00853472 -0.00530726  0.02477629 -0.02537899 -0.0147183
  0.00302527 -0.01260293  0.01335368  0.00073308  0.00658643  0.0133951
 -0.01197609 -0.00128513 -0.00090085]
[ 0.01682954 -0.0126287   0.01140938 -0.00152444  0.00515059 -0.00416443
 -0.00121813 -0.02127448  0.0075086   0.01487334 -0.00989737 -0.00609365
 -0.00373878  0.0137808  -0.00561113 -0.00327301 -0.02801721 -0.01461358
  0.02483121  0.01054599 -0.00949126]
[ 0.00640149  0.00886226 -0.00020958  0.014206   -0.00587085 -0.01895341
  0.00069355  0.00068777  0.00413877  0.00829675  0.01494805 -0.01049036
 -0.01058172 -0.00476756  0.0015918  -0.0112777   0.00591238  0.0046754
  0.00452228 -0.00467099  0.01630209]
[ 0.01106836 -0.00870145 -0.01960864 -0.00138873  0.00436009  0.00254284
  0.00623347  0.00835428  0.02368327 -0.01205736 -0.01415459 -0.01576155
 -0.01355011 -0.00287549  0.01517636  0.00937511 -0.01547445  0.00331446
  0.00703014  0.00832618  0.01343077]
[ 0.0035841  -0.001858   -0.00192651  0.00187594  0.00355247  0.002673
 -0.00016233  0.0084109   0.00093263 -0.00072547 -0.00225974 -0.00752097
 -0.00998937 -0.00335496  0.00206948  0.00419894 -0.00525102 -0.00595504
  0.00069263 -0.00557034 -0.01063705]
[  1.16507622e-02  -8.81106281e-03   1.72225863e-02   2.30288066e-03
   3.74658426e-03   5.49700988e-03  -2.06282307e-02   1.06728570e-02
  -2.65558194e-04  -9.11366511e-03   1.18724300e-04  -1.12783687e-02
  -7.74659196e-03  -1.29594629e-04   9.18008606e-05  -9.76332951e-03
   1.13449441e-03  -3.92526190e-03  -8.46199615e-03  -8.44975104e-03
   6.90324338e-03]

Right eigenvectors

[ 1.         -0.75004063  1.35742331 -0.10546992  0.35099825  0.15708979
 -0.90106469 -3.06478012 -0.43101959  0.63450494 -0.02750932 -0.86295536
  0.82351731  0.74235733 -0.10504625 -1.9770519  -0.96135933 -0.81706704
 -0.07186171  0.01929875 -0.16662977]
[ 1.         -0.75728307 -0.19315625 -0.32708708  0.09092355 -0.114873
 -0.61012826 -0.74675629  0.25697909  0.10194852  0.72027901  0.39821255
 -0.32816372  0.94080171 -0.91364264 -0.38022165 -0.23124002 -0.19284033
 -0.41063138  0.23788936 -0.22374094]
[ 1.          1.37129978 -0.04872731 -0.11284551 -0.872716    0.11280231
 -0.31248991  0.27157131 -0.21098166 -0.38774509 -0.41235235 -0.39548665
 -0.33435201  1.14740459  0.6773121  -0.79122821  0.62219315  0.08846572
  0.601822    0.13650832 -1.93374777]
[ 1.         -0.77073468 -1.3684329  -0.0897504  -0.08349023 -0.04990236
 -0.40343853 -1.30625685  1.53599211 -0.4231744   0.14850882  0.89545425
  0.85234406 -1.27178473 -0.49001872 -0.65929204 -0.49309973  0.28120652
 -0.12809568  0.48673279 -0.00170324]
[ 1.          1.24483064  0.08828442  1.29989845 -1.24348248 -0.20762471
 -0.03993865 -0.39003731  0.16980818 -0.42732418 -0.11588753 -0.1644571
  0.74231236 -1.49780995 -1.12841476 -0.67286497 -0.15109061  0.39345579
  0.05771607 -0.01608344  2.56752455]
[ 1.         -0.78910606 -0.93945294  0.23119152  0.25802516  0.36790537
 -0.08555912  0.84847217 -0.20225685 -1.48316179  0.45349554 -0.55232953
  0.21802542 -0.83392578  0.28653504  0.32719425  0.17835036 -1.82892387
  0.41273136 -0.37757302  0.30171697]
[ 1.          1.38544181 -0.07347237  1.26441064  0.87557966  0.89955294
  0.294465    0.15844836  0.01895506  0.37373543 -0.19102747  0.87649223
 -0.3095324  -0.34164336 -0.60989798  0.9372426  -1.49973525  0.61141656
 -1.66102415 -1.2487135   1.45279758]
[ 1.         -0.77676682 -1.1919246  -0.17944051 -0.26305297 -0.27060926
 -1.89224937 -1.29571933  1.18272384  0.52498554  0.97158444  2.46725362
  0.40139667  0.02942913 -2.67851432 -0.41682833  1.30054699 -0.80210214
  0.46239725 -0.59937735 -0.02638625]
[ 1.         -0.710217    1.49806095  0.3084758   0.01325774 -0.02735941
  1.47511061 -0.79475631 -1.579751    0.34506071 -0.3877193  -0.60535276
  0.90068627 -0.63812326 -0.45567778  0.05838759  0.73429014 -0.04550305
 -0.98319679 -0.43500901  0.48871247]
[ 1.         -0.74408588  1.48378818  0.2536148   0.46107139  0.83248182
 -0.96320227 -3.06238445 -1.15343882  0.02299806  0.5228637  -1.9089078
 -0.22624173  1.00110411 -1.29851503 -1.68486336 -1.79995207 -0.14775534
  0.04996773  0.42839731  0.6584813 ]
[ 1.          1.3516303  -0.07558787  1.48175976 -1.21030973 -2.66442947
 -1.36208438 -0.09270878 -0.88859753 -2.59868193 -3.5573118   0.71566967
  0.0796543   0.27314439 -0.36600629 -0.76226951 -0.34158432  0.74821692
 -0.62314083 -0.30619561  0.22817096]
[ 1.         -0.75232298  1.20743534  0.48877289  0.26869722  0.55384652
  0.07385335  0.03853521 -1.26818684 -0.76257079  0.59931575 -1.75061154
 -0.39672568 -1.12253201 -1.11774151 -0.8841317  -0.13385975  1.27089539
 -0.99683302  0.73062443 -0.64745392]
[ 1.          1.32608433  0.02956366 -0.25149568 -0.9872658   2.10383607
  0.07936191  0.29499442  0.21078837 -0.84837659 -1.11898067  0.45701979
  0.22001325  0.21531987 -0.56167903 -0.65873655  0.08904688  0.52752024
  0.71375582 -1.44174197  0.40938889]
[ 1.         -0.76896324 -1.53583464 -0.14178102 -0.09772276 -0.06150587
 -1.14708868  0.85617676  1.88288225  1.79333033 -0.33944515  0.22460926
 -0.33326853  1.93945044 -0.29108651 -1.02001665  0.10880289  1.49434917
 -0.02481312  0.06886979 -0.02786324]
[  1.00000000e+00   1.35929081e+00  -1.44909706e-01  -4.09561761e-01
  -9.21779385e-02  -5.31210609e-01   2.04897585e-01   3.49389882e-01
  -3.58449041e-01  -5.41604962e-02  -2.56796764e-01  -2.33454107e-01
  -1.14456225e+00  -6.09660028e-01   2.72580701e-03  -3.00368204e+00
   8.13795912e-01   9.39160396e-01   8.51503728e-01  -6.15489450e-01
   2.11847480e+00]
[ 1.          1.3573942  -0.04245526 -0.46370537  1.66471228  1.02545743
  0.38101501  0.04766829  0.43228364  0.98901732  1.23832367  0.17896127
  0.1088761   0.1685272   0.01837063  1.61993813 -0.87324785 -0.36790707
 -0.92418557 -0.60104683 -0.72991874]
[ 1.         -0.74781716  2.03947573  0.09733594  0.34646322 -0.86018577
  0.82110861  1.31355971  2.23323121 -0.16412485  0.6472353   0.98289093
 -0.98916184  1.07711501 -0.18152327 -2.86681226  0.87701178  0.32859171
 -3.13216849 -2.12717471 -2.00179891]
[ 1.          1.36233289 -0.14811061 -0.02296219  1.98549598 -0.7805136
 -0.01578406 -0.13934324 -0.54679558 -0.24428057 -0.63653821  0.61909567
 -0.87017545 -0.12305326  0.63998712 -1.13792203  1.17854826 -0.24371918
  1.3415858   1.39202999 -0.81369508]
[ 1.         -0.77035335 -1.47587644  0.06271083 -0.18583585 -0.21623147
  1.52262569 -0.32749205 -1.22702145  0.09553829 -0.10356719 -0.16324034
  0.58983875 -0.04225995  0.97370938 -0.31304487 -0.05316395 -0.34107237
 -0.74933206 -0.85927705 -0.02302124]
[ 1.         -0.77565846  0.88020198  0.15822296  0.29820151 -0.13378906
 -0.89113445  1.76052832 -0.52265098 -1.29614829  1.5167096   0.47234053
 -0.17627008  0.69245746  0.39563496 -0.28068024 -0.23343353  0.33365941
  0.13983688 -0.62505898 -0.63449703]
[ 1.         -0.7669564  -0.80948352  0.07455363 -0.13778417 -0.38677063
  0.14180849  0.51602167 -2.01986227 -1.08397404  1.8504765   0.61073292
  0.21655089  0.52151824 -0.13934968 -0.28921684 -1.19222723  1.40442362
  0.39361779  0.24719298 -1.18500597]
[ 1.         -0.6966931   0.40962204  0.2660499   0.10982474  0.76921719
  0.3163646  -1.76092519  0.79281881 -2.66182788  0.5863429  -0.78499397
 -0.92827962  0.19808163  0.07294106  0.24454393 -0.59451352  0.45971156
 -0.2685798   0.4760696   0.70741323]
[ 1.         -0.78805032 -1.41952101  0.02988034 -0.22692394 -0.88778033
  2.33562409 -1.34135705  0.05383884  1.61168938 -0.41752751  1.10310275
 -1.19303163  2.34309554 -3.31079372  0.25410071  2.19864188  1.43028324
  0.27319246 -0.03618058 -1.11982257]
[ 1.         -0.75569864  1.33479637 -0.14899354  0.43939352 -0.36336249
  0.48574172  0.2121085   2.66917018 -1.32381201  0.09037179  0.3469392
  0.71618243 -0.08029675  1.96530995 -1.10991451  0.23921037  0.79681482
 -1.09415707 -0.45582999  0.20860259]
[ 1.          1.13629972  0.05300593 -2.68671272  0.23256681 -1.59396034
 -0.04398941 -0.93935209 -0.69630997 -0.29780037  0.27090729  1.24043493
 -2.48422336 -2.17488644 -1.49712407  0.0937215  -1.18680749  0.99632998
  1.02683584 -4.39953675  1.5571492 ]
[ 1.         -0.77425841 -1.6800112   0.17762084 -0.09269023  0.26160075
  1.28520283  0.03571206 -1.07356944  1.59673713 -1.29930622 -1.83686022
 -0.31962286  0.85415242  0.75445315 -0.60941891  0.37695206  0.09571198
 -0.82938469 -1.18141267  0.07346072]
[ 1.         -0.73597736 -0.57480421 -0.03855867  0.33886509 -0.99530677
  1.43570112  1.23312326 -0.56525484  0.31135606 -0.79882047 -0.12185194
 -1.1719521   2.86139624 -2.34008143  1.84240045  0.90550157  0.29484113
  1.18883834 -1.17851738  1.35272984]
[ 1.         -0.74567886 -0.35251367  0.33260245 -0.25846998  0.12558891
  1.42272258  1.45201263 -0.66464018 -1.28066618  0.5365844  -0.62889187
 -0.68800259 -1.71256656 -1.43064821  0.25628528 -0.57486693  0.11339008
  0.718767   -0.36490895 -1.11657569]
[ 1.         -0.78637506 -1.35069874 -0.6854677  -0.2902585  -0.9716897
  1.89221566  0.90381665  1.37028551  0.64646353 -0.61378808  0.36670626
  1.34762712  1.42514131  1.96834874  0.17036083 -0.11730831  3.82985404
  1.21699752 -0.97706094  0.3330165 ]
[ 1.         -0.57710832  1.22446066 -5.23524686 -1.05846438 -0.75606777
 -5.06474751  0.99821324  9.01690858  4.57139954 -2.53915149 -2.68743007
  6.85400849 -7.23222013  8.74978648 -0.32449702 -5.04993668  2.81061044
  3.00387178  2.20289511 -1.43223602]
[ 1.          1.37504945 -0.08789115  0.3421793   0.02719025  0.24761545
 -0.16454769 -0.13933295  0.04129298 -0.80950831 -1.05414809  0.0105536
  2.11598215  0.98052045 -1.05160259  1.82020615 -0.71160094 -0.02207178
 -1.68029543 -0.05645619 -0.70567366]
[ 1.         -0.74076625 -0.97487512  0.09846522  0.39809863  1.21287938
 -0.97144786  2.07089387  1.83817296 -1.28419712 -1.84156076 -2.43207203
 -3.66395406 -0.49592311 -0.66817394  2.03386863 -1.03651832  0.22305376
  0.45544957  2.66713103  1.38606169]
[ 1.          1.30519575  0.09737551  0.73817321 -1.23575538  1.26685651
  0.39272091 -0.23948786  0.71257646  0.62899184  0.74570137  0.04862615
  1.26904936 -0.49868589 -0.30049067  1.06265567 -0.41989765 -0.53743734
 -0.850139    1.20604214  0.83692843]
[ 1.         -0.74034327  0.59747299 -0.00440285  0.06061117  0.05683692
  0.19310282 -0.57003948 -1.85761695  0.15909656  0.05531393 -0.05628423
  0.32321132  0.42503853  1.19464005  0.33054252 -0.17824401 -0.15709165
  0.23604699 -0.05174172  0.69129352]
[ 1.         -0.73516612  2.77584148 -0.31774086  2.08226894  1.07192093
 -4.41932179 -5.50248318  3.7847694   2.32286312 -2.3817041  -2.49281439
 -0.9700285   1.43495429 -1.27138564 -0.13283225 -2.42938967  2.00499318
 -0.2181261  -1.39260188 -2.20765483]
[ 1.         -0.75102613  0.97311975 -0.03014172 -0.14292551 -0.8640772
  2.73067625  0.7200275   0.45581017  0.14007487 -0.47438476  0.71970434
 -0.29485244  1.88543684 -0.96309836  0.6485869  -0.80622787 -0.0123715
  1.15929664  0.12693819  0.39684786]
[ 1.          1.37133151 -0.14263678 -2.76690579  2.43456181  0.33693554
  0.25822839  0.18851026 -0.65705375 -0.15143546 -0.01768639  0.69762441
 -0.18306364  0.40488828 -0.05138109  0.63912518 -0.56915801  0.10636129
 -1.66516177  0.57324171  0.19261934]
[ 1.         -0.79040207  0.27135239  0.212204   -0.40140885 -0.28339575
 -1.19373921  1.49017512 -0.97459613  2.05439514 -0.45615631  1.9029707
  2.06745043 -2.98557543 -1.84078379  0.89311815  3.30466304  1.9902324
 -1.1798898   0.74997027 -0.64940433]
[ 1.         -0.74295217  1.33868191 -0.06522874  0.12210753  0.16034724
 -1.98666507  2.39651033  1.59392551  1.89274036 -1.1620572  -0.37820642
  0.00736446 -2.17123128 -0.82082802 -0.55745444 -0.1508041   0.28694828
 -0.68108103 -0.28152157 -1.09898566]
[ 1.          0.36289162  1.08875573 -0.53619911 -0.29650329  0.48283478
  0.88359292 -1.98372567 -1.37705662  2.05388904  3.52158183  1.7566782
 -0.55370955  0.73807467  4.01729884 -0.09477963 -2.41655113  0.60067965
 -3.47811571  2.95073445 -2.06100787]
[ 1.         -0.79958759 -1.78397547  0.01166074 -0.32367655 -0.1393404
 -0.74577019  0.42458275 -0.19045724  0.19996274  1.03434216  2.18439679
  1.01750513  1.62260832  0.58883142  0.17013212  0.77434777  0.05695398
 -0.01048619  0.24770778  1.09675131]
[ 1.         -0.77076418  0.53929228 -0.05424294  0.31537678 -0.37133331
  0.32997678  0.55335627  1.0808877   0.03173833 -0.44440636  0.0571755
  0.59153412 -0.09945083 -0.42166507 -0.93637035 -0.65979768 -1.09022392
  0.01347373 -0.48986399 -0.15973815]
[ 1.          1.37240699 -0.05473965  0.53853757 -0.0439354   0.05893566
 -0.05715786  0.07907101  0.12007865  0.27921568  0.42151182 -0.30413412
 -0.16898464  0.04081434  0.18856578 -0.23436018  0.22310091 -0.0394058
  0.48221638  0.29539093 -0.30682469]
[  1.           1.28390261  -0.12841984 -13.69424912  -3.4991809
  -4.59594409  -0.48206561   1.05387693   0.62538718   0.13577067
   5.29219514  -6.76089653  -0.35682769   1.12694719  -1.18936722
  -0.55710288   2.29332215   0.99486586   0.90392174  -4.25165023
   1.83752229]
[ 1.         -0.78190005 -1.15594494 -0.15414079  0.09366309 -0.21536144
 -1.32982686  1.19251961 -0.26866421  0.4178857   1.34977987  1.49223008
  1.98561122  1.04853198  0.9463174  -1.41689094 -3.19121681  0.27442582
  0.69902482  0.12697614  0.06171076]
[ 1.          1.38643923 -0.08406444  1.74451913  0.28082709  0.79127515
  0.57000905  0.19525887  0.769773    1.52478392  1.94561892 -0.27974426
  0.65614537 -0.88345192 -0.07729293 -1.3067378   0.16335219  0.04485317
  0.33556631  1.09649305  1.88071729]
[ 1.         -0.71437369  1.45052378 -0.09709099 -0.58232377 -1.00027979
  1.82426811  0.90445152 -0.68659623  1.60093177 -0.31454094  1.94699835
  0.3961227   0.43937297  0.38254631 -0.34241484  0.63504779  0.0049115
 -0.99341815  0.54172434 -0.39552983]
[ 1.         -0.77685693 -0.95870741  0.2637052   0.09873804  0.14956358
  0.51592368  0.79796062 -2.22240184 -0.38987381  0.52868807 -0.82502875
  0.87566676 -1.10080724  0.52618664 -0.43799158  0.93695499 -1.09406416
  0.34831987 -0.39725065 -0.71709092]
[ 1.          1.3589936  -0.25849023 -1.95625008  6.58793222  2.43489147
  0.87589445  0.24624205 -0.79089628 -0.24742942 -1.35443217  2.09204673
  0.06487463 -0.40700225 -0.18262208 -0.28562766  0.42702913  0.88845833
  0.20564325 -1.13467095  0.93154844]
[ 1.          1.36644461 -0.09355328  0.53524798  0.44399487 -0.14217687
  0.24467397  0.41234203  0.29380665  0.44866855  0.79663768 -0.68267868
  0.30532008  0.0685545  -0.05431452 -0.70967743  0.01093685  0.28101534
 -0.59562965  0.821419    0.83553169]
[ 1.         -0.77453196 -0.64056276 -0.07983724 -0.05034802  0.0804303
 -0.68598128 -0.13183251 -0.17713923 -0.57429448  0.59844169  0.94860048
  0.10619963  2.25228377  1.63439692  0.37985838  0.95191541 -1.01953447
  0.43182475 -0.12269821  2.07732541]
[  1.00000000e+00  -7.87442349e-01  -1.42630871e+00   1.79746827e-01
  -3.57196129e-01   1.68431949e-01  -1.31561797e-01  -1.46765335e-01
  -1.83692585e-01  -4.77689809e-01   9.62166795e-01   9.41921995e-01
   3.03428712e-02  -2.25962648e-01   4.16689313e-01   7.71753957e-02
   2.55994743e-01  -3.18899566e-01  -7.58160697e-01  -7.22554833e-04
  -3.84610810e-01]
[ 1.         -0.78559131 -1.0034179   0.00930083 -0.0376397  -0.29485269
  0.03469414  0.81488741  0.07011556 -0.40566278  0.03892008  0.41726415
  2.03367891 -1.50386199 -0.06853381 -1.16018655 -3.70366133 -3.04573668
  1.66811358 -0.76416393  0.35778051]
[ 1.         -0.72094279  1.15962615 -0.27114382 -0.09243271 -0.57164432
 -0.47278718  1.41399339 -0.91675516  0.88720813 -0.05049502  0.67237811
  0.58440768 -0.94002678 -0.97867898  1.33863664 -0.16278215  1.14202887
  1.57902376  1.29105214 -0.10472034]
[ 1.         -0.77438915  1.19986719 -0.00958558 -0.33857065 -0.52237242
  0.37082694  1.97525396 -1.25371233  1.24260459 -0.81882333  1.35238269
  1.2302248  -0.78803576 -0.38068945  1.66715369  0.13274663 -0.80278676
  1.27035501  0.44735394  0.9334996 ]
[  1.00000000e+00   1.40295896e+00  -1.86174056e-01   2.15456517e+00
   3.80222800e+00  -1.14943907e+00   3.34239526e-01   7.52072471e-02
   9.00909553e-01   1.67881221e+00   2.56912171e+00  -1.15633141e+00
   1.12297143e+00  -3.02558612e-02   1.85252399e-01   1.34675732e+00
   2.76801084e-01  -7.26756359e-02  -1.03199240e-01   7.21437643e-04
   3.56141107e-01]
[ 1.         -0.77170388 -0.83696037 -0.34481316 -0.19847711 -0.54217036
  0.8888148  -1.81488533  1.77488579  0.52610283 -0.28908364  0.21795327
 -0.0932524   0.38417658 -0.58518236  0.4053674  -1.27689038  2.3234315
  1.40480229  1.18968508 -0.81039342]
[ 1.         -0.1596153   0.84578478 -0.09325927 -1.52093787  0.57036301
  0.00540318 -2.4247696  -1.09254633 -0.3404497  -0.38651567  1.56907124
  1.29666653 -2.57789652 -1.3648448   0.93024034 -0.850202   -0.47640184
  0.9847537  -1.00114934  1.29532428]
[ 1.         -0.78480197 -1.52217435  0.30475116 -0.08311567  0.17149925
 -2.30488707  1.68126724 -1.03624155  0.45067165  1.5378934   1.16691866
  0.06054893 -0.25083686 -1.16578796 -1.20524009 -0.08220231  0.51081258
 -0.72523855 -0.80063175 -2.14843306]
[ 1.         -0.72268383  1.88191649 -0.14453522 -0.03055393  0.49889792
 -0.47611075 -0.25526382 -0.019915   -0.85926227  0.51516455  0.42047889
  0.75445571 -1.44835497  1.89436832  1.08568282  1.22909362  1.49138599
  0.20829087  0.11001433 -0.33708381]
[ 1.          1.35707416 -0.08073419  0.34033189  0.89581484 -0.80159189
 -0.15855166 -0.38457879 -0.17402012  0.17140662  0.13661778  0.08811907
 -0.78945276 -0.6379953   0.68219406 -0.27141104  0.65102511 -0.35204411
  1.83917016 -0.47181566 -0.68579339]
[ 1.          1.25890983 -0.04308291  0.28258819 -0.26399669 -0.04092592
  0.05211346  0.41130991 -0.2491061  -0.09701242 -0.52208897  0.29136975
  0.5127586  -0.18979053 -0.14958379 -1.60275382 -0.1194369  -0.14904749
 -0.10563148  0.98386433  0.42015084]
[ 1.         -0.78826416 -1.37496165  0.17498037  0.07953634  0.70039448
 -2.31709083 -0.46922851 -0.45680021  0.18421599  0.08852807 -0.65647391
 -1.64005088  0.86151827 -0.4156376   0.57948637  1.58906858 -1.50189952
 -1.683224   -0.03249362  0.9527456 ]
[ 1.          1.32063596 -0.14110595 -3.80363714  3.99546119  2.62797012
  0.63375305 -0.51982492 -2.20249822 -1.1623608  -4.09540774  4.95906286
 -2.11612341 -2.65163596  0.67584534 -2.84695292  0.73092371  0.08215462
  0.28675183  3.79281386  2.42082852]
[ 1.          1.35450956 -0.05646564 -0.63375416 -0.80278617  0.41370706
 -0.55004623 -0.2127342   0.29027827 -1.19493317 -0.9211436  -0.80199441
  1.84829018  0.66833541 -0.30365607  0.45641164  1.27990588 -0.91077636
  1.40960779  0.59252821 -1.45276406]
[ 1.         -0.77277666 -1.44163734  0.02070383 -0.20870731  0.11294942
 -1.36874406 -0.07037328  0.52664813 -1.00839819  0.51797269  0.66850721
 -0.41840794 -0.56984114  0.26186334  1.24682864  2.28429962  1.09920878
 -0.53870783  0.21304511  0.42029788]
[ 1.          1.3947319  -0.13154794  1.8669533   0.44764018 -4.70250281
 -1.12634418 -0.27131258 -0.39385183 -1.28557512 -1.05654134 -1.08553321
  0.46471961  1.14911389 -0.01844528  1.75933972 -0.42346354  0.31605536
 -1.82495668 -0.39339961 -0.98413214]
[ 1.         -0.7653404  -0.5494901   0.16350662 -0.06250892  0.0783109
  1.1794781  -0.5809067   1.09584297  0.06554943 -0.37185333 -0.24560192
 -0.72597656 -0.21367467 -0.69746281 -0.12599791  1.74472671 -0.39243993
 -0.53882726 -0.01243698 -0.09257085]
[ 1.         -0.75455382  0.76973878  0.13501829 -0.0549597  -0.22330582
  1.69049152 -0.18367559 -0.80787194 -0.57151781  0.33035723  0.02391054
  0.02745714  0.2092237  -0.45870843 -0.58417992 -0.50022725 -0.77567375
 -0.29686009 -0.0198603  -0.48230978]
[ 1.         -0.74103335  1.16659485  0.0169097   0.14417121  0.07328491
  0.2896362  -1.02407971  1.12463519 -0.48116544  0.31348471  0.07199644
  0.00151064  0.41465768  0.81689612 -0.03686806  0.48424068 -0.92392933
 -0.18762508  0.22826723  0.12561391]
[ 1.          1.12002285  0.1268059  -0.50094839  4.48850625  2.67394225
 -0.84335554 -1.85079201  0.81161518 -1.30511394 -1.49028311 -0.06113859
  1.49130453  0.33386818 -0.94509294  5.23431152 -1.11343868 -0.64451288
  0.09974925 -6.03652156 -1.37003787]
[ 1.         -0.73386475  1.16648548 -0.18892415  0.11505654  0.62927984
 -0.99520358 -1.88271902 -1.87787607  1.33688588 -0.67604374 -1.18795859
  0.49709093  0.37846172  0.92458472  1.18110234  1.37319824  1.35632433
  1.35646492  0.27658032  0.51548867]
[ 1.         -0.69968978  1.03906306  0.0832163  -0.16008374 -0.69610777
  0.48690562  2.895811    0.01477927  1.07360079 -1.20385098  0.32902936
  0.05002756 -1.06196952 -1.31444307 -1.01317865 -0.26753626 -3.73699031
 -0.73200917 -0.37640913 -0.93504591]
[ 1.          0.64943365  0.78179783 -0.60137397 -1.69526051  1.19338375
  0.63616806 -0.92241929  0.14139073  2.6999861   1.76558607  1.21537968
 -3.55519069 -1.0528128   1.79439345  1.6515072   0.09565589 -1.54840402
  1.19041487  1.20469948 -2.82897362]
[ 1.         -0.69981013  1.79097019  0.06286877 -0.48733052  0.38376678
  0.91556255  1.19281366 -0.91107704  0.83606053 -1.11561456 -0.06798048
  0.27441134  0.69063592  0.32168097  1.04229989  1.17297459  0.60735439
 -0.63981128 -0.10227253  1.29474327]
[ 1.         -0.76270149  0.47975659  0.00951465  0.14924475  0.07248685
  0.14992935  1.20267673  1.39490793 -1.76809911  0.71027171  1.05902734
 -0.69114801  1.61961344 -1.0695296   1.14602279  0.32096164 -2.11402844
  1.31651269  1.65120833  1.91309869]
[ 1.          1.06504621  0.52201163 -0.61118074 -2.81985233 -1.40243499
 -0.04295622 -0.50729855 -0.462674    0.66785397 -0.05760052  1.72052586
 -2.58261533 -1.05559426  1.29627516  1.84798601 -1.92550719 -0.75559278
 -1.2990027  -0.17494191  0.56553706]
[ 1.          1.36431534 -0.03116171 -1.50034268 -1.06079654  0.00782313
  0.40681006  0.5057732  -0.49727045  0.34510912  0.21657885  0.30616906
 -1.02515787  0.43669432  0.35419134 -1.16139322 -0.35846692 -0.3368619
 -2.24561236  3.79334206  0.03949937]
[ 1.          1.33996855  0.10537868  0.54940371 -2.35061088  3.07556515
  0.35462698  0.47133199  0.01206031 -0.10615756 -0.82090445  0.60093327
 -0.2612336   1.33218376  0.06391118 -0.51464798 -0.16783928  0.7019495
 -0.29442397 -0.14197116 -1.21842542]
[ 1.         -0.74669419  1.14033247 -0.29226747 -0.16247073 -0.91278313
 -1.83493802 -0.41704155  2.58790519  2.53344437 -1.77758707  2.61861069
  0.66376897  0.86153207  0.91388397  0.12018755  1.17107769  1.12038393
 -0.99701106 -0.30462137  0.23469405]
[ 1.         -0.79077299 -1.47180368 -0.06493632  0.18092613  0.01405077
 -1.01222967  0.76559516  0.70774393  0.48102852 -0.50043    -0.33754667
 -0.53715071  0.39760242 -0.33758221  0.37127303 -1.62247941  0.3670085
  1.21336065  0.97312347  0.21106097]
[ 1.         -0.76728453 -0.61469302 -0.07363996  0.162275    0.0210204
  0.06341629  0.37348734  0.18269859  0.12311063 -0.60257831 -0.13174047
  0.30175015 -0.07685772  1.45523552  0.02011036  0.27700239 -1.75018903
  0.59862226 -0.25809901  0.6789818 ]
[ 1.          1.38392975 -0.05361312 -4.11518207 -1.6582231   0.32590629
 -0.02307212  0.92897628  1.18813042  0.28926325  1.88721125 -2.80262462
  2.58207823  0.1709138  -0.87005322  0.3553805   0.45327888 -0.55583818
 -0.23594472  0.46428951  0.88687906]
[ 1.         -0.78063519 -1.44592582 -0.33928183 -0.27269907 -0.44053816
  1.78795331 -1.95893468  0.38251967  2.13702127 -2.19801237 -0.28961207
  1.45178507 -1.25668794  0.79157707 -0.38318672  1.34262116 -3.23189975
 -0.95550193 -0.86194975  0.05332286]
[ 1.         -0.74191295  1.37103713  0.13973324  0.27329255  0.47266427
  0.1506487  -0.03787092 -0.34278019 -0.53707744 -0.09262298 -1.27171494
 -0.3981709  -0.91610901  0.24068333  0.88053724  0.99364216  0.28458789
 -0.65831705  0.25366388 -0.25475172]
[ 1.         -0.79454433 -1.43775654 -0.00297662 -0.05992928  0.16923259
 -0.26654386 -0.35072815 -0.21502098  0.66973038 -0.31601058 -0.75771794
  0.39167957 -1.86559125 -1.41315907 -0.08175704 -0.56165767  1.99958846
  0.18288932  1.02115972 -1.03377011]
[ 1.         -0.72961986  1.61846259 -0.01068195 -0.12641042 -0.21697285
  0.72720864 -0.80323994  0.46918505  0.25333822  0.37313508  0.35313961
 -2.17767353  0.20561197 -2.31795162  1.0578251   1.18636321  0.54836574
  0.42344321  0.59583296 -1.10807711]
[ 1.          1.38113628  0.00394117  2.25844305 -1.48664362  0.5965592
  0.14814041 -0.02125506  0.94033177  1.16778592  1.73025129 -0.8263657
 -0.23921248  0.40545712  0.74114628  1.18188249  0.19765199 -0.28797774
  1.22802139 -1.40540612 -1.15471283]
[ 1.         -0.78666294 -1.62950287  0.15126679 -0.28372461  0.21685488
  0.62767598 -1.20916034 -0.55564056 -2.34802559  1.5638076   0.49406742
  0.14255157 -1.0950795   1.17997354  0.04991029 -0.60838848  1.01170985
 -0.6335556  -0.02505546 -0.83682503]
[ 1.          1.19226983 -0.13704467 -4.1385842   1.17945355 -5.27021202
 -0.50506391 -0.02810301 -0.90163233 -0.04494703 -0.02404221 -1.65807776
  2.84140787 -0.74834583 -1.7555965   2.13871315 -1.09907566 -0.74584112
 -2.03137204  2.834369   -0.13153587]
[ 1.         -0.71599182  1.56753584  0.2833968   0.17499617  0.79889214
 -3.55795144  1.75941954 -2.91437234  2.25068816 -0.69637548 -0.85452587
 -0.08521154  2.74181434  1.24566048  0.09273447 -1.46226532  1.3682431
  1.072369   -0.43217359  1.76259326]
[ 1.          1.33475448 -0.01134238 -0.99970042 -0.33841221  1.90898919
  0.38957549  0.29495228 -0.18739677  0.01522363  0.03943663 -0.03867026
 -0.59476435  0.72771689 -0.24236953 -0.38386115 -0.32648133  0.706811
 -0.17810354 -2.23255942 -0.10072833]
[ 1.         -0.73934097  1.69698268  0.21018771 -0.13806269  0.06472906
  0.57790709  0.22055788 -0.41468257 -0.55287442  0.44300144  0.01382234
  0.74190515  0.34519878 -0.4055895   1.47301663  1.80061666  0.32141847
  1.27894926  0.62149048  1.83433302]
[ 1.         -0.31439011  0.76541477 -1.48955764 -0.8648936  -1.09085686
 -1.8839429  -1.86522519  0.00638328  0.24127361 -0.79150073  1.39842211
 -0.41762215 -1.62637552  3.1444865   1.16088392 -0.27997329 -1.32039065
  1.14445475 -1.07982578 -0.76889438]
[ 1.         -0.76821855 -1.77560395 -0.1500429  -0.20623448  0.16532041
  0.64214889 -0.60842921 -0.37834794  1.76626969 -1.80923531 -1.0492483
  0.21566757 -0.8984468   0.9519664   0.05226057  0.46953778  0.95491939
 -0.85375996 -0.09161503 -0.06422047]
[ 1.         -0.7503891   0.67793767 -0.09058143  0.30604473 -0.24744775
 -0.07238062 -1.26411529  0.44615612  0.88376386 -0.58809518 -0.36208072
 -0.22215564  0.81884591 -0.33340946 -0.19447983 -1.66476385 -0.86832911
  1.47545383  0.62663543 -0.56396415]
[ 1.          1.38440673 -0.03273992  2.21917232 -0.91710779 -2.96078254
  0.1083424   0.10743835  0.64653218  1.29606644  2.33509161 -1.63873783
 -1.65300949 -0.74475851  0.24866098 -1.76173119  0.923595    0.7303621
  0.7064423  -0.72967222  2.54661071]
[ 1.         -0.78615551 -1.77159369 -0.12546876  0.39392333  0.22973937
  0.56317953  0.75478883  2.13972709 -1.0893532  -1.27883374 -1.42401867
 -1.22422039 -0.25979359  1.37114824  0.84701832 -1.39807997  0.29945379
  0.63515617  0.75225068  1.21343775]
[ 1.         -0.51840098 -0.53751725  0.52340531  0.99117486  0.74579418
 -0.04529289  2.34672785  0.26021412 -0.20241255 -0.63048951 -2.09842957
 -2.78713885 -0.93606942  0.57740671  1.17154764 -1.46508953 -1.66151898
  0.19325078 -1.55418335 -2.96784787]
[ 1.         -0.75626493  1.47823688  0.19765923  0.32157418  0.47181547
 -1.77054774  0.91606513 -0.0227932  -0.78223767  0.01019026 -0.96803698
 -0.66490002 -0.01112327  0.00787939 -0.83799921  0.09737512 -0.33691031
 -0.72630408 -0.72525307  0.59251432]
