Cluster centers 

[-0.80490692  0.92028803  0.180514    0.30710472]
[ 1.3252102  -0.48771483  0.5869702  -0.155363  ]
[-0.8232154  -0.95486631 -0.80115694  0.45076298]
[-0.75748252 -1.56950578  0.31209345 -2.14653237]
[ 1.09265622  0.78854065  1.81543362  0.62165766]
[ 1.39863737 -0.07035215 -1.06540341  0.11330132]
[-0.82270019  1.51956508 -0.26583416 -0.56575434]
[-0.57888368 -1.02616267  1.13652252  0.74264088]
[-0.62420237  1.13077779 -2.1084156   0.83039901]
[ 1.38961042 -0.4099694  -1.07148203 -1.74875553]
[ 0.85261974 -0.8365082   1.99731013  0.13735691]
[ 1.39268073  0.64353589  0.19817135  0.98336239]
[-0.74550553  1.91226721  1.11935058 -2.22127848]
[-0.80241089 -1.32311804 -0.1800894  -0.51346492]
[-0.80684306 -0.57563056 -0.24652017  1.13211147]
[-0.61018514  1.16298741  1.5628199  -0.56935317]
[-0.53593747 -1.34847699  1.24848212  0.02581839]
[-0.79788033  0.96373787 -1.03153627  0.6564906 ]
[ 1.40517949  1.31219267  0.07933928  0.67782426]
[-0.79604322 -1.14875094 -0.13100463  0.21746504]
[-0.82460603 -1.34973859 -0.56689616 -1.14897049]
[-0.73308847 -1.59717402  0.53979102 -3.68312153]
[ 1.38063237 -0.48028123  0.12380845 -0.55130046]
[-0.78459368  1.85397669 -0.88456207 -0.94760804]
[ 1.35004928  0.0516739   0.4991341   0.80057915]
[ 0.84563753 -1.10641641  1.94583861 -0.88207377]
[ 1.00644607  1.65870293  2.25989502 -0.80259151]
[ 1.19298493  0.6648867  -2.26908879  0.83135339]
[-0.81810135  1.22990742  0.01699267 -0.13977533]
[-0.73037228  0.17994253  0.66147552  1.00740459]
[ 1.40550145 -0.49762547 -0.32485777 -1.22848843]
[ 1.25509799 -0.2545422  -2.06429086 -1.61200076]
[-0.68938541  0.00709618 -2.07320181  1.24375016]
[ 1.34313297  1.99934766  0.98508691 -0.66312746]
[ 1.13209775 -0.1936206   1.47366258  0.76446258]
[-0.555783   -0.64942594  1.26936867  1.08694077]
[ 1.39718808 -0.24475561 -0.04867422  0.13037696]
[-0.81111437  2.09991    -0.46761424 -1.80791976]
[-0.81585256 -0.00169641 -0.3432843   1.25026541]
[ 1.36614225 -0.29425277 -1.39880307 -1.13661301]
[ 1.26993194 -0.08327949 -2.05335993 -0.43514586]
[-0.82238797  1.01209095 -0.32518857  0.34539804]
[-0.57164235 -1.69200306  1.21122046 -2.8721328 ]
[-0.77585466  1.42104895  0.69856988 -0.79998277]
[-0.70072085  0.97301229  1.08863093 -0.07832052]
[ 1.40530439  0.09772193 -0.13682666  0.72407483]
[ 1.41440583  0.57745529 -0.61676128  0.99666745]
[ 1.29509778  0.45525985  0.94832644  0.92692083]
[-0.80367296  0.62948568  0.09154462  0.71916332]
[-0.78933827 -0.94619004 -1.52730311  0.0104543 ]
[-0.71232963 -1.43124909  0.53674296 -0.5596715 ]
[-0.40835859 -1.6503688   1.5809595  -1.64705792]
[ 1.37800801 -0.17317993 -1.31179128 -0.38131433]
[-0.54932068 -0.12728247  1.38998787  1.07439355]
[-0.82204687  1.67208224  0.03628468 -1.04433667]
[ 1.30090861  2.54807239 -1.19666196 -0.77500151]
[ 1.17950374 -0.64313379  1.25704705 -0.08260033]
[ 1.36520476  1.07476363 -1.24784135  0.98943965]
[ 1.33434396 -0.68518238  0.49460894 -1.25538818]
[-0.82443882 -1.15359171 -0.71819458 -0.14877927]
[-0.78131881 -1.45601712  0.07522882 -1.13531048]
[-0.77638034 -0.3064602   0.18599334  1.22671713]
[ 1.33569886 -0.26115111  0.54588823  0.39520158]
[-0.43114831  0.73750348  1.98071054  0.08253914]
[-0.68794247 -1.19416644  0.66480056  0.35057299]
[-0.79085681  0.19080401 -1.32354691  1.27692421]
[-0.61822634  1.46106871  1.60727868 -1.23151305]
[-0.66176712 -1.56936685  0.80542098 -1.3058454 ]
[-0.74761631 -0.92704808  0.32286023  0.81125122]
[ 0.26468592 -1.17310571  2.30267735  0.06612676]
[-0.8205497  -0.55226251 -0.81310238  1.08912895]
[-0.82144131  0.64573016 -0.47186583  0.85220222]
[-0.81356326 -1.17897228 -1.22454921 -0.85198828]
[ 0.32595606  1.22968617  2.7988298  -0.66504648]
[ 1.28111723 -0.33710446 -1.8476482  -2.91584878]
[-0.82196496  2.25329894  0.19368007 -2.69046518]
[ 1.40693665  1.80114872 -0.35658353  0.24527284]
[-0.75354757 -1.28136931  0.270344   -0.04378553]
[-0.61785472  0.43644243  1.3083795   0.63565388]
[-0.74006817  1.53732124 -1.40166677 -0.04361465]
[ 1.30319373  1.40494271  1.10860057  0.23848213]
[-0.7910674  -0.67549622 -1.46067501  0.76159781]
[ 1.41425989 -0.03511836 -0.59698326  0.38204727]
[-0.26582235 -1.06675411  1.90506865  0.5854073 ]
[ 1.36356315  0.16791576 -1.43513334  0.52605703]
[ -8.10979709e-01   1.33022106e+00  -7.28381536e-01  -6.87329005e-04]
[-0.78192053  1.08189265  0.52833423 -0.07630446]
[-0.81503948  1.83607838  0.31381482 -1.58576746]
[-0.82224089 -1.44034204 -0.45528711 -2.17720998]
[ 1.40039286 -0.57847712 -0.36897531 -2.32292441]
[ 1.41194524 -0.28427048 -0.56938003 -0.32078889]
[ 1.40729548 -0.34408039 -0.81329847 -0.82464042]
[-0.80551848 -0.95353759 -0.25360193  0.65318759]
[ 0.59721546  0.50329372  2.5046801   0.576996  ]
[-0.50603841 -1.51937314  1.34131739 -0.67268091]
[ 0.51111668 -0.45609214  2.27187092  0.84368377]
[-0.70277589 -0.55283874  0.66744605  1.14976692]
[-0.79888475  0.3562966   0.08211666  0.98877653]
[-0.74636029  0.64244375  0.6861882   0.53668085]
[-0.81863149  0.23807522 -0.80858616  1.21948845]

Populations

0.104509799866
0.346070514103
0.241137317549
0.308282368481

State labels

0
1
2
3

Eigen uncertainty

5.27903849542e-11
0.00500368657437
0.0172872282447
0.0227243212797

Eigen values

1.0
0.942342339493
0.190920571236
0.090040496552

Left eigenvectors

[ 0.1045098   0.10088759 -0.02143872 -0.28800968]
[ 0.34607051  0.39600325  0.02403624  0.262506  ]
[ 0.24113732 -0.21470383 -0.36785637  0.03967447]
[ 0.30828237 -0.28218701  0.36525885 -0.01417078]

Right eigenvectors

[ 1.          0.96534097 -0.205136   -2.75581507]
[ 1.          1.14428486  0.06945475  0.75853326]
[ 1.         -0.89037995 -1.52550579  0.1645306 ]
[ 1.         -0.91535241  1.18481915 -0.04596689]
