Cluster centers 

[ 1.38824102 -0.10500606  0.20645171  0.53303437]
[-0.77725609  0.03361261  0.23252145  1.166846  ]
[-0.81160972 -1.31130377 -0.34955696 -0.63213177]
[-0.7309944   1.38461255  0.995957   -0.84926955]
[ 1.33526775 -0.34066806 -1.71008808 -2.32128492]
[-0.78164632  0.66258081 -1.20800365  1.0593631 ]
[ 0.37175335 -0.55234748  2.26194548  0.75587333]
[ 1.42222365 -0.29312516 -0.65959059 -0.40849372]
[ 1.33733107  1.39908544  0.95307181  0.28124618]
[-0.7130933  -1.60509464  0.65859326 -3.55446005]
[ 1.41816476  0.68790303 -0.8444667   1.00308283]
[-0.81437395 -0.81326788 -1.02857871  0.6880692 ]
[-0.77141984  0.67527747  0.45380551  0.55454362]
[-0.81031817  2.20671201 -0.47064172 -2.0710693 ]
[-0.69857266 -1.54671094  0.58584298 -1.4352389 ]
[ 1.36513914 -0.63224979  0.29460491 -1.2023369 ]
[-0.80435484  1.67670855 -0.59574004 -0.70971722]
[ 0.17852671  0.55004986  2.69287254  0.32746809]
[ 0.95566071  1.515694   -2.69544783  0.88964342]
[ 1.3061272   2.54294724 -1.40897121 -0.65786544]
[-0.75263086 -1.16833524  0.26169405  0.29572859]
[ 1.36230093  0.2154722   0.50836705  0.91540728]
[ 1.27458085  0.11709534  1.02929142  0.89158817]
[ 1.41763447 -0.44624039 -0.44117258 -1.01122761]
[-0.80863103  1.21314382  0.08538509 -0.13418447]
[ 1.31316957 -0.0550397  -1.89496625 -0.20602449]
[-0.61467197 -0.86971544  1.02823372  0.91574636]
[ 1.24798233 -0.65752089  0.98008399 -0.3889359 ]
[-0.53999915  1.38959262  1.86785444 -1.1742712 ]
[-0.75804849  1.3272458  -1.22509525  0.24955848]
[ 0.48394687 -1.29899525  2.06860451 -1.00528691]
[-0.79111027 -0.9641002  -1.46245673  0.0039874 ]
[ 1.37425009  1.86932293  0.75803629 -0.31943225]
[ 1.42662398  1.86308364 -0.17076576  0.09660611]
[ 1.38149208 -0.64965478  0.08837098 -1.80410246]
[-0.81277413 -1.23107284 -1.26729069 -1.438677  ]
[-0.52280384 -1.32263057  1.26014683  0.07058996]
[-0.81660311 -0.59054758 -0.70127632  1.08874456]
[-0.80393761 -1.14860574 -0.25528025  0.15269069]
[ 1.230791   -0.29710953 -2.14575727 -3.19286541]
[ 1.17705456  0.60754282  1.53887358  0.81175975]
[-0.803648    0.5715715  -0.00669864  0.80895185]
[ 1.36230348 -0.43200447  0.38539722 -0.12909189]
[-0.65212047  0.22520264 -2.19472467  1.44020378]
[-0.81253156  1.20904505 -0.5359289   0.1334163 ]
[ 1.02288396 -0.6907616   1.67782295  0.16702707]
[ 1.03541622  1.71360812  2.18120972 -0.92355136]
[ 1.12364554 -0.12585809  1.53128386  0.82579145]
[-0.64460052  0.4998934   1.20346285  0.56554308]
[-0.70334172  1.7918081   1.25889937 -1.95364666]
[-0.82043179  2.22701997  0.24703346 -2.63241043]
[-0.57710824 -0.05625752  1.33378628  1.01521906]
[ 1.40086431 -0.32487335 -1.12318196 -1.01293672]
[ 1.41482854 -0.01358235 -0.97325813  0.31482867]
[-0.79493858 -1.47201691 -0.09201731 -1.69216393]
[-0.46597495 -1.65839663  1.37289556 -2.28849063]
[-0.44655856  1.02166907  2.01375608 -0.43129786]
[-0.7989113  -0.61993065 -0.1692689   1.10826805]
[-0.61920629 -1.50367395  0.93028761 -0.8105831 ]
[ 0.19895539 -1.26959152  2.26432526 -0.1696172 ]
[ 0.74489738  0.44082063  2.36486284  0.68254469]
[-0.81491365  0.29466068 -0.44039295  1.15096009]
[ 1.42314917 -0.11874484 -0.3742144   0.30917887]
[-0.80855528 -0.92119351 -0.36014281  0.6898299 ]
[-0.7820515  -1.5261404   0.0437156  -2.47342849]
[-0.8210943  -1.12706031 -0.70945452 -0.03534597]
[ 1.23915106  0.35812903 -2.23996993  0.76964604]
[ 1.41551423  0.61379694 -0.00761953  1.01307907]
[-0.41829885 -1.06095694  1.57871108  0.63331669]
[ 1.3987721  -0.20795559 -1.19747433 -0.43628264]
[-0.74750738 -0.6528855  -1.78663244  0.70037201]
[ 1.34842905  0.8242607   0.75006469  0.86050053]
[ 1.41055767 -0.33479805 -0.15004424 -0.18452448]
[ 1.39489134 -0.60695942 -0.29513973 -2.66773707]
[ 0.12463921  1.36724132  2.80727238 -1.14637688]
[-0.75556008 -1.32964988  0.2413925  -0.27306016]
[ 1.25649583 -0.20930554 -2.17168959 -1.29382123]
[-0.68380035  0.96989407  1.14286426 -0.1056938 ]
[ 1.42587292  0.07974339 -0.47173223  0.64121377]
[ 1.41656876  1.26707128  0.07907258  0.71281798]
[-0.80971417 -0.15626895 -0.94548729  1.31627961]
[-0.7671956   0.1076294  -1.48375959  1.38397319]
[-0.8007203   0.93640243  0.15303883  0.29269315]
[ 1.40501368 -0.40888445 -1.03460571 -1.65684987]
[ 1.18939026  1.14981599  1.61774977  0.30927098]
[-0.81657971 -1.16895397 -1.10323242 -0.61674132]
[-0.4238952   0.70477654  1.98835095  0.10200403]
[-0.77618543 -1.44115803  0.09405852 -1.04553935]
[-0.8101848   0.77691983 -0.70262079  0.78738643]
[ 0.58924835 -1.05313409  2.24524672 -0.025786  ]
[-0.65833764  0.81751402 -2.00844174  1.1668545 ]
[-0.71711486 -0.53047197  0.58779016  1.16503158]
[-0.7215289   0.23769245  0.73034919  0.94346321]
[-0.80138635  1.44831016  0.32054385 -0.69140354]
[-0.8069902  -0.11090381 -0.23645857  1.26791167]
[-0.79452281  1.92436921 -0.68107316 -1.20507849]
[-0.74068806 -0.91207383  0.37287429  0.82943229]
[-0.82107727 -1.34842797 -0.51963802 -1.10699887]
[ 1.30242432 -0.3599544   0.77292666  0.31055818]
[-0.81361073  1.83020332  0.18372288 -1.49433641]

Populations

0.0310289820691
0.40243305623
0.248612121123
0.317925840578

State labels

0
1
2
3

Eigen uncertainty

nan
0.00534119857354
0.0162277055476
0.0290057136979

Eigen values

1.0
0.930699200732
0.182561558859
0.0890724879872

Left eigenvectors

[ 0.03102898  0.03459082  0.00386795 -0.16986671]
[ 0.40243306  0.46084241  0.0067646   0.16750882]
[ 0.24861212 -0.20942929 -0.37803357 -0.00584203]
[ 0.31792584 -0.28600394  0.36740102  0.00819992]

Right eigenvectors

[ 1.          1.11479076  0.12465609 -5.47445311]
[ 1.          1.14514055  0.01680925  0.4162402 ]
[ 1.         -0.84239373 -1.52057576 -0.02349856]
[ 1.         -0.89959325  1.15561861  0.02579192]
