Cluster centers 

[-0.82434028 -1.3009108   0.16010057 -0.15145363]
[ 1.31274698 -0.11943472 -0.8474161   0.29821063]
[-0.88128296  1.76855803 -0.31214399 -1.11477435]
[-0.69944149 -0.20404704  1.18124475  0.93875921]
[-0.87608137 -1.44048388 -0.77675306 -1.75429272]
[-0.86161151 -0.11134046  0.02497577  1.27479579]
[ 1.06206805  0.61608334  1.68442317  0.53864856]
[ 1.27521833 -0.62270477  0.0592991  -1.23097156]
[ 1.26526468 -0.25753306  0.47585482  0.26020807]
[ 0.26168768 -0.40042596  2.50095285  0.50226002]
[ 1.3224378   0.23390525 -0.39943362  0.92041359]
[-0.87732819  1.06057451 -0.31548308  0.34893795]
[ 0.94722292  1.61137494  1.98144857 -0.8942648 ]
[-0.81942428 -0.70962102 -1.56090706  1.01265096]
[ 1.1109022   0.1140135  -2.19706831  0.73211894]
[-0.79529436 -1.6052066   0.05329948 -2.85273011]
[-0.7319708  -1.57403145  0.54061236 -1.57133973]
[ 1.25025615  1.11408694 -1.27734588  1.35092326]
[ 0.24402115 -1.11361501  2.24791316 -0.3527575 ]
[ 1.27144466 -0.4068808  -1.61025047 -1.57413428]
[-0.51585929  1.30530414 -2.07041368  1.07424841]
[-0.88204778  2.28226938 -0.34531761 -2.59195471]
[ 1.27899837  0.75987995  0.62980592  0.83187117]
[ 1.31024666 -0.5972967  -0.57967206 -1.96114298]
[-0.8751376  -1.24412612 -1.31757034 -0.7532247 ]
[-0.71127818 -1.29453564  0.83711085 -0.05251767]
[-0.86170296 -1.12361259 -0.1880728   0.34653932]
[-0.80233639 -0.57149662  0.54584584  1.07761101]
[ 0.99196959 -0.73865139  1.53933493 -0.41954028]
[ 1.07769368 -0.08511436  1.50745056  0.55253373]
[-0.86460991  1.81027443 -0.93080766 -0.76112577]
[-0.87704986  0.59537771 -0.24781247  0.93386457]
[-0.82987768  1.42149063  0.47295888 -0.79801685]
[ 0.33095897  0.6617982   2.57942028 -0.09524782]
[ 0.70488472  1.73718844  2.27075388 -1.52090283]
[-0.82340498  1.57892346  0.53857123 -1.19897192]
[ 1.29771378 -0.47883502 -0.06527581 -0.60828488]
[-0.82880855  0.91680447  0.50404843  0.1424651 ]
[ 1.31891186  0.68868205  0.03322329  1.03261438]
[-0.87190595 -0.34806798 -0.66760149  1.40363157]
[-0.5717961  -1.6027775   1.12704132 -1.60456785]
[-0.87760522 -0.97684662 -0.66171536  0.64760768]
[-0.7774494   1.96646351  0.79795435 -2.42504495]
[-0.80260475  0.22631726  0.67310991  0.90761113]
[ 1.32482255  0.97523373 -0.27997943  1.07523118]
[-0.83325184 -1.52055825 -0.10840956 -1.6452414 ]
[ 1.2967899   0.19450391  0.32742174  0.82985353]
[ 1.27389017  0.53693378 -1.19231259  1.2408261 ]
[ 1.13285823  1.47849555  1.44964331 -0.23979351]
[-0.85842878 -0.81412769 -0.04730927  0.95052979]
[-0.71182814 -1.49372185  0.72076275 -0.90668872]
[ 1.1908988   2.33301145 -1.41787104 -0.1293178 ]
[ 1.20301079 -0.83093332  0.46310743 -2.20846304]
[-0.85282943  2.07653415 -1.09318536 -1.31892742]
[ 1.31365176  0.6755582  -0.68306594  1.15627562]
[ 1.28435323  0.01742744 -1.1913216   0.58461942]
[ 1.27465133 -0.25389546 -1.45170228 -0.36443662]
[-0.87550524  1.4432983  -0.14116819 -0.46959174]
[ 1.3081487  -0.4553535  -1.04206207 -1.31432434]
[-0.87134968  1.9513695   0.01104237 -1.84185809]
[-0.86922812  0.51390786 -0.71444616  1.20933153]
[-0.6073128   0.29175329  1.56967009  0.50215225]
[ 1.23974581 -0.45622311 -1.82730122 -2.94938492]
[-0.75818892 -1.59463136  0.07738724 -4.00014924]
[-0.56284009 -0.89003113  1.49251105  0.6068324 ]
[-0.85937494 -1.03504394 -1.32787738  0.24792779]
[ 1.14795678 -0.47415607  1.09695836 -0.0217397 ]
[-0.09132264 -1.44469861  2.06665223 -1.14535775]
[ 1.11850013 -0.28030279 -2.46257422 -1.04211605]
[ 1.31658139 -0.11311499 -0.18425038  0.42531769]
[ 1.23188084  0.10556978  0.86193804  0.72398186]
[-0.86584816  1.1311458   0.07918414  0.01028407]
[-0.87777598 -1.26853911 -0.59399835 -0.3281495 ]
[-0.76071915  1.63993328  0.86767993 -1.53765481]
[ 0.79353107 -0.39211858  2.11749364  0.34210938]
[ 1.25899422  1.71412658  0.8162166  -0.20705977]
[-0.82708056 -1.42314775  0.04209127 -0.77042129]
[-0.80346422  0.16473527 -1.4518428   1.63424174]
[ 1.31747077 -0.30877443 -0.39402773 -0.13892444]
[-0.85187971  1.10589385 -0.99643603  0.66136302]
[-0.78536703 -1.06663286  0.53723999  0.5128187 ]
[ 1.29508099  2.06018216  0.30290573 -0.50490371]
[ 1.26796771 -0.75128052 -0.10343812 -2.91183296]
[-0.69892209  0.75035197  1.230721    0.04836172]
[-0.51069879 -1.38870472  1.46354375 -0.44057335]
[ 1.24833601 -0.45362463  0.51647914 -0.19622126]
[-0.89451789  2.71961421 -0.65259966 -3.9709842 ]
[-0.66392852 -1.65886539  0.70483091 -2.65596917]
[ 1.2518686   1.22189435  0.85773429  0.42212036]
[-0.87566589 -0.78368872 -0.78735143  1.00765036]
[ 0.8529644  -1.03522842  1.6453     -1.31164263]
[-0.8684529   1.39103175 -0.79119814  0.05179894]
[ 1.21401926 -0.62575142  0.62747152 -0.71559169]
[ 0.19334778 -0.93718212  2.26696774  0.06764286]
[ 1.18755134 -0.2303101  -2.05111367 -0.45843689]
[ 1.31292553 -0.35872157 -0.88331725 -0.58315958]
[-0.88016232 -1.49869574 -0.73425949 -2.67972867]
[ 1.31737537  1.38324467  0.09266008  0.60856811]
[-0.79388553  1.65041968 -1.53225105  0.04378955]
[-0.86160784  0.51612019  0.11220294  0.86379077]

Populations

0.280885203642
0.0701835193563
0.239001733385
0.409929543616

State labels

0
1
2
3

Eigen uncertainty

2.91853391497e-11
0.00602226630941
0.0200939351843
0.0279742005533

Eigen values

1.0
0.934481530344
0.19543574486
0.0976813834459

Left eigenvectors

[ 0.2808852   0.26565332  0.36248035 -0.0050012 ]
[ 0.07018352 -0.07176789 -0.00516991 -0.24511311]
[ 0.23900173  0.23390946 -0.35652563  0.00746594]
[ 0.40992954 -0.42779489 -0.00078481  0.24264836]

Right eigenvectors

[ 1.          0.94577186  1.29049288 -0.01780512]
[ 1.         -1.02257474 -0.07366275 -3.49245959]
[ 1.          0.97869359 -1.49172823  0.031238  ]
[ 1.         -1.04358151 -0.0019145   0.591927  ]
