Cluster centers 

[-0.84512232 -1.03386886 -1.37808589  0.12224518]
[ 0.34277715  1.2460894   2.57835836 -0.7581748 ]
[ 1.27568139 -0.24140325  0.50156346  0.33694687]
[-0.82514194  1.28162957  0.47184785 -0.45775889]
[ 1.33420267 -0.45290051 -0.87309835 -1.11539271]
[-0.76870225 -1.21961695  0.51408813  0.15545473]
[ 1.32703734 -0.0946831  -1.00730858  0.30513528]
[-0.86090312  0.41928673 -0.73607521  1.20789734]
[-0.85995244 -1.48264792 -0.59706799 -2.58661422]
[-0.86496887  2.52148054 -0.13294602 -3.55629655]
[-0.79713513  0.21448805  0.57682808  0.96040541]
[ 0.59674239 -0.31543915  2.25672065  0.57292878]
[-0.86091329  1.89695651 -0.70628502 -1.20226574]
[ 1.23213108  0.93819079  1.01072175  0.63608539]
[ 1.20739617 -0.41364984 -2.15448431 -3.12217047]
[ 1.17560914  0.03137802 -2.12375337  0.48297055]
[-0.77769471  1.43953333  0.85397623 -0.96860227]
[-0.82036279 -1.44332875  0.06333826 -0.96649043]
[ 1.07012287 -0.29457578  1.4722401   0.4685687 ]
[-0.85600722 -0.9960449  -0.27500752  0.60881369]
[-0.33932967 -1.57799133  1.67636873 -1.66413603]
[-0.6973616  -0.76685918  0.97842304  0.90500641]
[ 1.25265574 -0.21395535 -1.77280602 -0.32467855]
[ 1.34188898  0.68274945 -0.44402336  1.07809225]
[-0.85406731  1.10621856  0.09162569  0.04273243]
[ 1.27430755  2.25979338 -1.09118543 -0.26143614]
[ 1.3350635  -0.13680424 -0.21061343  0.37370113]
[ 1.33797166 -0.33386112 -0.44329327 -0.23813169]
[-0.69180495 -1.60946579  0.56266572 -3.71361694]
[-0.78658775 -0.67831534 -1.7976303   0.89227104]
[-0.78234689  0.80258746  0.76002865  0.25725784]
[-0.85385353  1.04290602 -0.84213704  0.56651352]
[ 1.27116804  1.55019326  0.79812587  0.07200518]
[-0.80369833 -0.73304976  0.36975266  0.98186136]
[ 1.13311842 -0.61219835  1.135123   -0.25369195]
[-0.76775688  1.0603107  -1.59569089  0.87380893]
[ 1.05781147  1.15932025  1.73507346  0.11488155]
[-0.86156055  1.9051756   0.07944336 -1.72121792]
[ 1.31669425  0.24761745  0.24086761  0.84846064]
[ 1.30331117 -0.42076122 -1.413277   -1.42704664]
[ 1.29173041  2.06488959  0.61105991 -0.72488458]
[ 1.27321176 -0.63233837  0.32361734 -1.00567513]
[-0.8698456  -1.21264714 -0.87593694 -0.30435362]
[-0.86826628 -1.43473413 -0.63708968 -1.68932674]
[ 1.30697669 -0.66948287 -0.21814147 -2.15893583]
[-0.348672   -1.30742186  1.80037805 -0.20961015]
[-0.36932285 -0.7183619   1.91583584  0.7239639 ]
[ 0.46402854 -0.9453948   2.24261065 -0.06757082]
[-0.81788878 -1.31787617  0.11790556 -0.26764947]
[ 1.02763523  2.0566752   1.81564388 -1.54610148]
[-0.85895072 -0.69129961 -0.29666817  1.07698477]
[-0.77394398  1.7623968   0.88826446 -1.77989439]
[ 1.32529777 -0.36421428 -1.07586053 -0.72629007]
[-0.81516939 -1.09759363  0.20441847  0.4413851 ]
[-0.68197493  1.06871907  1.28820747 -0.37864009]
[-0.82909652  0.2197168  -1.25803543  1.44639804]
[ 1.29112231  0.96552425 -1.21448043  1.19066193]
[-0.72291568  0.12526863 -1.97301223  1.56153638]
[-0.53990404  1.45305493  1.78663506 -1.35656805]
[-0.85270098 -1.23105384 -1.41337041 -0.94360049]
[ 1.33005656  1.24757347  0.11310978  0.68002545]
[ 1.29379497 -0.46488249 -1.50723066 -2.12391886]
[-0.80895251 -1.53817847  0.10443081 -1.79364121]
[-0.64766258 -0.11998819  1.2974667   0.97249426]
[ 1.17454552 -0.28861648 -2.2423313  -0.94847907]
[-0.86556679  0.67976078 -0.31982635  0.82403264]
[ 0.85839633 -0.99755488  1.76651018 -0.99979178]
[ 0.96925485  1.97023058 -2.30866831  0.65708268]
[-0.85822337  1.632753    0.10679278 -1.04209034]
[-0.84278727 -0.21478303  0.05486756  1.2600831 ]
[-0.7286579  -1.61460379  0.50740356 -2.51621606]
[-0.87153642  2.21726919 -0.52039626 -2.23133834]
[-0.86114708 -1.17937806 -0.42146847  0.06747301]
[ 1.2326508   0.19409498  0.90349322  0.80365581]
[-0.81347635  2.06327366  0.60979824 -2.49752964]
[-0.80504726  1.63553374 -1.33872173 -0.21249293]
[-0.6288289  -1.41615067  1.08506599 -0.48444526]
[-0.86951623  1.52127995 -0.31788099 -0.5582348 ]
[-0.86024281 -0.41318998 -0.84777506  1.3138905 ]
[ 1.13306071  0.56455643 -2.17049799  1.26332298]
[ 1.0574637   0.28580953  1.62766855  0.73039073]
[-0.8611818   0.14090739 -0.21453001  1.231999  ]
[-0.7510274  -1.44975878  0.54612845 -0.74788003]
[-0.84724442  0.74349021  0.14814048  0.56789812]
[ 0.63616602  0.59788593  2.35919139  0.36960597]
[ 0.95530013  1.62253274  2.01635048 -0.78572931]
[ 1.29344892  0.20324967 -1.35828101  0.85014699]
[-0.69720521  0.44325456  1.17612044  0.58701876]
[ 1.34180011  0.18077252 -0.51063663  0.83339888]
[ 1.32844094 -0.26861255 -1.01049801 -0.24661901]
[-0.66847341 -1.55727578  0.88161756 -1.35578485]
[ 1.33393664 -0.47721833 -0.41860744 -0.85874075]
[-0.86304824 -1.37950558 -0.47622823 -0.95783102]
[-0.86434041  1.28653768 -0.63271096  0.07090685]
[-0.65070566 -1.13675755  1.08812294  0.37269111]
[ 1.12245823 -0.35339812 -2.5203299  -1.95327921]
[-0.56054342  0.64262484  1.67624197  0.18232121]
[ 1.33280359 -0.55105107 -0.62161098 -1.61570347]
[ 1.29563983 -0.44079044  0.24325839 -0.25463377]
[-0.86435757 -0.89892508 -0.90112508  0.69458288]

Populations

0.244008770248
0.225313509451
0.267302947139
0.263374773162

State labels

0
1
2
3

Eigen uncertainty

nan
0.00599114267589
0.0211943815855
0.0258859304706

Eigen values

1.0
0.943021201205
0.202613096087
0.127240797536

Left eigenvectors

[ 0.24400877  0.26944453 -0.01942722 -0.33390226]
[ 0.22531351  0.22939615  0.01958843  0.34862735]
[ 0.26730295 -0.25176182 -0.36371706  0.01334052]
[ 0.26337477 -0.24707886  0.36355585 -0.02806562]

Right eigenvectors

[ 1.          1.10424117 -0.07961689 -1.3684027 ]
[ 1.          1.01811982  0.08693854  1.54729894]
[ 1.         -0.94185948 -1.3606923   0.04990788]
[ 1.         -0.93812654  1.38037462 -0.10656153]
