Cluster centers 

[ 1.32431782  0.15287926 -1.1119612   1.27088313]
[-0.79368755  0.79887485  0.58421154 -0.29961218]
[-0.76081942  0.28044507 -0.73368288  0.48726306]
[  1.12074657 -11.03837759   0.6085555   -0.14924109]
[ 1.45470323 -0.38962007  0.47615648 -1.0116063 ]
[-0.69288514 -0.79552564  1.74258917  0.27900513]
[-0.79529747 -0.37543658 -1.3107463  -0.23160633]
[-0.46843498  0.59396908  0.13359243  1.7432867 ]
[ 1.45982877  0.7535309  -0.5393564  -0.54518563]
[-0.68997815  0.7930753   0.3988177  -1.88201646]
[ 1.41053888 -0.08986063  0.52131797  0.23715208]
[ 0.92820566 -0.82651427 -1.23732827  2.31013052]
[-0.53970368 -1.75543759  2.11280346  0.72276093]
[ 0.16933582 -0.34131941  1.47937216  2.12836665]
[-0.79085063 -2.2820934  -1.85870153 -0.47603071]
[-0.61232702  0.36771221  1.10025191  0.99339355]
[-0.43788307 -0.90651187 -0.96698151  1.88949801]
[-0.79438544  0.72058868 -0.68361937 -0.40970729]
[ 0.78881634  0.03140079 -0.63588245  2.44593901]
[-0.78822151  0.48781369  0.93107268 -0.27631512]
[ 1.45178516  0.67256133 -0.3356228   0.05645201]
[-0.79468148  0.96075955 -0.06708323 -0.18253156]
[-0.78787463 -0.60573898  1.37589679 -1.42376723]
[-0.70889077 -0.88032094 -1.18522987  0.87254994]
[ 1.27170611  0.52120878 -0.2724517  -2.1733834 ]
[-0.43233289 -0.1280398   1.48072884  1.4195159 ]
[-0.63541061  0.74728075  0.37699036  1.1197273 ]
[ 1.4075264   0.05625902  0.15158399 -1.54661689]
[-0.77371141  0.41846616 -1.09964445 -0.82073151]
[-0.73805878 -0.43648835 -1.63470593 -1.14752455]
[ 1.17917911  0.33819501  0.36535762  1.51411711]
[ 0.63571599  0.41608749  0.23714192  2.42507377]
[-0.79564321  0.27936304 -1.0063304  -0.3108185 ]
[ 1.39769767  0.63061939 -1.45868182 -1.01541797]
[-0.77947876  0.81299126 -0.28250833  0.19243787]
[-0.76704485  0.16280464  0.96663107 -1.52774037]
[ 1.35246858 -1.76502281  0.77140222 -2.2788903 ]
[-0.63223638  0.35081386 -0.41330542  1.27901472]
[-0.56819244 -0.60160388  1.71746436  0.89581984]
[-0.67249825  0.31957418 -1.42949307 -1.53376393]
[ 1.45412872  0.3313958   0.03330804 -0.88005321]
[-0.7537532  -1.27051324 -1.39312614  0.51541397]
[-0.67065659 -0.386406   -0.92799611  1.11811422]
[ 1.41678562  0.66304735 -0.42528126  0.55240185]
[ 1.18283715  0.47927391 -0.33485827  1.70541966]
[-0.62100596 -1.28497184 -1.9507602  -1.26049589]
[ 0.98821609  0.03812853  0.81015355  1.8480969 ]
[-0.5150702  -2.25019857 -1.38392759  1.55915369]
[ 1.27514266 -0.39118186  0.87491365  0.91291648]
[-0.72720311  0.27021337  1.16283732  0.32737167]
[-0.7951611   0.97618975  0.26476182 -0.67397147]
[ 1.4499386   0.11179715  0.3023686  -0.18151423]
[-0.79346674 -1.56965221  1.82632172 -0.85957806]
[-0.76774743 -0.37402791 -1.1163914   0.41212062]
[-0.72454803  0.84501872  0.20878543  0.65205751]
[-0.76228327  1.08284608 -0.05282403 -1.16638524]
[-0.79046108  0.67446759  0.6740048  -0.98451162]
[-0.77733405 -0.81393966  1.65066153 -0.4165755 ]
[ 1.39967296  0.38369122  0.15530574  0.49194945]
[-0.71485197 -1.44590689  1.93744921  0.00242438]
[ 1.44356357 -0.25642993 -1.81509002  0.14149386]
[ 1.34090821  0.57669793 -0.1958069   1.02366966]
[ 1.4459429  -0.66814248  0.72652854 -0.3771181 ]
[-0.78310299 -0.07050379 -1.32313357 -0.67774362]
[-0.31623254 -1.09249852  1.93639553  1.42395358]
[-0.72444555 -1.95676241 -1.50562814  0.69146203]
[ 1.45219128 -1.09696431  0.76540794 -1.10464942]
[-0.67492572 -0.16755389  1.46743928  0.53169121]
[-0.78773484 -0.92607108 -1.61898449 -0.61916146]
[-0.79088862 -0.89436172 -1.42523233  0.0019095 ]
[ 1.4422328   0.58947709 -1.01433886  0.3668318 ]
[-0.75714607 -0.29143259  1.46678532 -0.07695866]
[-0.79975518 -0.3630514   1.38486638 -0.8283684 ]
[-0.74947207  0.64285456  0.80439351  0.27640872]
[-0.72064932  0.04268302 -0.78522746  0.82340653]
[ 1.30727093 -0.63458507  0.39711106 -2.32674388]
[-0.70283212 -2.62291689  2.1970458  -0.18740509]
[-0.79320664  0.99749429 -0.29005685 -0.57353761]
[-0.79249795 -1.49749991 -1.62561937 -0.14070784]
[-0.77378723  0.90362158  0.28849861  0.161606  ]
[-0.72442828  0.61920363 -0.31599433  0.75108714]
[-0.79957724  0.21202726  1.06900765 -0.80256421]
[ 1.4194213  -0.60590236  0.48304202 -1.60277121]
[-0.62019596  1.12699579 -0.71556512 -1.87811587]
[ 0.02220863  0.37599895  0.83588422  2.35148213]
[ 0.9644075  -0.80501207  1.33784414  1.61243   ]
[ 1.40940139  0.70116031 -0.38813602 -1.32344154]
[-0.7882954   0.02853018 -1.0184056   0.09759283]
[-0.77518302  0.1143147   1.22202814 -0.170912  ]
[ 1.4580794   0.46619499 -0.02500423 -0.25094901]
[ 1.38899766 -0.89697314  0.94579212  0.17626557]
[ 1.27885165 -1.07130629 -1.70706953  1.44877592]
[-0.50962965 -0.06345783 -0.60129196  1.71959909]
[-0.69593697  0.7045692   0.70400782  0.71000016]
[-0.78770534  0.50906602 -0.69219595  0.09283782]
[  5.92627089e-01  -1.41322681e-03   1.06628679e+00   2.28165536e+00]
[ 1.4596708  -0.06049784  0.34400339 -0.68530506]
[-0.43182237  0.47505833  0.91828629  1.64426246]
[-0.75527055  0.90879249 -0.73968881 -1.07247652]
[ 1.30649946  0.08750366  0.53089006  0.93693693]

Populations

0.166171927214
0.271841251981
0.26328373279
0.298703088014

State labels

0
1
2
3

Eigen uncertainty

nan
0.00386236536689
0.0124958055034
0.01654061634

Eigen values

1.0
0.940177617623
0.195120765877
0.0771970195147

Left eigenvectors

[ 0.16617193  0.1767311   0.01754624  0.32713463]
[ 0.27184125 -0.24042943 -0.3741608   0.01187306]
[ 0.26328373  0.31770932 -0.02252163 -0.30416931]
[ 0.29870309 -0.254011    0.37913619 -0.03483838]

Right eigenvectors

[ 1.          1.06354369  0.10559091  1.96865158]
[ 1.         -0.88444791 -1.3763945   0.04367646]
[ 1.          1.20671839 -0.08554131 -1.15529095]
[ 1.         -0.85037956  1.26927443 -0.11663213]
