Cluster centers 

[-0.83760464 -1.28096646  0.05321208 -0.14649904]
[ 1.32759641 -0.10745396 -0.29498147  0.45785864]
[-0.86028466  1.09616841  0.03999578  0.0796697 ]
[-0.57047562  1.02558104  1.6856071  -0.49135456]
[ 1.22532356 -0.30469617 -1.9139448  -0.67147141]
[-0.85789156 -0.31325685  0.02477161  1.26415633]
[ 0.82789659 -0.80479272  1.89024869 -0.32069445]
[-0.79236261 -1.58990601  0.09077054 -3.22585596]
[-0.87282555  1.85097033 -0.58854309 -1.17031769]
[ 1.16210168  0.00847281  1.19357783  0.65697285]
[-0.87599743 -0.92079294 -0.78772268  0.72460161]
[-0.7574154   0.41403113 -1.74835052  1.58108209]
[ 0.77628575  1.80000399  2.12011233 -1.40206914]
[-0.87149879  0.62995424 -0.54343191  0.99564786]
[ 1.32505303 -0.40596509 -0.721412   -0.63065224]
[-0.87516324 -1.24318737 -1.07586104 -0.52125682]
[ 1.28141091 -0.46050253 -1.6376162  -1.93454878]
[ 1.29923237  0.91327514 -0.95518861  1.18411681]
[-0.5411798  -1.43595852  1.35162166 -0.69864989]
[ 1.23371162 -0.52740493  0.58209434 -0.37787309]
[ 1.32272357  0.72068546  0.09634395  1.01576734]
[-0.63537796 -0.37564214  1.37980893  0.86915441]
[ 0.7971211   1.81993143 -2.65775145  1.09098539]
[-0.78805039  2.08334835  0.66991113 -2.65626267]
[ 1.30085999  0.14614046  0.30390384  0.80778168]
[ 1.27745031  2.02862882  0.65562765 -0.676897  ]
[ 1.31392487 -0.29255996 -1.07321587 -0.27542245]
[ 1.32326446 -0.26956667 -0.26020688  0.07751112]
[ 1.30783507 -0.60718351 -0.65376402 -2.07748161]
[-0.66601188 -1.54041548  0.89910573 -1.29300637]
[-0.86721077 -1.47962494 -0.4922323  -1.82594191]
[-0.85903719  1.53391262  0.08916284 -0.82305631]
[ 0.64197913 -0.28101568  2.36120344  0.5401605 ]
[-0.80494137  1.65478574 -1.37712442 -0.17595199]
[-0.86594116  1.25106947 -0.71666775  0.20047625]
[ 1.27154987 -0.64134871  0.16167823 -1.22855803]
[ 1.29761384  2.15874966 -0.86095382 -0.12048798]
[-0.75708523 -1.45321997  0.5409551  -0.81830801]
[-0.87647333  2.24128576 -0.38249488 -2.46103245]
[-0.79121819  1.61711507  0.72210159 -1.36392119]
[ 1.1723162   1.23374154  1.2701832   0.21651645]
[-0.76100125  0.46066003  0.92139579  0.60804072]
[-0.87737404 -1.13458303 -0.85884502  0.10310812]
[-0.75361537 -0.75507668  0.79895477  0.8819746 ]
[-0.64261487 -1.63415935  0.77964416 -2.6678338 ]
[-0.86691332 -0.41928845 -0.87080652  1.36723597]
[ 0.34364266 -0.70683472  2.38595925  0.22137911]
[-0.83733518  0.68775497  0.37031406  0.54942113]
[ 0.91625074  1.29154558  2.04325076 -0.30581111]
[-0.84520788 -0.79102552  0.10940638  0.94672846]
[-0.49216199  1.50700899  1.87064085 -1.57257948]
[ 1.29556565 -0.25326713  0.21663105  0.22620035]
[-0.87377023  1.54389465 -0.41097031 -0.55497033]
[ 1.3271039  -0.17883529 -0.68116163  0.22144756]
[ 0.99832931  0.48771881 -2.52309056  1.50272576]
[ 1.09443277  0.56968028  1.55749348  0.64090636]
[ 0.85705653 -0.99990566  1.69622897 -1.1756626 ]
[ 1.2995125  -0.40501135 -1.37586269 -1.06746919]
[-0.84277402  0.11615177 -1.1342991   1.53609462]
[-0.87997848 -1.49234502 -0.69126231 -2.55541201]
[-0.68146908  0.70978273  1.29587092  0.15077601]
[-0.86531644 -1.06756152 -0.23047507  0.45480235]
[-0.10952777 -1.2610214   2.15478467 -0.41812389]
[-0.8344498   1.20093107  0.40194115 -0.28908509]
[ 0.94867673  1.6392057   1.97329176 -0.85971874]
[-0.87067848  0.77619485 -0.17424733  0.66107101]
[ 1.3144652   1.44368265  0.22562601  0.45636262]
[ 1.19874011 -0.41764769 -2.32960595 -3.31200914]
[-0.87441282 -1.37947491 -0.588947   -0.9853011 ]
[-0.82071512  0.03244282  0.47145292  1.08985291]
[-0.87098939  0.10486788 -0.27704568  1.28326205]
[-0.7924373  -1.52670441  0.24329683 -1.49431158]
[ 1.31298036 -0.01701456 -0.98613159  0.55903455]
[-0.6491497   1.64765132  1.39410361 -1.76625244]
[-0.41910721 -0.77092812  1.88615316  0.64279173]
[-0.82445952  1.10411065 -1.22730063  0.71673732]
[ 1.18710608  0.17638619 -1.92869797  0.93376987]
[-0.85769686  1.87663803  0.0889848  -1.68537403]
[ 1.09323685 -0.33750196 -2.65131711 -1.3956431 ]
[-0.8406632  -1.39797631 -0.03297006 -0.73023615]
[-0.76238415 -1.31459267  0.58201969 -0.19163469]
[-0.83353636 -1.00547087 -1.57420752  0.22355052]
[ 1.24328003  0.28767469  0.82473018  0.81964971]
[ 1.07058852 -0.68977263  1.30096846 -0.45206319]
[ 1.32978462  0.26827528 -0.35450166  0.94770818]
[ 1.32168505 -0.48927048 -0.91876877 -1.29209584]
[ 1.23354129 -0.30253924  0.70599051  0.25566861]
[-0.81429322 -0.67405845 -1.59137677  1.06288327]
[ 0.51260417  0.55702698  2.44441058  0.24764889]
[-0.7598859   1.3166117   0.91683434 -0.76678285]
[ 1.31372462 -0.42472104 -0.18453708 -0.40699009]
[ 1.21694397 -0.21456839 -1.90549331 -0.17314927]
[-0.82815612  0.68018623 -1.20757006  1.22663245]
[-0.4602489   0.56291375  1.94446674  0.15254179]
[ 0.98921729 -0.45028799  1.62273758  0.2430136 ]
[-0.87477311 -0.70467439 -0.45167216  1.0872123 ]
[ 0.99211714 -0.02519661  1.76365175  0.63151983]
[-0.56664982 -1.26795472  1.36590169 -0.08055372]
[-0.82899157  2.12825744 -1.27878786 -1.40114586]
[-0.80458571 -1.1289803   0.39264789  0.35613652]

Populations

0.149421281261
0.317467323717
0.266861312406
0.266250082616

State labels

0
1
2
3

Eigen uncertainty

nan
0.00662243589713
0.0226712313893
0.027843204716

Eigen values

1.0
0.936872901758
0.197445073251
0.102897901

Left eigenvectors

[ 0.14942128  0.15082865  0.00964566 -0.32288116]
[ 0.31746732  0.34782707 -0.01675574  0.30889707]
[ 0.26686131 -0.25519363 -0.36122052 -0.00650382]
[ 0.26625008 -0.24346209  0.3683306   0.02048791]

Right eigenvectors

[ 1.          1.00941881  0.06455344 -2.16087798]
[ 1.          1.09563108 -0.05277943  0.97300429]
[ 1.         -0.95627812 -1.35358893 -0.02437155]
[ 1.         -0.91441131  1.3834009   0.07694988]
