Cluster centers 

[-0.93918412 -0.87317159 -0.15893534  0.92586931]
[-0.94644479  1.73231573 -0.04040628 -0.8713451 ]
[ 1.1884599  -0.15310036  0.2229403   0.51610252]
[ 1.17357466 -0.56307873 -0.04661798 -1.82581837]
[ 1.00070048 -0.5861705   1.23902189 -0.08159191]
[-0.92853836 -1.33147582 -0.0367471  -0.45100656]
[ 1.20804427 -0.24287391 -0.75157616 -0.08351282]
[-0.92812017  1.11463587 -1.05437838  0.62608259]
[ 0.51443419  0.42800478  2.32545106  0.50372521]
[-0.92484244 -1.43811421 -0.02163776 -2.21248992]
[ 1.03559042 -0.1993453  -2.21061649 -2.94949672]
[-0.5736365  -1.37344714  1.51866867 -0.33837909]
[-0.9480411   0.64950651 -0.30004663  0.85560818]
[ 1.21995415  0.40003378 -0.50901131  1.07581517]
[ 1.06493346  0.20932842  1.1676676   0.8198716 ]
[ 1.04160139  0.09055924 -2.08978531  0.69697064]
[-0.95613614  2.58430301 -0.41980493 -2.60046904]
[ 1.05444758 -0.15664555 -2.07835639 -0.31032024]
[-0.89931998  1.67739498  0.52511373 -1.03746502]
[ 1.17837453 -0.34582715 -1.20020095 -1.39658182]
[-0.94917822  1.31446738 -0.60942579  0.1373408 ]
[-0.8479899   0.27091618  0.74487002  0.85313573]
[-0.95027192 -0.62143463 -0.98466733  1.21252353]
[-0.8567126  -1.35143049  0.36032341 -4.19746924]
[ 0.84054705 -0.34100128  1.78772563  0.52914199]
[-0.78258021  1.28445189  1.15930754 -0.56793956]
[-0.89783606 -1.24811621  0.23061145  0.08228109]
[ 0.87138032  1.99271828  1.81901961 -1.11727667]
[ 0.20741121 -1.01367235  2.28552432  0.03451781]
[ 1.05136756  2.32329917 -1.61684026  0.08180732]
[-0.96491736 -1.25586465 -1.09072221 -1.39352538]
[ 1.2162064   0.11698118 -0.15311536  0.85497719]
[ 1.17783409 -0.49876778  0.10667702 -0.72604778]
[-0.92827366  1.16539402  0.17293381  0.01436456]
[-0.85048984  2.29000966 -1.13071385 -1.3504555 ]
[-0.89454132 -1.46024869  0.21408333 -1.59236583]
[-0.94937979  0.31820253 -0.59556216  1.23030118]
[ 1.00037269  1.08996002  1.51710521  0.3424767 ]
[-0.72503438 -0.3019843   1.24175079  0.99028728]
[-0.78724938  1.32833794 -1.97117642  0.79374074]
[-0.71615835  0.64781248  1.38160771  0.28097625]
[ 1.2055531  -0.3551331  -0.70828637 -0.68376268]
[-0.96123523 -1.19849563 -0.56640445 -0.05635027]
[-0.01056169 -1.26819925  2.17941195 -0.51853371]
[-0.8296679  -0.87860597  0.72054896  0.88462277]
[-0.87891562 -1.42822482  0.33484633 -0.91457219]
[-0.9302416   1.4716598   0.14831011 -0.47587441]
[ 1.16278944 -0.14310925 -1.39385392  0.05367174]
[ 1.17565186  0.1913902   0.47180436  0.90214096]
[-0.94365955  0.77666908 -0.79234238  0.90991371]
[-0.74967552 -1.50580051  0.81658081 -2.79285653]
[ 1.16651808 -0.35841294 -1.22269924 -2.26344914]
[ 1.07991896 -0.62369654  0.84731996 -0.58756758]
[ 1.15786328 -0.5877971   0.03714458 -2.59014211]
[-0.87696048  0.41478718 -1.53870591  1.42335573]
[ 1.19116258  0.04046411 -1.0827393   0.66385723]
[-0.91060288  2.02564813  0.45367669 -1.73880326]
[-0.96075333 -0.99089088 -0.80288927  0.58193429]
[ 1.20014633  0.91103118 -0.86365734  1.17630864]
[-0.83701377 -1.39425998  0.59040843 -0.50198113]
[-0.6518381   1.68373967  1.64747316 -1.49605875]
[ 0.30418619  1.049275    2.49118917 -0.27670151]
[-0.88014615  0.76828049  0.58915798  0.40138106]
[-0.94726765 -1.09722891 -1.37518011 -0.21205498]
[ 1.20684453 -0.29481784 -0.19303525  0.00501882]
[-0.9524299  -0.66377309 -0.43985023  1.15969115]
[ 1.19962916  0.82166202  0.29765841  0.95509893]
[-0.92199343  0.08263278  0.11918844  1.15973258]
[-0.94699771 -1.09699    -0.26737867  0.45108376]
[ 1.17843422 -0.26600886 -1.23587609 -0.54185816]
[-0.89938936  2.29593876  0.51985458 -2.41129608]
[-0.9077335   1.64334269 -1.23567786 -0.07480923]
[-0.95597332 -1.36358422 -0.36011053 -1.13856381]
[ 0.77426113 -0.99820622  1.65384589 -1.46885152]
[-0.93220936 -0.28852654 -0.02834814  1.28072636]
[-0.83564203  1.03147165  0.90228355 -0.0722501 ]
[-0.72733752 -1.32141161  1.08994078 -0.06470119]
[-0.62262492 -0.94309291  1.46359205  0.68744753]
[ 0.18159105 -0.4450037   2.36219643  0.6197884 ]
[-0.94344069  0.97599682 -0.11567458  0.4047275 ]
[ 1.0409352  -0.21839098 -2.15893928 -1.0283168 ]
[ 1.0999402  -0.29721803  0.86763015  0.41119521]
[ 1.1648505  -0.42626581  0.34356908 -0.15469604]
[-0.95558291  2.06613408 -0.333899   -1.40428115]
[-0.92720627  0.00214103 -1.1893114   1.48154703]
[-0.94860442  1.80570843 -0.66317824 -0.68243051]
[ 1.20081406 -0.45910983 -0.40981733 -1.21163425]
[ 0.72562864 -0.89039483  1.87466588 -0.46083227]
[-0.89266079 -0.72530398 -1.72413103  0.88071878]
[-0.90931674 -1.02143889  0.17137333  0.69154438]
[-0.88997821 -0.55151994  0.37366934  1.15014236]
[-0.71031835 -1.50881206  1.05685884 -1.32404344]
[ 1.21543516 -0.09873835 -0.50905828  0.46698927]
[-0.83226148 -1.13829067  0.66574816  0.46823213]
[-0.96932344 -1.25635578 -0.87700854 -0.7810258 ]
[ 1.20232565  1.58836909  0.28033904  0.36360579]
[-0.95168224 -0.20107224 -0.51820817  1.37288775]
[ 0.98316297  0.63278601 -2.16395568  1.31892672]
[-0.96992513 -1.31884525 -0.70647539 -2.6221179 ]
[-0.92329985  0.57801682  0.17593082  0.7616899 ]

Populations

0.270719686504
0.222766840067
0.258433515849
0.248079957581

State labels

0
1
2
3

Eigen uncertainty

9.87027040002e-11
0.00761951119034
0.0264094237074
0.028732490687

Eigen values

1.0
0.924980808312
0.18616232873
0.115055498253

Left eigenvectors

[ 0.27071969  0.24646245  0.00907049 -0.36960049]
[ 0.22276684 -0.23579894 -0.342833   -0.00248343]
[ 0.25843352 -0.26342097  0.34894445  0.02219899]
[ 0.24807996  0.25275746 -0.01518194  0.34988493]

Right eigenvectors

[ 1.          0.91039722  0.03350508 -1.36525163]
[ 1.         -1.05850109 -1.53897681 -0.01114812]
[ 1.         -1.01929879  1.3502291   0.08589827]
[ 1.          1.01885482 -0.06119776  1.41037163]
