Cluster centers 

[-0.97293671  0.87098238  0.56632315  0.39113257]
[ 0.9496253  -0.54172962  0.99103198 -0.24837051]
[ 1.05735019 -0.23004624 -0.83698859  0.24562138]
[-1.03646838 -0.98819782  0.12312163  0.8029192 ]
[-1.02461507 -1.45675588  0.58378223 -1.98089   ]
[-1.07344202  1.53521552 -0.13530494 -0.4819305 ]
[ 0.97892277 -0.46382535 -1.36579074 -1.24993282]
[ 1.00519785  1.81393655  0.68956915 -0.04097387]
[ 1.05892666  0.03247327  0.10820214  0.79378114]
[-0.93625047  1.83273718  0.88844771 -1.1565194 ]
[ 0.37734276 -0.2803188   2.16430492  0.88357185]
[-0.95598051 -1.4552735   0.8826298  -1.44791972]
[-1.08324761  0.79492812 -0.43176175  0.60768494]
[ 1.06424638 -0.42858856 -0.07512542 -0.32771297]
[ 0.89128997 -0.40622137 -1.56131554 -3.48190184]
[-0.89547183  2.22732075 -1.16382017 -1.42181306]
[ 0.96143147  0.17277563  0.88655266  0.93569582]
[-0.94556814 -0.84661112  0.64511144  0.95659679]
[-1.04760901 -1.38033938  0.23168519 -0.59425118]
[-1.0906094  -0.0473335  -1.01121081  1.28414419]
[ 0.93775056 -0.36988794 -1.72485033 -0.40824995]
[ 1.07208865 -0.02271848 -0.57755369  0.68508481]
[ 0.98771863  0.82050525  0.77141931  0.89238795]
[-1.07810481 -0.92551965 -1.41075673  0.78716117]
[ 0.28351781  0.9803458   2.27291916  0.37996882]
[-1.07989951  0.09834379 -0.44817835  1.18399669]
[-0.56487347 -1.1750936   1.83382657  0.070271  ]
[-1.09219777  1.81614706 -0.79340916 -0.84348836]
[-0.92076612 -1.45231803  1.14538912 -2.41204109]
[-1.11347673 -1.39086078 -0.59601379 -1.48422449]
[ 1.02317771 -0.50112038 -0.83451558 -2.28213303]
[ 0.92202632  0.45296996 -1.95155577  1.08246698]
[-1.07771091  2.67983049  0.01615125 -2.91788463]
[ 0.5650011   2.02893246  1.9415288  -0.82518533]
[ 1.07211017  0.75746297 -0.03636258  0.99385183]
[-0.79780861 -1.39258724  1.37868453 -0.84282035]
[-1.08834225  1.48223583 -0.96784075 -0.22987805]
[ 0.83639848  1.1098998   1.43502228  0.5436949 ]
[-1.00493922  1.0706576  -1.94391119  0.56764129]
[-1.09541061 -0.63563424 -0.82101068  1.17979722]
[ 1.05280845 -0.37149024 -0.80116931 -0.2830968 ]
[-1.03596521 -0.45455764  0.03797667  1.23763771]
[ 1.00763644 -0.59530771  0.64107106 -0.95043152]
[-1.04684233  1.66848083  0.15750527 -0.75932983]
[-1.08737312 -1.27205917 -0.26701304 -0.02498621]
[-0.99000973  0.12268509  0.3785386   1.08643086]
[-0.82454915 -0.08319221  1.09608     1.12051519]
[ 0.61174171 -0.83304814  1.96605874 -0.73779973]
[-0.60842128 -1.3895966   2.03249295 -2.78586838]
[-1.05219158  1.12572002  0.02935951  0.12489115]
[-1.08368248  0.53850932 -1.18668909  0.97484806]
[ 1.08089189  0.810613   -0.50854254  1.02149663]
[-1.01960309  1.8513486  -1.76472736 -0.64506981]
[ 0.86912257 -0.4396625  -1.96388642 -0.95612705]
[-1.04284428  0.60264899  0.03182714  0.75495518]
[ 1.03869818 -0.50471407 -0.76221362 -1.60753047]
[-0.95373103 -1.3879419   0.79533012 -0.60769062]
[-0.82755151  0.73447827  1.14871214  0.50297797]
[ 0.92030921 -0.31234529  1.0874853   0.47504808]
[-1.10817136 -1.34439216 -0.96295326 -1.09676873]
[ 1.06523104 -0.45639691 -0.35472249 -0.62521454]
[ 0.85258013 -0.21311802 -2.19135627  0.2653189 ]
[ 1.02034999  0.15695283  0.51735684  0.91981283]
[-1.0223794   2.298265    0.53295084 -2.09216617]
[ 0.64878366 -0.56797019  1.8601066   0.283698  ]
[-1.08510163  2.47966679 -0.9820307  -2.15532984]
[ 0.85007665 -0.47110859 -1.87385732 -2.42081473]
[ 1.0691611  -0.25849825 -0.25341364  0.24770462]
[-0.02789213 -0.17272115  2.28136653  0.95749267]
[-0.88454007  1.36870701  1.02206846 -0.34801205]
[ 0.75818327  1.59443239 -2.55047334  0.68304587]
[-1.07473067 -1.43334511  0.10612334 -1.40245208]
[-1.03264889 -1.37415874  0.61678907 -3.34522581]
[ 1.0818291   1.57621451 -0.44063854  0.47051013]
[ 1.01364556 -0.40795855 -1.20355264 -0.60377501]
[ 0.80292318 -0.0487374   1.48257782  0.84376842]
[-0.8325616  -0.78644957  1.08894783  0.98431134]
[-0.81113576 -1.17536085  1.23896136  0.28788003]
[ 1.07063694  1.16434664 -0.83048993  0.87178262]
[ 1.03726048 -0.41610732  0.3579625  -0.06431861]
[-1.1031994  -1.2103139  -0.89320651  0.06164603]
[ 1.05718465 -0.54291913  0.00162491 -1.19334511]
[-1.08816853  1.15494033 -0.51958696  0.17200585]
[ 1.05133506  1.27610016  0.29959709  0.63458783]
[ 1.04774023 -0.46911623 -0.75947494 -0.9881865 ]
[-1.08802228 -1.43606023  0.05921182 -2.00139434]
[ 1.07324838  0.22360484 -0.16748974  0.95179262]
[ 1.05050388 -0.56718969  0.05714166 -2.26211625]
[-1.07185108  2.01734914 -0.01623634 -1.39602006]
[ 1.01880814 -0.07755113 -1.33257584  0.56612758]
[ 0.17378654 -0.77937455  2.30562711  0.3354997 ]
[ 1.0516691   0.378537   -1.0700703   1.02537068]
[ 1.02213802 -0.26556848  0.49695847  0.407963  ]
[-1.08739182 -1.05620808 -0.38855583  0.65325522]
[-1.1026495  -1.36484262 -0.39501613 -0.71021387]
[-1.08267835  1.12792268 -1.14657491  0.31954163]
[ 1.01060638 -0.29432311 -1.3081293  -0.0201781 ]
[-0.56765142 -0.72312392  1.75459143  0.92595458]
[ 0.85506604 -0.53833289  1.37265155  0.03947275]
[-1.0038334  -1.18540769  0.40132551  0.35104453]

Populations

0.0284579380337
0.213891108598
0.189247890014
0.568403063355

State labels

0
1
2
3

Eigen uncertainty

nan
0.0107685392934
0.0419844393439
0.0679139894525

Eigen values

1.0
0.93257190725
0.228176559601
0.15982202708

Left eigenvectors

[ 0.02845794 -0.02710145  0.03030691 -0.16122992]
[ 0.21389111 -0.24673618  0.29825993  0.13529217]
[ 0.18924789 -0.22116983 -0.32314121  0.00983823]
[ 0.56840306  0.49500746 -0.00542563  0.01609952]

Right eigenvectors

[ 1.         -0.95233358  1.06497205 -5.66555166]
[ 1.         -1.1535598   1.39444755  0.63252824]
[ 1.         -1.16867791 -1.70750232  0.05198593]
[ 1.          0.87087402 -0.00954539  0.02832413]
