Cluster centers 

[-0.82117887 -0.20629941 -0.47559485  1.25310722]
[-0.79087173 -1.30202438  0.0148496  -0.29750667]
[ 1.39788974 -0.33795843 -0.2737494  -0.3109554 ]
[-0.73297729  1.42277946  1.11076052 -0.89773317]
[ 1.25649983  0.06333106  0.98972502  0.90420182]
[-0.82459034  1.10617699 -0.11600523  0.12916578]
[-0.7163946  -1.62142535  0.79077452 -3.35163997]
[ 1.40634253  1.25898924 -0.42629738  0.79975569]
[-0.51264518 -0.89138861  1.33558235  0.89505076]
[ 1.29488246 -0.33367896 -1.69102668 -2.05529111]
[-0.80527833  1.96972832 -0.68432402 -1.31874814]
[-0.8213087  -1.15824971 -1.15469947 -0.68177999]
[ 0.80249839 -0.74667031  2.03993573  0.43114275]
[ 1.21250429  0.59819853 -2.22520426  0.80911878]
[ 1.31720103 -0.03181766 -1.73623001 -0.09258275]
[ 1.3997699  -0.36774689 -0.68485614 -0.84436094]
[-0.82569448 -0.96105259 -0.62950355  0.4838583 ]
[-0.82480988  0.67380389 -0.56624352  0.83032763]
[-0.80438835 -0.98895352 -1.4319002  -0.12622855]
[ 1.3930262  -0.01767374 -1.0240937   0.24080716]
[-0.45924366 -1.37607243  1.46841915 -0.05488963]
[-0.53502964 -1.58876421  1.30176482 -1.19848114]
[ 1.21293827 -0.65302508  1.0964156  -0.23296504]
[ 1.32028072 -0.73128933  0.5446518  -1.60048611]
[ 1.36000677 -0.37784564  0.26275525 -0.0376139 ]
[ 1.19381556  1.7474594   1.66238    -0.52685159]
[-0.75950219  0.2169153   0.44950885  1.02362102]
[-0.69300168 -1.25103844  0.6544033   0.17449261]
[-0.822838   -1.4876726  -0.16522993 -2.50115457]
[-0.82899171  1.84408757  0.24959285 -1.51601157]
[-0.80848755 -1.45536038 -0.07828904 -1.48154231]
[-0.82965016  2.14979581 -0.16929379 -2.07650446]
[-0.70228595  0.89150854  1.06420534  0.11730822]
[-0.69760591 -0.50952624 -2.17696046  0.65962417]
[ 1.38034893  0.00981549  0.10481783  0.6761005 ]
[-0.5847406   1.08511485  1.66231705 -0.36879462]
[-0.80607075  1.29085856 -0.9283829   0.1285316 ]
[-0.79024575 -1.1432969  -0.02077881  0.25975902]
[ 1.25229552  2.25951925 -1.47600539 -0.20809342]
[-0.7080795   0.41434596 -1.94875363  1.20158173]
[-0.77371848  1.20959062  0.69547841 -0.32411202]
[-0.73101244 -1.45977788  0.49937752 -0.79628266]
[ 1.30051947 -0.18690762 -1.80409046 -0.83324273]
[ 1.39006323 -0.44273462 -0.819643   -1.66640605]
[ 0.77205916  1.54998394  2.60058932 -0.7947688 ]
[-0.71316523 -0.78394014  0.55762778  0.98803065]
[ 1.36574506  1.61881705  0.57255454  0.17253545]
[ 1.34777917 -0.568088    0.35236056 -0.71886531]
[ 1.36414751  0.39170042 -1.3855513   0.77727285]
[-0.83485915  2.35711404  0.2128505  -2.93232681]
[ 1.26246335 -0.34923405 -1.74870238 -3.16561697]
[ 0.12046542 -1.07029134  2.23164085  0.43250783]
[-0.82097449 -0.71947432 -0.50567605  0.94846742]
[ 0.79095876  0.65842342  2.28387103  0.62872142]
[-0.81096551  0.16510271 -0.15240809  1.15043423]
[-0.47304233 -1.68387263  1.56119158 -2.15128094]
[-0.82320717  1.33176998  0.09984949 -0.34029941]
[-0.81258234  0.64636665 -0.01818877  0.72469413]
[ 1.37620038 -0.27995855 -1.18282872 -0.84173187]
[ 1.4036411  -0.1110363  -0.40402321  0.29246152]
[-0.56936332  0.45845807  1.47964682  0.62612713]
[ 1.32112533 -0.26948412  0.57941275  0.41314002]
[ 1.15216322 -0.42796001  1.32641159  0.49771162]
[-0.79830387  0.43148474 -1.26669716  1.14106989]
[ 1.33949557  0.34404694  0.54676204  0.97907714]
[-0.80810357 -0.84435681 -1.37402967  0.40165355]
[-0.7216635   0.48083077  0.80060218  0.7259933 ]
[-0.75911373  2.01839734  1.17146156 -2.43949465]
[ 1.39275802 -0.51141947 -0.21162838 -1.18169479]
[-0.82426996 -1.33874997 -0.38847252 -0.89003881]
[ 0.45774655 -0.24324201  2.27078837  0.99026827]
[-0.80847514  1.53983021  0.48285166 -0.9133064 ]
[-0.77015716  1.75043452 -1.11346727 -0.61048783]
[-0.24587282  0.84832317  2.29023269 -0.00725049]
[ 1.40277908  0.66559299 -0.7757364   1.01561638]
[-0.79087769 -0.91425271 -0.03906495  0.76364223]
[ 1.08352229  0.10435075  1.62527155  0.94274153]
[ 1.38983886 -0.57532058 -0.32257769 -2.24933932]
[ 0.79627581 -1.07007974  2.00896604 -0.53780974]
[-0.82693867  1.40730028 -0.47724191 -0.25009189]
[-0.8182998  -0.66100692 -1.14893125  0.87043299]
[-0.78734553  0.87903078  0.42411028  0.30713807]
[-0.8176636  -0.29882385 -1.05683356  1.22153013]
[ 1.17852512 -0.18875442 -2.31883718 -1.24043717]
[ 1.38808873  0.7536713   0.14823334  0.96639032]
[-0.59905283 -0.18760814  1.17850761  1.1471382 ]
[ 1.24698667  0.94010067  1.21222928  0.71697325]
[-0.83186618  1.65944049 -0.19852962 -0.87287168]
[-0.82346463  0.29929517 -0.76056891  1.16260778]
[ 1.40685091  0.22030815 -0.42529409  0.80056488]
[-0.78276351 -0.41729348  0.0861451   1.20840137]
[-0.75045258  1.71513433  1.11376889 -1.58453013]
[-0.69286778  1.41721358 -1.73075232  0.25430758]
[ 1.36437742 -0.34765248 -1.24902406 -1.42213086]
[-0.74638496 -1.57266962  0.50798972 -1.90408421]
[-0.81539951  0.99681815 -0.79495733  0.51225688]
[-0.82933181 -1.12611832 -0.69694156 -0.06606228]
[-0.82421187 -1.26037351 -1.07534739 -1.43576931]
[ 1.39839656 -0.23510603 -0.82924712 -0.32491205]
[-0.49633608  1.45831961  2.06639773 -1.24917577]

Populations

0.40792128066
0.0432546659719
0.28606233814
0.262761715229

State labels

0
1
2
3

Eigen uncertainty

7.25332001768e-11
0.00562751112519
0.0184677243089
0.0308358742842

Eigen values

1.0
0.940416057657
0.196029436647
0.104629821606

Left eigenvectors

[ 0.40792128  0.45132927  0.00663042 -0.19436933]
[ 0.04325467  0.04620627  0.00115496  0.19810943]
[ 0.28606234 -0.25354518 -0.37409119 -0.00114126]
[ 0.26276172 -0.24399036  0.36630581 -0.00259885]

Right eigenvectors

[ 1.          1.10641267  0.01625416 -0.47648734]
[ 1.          1.06823771  0.02670143  4.58007078]
[ 1.         -0.88632841 -1.30772611 -0.00398955]
[ 1.         -0.9285613   1.39406081 -0.00989051]
