Cluster centers 

[ 0.2731387   1.27519581  2.40046446 -0.30886003]
[ 1.17346309 -0.30511336 -0.24888494 -0.00138175]
[-0.90772042  0.03981358  0.44460792  1.09721233]
[-0.9972448  -1.30720056 -0.53136366 -0.88448803]
[ 1.11246452  0.67130657  0.76271222  0.89926037]
[-0.96079688  1.86621049 -1.12442584 -0.59848897]
[-0.83147905 -1.41464512  0.79203772 -2.52599591]
[ 1.06752322 -0.29837679 -1.70671862 -2.67891167]
[-0.89242245 -1.24525035  0.50420367  0.03165588]
[ 1.15409582 -0.10375479 -1.02028123  0.4887353 ]
[ 0.71559762 -0.8698634   1.87093621 -1.00691833]
[-0.9614353   1.73618558  0.06634305 -0.83921664]
[-0.98549435 -0.39217372 -0.58644518  1.34384467]
[ 1.17177983 -0.33163211 -0.63823204 -0.31024382]
[ 1.1240918  -0.36100559 -1.30825087 -1.32360668]
[-0.89294765  0.91197666  0.61294874  0.27293803]
[ 0.14523355 -0.85513003  2.367049    0.19329222]
[ 1.17260175  0.40017468 -0.7758896   1.12113298]
[-0.97766229 -1.08156815 -0.25260553  0.52012561]
[-0.62920828 -1.38459737  1.46664922 -0.95468493]
[ 1.11586386 -0.2689451   0.59536432  0.36286871]
[-0.9792584   0.77608516 -0.37586094  0.71940734]
[-0.97576294  2.3451008  -0.75883305 -1.72155544]
[ 0.54212645  0.574908    2.23928162  0.55289921]
[ 0.99203719 -0.06907274 -2.09868353  0.58331196]
[-0.98663857 -1.21939501 -0.37450548 -0.04043707]
[ 1.00138105 -0.42065387  1.1981113   0.19172585]
[-0.97916237  1.31456796 -0.82307573  0.17925827]
[ 1.13946189 -0.51592404  0.23748383 -0.94057878]
[-0.98139966  0.36913537 -0.78563416  1.19272472]
[ 0.97818749 -0.19710684 -2.2007009  -3.43347355]
[ 0.86172185  2.18110216  1.68070707 -1.13262524]
[ 1.11174405 -0.28987023 -1.43917264 -0.4373284 ]
[-0.9519252  -0.95769458 -1.54488438  0.56209661]
[-0.95899604 -1.36672255  0.00752109 -1.09525314]
[ 0.64436881 -0.56959463  2.06279817  0.24701616]
[-0.98831279 -0.90446986 -0.57856387  0.88250401]
[-0.94100516 -0.4956769   0.15524887  1.21509101]
[-0.88232911 -1.14615647  0.48366503 -4.73485026]
[ 0.93245907 -0.29055489 -2.3552558  -2.16826231]
[-0.64269877 -1.21184137  1.45846239  0.03121194]
[ 0.83746096  1.52705103 -2.39227301  1.04720404]
[-0.98918014 -1.22854201 -1.28045777 -1.26253895]
[ 1.18113942  0.21138967 -0.18057536  0.97019213]
[-0.78903063 -0.57554144  1.03950571  0.98317222]
[-0.76455528  0.558843    1.20912529  0.5260014 ]
[-0.98990275 -1.31275785 -0.25888033 -2.88180348]
[-0.36171671 -0.40745914  2.0453266   0.77610153]
[-0.93774579 -1.3929037   0.20836786 -2.13607599]
[-0.85890509 -1.03410837  0.69700629  0.61851128]
[-0.81600575 -1.4254221   0.85361771 -1.46040235]
[-0.9812231   1.63892714 -0.30654449 -0.53111206]
[ 0.98856797 -0.30221823 -2.13574257 -0.9227298 ]
[ 1.17934291 -0.12496981 -0.45351653  0.49740504]
[ 0.96322069  0.25571585 -2.18337894  1.20994345]
[-0.96440524  1.0974112  -0.03602025  0.21853896]
[ 1.16760214 -0.44338846 -0.44904427 -1.18172588]
[ 1.16963814  1.6633544   0.23937865  0.30927334]
[-0.92124173  2.28355093  0.45066581 -2.09081148]
[ 1.05281372  0.02825526  1.04171192  0.77571076]
[-0.87619997  1.54872794  0.74965708 -0.72742008]
[-0.94752677 -1.30553283  0.10631621 -0.36342903]
[ 0.96042998 -0.60583005  1.30137279 -0.32039355]
[-0.86086366 -1.36902932  0.66286902 -0.68843928]
[-0.93009867  0.57205409  0.29879024  0.74444976]
[ 1.13527777 -0.54005918  0.11737941 -1.99865124]
[-0.55083205 -1.38764239  1.59164693 -2.91357579]
[ 1.16165283 -0.36329126 -0.85426932 -0.70525075]
[-0.97765301  2.70548695 -0.24317276 -2.8171228 ]
[-0.98872663 -1.19698022 -1.23775302 -0.54837555]
[ 0.10944802 -1.07516389  2.25982531 -0.41114833]
[-0.95412726  1.96855865  0.15461642 -1.3155624 ]
[ 1.16865201 -0.40910268 -0.20245538 -0.52930982]
[ 1.16768559 -0.17307445  0.04800077  0.45547463]
[-0.93979266 -0.92055035  0.1631513   0.85771518]
[-0.59442749  1.76139269  1.7097762  -1.32242583]
[-0.97399672  0.08181096 -0.23650023  1.22755587]
[ 1.12999728 -0.41855516  0.41104141 -0.16190139]
[-0.88600156 -1.34890172  0.52658367 -3.28106734]
[-1.00632417 -1.30423196 -0.604202   -2.35851479]
[ 1.18197873  0.93099994 -0.11206525  0.99985023]
[ 0.92967009  1.02091973  1.60911752  0.46294426]
[ 1.06902137  1.57248084  1.07018495  0.11249842]
[ 1.15371868 -0.41218793 -0.82856075 -2.00751173]
[-0.985324    1.98485284 -0.60637655 -1.04779902]
[ 1.03562115 -0.22311216 -1.89754989 -0.0819056 ]
[ 1.15459417 -0.24480621 -1.00247991  0.00252647]
[-0.98818126 -1.35218349 -0.31712391 -1.69152012]
[ 1.07964588  2.44895689 -1.43433386 -0.26881248]
[-0.93351519  1.13405044 -1.40814225  0.64421327]
[ 1.10843608  0.5919853  -1.43077445  1.21607515]
[-0.92779469  0.3016813  -1.53331717  1.41037491]
[-0.77933879  1.15773315  1.16906773 -0.20436986]
[ 0.8594779  -0.09179868  1.71167818  0.71633358]
[-0.95072248  1.39146652  0.16008865 -0.28105125]
[ 1.07777416 -0.57456364  0.7512326  -0.73860501]
[-0.94641324 -1.17712565  0.11321505  0.26172844]
[-0.99611427 -1.12981495 -0.84109581  0.20353341]
[-0.96184542 -0.56764991 -1.3163323   1.28178287]
[ 1.15016801  0.07155983  0.35990229  0.83019636]

Populations

0.0221780031924
0.195559437789
0.255034828998
0.527227730021

State labels

0
1
2
3

Eigen uncertainty

5.77879251323e-11
0.00732846985387
0.0286045043223
0.0485511704424

Eigen values

1.0
0.941764144035
0.186348677077
0.0743055337232

Left eigenvectors

[ 0.022178    0.02038889 -0.00176765 -0.14583315]
[ 0.19555944 -0.21153025 -0.33548917  0.00423278]
[ 0.25503483 -0.28597842  0.32890961 -0.00518413]
[ 0.52722773  0.47711978  0.00834721  0.1467845 ]

Right eigenvectors

[ 1.          0.91932942 -0.07970298 -6.57557624]
[ 1.         -1.08166731 -1.71553554  0.02164445]
[ 1.         -1.12133084  1.28966547 -0.02032713]
[ 1.          0.90495957  0.01583226  0.27840816]
