Cluster centers 

[-0.90941558 -0.895121    0.6886421   1.06871235]
[ 0.97589031 -0.4665655  -0.96938763 -1.38061693]
[-1.09799511  1.92036577  0.30497794 -1.31669665]
[ 1.02523614 -0.15158099 -0.96395344  0.17240962]
[ 1.02501673  0.17670056  0.0878817   0.92607399]
[-1.12752671 -0.76440297 -1.2628081   0.808866  ]
[-1.11456912 -1.48644659  0.19960364 -1.48734073]
[-1.02779777  0.76551201  0.28732883  0.59013525]
[ 0.61209371 -0.70437758  1.8142784   0.48177003]
[ 0.86905992  1.70663565  1.41974222  0.06967902]
[ 1.03783398 -0.48012459 -0.20835686 -0.70839988]
[-1.03709757  1.34465241 -1.85116191 -0.09180577]
[ 1.02600153 -0.61007619  0.11874333 -2.13789081]
[ 0.93852228  0.43966332 -1.83543026  0.69791439]
[-1.1267171  -1.23165759 -0.53750244  0.00169791]
[ 0.77035057  1.3168539   1.58376786  0.53126278]
[-1.02787354 -0.68139752  0.0853754   1.16992319]
[-0.87196652  2.16949278 -0.79686483 -1.51479495]
[ 0.87653982 -0.49035763 -0.86798588 -3.43285593]
[-0.90249428 -1.48615936  1.17045919 -0.65039717]
[-0.77494971  1.18583983  1.51846556  0.06316618]
[ 0.9412087  -0.57409888  0.91726031 -0.07318756]
[-1.12069581 -0.39121651 -0.97113567  1.14862381]
[ 0.92817802 -0.31956034 -1.52981828 -0.63713463]
[ 0.96260428  0.09755436  0.58386249  1.00994168]
[-1.08098866  2.3996152   0.8180851  -2.4763649 ]
[ 1.04587388  1.55563446 -0.59905391  0.38214543]
[-1.09191922  1.01483281 -1.45102376  0.31946576]
[ 0.95489856  0.88915917  0.72275495  0.95174727]
[-1.08773527  1.22612883  0.0060724  -0.04264717]
[-0.87710774 -1.56610002  1.64865312 -2.20628944]
[-1.03970496  0.08816822  0.01297128  1.16613437]
[-1.10110554 -1.0343227  -0.36689288  0.65051394]
[-1.03227297 -1.54082541  0.87245295 -1.55734669]
[ 0.62645262  1.87940956  2.18257346 -0.37891985]
[ 1.00011612 -0.40319021 -0.92563048 -0.78103461]
[ 1.04444881 -0.21563455 -0.50403292  0.19241754]
[ 0.20794269 -0.91882223  2.19157097  0.57873168]
[ 0.37578804 -1.01901949  2.20653253 -0.05000157]
[-1.11664508  1.69141339 -0.78546455 -0.75664388]
[ 1.03898816 -0.38647893 -0.07857722 -0.11344633]
[ 0.74873043 -0.41544483 -2.06438233 -1.46755263]
[ 0.54256077  1.43675456 -2.85020355  0.20109489]
[-1.0006945   1.91871566  1.09459334 -1.36245293]
[ 0.77357606 -0.01888094  1.30939281  1.15309106]
[ 0.75107631 -0.92010756  1.86743871 -0.94258254]
[ 1.03090695  0.29799111 -1.07624983  0.72774669]
[ 1.01317149 -0.62278585  0.48848508 -1.00849223]
[-1.06598806  1.59579553  0.37983559 -0.67913033]
[-1.02980171 -1.21443618  0.2921089   0.40805594]
[ 1.01367146 -0.40828476  0.33177961  0.0889281 ]
[-1.11722994  0.32852564 -1.36117702  0.93114135]
[ 0.30789048  0.41119493  2.01684464  1.23387521]
[-1.07369    -1.50914858  1.01373326 -3.06286768]
[ 0.83434155 -0.14309496 -2.13391959 -0.14388793]
[ 0.82723551 -0.49117898 -1.34387968 -2.77438988]
[-0.60450597 -1.28471229  1.72093579  0.29188514]
[-1.12002287  2.24100258 -0.05291216 -1.97081862]
[-0.92293164  0.29363554  0.6684074   1.06619044]
[-1.10714178 -1.33193845 -0.14248485 -0.24303193]
[ 0.98589401 -0.53799495 -0.5289     -2.44419099]
[-0.41360441 -0.59558045  1.6776854   1.33472477]
[ 1.02279332 -0.3395881  -0.7852852  -0.3574141 ]
[-0.95250463  0.25751176 -2.618361    0.92252999]
[-1.11139758  0.94828544 -0.49262847  0.36027856]
[ 0.90364958 -0.42685253 -1.44757445 -1.36460541]
[-1.07692909 -0.46000996 -0.30155351  1.2250571 ]
[ 1.02671857  1.71545304  0.38061137  0.1746467 ]
[ 0.86502405  0.68937259  1.09071655  1.06725445]
[-0.7101142   1.64171763  1.92210478 -0.72408037]
[ 1.04848471  0.22777503 -0.40143971  0.86794632]
[ 0.98305725  2.30855792  1.03170573 -0.81039842]
[ 1.01283229 -0.69471371  0.77026076 -2.16984782]
[-1.08016601 -1.43772168  0.27840851 -0.67215468]
[-0.82514547 -0.5155603   0.92203559  1.31057491]
[ 0.34189122  2.06429791  2.57163118 -0.94076991]
[ 1.04283038 -0.0947181  -0.22240524  0.56297722]
[ 1.01765884 -0.55172273 -0.33989851 -1.75691646]
[-1.13443118 -1.38736513 -0.45358194 -1.04078503]
[-0.96810639  1.08587224  0.77894683  0.17126082]
[-1.11577202 -0.0087768  -0.83056764  1.16002947]
[ 0.18798667  1.03391807  2.28925479  0.62956031]
[-1.07767592 -1.19496815 -0.03213467  0.36592515]
[-1.12465641 -1.13927909 -1.24988785 -0.12231414]
[ 0.84053418 -0.57492518  1.27981385  0.31497547]
[-1.12051507  1.40687564 -0.71396452 -0.28634449]
[ 0.97474952 -0.18520961 -1.39124528 -0.06940909]
[-1.00151781 -1.40419043  0.64460121 -0.23891639]
[-1.03598781 -0.98523005  0.12056686  0.87005679]
[ 0.41155297 -0.44469779  1.91742557  1.11952255]
[ 1.01809629 -0.49504902 -0.55570125 -1.22569664]
[ 1.02973418  0.97370895  0.12992952  0.87849791]
[-1.09457714 -0.65142225 -1.8086848   0.66469288]
[-1.11113637  0.45349805 -0.68592424  0.88282865]
[-0.84002282 -1.21006962  1.08311965  0.55885416]
[-0.80303022  0.74356445  1.2425043   0.65902116]
[ 0.98525774 -0.26639869  0.49024719  0.55474996]
[ 1.05088374  0.67640094 -0.4291875   0.95258704]
[ 0.83162465 -0.34599641  1.19628219  0.79099051]
[-1.12271323 -0.83809218 -0.812476    0.84909218]

Populations

0.105843325444
0.326237865617
0.402825882827
0.165092926111

State labels

0
1
2
3

Eigen uncertainty

nan
0.0121363834306
0.0507050408141
0.0466319331536

Eigen values

1.0
0.930362929325
0.227604257767
0.167474244667

Left eigenvectors

[ 0.10584333  0.11494982  0.28239592 -0.04098294]
[ 0.32623787  0.38027959 -0.27089132  0.04256816]
[ 0.40282588 -0.34902108 -0.05820158 -0.33963812]
[ 0.16509293 -0.14620833  0.04669699  0.33805291]

Right eigenvectors

[ 1.          1.0860375   2.66805597 -0.38720382]
[ 1.          1.16565129 -0.83034911  0.13048197]
[ 1.         -0.8664316  -0.14448323 -0.84313878]
[ 1.         -0.88561234  0.28285275  2.04765227]
