Cluster centers 

[-0.81416891 -1.16681277 -0.37299115  0.00991769]
[-0.80941617  1.17660403  0.19281356 -0.11442784]
[ 1.16284338 -0.27718503  1.34080541  0.65173746]
[ 1.34968299 -0.70225952  0.32712205 -1.5453501 ]
[ 1.37088322 -0.2901524  -1.37193452 -1.01088348]
[-0.74462105  0.1064938   0.55996329  1.08327614]
[ 1.41147608 -0.12855684 -0.342489    0.28453032]
[-0.82441304 -0.93827461 -0.80625659  0.46823393]
[-0.820686   -0.53879745 -0.72316962  1.11198849]
[-0.58021758  1.42146383  1.76119547 -1.23627161]
[ 1.30519575  2.49390109 -1.17695459 -0.7319976 ]
[-0.80110911  2.11830845 -0.58326795 -1.80375291]
[ 1.34779288  0.27897012 -1.59684544  0.69977458]
[-0.58770866 -0.17787778  1.27184384  1.09993986]
[-0.76182344 -1.51216954  0.26776367 -1.36096757]
[-0.52968251 -1.40158353  1.26031917 -0.18979323]
[-0.81917161  0.61462368 -0.56855418  0.92095716]
[ 0.70764656  1.39282315  2.58708913 -0.69910242]
[-0.79813654  1.01098656 -0.97558647  0.59775592]
[ 1.31623311  0.87870026  0.9072668   0.79644929]
[-0.7560764  -0.89983751  0.28201918  0.8403312 ]
[-0.72855708 -1.41052974  0.45704939 -0.50474986]
[ 1.41755248  0.45000709 -0.40107707  0.97473981]
[ 1.4027568  -0.24418602 -0.98075258 -0.43178554]
[-0.75982094  0.77487171  0.63669354  0.37214246]
[-0.82440537  1.72818247 -0.17233924 -1.0772308 ]
[-0.73641822 -1.60594063  0.54015853 -4.00155501]
[ 0.89648339 -1.11776092  1.83029579 -1.10183656]
[-0.46490191  0.93451163  1.95978871 -0.25945641]
[-0.6322722  -1.67809149  0.96307474 -2.72253871]
[-0.82218088  1.43928131 -0.32984961 -0.37633499]
[ 1.39362254 -0.42572948 -1.04315465 -1.68728397]
[ 1.18810259  0.32916286 -2.40807028  0.62922473]
[-0.80531942 -1.00167744 -1.31283198 -0.04976306]
[-0.80558725 -0.64546865 -1.27874545  0.86445162]
[-0.82132163  2.26437346  0.24236457 -2.8209588 ]
[ 1.29492234 -0.51148437  0.74639109 -0.07581258]
[-0.81560556  1.81489137  0.3248412  -1.56994494]
[-0.80193403  0.22979689 -1.11087419  1.26149182]
[-0.82068022 -1.21201183 -1.03629215 -0.82525801]
[ 0.7601201   0.33699784  2.32712376  0.71877782]
[ 1.35699278  0.02229028  0.43413226  0.76112639]
[-0.80907373 -1.3491893  -0.23372372 -0.72241285]
[-0.74826613 -1.20376935  0.31441171  0.2134563 ]
[ 1.41066142 -0.34773672 -0.44007238 -0.44922065]
[ 1.13759445  0.44488002  1.58092704  0.85945776]
[-0.66969065  0.82368834  1.21189939  0.12814162]
[ 0.38434823 -1.1956541   2.23146192 -0.18250558]
[ 0.24405531 -0.76186221  2.32426377  0.72510659]
[-0.80752239 -0.94083494 -0.25611722  0.66126694]
[-0.81057459  0.8938368   0.06877152  0.38912502]
[-0.53183593 -1.61771312  1.25009085 -1.40013172]
[ 1.24741513  2.03307019  1.51288957 -1.1009863 ]
[-0.71579293  0.300116   -1.83989036  1.27371169]
[-0.80022938 -0.47130784 -0.11141826  1.1996861 ]
[-0.73973326  1.88878724  1.16544423 -2.23119432]
[ 1.2734488  -0.35323985 -1.8875878  -2.88329813]
[-0.70693015  1.44165127 -1.60348758  0.22679445]
[-0.74499603  1.44388582  0.98472366 -0.99279815]
[-0.58593627  0.45197422  1.44714794  0.58399367]
[-0.65163663 -0.95040046  0.87383704  0.80727802]
[ 1.40334236  0.91085983 -0.91584762  1.04730703]
[ 1.33785243 -0.80564763  0.46676205 -2.56469296]
[-0.80098774 -1.52223542 -0.06885626 -2.29131734]
[-0.79798248  0.13327443  0.04431648  1.15482769]
[ 1.38069208 -0.0223262  -1.32352226  0.14236159]
[-0.72856151 -0.45851645  0.53616973  1.1971804 ]
[ 1.41167073 -0.07561115 -0.82299116  0.20654602]
[ 1.36811948 -0.5709727   0.20523886 -0.85084058]
[ 1.40976707  0.25231971 -0.876574    0.77128353]
[ 1.2969928   0.21649556  0.87431872  0.93070629]
[ 1.23904772 -0.20523297 -2.17306521 -1.15596046]
[ 1.41793709  1.03172113 -0.3220011   0.94459628]
[-0.05913098  0.22689438  2.39113335  0.68380443]
[-0.82189941  1.10934749 -0.39376445  0.23239294]
[-0.81845544  0.0116957  -0.44098917  1.26616963]
[ 1.13402142  1.19162518  1.78060057  0.18134192]
[ 1.38201103 -0.35704713  0.11735566 -0.0676424 ]
[ 0.63471014  1.76019212 -2.48366791  0.65425543]
[ 1.40238145 -0.57828359 -0.41393285 -2.12198452]
[-0.80186174  0.57059382  0.107998    0.78875042]
[ 1.33513629  0.86611539 -1.59582293  1.07923228]
[ 1.40346481  0.07026218 -0.09254072  0.70085824]
[ 1.30456036 -0.07878947 -1.8706295  -0.28231087]
[-0.7325038   1.13002193  0.9489246  -0.32102056]
[ 1.41081165  1.54919077 -0.018749    0.42248913]
[ 0.88587901 -0.68136262  1.93830665  0.38528205]
[ 1.30939431 -0.33063249 -1.76837514 -1.91130407]
[ 1.38964511  0.57864803  0.23943063  0.97936193]
[-0.72892981 -0.65357699 -1.95401575  0.5413725 ]
[-0.77599332  1.83097348 -0.94288267 -0.8614484 ]
[ 1.35742278  1.57803647  0.7888072   0.09756845]
[-0.80502142  1.45004238  0.37606186 -0.73237454]
[-0.79745612  1.42688091 -0.88167079 -0.08818001]
[ 1.34265541 -0.2530246   0.48535933  0.39334349]
[-0.70862731  0.36575458  0.85783459  0.8150145 ]
[-0.44478468 -0.88237487  1.54543905  0.87495918]
[ 1.4084006  -0.4225407  -0.66971268 -1.07533312]
[-0.82641767 -1.38101269 -0.59759025 -1.52035978]
[ 1.16707822 -0.74855331  1.24960223 -0.38881273]

Populations

0.004527010584
0.438047604985
0.271818417624
0.285606966807

State labels

0
1
2
3

Eigen uncertainty

nan
0.00476518222092
0.015203280556
0.0532129118701

Eigen values

1.0
0.937322277115
0.191638455016
0.0738423888827

Left eigenvectors

[ 0.00452701  0.00526423  0.00069097 -0.0669203 ]
[ 0.4380476   0.49133999  0.0084996   0.06837155]
[ 0.27181842 -0.23524529 -0.37759328 -0.00401622]
[ 0.28560697 -0.26135893  0.36840271  0.00256498]

Right eigenvectors

[  1.           1.16284857   0.15263344 -14.78244942]
[ 1.          1.1216589   0.01940337  0.15608246]
[ 1.         -0.86545015 -1.38913797 -0.01477538]
[ 1.         -0.91509998  1.289894    0.0089808 ]
