Cluster centers 

[ 1.40471858  0.66609735 -0.46475915  0.73627399]
[-0.78117117  0.64896319  0.7798524  -0.16921519]
[-0.77538853 -0.03787159 -1.00146881  0.25206936]
[ 1.46415397 -0.65844257  0.68237461 -0.56708187]
[  1.21063335 -11.21989444   0.41620864  -0.20266929]
[ 1.45426593  0.81500057 -0.66676084 -0.8355523 ]
[-0.79584495 -0.55092229  1.47330861 -0.83732009]
[-0.77466877 -0.98786017 -1.67766444 -0.77283716]
[-0.19877731  0.09614231  1.27987732  1.91312979]
[-0.66302326  1.18472519 -0.4306232  -1.76775741]
[-0.58860579  0.20124925 -0.48653633  1.44392518]
[-0.73851375 -2.05916285 -1.54153388  0.56570718]
[ 0.97930603 -0.6082534   1.25194562  1.66253416]
[-0.78906206  0.99996668 -0.22874848 -0.57089183]
[ 1.4635258  -0.03038152  0.27757289 -0.97881697]
[-0.72520487  0.15809558  1.24306614  0.28235311]
[ 1.46054172  0.67200367 -0.31312531  0.05322709]
[ 1.30988517 -0.10473372  0.67177101  0.89175055]
[-0.74254697  0.74498435 -0.2207026   0.54439696]
[-0.41158755 -1.68227748  2.12722867  1.07618046]
[ 0.52324135  0.28914889 -0.09797854  2.5564583 ]
[ 1.15802023 -0.10493321 -1.03911787  1.87145345]
[-0.71061113  0.26905591  0.81790171 -1.91372442]
[-0.79209403 -2.40020201 -1.80655951 -0.26074378]
[-0.78867467  0.52172979 -0.73994147 -0.07070437]
[-0.74296937  0.261518   -1.29170421 -1.08262636]
[-0.71573834 -1.25179242  1.88429077  0.01442479]
[-0.78623133  0.37317783  0.91357275 -1.07850547]
[-0.62344904 -1.61049497 -1.28394133  1.29842195]
[-0.78194197  0.80182685  0.52691291 -1.01413871]
[ 1.42278974  0.03951018  0.15880245 -1.51500822]
[ 1.44807209  0.02415455  0.38819773 -0.03599021]
[-0.36158018 -0.75688645  1.8042002   1.39937642]
[ 1.46406594  0.66332665 -1.00007806  0.18446551]
[-0.67277119 -0.95012976 -1.93465781 -1.58871599]
[-0.70074978 -0.74375978 -1.11687358  0.92179864]
[ 1.31883193  0.63122335 -1.80994746 -1.60930562]
[ 1.47299672 -0.19253185 -1.87342167 -0.08348066]
[-0.6901785   0.81499965  0.23789866  0.85259849]
[-0.70582651  0.78346273 -1.00906979 -1.34172739]
[-0.70517607 -0.65645997  1.68049888  0.21173809]
[-0.7669327  -0.26762437 -1.45360161 -0.82465994]
[ 1.448862    0.44134541  0.04598634  0.10471475]
[-0.78876455 -0.06247614  1.16792302 -1.19510853]
[ 1.39411384 -1.51497269  0.75099042 -1.89992761]
[-0.77101241  0.34481145 -0.74446197  0.30823947]
[ 1.34563341 -1.23997887  1.16635292  0.42427878]
[-0.78876171 -1.43679216 -1.61431913 -0.17708218]
[ 0.29841298 -0.86766854  1.72602761  2.04446511]
[-0.78196735  0.85715758 -0.26638749  0.05959681]
[-0.71587732  0.65750972  0.78867753  0.51773161]
[ 1.46998666  0.50810883 -0.08548993 -0.36327521]
[ 1.16602189  0.44353205  0.17587113  1.6482036 ]
[-0.5989198   0.48364274  0.9727914   1.07682832]
[-0.79194047 -0.94451513 -1.51709946 -0.28620911]
[ 1.35836579  0.38978467 -0.10619893 -1.86575271]
[-0.78892469 -0.41500524 -1.27831644 -0.08931478]
[-0.77299919 -0.72453191  1.40174661 -1.53508284]
[-0.63934749 -0.22270931  1.5122922   0.66803775]
[ 1.28644752 -0.28368678  0.2316383  -2.39888558]
[-0.44911697  0.62619104  0.53404872  1.68802326]
[-0.79079387  0.05166506 -1.12423396 -0.28049311]
[-0.77488279 -3.38059066 -2.10046548 -0.99406444]
[ 1.28578983  0.96073773 -0.73122316 -1.98321529]
[ 1.29054975  0.55430403 -0.22065687  1.31653297]
[ 1.45064762  0.71658097 -0.51623686  0.30234868]
[ 1.46609525 -0.38225163  0.48008887 -0.95220834]
[-0.76992793 -0.8843151  -1.3221729   0.32909138]
[-0.40609237 -1.30043942 -1.08497082  1.94527582]
[-0.78159744  0.50680444 -0.94996758 -0.63252984]
[ 1.45972962  0.37835024 -0.01662525 -0.94715287]
[-0.77289726 -0.71098298  1.62191334 -0.37643253]
[-0.79530961  0.12538937  1.14081942 -0.71309731]
[-0.79262573  0.8286855   0.53501728 -0.4875153 ]
[-0.77266457  0.35019581  1.06202004 -0.13427743]
[ 1.38561935  0.18096838 -1.23296903  1.0212996 ]
[ 1.42313602 -0.78675097  0.85918963 -0.01045337]
[ 0.3829395   0.06794948  1.10545682  2.32310965]
[ 1.39662646 -0.2649507  -1.5635705   0.92025587]
[-0.4654251  -0.43271277 -0.75884722  1.8561869 ]
[-0.67523354 -1.82063164  2.07754702  0.16174814]
[ 1.37383596  0.55121114 -0.74171454  1.01603933]
[-0.78666182 -1.64806624  1.86762652 -0.81039595]
[ 1.41907771  0.11056827  0.38695338  0.30575622]
[ 1.39325771  0.59535211 -0.15334827  0.72572726]
[-0.78571616  0.96650298  0.12363097 -0.12411722]
[-0.7235361  -2.07735878 -2.08626806 -1.35314112]
[ 1.46934516 -0.02105677  0.3287632  -0.59908907]
[ 1.43632247 -0.60465849  0.49287953 -1.51483919]
[-0.76759311 -0.11188833  1.35877596 -0.18608559]
[-0.70953588  0.17759462 -0.67791611  0.86929892]
[-0.72385745 -1.28732951 -1.33213252  0.74604353]
[-0.64601342 -0.2991229  -0.85630023  1.22305544]
[-0.68300435  0.83790883  0.36912034 -1.88800192]
[-0.76167432  1.08360005 -0.21030299 -1.07160928]
[ 1.4713834   0.68622324 -1.20787126 -0.37067139]
[-0.74937635  0.86958341  0.37172342  0.36054041]
[ 1.36941479  0.34547281  0.24409973  0.7409378 ]
[ 1.07044428  0.09845978  0.72088708  1.70534755]
[ 1.05801585 -1.46957654 -1.5477292   2.07290337]

Populations

0.320046638903
0.107530060357
0.257588486265
0.314834814475

State labels

0
1
2
3

Eigen uncertainty

2.15503586886e-11
0.00378957915391
0.0124185508157
0.0168528197521

Eigen values

1.0
0.942507930666
0.187464926782
0.0822337733151

Left eigenvectors

[ 0.32004664  0.38345974 -0.02614403 -0.26437077]
[ 0.10753006  0.11065637  0.02165684  0.28853682]
[ 0.25758849 -0.22722613 -0.37314617  0.01915416]
[ 0.31483481 -0.26688998  0.37763335 -0.04332021]

Right eigenvectors

[ 1.          1.19813707 -0.08168819 -0.82603827]
[ 1.          1.02907384  0.20140268  2.68331308]
[ 1.         -0.88212844 -1.44861353  0.07435955]
[ 1.         -0.84771433  1.19946504 -0.13759663]
