Cluster centers 

[-0.71603451  0.08524227 -0.73642784  0.89955625]
[ 1.41871656  0.15344431  0.31548096  0.07455948]
[-0.74515007  0.15632691  1.2432378   0.22017144]
[  1.10690179 -10.99983453   0.56468488  -0.11157755]
[-0.80419085 -0.99898596 -1.57632821 -0.40948654]
[-0.79876506  0.99059575  0.22470235 -0.80874297]
[ 1.35349013 -0.24758118 -1.52131228  1.0071464 ]
[ 1.38761078  0.00727035  0.17635549 -1.58439822]
[-0.71051542 -2.60336114  2.20209475 -0.15512491]
[-0.80411676  0.60984849 -0.70649515 -0.20483499]
[ 0.78371297  0.15328992  0.80300806  2.16858207]
[-0.74887392  0.8380649   0.43356977  0.45948998]
[-0.80686765 -0.24684193  1.31024649 -0.97450974]
[ 1.43287976  0.72041161 -0.63267771  0.19343425]
[-0.54893085 -1.1545827   1.94436365  0.85750669]
[ 1.25529777  0.51385145 -0.26952494 -2.17291534]
[ 1.43231727 -1.06902523  0.74163817 -1.18625727]
[-0.79754695 -1.44179184 -1.57733812 -0.00545187]
[-0.3564838  -1.48968944 -1.16186163  1.9927148 ]
[-0.7815135  -0.21792998 -1.06654923  0.3434859 ]
[-0.6775444   0.38298724  1.09480696  0.72253087]
[-0.62951294  1.11747192 -0.72070127 -1.88508869]
[ 1.33568087  0.1505466   0.43245155  0.73778346]
[ 1.43779157  0.44639405 -0.06613049 -0.84407322]
[ 1.40425517 -0.29023773  0.62455135  0.09847623]
[-0.79609274 -0.19801326 -1.35850336 -0.62399567]
[-0.34761273 -0.18479191  1.51399565  1.61443593]
[-0.80735449  0.19828051  1.09634566 -0.73752449]
[ 1.16200763  0.40336391 -0.47523438  1.74794568]
[-0.75771541  0.21034814  0.91307492 -1.67352554]
[ 1.38009099  0.49129219 -0.95103165  0.82522281]
[-0.69558338  0.79899582  0.17152011  0.89136627]
[-0.72440187 -1.40180667  1.92915394  0.00333607]
[-0.78399586  0.91977997  0.17490344  0.15345231]
[-0.73333415  0.63117439 -0.30703018  0.73049006]
[-0.70971387 -0.71071514  1.70953523  0.24689807]
[-0.73333919 -0.35470344 -1.64330636 -1.28034644]
[-0.69202514 -1.01415779 -1.19749431  1.01511098]
[-0.78647185  0.51797937 -0.62281816  0.25159284]
[-0.78678735 -0.7687021   1.63847054 -0.42218764]
[-0.80280878  0.90221735 -0.45914213 -0.50188455]
[ 0.60028892  0.28102986 -0.17997494  2.51284317]
[-0.6507776   0.32257162 -1.46858207 -1.65768087]
[-0.79724374  0.22017528 -0.91071854  0.07599745]
[ 1.44255504 -0.07605504  0.38551458 -0.47043476]
[ 1.43788254  0.81894447 -0.71346679 -0.62263457]
[ 1.43904176  0.06502523  0.22919744 -0.90909848]
[ 1.38057731  0.71852634 -0.44088618 -1.40188177]
[-0.71874393  0.9489684   0.23451171 -1.6955529 ]
[-0.78982108  0.40121732  1.01830671 -0.18277737]
[ 1.42592397  0.62035468 -0.21117904  0.1937417 ]
[-0.7114668  -1.43339514 -1.93343734 -1.17318913]
[-0.47203372  0.44015759  1.00203111  1.52697184]
[-0.80414898 -0.72226784  1.48384166 -1.16894332]
[ 1.05829782 -0.41129773  1.05739553  1.52362535]
[ 0.89176335 -0.51887899 -1.08409462  2.33149462]
[-0.57742987  0.29477832 -0.40420511  1.49411723]
[-0.76926948  0.48965424 -1.09941059 -0.99840562]
[-0.71473704 -1.97311684 -1.49238646  0.79051086]
[ 1.32159395  0.6045167  -0.33665781  1.08540584]
[-0.43042202 -0.62385764 -0.85635297  1.93834222]
[-0.80385641 -0.08172227 -1.15678217 -0.16148807]
[ 0.01179661 -0.97943188  1.82550523  1.78614198]
[-0.8014049  -2.30256713 -1.85738362 -0.44857719]
[-0.80726751  0.64334034  0.74989747 -0.6646025 ]
[-0.79247736  0.83090738 -0.29016662  0.10256096]
[-0.77906464 -0.20091097  1.408816   -0.20177125]
[-0.57476174 -0.53890119  1.6970161   0.91506665]
[-0.72821594 -0.4285567  -1.03015336  0.81639777]
[-0.79349739  0.5811083   0.73884689 -1.16385329]
[-0.65052372  0.69200177  0.69283359  0.9901736 ]
[-0.79850873  0.79727911  0.59213904 -0.21966698]
[-0.68846601 -0.20841854  1.49346992  0.48947153]
[ 1.31261223 -0.67379086  0.43445041 -2.19576989]
[-0.79687245 -1.62489792  1.86621685 -0.76852997]
[ 1.17491958  0.29552532  0.40684343  1.46410377]
[ 1.3309796  -1.74821357  0.76805823 -2.2849539 ]
[ 1.2954674  -0.46158503  0.86908811  0.75054845]
[ 1.43056546 -0.46169192  0.48725382 -1.1706471 ]
[-0.62058176 -0.20067517 -0.77302183  1.37714855]
[-0.75262593  0.61022259  0.84982466  0.3009837 ]
[ 1.15665533 -1.32644282 -1.67889764  1.7813635 ]
[ 1.42425289 -0.82516362  0.80161428 -0.35315784]
[-0.02953073  0.46775015  0.64057632  2.33015223]
[-0.76102759  0.23597819 -0.74176643  0.5570314 ]
[-0.77226917  1.01058519 -0.50957078 -1.04590017]
[-0.78101261 -0.81881549 -1.66963091 -0.88372985]
[-0.80242986 -0.59454543 -1.35315769 -0.09432464]
[ 0.30935625 -0.11390272  1.27811608  2.26145615]
[ 1.35008199  0.52726141 -0.02152857  0.82228818]
[-0.51282296  0.65001601  0.23178805  1.62030513]
[ 1.40998717  0.42058621  0.08912188  0.28793376]
[-0.80440803  0.98790325  0.02317768 -0.29902753]
[ 1.445093    0.50264764 -0.08600286 -0.32165725]
[-0.80187974  0.36312404 -1.0007159  -0.47136365]
[-0.77397776 -0.93632049 -1.32592559  0.4100159 ]
[-0.57422943  0.09166533  1.34045844  1.08030933]
[-0.52809132 -1.93355072  2.16774932  0.75063602]
[ 1.34717547  0.02903734 -2.02601779 -1.18477821]
[ 1.44466352  0.53923478 -1.3291476  -0.17684348]

Populations

0.353833124425
0.303391527322
0.264950151756
0.0778251964968

State labels

0
1
2
3

Eigen uncertainty

1.23831850381e-11
0.00377383157254
0.0125397242597
0.0176334123639

Eigen values

1.0
0.943087177917
0.193306479294
0.0877791451446

Left eigenvectors

[ 0.35383312  0.41848658  0.03444212  0.22873122]
[ 0.30339153 -0.25739912 -0.37642134  0.05829048]
[ 0.26495015 -0.23716623  0.37080177 -0.03177728]
[ 0.0778252   0.07607877 -0.02882256 -0.25524442]

Right eigenvectors

[ 1.          1.182723    0.09734002  0.64643812]
[ 1.         -0.84840576 -1.24071143  0.19212957]
[ 1.         -0.89513529  1.39951522 -0.11993682]
[ 1.          0.97755968 -0.37034993 -3.27971447]
