Cluster centers 

[-0.93515898  0.13197738 -0.20376117  1.2144384 ]
[ 1.20811793 -0.31924824 -0.95970611 -0.58755697]
[ 1.19713505 -0.07203024  0.30966763  0.66745984]
[-0.9531936  -1.33245676 -0.46559782 -1.01042879]
[ 0.13208173  1.41872631  2.48817311 -0.85647317]
[-0.62032118 -1.32169469  1.38965313 -0.24424371]
[-0.89870461  1.53479143  0.38986886 -0.69505978]
[-0.85552735 -0.64176732 -1.88312918  1.08444454]
[ 1.04820247  1.16529894 -1.81465932  1.23842585]
[ 1.2156389  -0.16752303 -0.86617354  0.22551961]
[-0.86379522 -1.2859043   0.41957709 -0.08794991]
[-0.68727287 -1.47955315  1.11429387 -1.41521804]
[ 1.04774199  0.88653475  1.38168605  0.61578887]
[-0.87798777 -0.82150485  0.38727597  0.9474742 ]
[ 1.08012932  2.69159946 -1.69678812 -0.51187025]
[ 1.12293232 -0.60337449  0.65864099 -0.82857907]
[-0.90033278  1.17048099 -1.22216736  0.59998567]
[ 1.08009186  2.35451483  1.19501325 -1.29093213]
[-0.87828837  2.24219709  0.56114519 -2.27313278]
[-0.88036983 -1.15226863  0.32614655  0.36772345]
[-0.69660189 -0.10909258  1.3357243   0.92171982]
[ 1.18269099 -0.3628978  -1.24392239 -1.84410321]
[-0.94435876  1.68765957 -0.35429482 -0.64242266]
[-0.94337032 -0.29803352 -0.49531453  1.36775674]
[-0.87549929  0.78214671  0.5355707   0.4085979 ]
[ 1.02904293 -0.59003775  1.17382632 -0.24134598]
[ 0.02776712 -1.15314936  2.24344116 -0.30785234]
[ 1.22895786  0.66130364 -0.58582812  1.19333669]
[-0.89045814 -1.43261017  0.20031605 -1.49440511]
[-0.85286031 -1.45290248  0.41087461 -2.53479334]
[-0.94014254 -1.1151782  -0.29336254  0.38891791]
[ 1.21242669 -0.36928963 -0.1062471  -0.23917911]
[ 1.03613879 -0.24853823 -2.22280712 -1.06610013]
[ 1.09349031 -0.08118704  1.04715507  0.69499518]
[-0.86505465 -1.32874911  0.31455414 -4.04600893]
[-0.93248153  0.41887353 -0.89385184  1.24141805]
[ 1.06307557 -0.2359007  -2.11801166 -2.82628498]
[-0.94168813 -0.64225603 -0.96179262  1.21302919]
[ 1.22803059 -0.08062787 -0.40087753  0.56408543]
[ 1.04513159 -0.1772959  -2.16486764 -0.21802243]
[-0.95085275 -0.92535597 -0.67432179  0.79584431]
[-0.94272106  1.2793127  -0.57320613  0.15168752]
[ 0.80929867  0.13222365  1.95081304  0.68465692]
[-0.74577155  1.61511765  1.2372682  -1.1698376 ]
[ 1.16693592 -0.58596852  0.20663519 -1.60609001]
[-0.92691594  0.76961668  0.00316691  0.60392729]
[-0.93578776  2.09802009 -0.79516603 -1.23276501]
[-0.82159698  0.38991612  0.83496441  0.73858984]
[ 1.12595866  0.56531592  0.98630227  0.87855455]
[ 1.19891363 -0.49161291 -0.3846469  -2.30008056]
[-0.0031945   0.47555333  2.40263464  0.31959092]
[ 1.21146943  2.16799643 -0.76186961  0.03338477]
[ 1.21348626 -0.44036601 -0.50966522 -1.20737016]
[-0.57040123 -1.48117517  1.36025378 -2.93963832]
[ 0.95704124 -0.39128659  1.503798    0.38999284]
[-0.90753471  1.74956039 -1.20716642 -0.31863108]
[-0.56237848 -0.91956489  1.62180827  0.63142306]
[-0.90764538 -1.34726185  0.09241892 -0.57154615]
[ 1.18921812 -0.3450718  -1.21334942 -1.17953978]
[-0.81960767 -1.41673564  0.64449659 -0.8202462 ]
[-0.95180962 -1.22516209 -1.27786453 -1.28646886]
[ 1.2323976   1.39384732 -0.15127491  0.74666055]
[-0.92998856  1.96326387  0.06184305 -1.39917105]
[ 1.22014488 -0.34557817 -0.57463953 -0.44853154]
[ 1.21192821 -0.22209097  0.04433085  0.32187757]
[ 1.02355054  0.31648877 -2.13206717  1.2264442 ]
[-0.92907414 -0.93265635 -0.12482937  0.83594131]
[ 0.43689785 -0.69331594  2.24690696  0.26321392]
[-0.78253984 -0.96294412  0.90571557  0.72301382]
[-0.91941234  1.18392381  0.14680239 -0.00480172]
[ 1.18097219  0.20080005  0.54870796  0.91863102]
[-0.94776956  2.52620212 -0.60870461 -2.35358903]
[ 0.74658857 -0.90437987  1.82588375 -0.84977641]
[-0.89051701  0.01749594 -1.43362215  1.53400625]
[-0.95527121 -1.19597926 -1.1423411  -0.54318911]
[ 1.1490264  -0.25598117 -1.59605818 -0.57019867]
[ 0.89005845  1.16180815  1.87562687  0.13070345]
[ 1.22255725  0.21270082 -0.74688113  0.99153059]
[ 1.22399692 -0.24840646 -0.38237236  0.10789998]
[-0.91562094 -0.49705841  0.06377812  1.22693499]
[ 1.15532706  1.78542426  0.8266365  -0.11366773]
[-0.91081868 -1.06095001 -1.70063926 -0.21248353]
[-0.89231823  0.01392775  0.33685437  1.12673602]
[-0.94159963  0.69865261 -0.43583842  0.84402655]
[-0.7635851   1.01903509  1.1555071  -0.12482789]
[-0.96186664 -1.32884797 -0.58699006 -2.63960183]
[ 0.81628484  1.89392711  2.06325985 -1.04132914]
[ 1.15806788 -0.33335791  0.56871338  0.20800277]
[-0.95053122 -1.21328306 -0.49348807 -0.08518792]
[-0.94585352 -1.04332042 -1.11838635  0.33999751]
[ 1.16210341 -0.46115897  0.46152033 -0.25604192]
[ 1.19540124 -0.48574985  0.05161862 -0.77542318]
[-0.94427664 -1.38598901 -0.29161102 -1.88011441]
[ 1.22707186  0.18528029 -0.10742719  0.94326544]
[-0.80581902 -0.52366571  0.84966154  1.07378493]
[ 1.18640773  1.46525305  0.6419816   0.37294513]
[ 1.04931593 -0.02059402 -2.1019786   0.54419576]
[ 1.22116193  0.77655031  0.17899524  1.01701299]
[ 1.17137959 -0.18295572 -1.40063934 -0.00305961]
[ 1.19272902  0.04170964 -1.17486248  0.73085795]

Populations

0.283732160541
0.498215562519
0.196180725701
0.021871551239

State labels

0
1
2
3

Eigen uncertainty

nan
0.00769850783615
0.0271757907337
0.0520420387168

Eigen values

1.0
0.930523726735
0.174363233442
0.107018295592

Left eigenvectors

[ 0.28373216  0.29085984  0.34431904 -0.00855405]
[ 0.49821556 -0.47777464 -0.01060633 -0.14702282]
[ 0.19618073  0.20868632 -0.33767284  0.01099643]
[ 0.02187155 -0.02177152  0.00396012  0.14458044]

Right eigenvectors

[ 1.          1.02512116  1.21353547 -0.03014832]
[ 1.         -0.95897174 -0.02128863 -0.29509882]
[ 1.          1.06374529 -1.72123351  0.05605253]
[ 1.         -0.99542642  0.18106282  6.61043392]
