Cluster centers 

[-0.80814032  0.92077075  0.09446665 -0.05827387]
[-0.80753768 -0.2773594  -1.19939609  0.05294294]
[-0.7896486   0.54515497  0.88055506  0.02572535]
[ 1.42597926  0.01928551  0.29080315 -0.81131687]
[ 1.32187916  0.36561313 -1.02272614  1.08625925]
[ 1.42890439 -0.08331515 -1.97386483 -0.41865141]
[-0.62753725 -1.8422093   2.07816441  0.42629588]
[ 1.04963938  0.46541544  0.15174791  1.84586008]
[-0.8116654  -1.13370936 -1.70020876 -0.60105018]
[-0.81119567  0.67212379  0.67336879 -0.96714655]
[ 1.411955   -0.06655716  0.4459532  -0.14702666]
[-0.7369337   0.53162213 -0.39620708  0.76620164]
[ 1.42941694  0.72186485 -0.44177407 -0.23065676]
[-0.55196526 -0.19439132  1.49873415  1.1077675 ]
[ 1.36917222  0.83162558 -0.5729243  -1.34518542]
[-0.80882468 -0.39726207 -1.44212765 -0.59069589]
[-0.72528889 -0.47566209  1.59727913  0.2838176 ]
[ 1.34232495 -0.50904166  0.43605286 -1.90020634]
[-0.81489229  0.4893265  -0.80025688 -0.2549932 ]
[-0.4141267  -0.57316441 -0.89403089  1.95227692]
[-0.81717977 -0.45045961  1.45974441 -0.68539018]
[-0.77435162 -0.99410252 -1.37045546  0.48284477]
[ 1.20779047  0.08446345  0.57473396  1.19998811]
[ 1.29797103 -0.88322621 -1.79796934  1.22133034]
[ 0.43330629 -0.20825638  1.24838959  2.2275364 ]
[-0.65946862  0.8973191  -1.01926355 -1.80042801]
[-0.57977488  0.53856895  0.86015827  1.26960425]
[ 1.42482427  0.00376094  0.36005223 -0.38659332]
[  0.98893578 -10.42410426   0.55147376   0.26886211]
[ 1.38456827  0.65134605 -0.3662562   0.50685866]
[ 1.35267844  0.46323949 -0.11000897 -1.60910977]
[-0.71113732  0.74554397  0.48541151  0.7802992 ]
[-0.74320845  0.24096613 -1.36347227 -1.32361158]
[-0.81233359  0.85864611  0.40497022 -0.22293206]
[-0.64209009 -0.04254867 -0.72726448  1.30298008]
[-0.7402448   0.73949805  0.50598468 -1.72461701]
[-0.74073347 -2.31204342 -1.68316304  0.5415191 ]
[ 1.42402729 -0.48643547  0.61319879 -0.57988571]
[ 1.2670388  -0.29899335 -2.35522305 -1.6336545 ]
[ 1.42077323  0.70696268 -0.38395252 -0.79544058]
[ 0.98040025 -0.70415297 -1.35082675  2.15106942]
[-0.79469116  0.08278285 -0.93750999  0.27189535]
[-0.8091775  -1.54509103 -1.66165251 -0.05054383]
[-0.57295339  0.35367552 -0.33463339  1.54292717]
[-0.54973948 -0.96631496  1.85453692  0.92504283]
[-0.73437178  0.34410087  1.08588057  0.4461349 ]
[-0.78191429  0.01979611  1.29646365 -0.04256211]
[-0.77446577 -0.97874838  1.75306215 -0.17146954]
[-0.81400827  0.59147208  0.80939609 -0.38261787]
[ 1.28539662  0.57626694 -0.25081629  1.13478995]
[ 1.36794224  0.35720703  0.18179993  0.4699987 ]
[ 1.28713602  0.23476337  0.02345542 -2.06704673]
[ 1.4325954   0.42831887 -1.45198463 -0.16769608]
[ 1.42043203 -1.58356642  0.91341865 -1.14666737]
[ 1.38481008 -0.10872984  0.28481534 -1.49891427]
[-0.18317146  0.50977579  0.68602504  2.20648826]
[-0.81294308  0.00671442 -1.19629679 -0.42082742]
[ 1.3760607  -1.74201664  1.18402782 -0.15326397]
[-0.78334175 -0.60913559 -1.2503224   0.40716485]
[-0.66202969  1.08553259 -0.15926442 -1.96826668]
[ 1.38151089 -0.64454509  0.80224433  0.02917562]
[ 1.28262213 -1.42462655  0.6915981  -2.40229189]
[-0.80911628  0.86036393 -0.51201548 -0.63821402]
[-0.79432049  0.80388488 -0.19595768  0.21631035]
[-0.80909011 -1.50222688  1.83508379 -0.73339461]
[ 1.14843703  1.0511588  -0.84191638 -2.33213632]
[-0.41542538  0.41815636 -1.61362493 -2.13716812]
[ 1.41820538 -0.4121023   0.49464308 -1.10462692]
[-0.78803669  0.26082237  0.93639485 -1.47961528]
[ 1.02626458 -0.46661288  1.08911251  1.52507178]
[ 1.39122866 -0.11888622 -1.635532    0.6508341 ]
[ 1.41608397  0.36066079  0.0196373  -0.97851379]
[ 1.4276586   0.43614642  0.00483916 -0.3336213 ]
[-0.71446721 -1.06419238 -1.28869925  0.91995121]
[ 0.85006322  0.16564574  0.73276028  2.06576609]
[-0.81787183  0.26537801  1.06656391 -0.62512383]
[-0.7754462  -1.04053736 -1.80991243 -1.06873815]
[-0.79271481  0.55746455 -0.9627759  -0.87320007]
[-0.78291616  0.83256995  0.41668504  0.23903994]
[ 1.41121173  0.4883946  -1.15861376  0.37813797]
[-0.81663992 -2.27853076 -1.90895322 -0.45737437]
[ 1.4239983   0.74471055 -1.19226867 -0.57009314]
[ 0.48941149 -0.03857855 -0.58021064  2.64026579]
[ 0.55064961  0.42777915  0.32342331  2.48646455]
[-0.58916431 -0.95854561 -1.15042427  1.43628782]
[-0.81467316  0.85360517 -0.30337705 -0.2043863 ]
[-0.77242782  1.02562794 -0.28785453 -1.22943162]
[-0.79771698  0.473475   -0.65693522  0.21720942]
[-0.72896598 -0.15764769 -0.90945095  0.85509396]
[ 1.20488867 -0.2477024   0.2582046  -2.54521616]
[-0.76942106 -0.31756298 -1.57474857 -1.12285421]
[-0.81387643 -0.7863137  -1.4642403  -0.14598423]
[-0.3218945   0.11988063  1.26472578  1.80008861]
[ 1.41245969 -0.80901675  0.64838229 -1.24841324]
[ 1.34752721 -0.05727043  0.54716622  0.46761755]
[-0.8080323  -0.28164255  1.25811599 -1.38027423]
[-0.55652323  0.66796961  0.35398813  1.47783397]
[-0.81610847  0.9507      0.19635944 -0.5830834 ]
[ 1.12715597  0.0761592  -0.99536938  1.84394378]
[ 1.17257774  0.43323885 -0.62441141  1.68465315]

Populations

0.274055718249
0.160390782816
0.266970621731
0.298582877204

State labels

0
1
2
3

Eigen uncertainty

1.7178301504e-11
0.00437732630531
0.014032454834
0.0185291678533

Eigen values

1.0
0.939863413528
0.189803937251
0.0806130623432

Left eigenvectors

[ 0.27405572  0.3176316  -0.01096311 -0.31295233]
[ 0.16039078  0.17791515  0.00246162  0.32094504]
[ 0.26697062 -0.24046756 -0.37130202  0.00273318]
[ 0.29858288 -0.25507919  0.37980351 -0.01072589]

Right eigenvectors

[ 1.          1.15900373 -0.04000322 -1.14192956]
[ 1.          1.10926043  0.01534766  2.00101923]
[ 1.         -0.90072667 -1.39079731  0.01023776]
[ 1.         -0.85429945  1.27202039 -0.03592267]
