Cluster centers 

[-0.80412513  0.80548557 -0.00894     0.53547529]
[ 1.42454163 -0.1855049  -0.32331072  0.15014641]
[-0.79840042 -1.32443372 -0.19541982 -0.59402211]
[-0.72627407 -1.17999274  0.41711623  0.31020131]
[ 0.5829998   0.49809161  2.44286641  0.625585  ]
[-0.80387213  2.22707061  0.0235385  -2.45935567]
[-0.73015709 -1.5717308   0.57602589 -4.03257167]
[-0.79439566  0.21102393 -1.09722648  1.25277053]
[ 1.41220074  0.49441746  0.08567833  0.98280029]
[ 1.41282685 -0.43148858 -0.89841253 -1.67735981]
[-0.78263178 -0.45595625  0.00465091  1.19667452]
[ 1.14539412  1.24281761  1.79558928  0.14502477]
[-0.52023844  1.35991813  1.91411443 -1.06982611]
[ 1.22347737 -0.13124938 -2.31803797 -0.85955294]
[-0.81249524 -0.86520767 -0.93678484  0.57180294]
[ 1.35635035  0.04997613 -1.63176885  0.2169485 ]
[-0.5321614  -1.62326139  1.26987146 -1.57375646]
[ 0.89170934 -1.09842948  1.87513191 -1.00408058]
[-0.79252386  1.7660265  -0.73179572 -0.83347994]
[-0.81214937 -1.29126015 -0.9465507  -1.48270139]
[ 1.3043292  -0.38811133  0.79186495  0.26272441]
[ 0.35418142 -1.20025251  2.25881218 -0.13774491]
[ 1.36012271  2.11058022  0.98719244 -0.87953062]
[-0.67786601  0.28387108  0.96836763  0.87471491]
[-0.80407294 -0.86478619 -0.36429399  0.76593155]
[-0.79915981  1.16521764 -0.80580543  0.29906534]
[-0.80333448  1.56436296  0.35703934 -0.94210986]
[ 1.4203016  -0.07854782 -0.96160762  0.12586571]
[-0.69674741 -0.55882324  0.6625762   1.15209554]
[-0.79607279  1.07231077  0.26284793  0.04779965]
[ 1.39297941 -0.58475401  0.0836944  -1.21304147]
[-0.74402722 -1.54647121  0.38697837 -1.7448833 ]
[ 1.25979688 -0.03616242  1.06461767  0.83880045]
[-0.78405726 -0.97110079 -1.48924316 -0.11637232]
[ 1.36839527  0.10368249  0.46194299  0.84317362]
[ 0.80932289 -0.19082658  2.14464545  0.92295539]
[ 1.32419761  0.5128394   0.84954651  0.96206706]
[ 1.29078275 -0.32800956 -1.87145071 -2.70920394]
[ 1.42113159 -0.34797533 -0.81452803 -0.85517668]
[-0.80745374  0.09946016 -0.35233769  1.22040939]
[-0.74857678  2.00954529  1.1073761  -2.46436168]
[-0.74285155  0.72141639  0.68938163  0.44430489]
[ 1.37443407  1.57060455  0.72599357  0.16510712]
[-0.71873354  1.30241826 -1.49132515  0.36970001]
[-0.79747173  0.4779354   0.02012989  0.89736748]
[-0.0357561  -0.81602408  2.16782223  0.80258789]
[-0.8023967   2.05556646 -0.53121296 -1.63416942]
[-0.79111639 -1.43182505 -0.06777537 -1.22092416]
[-0.64130988 -1.65097316  0.94563032 -2.7632853 ]
[-0.69128292 -0.62803071 -2.10452435  0.49473688]
[ 1.42035326  0.25475928 -0.96485934  0.75054246]
[-0.81073652 -0.42323261 -0.70983556  1.19607712]
[-0.71542289 -1.34801829  0.48318291 -0.23297768]
[ 1.42860937  0.83534705 -0.63096732  1.00731387]
[ 1.42766271  0.10866858 -0.33888533  0.68800165]
[ 1.13917142  0.73400297 -2.49548924  0.65381885]
[-0.57207414  0.52995681  1.47583113  0.50107639]
[ 0.71645092  1.37320432  2.60707433 -0.58874355]
[ 1.33422154 -0.59656674  0.59428933 -0.56857736]
[-0.81624805 -1.11720759 -0.71678117 -0.04732715]
[-0.51731329 -1.27683817  1.28337976  0.21515096]
[ 1.35023259  0.60142385 -1.64711045  0.93630806]
[ 1.36643016 -0.15505604 -1.55604235 -0.46927024]
[-0.53812073 -0.19943871  1.39246366  1.10423876]
[-0.8073329  -1.47746147 -0.21617603 -2.39969418]
[-0.45899111 -1.52181403  1.43296816 -0.73803822]
[-0.80683837  0.70266727 -0.68824729  0.84963641]
[-0.74243713  1.33254914  0.90202391 -0.67082597]
[-0.72283832  0.04605882 -1.80150958  1.29081155]
[ 1.35734354 -0.29312364 -1.57287781 -1.37120812]
[-0.73653495 -0.93272909  0.35055993  0.80536472]
[-0.75764164  1.70994357  0.9256511  -1.54913561]
[ 1.39738169 -0.63623832 -0.0467074  -2.14764421]
[-0.81438871  1.41896465 -0.10973375 -0.42787918]
[ 1.30981023  0.95608957  1.039342    0.72774541]
[ 1.1459134   0.52382454  1.60985388  0.84938097]
[ 1.33267675  2.37783026 -1.11427937 -0.51094765]
[ 1.38417376 -0.37659939  0.24158314 -0.05281571]
[ 1.42642228 -0.27144333 -0.65244269 -0.32967405]
[ 1.41520337 -0.4137234  -0.16849337 -0.53827814]
[-0.67530322  0.8577207  -1.85992753  1.01571096]
[-0.73311107  1.06229218  0.87087944 -0.14363458]
[-0.7509325   0.03128061  0.41571961  1.1477401 ]
[-0.81451809  1.16783393 -0.3348089   0.11116986]
[-0.77419488  1.54100509 -0.98219541 -0.25079375]
[-0.70570269  2.16914306 -1.31871465 -1.39793088]
[ 1.11337581 -0.37357849  1.52664605  0.61931901]
[-0.79050539 -0.62713753 -1.35706073  0.85758683]
[-0.56891534 -0.89144075  1.17298996  0.90473997]
[-0.79093226 -1.14835416 -0.13473193  0.18400226]
[ 1.1701036  -0.71985544  1.30141767 -0.25509617]
[-0.81793613  1.80055773  0.0024685  -1.31286134]
[-0.75897019  0.42027747  0.46579949  0.85165508]
[ 1.39398726 -0.12697409  0.18643538  0.49838173]
[-0.81807681 -1.24153448 -0.82573687 -0.78801448]
[-0.49572165  0.93080059  1.83992288 -0.17749528]
[ 1.13033873  1.98813263  2.03625078 -1.27784514]
[ 1.41252043  1.18852515  0.18767294  0.73376314]
[-0.71227235 -1.45771248  0.52825384 -0.76736757]
[ 0.78881745 -0.80749828  2.07907895  0.32172331]

Populations

0.0902366196665
0.352678490205
0.226327100042
0.330757790086

State labels

0
1
2
3

Eigen uncertainty

1.13017696356e-11
0.00457969037946
0.0156177702321
0.0210324761771

Eigen values

1.0
0.940811403839
0.181897276994
0.0983974664022

Left eigenvectors

[ 0.09023662  0.0866874  -0.01948409 -0.2723961 ]
[ 0.35267849  0.40932815  0.01857322  0.24576793]
[ 0.2263271  -0.20077115 -0.36525287  0.03720788]
[ 0.33075779 -0.2952444   0.36616375 -0.01057971]

Right eigenvectors

[ 1.          0.96066768 -0.21592219 -3.0186869 ]
[ 1.          1.16062691  0.05266331  0.69686114]
[ 1.         -0.88708401 -1.61382739  0.1643987 ]
[ 1.         -0.89263022  1.10704497 -0.03198629]
