Cluster centers 

[-0.85491342 -0.31414991 -0.27982829  1.33178525]
[ 1.31993061 -0.41322134  0.08111789 -0.2572535 ]
[-0.85048323  0.92334362  0.02232759  0.37809383]
[-0.81151516 -1.31498755  0.09640654 -0.264566  ]
[ 0.77731247 -0.367186    2.17423575  0.42976819]
[-0.46781565  0.30660001  1.88369565  0.44127761]
[ 1.25452299 -0.15660832 -1.79956977 -0.02325014]
[ 1.28358817  1.12097983  0.7887585   0.52750141]
[-0.85875232 -1.48038672 -0.76740447 -2.56884468]
[ 1.28693906 -0.25970733  0.51289074  0.26765165]
[-0.83940742  1.5343214  -0.96221    -0.18105115]
[-0.85950053 -0.99034272 -0.56373669  0.58846984]
[ 1.3277954  -0.43892717 -1.25318867 -1.31211029]
[ 1.35117563  0.07792431 -0.44284526  0.71251577]
[ 0.6999763   1.64075525  2.3662724  -1.34675431]
[-0.75892118 -1.18885375  0.53800683  0.21864894]
[ 0.78428563 -0.79762935  2.01904236 -0.17202957]
[-0.55504312  1.44324988  1.65973491 -1.40939122]
[-0.80676467 -1.50831487  0.01295168 -1.45318205]
[-0.73788846  0.27659734 -1.77261888  1.60236437]
[ 1.34863474 -0.32352727 -0.61268575 -0.26659245]
[ 1.04497297  2.12109031 -2.11346636  0.45711086]
[-0.80519147  1.53881898  0.56174094 -1.11770433]
[-0.85771779  0.66951324 -0.50794515  0.94922387]
[-0.6937693  -0.762704    1.01319037  0.86650923]
[-0.8628989   1.8125311  -0.55964952 -1.09581695]
[-0.68699886  0.48075587  1.22283928  0.47953588]
[ 1.08407783  1.43378395  1.6916802  -0.33282196]
[ 1.15352031 -0.30981024  1.24242453  0.34450764]
[-0.80608922 -1.45173726  0.07781008 -0.9693553 ]
[-0.63849067 -1.65549915  0.65414119 -3.15389999]
[-0.86359537  2.22188299 -0.67391013 -2.18800853]
[-0.77609661 -0.93043926  0.51133418  0.74625974]
[-0.84462876 -1.14372028 -1.35861446 -0.27119228]
[ 1.22817941 -0.41957107 -2.17925471 -2.67533895]
[-0.84008427  0.31661761 -0.92392177  1.38800067]
[ 1.3509512   0.57713135 -0.47714698  1.07901299]
[-0.68082761  2.08134034 -1.38098092 -1.07404646]
[-0.84714292  0.12804746 -0.03289805  1.22033704]
[-0.86039763 -1.43624016 -0.66329413 -1.57744843]
[ 1.28031333  0.69632866 -1.36139693  1.24433088]
[ 1.30358341  1.88373541  0.60469608 -0.4371633 ]
[-0.8355074   1.09801175 -1.0055437   0.62397455]
[-0.6622389  -1.63537761  0.67389001 -2.38082101]
[ 1.31118365  0.1286606   0.42453273  0.76011223]
[ 1.09506855  2.07609624  1.63566933 -1.57910508]
[ 1.14571885 -0.24968361 -2.43328145 -0.67755056]
[-0.83630166 -1.12620664 -0.08948848  0.32214058]
[-0.86124884  1.17586601 -0.40757579  0.17898294]
[-0.84262621  0.53831903  0.12082253  0.83887995]
[ 0.23450446 -0.69054481  2.4527173   0.34781129]
[-0.85546719 -0.74929254 -0.8464692   1.01719986]
[ 1.34348923 -0.15376385 -0.16136067  0.33561016]
[ 1.33064248 -0.28828632 -1.15762475 -0.3643146 ]
[-0.60277737 -1.37463647  1.14461022 -0.36619399]
[-0.74399069  1.10716402  0.97489609 -0.39725561]
[-0.85599899  1.4811593  -0.0693698  -0.61869985]
[-0.85694017 -1.35764984 -0.5420109  -0.80840694]
[-0.78868088 -0.31513516  0.56264719  1.15258593]
[ 1.33137009 -0.54047071 -0.21480012 -0.99868444]
[ 1.04338435 -0.08071611  1.69033262  0.58877602]
[ 0.81352326 -1.02118076  1.79979658 -1.02489545]
[ 0.37183839  0.86639967  2.57813843 -0.26681548]
[ 1.33587204  0.60588476  0.2269563   0.94024852]
[-0.84481647 -0.83477407 -0.1491428   0.91168297]
[ 1.17396959  0.19638633 -2.08116456  0.90093756]
[ 1.27013665 -0.317166   -1.78648044 -0.83386778]
[-0.03169778 -1.1973082   2.14155867 -0.25502112]
[-0.59887616  0.92491494  1.56841326 -0.30559369]
[ 1.06650548  0.84520878  1.73712566  0.36789467]
[-0.7766128   0.26398642  0.72337802  0.87422584]
[ 1.34397386 -0.42299586 -0.85939879 -0.86057483]
[-0.85055745  1.86297963  0.06604111 -1.65825283]
[-0.78339643 -0.66000056 -1.7238069   0.99714612]
[-0.75359678  1.94028544  0.88788018 -2.41367057]
[-0.74785757 -1.44485274  0.48852813 -0.74322334]
[ 1.17239387 -0.57773219  1.03911739 -0.26257021]
[ 1.33816123 -0.55749586 -0.92759669 -2.0523033 ]
[ 0.65168363  0.3434367   2.40292021  0.41098974]
[-0.62619114 -0.15904376  1.38723247  0.9141779 ]
[ 1.34497134  1.58973891 -0.28659285  0.48090129]
[-0.85217987 -0.36493492 -0.81761045  1.39686676]
[-0.84575755 -0.98707339 -1.22849546  0.40679788]
[-0.8487255   2.11504986  0.12313246 -2.46149777]
[-0.81101658 -1.5532459  -0.06338477 -2.0672758 ]
[-0.85575715  2.4845742  -0.1705544  -3.53873138]
[-0.85038166 -1.26235678 -1.39232237 -1.03937053]
[-0.56132161 -1.56085311  1.09724085 -1.39473897]
[-0.7886673  -1.56964848 -0.06854933 -4.02990438]
[ 1.30007683 -0.70482372 -0.01189016 -1.91601674]
[ 1.22919853 -0.38440134 -2.0866567  -1.66022249]
[-0.72438407  1.38184565 -1.76723329  0.61321004]
[ 1.33197976 -0.06827424 -1.05014248  0.38218154]
[-0.86013688 -1.18299876 -0.60367526 -0.00238259]
[-0.82512859 -0.51110443  0.20203813  1.17369977]
[-0.49843547 -0.90278603  1.60871713  0.57952121]
[-0.79488057  0.75380155  0.63055229  0.35591244]
[-0.83085193  1.15725409  0.32229915 -0.16977834]
[ 1.25446488 -0.64469936  0.53062452 -0.85287452]
[ 1.22734752  0.2754892   1.05139628  0.76032293]

Populations

0.264692271499
0.458636897099
0.268171078363
0.00849975303916

State labels

0
1
2
3

Eigen uncertainty

3.84746727079e-11
0.00611849349443
0.0201134027891
0.0574774041689

Eigen values

1.0
0.935285857811
0.200954101482
0.0924877532403

Left eigenvectors

[ 0.26469227  0.24272059  0.36836929  0.00458845]
[ 0.4586369  -0.48940446 -0.00591852 -0.09347373]
[ 0.26817108  0.25614541 -0.36144019 -0.00242171]
[ 0.00849975 -0.00946155 -0.00101057  0.09130698]

Right eigenvectors

[ 1.          0.91699161  1.39168887  0.01733504]
[ 1.         -1.0670848  -0.01290459 -0.2038077 ]
[ 1.          0.95515674 -1.34779707 -0.00903045]
[  1.          -1.11315537  -0.11889459  10.7423101 ]
