Cluster centers 

[-0.98989316 -1.5153516   0.96459093 -2.46509491]
[ 1.03392396  0.45859172 -0.04845771  0.9977882 ]
[-1.11547357  0.61318894 -0.35855114  0.82460423]
[ 1.01434768 -0.47220319 -0.73202029 -0.82939622]
[-1.05701927 -1.20720915  0.31232072  0.29988894]
[-1.11481853  1.74008154 -0.20038927 -0.84714933]
[ 0.25884405  1.19265027  2.29904227  0.10565526]
[ 0.41011783 -0.85328786  2.11913207 -0.15081423]
[ 1.00364136 -0.18925824 -1.04031599  0.30838686]
[ 1.00459274  2.10964267  0.57254594 -0.47197502]
[ 0.7587017   0.05466115  1.50382474  0.90428767]
[-1.0912389  -0.43026932 -0.06818661  1.26000099]
[-1.11459627 -0.91608463 -1.50033779  0.74034519]
[-1.1296485  -1.24805556 -0.32261872  0.0718422 ]
[ 0.99224472 -0.46159513  0.45069146 -0.13444281]
[ 0.90786821 -0.47872181 -1.57839971 -1.35114234]
[ 1.02703387 -0.50471069 -0.16866626 -0.70120484]
[-1.08926156  2.46833928  0.17831168 -2.5442471 ]
[ 0.65001588  2.40116153  1.9578363  -1.60403549]
[ 1.0133908   1.70256079  0.39618375  0.14738693]
[-0.95434965 -1.4946025   0.97083106 -1.43133165]
[-1.0517008   1.29992854 -1.82093306  0.29734807]
[ 0.99766397 -0.54667614 -0.77458264 -2.0069693 ]
[-1.10395757 -0.14041393 -1.44398398  1.37580351]
[-0.97563533  0.75501815  0.70565344  0.51716602]
[ 1.02776617  0.17970954 -0.78910319  0.89539206]
[ 0.64301671 -0.93834223  1.92314527 -1.37607159]
[-1.03439733  1.61876264  0.54924639 -0.77352846]
[-1.00807916 -0.42881846  0.50537506  1.20468077]
[ 0.784367    1.27540424  1.52574436  0.34246403]
[ 0.37956759  0.5415073   2.12138066  0.79291441]
[-1.09462493  1.27444683 -0.00950304 -0.08244269]
[ 1.02903626 -0.43634801 -0.15812851 -0.3293102 ]
[-1.13905761 -0.85493463 -0.80402143  0.95621543]
[-0.59154238 -1.24572465  1.84302267 -0.11997741]
[ 1.01463433 -0.6268442   0.05909201 -2.19143236]
[ 0.97958556 -0.28378124  0.55103928  0.39201268]
[ 0.85539704 -0.21002808 -1.98531366  0.23112527]
[ 0.97137326  2.44627423  0.84245283 -1.1488229 ]
[-1.14184645 -1.22017421 -0.95092499 -0.039128  ]
[ 1.01410824 -0.60036889  0.14855361 -1.24542924]
[ 0.98171157 -0.48969041 -1.07447716 -1.21917601]
[-1.10336446 -1.43729164  0.11293135 -0.97325464]
[-1.13148259  0.08991733 -0.88864223  1.27410521]
[ 1.02570871 -0.01462344  0.04617916  0.7252823 ]
[ 0.2459686  -0.56982107  2.21201479  0.6036883 ]
[ 0.98256132 -0.39903755 -1.15984408 -0.50773103]
[-1.1091241  -1.47884319  0.13497174 -1.72045547]
[ 1.03450932 -0.19207815 -0.41453649  0.37802728]
[ 0.91347194  0.81504348  0.97912708  0.83667329]
[-1.10196907  2.05119141  0.03876515 -1.53525101]
[-0.97926499  1.10933422  0.76108173  0.04159847]
[ 1.02134154  1.08717177  0.24610354  0.78784437]
[ 0.82509262 -0.49948014 -1.85366487 -2.3538519 ]
[-1.11209408  2.18290388 -1.06979508 -1.50098321]
[ 1.04519758  1.60310421 -0.3779631   0.43363523]
[-1.12685856  1.49994003 -0.89586932 -0.25193218]
[ 0.75189989 -0.44942763 -2.26698885 -1.03308072]
[-0.76051726  1.02728333  1.50865214  0.06270561]
[-1.1169608  -0.99236747 -0.26491303  0.76116017]
[ 0.90346855 -0.55186227  1.01965692 -0.15688513]
[ 0.83021423 -0.4515055  -1.73788265 -3.49989808]
[ 0.86822816  1.70053309  1.30594232 -0.09908013]
[-0.57460795 -1.46698437  2.11206769 -2.7100468 ]
[ 1.01897008 -0.36809985 -0.74338276 -0.23300098]
[-1.09032965 -1.36843624  0.14912012 -0.40097939]
[-1.12798425 -1.4634805   0.11232302 -2.8573601 ]
[-0.52789649 -0.69148722  1.83086869  0.91586792]
[ 0.84042287 -0.39689701  1.2611285   0.38841914]
[-0.98454955  1.92227223  0.88149391 -1.43101578]
[ 0.92963467  0.38684092 -1.69307137  1.05103214]
[-1.12764066 -0.24852432 -0.58746768  1.30560406]
[ 1.03679289  0.77923818 -0.65929388  1.02258013]
[-1.1182738   1.04460688 -1.14231204  0.48533178]
[ 0.97461951 -0.61689398  0.61450756 -0.82371712]
[-0.82742073 -0.32786976  1.22354073  1.08929075]
[ 0.98246954 -0.5275362  -0.80036038 -3.02804821]
[ 1.02283749 -0.54518969 -0.41542992 -1.31305191]
[ 0.9153334  -0.34332356 -1.6446218  -0.29599921]
[-1.07154334  0.15497482  0.09872212  1.12366407]
[-0.84047403 -1.16048837  1.23668228  0.36522611]
[-0.93136749 -0.87048871  0.88194254  0.91355599]
[-1.14612779 -1.37152149 -0.68940272 -0.95167292]
[-0.97326027 -1.42524959  0.86271732 -0.66901902]
[-1.12531175  0.52619902 -1.12859882  1.03584532]
[ 0.82533083 -0.80654068  1.38476073 -1.31172138]
[-0.06928271  1.42614479 -2.59537458  0.70010935]
[-1.10270559  0.95401154 -0.15531415  0.40072334]
[ 0.90612435 -0.42426779 -1.64655631 -0.79183438]
[ 0.76775522 -0.21497262  1.48319506  0.72870551]
[-1.13452608 -0.6498224  -1.12894838  1.19167123]
[-0.98539739  0.26818251  0.62935296  0.98359971]
[ 0.96019411  0.07489252  0.68914791  0.85102872]
[ 1.02130768 -0.35495102  0.06797161  0.07128511]
[ 0.60347791 -0.52877742  1.87289385  0.42178373]
[ 0.94837974  2.52425578 -1.39720585 -0.79462801]
[-1.05531754 -0.93111314  0.2697462   0.87995941]
[-1.03328494 -1.40552168  0.89521045 -4.06684562]
[-0.5961599   1.75263558  1.90864105 -1.12539166]
[ 0.58786711  1.90275983  2.06060604 -0.72336066]

Populations

0.425441863323
0.0400247529442
0.165375079215
0.369158304518

State labels

0
1
2
3

Eigen uncertainty

7.29360943714e-11
0.0110328903089
0.0438745445045
0.0598663090678

Eigen values

1.0
0.933911279655
0.179432154824
0.130394857797

Left eigenvectors

[ 0.42544186  0.3640656  -0.33070934  0.05028581]
[ 0.04002475 -0.04253962 -0.02420163 -0.18980894]
[ 0.16537508  0.12719068  0.34700708 -0.03787852]
[ 0.3691583  -0.44871665  0.00790388  0.17740166]

Right eigenvectors

[ 1.          0.85573524 -0.77733144  0.11819666]
[ 1.         -1.06283289 -0.60466646 -4.74228887]
[ 1.          0.76910426  2.09830331 -0.22904613]
[ 1.         -1.21551281  0.02141055  0.48055713]
