Cluster centers 

[ 1.39272747 -0.43608223  0.29999348 -0.21979957]
[-0.80288388  1.08598614 -0.10614575  0.14118966]
[-0.775709   -1.13949236 -0.08448216  0.25141977]
[ 1.3312998   0.17951661  0.85852449  0.91127853]
[ 1.43778192 -0.33754776 -0.8022064  -0.74881393]
[-0.80144325  0.04077157 -0.46801065  1.25272701]
[-0.80706297 -1.35433286 -0.5467617  -1.08464387]
[-0.78535857  2.26047058  0.5937718  -3.12266521]
[-0.45120462 -1.33561535  1.45304078  0.05491673]
[-0.79458389  1.89358953 -0.61466504 -1.25430126]
[-0.6524059   1.41183159 -1.79847297  0.36416047]
[-0.67735972  1.13183902  1.19231986 -0.43712211]
[-0.80738534 -1.47511176 -0.46339924 -2.71191434]
[ 1.11462487 -0.20958996  1.61418971  0.76898684]
[ 1.4453595   0.17157183 -0.43167526  0.74721765]
[-0.80053826 -0.88975994 -0.5255642   0.68295144]
[-0.67112896 -0.60466707  0.77069742  1.10117676]
[-0.58471999 -1.61078585  1.05545117 -1.39728359]
[-0.02653525 -0.71909889  2.194791    0.85079611]
[ 1.33637731 -0.33851145 -1.80277329 -2.12388209]
[-0.79134581  1.66605518  0.43695989 -1.29654699]
[-0.7997018  -0.49809514 -0.92043419  1.11719267]
[-0.77581296  1.05588236 -1.04843309  0.55622211]
[-0.73333285 -1.59747493  0.35626996 -2.24627518]
[-0.63723671  0.5857573   1.20998517  0.45336471]
[ 1.25397221  0.70749764 -2.13347607  0.89803634]
[ 1.18111522 -0.64517729  1.34615544 -0.03186492]
[ 1.41417422  0.08006237  0.19489541  0.76145889]
[ 1.4279548  -0.594484   -0.38007641 -2.31215179]
[ 0.95109537  1.60225006  2.31586421 -0.82786918]
[-0.80607449  1.37695241 -0.11207642 -0.38203724]
[-0.74694988 -0.92817896  0.20689537  0.78142809]
[ 1.10621817  0.87014401  1.87932965  0.51349043]
[ 0.62652774  0.29328384  2.46694072  0.7163002 ]
[ 1.32757388  2.34998701 -1.32479327 -0.35831517]
[-0.80343843  0.77178933 -0.45589137  0.71041571]
[-0.78791551  0.50298503  0.05030938  0.86426203]
[ 1.44355719 -0.1162221  -0.51632753  0.22909231]
[-0.74043126  1.63251733 -1.24333793 -0.30624704]
[-0.75573694 -0.12705539 -1.51560573  1.27470857]
[ 0.82805521 -0.73278799  2.08567729  0.3765525 ]
[-0.51689672  1.38674653  1.9021051  -1.22310377]
[-0.71657664 -0.80028758 -1.95487261  0.15902963]
[-0.76229311  1.04823585  0.55166072 -0.04819512]
[-0.70718698  2.0917124  -1.31834938 -1.2653489 ]
[ 1.41837623 -0.19972775  0.07556901  0.29364463]
[-0.80633891 -1.10451093 -0.71938656  0.03986803]
[ 1.44009659  0.76276442 -0.70153373  1.04559252]
[ 1.43015487 -0.52675286 -0.24289628 -1.25307304]
[-0.74510218  1.43178215  0.85184951 -0.93844596]
[-0.71348083 -1.59290915  0.53220503 -4.50275171]
[ 1.30528486 -0.35524476 -1.90035713 -3.18351122]
[ 0.87771012 -1.06457092  1.94658188 -0.69943269]
[-0.79224427 -1.22050806 -1.3190501  -1.27697958]
[ 1.43949343  1.61315846 -0.20515953  0.43225667]
[-0.63072696 -1.47040496  0.84816658 -0.59986029]
[-0.80090586  2.16166885 -0.42585064 -2.09695562]
[ 1.37705991  1.02027791  0.72689541  0.75356475]
[-0.74363159 -1.51944872  0.25227507 -1.3911214 ]
[-0.62745675  0.54141516 -2.13294579  1.24108625]
[-0.7673418   0.74368073  0.38542607  0.48343812]
[-0.73962826 -0.48149971  0.35011622  1.18022867]
[ 0.25254329 -1.17328658  2.29714108  0.06945557]
[ 1.35465269  1.66013621  1.01304936 -0.12255   ]
[ 1.33804806 -0.02070169 -1.86958237 -0.06986782]
[ 1.33276765 -0.79140817  0.62637272 -1.75439628]
[ 1.3942538  -0.26633092 -1.45391443 -0.96028338]
[-0.2189541  -1.61367794  1.9124763  -1.32821558]
[ 1.2519467  -0.17865797 -2.27967658 -1.06169562]
[ 1.33409043 -0.27057152  0.74692998  0.44180567]
[ 1.43585598 -0.34818937 -0.30129206 -0.36430322]
[-0.78719253  1.38502863  0.38715874 -0.62931082]
[-0.7897839   0.39940358 -0.95187449  1.17653404]
[ 1.42655565 -0.42560068 -0.9901259  -1.62641756]
[-0.78801621 -0.85969936 -1.31024186  0.4288706 ]
[-0.77711191 -0.04332798  0.06233182  1.21720994]
[-0.67896673 -1.17305278  0.63350218  0.37562044]
[-0.79883869 -1.15475245 -1.14269746 -0.54004362]
[ 1.42127242  0.14595011 -1.1663243   0.5583795 ]
[-0.72785024 -1.33331625  0.33542094 -0.21995907]
[-0.79581717  1.29666975 -0.68129825  0.03069942]
[-0.55121997 -0.92853537  1.21508818  0.84006844]
[-0.79455384 -1.47596028 -0.26319736 -1.8243069 ]
[-0.80938991  1.6525687  -0.14677677 -0.9527517 ]
[-0.55283725 -0.10842868  1.37077277  1.03681705]
[-0.60822403 -1.68852636  0.97385046 -2.99774534]
[ 1.42662928  0.64565036  0.1527674   0.99381619]
[-0.78868422 -0.55189451 -0.22041115  1.14948333]
[-0.75962735 -1.42909608  0.09970509 -0.85869199]
[ 1.30766872 -0.55692018  0.84752163 -0.18189349]
[-0.8120459   2.15911218  0.09889106 -2.45945884]
[-0.7280479   1.85493057  1.10487393 -2.15669033]
[-0.78781815  1.66230906 -0.75656041 -0.63738775]
[-0.79074783 -1.29211658 -0.26716158 -0.41695585]
[-0.71629342  0.24894917  0.68807757  0.93966773]
[-0.80969065  1.86524941  0.04931111 -1.58803428]
[ 1.3657516  -0.63224439  0.45638452 -0.89695607]
[ 1.25247924  0.49640223  1.30445779  0.90509335]
[ 1.42959319 -0.14512288 -1.04680168 -0.10867802]
[-0.39076106  0.86861176  2.05069814 -0.16860265]

Populations

0.0847971496642
0.355664951065
0.231119403575
0.328418495697

State labels

0
1
2
3

Eigen uncertainty

nan
0.00520079546863
0.0176693909275
0.0246073048323

Eigen values

1.0
0.945173101169
0.184618043154
0.0957953985757

Left eigenvectors

[ 0.08479715  0.08518089  0.0113731  -0.26499333]
[ 0.35566495  0.41081924 -0.01795092  0.24509736]
[ 0.2311194  -0.21045849 -0.36513389 -0.0093643 ]
[ 0.3284185  -0.28554164  0.37171171  0.02926027]

Right eigenvectors

[ 1.          1.00452535  0.1341212  -3.12502633]
[ 1.          1.15507371 -0.05047142  0.68912429]
[ 1.         -0.91060501 -1.57984958 -0.04051714]
[ 1.         -0.86944444  1.13182333  0.08909446]
