Cluster centers 

[ 1.26271923  0.91761597  1.03681553  0.68396501]
[-0.84062541 -0.29311793 -0.32502976  1.29249345]
[-0.77859045  1.37409306  0.76564526 -0.76000259]
[ 1.34840676 -0.42819722 -1.14891559 -1.52839642]
[-0.74544422 -1.01981962  0.56627887  0.61655206]
[-0.75175315 -1.57884747  0.31338655 -3.63582118]
[ 1.34912646  0.17938993 -1.07552825  0.789762  ]
[ 1.16898155 -0.57642714  1.15029076 -0.14664166]
[-0.84885985 -1.10539351 -0.76251424  0.1182986 ]
[-0.84527724  1.03055697 -0.26519899  0.33986855]
[-0.77768274 -1.3657914   0.28431877 -0.44641456]
[ 1.36516882 -0.10338278 -0.81326591  0.26738973]
[-0.83732619  1.60801105  0.18948667 -0.98596181]
[ 0.7396769  -0.47472299  2.17170146  0.46241298]
[ 0.90320345  1.75928747  2.2187717  -1.23629509]
[ 1.29210657 -0.28550643  0.58871743  0.27753822]
[ 1.28626256 -0.37603773 -1.78005049 -1.95713859]
[ 1.30552294 -0.63298169  0.27550053 -1.16502041]
[-0.84975205 -1.40746232 -0.59679471 -1.5450779 ]
[-0.7295391   0.7648409  -1.70673216  1.24997852]
[ 1.08880859  1.13283115  1.76456739  0.17041494]
[ 1.34247382 -0.1937388  -1.22712638 -0.16631881]
[-0.7267326  -0.51511633  0.78217151  1.07352301]
[-0.84559973  2.1893892  -0.55788984 -2.00773412]
[-0.84512148  1.25251403 -0.12286334 -0.0969988 ]
[ 1.26497466  0.22799229  0.9026036   0.84591094]
[-0.16024931 -0.71516251  2.18586199  0.65501336]
[-0.84387293  0.7363473  -0.50402732  0.83239586]
[ 1.37239867  1.0219093  -0.41524881  1.00870539]
[ 1.13491242  0.43239555 -2.2918583   0.98753975]
[-0.84360006  1.93196373  0.12619479 -1.75529287]
[-0.58102253 -1.50829982  1.15958929 -0.92296329]
[ 1.31635949 -0.48115946  0.30613081 -0.39580828]
[-0.49842951  0.88004817  1.86222394 -0.236074  ]
[-0.81216235 -0.02393971  0.21369323  1.17978317]
[-0.84295359 -0.86952069 -0.94670972  0.7015303 ]
[ 1.2771368   2.21317275 -1.19671093 -0.07668388]
[-0.8188948   1.09677024 -1.02846222  0.58898177]
[ 0.26331963 -1.10511928  2.29015235 -0.14721386]
[ 1.11788241 -0.14444538  1.45701173  0.64253928]
[-0.85130487 -1.26946361 -0.81871893 -0.68476502]
[-0.80552775  0.9506657   0.44841855  0.15706471]
[-0.46825907  1.44187191  1.95374618 -1.35987171]
[-0.82672815  0.59593561  0.13459787  0.75400258]
[-0.81176531  1.93801836 -1.03079569 -1.01212949]
[ 0.87971244 -0.94637138  1.81587478 -0.71996596]
[-0.81421646 -1.52159139 -0.06322779 -2.03998261]
[ 1.35898045 -0.1509771  -0.08525095  0.35810414]
[ 1.34818969 -0.59151134 -0.48117034 -2.19284086]
[ 1.21389097 -0.17772373 -2.15518729 -0.49443545]
[-0.76804581  2.03471363  0.87973533 -2.50204925]
[ 1.25062538  2.04010328  1.15078565 -0.93066533]
[-0.75336995  0.34764744  0.76889105  0.79667873]
[ 1.32604888 -0.31122951 -1.42386929 -0.87143072]
[-0.8201641   0.28502504 -1.10639341  1.36015784]
[-0.77160249 -1.51219264  0.28013867 -1.40718042]
[-0.83926106 -0.46079533 -0.89644015  1.25139621]
[ 1.36575394 -0.3508414  -0.68726274 -0.54219666]
[-0.85006631  2.35572671 -0.13539844 -2.84408882]
[-0.76282176  1.6699922   0.90157625 -1.50537405]
[ 0.52916389  1.03143402  2.57457354 -0.27945232]
[-0.82795705 -1.24924022 -0.18013091 -0.14612448]
[-0.85210636 -1.4526699  -0.6449864  -2.61607773]
[-0.69149175  0.70296241  1.15223654  0.26149325]
[-0.84918715  1.62176077 -0.3688733  -0.70244772]
[-0.81116791  1.54242852  0.51788971 -1.00852273]
[-0.806708   -0.63106701  0.16831487  1.09393491]
[-0.80101595 -0.91232382 -1.61528201  0.28571372]
[-0.52818816 -1.30941723  1.36747262 -0.06907507]
[ 1.32101558  1.58289038  0.66252464  0.13324652]
[ 1.35190659  0.4683924   0.21413637  0.9845609 ]
[-0.83540041 -0.93196705 -0.27499519  0.69736629]
[-0.58234645 -0.06712148  1.46678739  0.89092804]
[ 1.21763801 -0.35503438 -2.18190401 -3.03849354]
[-0.71779079 -1.44740966  0.63533153 -0.7166176 ]
[-0.71634963  1.54124926 -1.71455335  0.23908861]
[ 1.10150781  0.49148841  1.64271065  0.72671236]
[-0.77836481 -1.20553987  0.30238191  0.16106883]
[ 1.27418771  0.90047295 -1.57768612  1.24044783]
[-0.7428903  -1.59811908  0.4268555  -2.45477759]
[-0.45344764 -1.66996195  1.4054827  -2.85654335]
[  1.27687415e+00   1.03435809e-03  -1.75789186e+00   3.17619625e-01]
[-0.720233   -0.18454716 -1.95505435  1.37021196]
[ 1.36309734 -0.46939023 -0.58735718 -1.13320369]
[-0.8305113  -1.19501349 -1.44048794 -0.94221279]
[ 1.15570469 -0.26790688 -2.4142213  -1.3167431 ]
[-0.52938977 -1.60198834  1.23961198 -1.67380533]
[ 0.61632872  0.45743616  2.41117951  0.47724903]
[ 1.36824702  0.57111893 -0.66762941  1.10981867]
[-0.82244719 -1.39787192 -0.14274943 -0.88870695]
[-0.70858016  1.19054084  1.15886092 -0.55722488]
[-0.83063462  1.41786985 -0.84082312 -0.02964526]
[ 1.34030032  0.04914541  0.26949552  0.72602751]
[ 1.37239233  0.1492425  -0.36802618  0.78280181]
[-0.84325219  0.29183183 -0.44577107  1.2010486 ]
[-0.5848591  -0.93940516  1.30591937  0.68225483]
[-0.82154129  1.29305888  0.33680175 -0.39322172]
[ 1.35377275  1.03876081  0.27508619  0.83422785]
[-0.85130176  1.8329994  -0.25778715 -1.25930916]
[ 1.36286569 -0.30963637 -0.27590245 -0.13455632]

Populations

0.0979720709321
0.369902888156
0.242209733941
0.28991530697

State labels

0
1
2
3

Eigen uncertainty

nan
0.00541932683872
0.0192719988163
0.0253002721137

Eigen values

1.0
0.943994944438
0.187591160392
0.0995257532683

Left eigenvectors

[ 0.09797207  0.09197883 -0.01494225 -0.28229447]
[ 0.36990289  0.40643898  0.02101228  0.25969324]
[ 0.24220973 -0.22150119 -0.36538486  0.03122995]
[ 0.28991531 -0.27691663  0.35931483 -0.00862872]

Right eigenvectors

[ 1.          0.93882709 -0.15251544 -2.88137697]
[ 1.          1.09877213  0.05680485  0.70205788]
[ 1.         -0.91450159 -1.50854737  0.12893762]
[ 1.         -0.95516388  1.23937861 -0.02976289]
