Cluster centers 

[ 1.34777075 -0.1253305  -0.24751777  0.37859824]
[-0.81448452 -1.06066273  0.1334785   0.51422092]
[-0.85856178  1.3578833  -0.08081675 -0.35039983]
[ 1.34342945 -0.57672797 -0.69462566 -2.07951669]
[-0.65017202 -0.13015635  1.24400936  0.99300832]
[-0.78879967 -1.49474057  0.22411346 -1.21836229]
[ 1.29109617  1.41777602  0.72224696  0.27835106]
[ 1.24140609 -0.24007497  0.80788092  0.41236331]
[-0.85397495 -0.38933299 -0.79938257  1.323266  ]
[ 0.15730477 -0.5836982   2.42539693  0.55543022]
[ 1.2262321  -0.09829487 -1.96580792  0.0557109 ]
[-0.82533923  2.16357222  0.37268854 -2.69114261]
[-0.84831621 -1.26997624 -1.28125543 -1.07629274]
[ 1.24307757  1.97278845  1.01096612 -0.79147691]
[-0.8438558   0.63061347  0.06113412  0.74279312]
[ 1.34179425  1.66644211 -0.48133855  0.45590565]
[ 1.33149175 -0.51605772 -0.09833852 -0.8185331 ]
[-0.86524771  1.83812763 -0.36360782 -1.28601904]
[-0.81677291  1.87190685 -1.17253559 -0.84477665]
[-0.86086533 -1.11939501 -0.77339267  0.12392721]
[-0.11313438 -1.28526806  2.14051215 -0.30612887]
[ 0.98990765 -0.65949224  1.64510641 -0.06014287]
[ 1.35365737  0.25645223 -0.30654401  0.88722218]
[ 1.32599543 -0.1681551  -1.20794766  0.01419727]
[-0.86491651 -1.42992749 -0.84734957 -2.15077422]
[-0.72106318 -0.93811472  0.788613    0.72936532]
[-0.83870768  1.18968443 -0.99863623  0.40649487]
[-0.76432605 -1.24257782  0.47160775  0.08512924]
[ 1.22493527 -0.41879935 -2.07375497 -2.71039465]
[-0.82510397  1.47743314  0.43427087 -0.86092833]
[-0.85148274  0.06517735 -0.18776409  1.25769958]
[ 1.24210003  2.47038648 -1.38993592 -0.53842729]
[ 1.0559341  -0.15998435  1.59726914  0.6134597 ]
[-0.85619692 -0.84104095 -0.90433044  0.80424824]
[-0.73614004 -1.62540274  0.47313152 -2.68832286]
[-0.77183682  0.53446542  0.74794513  0.6162987 ]
[ 0.76886329  1.61791416  2.23512474 -1.02871894]
[ 1.18088561 -0.28950197 -2.26115693 -1.03297482]
[-0.8102394  -1.36039613  0.09480046 -0.47273518]
[ 1.33636951  0.31208001 -0.95525117  0.95069495]
[ 1.27910385  0.4387186   0.7207286   0.86729659]
[ 1.21480854 -0.84934489  0.68628254 -2.05554889]
[-0.82830117  1.61680267 -1.10248133 -0.32082651]
[ 1.33963012  0.94126095  0.14552658  0.8869939 ]
[-0.66863888  1.51190797  1.32246392 -1.33573581]
[ 1.34890269 -0.33638832 -0.75108305 -0.43006686]
[ 1.13135661  0.97299558  1.50760992  0.42172461]
[ 1.31501591 -0.43435168 -1.40366818 -1.59325345]
[-0.76574593  1.38930634 -1.58672078  0.37947338]
[-0.50964136 -0.82142296  1.55740451  0.76165597]
[-0.78856512 -0.6254697   0.43798267  1.07627528]
[-0.81844694  0.28231307 -1.28912838  1.41036515]
[-0.73480195 -1.46390789  0.58116511 -0.80568341]
[ 1.34425071 -0.3229703  -0.23526246 -0.12372584]
[-0.84454415 -1.44688819 -0.32378353 -1.33295399]
[ 1.32632179  0.09904959  0.22461197  0.74744639]
[-0.85583109  1.35523745 -0.70413224 -0.02636751]
[ 1.3432131  -0.04486802 -0.90419462  0.41939122]
[-0.82724134  1.02997789  0.35236968  0.05818555]
[-0.73526732 -1.59889443  0.36938647 -3.90755718]
[-0.80623622 -0.01029896  0.39900145  1.1422644 ]
[-0.53045912 -1.64118764  1.2072391  -2.21854474]
[ 1.20858073  0.45641699 -1.92303811  1.06085742]
[ 1.00985017  1.74012667 -2.29783541  0.84509659]
[-0.83551527 -0.99250651 -1.38375621  0.26422514]
[-0.84799161 -0.82349177 -0.28087824  0.91740194]
[-0.33829118 -1.19216594  1.86875582  0.12958144]
[-0.79682949 -0.69819558 -1.65739344  0.88291138]
[ 1.18947814 -0.57758149  0.98302053 -0.26226872]
[-0.83855538 -1.13597745 -1.41032866 -0.34678454]
[ 0.68171263  0.68321497  2.34219046  0.30958404]
[ 1.31879986 -0.64396282 -0.02076622 -1.54192048]
[-0.60820142  0.53122831  1.48925254  0.39635882]
[ 1.31114508 -0.32173414 -1.4161151  -0.74690687]
[-0.69480781  1.03484666  1.19938527 -0.28106253]
[-0.8466088   1.88570436  0.20256911 -1.75612508]
[ 0.77337256 -1.07506545  1.83925868 -1.11261467]
[-0.85834248 -1.32143147 -0.59108633 -0.68248406]
[-0.85640808  0.39193714 -0.63214246  1.19241056]
[-0.8444036   2.15061928 -0.8750987  -1.79366473]
[ 1.26321605 -0.63730393  0.53177939 -0.83693465]
[ 1.30014173 -0.75593681  0.0592777  -2.75185723]
[-0.86437182  1.63453999 -0.37155947 -0.78806249]
[-0.83968774 -1.2235144  -0.19888576 -0.01374623]
[ 1.19736884  0.18195824  1.14186649  0.80085894]
[ 1.30374758 -0.36627613  0.32458983 -0.01577379]
[ 1.34719072 -0.46053493 -0.7490083  -1.08052156]
[-0.85268687 -1.03542222 -0.39572887  0.4951573 ]
[-0.65038658 -1.41501636  0.97511273 -0.4720642 ]
[-0.86010257  1.0351676  -0.28212854  0.32104303]
[-0.8461253   0.80981279 -0.84921118  0.87300831]
[ 0.73856882 -0.24447517  2.22353538  0.6052346 ]
[-0.6826556   1.16621521 -2.00824336  0.92627582]
[ 1.34443542  0.82630994 -0.68853317  1.11695493]
[-0.57637312 -1.56578803  1.14401654 -1.34995775]
[ 0.56542176 -0.95359066  2.22884058 -0.1657896 ]
[-0.83990013 -0.47125425 -0.06662414  1.23035926]
[-0.71825439  0.01770593 -1.99974222  1.51025266]
[-0.54569993 -1.32211469  1.35830575 -0.12645827]
[-0.82597089 -1.53655765 -0.12423748 -2.14578482]

Populations

0.0177465021086
0.272340942766
0.452419265815
0.257493289311

State labels

0
1
2
3

Eigen uncertainty

5.07873546129e-11
0.0057938052527
0.0202478058701
0.0447278147966

Eigen values

1.0
0.945401833592
0.201597627352
0.0961543120238

Left eigenvectors

[ 0.0177465   0.01972924 -0.00182248  0.13053352]
[ 0.27234094 -0.26482453 -0.35782026 -0.00199513]
[ 0.45241927  0.47923667 -0.00959655 -0.13407533]
[ 0.25749329 -0.23414138  0.36923929  0.00553694]

Right eigenvectors

[ 1.          1.11172561 -0.102695    7.35545053]
[ 1.         -0.97240074 -1.31386878 -0.00732585]
[ 1.          1.05927556 -0.02121163 -0.29635195]
[ 1.         -0.9093106   1.43397636  0.02150325]
