Cluster centers 

[ 1.16427242 -0.2834091  -0.75494473 -0.2455946 ]
[-0.92376745  0.71931669  0.43915223  0.53572818]
[-0.76388647 -1.30236321  1.02370934 -0.11319165]
[ 0.89669217 -0.1363783   1.60861998  0.6883466 ]
[-0.96772091  2.01917416  0.13036576 -1.37311949]
[-0.96751115 -0.87589365 -1.47199848  0.67359151]
[ 1.17793899  0.09639255 -0.3384682   0.84709341]
[-0.89926552 -1.33844254  0.34170259 -3.23549315]
[ 1.14299894 -0.35689275 -1.03607951 -1.71810286]
[ 0.72664818  1.43518463  2.14410162 -0.36433567]
[-0.99062526 -1.32352159 -0.41899012 -1.32589798]
[ 1.0717554   0.55923808 -1.59061106  1.27143578]
[-0.90929572 -1.19924931  0.34852486  0.21554846]
[ 1.16786218  0.66274941 -0.71030303  1.22776167]
[-0.98250325  0.40689265 -0.85864541  1.24917525]
[-0.96248183  1.26303288  0.14630233 -0.05751012]
[ 0.99162086 -0.21843081 -2.13838908 -1.01878812]
[ 1.06073027 -0.5618828   0.82413694 -0.36435813]
[-0.83518159  0.98890268  1.01286732  0.0130201 ]
[ 1.10233363  0.82018066  0.87195089  0.81697212]
[-0.95660173 -0.50397224  0.03943816  1.2007223 ]
[-0.76922002  0.69836828  1.24783045  0.30074534]
[-0.48859745 -1.06239276  1.78481872  0.36799963]
[-1.00254812 -1.25260455 -0.69728315 -0.73436295]
[-0.94604383  1.22705732 -1.22202012  0.59193702]
[-0.97129005  1.68269934  0.05807002 -0.70266344]
[ 0.22151304 -0.99015124  2.25856593 -0.03543286]
[-0.83552432  2.17260945  1.09820841 -2.14545846]
[ 0.84820303  2.08475767  1.93439034 -1.22002497]
[ 1.12788315 -0.28980184 -1.28237043 -0.84834191]
[-0.99270796 -0.76787652 -0.71081622  1.04208337]
[-0.97738873  2.21448745 -0.90576501 -1.20775016]
[ 1.11774784  1.90501505  0.75943856 -0.23986349]
[ 1.13909571  0.19549977  0.48559537  0.92855662]
[ 1.01855598  2.181375   -1.64977551  0.34417062]
[ 0.91739204  0.28387294 -2.30056191  1.19331273]
[-0.80980966 -1.45859825  0.80664757 -1.43230143]
[ 1.10797197 -0.1992588  -1.45576613 -0.19600395]
[-0.95354664  1.84953527 -1.21392448 -0.35256184]
[-0.92764552  0.06021228  0.34792784  1.09626729]
[ 0.33314469  0.49314836  2.45027861  0.39330382]
[ 1.03516403 -0.19383179 -1.89329276 -2.82626036]
[ 1.14236837 -0.52429295 -0.02061542 -1.46896529]
[ 1.13126861 -0.37780281  0.38687875  0.05566801]
[-0.96253583 -1.33769595 -0.07501903 -0.77441804]
[-0.99236765 -1.13157267 -1.3536628  -0.55957019]
[-0.95604344 -0.57542405 -1.45116424  1.25732492]
[ 0.92195951 -0.71907729  1.36323975 -0.48616101]
[-0.9581308   2.30725119  0.28159363 -2.06171904]
[ 0.99615072  0.78570051  1.4118881   0.65659018]
[-0.98134105 -0.99629253 -0.32368206  0.66071401]
[ 1.17528112  1.22431635 -0.54589347  1.01257786]
[-0.90919713 -0.90623218  0.39547449  0.84176555]
[-0.98360921 -1.20082374 -0.34879784 -0.0240577 ]
[ 1.17411699 -0.176309   -0.40288989  0.3382233 ]
[-0.85378249  1.43663332  0.93641982 -0.64672572]
[ 1.15162752 -0.12324868 -0.99239304  0.3290945 ]
[-0.73899503 -0.09735426  1.26607388  0.92652295]
[ 1.17443421  0.58325744  0.06456292  1.05521254]
[ 0.99223396 -0.16823953 -2.11343205 -0.3290858 ]
[-1.00062747 -1.17897748 -1.23571319 -1.02038709]
[-0.98881899  2.63255982 -0.79654241 -2.19757875]
[-0.70525341  1.76085376  1.53706097 -1.43086526]
[-0.94548901  0.04017002 -1.41122031  1.54115704]
[-0.9875294   1.34453864 -0.58381545  0.13970251]
[ 1.12705501 -0.54114492  0.28869995 -0.89060256]
[ 1.0062366  -0.02455334 -2.00538076  0.49064323]
[ 1.1758362   1.519764    0.10435852  0.53811757]
[ 1.14098528 -0.47941799 -0.25984505 -2.47340608]
[-0.93980584 -1.38980235  0.11354562 -1.25819385]
[ 0.46929401 -1.06585394  2.00840449 -0.92114071]
[ 1.06326454  0.20581644  1.02020954  0.87733962]
[ 1.16272489 -0.37227772 -0.71278373 -0.91368537]
[-0.92618215 -1.3218539   0.21822667 -0.39398868]
[-0.6110465  -1.45366437  1.34799674 -2.93799148]
[ 1.13342156 -0.44541544  0.31810823 -0.25562373]
[-0.85244029 -1.41400903  0.63476828 -0.9023566 ]
[-0.98302358  0.90080027 -0.25410001  0.58481558]
[ 0.86920036 -0.5778389   1.56297123  0.12985056]
[-0.9685369   2.56566739  0.13566605 -2.58779176]
[ 1.00039823 -0.22991808 -2.08739436 -1.75496795]
[ 1.16143429  0.1777106  -0.85238456  0.95379571]
[ 1.16602342 -0.3734421  -0.21231291 -0.34190652]
[ 1.1572007  -0.05284305  0.20456355  0.7066434 ]
[ 1.0561644  -0.11337978  0.99831862  0.69673673]
[ 1.16176431 -0.25301574  0.04132324  0.26920214]
[ 0.87256071  0.9409008   1.81621174  0.38042105]
[-0.99104386  1.88567769 -0.58352009 -0.75555769]
[-0.98523765 -1.32757225 -0.33967832 -2.26736627]
[ 1.10909937 -0.29359594  0.61236771  0.35914968]
[-0.70899705 -1.48143786  1.14103359 -1.70039588]
[-0.91134994 -1.42103363  0.29766198 -1.87706429]
[-0.99838647 -1.0895145  -0.97722436  0.13744159]
[-0.79921879 -0.86256389  0.96446477  0.83759581]
[-0.98694816 -0.22357287 -0.46668318  1.35768711]
[-0.08990095  1.1480529   2.47583815 -0.50866937]
[-0.60298242 -1.40470678  1.43508417 -0.71497095]
[ 0.39878859 -0.1733043   2.29273548  0.66081894]
[ 1.1169433   1.39548535  0.82834032  0.38059654]
[-0.97673276  0.42888139 -0.17873324  1.01992817]

Populations

0.476743200721
0.0646999125388
0.213318849353
0.245238037387

State labels

0
1
2
3

Eigen uncertainty

7.54823130893e-11
0.00765132704489
0.0292419169731
0.0396837344234

Eigen values

1.0
0.938478288458
0.178491714835
0.126832365098

Left eigenvectors

[ 0.4767432   0.43823682  0.01562403 -0.23908889]
[ 0.06469991  0.05995349 -0.00621468  0.23849694]
[ 0.21331885 -0.22539332 -0.34192011 -0.01011971]
[ 0.24523804 -0.27279699  0.33251076  0.01071166]

Right eigenvectors

[ 1.          0.91923035  0.03277243 -0.50150457]
[ 1.          0.92663936 -0.09605394  3.68620192]
[ 1.         -1.05660291 -1.60285934 -0.04743937]
[ 1.         -1.11237633  1.35586944  0.04367864]
