Cluster centers 

[ 1.42472258  0.14030991  0.11117999 -1.46738204]
[-0.78695518  0.94437872 -0.06452754 -0.12050966]
[ 1.39023634  0.40616138  0.14380935  0.64475078]
[-0.56197621 -0.77871734  1.79221552  0.87194803]
[-0.77525501 -0.14453169 -1.3659946  -0.73684148]
[  1.12452551 -10.90360361   0.53212383  -0.11987134]
[ 1.35154795  0.58100963 -0.43756016  1.07245329]
[-0.72062602 -0.97101802 -1.2490083   0.75292426]
[-0.74747926  0.30258897  1.12526156  0.14437307]
[-0.69079508 -2.70501875  2.21279746 -0.14442782]
[ 0.32383471  0.38083085  0.69132982  2.46913517]
[-0.79387175 -0.85116799  1.60662008 -0.798653  ]
[-0.788059    1.02355424  0.08399805 -0.66472785]
[-0.78483302 -0.92864615 -1.4300009   0.02207622]
[-0.68102954  0.6852005   0.72607384  0.76725675]
[ 1.40182518  0.25361131 -1.79950993 -0.97992504]
[ 1.44325315 -1.26971715  0.75118472 -1.49445247]
[-0.78741769  0.33003378 -0.8646306  -0.02785123]
[ 1.31928026 -0.40457701  0.82942557  0.75409803]
[ 1.3493953  -0.14390785 -1.40389016  1.16630054]
[-0.09329742 -1.7582993  -1.21612678  2.34668505]
[-0.66795645  0.70903446  0.47149306 -1.99911206]
[-0.74912351 -1.20975641 -1.82918657 -1.06751333]
[ 1.17649816  0.44724173 -0.32087085  1.74097448]
[-0.7109878  -0.2233761  -0.92258581  0.84940909]
[-0.73830241  1.09497984 -0.0856889  -1.32677052]
[ 1.32165328 -1.40011277  0.64404039 -2.44569349]
[ 1.46761177 -0.18658775  0.39693665 -0.81625375]
[-0.5953339   0.32850854 -1.48987327 -1.73273412]
[-0.64601508  0.75671861  0.26266435  1.07486172]
[ 1.46508613  0.56015825 -0.13544652 -0.11384214]
[-0.68812369 -0.22415263  1.49217416  0.43047959]
[-0.70706338  0.5530902  -0.3559662   0.83577505]
[ 1.37911602  0.79625689 -0.54412189 -1.53501275]
[-0.23645698 -1.0701386   1.92011708  1.59012309]
[-0.76851134  0.47197807 -0.63260616  0.31935937]
[-0.7845127   0.23973917  1.12011117 -0.34417813]
[ 1.44169664  0.67182576 -0.37562097  0.36578284]
[-0.75123727 -1.08923064  1.79232678 -0.20765515]
[-0.7876544   0.49532283 -0.89597088 -0.47275022]
[ 0.12335538 -0.17693483  1.39045275  2.18980427]
[-0.77720608 -0.03743531 -1.01444647  0.2078577 ]
[-0.77152726 -0.49320308  1.53733312 -0.30729005]
[-0.56692375  0.52299153  0.91868587  1.23005983]
[-0.78326839  0.93369695 -0.45750853 -0.64534956]
[ 0.81199031 -0.37638268 -0.95532042  2.43512876]
[-0.79087639  0.88298501  0.44336455 -0.35219451]
[-0.75815096 -0.10334975  1.37109825 -0.07080904]
[-0.78680689 -1.49339257 -1.61745805 -0.11093129]
[-0.78320931 -0.83520572 -1.58791337 -0.62382015]
[ 1.29438369  0.11879064  0.0328422  -2.25871338]
[ 1.4261162   0.15544974  0.3391761   0.2587376 ]
[ 1.01252278  0.18790055  0.63443544  1.88026818]
[-0.79382111  0.65130811  0.74361823 -0.63626236]
[ 0.86401644 -0.80673397  1.39502467  1.74459589]
[ 1.46532018  0.13730282  0.26402222 -0.29944119]
[-0.7662419   0.88334816  0.35350511  0.175533  ]
[-0.50945232 -0.8747238  -1.00881428  1.68110705]
[-0.71218574 -1.96550091 -1.51469153  0.70664784]
[-0.78863693 -1.6200989   1.85301436 -0.82216612]
[-0.68077096 -1.58026952  2.00219579  0.17561743]
[ 1.4493354   0.55138702 -1.07108972  0.39114411]
[ 0.62132156  0.32667051 -0.14715821  2.50493589]
[-0.56507602 -0.07036563  1.43927398  1.03326374]
[ 1.27685261  0.17892025  0.47075029  1.13735556]
[-0.71203804 -0.39207307 -1.657177   -1.30405137]
[-0.67696374  0.27217197  1.18114995  0.63143353]
[-0.7763822   0.83522238  0.48518789 -1.08833772]
[-0.76965956  0.80438343 -0.24303654  0.25106131]
[-0.79163127  0.44882622  0.88982097 -0.9341975 ]
[  1.46592629e+00   3.79368856e-01  -5.50516799e-04  -8.15340862e-01]
[-0.77267903 -0.45616962 -1.19248941  0.26827426]
[-0.64520478 -2.25763587 -1.9685692  -0.70901255]
[ 1.43558357 -0.35268436  0.63568568 -0.00384079]
[-0.47387161 -1.83300059  2.14546987  0.92202698]
[ 1.43372866 -0.54182744  0.47498503 -1.49349984]
[-0.72340879  0.84233907  0.20341511  0.62201598]
[-0.78088763  0.63591979  0.79644662 -0.16594073]
[ 0.65139968 -0.0792815   1.1023126   2.22527186]
[ 1.1357003  -1.10835622 -1.56697499  1.90264559]
[-0.77733063 -0.41867383  1.29443068 -1.47217622]
[-0.79519772  0.12960293  1.12841971 -0.82369381]
[-0.76127383  0.27248254  0.91520438 -1.49819099]
[-0.46074839  0.62382607  0.24001374  1.73176495]
[-0.79091313 -0.45675264 -1.35451869 -0.28433783]
[-0.56404086  0.28134449 -0.41369898  1.50024204]
[-0.78945917  0.71578461 -0.56450147 -0.16320009]
[-0.69686036 -0.75242225  1.72408284  0.25552336]
[-0.74525866  0.86722715 -0.78056492 -1.11847546]
[-0.73881868  0.16770639 -0.76210636  0.63472086]
[-0.3390831   0.3937992   0.99377744  1.82926313]
[-0.75936179  0.35101875 -1.16791411 -0.93438175]
[ 1.45597849 -0.92638471  0.80082896 -0.54453991]
[-0.79027084  0.03301105 -1.14371953 -0.32358169]
[-0.79571763 -0.28765954  1.35834141 -0.8234465 ]
[-0.5942114   1.10477035 -0.76953548 -1.94974905]
[-0.73840059  0.64812419  0.79746273  0.34192669]
[-0.5842766  -0.21515048 -0.76599539  1.45466609]
[-0.38454173 -0.18688992  1.51325807  1.53129609]
[ 1.46915398  0.78194411 -0.64836807 -0.524494  ]

Populations

0.0981757377671
0.327376888209
0.261246755221
0.313200618802

State labels

0
1
2
3

Eigen uncertainty

nan
0.00381000505242
0.0127105031995
0.0171993973126

Eigen values

1.0
0.942542854145
0.188398265462
0.0780001894325

Left eigenvectors

[ 0.09817574  0.09756649 -0.02435312 -0.28004458]
[ 0.32737689  0.39596151  0.02702621  0.25037038]
[ 0.26124676 -0.22035986 -0.37705756  0.04760272]
[ 0.31320062 -0.27316814  0.37438446 -0.01792852]

Right eigenvectors

[ 1.          0.99379429 -0.2480564  -2.85248259]
[ 1.          1.20949745  0.08255383  0.7647772 ]
[ 1.         -0.84349319 -1.44330045  0.18221363]
[ 1.         -0.87218263  1.19535033 -0.05724292]
