Cluster centers 

[-0.79219883 -0.03000453  1.32770578 -0.06835025]
[-0.82031859  0.22066996 -0.92376327  0.03789332]
[ 1.38366571  0.59505777 -0.18719588  0.28071524]
[ 1.33283246 -0.06571471  0.22943    -1.72650255]
[-0.5679549   0.27200753 -0.39732366  1.57128769]
[  1.0684062  -10.36185179   0.34279419  -0.04399407]
[-0.81453515  0.87522303  0.30184918 -0.02051729]
[-0.82610917 -0.46256109 -1.38450402 -0.25337799]
[ 1.06097005  0.46611359  0.09583159  1.78812175]
[ 0.06689769  0.69741855 -1.75809724 -2.76603167]
[-0.34793082 -1.26913558  1.97523953  1.36532917]
[-0.77801179 -1.11151716  1.80323658 -0.18280109]
[-0.73546929  0.48163906 -1.2567946  -1.41186605]
[ 1.39991332 -0.27198283 -2.04888941 -0.33022838]
[ 1.40858723  0.08029201  0.28744705 -0.53663145]
[-0.4453626  -1.34407008 -1.20183188  1.86905945]
[-0.67237157 -0.73039186 -1.10378354  1.20157131]
[-0.83027235 -0.29286381  1.36925525 -0.78443722]
[ 1.31683265 -0.38913511  0.76735878  0.45753685]
[-0.81111388 -1.51445517 -1.63013507  0.10465571]
[-0.76263386  0.80906307  0.26667396  0.54665905]
[-0.81634386  0.73172217 -0.73052346 -0.71508516]
[ 0.60241449 -0.53376492  1.37507732  2.00413813]
[-0.82186397  0.82843643  0.45582246 -0.91723719]
[ 1.1437057  -0.71287599 -1.51327454  1.76074783]
[-0.50291992  0.54436485  0.74686992  1.56825897]
[ 1.10177932 -0.24667214  0.90196364  1.37018783]
[-0.82970654  0.28992016  1.01774749 -0.81441582]
[-0.72801449  0.54501004  0.88470075  0.61946358]
[ 1.40383571  0.40543413  0.05541584 -0.19120263]
[ 1.35853112  0.82697068 -0.63548622 -1.20477136]
[-0.82503694 -1.4092581   1.78187794 -0.8692205 ]
[-0.67104045 -1.04657891  1.86058396  0.4699216 ]
[-0.71164545  0.43139391 -0.41367489  1.00017701]
[-0.8264273   0.59041646 -0.69946852 -0.23042497]
[ 1.40724157 -0.36051725  0.54111388 -0.62953792]
[-0.80990265 -0.84266676 -1.40073807  0.19969965]
[-0.75090072 -0.46577794  1.58833954  0.17176398]
[-0.75565085  0.67359753  0.55624106 -1.69066767]
[-0.76379448 -0.68384593 -1.2135653   0.67644489]
[ 1.19916296  0.74749103 -0.49284581 -2.16279703]
[ 1.28363521  0.583571   -0.27072841  1.06447163]
[ 0.74280552 -0.77574319 -1.19267375  2.48082166]
[ 1.3526055  -0.24905178 -1.6406166   0.82007494]
[-0.82684903  0.08458058 -1.13460396 -0.33969717]
[ 0.62796013  0.22447267 -0.34328459  2.51450753]
[ 1.3412288  -1.25707165  0.6992048  -1.86310127]
[ 1.29588994  0.06522558  0.51062486  0.72723773]
[-0.80994057 -0.20600002 -1.12457014  0.21498313]
[ 1.39748703  0.32612606  0.04689382 -0.97038388]
[-0.81932875 -2.15722337 -1.86489622 -0.27166467]
[-0.82691751  0.94934627 -0.07145088 -0.43774799]
[ 1.40798003  0.80853318 -0.69491633 -0.4937914 ]
[ 1.31804695  0.42039237 -0.97861668  1.01200506]
[-0.81848982  0.40252138  0.99289129 -0.289463  ]
[ 1.39228623 -0.62246362  0.56450814 -1.2513759 ]
[-0.69158039 -0.01308969  1.3749366   0.63054244]
[ 1.38116725 -0.84305994  0.83821543 -0.23695509]
[-0.80316349  0.10185726  1.02902904 -1.48459738]
[-0.76091347  1.05338181 -0.39456477 -1.36241023]
[-0.81015571 -0.74795434 -1.66599016 -0.81659135]
[ 1.34462117  0.38806867  0.15134537  0.54035344]
[-0.80616175  0.44954791 -0.66074946  0.26722535]
[-0.8270576   0.75488478  0.60441687 -0.40574962]
[-0.68801768 -2.03720835  2.10090427  0.15454937]
[ 1.40675453  0.56660571 -0.16579495 -0.660749  ]
[-0.73256    -1.53372978 -1.45502329  0.82437894]
[ 1.39941138  0.70936038 -1.2511269  -0.49418797]
[ 1.40895414  0.68940775 -0.36416805 -0.16408812]
[ 0.78660252  0.16574958  0.7534098   2.11332191]
[-0.0790618   0.45047937  0.57195481  2.31090542]
[-0.81592375 -0.62925125  1.40086787 -1.42803272]
[-0.81102364  0.04141031 -1.30696632 -0.78127476]
[ 1.3432143   0.43183941 -0.0911107  -1.5273305 ]
[-0.79341585  0.63834978  0.77278688  0.13514005]
[-0.7712449   0.29024018  1.1316131   0.22094235]
[-0.81164847  0.79735948 -0.24316165  0.13202339]
[ 1.12178611  0.24491372 -0.79227127  1.79944726]
[-0.76648537  0.62605118 -0.31044522  0.62900366]
[-0.62138201  0.6346621   0.05827509  1.33492858]
[ 1.40501557  0.34532056 -1.45622757  0.1619767 ]
[ 1.23570408 -0.5782748   0.39410276 -2.38073173]
[-0.41922392 -0.49587549 -0.83187416  1.98570386]
[ 1.40095029 -0.12862928  0.35462178 -1.00900258]
[ 1.38656228  0.66885871 -0.7566364   0.38822858]
[ 1.24391424 -0.24615143 -2.35496796 -1.62839928]
[ 1.38167287  0.00214285  0.43076298  0.04136352]
[-0.65515325  0.61205608  0.73170924  1.04309874]
[-0.74548838 -0.2691818  -1.66153221 -1.35826853]
[-0.82699251 -1.04786152 -1.61728112 -0.33101909]
[ 1.1817946   0.26468165  0.41849294  1.30503109]
[-0.73046297 -0.18121491 -0.91052846  0.91233801]
[-0.79197449 -1.37572844 -1.92051183 -1.0449241 ]
[-0.62601127 -0.52002655  1.66983308  0.78676246]
[-0.45940699 -0.01448055  1.38491992  1.44318711]
[-0.76252421  0.221942   -0.70993948  0.69602365]
[-0.80898915 -0.51939122  1.54076181 -0.37310709]
[-0.63973488 -0.095731   -0.74177526  1.35701202]
[-0.79298312  0.03958465 -0.91698787  0.43830414]
[ 0.2699057  -0.02032283  1.19212958  2.27391021]

Populations

0.167916319389
0.272515012367
0.273829268765
0.285739399479

State labels

0
1
2
3

Eigen uncertainty

nan
0.00437891648993
0.0143341557191
0.0181776298876

Eigen values

1.0
0.934879587329
0.187771862792
0.0748023255292

Left eigenvectors

[ 0.16791632  0.17176863  0.02271331 -0.33121001]
[ 0.27251501  0.32391253 -0.02767876  0.30424519]
[ 0.27382927 -0.24783984 -0.37039707 -0.01510718]
[ 0.2857394  -0.24784133  0.37536252  0.042072  ]

Right eigenvectors

[ 1.          1.02294185  0.13526567 -1.97247065]
[ 1.          1.18860437 -0.10156783  1.11643461]
[ 1.         -0.90508892 -1.35265697 -0.05517009]
[ 1.         -0.86736841  1.31365334  0.14723907]
