Cluster centers 

[-0.78383418  0.34994983 -1.63027693  1.57391124]
[-0.80244605 -1.21350647  0.36602828  0.16500583]
[ 1.26423811 -0.61812548  0.19274657 -1.00899933]
[-0.8399201   1.50688517  0.46472919 -0.95442268]
[ 1.21136826  0.15874421  0.93107778  0.76437258]
[-0.87127327  0.49519867 -0.04079438  0.93431873]
[ 1.31153838  0.27325982 -0.80394067  0.94764118]
[-0.86207133 -1.17474597 -1.46163449 -0.63566843]
[ 0.77217148 -0.78484716  1.96968567 -0.0905871 ]
[-0.80706994 -1.56895901 -0.02006371 -4.05566722]
[ 1.08960487  2.09843804  1.52172025 -1.48662261]
[ 1.27168824 -0.15811456 -1.43457659  0.00273741]
[ 1.26427154 -0.44186972 -1.64884813 -2.13154725]
[-0.87866227 -0.4964831  -0.50519166  1.25453234]
[-0.79623751 -0.56668112  0.57494015  1.07949943]
[-0.82429005  1.68627147 -1.28491703 -0.25051911]
[-0.83121338 -1.3324985   0.09105493 -0.31494764]
[-0.76104775  1.11688852  0.9980556  -0.4099814 ]
[ 1.15329857  2.12534182 -1.72590423  0.35653987]
[ 1.18880267  1.39279674  1.17574457  0.06860143]
[-0.69224952  0.55030245  1.27639256  0.370855  ]
[-0.88402904 -1.40794471 -0.8617338  -1.74742097]
[-0.88639686  2.20517965 -0.49059682 -2.18220402]
[ 1.31613532 -0.33621871 -0.73926769 -0.39728015]
[ 1.3154229   1.63017148 -0.22954256  0.43930521]
[-0.76538405 -1.47198774  0.49086361 -0.84197947]
[-0.87723181  1.41489834 -0.69255699 -0.08301534]
[-0.80183969  0.68784976  0.72186436  0.40991789]
[ 1.2399458  -0.28372037  0.61653727  0.28374887]
[-0.85506376 -0.86504869 -0.01452108  0.85907562]
[ 1.07176402  0.18414942  1.53114125  0.72104267]
[-0.7727768  -0.35374497 -1.84318028  1.39241604]
[ 1.28975915 -0.33246613 -1.3130755  -0.72939903]
[-0.88266087  1.18697195 -0.35365568  0.14554205]
[ 1.30759063 -0.07183915 -0.95262416  0.37372652]
[-0.54454453 -1.29401131  1.39620825 -0.05974484]
[-0.88641413  1.89101395 -0.26580473 -1.44686081]
[-0.881532    1.8685613  -0.60094126 -1.15032928]
[ 0.19277021  1.19315585  2.57838674 -0.86509215]
[ 1.29008379 -0.65700667 -0.3139831  -2.07389907]
[ 1.23985673  0.84807348 -1.41195394  1.31292322]
[ 1.05148378 -0.28603297  1.48848516  0.46111361]
[ 1.32117869  0.27915682 -0.23675665  0.92668582]
[-0.60411353  1.11177582  1.61901137 -0.65657525]
[-0.22751903 -0.6527889   2.14953718  0.61422853]
[-0.87777794  0.52914469 -0.63769436  1.12398604]
[ 1.32053832 -0.06681471 -0.39292113  0.48663936]
[ 1.13555092 -0.29273633 -2.3563524  -1.17059427]
[ 0.11286205 -1.13494608  2.25109772 -0.17452653]
[-0.88128262 -0.88730671 -0.67403307  0.77396896]
[-0.8393171  -1.42076179 -0.01580133 -0.81139038]
[-0.86803025  1.88281205  0.16773628 -1.7213828 ]
[ 1.15617103 -0.3732689  -2.38497539 -2.85293887]
[-0.85544104  1.16817168 -0.99299525  0.5172716 ]
[ 0.78671075 -1.0296473   1.71408326 -1.00884596]
[-0.85029155 -0.81272659 -1.41747581  0.7419879 ]
[-0.76936536 -1.00092017  0.64307601  0.64277992]
[-0.86287737 -0.11984544  0.00618739  1.26050212]
[-0.61299097  2.23348298 -1.40884518 -1.29707331]
[-0.84775109  1.11495135  0.3719442  -0.10216204]
[ 1.2919891   0.86034047  0.41261673  0.85613149]
[ 1.28189091 -0.44979574  0.15002506 -0.32335845]
[ 0.92002322  1.53351804  2.05871491 -0.75527459]
[ 1.14065575  0.23616951 -2.08282305  0.91303926]
[-0.64216388 -0.1572668   1.38421464  0.91248743]
[-0.79765055  0.20060497  0.69135417  0.92870472]
[ 1.28865308  1.80597829  0.48476113 -0.17400115]
[-0.64078093 -1.57277737  0.94344966 -1.36883064]
[-0.87881985  0.92173165 -0.1564209   0.46822279]
[-0.86859987 -0.13306749 -0.9327389   1.43876152]
[ 1.31384324 -0.4683211  -0.73358247 -1.07012862]
[-0.879058   -1.34753013 -0.55259858 -0.77629462]
[-0.88359923  1.63392459 -0.26551647 -0.80726369]
[-0.31419852  1.52291538 -2.57113608  1.02217114]
[-0.84247926 -1.54697496 -0.17318418 -2.23277103]
[ 1.17529846 -0.2109275  -2.11510708 -0.47135001]
[ 1.32066994  0.81049283 -0.448155    1.10098091]
[-0.60580237  1.50857337  1.60897948 -1.51703525]
[-0.78185931  1.72576854  0.88858482 -1.73776189]
[-0.67072887 -1.65965917  0.64594949 -3.06906484]
[-0.43182144  0.58246901  1.97477455  0.09978286]
[-0.76303637 -0.7277702  -2.07909318  0.70295736]
[ 1.12218622  0.88465735  1.42199835  0.49321932]
[ 1.2909399  -0.43862236 -1.32845365 -1.51690343]
[ 0.71057765 -0.23004052  2.21233893  0.5491398 ]
[-0.86894089 -1.1362837  -0.27889385  0.25008605]
[ 1.29557895 -0.1829832   0.14006029  0.3579555 ]
[ 1.29225094  0.13573876  0.29136745  0.78380281]
[-0.87915414 -1.08716553 -1.02400795  0.13049926]
[-0.64510402 -0.86266631  1.23601281  0.75444267]
[ 1.13792785 -0.60594212  1.0356627  -0.2933556 ]
[-0.85225589  0.81886204  0.31001815  0.40377715]
[-0.82437468 -1.51224201  0.03139763 -1.45756586]
[ 0.58562672  0.60082121  2.42210614  0.23534943]
[-0.65581438 -1.43743004  0.98786809 -0.55185663]
[ 1.31572961 -0.27796336 -0.31349518  0.00471985]
[-0.87544425  1.37860638 -0.00662213 -0.40796024]
[-0.61438527 -1.65120871  0.88940848 -2.37652096]
[-0.83912237  2.14795719  0.42494004 -2.70210892]
[-0.82151674  0.8421623  -1.30510638  1.09730808]

Populations

0.118002463036
0.354146717606
0.279103339964
0.248747479394

State labels

0
1
2
3

Eigen uncertainty

6.48427148019e-11
0.00600363090367
0.0216370925945
0.026904254583

Eigen values

1.0
0.941025018588
0.202383097521
0.107410251652

Left eigenvectors

[ 0.11800246  0.1105836  -0.01931077 -0.3024504 ]
[ 0.35414672  0.38803361  0.02477941  0.27846493]
[ 0.27910334 -0.2584762  -0.36465826  0.03767059]
[ 0.24874748 -0.24014101  0.35918962 -0.01368512]

Right eigenvectors

[ 1.          0.93712961 -0.1636472  -2.56308546]
[ 1.          1.09568603  0.06996933  0.78629822]
[ 1.         -0.92609498 -1.30653491  0.13497004]
[ 1.         -0.96540077  1.44399301 -0.05501614]
