Cluster centers 

[ 1.41330951 -0.1018226  -0.41344164  0.31684133]
[-0.71797673 -1.20276111  0.48898645  0.29453497]
[-0.81596626  2.29281912  0.3867808  -2.79110456]
[-0.78028675  0.99387111  0.52506897  0.07604714]
[-0.82401744 -1.39518972 -0.48963002 -2.05807533]
[-0.80412451 -0.03530788 -0.08810093  1.22448798]
[ 1.30177464  0.08085389  0.83444401  0.86881744]
[ 1.3847861  -0.3122429  -1.21479043 -1.31417242]
[ 1.06666383  0.84296168  1.90501944  0.52416069]
[-0.81577643 -1.15370841 -0.41060127  0.02834918]
[ 0.93508427 -0.74784954  1.85737076  0.24205145]
[-0.82005268  0.54026435 -0.37228838  0.93822895]
[ 1.20849095  0.66157509 -2.20102495  0.84749276]
[-0.819317    1.44153073  0.0567421  -0.51647863]
[-0.60607906  1.38844415  1.65478274 -1.08701233]
[ 1.39675255 -0.48789148 -0.1287251  -0.95033813]
[ 1.34282395  2.09305921  1.04650868 -0.84525917]
[ 0.90558266  1.28864133  2.37085259 -0.28265174]
[-0.5578102  -0.21940509  1.3587219   1.06880858]
[-0.76324831 -1.53179301  0.21689972 -2.87690845]
[-0.8198491  -0.51970311 -0.63674092  1.1547207 ]
[-0.6667914   0.4206933  -2.06968989  1.2747103 ]
[ 1.35529043 -0.47279991  0.36441448 -0.28767714]
[-0.7300128  -1.42650754  0.42061166 -0.64900988]
[-0.82137071  1.05437299 -0.45538929  0.35868595]
[ 1.33781183 -0.04394083 -1.67437542 -0.15592732]
[ 1.25472647 -0.24980502 -2.00566988 -3.15636697]
[-0.57200172 -0.99031241  1.16275089  0.78395651]
[-0.81645067  1.78466649  0.26911166 -1.36181043]
[-0.78278133 -0.90540299 -1.61000063  0.01233929]
[ 1.40091332  1.69761538  0.21051461  0.20895092]
[ 1.13029236 -0.275988    1.46169308  0.71409599]
[ 1.41336356  0.5880863  -0.73103188  1.0273887 ]
[-0.77079536  1.41498079  0.7558226  -0.78603573]
[-0.41724242 -1.65294564  1.53509669 -1.89682215]
[-0.66558389  0.49507849  1.11706874  0.58547842]
[ 1.34458138 -0.31120449 -1.55241415 -2.16516427]
[ 1.40685934 -0.30562069 -0.86193279 -0.76301919]
[ 1.38752229  0.09106361  0.17072136  0.78320418]
[-0.78849852 -0.6405531   0.00353388  1.10346351]
[-0.79500666  2.00276825 -0.70939898 -1.28501379]
[ 1.4089105  -0.17749881 -0.87408889 -0.16620297]
[-0.82009852  0.04591037 -0.69192093  1.28423237]
[-0.68020988 -1.57635331  0.76113633 -3.83572042]
[ 0.73428014 -0.06354602  2.24712998  0.85989766]
[-0.46178733  0.73868072  1.92429396  0.03915438]
[-0.82174722 -1.28806397 -0.5013523  -0.73519169]
[-0.8022947   0.70104216 -0.99696232  0.95888063]
[ 1.3945346   0.09138414 -1.13487752  0.4582287 ]
[-0.79532173 -0.02048629 -1.28786824  1.31683528]
[ 1.31258092  2.5128767  -1.16128661 -0.61998625]
[ 1.4157247   0.18879679 -0.36975773  0.79611267]
[ 1.26674864 -0.12857663 -2.06913483 -0.8529333 ]
[-0.72017719 -0.48741655  0.57651253  1.18078165]
[-0.7324778   0.13734944  0.65089217  1.02713627]
[-0.75189944 -1.54364271  0.3183319  -2.10848695]
[ 0.92022749 -1.07842036  1.82036509 -0.977391  ]
[-0.82487018 -1.04782562 -0.89058429  0.08917557]
[ 0.41964115 -1.01771092  2.29087983  0.32418769]
[-0.81982379 -1.23401113 -1.05643319 -1.28459296]
[-0.81355635 -0.89848538 -0.39654749  0.71866835]
[ 1.35573743 -0.25817098  0.38401687  0.34437419]
[-0.34887912 -1.39737707  1.68653862 -0.11464244]
[-0.82076737  2.18266987 -0.20280627 -2.07230555]
[-0.75848862 -1.49524442  0.25446074 -1.4221966 ]
[ 0.31001228  1.29395086  2.7837268  -0.83360696]
[ 0.37324426  0.45055347  2.5873453   0.50483098]
[-0.73016963  1.27647438 -1.46190543  0.46610306]
[-0.78133327  0.53978366  0.36504478  0.73702604]
[-0.81988898 -1.13675477 -1.10162026 -0.54614326]
[ 1.3177517  -0.70405246  0.59460623 -1.26484451]
[ 1.40020617 -0.53830919 -0.42366592 -2.46394935]
[-0.78970511 -1.11245725 -0.05565238  0.34934399]
[-0.81932682  1.68743399 -0.40541435 -0.77433353]
[ 1.41169394  1.28689827 -0.06874471  0.74579285]
[ 1.3997203   0.69492461  0.12921807  1.00775367]
[ 1.21544936 -0.19493321 -2.23145288 -1.68044941]
[-0.77172992 -1.30021322  0.11306623 -0.22090782]
[-0.80849179  1.34644309 -0.74118615  0.02923269]
[-0.60858741 -1.38026338  0.98887476 -0.1299409 ]
[-0.69731078  1.01302594  1.13300184 -0.17177101]
[ 1.4057929  -0.49721153 -0.44769801 -1.69561393]
[-0.14995318 -0.84932796  2.05873012  0.81308584]
[ 0.51930457 -1.19871892  2.21874578 -0.3257399 ]
[-0.76704612 -0.58257679 -1.66755657  0.82988404]
[-0.81323834  0.7781865  -0.01212583  0.57350434]
[-0.72558966 -0.94480254  0.46291458  0.81805403]
[-0.82022656 -0.8081273  -1.00356328  0.68502215]
[ 1.32354089  0.80991028  0.8681378   0.84946519]
[-0.79921242 -1.39346627 -0.13163703 -1.03631174]
[ 1.1772892   0.37508126  1.45289634  0.91310236]
[-0.73903923  1.88782922  1.14988932 -2.09715642]
[ 1.36528424  1.06169268 -1.26238709  1.01989584]
[-0.74319003  1.7994891  -1.24084226 -0.52461688]
[ 1.40654577 -0.3241826  -0.25610759 -0.26313828]
[ 1.30605806  1.45026985  1.12667006  0.16088519]
[-0.81711435  1.14354802  0.02314595  0.03215372]
[ 1.21963674 -0.6295536   1.08507686 -0.15652889]
[ 1.07212642  1.859649    2.16404626 -1.13207747]
[-0.61594829 -1.55305016  0.97212487 -1.09492701]

Populations

0.0515354266706
0.396401528744
0.257583706191
0.294479338394

State labels

0
1
2
3

Eigen uncertainty

3.17829621074e-11
0.00493099617378
0.016802100266
0.0258014914884

Eigen values

1.0
0.942629073823
0.186073590435
0.104591262152

Left eigenvectors

[ 0.05153543  0.04760223 -0.01064946 -0.21563892]
[ 0.39640153  0.44916407  0.01374946  0.1932096 ]
[ 0.25758371 -0.22861614 -0.37162072  0.02944556]
[ 0.29447934 -0.26815016  0.36852072 -0.00701624]

Right eigenvectors

[ 1.          0.92367975 -0.2066435  -4.18428511]
[ 1.          1.13310377  0.03468569  0.48740881]
[ 1.         -0.88754115 -1.44271828  0.11431453]
[ 1.         -0.91059075  1.2514315  -0.02382591]
