Cluster centers 

[-0.63195223  1.85630792  1.68122467 -1.42961796]
[ 1.08277534 -0.32164275 -0.54085547 -0.20505159]
[-0.889533   -1.35780716  0.76975669 -0.78912403]
[-1.01247097 -0.9004508  -1.66070352  0.927031  ]
[-1.04878304  1.15632566  0.01083975  0.20784435]
[ 0.80303375 -0.15872011  1.68969206  0.52958692]
[-1.00401684 -1.31233656  0.06614561 -1.99247696]
[ 1.01559189 -0.27576277 -1.50296829 -1.23154002]
[ 0.87193416 -0.12401281 -2.08903174  0.6326864 ]
[-1.05157248  2.75204384 -0.22363199 -2.398831  ]
[-1.03127657 -0.47523378  0.17821667  1.23215843]
[ 1.09126363  0.50555269 -0.09476948  1.1236518 ]
[ 0.95139552  1.57031778  1.23861186  0.005689  ]
[-1.07328089 -1.17323049 -1.28708464 -0.42265195]
[ 1.01013366 -0.50392724  0.61779054 -0.51945973]
[ 1.07500989  1.29876832  0.37200276  0.66599514]
[ 1.00495592 -0.20010559 -1.65699368 -2.17204444]
[-1.0324281   1.06291055 -1.26053999  0.89821537]
[ 1.03574649 -0.50613955  0.3114303  -1.08293874]
[ 0.95556899  0.15481307  1.21130603  0.7568476 ]
[-0.82545448 -0.88306609  1.19775306  0.66549381]
[-1.07616347  2.29102903 -0.83633302 -1.15804248]
[-0.80266212  0.779215    1.3459019   0.14923918]
[-1.07033461 -1.24575781 -0.45107661 -0.17653254]
[ 0.70596481  2.0301405   1.88528572 -1.01926785]
[-1.06649671 -1.29145114 -0.43841476 -1.23159541]
[ 1.08952251 -0.09645811 -0.27897722  0.67801067]
[-0.68847127 -1.21080928  1.06414763 -3.4078664 ]
[-1.05986086  0.21330328 -0.97722586  1.45343195]
[-1.04763394  2.16283579 -0.01129633 -1.34432259]
[ 1.06878278 -0.19338472 -0.85330959  0.37985034]
[ 1.05660917 -0.39799919 -0.23487315 -2.21094999]
[ 0.40755751 -0.73880902  2.19548825 -0.05171401]
[-0.66458943 -1.28747138  1.49589424 -0.43467033]
[ 0.67393927 -0.83031982  1.64378681 -1.38731077]
[-0.89760212  1.26634857  0.96803754 -0.31590728]
[ 1.02114063 -0.01764241  0.80623127  0.70926548]
[ 0.84855502  0.36467793 -2.01056859  1.56126484]
[-1.06248351  0.68280393 -0.24109626  0.84177592]
[-0.98804099  0.75391228  0.53611363  0.46424796]
[ 0.79739808  1.25644075  1.77472854  0.04590278]
[-0.97134582 -1.11802941  0.5188548   0.48372695]
[-1.05956889  1.85512656 -0.1393835  -0.74755491]
[-1.0670695  -1.22808847 -0.50066288 -2.28191266]
[ 0.64919288  2.91336686 -1.61843363 -0.71456685]
[-1.07685638 -1.14916652 -1.00206371  0.1887648 ]
[ 1.07818311 -0.39416996 -0.45750385 -1.16123283]
[-1.0543479  -1.11587041 -0.16150076  0.54674958]
[-0.60403784 -0.99937286  1.74054109  0.30388557]
[-1.04234517  2.0304707  -1.35957669 -0.40774992]
[-1.08488828 -1.20741341 -1.11953397 -1.02986949]
[ 0.0531754   0.91957256  2.44660368 -0.17372029]
[-1.068717    0.18026192 -0.40012607  1.2837658 ]
[ 0.84967619 -0.02246915 -2.53403427 -2.94369798]
[ 1.05884892 -0.28621368 -1.02132422 -0.23174571]
[ 1.07380358  1.6521404  -0.52362201  0.69344594]
[ 1.07557434  0.0319511   0.28698946  0.80973341]
[ 0.87328382 -0.1816887  -2.3284197  -1.77825761]
[ 1.02471992 -0.35910861  0.64446296  0.13009954]
[ 1.0217182   0.78360552  0.88670129  0.7937536 ]
[ 0.92321461 -0.24499539 -1.97976455 -0.46201788]
[ 0.05670564 -1.04920785  2.20069007 -0.546272  ]
[-1.07669322  1.75918601 -0.62742546 -0.35676807]
[ 0.89700204 -0.41691969  1.30723607  0.17089561]
[ 1.07833082 -0.40220734 -0.20179678 -0.62437458]
[ 1.05136206  2.06177321  0.55140621 -0.26396837]
[ 1.01246438 -0.221026   -1.42708999  0.1130802 ]
[ 1.05070748  0.47317917 -0.9246287   1.34147821]
[-0.96428953  1.66185878  0.63869195 -0.77545293]
[-1.01963896 -1.31734119  0.08570969 -0.5376258 ]
[-0.97237382 -1.26478126  0.45776663 -0.03585456]
[ 0.62594715  0.68314417  2.11858742  0.34337727]
[-0.99075698 -1.34985644  0.2369998  -1.04922196]
[-0.83794666 -1.37289221  0.86826792 -1.56522479]
[ 0.81965587  2.50908111  1.53796925 -1.54446319]
[-0.94792005 -0.69497954  0.72823503  0.96716626]
[ 0.89540661  0.86755353  1.49345813  0.50387997]
[ 1.06331571 -0.3134939  -0.99656088 -1.68216899]
[ 0.67892848  1.87301271 -2.33465419  1.1302615 ]
[-0.92834185 -1.26673021  0.39431902 -2.80998448]
[ 0.11350778 -0.20322895  2.36733117  0.43944132]
[ 0.51728802  1.66907243  2.18724319 -0.74620187]
[-1.06732535 -0.36013988 -0.36256485  1.39646675]
[ 0.83267534 -0.64286109  1.40218886 -0.47795353]
[-0.8681333   0.13468407  1.11456455  0.76662897]
[-1.03098452 -0.93877497  0.11304322  0.90394164]
[-1.0404936  -1.02604941 -0.35070274 -3.87547826]
[-0.93255305  2.14812822  0.75655141 -1.66058585]
[ 1.06352702 -0.32538675 -0.97633991 -0.7877622 ]
[-1.07733554 -1.09791108 -0.65807889  0.55258032]
[ 1.06097407 -0.00698976 -0.88589114  0.89103299]
[-1.01660099  0.10599607  0.33312489  1.05819388]
[ 1.08719445 -0.26156637 -0.34651562  0.20604476]
[-1.06910841  1.37710059 -0.84481745  0.30991402]
[ 1.04937203 -0.17766817 -1.22536743 -2.87648023]
[-1.07280306 -0.795492   -0.70437714  1.20984616]
[-1.00013707 -0.41605017 -1.63880345  1.59112233]
[ 1.07293428 -0.33831623  0.10432469  0.00746592]
[-1.03234707 -1.23223344  0.04243674  0.10564951]
[-1.04673873  1.55144553  0.02852434 -0.346701  ]

Populations

0.151971844599
0.434344060998
0.175736507665
0.237947586737

State labels

0
1
2
3

Eigen uncertainty

nan
0.00782616765852
0.0320021569597
0.033495742865

Eigen values

1.0
0.939398655413
0.164510587913
0.132486293764

Left eigenvectors

[ 0.15197184  0.13104827  0.02935567 -0.33292792]
[ 0.43434406  0.36138007 -0.02356275  0.33843543]
[ 0.17573651 -0.205166   -0.31927558 -0.02869148]
[ 0.23794759 -0.28726234  0.31348267  0.02318398]

Right eigenvectors

[ 1.          0.86231941  0.19316516 -2.19072104]
[ 1.          0.83201338 -0.05424905  0.77918742]
[ 1.         -1.16746375 -1.81678575 -0.16326422]
[ 1.         -1.20725049  1.3174442   0.09743312]
