Cluster centers 

[ 1.12448092  0.49969891 -0.05285605  1.72229379]
[-0.8024263   0.61004786 -0.60356704  0.02096386]
[ 1.37489218  0.09553542  0.41273636  0.39851449]
[-0.79657091 -0.48729825  1.53256075 -0.39584579]
[  1.092819   -10.82612221   0.51288469  -0.11595252]
[-0.7931132  -0.85548956 -1.35509633  0.22971555]
[ 1.42983358  0.23828755  0.116276   -0.88468734]
[-0.5865898  -0.18912622  1.51171601  0.99240755]
[-0.80763242  0.99976563 -0.1834635  -0.56812487]
[-0.68276365  0.71168779  0.65113177  0.87663639]
[ 1.43598219  0.71207478 -0.4404566  -0.13043556]
[-0.69442978 -0.22183873 -0.87824769  1.04034023]
[-0.79965509  0.52729743  0.91061723 -0.21168152]
[-0.80072976 -0.12479825 -1.32167336 -0.63390497]
[ 1.36484289 -0.34331808 -1.64320275  0.85194409]
[-0.77007205 -1.04917165  1.78946656 -0.20165608]
[ 1.32452067 -1.69882968  0.77476336 -2.25360628]
[-0.76815072  1.09019445 -0.27845893 -1.17557766]
[-0.79627752 -1.18460494 -1.73216878 -0.7670212 ]
[ 0.97304656  0.1314852   0.6968609   1.87135068]
[-0.77401503 -0.50108121  1.29202552 -1.71187222]
[ 1.29530333 -0.63061201  0.43039775 -2.23658692]
[ 0.90120074 -1.03495342 -1.39052439  2.22460187]
[ 1.40326701  0.5197044  -0.04647401  0.31593105]
[-0.80620832 -2.20652307 -1.84343609 -0.4208929 ]
[ 1.43178557 -0.52758196  0.62346941 -0.58492557]
[ 1.29963381  0.08143836 -2.05100243 -1.38286962]
[-0.75086541  0.84565634  0.18253181  0.55061615]
[-0.01551919  0.46675302  0.54848774  2.33966876]
[-0.80851179  0.36899888 -0.95448835 -0.38216475]
[-0.81322721  0.2315016   1.07198292 -0.83579138]
[ 1.25307923  0.53079175 -0.25909622 -2.14659758]
[-0.7102379  -2.68757075  2.21891367 -0.13869714]
[-0.75726475  0.13615555 -0.78557832  0.62650009]
[-0.77263151 -0.16345899  1.41717709 -0.03898336]
[ 1.31445763  0.55597685 -0.55193665  1.11000794]
[-0.71947505  0.79937046  0.43332365 -1.76667168]
[-0.7029061   0.05127963 -1.52250145 -1.47908238]
[ 1.13176406  0.05364999 -0.96915784  1.84989032]
[ 0.93481911 -0.6787643   1.26928754  1.65401876]
[-0.71863847 -1.7677409  -1.46442462  0.79744915]
[ 1.37998091  0.12421897  0.1235937  -1.54620049]
[-0.80817196 -0.0452624  -1.12031887 -0.12122116]
[-0.81470585 -0.77963821  1.57164655 -0.9107884 ]
[-0.68207443  0.74983626  0.11334672  1.00727758]
[ 1.33470249  0.44288877  0.09713319  0.81886953]
[-0.68698253  0.32770992  1.13820909  0.69338476]
[ 0.58990522  0.07789817  0.9546793   2.30380262]
[-0.80820999  0.95819479  0.0020045  -0.2223388 ]
[-0.57693125  0.15567955 -0.51152934  1.52013138]
[ 1.38837882  0.72231702 -0.42912571 -1.26155914]
[-0.70745631 -0.18519478  1.47790528  0.43843407]
[ 1.25934863 -0.06344678  0.66166552  0.98959793]
[-0.76614389  0.87554529 -0.76124138 -1.10857503]
[-0.78868848  0.89724512  0.29596815  0.13340547]
[-0.44147005 -0.77235424 -0.94185622  1.89446607]
[ 1.43671171  0.51413277 -0.10610382 -0.54473081]
[-0.12315762 -0.99664338  1.85922955  1.72112592]
[ 1.30545929 -0.50287311  0.86455686  0.64791483]
[ 1.41379653  0.50645616 -1.12994887  0.41811717]
[-0.80576727 -1.59138055  1.86832968 -0.76904701]
[ 1.42927409  0.06918999  0.32183819 -0.28010491]
[-0.80008015  0.9674206   0.28535799 -0.90349285]
[-0.55746275  0.50717775  0.92464547  1.31960841]
[ 0.57434301  0.17845268 -0.34280077  2.56604384]
[-0.80605905 -1.30535142 -1.56695726 -0.07101657]
[-0.72937191  0.51707665 -0.41105448  0.79852997]
[-0.78038921  0.42717035 -1.10632096 -0.93018789]
[-0.78599666 -0.6001378  -1.58986388 -0.87235428]
[-0.38488018  0.05809363  1.33830613  1.64114531]
[-0.81007179 -0.57967522 -1.38718894 -0.23270478]
[-0.7252825  -0.83695731 -1.19440575  0.83629112]
[ 1.4244303  -1.02305822  0.73221324 -1.17538283]
[ 1.422585    0.38597245  0.0875939  -0.01014816]
[-0.6028153  -1.25625325 -2.03083687 -1.57100679]
[ 1.22583744  0.28121555  0.38792863  1.25415467]
[-0.80912973  0.64058985  0.74236622 -0.8381048 ]
[ 1.40273177  0.68298168 -0.48025539  0.456244  ]
[-0.50870819 -1.8985554   2.16311879  0.8575019 ]
[-0.80657737  0.78592568 -0.60891785 -0.49902775]
[-0.70357892 -1.55836502  2.00382809  0.16475023]
[ 1.40258835 -0.47929796  0.46265727 -1.46008076]
[-0.80373014  0.12628106  1.20208071 -0.38607691]
[-0.79642497  0.27827671 -0.82907274  0.17919113]
[-0.52101682  0.63737477  0.22364385  1.61257382]
[-0.70728648 -0.72411349  1.72650539  0.30935664]
[ 1.39855063 -1.15691301  0.96772784 -0.22351846]
[ 0.15376804 -0.165327    1.35522411  2.20121678]
[-0.76233461  0.27454916  1.15531247  0.16762763]
[ 1.4319258  -0.16921659  0.38381222 -0.89513396]
[-0.61712059  1.03695415 -0.84383616 -1.93362584]
[-0.80826822  0.82399848  0.54776222 -0.34018493]
[-0.79059968  0.81354065 -0.23960167  0.2033898 ]
[-0.78588637 -0.29108456 -1.10377535  0.33911585]
[ 1.4307845   0.79432877 -0.94033902 -0.57638191]
[-0.81337465 -0.23505809  1.32139178 -0.96344135]
[ 1.40118849 -0.36408199  0.64989569  0.01782272]
[-0.78146165  0.25748714  0.94054668 -1.48120817]
[-0.75860631  0.67703067  0.75733465  0.3313701 ]
[-0.56120554 -0.91262047  1.85412359  0.90947464]

Populations

0.135399815294
0.296431537142
0.271762929582
0.296405717982

State labels

0
1
2
3

Eigen uncertainty

nan
0.00401323086757
0.0130151678896
0.0172985067609

Eigen values

1.0
0.940396697065
0.189266645192
0.0832514094503

Left eigenvectors

[ 0.13539982  0.14333284 -0.01847966 -0.31013046]
[ 0.29643154  0.35155246  0.02562519  0.2903689 ]
[ 0.27176293 -0.23027447 -0.37903807  0.03480874]
[ 0.29640572 -0.26461082  0.37189254 -0.01504718]

Right eigenvectors

[ 1.          1.05858961 -0.13648217 -2.29047923]
[ 1.          1.18594824  0.08644555  0.97954794]
[ 1.         -0.84733586 -1.39473794  0.12808495]
[ 1.         -0.89273184  1.25467398 -0.05076548]
