Cluster centers 

[ 0.62230869  0.38529987  2.42317139  0.72000811]
[-0.79836442 -1.05823994 -0.25049509  0.39571366]
[ 1.3897032  -0.33449698  0.18657913  0.02436178]
[-0.79114361  1.56557878  0.51008911 -1.02132828]
[-0.79459565  0.55555768  0.1147381   0.79444944]
[ 1.29627882 -0.1142089  -1.99645155 -0.50913501]
[-0.76338836 -1.52851123  0.20137737 -1.90679606]
[ 1.40969783 -0.2542479  -1.0809424  -0.57617312]
[ 0.55676732 -0.95478941  2.24970963  0.25923913]
[-0.69594828 -0.48791144  0.6827038   1.17243119]
[-0.70894618 -0.45032645 -1.99354052  0.88268843]
[ 1.30350155  0.08260626  0.88177761  0.8783654 ]
[ 1.39238076 -0.3315619  -1.27893711 -1.28800698]
[-0.81615759  1.42010718 -0.12276137 -0.42984472]
[ 1.04285637  1.69889162  2.20011279 -0.82382047]
[-0.76120967 -1.30178521  0.15103461 -0.22487228]
[-0.7817182   1.1650796   0.48377745 -0.20063068]
[-0.76899931  2.01985462 -0.90360039 -1.31281753]
[ 1.40230826  0.22560475 -1.17279457  0.70291026]
[-0.79999169 -1.15674872 -1.3078984  -0.8698356 ]
[ 1.32091026  2.50689765 -1.18509239 -0.71212254]
[ 1.38672313 -0.58644361  0.17368361 -1.09777345]
[-0.46984426  0.90443144  1.92966606 -0.17052172]
[-0.79565302 -0.21829878 -1.21628248  1.26407395]
[ 1.19967012  0.67109171 -2.2848365   0.83270491]
[ 1.2746434  -0.32506544 -1.94163713 -3.19219351]
[-0.71345577 -1.60315966  0.56925972 -2.64892025]
[-0.80432903  1.26719447 -0.71426302  0.10100286]
[ 1.32348847  1.45478402  1.06769652  0.18845271]
[-0.44535691 -1.64831316  1.49570956 -1.88123659]
[-0.81306983  2.30138424  0.15620245 -2.7827636 ]
[ 0.88959374 -1.08737848  1.92114101 -0.93958724]
[-0.58790144  0.43691061  1.39136904  0.62497828]
[ 1.12271299 -0.18561418  1.54430033  0.77986656]
[-0.81474154 -1.43692259 -0.44801357 -2.41641687]
[-0.67452541 -1.47657028  0.70695796 -0.78084554]
[ 1.41969016 -0.40151908 -0.36820461 -0.6662161 ]
[-0.56298752 -0.95063658  1.1898067   0.81778075]
[-0.78584274  0.05194478  0.08136919  1.18110652]
[-0.74663192 -1.07132566  0.27267185  0.52406209]
[ 1.42442394 -0.29542221 -0.4580196  -0.27431866]
[-0.78999568  0.92176821 -1.03626767  0.7084212 ]
[-0.78199084 -0.52527703  0.01450981  1.16681065]
[-0.75236794  1.91154766  0.99706186 -2.12714363]
[-0.67597847 -1.59873002  0.75074089 -3.75711517]
[ 1.42621106 -0.08788746 -0.40959208  0.34941362]
[-0.6940915   0.87158153  1.05517995  0.11069747]
[ 1.34676011  2.05441503  1.04586337 -0.796798  ]
[-0.81614059 -1.11193922 -0.7487829  -0.02627896]
[ 1.42582044  0.22159444 -0.3052148   0.83563439]
[ 1.11875912 -0.69795767  1.46468158 -0.0624898 ]
[-0.77930297 -1.41117192  0.01927048 -0.93146723]
[-0.54783182 -0.15816686  1.38113526  1.07766131]
[ 1.41673558 -0.49236563 -0.7363186  -2.13602577]
[ 1.41504859  1.76687552  0.04818435  0.14960803]
[-0.81083292 -0.67198852 -0.52306668  1.0076792 ]
[ 1.42260854 -0.43533588 -0.62190588 -1.20344224]
[-0.81196415 -0.09195822 -0.48463242  1.27547958]
[-0.81581783 -1.3682863  -0.53909276 -1.38045554]
[ 1.37360205  1.09611592 -1.30256386  0.98671453]
[-0.7036487   1.24283897  1.11692331 -0.57424147]
[-0.81048282 -0.81325449 -1.00923897  0.67508904]
[ -8.16689887e-01   2.00215621e+00  -1.05500553e-03  -1.82329383e+00]
[ 1.34521639 -0.34636427 -1.63854432 -2.16837908]
[ 1.25113425 -0.22271034 -2.17862549 -1.37841666]
[ 1.29728111 -0.35303265  0.83434762  0.34115082]
[-0.78087463 -0.91770595 -1.52869891  0.10405402]
[-0.49019212 -1.51644075  1.37025735 -0.73707901]
[-0.7621855   0.74206689  0.53328077  0.45356137]
[-0.70551117 -1.53421782  0.55617271 -1.36197686]
[ 1.36710727 -0.0304826  -1.54203968  0.04636162]
[ 1.37295129 -0.69311911  0.25391166 -1.96870483]
[ 1.32201284 -0.58588457  0.66420522 -0.46303934]
[-0.80893277  1.0733522   0.00608675  0.13422143]
[-0.70963983 -0.8954997   0.53627875  0.87736229]
[-0.68528334  1.47996086 -1.67550299  0.17697123]
[-0.6762597   0.53416378 -1.98077492  1.23452038]
[ 1.09933156  0.89771348  1.85145958  0.51562048]
[ 0.49752022  1.45487508  2.81157565 -0.97901053]
[ 0.31080742 -1.22937676  2.24520841 -0.2063911 ]
[ 1.36805165  0.41352236  0.5299349   0.96514136]
[-0.80244766  0.36838495 -0.96452459  1.19311863]
[ 1.39600799 -0.04541968  0.17039891  0.61546734]
[ 1.411304    0.68487975  0.12230085  0.99009426]
[-0.16057464 -0.85269577  2.0609892   0.80346885]
[ 1.41600173  1.30456241  0.08657968  0.68167749]
[-0.81482088 -1.27939691 -0.55404087 -0.67172815]
[ 1.42779278  0.70696446 -0.62987726  1.02741495]
[-0.46449521 -1.31964356  1.43980174  0.10088462]
[ 1.27946438  0.70387025  1.13057027  0.86112432]
[-0.72042093  0.26708876  0.71559499  0.92531867]
[-0.81453782  0.88755824 -0.35002685  0.53169993]
[ 1.42189423 -0.09190379 -0.88720265  0.13877732]
[-0.78737847  1.67242309 -0.87477821 -0.56611792]
[-0.61011463  1.47845289  1.61703055 -1.25462159]
[-0.6656253  -1.29837626  0.74658426  0.03422639]
[ 0.73787889 -0.41082969  2.17234123  0.78751394]
[ 0.42152734  0.93794895  2.66776887 -0.04286877]
[-0.81378637  0.51972162 -0.43328794  0.9642897 ]
[-0.81790135  1.7349261  -0.15524358 -1.07973601]

Populations

0.057115825354
0.380337003166
0.26533500864
0.29721216284

State labels

0
1
2
3

Eigen uncertainty

nan
0.00547102923215
0.0170854936903
0.0253389628427

Eigen values

1.0
0.932802428665
0.19040869293
0.0885310515625

Left eigenvectors

[ 0.05711583  0.05874517 -0.0100106  -0.22428197]
[ 0.380337    0.43710459  0.01589767  0.21063619]
[ 0.26533501 -0.22894136 -0.3767252   0.0244196 ]
[ 0.29721216 -0.2669084   0.37083814 -0.01077382]

Right eigenvectors

[ 1.          1.02852699 -0.17526845 -3.92679203]
[ 1.          1.14925603  0.0417989   0.55381462]
[ 1.         -0.86283887 -1.41980964  0.09203308]
[ 1.         -0.89803997  1.24772194 -0.0362496 ]
