Cluster centers 

[ 0.81009126 -0.45542474  0.55628377  0.47238706]
[-1.30484077  0.20223449  0.1157694   1.14319875]
[ 0.84356455 -0.3238673  -0.86404929 -0.7582489 ]
[-1.23870609  1.61649917  0.76080206 -0.80197237]
[-1.174018   -1.52704984  0.49928258 -0.5979983 ]
[ 0.86581483  0.11897436 -0.62509572  0.83605491]
[ 0.74460527  2.16976808  1.70290582 -1.53598218]
[ 0.84886236 -0.42835329 -0.67399147 -2.27582835]
[-1.37567628 -1.27995356 -0.54718012 -1.42031593]
[-0.17190179 -1.48053699  1.91240938 -0.00766764]
[-1.3972184  -0.89662682 -1.24300025  0.19936993]
[-1.31986763  2.11013043  0.28102631 -1.32243502]
[-1.12571628 -1.07918348  0.72168381  0.87636703]
[-1.35136687  1.24158421 -0.77425641  0.67836005]
[ 0.84617445 -0.65623794  0.00759365 -1.08647138]
[ 0.33702573  0.17475687  2.07355042  0.55613836]
[ 0.8865976   0.84233142  0.22196706  0.88116605]
[-1.22380406  1.04172683 -2.02896018  1.37620917]
[-0.15749945  0.76893403  2.47989861 -0.33699572]
[ 0.50338438 -0.90548148  1.53193141  0.38609882]
[ 0.83817364 -0.04723451 -0.96222315  0.38270689]
[-1.04042333 -1.59687149  0.76746258 -2.75011665]
[ 0.87037265 -0.19606334 -0.05014297  0.59714008]
[ 0.78314499  0.53015491 -1.32072562  1.11295347]
[-1.34111124  2.39231264 -0.54127178 -1.17864662]
[-1.28943592 -1.22359737  0.02926741  0.37696568]
[-1.23959311  0.74309885  0.57181486  0.50954897]
[ 0.85325282 -0.48353865  0.10071822  0.05644147]
[ 0.8879337   2.05794039  0.76585664 -0.62323278]
[-1.36321279  0.72172011 -0.61379305  1.08536996]
[ 0.74012455 -0.14153944 -1.58739045 -1.34023677]
[ 0.83734683 -0.22021973 -0.95031129 -0.23433423]
[ 0.66435092  1.13855765  1.68567696 -0.06198432]
[-1.35501714 -0.16910942 -0.37526066  1.37741524]
[ 0.69874397 -0.67061903  1.06253255  0.43152495]
[-1.37357247 -1.14739603 -0.56750078  0.0289976 ]
[-0.94124471  0.89205501  1.63134996 -0.21717092]
[ 0.21953061 -1.43886736  1.76871434 -0.62687809]
[ 0.76412824  0.03176163 -1.48139157  0.21927945]
[ 0.22544246  2.22048267 -2.41159888  0.90999226]
[ 0.87835419  0.70514847 -0.44587288  1.07231214]
[ 0.84379639 -0.67865825  0.00468889 -1.45280852]
[ 0.77424075 -0.12694327 -1.42298219 -0.50906339]
[-1.35000335  1.83058124 -0.6715905  -0.1561655 ]
[-1.0417257   1.8168561   1.57050395 -1.69917509]
[ 0.61603102  2.42987009  2.20398111 -2.51290046]
[-0.82089713 -1.67387554  1.32601225 -0.63595372]
[-1.30350249 -1.36395205 -0.05764626 -0.40988709]
[ 0.84384311 -0.62104529 -0.05930978 -2.97908489]
[-0.91420886 -1.05709037  1.26664415  0.91398177]
[-1.38243454 -0.53398341 -1.26698923  1.1171507 ]
[ 0.80604531  0.57633735  0.95535002  0.76564551]
[ 0.32027674  1.57427875  2.36041562 -1.23649813]
[-1.29794539 -0.9287141   0.00147464  0.97532245]
[ -1.33299485e+00   1.26901599e+00  -1.31677201e-03   1.93296269e-01]
[-1.3450725   2.87321031 -0.08979042 -2.55373212]
[ 0.80962891 -0.27698406 -1.14139372 -2.04891614]
[ 0.86308625 -0.48447928 -0.37582833 -0.75693672]
[-1.34575525 -1.34855446 -0.27467731 -2.23373749]
[ 0.87451375  0.10079945  0.08695656  0.92188382]
[-1.37964543 -0.02045471 -0.96734791  1.47583758]
[ 0.59185921 -1.2074058   1.21970922 -1.54737703]
[-1.35405816 -1.30195385 -0.40711586 -0.81634345]
[ 0.88203467  1.67475434 -0.2435763   0.45105359]
[ 0.54771152  1.43936984  2.02677994 -0.69938588]
[ 0.63811642  0.75679195 -1.92169473  1.2569796 ]
[-1.24195032 -1.51111115  0.22294975 -1.60588484]
[ 0.7971016  -0.22126301 -1.26777703 -1.02426374]
[ 0.74060906 -0.78330392  0.82818039 -0.01778503]
[ 0.86620675 -0.26159996 -0.52958822  0.12025108]
[-1.40300655 -0.96392602 -1.38903842 -0.76459955]
[-1.37074062 -0.89491343 -0.57161538  0.82012506]
[ 0.46489651 -1.17673151  1.50769359 -0.26081408]
[-1.26978419 -0.4970066   0.22085978  1.2775684 ]
[-1.17009908  1.79553691  1.1402083  -1.37095106]
[ 0.63658706 -0.35614147  1.35159644  0.79285693]
[-1.31788432  1.4922345   0.19818833 -0.23830537]
[-1.24547323  2.42270531  0.89075687 -2.42685751]
[ 0.85261405 -0.58894108 -0.24840977 -2.12869242]
[ 0.88281163  0.3277393  -0.23168068  1.01165543]
[-0.79061067  1.29270135  2.0279264  -1.02128414]
[ 0.84133903  0.80057026 -0.87925431  1.16725945]
[ 0.86301509  1.35933412  0.77754379  0.24757036]
[ 0.74632881  3.34928579 -0.9752337  -1.48686107]
[ 0.86896074 -0.10646016 -0.52901526  0.52456947]
[ 0.15068734 -1.15806904  1.89432552  0.38325982]
[ 0.63013345  0.01799883 -1.95606522 -2.95523166]
[-1.18921479  0.23962119  0.72444629  0.89909764]
[-0.93639906 -0.1839757   1.41044772  0.90594628]
[-0.69752068 -1.50814846  1.53795122  0.21190927]
[ 0.84572421 -0.3919791  -0.78211022 -1.38407457]
[ 0.81686265 -0.08028281  0.65870028  0.8617111 ]
[ 0.64288368  0.66446602  1.63618493  0.42388785]
[ 0.79378113 -0.77971736  0.52999213 -0.5000344 ]
[ 0.64809709  0.15654699 -1.98777265  0.25331109]
[-1.23968957 -1.24173113  0.27508367  0.47682871]
[-1.1646367   0.95081702  0.97262     0.04969429]
[ 0.86573618 -0.43308925 -0.26623805 -0.2164114 ]
[ 0.62947244  0.0223582  -2.04932299 -0.67195235]
[ 0.0111359  -0.63119528  2.06267509  0.76881303]

Populations

0.392067761196
0.136106735085
0.195345571339
0.27647993238

State labels

0
1
2
3

Eigen uncertainty

1.55404389324e-10
0.017077376898
0.0635409377454
0.0497371291697

Eigen values

1.0
0.915230928831
0.288508924457
0.231731891437

Left eigenvectors

[ 0.39206776  0.27852227  0.00823641 -0.40088419]
[ 0.13610674 -0.19329895 -0.28313986 -0.00700216]
[ 0.19534557 -0.27742747  0.28320082  0.00411971]
[ 0.27647993  0.19220415 -0.00829737  0.40376664]

Right eigenvectors

[ 1.          0.71039321  0.02100763 -1.02248701]
[ 1.         -1.42020118 -2.08027808 -0.05144611]
[ 1.         -1.42018819  1.44974271  0.02108937]
[ 1.          0.69518299 -0.03001076  1.46038317]
