Cluster centers 

[-0.71234996 -0.87059776  1.78051396  0.23747998]
[-0.7529726   0.010032   -0.85278089  0.66402546]
[ 1.4355804   0.16975118  0.18127697 -0.74331046]
[-0.7840752   0.86669815  0.40326805  0.16223709]
[  1.11205327 -10.77589636   0.51579783  -0.11869976]
[ 1.31396257  0.2549586   0.34529907  0.85365963]
[-0.78579246  0.33360727 -1.14679825 -0.85370549]
[ 1.34922681 -0.3492983  -1.6067286   0.96713465]
[-0.80844634  0.38987255  1.00021652 -0.46051247]
[-0.80945557 -0.93715633 -1.51128407 -0.23422898]
[ 1.40850139  0.67848126 -0.53947912  0.41136731]
[-0.66567232  0.74015905  0.49609038  1.00303362]
[-0.76193486  0.78706758 -0.87208744 -1.12954392]
[-0.81171857 -0.70857337  1.52332193 -1.01328547]
[ 0.5762449   0.02010723  1.03155803  2.28407624]
[-0.72386235  0.76399856  0.45819402 -1.75445471]
[ 1.4127801   0.6150182  -0.26973547 -1.07142087]
[-0.75547319 -1.01414148 -1.81697047 -1.17663539]
[-0.79143174  0.74440382 -0.3576604   0.21228387]
[ 1.3103513  -0.79867645  0.49982525 -2.19693373]
[-0.648079   -1.90281872  2.12130027  0.34163803]
[-0.68350225  0.33763035  1.13185438  0.70962779]
[ 1.42453465 -1.02339001  0.72880125 -1.2117533 ]
[ 1.43777095  0.52094752 -0.10616853 -0.38532954]
[ 1.23991711  0.54015476 -0.12914057  1.36515786]
[-0.38834238 -1.3519197   2.02757791  1.26301652]
[-0.73650473  0.0479192   1.32694122  0.30265748]
[-0.73009816 -1.80520963 -1.49199884  0.71060739]
[ 1.3916804  -0.31430187  0.64514576  0.12502555]
[-0.78758204  0.11769071  1.03351393 -1.41862919]
[-0.80729015 -0.1029703  -1.25162189 -0.44488602]
[ 1.34631194 -0.04621512 -2.06674233 -1.15050469]
[ 0.91394749 -0.94132508 -1.35434677  2.23054974]
[ 0.84500604 -0.82829915  1.40396816  1.7214801 ]
[-0.80882045  0.95887039 -0.02542315 -0.25520541]
[-0.80324588  0.21895637 -0.91688343  0.03767793]
[-0.65688289  0.12835809 -1.55413866 -1.66704944]
[-0.69587572 -1.03831672 -1.22245604  1.0040443 ]
[-0.77482522 -1.32371371  1.86274768 -0.33258613]
[-0.77230896 -2.79588229  1.92665918 -0.53837222]
[ 1.15836163  0.20255035 -0.8590563   1.77321563]
[-0.80565074 -2.24780955 -1.84093139 -0.38312838]
[ 1.42620079  0.12522744  0.29622378 -0.16762521]
[-0.81045674  0.83220937  0.5208423  -0.42484796]
[-0.74832239 -0.5723451  -1.13236955  0.68837355]
[ 0.56324441  0.10665634 -0.45718042  2.58533214]
[ 1.38935143  0.33205495  0.18580069  0.37114573]
[ 1.29450157  0.72930739 -0.48610542 -1.86288869]
[ 1.4062602  -0.45505815  0.45596123 -1.42746762]
[-0.5678391   0.2675331  -0.4185863   1.53870779]
[ 1.37957077  0.45880668 -1.04894464  0.75261895]
[-0.77223985  1.06323992 -0.34339164 -1.13191242]
[-0.77047658  0.38841256  1.05872565  0.11747271]
[-0.79713897 -0.19189881 -1.10777222  0.16703218]
[-0.79509974 -0.58318249  1.57355335 -0.40838407]
[-0.80553687  0.87056883 -0.50845739 -0.56761455]
[-0.79179568 -0.58130634 -1.56201378 -0.79696954]
[-0.52401223  0.64684419  0.2382759   1.59736678]
[ 0.96470213  0.05777336  0.7876307   1.85807968]
[ 0.01129049  0.47344045  0.55008076  2.34922563]
[-0.71888047  0.55638707 -0.33507738  0.86116953]
[-0.52553625  0.05406254  1.36435706  1.25245337]
[ 1.18837029  0.17913197  0.52497246  1.3473509 ]
[-0.43594117 -0.75674548 -0.93183634  1.90722741]
[-0.78095028  0.39918522 -0.66957299  0.38568075]
[-0.67150985 -0.24755404  1.52804748  0.60659577]
[-0.7339421   0.65572249  0.78200229  0.51645575]
[-0.79167857  0.07441408  1.2563539  -0.21533416]
[-0.66477603 -0.16518017 -0.80875951  1.19072456]
[ 1.42746507  0.65333432 -0.31905431  0.05670703]
[-0.8053639  -1.56603753 -1.64957947 -0.13589008]
[-0.57906858 -0.6851684   1.76335744  0.88964102]
[-0.54773456  0.51318329  0.92091037  1.3456177 ]
[-0.27147536 -0.48784197  1.66856691  1.66236467]
[ 1.33936896  0.602917   -0.2860497   0.91660552]
[ 1.26135634 -0.26686994  0.79237166  0.91574028]
[-0.80730824  0.6360051  -0.62048163 -0.10237839]
[ 1.0179721   0.46965578  0.09429832  1.95508221]
[-0.73309418  0.82564887  0.19431141  0.67620245]
[-0.51597179 -1.849144   -2.18342411 -1.55561122]
[ 1.28928763  0.07208378  0.09910638 -2.12066904]
[-0.80153732  0.98185653  0.21663084 -0.86513085]
[ 1.40791661  0.06263262  0.18812001 -1.29211402]
[-0.80899374 -0.52654434 -1.35585641 -0.18358997]
[ 1.31930278 -1.78373412  0.79139431 -2.30478121]
[ 1.43290831  0.7715021  -0.93544292 -0.49739201]
[-0.62688656  1.10614341 -0.70677661 -1.9177548 ]
[ 1.40509019 -0.9645487   0.89003412 -0.24703419]
[-0.80759564  0.56183994  0.79404226 -0.93025239]
[-0.77484364 -0.08841362 -1.42371748 -0.98710734]
[-0.81006634 -1.57856526  1.78377363 -1.19353851]
[-0.78924341 -0.93959298 -1.37128534  0.27386397]
[ 1.43515393 -0.3615936   0.51492537 -0.73077833]
[-0.76714565 -0.28219046  1.48284156 -0.03298341]
[-0.79028918  0.88325865 -0.04953351  0.18211214]
[-0.02107127 -0.04214965  1.33216167  2.11921458]
[-0.81308042 -0.12045723  1.27920878 -0.83025865]
[-0.79516528  0.66972152  0.76147225 -0.0922008 ]
[-0.80819419  0.43053126 -0.9195954  -0.41571303]
[-0.80618346 -1.18329828 -1.66944807 -0.54530481]

Populations

0.104139134801
0.326712160903
0.268735608222
0.300413096073

State labels

0
1
2
3

Eigen uncertainty

nan
0.00403158082015
0.0131663886292
0.0179944411061

Eigen values

1.0
0.942567226025
0.188510799815
0.0759036770535

Left eigenvectors

[ 0.10413913  0.10995537 -0.01201967 -0.28470954]
[ 0.32671216  0.3848494   0.02105437  0.26724329]
[ 0.26873561 -0.22610254 -0.38034679  0.02703229]
[ 0.3004131  -0.26870223  0.37131209 -0.00956604]

Right eigenvectors

[ 1.          1.05585059 -0.11541936 -2.73393414]
[ 1.          1.17794637  0.06444317  0.81797778]
[ 1.         -0.84135683 -1.41531965  0.10059064]
[ 1.         -0.89444247  1.23600501 -0.03184295]
