Cluster centers 

[-0.78800328  0.40500753 -1.01902363 -0.61104847]
[ 1.44183738  0.59159119 -0.17304917  0.14254297]
[-0.79036127  0.75057793  0.65119517 -0.20722237]
[-0.62583247 -0.80277222  1.79123271  0.61822975]
[ 1.41812615 -0.02160644  0.20432775 -1.45361345]
[-0.69774001 -2.70452777  2.21492032 -0.16902823]
[-0.71347094  0.07847721 -0.7408772   0.87524845]
[-0.78371427 -0.15650607  1.36979319 -0.32866155]
[  1.1150223  -10.87508517   0.52595911  -0.1310922 ]
[-0.69735518  0.80410417  0.26007246  0.82652142]
[-0.69061484 -2.04792014 -1.4894018   0.89153361]
[ 0.63885634 -0.78447057 -1.05583781  2.59583864]
[-0.79128473  0.92026993 -0.46403936 -0.60160777]
[ 0.61684156  0.23571918 -0.28603522  2.54437489]
[ 1.41582992 -0.4929709   0.72277512  0.03682462]
[-0.79686805 -0.45167569 -1.31469915 -0.14721667]
[ 1.40353251 -0.22599026 -1.61317929  0.75671349]
[-0.70687775  0.75756865  0.45753067 -1.77806915]
[ 1.45886548  0.50639772 -0.09241718 -0.32489419]
[-0.77862425  0.69990341 -0.39933909  0.23857765]
[-0.80160182 -0.38768113  1.37079133 -1.0160065 ]
[ 1.01381885  0.14753826  0.68962421  1.83022942]
[ 1.14263998  0.49226567 -0.10885547  1.75955496]
[ 1.43575046 -1.19384856  0.926574   -0.45852681]
[-0.56427552  0.15491773  1.29683828  1.10918827]
[ 1.32598041 -0.69779888  0.43286614 -2.22084512]
[-0.76204834 -1.08642024 -1.78999794 -0.99850195]
[-0.8011006   0.17529653  1.10671738 -0.76683326]
[-0.46111008  0.42208212  1.02111454  1.53958659]
[-0.78016666 -0.73807825  1.39830461 -1.59786192]
[-0.66349643  1.1294152  -0.50218949 -1.69959926]
[-0.43181153 -0.92319778 -0.97023676  1.91760635]
[-0.7665958   0.17274102 -0.81393345  0.43765359]
[ 1.44053435  0.03246088  0.37464661 -0.09508633]
[-0.71195824 -0.37857234 -1.67523908 -1.32462918]
[-0.69894548 -1.5652366   1.99559774  0.09924364]
[ 1.27746692 -0.02810658  0.6473223   1.00446178]
[-0.76464123  0.88149873  0.27149678  0.28545321]
[ 0.40583434 -0.76681018  1.62696355  2.06522105]
[ 1.46028504  0.72296888 -0.99513305 -0.2615866 ]
[-0.78507736 -0.15215772 -1.08273731  0.17979946]
[ 1.43866169 -0.94158691  0.65817374 -1.3419392 ]
[-0.78345114  1.03758256  0.06123822 -0.90761405]
[ 1.15814038 -0.00443477 -1.00010028  1.86016178]
[-0.72702482  0.59945698 -0.3254689   0.73905212]
[-0.69878246  0.3167714   1.1476067   0.53989727]
[ 1.45002091  0.38506141 -0.01805715 -0.9046501 ]
[-0.79529598  0.27299222 -0.92936577 -0.1009853 ]
[ 1.45553011 -0.48813827  0.58227349 -0.66436586]
[ 1.30731976  0.20513844 -0.00308597 -2.11065425]
[ 1.43980137  0.64900665 -0.84228185  0.3783165 ]
[ 1.4428308  -0.41017311  0.44872307 -1.22419404]
[ 1.33576104  0.59804619 -0.29126176  1.06568101]
[-0.52920754 -0.12728551 -0.65400415  1.65444111]
[ 1.32683425 -0.42253847  0.82538447  0.65932337]
[-0.06978221  0.01867134  1.31942765  2.0928997 ]
[-0.79339314  0.94572603 -0.02919719 -0.1391322 ]
[ 1.40293728  0.28319654  0.24750514  0.41128218]
[-0.69623388 -1.13563219 -1.25090819  0.95270804]
[-0.68711578  0.35083419 -1.37605837 -1.45511731]
[-0.47814478 -0.34669299  1.61636072  1.23927046]
[-0.78751401 -0.08690104 -1.30457857 -0.60799177]
[-0.74972341 -1.05002757  1.79134143 -0.15485192]
[-0.75240202  0.85300367 -0.80164677 -1.10866471]
[-0.79515908 -1.56553497  1.83717099 -0.83309207]
[ 1.34828605  0.77612629 -0.53064499 -1.65861627]
[-0.79188274 -0.71154758  1.59111299 -0.58332355]
[-0.56722008  0.64390682  0.09257117  1.45759951]
[-0.66824032 -0.18082634  1.48885577  0.57369345]
[-0.73479124 -0.48086052  1.59185854  0.09073202]
[-0.79530099  0.61333507  0.74735607 -0.90488969]
[ 1.44687992  0.80443593 -0.62315306 -0.77863812]
[-0.73538722  0.65522178  0.78878895  0.41106829]
[ 0.38277689  0.39781663  0.60258355  2.47284688]
[-0.79629989 -2.22742206 -1.83778745 -0.39291138]
[-0.77160175 -0.76488761 -1.28126453  0.36922122]
[-0.79733967 -1.08874521 -1.55884304 -0.25004953]
[-0.79830064  0.90263091  0.40156592 -0.59352559]
[ 1.36530982  0.43181087 -0.95963975  1.02492015]
[-0.78089255  0.40368263  1.01989825 -0.15589243]
[-0.78905876 -0.66811696 -1.5436319  -0.62395684]
[-0.79623728  0.64999686 -0.65438499 -0.20082929]
[ 1.04290276 -0.70766454  1.23842544  1.50149171]
[ 1.45716006 -0.01061818  0.30599419 -0.70591287]
[ 1.16101654 -1.13555662 -1.60980969  1.81265905]
[ 1.29697242  0.36353704  0.26701658  1.0735613 ]
[-0.35318208  0.58277275  0.52324744  1.94607747]
[-0.65046575 -1.72420143 -2.00972457 -1.13289398]
[-0.74582942  0.06653457  1.29757637  0.13807511]
[-0.63111306  0.63649417  0.77445528  1.03202514]
[-0.76994448  0.17456782  0.97092994 -1.50495978]
[-0.70307876 -0.45842415 -1.00970914  0.93183382]
[-0.78026923 -1.46982788 -1.52828475  0.21758791]
[ 0.60767299 -0.08215635  1.13493925  2.23112589]
[ 1.34690226 -1.75175121  0.75900663 -2.28000746]
[-0.51902411 -1.82557633  2.14333305  0.7816414 ]
[-0.62151762  0.33706206 -0.40785534  1.32053226]
[ 1.32892065  0.05782346 -2.07574951 -1.31153842]
[-0.34724428 -1.1117623   1.95135764  1.36151028]
[ 1.40655732  0.63850615 -0.30279455  0.58977285]

Populations

0.302375252072
0.301557720959
0.269798610475
0.126268416494

State labels

0
1
2
3

Eigen uncertainty

nan
0.00389778794095
0.0127763714224
0.0169374548136

Eigen values

1.0
0.939223463114
0.193787930112
0.0925095386983

Left eigenvectors

[ 0.30237525  0.2561168  -0.37727136 -0.05490868]
[ 0.30155772 -0.36549179  0.03366965 -0.27550456]
[ 0.26979861  0.23776556  0.37392557  0.02558374]
[ 0.12626842 -0.12839057 -0.03032386  0.30482951]

Right eigenvectors

[ 1.          0.8470164  -1.2476926  -0.18159119]
[ 1.         -1.21201272  0.11165243 -0.91360474]
[ 1.          0.88127052  1.38594326  0.09482531]
[ 1.         -1.01680667 -0.24015394  2.414139  ]
