Cluster centers 

[-0.81324921  0.39921783  0.99449171 -0.32934617]
[-0.77944836 -0.12301437 -1.00393472  0.47585418]
[ 1.42293482  0.46718288 -0.01943471 -0.24007853]
[-0.65440838 -0.40310529  1.59701003  0.69123818]
[  1.09644796 -10.45416494   0.43967449   0.02589393]
[ 0.82663645  0.25864423  0.62397918  2.13120615]
[ 1.37543813  0.37767147 -0.02115346 -1.40578117]
[-0.79726392 -1.45621664 -1.58227471  0.19381985]
[-0.76194131  0.58078702 -0.4047904   0.60324422]
[-0.71902222 -2.9308013   2.24853858 -0.09897608]
[-0.81264557  0.88896438 -0.13596277 -0.08953096]
[-0.81603343 -0.56003054 -1.44841814 -0.38387483]
[ 1.1621628   0.38361286 -0.6979924   1.70968488]
[-0.80945273 -0.36578212  1.46422641 -0.43012349]
[ 1.35858609  0.28392242  0.26452033  0.49839282]
[ 1.4214778   0.69864584 -1.22948427 -0.45946748]
[ 0.59412523  0.73047449 -2.02363376 -3.07122553]
[ 1.42216732 -0.34517434  0.51991465 -0.74279767]
[-0.5502971   0.50250767 -0.12566424  1.60449768]
[-0.72456836  0.6302976   0.76692446  0.63146454]
[-0.81834964  0.02810263 -1.13170621 -0.25675073]
[ 1.38329137 -0.63138239  0.78399615 -0.04826224]
[-0.75073839 -0.19727041 -1.5714523  -1.29372847]
[-0.44145025 -0.41748141 -0.82048756  1.94458149]
[-0.81780577  0.58382881 -0.73553176 -0.31160248]
[ -7.83535624e-01   1.24424079e-03   1.30973625e+00  -3.41222091e-02]
[-0.72394578  1.04510016 -0.22638427 -1.58340454]
[-0.7962948  -2.46428645 -1.81414254  0.05189165]
[-0.81718971  0.10108872  1.11884307 -1.01079851]
[ 0.71546295 -0.37271859  1.22653743  2.04346438]
[ 1.18849313  0.52490291 -0.05433648  1.46970559]
[-0.76998843  0.82748085  0.15779162  0.43232808]
[-0.63466578 -0.86093474  1.79924707  0.66274759]
[-0.78783676  0.6568789   0.74428661  0.1160481 ]
[ 1.41096709 -0.50935544  0.53253947 -1.18667234]
[-0.68901187 -0.77412637 -1.15703654  1.07809032]
[ 1.35354855  0.39187766 -1.07195739  0.88308442]
[-0.48262735  0.54434564  0.77648931  1.58826522]
[-0.7690349   0.47782401  0.7504737  -1.60053983]
[-0.26938499 -1.02201098  1.87684712  1.56664212]
[ 1.40003391  0.77438262 -0.50250353 -0.99400285]
[-0.68554026 -1.82842453  2.06762802  0.24506679]
[ 1.37166622 -0.28895042 -1.66600662  0.76435949]
[ 0.61302346  0.20987157 -0.29704588  2.53326588]
[ 1.4055287   0.65557542 -0.80497555  0.35408377]
[ 1.42310047  0.43688392 -0.02120223 -0.67850405]
[-0.80104748 -0.80536303 -1.38016788  0.19809084]
[-0.77177725 -1.09833944  1.80029153 -0.15546221]
[ 1.42573535  0.14495051 -1.69951865 -0.06091197]
[ 1.37781998 -0.93687126  0.63423151 -1.69064026]
[ 0.68651212 -0.71772249 -1.17039317  2.49997938]
[-0.61781033  0.16918509 -0.55580294  1.39957867]
[-0.79703023  0.47635796 -0.63994601  0.26310853]
[-0.73229109 -0.30771611  1.51604798  0.30938039]
[ 1.06705671 -0.35337058  0.98817169  1.47581358]
[-0.80999367 -1.01771648 -1.66704447 -0.59659822]
[-0.55428295 -1.15890074 -1.19385716  1.60994269]
[ 1.26376147 -0.61190071 -2.5074841  -1.62829439]
[ 1.19506537  0.74943772 -0.44762879 -2.25551616]
[ 1.41160448  0.01879621  0.38497067 -0.18216556]
[-0.81399075  0.95847986  0.20466018 -0.7737537 ]
[-0.69884892 -1.42138806 -1.39177247  0.97641494]
[ 1.42066686  0.1046131   0.23571332 -0.84334654]
[-0.80820123 -0.25040643 -1.17549513  0.09119827]
[-0.75217564  0.18498313 -0.7424883   0.7031736 ]
[ 1.39508503 -1.65482504  1.03700869 -0.64818441]
[-0.81753316  0.67670423  0.68227019 -0.80878243]
[-0.51193133 -0.12739531  1.45668538  1.27206736]
[ 1.36205483 -0.13439031  0.28492557 -1.67194332]
[ 1.39976468  0.54311306 -0.10494084  0.23952066]
[-0.81958215  0.9404357   0.20615124 -0.40243824]
[ 1.2601691   0.347857   -2.03885897 -1.65981918]
[ 0.09895854  0.48593668  0.44443436  2.51677415]
[-0.6986224   0.40888501 -1.33871594 -1.572498  ]
[-0.80701664  0.00142863 -1.28489423 -0.69429819]
[-0.64842816  0.68774093  0.54004072  1.08025685]
[-0.8060881   0.19633212 -0.90558243  0.13949588]
[ 1.19437107  0.18327746  0.50124056  1.28261546]
[ 1.42596841  0.74908704 -0.49610957 -0.33829456]
[-0.67503646 -0.28157904 -0.91101865  1.15930135]
[ 1.34665567 -0.2622131   0.67220315  0.39411587]
[ 1.30362159  0.05840275  0.51320404  0.76715934]
[ 1.25057459 -0.58159139  0.41229949 -2.39058172]
[-0.79588851 -1.61714252 -1.89821514 -0.87085214]
[ 1.34643486  0.58771317 -0.2116841   0.75667671]
[-0.71275266  0.49665703 -0.37914593  0.94654183]
[-0.80014496  0.64257697 -0.86305761 -0.82733821]
[-0.7365876   0.29596668  1.13290082  0.42926247]
[-0.81116167  0.80837434  0.50408889 -0.15996169]
[-0.81555971 -0.73881595  1.47609251 -1.32263181]
[ 0.40570874 -0.00653136  1.11043094  2.28687541]
[-0.77483515 -0.51006332  1.579406   -0.05739479]
[-0.78589332  0.34108109  1.07600632  0.04354501]
[-0.81237325  0.67873235 -0.51515607 -0.02496826]
[-0.8052459  -1.62709416  1.89314554 -0.6245598 ]
[-0.75968223 -0.81373622 -1.27295582  0.63787887]
[-0.62134846 -1.42949831  1.99357736  0.60282631]
[ 1.14607508 -0.56621581 -1.43620034  1.78882656]
[-0.81441229  0.88854264 -0.41829913 -0.53593981]
[-0.82242286 -0.31986814  1.39011924 -0.76347309]

Populations

0.0153582092421
0.011450902191
0.0197078296394
0.00854605986996
0.0110719871076
0.0166328030928
0.010642433834
0.0083305731576
0.000867105185896
0.0116300489835
0.0143070798524
0.0131288753127
0.010415848798
0.0196474423846
0.00828818007483
0.000468920056264
0.0188506545715
0.00540943767344
0.0104180746226
0.0117394467267
0.0108761901096
0.00804122654738
0.00351471332419
0.0115266293225
0.0132170199354
0.00808693395649
0.00322330887953
0.0144238480574
0.00410170603941
0.016311118467
0.0144865072843
0.00621028899228
0.0113702048536
0.0182859290029
0.00454314199127
0.0118196899511
0.00729196341585
0.0103944643614
0.00286064921092
0.0134485836446
0.00326566433744
0.00633612981696
0.00665673563981
0.0149704097477
0.0188150477547
0.013164825217
0.00971509724973
0.00411864045976
0.0131673915512
0.00621446167787
0.00589863134866
0.00892135173297
0.00906398670223
0.00571370451996
0.0133653227416
0.00233651357872
0.00165161465575
0.00705554090024
0.0238180279058
0.0114992219119
0.00539947081916
0.0223212447084
0.0127355597186
0.00970552735141
0.00424190656024
0.0146969201991
0.00816369178399
0.0168670531694
0.0216585155811
0.00807438636462
0.00166809701563
0.00396545994395
0.0061321081192
0.0125913122304
0.00911802558639
0.0116183554864
0.0112007878848
0.0173742157992
0.00729869140667
0.0108482578147
0.00938371756841
0.00927253738004
0.00702812581583
0.0206687680191
0.00784331429247
0.0126579392134
0.0118427288494
0.0130307578565
0.00632141860165
0.00835004177555
0.00963541321168
0.00929866777275
0.0079468929429
0.00431633376046
0.00907508216423
0.00315181250023
0.00854037421503
0.00936991603879
0.00989222130446

State labels

0
1
2
3
5
6
7
8
9
10
11
12
13
14
15
16
17
18
19
20
21
22
23
24
25
26
27
28
29
30
31
32
33
34
35
36
37
38
39
40
41
42
43
44
45
46
47
48
49
50
51
52
53
54
55
56
57
58
59
60
61
62
63
64
65
66
67
68
69
70
71
72
73
74
75
76
77
78
79
80
81
82
83
84
85
86
87
88
89
90
91
92
93
94
95
96
97
98
99

Eigen values

1.0
0.951325662954
0.229818964623
0.117939119826
0.108728571847
0.0990635295846
0.0973745487699
0.0945201518581
0.0908157391064
0.0895707813892
0.0880007265385
0.0823231278365
0.0793742611062
0.0769465050417
0.0746787847662
0.0730321482082
0.0703846199145
0.0679299074122
0.0669306267349
0.0638455309901
0.0623147355591

Left eigenvectors

[ 0.01535821  0.01364977  0.02261371 -0.00645331  0.00833186  0.00620691
 -0.00050536  0.02073792 -0.00370422  0.0027152   0.00301111 -0.00018509
  0.01186216  0.01252454  0.01176898  0.0248236  -0.01950106  0.00906752
  0.01045926  0.00844525  0.00614402]
[ 0.0114509   0.01066595 -0.0165303   0.00315556 -0.0123641   0.00845851
 -0.00174963 -0.01260797  0.00663048  0.00140459 -0.01542948  0.00310783
 -0.01443731 -0.0230974  -0.00306791  0.0043831  -0.02396621  0.02069899
  0.00283724 -0.00068115  0.00222165]
[ 0.01970783 -0.0224784  -0.00210239  0.00402349  0.01554318  0.00500553
 -0.00844987 -0.00821216 -0.00316829  0.0090767   0.01821122 -0.01997797
  0.00945138 -0.02382776 -0.01029521  0.00205084  0.00980774  0.00261947
  0.00767231  0.01187904  0.03210129]
[  8.54605987e-03   7.38840122e-03   1.45933470e-02   3.23465914e-03
  -5.02782753e-03   1.13803486e-03   4.39621117e-03  -6.54933598e-03
  -3.95493843e-03   9.01578732e-03  -1.13485826e-02   1.17562550e-02
  -1.42450933e-02  -1.21650269e-02   2.72147058e-03  -9.06576453e-03
   2.57385595e-02  -1.05482975e-02  -6.95931593e-05  -1.46471035e-02
   2.08616198e-03]
[ 0.01107199 -0.01035003  0.00376035  0.0005019  -0.031364   -0.0162211
  0.01886076  0.01519647 -0.00277125 -0.00517177 -0.00057177 -0.00025661
 -0.00660277  0.00657591 -0.01739376 -0.00736349  0.00234936  0.0056939
  0.01961332  0.00726414  0.00149016]
[ 0.0166328  -0.01937528 -0.00208096  0.01139746  0.01782759  0.01159878
 -0.01483279 -0.00557598  0.00496585  0.02167624 -0.00643891  0.01041188
  0.02353872 -0.00251353 -0.00965094 -0.00506961 -0.00434318  0.00128464
 -0.00330862  0.00378397  0.03155372]
[ 0.01064243  0.00991315 -0.02023655 -0.00348804 -0.00197367  0.00063473
 -0.01490832  0.01040472  0.00883878  0.0112821  -0.00515384  0.00520454
 -0.01445929 -0.02113432  0.00774642 -0.01316041 -0.00339565 -0.00743652
  0.00171858 -0.00470854 -0.00682501]
[ 0.00833057  0.00782001 -0.00856812  0.00389005 -0.00358292  0.00427347
  0.00851885  0.00556353  0.00911473  0.00714169  0.00104429 -0.00612974
  0.00492691 -0.00282653  0.01605074 -0.00792622  0.01690414 -0.01048795
  0.00667311  0.00245321  0.00537835]
[ 0.00086711  0.00077897  0.00218497  0.00093791 -0.0015593   0.00414612
  0.00152261  0.00021602  0.00246802  0.00171481  0.0045914   0.00457795
 -0.0026363  -0.00268404  0.00028571  0.00490594 -0.00076473  0.0003547
 -0.0016718  -0.00062019  0.00031672]
[ 0.01163005  0.01078166  0.00255511  0.00492165 -0.01100902  0.00152426
 -0.01788277 -0.0108959   0.00136706 -0.00159443 -0.00430571 -0.0024053
 -0.01322384 -0.01261712 -0.01396491 -0.00709902  0.00617225 -0.01263655
 -0.02102166  0.01644342 -0.01240388]
[  1.43070799e-02   1.35144299e-02  -2.46697477e-02  -3.52225968e-03
   1.48816666e-02  -4.60802682e-03   3.21309174e-02   2.85636098e-03
   6.74410853e-03   5.63559397e-03  -8.41663935e-03   5.59103251e-03
  -1.49257579e-03  -1.66509851e-02   1.46503406e-03   1.70674368e-03
  -1.96020878e-02   1.93119254e-02  -6.63931939e-06  -1.78575671e-02
   9.53203075e-03]
[ 0.01312888 -0.01423347  0.00039658 -0.02758047 -0.01301715 -0.01273159
  0.00335872 -0.00453748 -0.00558376  0.01227043  0.01503481 -0.00133186
 -0.0031407   0.00035665 -0.00221344  0.00112106 -0.01031485 -0.01126361
  0.00572811 -0.00812097 -0.0036327 ]
[ 0.01041585  0.00935607  0.01529889  0.00203474 -0.00059432  0.01741226
  0.00580058  0.00901702 -0.0074076   0.00962624  0.02913586  0.01603054
  0.00055742  0.00983493  0.02344678 -0.01116467  0.00880356 -0.0250219
 -0.01135374 -0.0045078  -0.00145695]
[ 0.01964744 -0.02215346 -0.00052199 -0.00162507 -0.00427634 -0.00801101
  0.00311087  0.00170893 -0.00378178  0.00068292  0.00269475  0.00261765
 -0.00490274 -0.00019337  0.00168488  0.00673024 -0.01076181 -0.01892936
 -0.00984358  0.00049214  0.00759946]
[ 0.00828818 -0.00927665 -0.00131962 -0.02121993  0.0009916   0.00565951
  0.00291463 -0.00212145  0.00350281 -0.02256516  0.00303384 -0.00732794
 -0.00787082 -0.00599159  0.01045691  0.00733664  0.00802    -0.00468194
 -0.01134499  0.00068183  0.00400814]
[  4.68920056e-04  -2.20407477e-05   1.17575169e-04  -2.28232323e-03
   1.15411453e-03   1.34678390e-04  -1.46019637e-04  -4.16800415e-04
  -2.88944004e-03  -2.02971658e-03   4.84405494e-03   6.75152265e-04
  -1.83244626e-05  -2.55466763e-03   1.35482403e-03  -1.58179777e-04
  -1.57993093e-04   1.58705139e-03  -2.34152891e-03  -9.66556614e-04
  -2.13171871e-03]
[ 0.01885065 -0.02145261 -0.00047059  0.02039406 -0.00373046 -0.02443428
  0.01063492  0.00591908  0.00649027 -0.03603271  0.01116052 -0.00286015
 -0.03085746  0.00169796 -0.00474377  0.00508381  0.00080089 -0.02200655
  0.02692619 -0.00871704 -0.0047574 ]
[ 0.00540944  0.00463978  0.00103976  0.00367346 -0.00599931  0.00899297
  0.00708669 -0.00032123 -0.00972353 -0.00221134  0.00867637  0.01400009
 -0.00251366  0.00605021 -0.00756316 -0.00291114  0.00853915  0.00415186
 -0.0049897  -0.0015374   0.00935855]
[ 0.01041807  0.00927729  0.01145397 -0.00577357  0.01716686 -0.00227276
  0.01815781  0.01487066  0.02605118  0.00905155 -0.00592209 -0.0168953
  0.00343687  0.00141771 -0.00239451  0.00726436  0.00219898 -0.00647902
  0.0053713   0.00988604 -0.00921662]
[ 0.01173945  0.01094133 -0.02079146 -0.00029036 -0.00342949  0.01647464
 -0.00365185  0.0016781   0.0018763  -0.00121822  0.02025178  0.02350567
 -0.01414112  0.00010566 -0.00658953  0.01105311  0.00305919  0.00924211
  0.01005645 -0.0014302  -0.00317068]
[ 0.01087619 -0.0123387  -0.00053891  0.01038444  0.01518717  0.01570113
 -0.00120014 -0.00315442 -0.00792301 -0.016762   -0.00025398 -0.0053298
  0.01113499 -0.01640359 -0.0044966   0.0014523   0.00677661 -0.00958791
  0.0188901   0.00195219 -0.00680208]
[  8.04122655e-03   7.61667815e-03  -1.33820784e-02   2.25223363e-03
  -3.14083809e-03  -8.46133037e-05   8.35509072e-04  -9.39848667e-03
   7.20610802e-04  -3.12620465e-04   3.19371493e-05  -6.74770739e-03
   5.88719749e-03   1.53233403e-05   1.44324753e-02   1.64446884e-03
  -1.59573206e-02  -4.50173613e-03  -2.01880062e-03  -2.39647899e-03
   1.47695924e-03]
[ 0.00351471  0.00283136 -0.00350177 -0.00245684  0.00494945 -0.00415944
  0.00908829 -0.0008023   0.00258401  0.00198089 -0.00894416 -0.00319694
 -0.00370978 -0.00372908  0.00375853  0.00045805 -0.00552951  0.00459104
  0.00126935  0.00418111  0.00095332]
[ 0.01152663  0.01099496 -0.01528577 -0.00076092  0.00084137 -0.00322811
 -0.0192131  -0.00386483 -0.01027167 -0.00107836 -0.00399371  0.00263573
 -0.00521981 -0.00397654 -0.00019438  0.0047438   0.00113967 -0.01452062
 -0.00262869 -0.01427523  0.00295856]
[ 0.01321702  0.01209837  0.0236699   0.00148282  0.0002219   0.01022289
  0.00219314 -0.01735891  0.0003923   0.00285233 -0.00192784  0.00399165
 -0.01002943  0.00393366  0.01431713 -0.01989999  0.00794745 -0.00935146
  0.01530123  0.01333504  0.01046022]
[ 0.00808693  0.00765458  0.00382218 -0.00157712  0.00701759 -0.00182705
 -0.00664304  0.00606891 -0.00160138 -0.00260248 -0.0049971   0.00376031
 -0.00748357 -0.00340132 -0.02944005  0.00210028  0.01378585 -0.00312893
 -0.01644419 -0.0108187  -0.00788691]
[ 0.00322331  0.00301049 -0.00716047  0.00542905 -0.00985904  0.00691847
  0.00482097 -0.00535558  0.00723057 -0.00290058  0.00606913 -0.00395099
  0.00440109  0.00132851 -0.00089854  0.01300661  0.00135986  0.00939104
  0.00369855 -0.00309907 -0.00367574]
[  1.44238481e-02   1.31956589e-02   2.72556387e-02  -1.44396728e-02
   2.68503922e-02  -1.51973936e-02  -3.72369681e-03   4.37576385e-03
  -1.69394968e-02  -6.89018550e-03  -4.77510725e-04   1.69787437e-02
  -1.47428304e-03   6.62608528e-03  -1.56619338e-02   1.79227024e-02
  -1.27055214e-02   1.58786040e-02   1.67050319e-03   2.50751706e-03
  -3.35264190e-05]
[ 0.00410171 -0.00286077  0.00418977  0.01237814 -0.01672125  0.00655613
  0.01148492  0.00987732 -0.01504242  0.01531076 -0.00761524  0.00514542
  0.00802734 -0.00158276  0.00302579 -0.00083792 -0.00350338  0.00309909
 -0.01624515  0.00517039 -0.00301498]
[ 0.01631112 -0.01795655  0.00034627 -0.01408892 -0.00831309  0.0130969
  0.00760079  0.00951916 -0.02102473  0.01937422 -0.0033454  -0.02299616
 -0.02222938  0.01570685 -0.00059114  0.00261851 -0.01597805 -0.00735093
 -0.00790336 -0.00727397  0.01177356]
[ 0.01448651  0.01289827 -0.00168448  0.00131005 -0.01392694  0.00090809
 -0.01514944  0.00663507  0.01421058 -0.00153475  0.00884715 -0.03164288
  0.02680706  0.0256239  -0.00318476 -0.01159927  0.00659622 -0.00488437
 -0.00518107 -0.0178018  -0.00220949]
[ 0.00621029  0.00539386  0.00938302 -0.00586469  0.00406153 -0.00410453
 -0.00449201 -0.00139759 -0.0061197   0.00837583  0.00124109  0.01041935
 -0.00541831  0.00146823 -0.00045572  0.02734646 -0.00319353 -0.0091711
 -0.00471876 -0.00476664 -0.00253276]
[ 0.0113702   0.01046385  0.01923973  0.00155539 -0.00018757 -0.00161957
  0.00198891 -0.02301905 -0.01324648 -0.01029633 -0.00916794 -0.00358417
  0.0070428   0.00861851  0.00963299 -0.01401179  0.00691085  0.00472276
  0.015792   -0.02983398  0.01151565]
[ 0.01828593 -0.02088838 -0.00118137  0.01791855  0.00041456 -0.00775526
 -0.00015862  0.00378183  0.01721209 -0.02082904 -0.01087812  0.01681323
 -0.00965988  0.01626982 -0.00940728 -0.00366091 -0.01046758 -0.01865988
  0.02435738 -0.01276793  0.01469576]
[ 0.00454314  0.00424786 -0.00775707 -0.00047086  0.00566316  0.00436701
  0.01094624  0.00047611 -0.00398875 -0.00187787  0.01081286  0.00876703
  0.00123317  0.01144418 -0.00367834  0.00256329 -0.00091835  0.00264816
  0.00082697  0.00553254  0.00047649]
[ 0.01181969 -0.01322458 -0.00122533 -0.00574823  0.00357624 -0.0027537
 -0.00934142 -0.00829689  0.01782581 -0.00374735 -0.01081033  0.02731405
  0.01489481  0.0097517   0.01291515 -0.00491984  0.0144358   0.01928749
 -0.00247705 -0.00439421 -0.02187452]
[ 0.00729196  0.00540853  0.00928159  0.00478587 -0.00022446 -0.00498988
  0.01492809 -0.01097577 -0.01110847 -0.00039281 -0.00159191  0.00347732
  0.01134846  0.00055594  0.01374523  0.01485188  0.00312256 -0.00023796
  0.00545688 -0.00938678 -0.00142814]
[ 0.01039446  0.00943088  0.00677085  0.0023078  -0.00578799  0.0006372
 -0.00565424  0.00097617  0.00063459  0.0036583  -0.01372496  0.00237354
 -0.00906072 -0.0130945  -0.0045138   0.00733098  0.00321009  0.00809967
  0.0030348  -0.01217553 -0.00762021]
[ 0.00286065  0.0020322   0.00439644  0.0051061  -0.00556739 -0.00408837
  0.00296829 -0.00764564 -0.00263719 -0.00701634 -0.0003484  -0.00348182
  0.00528594  0.00131097  0.00674195  0.00055199  0.00067943  0.00214168
  0.00706925 -0.00370352  0.00120812]
[ 0.01344858 -0.01528804 -0.00013348 -0.00048603  0.00113194  0.0054231
 -0.00123559 -0.00256475  0.00816184 -0.01633913 -0.00709451  0.02251826
  0.03656898 -0.02259615 -0.00721085  0.00340896 -0.00392824 -0.02473835
  0.00285718  0.01507038  0.00425312]
[ 0.00326566  0.00277478  0.00904908 -0.00113126  0.00452689 -0.00278422
  0.00068698  0.00431076 -0.00195383 -0.00677912  0.00526395  0.00014
  0.00787842  0.00532145 -0.00312691 -0.00044761 -0.00842221  0.0079537
 -0.0021484   0.00126286  0.00312665]
[ 0.00633613 -0.00696919  0.0001137  -0.00980992 -0.00799809 -0.00314075
  0.00164431 -0.00143216  0.0062236  -0.00024012  0.0018016   0.0083931
  0.0068562  -0.00980142 -0.00577409 -0.00023215 -0.00662165 -0.01211445
  0.00434472  0.00088204  0.01243766]
[ 0.00665674 -0.00529098  0.0019491  -0.01347523 -0.01033674 -0.01251328
  0.00306626 -0.00583867 -0.00051871  0.01185432  0.00604173 -0.00493927
  0.00094582  0.00759472  0.01081705 -0.00361827  0.00077858  0.01038272
 -0.00360434  0.00205543 -0.01169015]
[ 0.01497041 -0.01676918 -0.00074134 -0.01625515  0.0055658   0.00568847
 -0.00225196 -0.00562269 -0.00782448 -0.00630122  0.01177202 -0.00792133
  0.00017735 -0.01143749  0.00720379  0.00365708  0.00180693  0.00404572
 -0.00104477 -0.00058876 -0.03337458]
[ 0.01881505 -0.02156058 -0.00194908  0.00230893  0.00306778  0.01856793
  0.00519566  0.00915243 -0.0030954  -0.02320518 -0.02138023  0.00025114
 -0.01424012  0.01674904  0.01216842  0.00449523 -0.01231705 -0.01200492
 -0.01543329 -0.00547779 -0.01610824]
[ 0.01316483  0.01229037 -0.02052381 -0.00786847  0.01006735 -0.01384667
 -0.01356144  0.04277685 -0.0042405   0.00149224 -0.00039659  0.00588174
  0.002102   -0.00511381  0.00880735 -0.01592411  0.01204387 -0.00014962
  0.00648973  0.00569574  0.0034388 ]
[ 0.0097151   0.00879022  0.01602691 -0.00088666 -0.00460006  0.01043714
 -0.00371433 -0.00074412  0.01633017  0.00782466  0.00657867 -0.00535235
 -0.00202946 -0.00076725  0.00597138 -0.00681986 -0.00416113 -0.00307424
  0.00308831  0.00327274 -0.00048366]
[ 0.00411864 -0.00454325 -0.00027577 -0.01611959 -0.00694726  0.01299197
  0.00172152  0.0013126   0.004229   -0.01266003 -0.01731438  0.01015256
  0.00970246  0.00472842  0.00595901 -0.00075218  0.00364413  0.00499912
 -0.00574311  0.00465006 -0.00854068]
[ 0.01316739 -0.01522946 -0.0008916   0.02113717  0.01116005  0.01365535
 -0.00535623  0.00500583 -0.01525769  0.02643634 -0.00708503 -0.00437953
 -0.00421916  0.01087808 -0.01205425 -0.00541329 -0.02065901 -0.00582094
  0.00827319 -0.00993074 -0.01513079]
[ 0.00621446 -0.00506901  0.00083932 -0.02226369 -0.00830982 -0.02258812
 -0.00592194 -0.00881771  0.0116213   0.02071845  0.0053155   0.01612633
  0.00517211  0.00064383  0.00162729 -0.00107645  0.00829906 -0.00024828
  0.00039419 -0.00370672 -0.00296215]
[  5.89863135e-03   5.30055513e-03  -1.16671748e-03   9.22369897e-05
  -4.94692331e-03  -8.84853757e-03  -1.14952430e-02   5.28316585e-03
  -5.22450970e-03  -2.72090823e-03  -3.57974800e-03  -6.86666179e-03
   7.93077167e-03   3.21817647e-03   8.90286496e-03  -3.21683409e-03
  -4.75461272e-03   2.62646120e-03  -5.66905391e-03   3.26823597e-03
  -6.57401518e-04]
[ 0.00892135  0.00840171 -0.00792361 -0.00139351  0.00967777  0.00120173
  0.01571883  0.00384373  0.01312544  0.00685866  0.00197038 -0.0074137
  0.00159508  0.0115619  -0.00547216  0.00845529 -0.00178977 -0.00984814
 -0.0035034   0.0147219  -0.01557492]
[ 0.00906399  0.00827932  0.00947443  0.00117429 -0.008554   -0.00194737
 -0.01635705 -0.00010883  0.00847112  0.00375618 -0.01064372 -0.01498873
  0.00124783 -0.00554726 -0.0007477  -0.00077737 -0.00149512 -0.00608782
 -0.00643075 -0.00803738 -0.00412785]
[  5.71370452e-03  -5.63751202e-03   1.24257215e-03   9.98986420e-04
  -5.72500126e-03  -1.23476913e-03   6.84818700e-03   5.13856420e-03
  -4.55296104e-03  -1.41213565e-02   2.95122168e-03  -6.98265051e-04
   7.78881603e-03  -1.33791688e-02  -2.16933196e-03  -6.94620591e-04
  -3.74366116e-03  -7.09754643e-03   6.88908560e-04   5.01945716e-05
  -5.24252081e-03]
[ 0.01336532  0.01229368 -0.02406371 -0.00150862 -0.00441959 -0.00549663
  0.00167525 -0.01296728  0.00366196  0.00081737  0.0046151  -0.0144016
  0.01841913  0.02463743 -0.01053544  0.00667922  0.00231929 -0.01698749
 -0.01201369 -0.0054186   0.00262625]
[  2.33651358e-03   1.92069550e-03  -2.04627695e-03  -1.29836781e-04
   5.76814202e-03  -1.86371299e-03   1.05693412e-02  -6.74056984e-03
  -1.24587886e-03  -4.49771518e-05   2.83350354e-03  -3.14895869e-04
   1.55089355e-03   2.42702451e-03   1.12075642e-03  -2.84688042e-03
   3.63526067e-04  -1.84870525e-03   5.62229556e-04   6.46014622e-03
   1.75609040e-03]
[ 0.00165161 -0.00183348 -0.00038093 -0.00599427 -0.00324632 -0.00199871
 -0.00123187 -0.00285037  0.00556307  0.00337716 -0.00163823  0.00826148
  0.00778552 -0.0006974  -0.00405993 -0.00184161  0.0009842   0.00066504
  0.0029566   0.00219228  0.00575601]
[ 0.00705554 -0.00797158 -0.00067453  0.01773615  0.0100582   0.00269669
 -0.00441858  0.00097967  0.00305654 -0.00177137 -0.0064726   0.00236873
 -0.00970386  0.01203995  0.00401167 -0.00043873 -0.0014845  -0.00162013
  0.00168147 -0.00655804 -0.01583312]
[  2.38180279e-02  -2.69904043e-02  -2.41039301e-03   1.00412637e-02
   1.61582540e-02  -1.31250464e-02  -1.46701919e-02  -9.99329751e-03
   1.70340241e-02   1.90382135e-02   9.48521736e-03   3.47856219e-03
  -2.61449097e-03   9.77408363e-03   1.30761128e-02   2.22641052e-03
  -8.40708905e-05   1.12176525e-02  -3.08733296e-02   3.21334142e-03
   2.89685222e-02]
[ 0.01149922  0.01076478  0.0064909   0.00163891 -0.0028281   0.0009737
 -0.00897581  0.00088192  0.00125458 -0.00630912 -0.00302521 -0.00480191
  0.0050576  -0.00402891  0.00787199 -0.00120237 -0.00471232  0.00512146
  0.00690565 -0.01751082  0.00826103]
[ 0.00539947  0.00517546 -0.00901711  0.0015635   0.002735    0.00555942
  0.01321065 -0.00379535  0.01016854  0.00406967  0.00180057  0.00245213
 -0.006661   -0.00909423  0.01049164 -0.01033833 -0.01510843  0.00328279
  0.00127393 -0.00088888 -0.00508297]
[ 0.02232124 -0.02483758  0.00101632  0.02721637  0.00606936  0.01681225
  0.00047835  0.00784241 -0.01882372  0.01803058 -0.00516617 -0.0045261
  0.02045629 -0.01872922 -0.01511857 -0.00125806 -0.00576901 -0.00740824
  0.00399718  0.00582454  0.00529916]
[ 0.01273556  0.01183617 -0.01938151  0.00673634 -0.01427153  0.01246195
  0.01207191 -0.02458384  0.00261315 -0.01049505  0.01669558  0.00317339
  0.00728631  0.00316842 -0.02267663  0.00656699  0.0053834   0.01609425
 -0.00976504 -0.01610196  0.00075633]
[ 0.00970553  0.00913726 -0.01571328  0.00266225 -0.00266419  0.00236557
 -0.01062359  0.01289736 -0.00751699  0.00212165 -0.00023953  0.0068064
 -0.00459702  0.00561875  0.0010084   0.01651842  0.01617281 -0.0051186
  0.0089604   0.01190945 -0.0007415 ]
[ 0.00424191 -0.00487244 -0.00025793  0.00997316  0.00599001 -0.00819482
 -0.00344424 -0.00273967  0.00527495 -0.00093447  0.00670436 -0.00204491
 -0.00414681  0.00014194  0.00556585  0.00103629  0.00781796  0.00989098
 -0.00403557  0.00311884  0.00077753]
[ 0.01469692  0.01352386  0.01674624 -0.00253599  0.00724156 -0.01192064
 -0.00055681 -0.01991133 -0.00939093 -0.00770965 -0.00957256 -0.00165897
  0.00102702  0.00472988 -0.01381124  0.00394021 -0.00356264  0.00318499
 -0.00995019  0.00445939  0.00585207]
[ 0.00816369  0.00660178  0.01081834  0.00190029 -0.00627888  0.00746684
  0.00194253  0.00298022  0.01029217  0.00326888 -0.00077898  0.00351228
 -0.00870652 -0.01982548  0.00238847  0.00599173  0.0053821   0.00069449
  0.00309677 -0.00018654  0.00419168]
[ 0.01686705 -0.0193316  -0.00149911 -0.01679346  0.00383785  0.02553283
 -0.00053387  0.00482389 -0.00416413 -0.00189658 -0.01329389 -0.01436834
 -0.00079148  0.00162269 -0.00518591 -0.00112338  0.00405047  0.00311195
 -0.00375798  0.00140579  0.02363662]
[ 0.02165852 -0.02459826 -0.00159328 -0.00033978  0.00711815 -0.01718505
 -0.00160953 -0.0026585   0.02042047 -0.01335078  0.01230814 -0.0206953
 -0.04563646  0.0090879   0.01838888  0.00854482  0.0312014   0.0297477
 -0.01146073  0.00268801  0.02938027]
[ 0.00807439  0.00747266  0.00520347 -0.00178748  0.00759597 -0.00159093
  0.00962125 -0.01002794  0.00186661 -0.00022273 -0.00070943 -0.00559272
  0.00069629  0.01054288 -0.00378727 -0.01184026  0.00710674 -0.01067775
 -0.00443132  0.01307093 -0.00311692]
[ 0.0016681  -0.00195464 -0.00026429 -0.00564207  0.00024786  0.0080918
  0.00146691  0.00184668 -0.00181242 -0.00478842 -0.00405305 -0.00584798
 -0.00498366  0.00110101  0.00607312  0.00346872  0.00258673  0.00092513
 -0.01313641  0.00191127  0.00950453]
[  3.96545994e-03  -1.40966951e-04   1.83027309e-03   3.13518063e-04
  -6.34606837e-03  -8.98285181e-03  -7.18218330e-04  -1.61462866e-03
   8.50035184e-03  -7.32223045e-05   8.30634410e-03  -6.11457231e-03
   3.82944872e-03  -6.83271526e-03  -5.57908843e-03   3.28308348e-03
  -6.15830219e-03  -7.44796681e-03  -3.53840363e-03   9.41825651e-03
   2.20472944e-03]
[  6.13210812e-03   5.87998107e-03  -1.08295571e-02  -2.26074576e-03
   4.67122040e-03  -3.11820764e-03  -3.56425573e-03   6.08083945e-03
  -2.37441453e-03  -4.20527671e-03   3.85990741e-03  -4.15781559e-03
   5.40651163e-03   6.42279110e-05   8.35429662e-03  -2.18940376e-02
  -1.44266513e-02   8.28694791e-04  -3.99887578e-04   1.06592592e-03
   7.13893873e-03]
[ 0.01259131  0.01180451 -0.01851414  0.00190738 -0.00738509  0.00916605
 -0.01207078 -0.01412044 -0.0074827  -0.00500925  0.01167991  0.00258083
  0.00223021  0.01575906 -0.0133785   0.00104719 -0.00175274 -0.00291221
 -0.00656242 -0.00185795  0.0098241 ]
[ 0.00911803  0.00795103  0.00333528 -0.0028591   0.00167939 -0.01071864
 -0.01653309 -0.01276106 -0.01802623 -0.009756    0.00498522  0.00106669
 -0.00346772 -0.0035556  -0.00809015 -0.0182313  -0.01462687 -0.00517402
 -0.02229993  0.0034523  -0.01188977]
[ 0.01161836  0.01090134 -0.01337509 -0.00033115  0.00903116 -0.00540615
  0.00671788  0.00765011  0.00952669 -0.00491976 -0.00040996 -0.01527413
  0.01294713  0.01199171 -0.01327268 -0.00359134  0.00836887 -0.00382733
 -0.0032132   0.00209183 -0.01276898]
[ 0.01120079 -0.01146427  0.00152886  0.01753031  0.00381937 -0.02022749
  0.00278099 -0.0054399  -0.00466912 -0.01263555  0.02204285 -0.00044512
  0.00411684 -0.0165386   0.00971606  0.00679758 -0.00309976 -0.00964209
 -0.00720363  0.00724896 -0.00609862]
[ 0.01737422 -0.01981527 -0.0008634   0.03526733  0.01779716 -0.0120642
 -0.0149916  -0.00651368  0.01636319  0.00872909 -0.00190973  0.0180041
  0.00072934  0.01548617  0.00900361 -0.00692712  0.00181465  0.0218774
 -0.00637211 -0.00773518 -0.01982035]
[ 0.00729869  0.00683422 -0.00701016  0.00072156 -0.00281349  0.00256079
 -0.01208204  0.01236918 -0.00760017 -0.00404953  0.00540186  0.00801868
 -0.00773278  0.0084619  -0.00814676 -0.0026597   0.01544088 -0.00026386
  0.00885395  0.02503347 -0.00131248]
[ 0.01084826 -0.01218681 -0.00091728  0.00401021 -0.0034409   0.0027694
 -0.00410864  0.00274736  0.01261307  0.0028827  -0.01782829  0.01604676
  0.00558455  0.01610326  0.00244201 -0.00536474 -0.0034198   0.00965114
 -0.01318172  0.00060362  0.01030092]
[ 0.00938372 -0.01034008 -0.00114921 -0.01107702  0.01424097  0.01685035
 -0.00363731 -0.00980026 -0.01862766  0.01456888  0.01178719 -0.02122531
  0.01707719 -0.02215251  0.00020515 -0.00108357  0.02692643  0.02290097
  0.01234545  0.00552485 -0.01469557]
[ 0.00927254 -0.01078789 -0.00124059 -0.01486576  0.00062536  0.012811
 -0.00067376  0.00066092  0.00258498 -0.01444207 -0.00953722  0.00259809
  0.00233312  0.00206615  0.00090584 -0.00027085 -0.00238034 -0.00207945
  0.00267496 -0.0025252  -0.02858703]
[ 0.00702813  0.00652761 -0.00826495  0.00285823 -0.00278401 -0.00544638
  0.00823411 -0.01136546 -0.00277768  0.00684597 -0.0167619  -0.00319256
 -0.00051501 -0.00417592  0.00589293  0.00118996  0.01615426 -0.01096713
  0.00350014  0.00143809  0.00364262]
[  2.06687680e-02  -2.27755217e-02  -6.01776901e-04  -1.38218578e-02
  -8.45984180e-03  -4.72784831e-03   2.48271330e-03  -2.08857068e-05
  -1.85130376e-02   3.78053993e-02   9.40309550e-03  -1.59822359e-02
  -1.67165173e-02   1.18591631e-02  -1.76341601e-02  -7.59125052e-03
  -1.07132276e-02   1.39691139e-02   2.25957308e-02  -1.03886459e-02
  -2.01345272e-02]
[ 0.00784331  0.00720162 -0.00255768  0.00087587  0.00434286 -0.01472075
  0.00441953 -0.00184154 -0.00751422 -0.00047436 -0.02426724 -0.00729503
 -0.00406859 -0.00649737 -0.01542058  0.0040324   0.01324613  0.00742719
 -0.00069268  0.00951217 -0.00267634]
[ 0.01265794  0.0114055  -0.00439746 -0.00618219  0.01211146 -0.01388889
 -0.00070424  0.01027348 -0.01139447 -0.01215376  0.01032254  0.00817839
  0.00065405 -0.02038021  0.01297491 -0.01811475 -0.01247588  0.00706333
 -0.01039924 -0.01245547 -0.00202365]
[ 0.01184273  0.01035821  0.01213025  0.00244301 -0.01964157  0.00963176
 -0.02360284 -0.00636666 -0.00304905 -0.0111964  -0.00157962 -0.00548191
 -0.00320433  0.01005765  0.00546569 -0.00636041 -0.01462294  0.02486114
  0.02664569  0.03596319  0.00293841]
[ 0.01303076  0.0120053   0.01321133  0.00525361 -0.00911517  0.00530118
 -0.01561243 -0.00273304  0.00271965 -0.00370597 -0.00529549 -0.00652869
 -0.00534666 -0.00505688  0.0038693  -0.00143217 -0.00889104  0.00538979
  0.00644297  0.01552073  0.0027877 ]
[ 0.00632142  0.00554566  0.00894549 -0.00108581  0.00367189  0.00185294
  0.0086066   0.02241431  0.00701999 -0.0057028   0.00404537 -0.00250446
  0.00534002 -0.00452431 -0.00775761 -0.02102291  0.0069628   0.00953069
  0.00036901 -0.01729492  0.00203928]
[ 0.00835004 -0.00267526  0.0068864   0.02164895 -0.02965931 -0.01977045
  0.01448724  0.01334487 -0.00833619 -0.00479087 -0.00086215 -0.00142527
  0.00713566 -0.0085994   0.00396709  0.00229419  0.00723697  0.01227614
 -0.0186275   0.01008631 -0.00497744]
[ 0.00963541  0.00887988  0.01994603 -0.00272945  0.00742347  0.00594966
  0.00612393 -0.00907564  0.02313533  0.00759301  0.00513085 -0.00065353
 -0.01117079 -0.00562808 -0.00265562  0.0027528  -0.0146126  -0.00494266
 -0.00489357  0.02150942 -0.01028207]
[ 0.00929867  0.00842407  0.01071262 -0.00271744  0.01245601  0.00400609
  0.00674303 -0.01115752 -0.00721638  0.00113902 -0.00518635  0.00270454
 -0.00389517  0.00842316 -0.00239696 -0.00611285  0.0011425  -0.00902466
  0.00777872 -0.00682603  0.00030318]
[ 0.00794689  0.00737458 -0.00783418  0.00021939 -0.00267522  0.00792832
  0.00016692  0.00036427 -0.00785049 -0.00092889  0.00864651  0.01295438
 -0.00910015  0.00334418  0.00366843 -0.00748549 -0.00104872  0.00398579
  0.00680833  0.00664197  0.00377936]
[ 0.00431633  0.00400882  0.0078108  -0.00228554  0.00853821 -0.00349931
  0.00269038  0.01911638  0.00102098 -0.00157885  0.00339097  0.00446635
  0.00443344 -0.00057973 -0.0026096   0.00717109  0.00242012  0.00732792
  0.00012696 -0.00333139  0.00585931]
[ 0.00907508  0.00853993 -0.01059881 -0.00325343  0.01414139 -0.0122882
  0.01893696 -0.00630234 -0.01298551  0.00217628 -0.01779282  0.00386245
 -0.00095185  0.00012    -0.00652271 -0.00102874  0.00052676  0.00305682
 -0.00443335  0.00975657  0.00668634]
[  3.15181250e-03   2.66318510e-03   3.05552299e-03   5.34802323e-03
  -3.30546241e-03   5.91581379e-03   7.58282880e-03   1.76222258e-03
   6.08290410e-03   2.80173196e-03   2.55897618e-03  -2.81522210e-04
   7.93230244e-05   1.59366439e-03   2.03761231e-03  -4.31295274e-03
   5.05100556e-03  -2.49646754e-03  -1.80984663e-03   3.17510002e-04
  -5.78177320e-03]
[ 0.00854037 -0.00928426  0.00021695 -0.02352687 -0.01859098 -0.00141952
  0.00891737  0.00637167 -0.00577476 -0.00210549 -0.00063089 -0.00195917
 -0.00868394  0.00477418 -0.00915115 -0.00560414 -0.00418382 -0.00353353
  0.01223839 -0.00725876  0.00329449]
[ 0.00936992  0.00872047 -0.01250684 -0.00035878 -0.0016421  -0.01109243
 -0.01300782  0.00921301 -0.01499766  0.00604759 -0.01017944 -0.00177931
  0.00914989  0.00360773  0.03239315  0.03246024  0.00148219 -0.01173715
  0.01473951 -0.00150853 -0.00039904]
[ 0.00989222  0.00923487  0.00962801  0.00276612 -0.00860588  0.00899896
 -0.01318949  0.01169411  0.01990416  0.00158207  0.00395723 -0.01373866
  0.00688278 -0.00653378 -0.01315557  0.01873026 -0.002986    0.00181837
 -0.00491538 -0.02429988  0.00265784]

Right eigenvectors

[ 1.          0.88876045  1.47241863 -0.42018664  0.54250195  0.40414293
 -0.03290487  1.35028235 -0.24118821  0.17679144  0.19605894 -0.01205185
  0.77236608  0.81549491  0.76629901  1.61630854 -1.2697481   0.59040196
  0.68102058  0.54988511  0.40004817]
[ 1.          0.93145022 -1.4435809   0.27557329 -1.07974938  0.73867625
 -0.15279439 -1.10104557  0.57903578  0.12266233 -1.34744628  0.27140511
 -1.26080069 -2.01708099 -0.26791824  0.3827729  -2.09295423  1.80762988
  0.24777396 -0.05948458  0.19401556]
[ 1.         -1.14058209 -0.10667769  0.20415686  0.78868061  0.25398674
 -0.42875718 -0.4166954  -0.16076316  0.46056335  0.92406023 -1.0137072
  0.47957471 -1.20905056 -0.52239201  0.10406217  0.49765691  0.13291522
  0.38930243  0.60275719  1.62885957]
[ 1.          0.8645389   1.70761114  0.37849713 -0.58832112  0.13316486
  0.5144138  -0.76635737 -0.46277916  1.05496421 -1.32793155  1.37563452
 -1.66686092 -1.42346614  0.3184474  -1.0608122   3.01174575 -1.23428781
 -0.0081433  -1.71390134  0.24410805]
[ 1.         -0.93479452  0.33962723  0.045331   -2.83273475 -1.46505783
  1.7034668   1.37251488 -0.25029409 -0.46710363 -0.05164099 -0.02317677
 -0.59634891  0.59392275 -1.57097038 -0.66505625  0.21218949  0.51426145
  1.77143643  0.65608279  0.1345887 ]
[ 1.         -1.16488379 -0.12511152  0.68524006  1.071833    0.69734351
 -0.89177947 -0.33524002  0.2985578   1.30322214 -0.38712091  0.62598468
  1.41519853 -0.15111869 -0.58023517 -0.30479612 -0.26112162  0.07723528
 -0.19892128  0.22750052  1.89707799]
[ 1.          0.9314743  -1.90149598 -0.3277488  -0.18545314  0.05964131
 -1.40083737  0.97766386  0.83052279  1.06010537 -0.48427263  0.48903634
 -1.35864467 -1.98585367  0.72788068 -1.23659801 -0.31906749 -0.69876167
  0.16148345 -0.442431   -0.64130152]
[ 1.          0.9387124  -1.02851508  0.46696095 -0.43009282  0.51298624
  1.02260046  0.66784443  1.09413023  0.85728672  0.12535646 -0.73581264
  0.59142467 -0.3392961   1.92672686 -0.95146208  2.02916876 -1.25897125
  0.80103893  0.29448307  0.64561606]
[ 1.          0.89836203  2.51984247  1.08165225 -1.79827798  4.78156391
  1.75597391  0.24912679  2.84627446  1.97762925  5.29508475  5.27957751
 -3.04035125 -3.09540618  0.32949449  5.65783818 -0.88193827  0.40906709
 -1.9280197  -0.71524625  0.3652623 ]
[ 1.          0.9270518   0.21969924  0.4231841  -0.94660159  0.13106241
 -1.53763519 -0.93687512  0.11754527 -0.13709577 -0.37022326 -0.20681753
 -1.13704112 -1.08487237 -1.20076132 -0.61040338  0.53071608 -1.08654287
 -1.80753011  1.4138739  -1.066537  ]
[  1.00000000e+00   9.44597363e-01  -1.72430349e+00  -2.46189978e-01
   1.04016101e+00  -3.22080178e-01   2.24580542e+00   1.99646679e-01
   4.71382602e-01   3.93902461e-01  -5.88284921e-01   3.90787817e-01
  -1.04324279e-01  -1.16382835e+00   1.02399237e-01   1.19293644e-01
  -1.37009705e+00   1.34981601e+00  -4.64058317e-04  -1.24816296e+00
   6.66245722e-01]
[ 1.         -1.08413483  0.03020693 -2.10074863 -0.99149037 -0.9697393
  0.25582725 -0.34561053 -0.42530389  0.93461425  1.14517147 -0.10144524
 -0.23922069  0.02716563 -0.1685933   0.08538883 -0.78566141 -0.85792621
  0.43629824 -0.61855799 -0.27669575]
[ 1.          0.89825293  1.46880915  0.19535002 -0.05705895  1.67170822
  0.55689967  0.86570149 -0.71118557  0.92419121  2.79726248  1.53905266
  0.05351653  0.94422777  2.25106793 -1.07189236  0.8452082  -2.40229087
 -1.09004507 -0.43278272 -0.13987799]
[ 1.         -1.12754949 -0.02656791 -0.08271132 -0.21765396 -0.40773792
  0.15833435  0.08697978 -0.19248192  0.03475875  0.13715533  0.13323116
 -0.24953582 -0.00984206  0.08575563  0.34255041 -0.5477459  -0.96345166
 -0.50101062  0.02504848  0.3867911 ]
[ 1.         -1.11926319 -0.15921698 -2.56026371  0.11963988  0.68284105
  0.35166046 -0.25596134  0.42262715 -2.7225706   0.36604472 -0.88414333
 -0.94964454 -0.72290725  1.26166486  0.88519304  0.96764269 -0.56489318
 -1.36881509  0.08226521  0.48359715]
[  1.          -0.04700321   0.25073606  -4.86719047   2.46121811
   0.2872097   -0.31139559  -0.88885176  -6.1619033   -4.32849171
  10.33023619   1.43980249  -0.03907801  -5.44798116   2.88924308
  -0.33732781  -0.3369297    3.38448178  -4.99345011  -2.06123965
  -4.54601735]
[ 1.         -1.13802995 -0.02496401  1.08187539 -0.19789555 -1.29620345
  0.56416693  0.31399871  0.34429934 -1.91148328  0.5920494  -0.15172667
 -1.6369436   0.09007435 -0.25165014  0.2696886   0.04248586 -1.16741561
  1.42839555 -0.46242654 -0.25237314]
[ 1.          0.85772009  0.19221175  0.6790826  -1.10904467  1.66245975
  1.31006085 -0.05938359 -1.79751274 -0.40879254  1.60393171  2.58808578
 -0.4646811   1.11845423 -1.39814111 -0.53815912  1.57856562  0.76752244
 -0.92240551 -0.28420759  1.73004082]
[ 1.          0.89049919  1.09943251 -0.55418812  1.64779622 -0.21815544
  1.7429143   1.42738999  2.50057549  0.86883098 -0.56844345 -1.62172965
  0.32989472  0.13608206 -0.22984229  0.69728399  0.21107372 -0.62190223
  0.51557493  0.94893173 -0.88467633]
[ 1.          0.93201376 -1.77107689 -0.02473376 -0.29213381  1.40335769
 -0.31107506  0.14294575  0.15982863 -0.10377184  1.72510485  2.00228128
 -1.20458174  0.00900013 -0.56131537  0.94153584  0.26059074  0.78726955
  0.85663768 -0.1218289  -0.27008789]
[ 1.         -1.13446936 -0.04954912  0.95478639  1.39636878  1.44362439
 -0.11034599 -0.29003023 -0.72847297 -1.5411647  -0.02335152 -0.49004267
  1.02379546 -1.50821066 -0.41343523  0.13353003  0.62306871 -0.88155025
  1.73683074  0.17949244 -0.62541024]
[  1.00000000e+00   9.47203528e-01  -1.66418374e+00   2.80085832e-01
  -3.90591917e-01  -1.05224375e-02   1.03903188e-01  -1.16878770e+00
   8.96145380e-02  -3.88772115e-02   3.97167635e-03  -8.39139073e-01
   7.32126804e-01   1.90559739e-03   1.79481018e+00   2.04504728e-01
  -1.98443863e+00  -5.59832023e-01  -2.51056304e-01  -2.98024061e-01
   1.83673377e-01]
[ 1.          0.80557449 -0.99631771 -0.69901701  1.40821003 -1.18343601
  2.58578408 -0.22826937  0.73519933  0.56360068 -2.54477692 -0.90958834
 -1.05549906 -1.06099213  1.06936908  0.13032458 -1.57324766  1.30623594
  0.36115278  1.18960118  0.27123627]
[ 1.          0.95387431 -1.32612667 -0.0660145   0.07299383 -0.28005631
 -1.66684486 -0.33529534 -0.89112503 -0.0935541  -0.3464765   0.22866443
 -0.45284829 -0.34498752 -0.01686356  0.41155169  0.09887279 -1.25974582
 -0.22805372 -1.23845625  0.25667185]
[ 1.          0.91536262  1.79086497  0.1121905   0.016789    0.77346416
  0.16593274 -1.31337585  0.02968115  0.2158075  -0.14586065  0.30200798
 -0.75882706  0.29762072  1.08323466 -1.50563356  0.60130421 -0.70753146
  1.15769138  1.00892936  0.79142057]
[ 1.          0.94653726  0.47263625 -0.19502077  0.86776845 -0.22592671
 -0.82145402  0.75045894 -0.19802009 -0.32181338 -0.61792227  0.46498544
 -0.9253899  -0.42059445 -3.64044691  0.25971261  1.70470714 -0.38691238
 -2.0334269  -1.33779948 -0.9752664 ]
[ 1.          0.93397504 -2.2214672   1.68430808 -3.05867104  2.14638746
  1.49565793 -1.66151729  2.2432143  -0.89987755  1.88288737 -1.22575514
  1.3653943   0.4121577  -0.27876446  4.03517273  0.42188436  2.91347849
  1.14744011 -0.96145685 -1.14036349]
[ 1.          0.9148501   1.88962325 -1.00109712  1.86152767 -1.05362962
 -0.25816251  0.30337007 -1.17440899 -0.47769399 -0.03310564  1.17712996
 -0.10221149  0.45938402 -1.08583602  1.24257427 -0.88086905  1.10085769
  0.11581536  0.17384522 -0.00232437]
[ 1.         -0.69745899  1.02147078  3.01780195 -4.07665718  1.59839037
  2.80003439  2.40810086 -3.66735689  3.73277781 -1.85660197  1.25445879
  1.95707243 -0.38587893  0.73769181 -0.20428455 -0.8541287   0.75556203
 -3.9605841   1.2605458  -0.73505614]
[ 1.         -1.10087768  0.02122897 -0.86376192 -0.50965784  0.80294289
  0.46598807  0.58359966 -1.28898149  1.18779236 -0.20509934 -1.4098455
 -1.36283612  0.96295332 -0.03624174  0.16053552 -0.97958037 -0.45066982
 -0.48453844 -0.44595181  0.72181171]
[ 1.          0.89036463 -0.11627936  0.09043275 -0.96137355  0.06268499
 -1.04576236  0.4580169   0.98095273 -0.10594342  0.61071631 -2.18430018
  1.85048448  1.76881121 -0.21984321 -0.80069481  0.45533514 -0.33716714
 -0.35764797 -1.22885387 -0.15252032]
[ 1.          0.8685365   1.51088362 -0.94435012  0.65400093 -0.66092361
 -0.72331716 -0.2250443  -0.98541329  1.34870261  0.19984489  1.67775578
 -0.87247288  0.23641897 -0.07338116  4.40341142 -0.51423189 -1.4767589
 -0.75982912 -0.76753916 -0.4078329 ]
[ 1.          0.9202871   1.69211811  0.13679558 -0.01649654 -0.14244024
  0.17492291 -2.02450597 -1.16501725 -0.9055533  -0.80631266 -0.31522496
  0.61940862  0.75799041  0.84721374 -1.23232545  0.60780374  0.41536241
  1.38889317 -2.62387377  1.01279209]
[ 1.         -1.14231999 -0.06460534  0.97990907  0.02267102 -0.42411078
 -0.00867446  0.20681627  0.94127499 -1.13907457 -0.59489002  0.91946258
 -0.52826829  0.88974527 -0.51445473 -0.20020357 -0.57243913 -1.02045006
  1.33202836 -0.69823815  0.80366486]
[ 1.          0.93500493 -1.70742376 -0.10364162  1.24652918  0.96123163
  2.4093982   0.10479739 -0.87797173 -0.41334089  2.38004001  1.92972787
  0.27143627  2.5190012  -0.80964726  0.56421111 -0.20214007  0.58289083
  0.18202575  1.21777821  0.10488196]
[ 1.         -1.11886055 -0.10366855 -0.48632669  0.30256616 -0.23297582
 -0.79032701 -0.70195529  1.50814493 -0.31704306 -0.91460314  2.31089381
  1.26016902  0.82503896  1.09268069 -0.41624103  1.22133522  1.63181002
 -0.20956955 -0.37177058 -1.8506851 ]
[ 1.          0.74171171  1.27285232  0.65632055 -0.03078147 -0.68429895
  2.04719763 -1.50518716 -1.52338467 -0.05386927 -0.21831084  0.4768702
  1.55629638  0.07624039  1.88498284  2.03674601  0.42821923 -0.03263304
  0.74834149 -1.28727685 -0.19585145]
[ 1.          0.90729845  0.65138956  0.2220224  -0.5568342   0.06130138
 -0.54396661  0.09391282  0.06105098  0.35194669 -1.32041045  0.22834687
 -0.87168735 -1.25975753 -0.43425037  0.70527743  0.30882695  0.77922892
  0.29196307 -1.17134785 -0.7331025 ]
[ 1.          0.71039851  1.53686682  1.78494538 -1.94619974 -1.42917411
  1.03762974 -2.67269554 -0.92188445 -2.45270909 -0.12178937 -1.21714183
  1.8478107   0.45827603  2.35679072  0.19296105  0.23751034  0.74866958
  2.47120426 -1.29464322  0.42232286]
[ 1.         -1.13677671 -0.00992542 -0.03613984  0.08416767  0.40324714
 -0.09187527 -0.19070785  0.60689199 -1.21493311 -0.52752831  1.67439616
  2.7191694  -1.68018833 -0.53617885  0.25348128 -0.29209308 -1.83947652
  0.21245248  1.12059259  0.31625014]
[ 1.          0.84968184  2.77097825 -0.34641162  1.38620813 -0.85257506
  0.21036454  1.32002661 -0.59829424 -2.07587696  1.611907    0.04286997
  2.41250201  1.62951596 -0.95751238 -0.13706516 -2.57902008  2.43555343
 -0.65787576  0.38670783  0.95743041]
[ 1.         -1.09991287  0.01794456 -1.54825134 -1.26229964 -0.49568916
  0.25951304 -0.22603142  0.98224044 -0.0378974   0.28433757  1.32464141
  1.08208031 -1.54690895 -0.9112966  -0.03663969 -1.04506256 -1.91196308
  0.68570584  0.13920781  1.96297445]
[ 1.         -0.79483168  0.29280095 -2.02430072 -1.55282492 -1.87979265
  0.46062579 -0.87710646 -0.07792217  1.78080011  0.90761211 -0.74199644
  0.14208498  1.14090694  1.6249781  -0.54354993  0.11696069  1.55973149
 -0.54145705  0.30877397 -1.75613788]
[ 1.         -1.12015482 -0.04952053 -1.08581897  0.37178681  0.37998084
 -0.15042725 -0.37558674 -0.52266272 -0.42091143  0.78635266 -0.52913224
  0.01184656 -0.76400664  0.48120198  0.24428746  0.1207003   0.27024757
 -0.06978897 -0.03932803 -2.22936965]
[ 1.         -1.14592214 -0.10359131  0.12271702  0.16304907  0.98686582
  0.27614406  0.48644208 -0.16451745 -1.23333075 -1.13633692  0.01334808
 -0.75684723  0.89019392  0.64673864  0.23891693 -0.65463807 -0.63804882
 -0.82026321 -0.29113871 -0.85613628]
[ 1.          0.93357628 -1.55898853 -0.59768886  0.76471599 -1.0517928
 -1.03012665  3.24932921 -0.32210825  0.11335034 -0.03012511  0.44677671
  0.15966809 -0.38844458  0.66900611 -1.20959514  0.91485226 -0.01136491
  0.4929602   0.43264829  0.26121086]
[ 1.          0.90479949  1.64969095 -0.09126576 -0.4734964   1.07432125
 -0.38232606 -0.07659464  1.68090652  0.80541205  0.67715993 -0.55093161
 -0.20889772 -0.07897468  0.61464947 -0.70198574 -0.4283158  -0.3164397
  0.317888    0.33687118 -0.04978405]
[ 1.         -1.10309492 -0.06695759 -3.91381262 -1.68678494  3.15443173
  0.41798236  0.31869722  1.02679455 -3.07383749 -4.20390724  2.4650268
  2.35574352  1.14805257  1.44683886 -0.18262765  0.88478978  1.21378023
 -1.39441877  1.12902879 -2.07366485]
[ 1.         -1.15660406 -0.0677125   1.6052665   0.84755184  1.03705801
 -0.40678021  0.3801689  -1.15874825  2.00771265 -0.53807427 -0.33260425
 -0.32042479  0.82613799 -0.91546254 -0.41111369 -1.56895218 -0.44207259
  0.62830928 -0.75419211 -1.14911053]
[ 1.         -0.81567946  0.13505922 -3.5825615  -1.33717381 -3.63476697
 -0.95292831 -1.41890179  1.87004122  3.33390846  0.8553431   2.59496764
  0.83226942  0.10360151  0.26185542 -0.17321722  1.33544333 -0.03995121
  0.06343041 -0.59646634 -0.47665409]
[ 1.          0.89860763 -0.19779461  0.01563702 -0.83865612 -1.50010012
 -1.94879834  0.89565961 -0.88571558 -0.46127789 -0.60687773 -1.16411103
  1.34451048  0.5455802   1.50931028 -0.54535263 -0.80605355  0.44526621
 -0.96107954  0.55406683 -0.11144984]
[ 1.          0.94175251 -0.88816244 -0.15619909  1.08478747  0.13470278
  1.76193336  0.43084611  1.47123886  0.76879156  0.22086116 -0.83100646
  0.17879379  1.29598061 -0.61337818  0.94775851 -0.20061646 -1.10388464
 -0.39269872  1.65018769 -1.74580283]
[ 1.          0.91343083  1.04528292  0.12955533 -0.9437343  -0.21484689
 -1.80461993 -0.012007    0.93459109  0.41440703 -1.17428687 -1.65365702
  0.13766913 -0.61201091 -0.08249098 -0.08576443 -0.16495192 -0.67164898
 -0.7094839  -0.88673824 -0.45541197]
[ 1.         -0.98666496  0.21747225  0.17484041 -1.00197713 -0.21610658
  1.19855463  0.89934021 -0.79684923 -2.47148877  0.51651633 -0.12220881
  1.36318145 -2.34159271 -0.37967171 -0.12157097 -0.65520734 -1.24219697
  0.12057126  0.00878494 -0.91753446]
[ 1.          0.91981924 -1.80045882 -0.1128759  -0.33067554 -0.41126027
  0.12534289 -0.97021803  0.27398954  0.06115619  0.34530434 -1.07753494
  1.37812864  1.84338491 -0.78826708  0.49974238  0.17353012 -1.27101199
 -0.89887016 -0.40542212  0.19649753]
[ 1.          0.82203481 -0.87578218 -0.0555686   2.46869613 -0.79764698
  4.52355224 -2.88488366 -0.53322132 -0.01924969  1.21270579 -0.13477168
  0.66376398  1.0387376   0.47967041 -1.21843093  0.15558483 -0.79122384
  0.24062756  2.76486569  0.75158579]
[ 1.         -1.11011622 -0.23064195 -3.62933972 -1.96554314 -1.21015653
 -0.74585853 -1.72580606  3.36825925  2.04476519 -0.99189406  5.00206136
  4.71388502 -0.42225643 -2.45815602 -1.1150339   0.59590213  0.40265895
  1.79013002  1.32735581  3.4850803 ]
[ 1.         -1.1298321  -0.09560283  2.51379018  1.42557428  0.38220853
 -0.62625718  0.13885063  0.43321154 -0.25106087 -0.91737876  0.33572584
 -1.37535347  1.70645276  0.56858387 -0.06218167 -0.21040219 -0.22962486
  0.23831934 -0.92948799 -2.2440692 ]
[ 1.         -1.13319224 -0.10120036  0.4215825   0.67840436 -0.55105513
 -0.61592807 -0.41956864  0.71517357  0.79931947  0.39823689  0.14604745
 -0.10976941  0.41036494  0.54900065  0.09347585 -0.00352972  0.47097319
 -1.29621687  0.13491215  1.21624352]
[ 1.          0.93613142  0.56446438  0.14252364 -0.24593806  0.084675
 -0.7805581   0.07669387  0.10910111 -0.54865653 -0.26307977 -0.41758605
  0.43982134 -0.35036373  0.68456723 -0.10456091 -0.40979449  0.4453745
  0.60053217 -1.5227826   0.71839887]
[ 1.          0.9585131  -1.66999939  0.28956604  0.50653071  1.02962387
  2.44665556 -0.70291224  1.88324787  0.75371629  0.33347122  0.45414251
 -1.23363883 -1.6842822   1.94308721 -1.91469298 -2.79813249  0.60798446
  0.23593674 -0.16462416 -0.94138291]
[ 1.         -1.11273266  0.0455315   1.21930361  0.27190939  0.75319506
  0.02143007  0.35134267 -0.84330938  0.80777676 -0.23144632 -0.20277077
  0.91644912 -0.83907586 -0.67731748 -0.05636145 -0.25845365 -0.33189194
  0.17907515  0.26094142  0.23740418]
[ 1.          0.92938    -1.52184217  0.52893933 -1.1206052   0.97851644
  0.94789014 -1.93033093  0.20518571 -0.82407415  1.31094186  0.24917536
  0.57212348  0.24878554 -1.78057587  0.51564174  0.42270641  1.26372565
 -0.76675428 -1.26433044  0.05938689]
[ 1.          0.9414495  -1.61900335  0.27430233 -0.27450224  0.24373469
 -1.09459181  1.32886706 -0.77450579  0.21860263 -0.02467961  0.70129079
 -0.4736501   0.57892297  0.10389976  1.70195985  1.66635031 -0.52739035
  0.92322609  1.22707888 -0.07640005]
[ 1.         -1.1486446  -0.06080572  2.35110263  1.41210245 -1.93187096
 -0.81195601 -0.64585873  1.24353256 -0.22029406  1.58050537 -0.48207222
 -0.97758235  0.03346052  1.31211122  0.24429777  1.84302933  2.33173051
 -0.95135729  0.73524529  0.1832974 ]
[ 1.          0.92018358  1.13943861 -0.1725523   0.49272655 -0.81109805
 -0.03788647 -1.35479613 -0.63897264 -0.52457619 -0.65133078 -0.11287843
  0.06987987  0.32182817 -0.93973726  0.26809733 -0.24240707  0.21671107
 -0.67702543  0.30342359  0.39818367]
[ 1.          0.8086756   1.32517687  0.23277367 -0.76912209  0.91463969
  0.23794803  0.36505767  1.26072456  0.40041697 -0.09541983  0.43023122
 -1.06649244 -2.42849391  0.29257184  0.73394909  0.65927316  0.08507079
  0.37933493 -0.02284939  0.51345376]
[ 1.         -1.14611599 -0.08887823 -0.99563695  0.22753529  1.51376928
 -0.03165178  0.28599455 -0.24687928 -0.11244305 -0.78815752 -0.85185857
 -0.04692474  0.09620446 -0.30745775 -0.06660196  0.24014065  0.18449885
 -0.22280018  0.08334545  1.4013488 ]
[ 1.         -1.13573159 -0.07356352 -0.01568807  0.32865367 -0.79345486
 -0.07431381 -0.12274596  0.94283792 -0.6164217   0.56828167 -0.95552731
 -2.10709093  0.41959928  0.84903687  0.39452451  1.44060646  1.37348736
 -0.52915602  0.12410884  1.35652294]
[ 1.          0.9254772   0.64444123 -0.22137628  0.94074932 -0.19703469
  1.19157634 -1.2419451   0.23117677 -0.02758534 -0.08786184 -0.69264962
  0.08623402  1.30571922 -0.46904688 -1.46639755  0.88015844 -1.32242223
 -0.54881218  1.61881427 -0.38602617]
[ 1.         -1.17178037 -0.15843632 -3.3823389   0.14858857  4.85091851
  0.87939268  1.10705675 -1.08651672 -2.87059094 -2.42974643 -3.50577831
 -2.98763367  0.66004132  3.64074779  2.07944704  1.55070781  0.55460089
 -7.87508891  1.1457762   5.69782835]
[ 1.         -0.0355487   0.4615538   0.07906222 -1.60033602 -2.26527362
 -0.18111854 -0.40717311  2.14359796 -0.01846502  2.09467356 -1.54195791
  0.96570102 -1.72305744 -1.40692089  0.82791997 -1.5529856  -1.87821007
 -0.89230598  2.37507291  0.55598328]
[ 1.          0.95888411 -1.76604145 -0.3686735   0.76176419 -0.508505
 -0.58124476  0.99163931 -0.38721015 -0.68577994  0.62945847 -0.67804016
  0.88167259  0.01047403  1.36238573 -3.57039328 -2.35264138  0.13514028
 -0.06521209  0.17382699  1.16418996]
[ 1.          0.93751208 -1.47039004  0.15148394 -0.58652249  0.72796611
 -0.95865903 -1.12144279 -0.59427509 -0.39783376  0.92761672  0.20496899
  0.17712319  1.25158171 -1.06251862  0.08316787 -0.13920259 -0.23128755
 -0.52118654 -0.14755824  0.7802281 ]
[ 1.          0.87201215  0.36578958 -0.31356589  0.18418333 -1.17554416
 -1.8132312  -1.3995415  -1.97698793 -1.06996844  0.5467434   0.11698651
 -0.38031484 -0.38995286 -0.8872697  -1.99947839 -1.60417078 -0.56744936
 -2.44569674  0.37862389 -1.30398538]
[ 1.          0.9382859  -1.15120363 -0.02850191  0.77731818 -0.46531084
  0.57821272  0.65845001  0.81996912 -0.42344708 -0.03528577 -1.31465528
  1.11436869  1.03213473 -1.14238875 -0.30910935  0.72031412 -0.32942089
 -0.2765624   0.18004497 -1.09903532]
[ 1.         -1.02352344  0.13649594  1.56509655  0.34099142 -1.8058991
  0.24828539 -0.48567155 -0.41685644 -1.12809449  1.96797286 -0.03974038
  0.36754928 -1.47655706  0.8674447   0.60688401 -0.27674464 -0.86084078
 -0.64313566  0.6471826  -0.54448171]
[ 1.         -1.14049859 -0.04969408  2.02986588  1.02434328 -0.69437371
 -0.86286483 -0.37490492  0.94180912  0.50241644 -0.10991727  1.0362541
  0.04197853  0.89133035  0.51821695 -0.39870133  0.1044448   1.25918762
 -0.3667566  -0.44521054 -1.14079091]
[ 1.          0.93636209 -0.9604682   0.09886223 -0.38547885  0.35085606
 -1.65537018  1.69471207 -1.04130597 -0.55482898  0.74011417  1.09864655
 -1.05947425  1.1593717  -1.11619419 -0.36440802  2.11556817 -0.03615197
  1.21308727  3.4298568  -0.17982387]
[ 1.         -1.12338854 -0.08455561  0.36966435 -0.31718446  0.25528501
 -0.37873719  0.25325374  1.16268171  0.26572933 -1.64342383  1.47920164
  0.51478806  1.48441009  0.22510637 -0.49452545 -0.31523976  0.88964868
 -1.21510035  0.05564169  0.94954597]
[ 1.         -1.10191748 -0.12246884 -1.18045114  1.51762607  1.79570077
 -0.38761921 -1.0443903  -1.98510408  1.55257055  1.25613228 -2.26192975
  1.81987513 -2.36073896  0.02186215 -0.11547328  2.86948406  2.44050098
  1.31562452  0.5887702  -1.56607157]
[ 1.         -1.1634237  -0.1337917  -1.60320326  0.06744184  1.38160626
 -0.07266212  0.07127728  0.27877793 -1.5575102  -1.02854501  0.28019148
  0.25161639  0.22282443  0.0976909  -0.02920991 -0.25670843 -0.22425923
  0.28848249 -0.27233066 -3.08297771]
[ 1.          0.92878403 -1.17598159  0.40668499 -0.3961246  -0.77494012
  1.17159377 -1.61713983 -0.39522299  0.97408198 -2.38497392 -0.45425451
 -0.07327822 -0.59417267  0.83847763  0.16931374  2.29851639 -1.56046292
  0.49801906  0.20461982  0.51829231]
[  1.00000000e+00  -1.10192933e+00  -2.91152768e-02  -6.68731576e-01
  -4.09305566e-01  -2.28743595e-01   1.20119075e-01  -1.01049597e-03
  -8.95701069e-01   1.82910753e+00   4.54942234e-01  -7.73255374e-01
  -8.08781507e-01   5.73772132e-01  -8.53179061e-01  -3.67281229e-01
  -5.18329277e-01   6.75856144e-01   1.09323066e+00  -5.02625308e-01
  -9.74152265e-01]
[ 1.          0.91818579 -0.32609691  0.11167109  0.55370233 -1.87685351
  0.56347684 -0.23479142 -0.95804198 -0.06047923 -3.09400285 -0.93009576
 -0.51873341 -0.82839597 -1.96608     0.51411963  1.68884318  0.94694524
 -0.08831445  1.21277389 -0.34122593]
[ 1.          0.90105469 -0.34740756 -0.48840453  0.95682693 -1.0972472
 -0.05563589  0.81162357 -0.90018378 -0.96016911  0.81549954  0.64610745
  0.05167114 -1.61007329  1.02504092 -1.431098   -0.98561665  0.55801592
 -0.82155859 -0.98400428 -0.15987225]
[ 1.          0.87464684  1.02427829  0.20628773 -1.65853422  0.81330551
 -1.99302402 -0.53760046 -0.25746206 -0.94542421 -0.13338285 -0.46289285
 -0.270574    0.84926763  0.46152275 -0.5370731  -1.23476141  2.09927497
  2.24996207  3.03673136  0.24811975]
[ 1.          0.9213049   1.01385735  0.40316997 -0.69951188  0.40682049
 -1.19812118 -0.20973746  0.20871033 -0.2844016  -0.40638404 -0.50102188
 -0.41031049 -0.3880728   0.29693622 -0.10990679 -0.68231175  0.41362086
  0.49444344  1.19108445  0.21393232]
[ 1.          0.87728046  1.41510821 -0.17176651  0.58086418  0.29312126
  1.36149755  3.54577278  1.11050843 -0.90213855  0.6399461  -0.39618631
  0.84475029 -0.71571047 -1.22719451 -3.32566353  1.101461    1.50768192
  0.05837408 -2.73592338  0.32259849]
[ 1.         -0.3203884   0.82471486  2.59267542 -3.55199496 -2.36770711
  1.73499027  1.59818041 -0.99834166 -0.57375379 -0.1032507  -0.17068982
  0.85456623 -1.02986285  0.4750978   0.27475193  0.86669812  1.47018902
 -2.23082757  1.2079348  -0.59609723]
[ 1.          0.92158835  2.07007551 -0.28327271  0.77043636  0.61747861
  0.63556537 -0.94190437  2.40107257  0.788032    0.53249934 -0.06782606
 -1.15934691 -0.58410318 -0.27560995  0.28569634 -1.51655191 -0.51296864
 -0.50787365  2.23232943 -1.06711263]
[ 1.          0.90594374  1.15205992 -0.29224008  1.33954755  0.43082358
  0.72516087 -1.19990484 -0.77606637  0.12249251 -0.55775191  0.29085232
 -0.41889594  0.90584605 -0.25777474 -0.65739027  0.12286681 -0.97053311
  0.83654162 -0.73408644  0.03260476]
[ 1.          0.92798286 -0.98581714  0.02760714 -0.33663781  0.99766334
  0.02100457  0.04583747 -0.98786848 -0.1168878   1.08803604  1.63011926
 -1.14512084  0.42081568  0.46161795 -0.94193921 -0.13196667  0.50155305
  0.85672886  0.83579486  0.47557736]
[ 1.          0.92875691  1.80959224 -0.52950962  1.97811661 -0.81071365
  0.62330221  4.42884553  0.23653798 -0.3657843   0.78561385  1.0347565
  1.0271309  -0.13431125 -0.60458621  1.66138397  0.56068838  1.6977186
  0.02941495 -0.77181014  1.35747397]
[ 1.          0.94103051 -1.16790197 -0.35850115  1.55826613 -1.35405916
  2.08669823 -0.69446681 -1.4308972   0.239808   -1.96062327  0.42561057
 -0.10488562  0.01322353 -0.71874908 -0.11335913  0.05804474  0.33683614
 -0.48851894  1.07509416  0.73677967]
[ 1.          0.84496939  0.96944948  1.69680881 -1.0487497   1.87695613
  2.40586291  0.55911403  1.92997017  0.88892723  0.81190622 -0.08932074
  0.02516743  0.50563426  0.64648906 -1.36840397  1.60257171 -0.79207362
 -0.57422408  0.10073886 -1.83442803]
[ 1.         -1.08710223  0.02540295 -2.75478163 -2.17683469 -0.16621273
  1.04414273  0.74606456 -0.67617178 -0.24653345 -0.07387097 -0.22940109
 -1.01681063  0.55901325 -1.07151609 -0.65619424 -0.48988745 -0.4137447
  1.43300386 -0.84993524  0.38575419]
[ 1.          0.93068799 -1.33478651 -0.03829025 -0.17525203 -1.18383416
 -1.38825318  0.98325386 -1.60061874  0.64542639 -1.08639655 -0.18989585
  0.9765182   0.38503376  3.45714448  3.46430389  0.15818626 -1.25264238
  1.57306734 -0.16099733 -0.04258769]
[ 1.          0.93354847  0.9732913   0.27962532 -0.86996403  0.90970108
 -1.3333192   1.18215163  2.01210244  0.15993101  0.40003499 -1.38883467
  0.69577664 -0.66049707 -1.3298902   1.89343352 -0.30185316  0.18381836
 -0.49689395 -2.45646358  0.26868005]
