Cluster centers 

[  1.10931926 -10.84922027   0.53317479  -0.12435258]
[-0.79711545  0.57137555 -0.64812614  0.0208427 ]
[ 1.37215815  0.33282083  0.21797322  0.59636492]
[-0.78163626  0.47537258  0.96727671 -0.05036152]
[-0.8024867  -0.59769858 -1.36829767 -0.14509256]
[ 1.44936955  0.53727313 -0.13395221 -0.42222816]
[-0.80375281 -0.52264061  1.41901283 -1.12483412]
[-0.58601704 -0.17015206 -0.73540287  1.49021092]
[ 1.39725757  0.72808668 -0.45009796 -1.29494328]
[-0.66261132 -0.10623243  1.44705819  0.6651372 ]
[-0.67190784  0.76793824  0.32520115  0.98245404]
[-0.80160341  0.61280492  0.75566624 -0.88127972]
[ 1.17799303  0.38468951 -0.58169498  1.71122648]
[-0.79666435  0.42778601 -0.9807518  -0.57030907]
[-0.69842098 -2.44777705  2.18229407 -0.05382931]
[ 0.38839249 -0.74527951  1.60932935  2.10478906]
[ 1.33643833 -1.76087673  0.78564676 -2.2691089 ]
[-0.80199948 -1.27165398 -1.59753572 -0.22293866]
[-0.77394631 -0.13256117 -1.00347686  0.41121841]
[ 1.35596148 -0.22459678 -1.52918039  0.98899536]
[ 1.33345832  0.58857297 -0.24012879  0.99836194]
[-0.79913856  0.95357142  0.30746949 -0.74677217]
[-0.57480698 -2.21025003 -1.43938019  1.35924443]
[ 1.39540213 -0.36505778  0.68005267  0.17079567]
[ 1.26188348  0.57878766 -0.30404595 -2.149311  ]
[-0.76262472  0.80911312 -0.82640513 -1.06108045]
[-0.79146659 -0.2575337   1.42013095 -0.37578483]
[ 1.37538235  0.00539569  0.17320314 -1.7128705 ]
[ 1.44701796 -0.05931622  0.35842276 -0.59991462]
[-0.75993763 -0.38680577 -1.57478105 -1.06141332]
[-0.7331763  -1.35260484  1.9110379  -0.03236137]
[-0.73206196  0.64463416  0.79794213  0.47839123]
[-0.77792795  0.89849721  0.12446164  0.22826107]
[-0.77168245  0.23984409  0.93481382 -1.52209759]
[ 1.42891755  0.69287555 -0.45326534  0.25486952]
[-0.35215758  0.30630612  1.10352386  1.78883538]
[ 1.00998552 -0.7637364   1.27196981  1.54490238]
[ 0.91914587 -0.58930819 -1.16773467  2.29126831]
[-0.62964703  0.19692649 -1.54705261 -1.72497131]
[-0.62991087 -1.82844037 -2.02629148 -1.13631943]
[ 0.61692509  0.23277861 -0.30968151  2.51461848]
[-0.80162914 -2.26098204 -1.8255674  -0.33945385]
[ 1.34777813  0.03039773 -2.04109195 -1.21390668]
[-0.72453701  0.60903099 -0.30225052  0.78454647]
[-0.80118566  0.30212511 -0.91694898 -0.12603228]
[ 1.4262357   0.09011934  0.34821311 -0.0158038 ]
[-0.79950999 -0.1087456  -1.2665456  -0.48349845]
[ 0.61481128 -0.07800565  1.10718377  2.23499557]
[-0.77774168 -0.78770689 -1.2970708   0.34958218]
[-0.77343248  0.37853479 -0.6806136   0.40303399]
[ 1.42688291 -0.8990283   0.65419539 -1.34662297]
[ 1.30655245 -0.66709184  0.43857594 -2.25137284]
[-0.62811205  1.08620903 -0.74621271 -1.87671304]
[-0.7658837   1.080334   -0.23446445 -1.1479567 ]
[-0.39072374 -0.8125617  -0.93366342  2.01153101]
[-0.79852438 -0.12395115 -1.12024921  0.00892405]
[-0.80006867 -1.54154164  1.83870608 -0.81957838]
[-0.57643745 -0.75189732  1.78517293  0.86940523]
[ 1.15451077  0.3881698   0.2749531   1.57586554]
[-0.80654944  0.04540741  1.17079526 -0.90883637]
[ 1.3986801   0.50751577 -1.00463085  0.67717336]
[ 1.43664186 -0.3206476   0.43257523 -1.10768747]
[-0.74518316 -1.05701579 -1.82890974 -1.17759227]
[ 1.29044682  0.09390616  0.52268646  0.95939726]
[-0.72889852 -0.13347655  1.43295511  0.27524129]
[-0.70618764  0.81776269  0.39608119 -1.79365347]
[-0.58047889  0.1709171   1.27641041  1.08182891]
[-0.69949331 -0.51054009 -1.02944419  0.9773273 ]
[ 0.02269196 -0.04321926  1.32279345  2.18783711]
[ 0.97186349  0.10580437  0.73173102  1.88636499]
[ 1.4466329   0.76537493 -0.91132966 -0.44915336]
[-0.79936366  0.99222691 -0.25601336 -0.60002476]
[-0.78664603  0.7959711  -0.29758892  0.17499214]
[-0.60498421  0.54860758  0.89385258  1.12845283]
[ 0.31698642  0.40851395  0.58288397  2.46385032]
[-0.45478368  0.62506766  0.38714366  1.74571921]
[-0.77217214  0.04299915  1.29204465 -0.0534585 ]
[-0.79752151 -0.77256925 -1.56063381 -0.59284544]
[-0.7578566  -1.65599342 -1.50516292  0.49225084]
[-0.79707279  0.77868179  0.60924956 -0.22391051]
[ 1.42925381  0.46878144  0.0035236   0.10918558]
[-0.46397496 -0.27668317  1.5716936   1.32598402]
[-0.73235406  0.26882046  1.17080026  0.34879405]
[ 1.43881417  0.30576336  0.05144708 -0.94668434]
[-0.58772188  0.36361154 -0.34617973  1.44827658]
[-0.73034362 -0.47561494  1.59901486  0.1740901 ]
[ 1.16772591 -1.32770219 -1.72047812  1.72716512]
[-0.79047993 -0.78147464  1.64197228 -0.47203955]
[-0.69611705 -1.12480117 -1.25366043  0.96898844]
[-0.74861573  0.84686975  0.35370026  0.47379554]
[-0.29009957 -1.07466985  1.92866153  1.52208996]
[ 1.43136193 -0.85067122  0.79622588 -0.43026108]
[-0.69748098 -0.91111966  1.79836692  0.28886441]
[ 1.26635363 -0.398803    0.86691502  0.90721704]
[-0.72190228  0.09686666 -0.74571387  0.84526303]
[-0.80268552  0.30478669  1.0602813  -0.49085052]
[-0.76689498  0.2154587  -1.26915128 -0.99440789]
[-0.80083276  0.95587136  0.00568826 -0.19520502]
[-0.52009483 -1.75870278  2.12298852  0.82437589]
[-0.80190171  0.75666555 -0.60433834 -0.3866499 ]

Populations

0.00816535276539
0.0200132497797
0.0132239920863
0.0126731505415
0.0277061253803
0.00904819430828
0.00592795073256
0.0148997072137
0.00773990361572
0.00888521959287
0.0140987610669
0.0161359308857
0.00891880250853
0.002327031386
0.00148011010107
0.00527684107385
0.0130572425902
0.0143869723747
0.0108712458325
0.0212326655846
0.0129559629444
0.00241863947866
0.0140899598027
0.00825546860523
0.00804517442504
0.0127113789908
0.0171172979554
0.0246114071611
0.00698359686402
0.00682807092288
0.0125593261494
0.00973766981916
0.00871335710789
0.0208139542647
0.00337446053737
0.00208579225909
0.00875631308519
0.00400988688001
0.00302484042829
0.00683161700201
0.00403565192574
0.00433861104153
0.0115630139291
0.0112237342791
0.0206111637897
0.0126063433226
0.00728215475532
0.0153660705176
0.0116085207879
0.0148202782529
0.0110369213222
0.00334062945188
0.00724189498177
0.00395746123561
0.0126057630508
0.0046105616899
0.00612341145273
0.0141838916622
0.0113597120367
0.0158342961269
0.0229328001825
0.00550717292107
0.0125332186548
0.00614489910024
0.00547319388955
0.0047264627377
0.00881825556004
0.00325623975636
0.00815841935146
0.0177714251114
0.00769779659981
0.00987929897754
0.00671035607318
0.0063128235795
0.00553227178299
0.0101879796106
0.00998581931523
0.00823486230668
0.016853723975
0.0204103657396
0.00366481050508
0.00998434693365
0.0251322681537
0.00734480884909
0.0102659748235
0.00331846657184
0.0106414189352
0.00741958036085
0.00840360253233
0.00214855724841
0.012823859276
0.00556977940737
0.00597813427565
0.0115803432598
0.0122444276656
0.00852801974884
0.0115172923075
0.00284439703018
0.00971981717414

State labels

1
2
3
4
5
6
7
8
9
10
11
12
13
14
15
16
17
18
19
20
21
22
23
24
25
26
27
28
29
30
31
32
33
34
35
36
37
38
39
40
41
42
43
44
45
46
47
48
49
50
51
52
53
54
55
56
57
58
59
60
61
62
63
64
65
66
67
68
69
70
71
72
73
74
75
76
77
78
79
80
81
82
83
84
85
86
87
88
89
90
91
92
93
94
95
96
97
98
99

Eigen values

1.0
0.951293698897
0.229629486713
0.112396011736
0.107047819937
0.100179875527
0.0950798608253
0.0926953498691
0.0891151219506
0.0853718619977
0.0837110354064
0.0810492409829
0.0756141253463
0.0744175789042
0.0714861418744
0.0669970126695
0.0648321353857
0.0628822610539
0.0620930581191
0.0615006704679
0.0593743579823

Left eigenvectors

[  8.16535277e-03   7.60570601e-03  -1.18453950e-02  -3.32980005e-03
  -4.72217046e-06  -1.17518672e-03   9.20299033e-03  -9.20245335e-03
  -1.54132375e-03  -3.02254018e-03  -1.17276895e-02  -1.12867813e-03
   8.15177504e-03  -4.00846249e-03   1.82481523e-03  -6.50572313e-03
   1.84418651e-03  -9.66802842e-03   2.23186747e-03  -1.05778492e-03
  -2.25558275e-03]
[ 0.02001325 -0.02288248 -0.00113323  0.01324835  0.01685949  0.01008867
 -0.00869561 -0.01576359 -0.00298139  0.00212505  0.00360303 -0.00349897
  0.01259997  0.00147864  0.00256907 -0.01262894 -0.01296478  0.01151081
  0.00264997 -0.00737697  0.00284186]
[ 0.01322399  0.01178032  0.01821961  0.00291799 -0.00086052 -0.02393523
 -0.00605776 -0.01365315 -0.00253775  0.00684988  0.00582457  0.02019196
  0.01614519 -0.01024436 -0.01646891 -0.01777477  0.01106319 -0.00810087
  0.00440004  0.00349457 -0.02148482]
[ 0.01267315  0.01159208 -0.02072621  0.00067842  0.00177769 -0.00370255
  0.01402314 -0.02666315  0.0105281  -0.01811531 -0.00668764  0.03417436
 -0.01025132  0.00321749 -0.02647981 -0.00230621  0.00963345  0.01979551
 -0.00787121 -0.0005561  -0.00326055]
[ 0.02770613 -0.03224181 -0.00201887 -0.0082668  -0.03748738 -0.01414458
  0.01011387  0.00980082 -0.01012535  0.01915682 -0.00034734  0.01899958
 -0.01464494  0.00274154  0.00852244  0.00318434  0.01473298 -0.02151961
 -0.01991503 -0.00319645  0.01536033]
[  9.04819431e-03   7.90367995e-03   9.62281061e-03  -4.19178622e-04
  -1.21802195e-06   8.36401467e-03   5.62675750e-03   5.65731368e-03
   3.25806673e-03  -1.39076494e-02  -1.65404129e-02   1.03214532e-02
   8.85013627e-03   2.45436876e-02   4.59021514e-03   9.61572028e-03
   7.08593128e-03   1.42710487e-04   1.08274110e-03  -6.00041268e-03
  -6.88405239e-03]
[ 0.00592795  0.00533247 -0.00383306  0.00060962 -0.00110795 -0.0046849
 -0.01100542  0.01177706 -0.00333994  0.00571608  0.00879148  0.00436039
  0.00306632 -0.00622136  0.00063961  0.00905423 -0.00324582  0.00599812
  0.00729452  0.00759975  0.00824001]
[  1.48997072e-02  -1.72821522e-02  -9.53089012e-05   2.37812121e-03
   4.84400313e-03  -4.12641704e-03   1.61857102e-02   7.20867717e-03
  -1.55661370e-02  -1.28279116e-02   1.42098318e-02  -5.19364705e-03
   9.92287394e-03  -9.25449765e-03  -9.68446996e-03  -2.35206173e-03
   2.54262024e-03   1.01766067e-02  -1.34634674e-03  -8.96163461e-03
   2.64649831e-03]
[ 0.0077399   0.00681372  0.0109354   0.00274318  0.00026132  0.0002148
  0.00059217  0.01018879  0.00379646  0.00454638  0.01241532  0.00228449
  0.01570563  0.01956758  0.00497691 -0.00761786  0.01434662  0.00447024
 -0.01119174  0.02315589 -0.00799255]
[  8.88521959e-03   7.73038661e-03  -5.89241472e-05   8.20314455e-04
   1.35494426e-03  -4.83760555e-03  -1.23652195e-02   9.00193539e-03
  -6.63564838e-03   5.11980837e-03  -6.94817325e-03  -1.20085019e-02
  -6.26138079e-03  -5.28000125e-03  -4.22215726e-03   5.65033813e-03
   6.34826247e-04   7.57942000e-03  -5.58578985e-03   1.09628107e-02
  -8.60340732e-03]
[  1.40987611e-02   1.26730988e-02   1.56794010e-02  -6.24504740e-04
  -6.07549339e-04  -2.42097192e-02   1.21196690e-02  -1.53556135e-02
   1.42339380e-02   1.12809817e-02   8.16103384e-03  -1.41703262e-03
  -2.27973154e-03   1.76139308e-03  -9.32522878e-03   1.39674435e-02
  -1.48424190e-02   9.87862163e-05   1.34259374e-02   2.99022893e-03
   9.17625714e-03]
[ 0.01613593 -0.01787222  0.00011177  0.02956626  0.03390798  0.01268349
 -0.00792929 -0.02829043 -0.0134537   0.0137795   0.00036644 -0.00039267
 -0.01152504  0.00850117  0.0041873   0.02035373 -0.00383314 -0.01289672
 -0.00129906  0.01522903  0.01033488]
[ 0.0089188   0.00813535 -0.0102565  -0.00315407 -0.00394526  0.01522697
  0.00389114 -0.00027461  0.00844512  0.00408558  0.02195055 -0.002619
 -0.02576987 -0.02322184  0.00652388 -0.00033469  0.01357796  0.00598657
 -0.0063563   0.00688196 -0.00436916]
[  2.32703139e-03   2.06219324e-03   8.24796814e-03  -2.30108390e-03
  -2.04199761e-03   1.78846634e-03   9.60984400e-04  -1.62189111e-03
  -4.05389412e-03  -1.58976722e-03  -7.16743690e-03  -1.93268337e-03
  -7.75044961e-03  -1.99047617e-03  -7.78483102e-03  -1.42171025e-03
   5.39134801e-05  -4.09520090e-04  -5.42281652e-04   5.51717423e-03
   4.79867918e-03]
[ 0.00148011 -0.00064603  0.00165567  0.0017465   0.00241633  0.00035538
  0.0020255   0.00636179  0.00504016 -0.00207859 -0.00155044  0.00077631
  0.00196806 -0.00120271  0.00538216 -0.00024255 -0.00394642  0.00347695
  0.00057072 -0.00137073  0.00120328]
[ 0.00527684 -0.00627026 -0.00075794 -0.01818129  0.03005303 -0.00534337
  0.00128033  0.01139968  0.00661271  0.00085015 -0.00507215  0.00352588
  0.0013194  -0.00703019 -0.00225444 -0.00467764  0.00141943 -0.00158458
 -0.00627443 -0.0039025   0.0060081 ]
[ 0.01305724  0.01199251 -0.02281907  0.00345043  0.00230392 -0.004218
  0.00015939 -0.00155408  0.00383553 -0.02401065  0.00482925  0.00237503
 -0.00818704  0.00245647  0.02057347  0.00033799  0.00399    -0.00944609
 -0.01209688  0.0064109  -0.00751153]
[ 0.01438697  0.01322076 -0.02242854 -0.00118824 -0.00146214  0.02237353
  0.00262841  0.00331072  0.00695517 -0.00631289  0.00303482  0.01945071
 -0.00615511 -0.00044851 -0.00771093  0.00529452  0.00696704  0.00168365
  0.00587749  0.01339989 -0.00415896]
[ 0.01087125 -0.01231644 -0.00092915  0.02646536  0.00929903  0.0133802
 -0.00431931 -0.01767518 -0.01125025  0.00944943  0.00582888  0.0018297
  0.00444033 -0.00229406  0.00246841  0.00189018 -0.00294373 -0.00056814
 -0.00301272 -0.01515095  0.01755442]
[ 0.02123267 -0.02364556  0.00063097 -0.00319277  0.03033097  0.00603949
 -0.02444168 -0.00101289  0.03588548  0.00649105 -0.02210978  0.00429664
  0.00549374 -0.00214423  0.00557433  0.0027268  -0.00414247 -0.00185736
 -0.00536327 -0.00633124 -0.00262454]
[ 0.01295596  0.01204434  0.00732802 -0.00519202 -0.00389639 -0.00401765
 -0.00983449 -0.01119399 -0.01756135 -0.00619405 -0.00493407  0.03401394
  0.01097594 -0.02809926 -0.01028462 -0.00041726 -0.00979291 -0.0001458
  0.0184414   0.00997586  0.01327077]
[ 0.00241864  0.00218465 -0.00430721 -0.00157824 -0.00049472  0.00663956
  0.00694917  0.00303234 -0.00185872  0.00315228 -0.00370476  0.000623
  0.00386081 -0.0022031   0.00281262  0.0038311  -0.00904903 -0.01075876
 -0.00104264 -0.00659644 -0.00517334]
[  1.40899598e-02  -1.61778966e-02  -6.74773385e-04  -9.73737494e-03
   3.23831322e-03  -3.52976519e-05  -6.40990766e-04   5.31700506e-03
   9.39519043e-03  -6.61329597e-03  -2.32438646e-03  -5.80237859e-03
   6.36138597e-03  -5.77659865e-03  -1.86279129e-03  -6.92813252e-03
  -2.95433464e-03   7.64061706e-03   5.12712568e-03  -2.17715181e-03
   3.23659170e-03]
[ 0.00825547 -0.0096759  -0.00109089 -0.02113576 -0.01168218 -0.00206075
 -0.00707435 -0.00499388  0.00107589 -0.00199289  0.00296066 -0.00385959
  0.00393765  0.00492609 -0.00218557  0.01213309  0.00626763 -0.00815165
 -0.00678117  0.00286727 -0.00264423]
[ 0.00804517  0.00729649 -0.00629392  0.00136217 -0.00169671 -0.00561051
 -0.00216589  0.00497567 -0.00925631  0.00770725 -0.02391268 -0.00998623
 -0.00495838  0.00178238 -0.01550785  0.00723226 -0.0038418   0.00018727
  0.01126218 -0.00476542 -0.0032505 ]
[ 0.01271138  0.01146302  0.01797115 -0.00855453 -0.00117867  0.00712431
 -0.0002471   0.00016    -0.01033682  0.00974166 -0.00073356 -0.00299318
  0.01358757 -0.02193819  0.01736098  0.00521546 -0.02695704  0.000128
 -0.01528043  0.01436149 -0.00410214]
[ 0.0171173  -0.0199363  -0.0003299   0.00283814 -0.02187005  0.00636574
 -0.00709404 -0.00400672  0.01496855 -0.02300026 -0.00234197 -0.01883144
  0.01091744 -0.00806298 -0.00764704 -0.00880454 -0.01475303  0.00916365
  0.01622795  0.00807988 -0.0031209 ]
[ 0.02461141 -0.0285149  -0.00157008 -0.03172955  0.03298393 -0.01603812
  0.02340327  0.01852496 -0.02192102 -0.00218731  0.01223416  0.0024618
 -0.01550075  0.00533668 -0.0023999  -0.00484124  0.0005842  -0.00399928
  0.0049415   0.01984391 -0.00720957]
[ 0.0069836   0.00647444 -0.01394628 -0.0005824  -0.00078703  0.00498815
  0.00028045 -0.00011295 -0.00224494  0.00768524 -0.00489437 -0.00570398
 -0.00098158 -0.0033882  -0.00936568 -0.00096283 -0.00234648  0.01420461
 -0.01614727  0.00691242 -0.00072008]
[ 0.00682807  0.00583193  0.01693829 -0.00265202  0.00032666  0.00011826
  0.00036522 -0.00086041  0.00181723 -0.00178323  0.00721745  0.01508839
  0.01520694 -0.00446341  0.00291989  0.00962527 -0.00487321  0.0010878
  0.00574432 -0.01125893 -0.0072033 ]
[ 0.01255933  0.01100483  0.01675363 -0.00453628  0.00074778  0.01092148
  0.01299738 -0.01491907  0.01310129 -0.00457862  0.00576506 -0.00041002
 -0.00739562  0.01356498  0.00331311  0.00047396  0.01192526  0.01419292
 -0.00560163 -0.01250462  0.00092969]
[ 0.00973767  0.00850233  0.00414599  0.00484813  0.00387787 -0.00598686
 -0.00063551  0.00617479 -0.00440444 -0.01763196  0.00568853  0.00891063
  0.0022517   0.01531034  0.02138358  0.00297928 -0.01627494 -0.00936141
 -0.01354073  0.0156341   0.02081735]
[ 0.00871336  0.00778816  0.01168567 -0.00329211  0.00141868  0.0104993
  0.02160224 -0.01099768  0.00790117  0.00020547  0.00356878 -0.0021901
 -0.00289734 -0.00315731  0.00706269 -0.00676542  0.0057174  -0.00544329
  0.00233234 -0.00320622 -0.00256457]
[ 0.02081395 -0.02394618 -0.00306935 -0.0470249   0.04873945 -0.00662572
 -0.01480109  0.00612564  0.02076265  0.0051034  -0.01117314  0.00407584
  0.00109186 -0.00750106 -0.00692912  0.01373228  0.02334727 -0.01283862
 -0.01093872  0.00083278  0.00345341]
[ 0.00337446  0.00199497  0.0044325   0.00368287  0.00010089 -0.00016359
 -0.00734315 -0.00520794  0.00021305 -0.00763906  0.00404266  0.00485303
 -0.00719111 -0.00756569  0.00055454 -0.00788242  0.00360791 -0.00365308
  0.0023345  -0.00710036  0.00222434]
[ 0.00208579 -0.00187193  0.00079248  0.00221468  0.00107793 -0.00079207
  0.00242316  0.00314287  0.00067975 -0.00319967 -0.00245991  0.00207936
 -0.00370381 -0.00072678 -0.00248647 -0.00174263  0.00123213  0.00063782
  0.00138745 -0.00208053  0.00130384]
[ 0.00875631 -0.00860328  0.00125042  0.03512597  0.02758743  0.01054297
 -0.00080848 -0.01157739 -0.00890565 -0.00893115  0.00770703 -0.0128735
  0.0016639   0.00120385 -0.00481256  0.01295321  0.00097818 -0.01368336
 -0.00277556  0.01001109  0.00328636]
[ 0.00400989  0.00357128 -0.00563879  0.00132424 -0.00049787 -0.0021593
 -0.00704708  0.00483423 -0.0058361  -0.00565883 -0.01003642  0.00024606
 -0.00498237  0.00764069 -0.0058903   0.00120962 -0.00999664 -0.0034546
 -0.00635247  0.00123891 -0.0116537 ]
[ 0.00302484  0.00234264 -0.00252278  0.00368401  0.00258519 -0.01393812
  0.0009752  -0.00521525  0.00768095  0.00216046  0.00875813  0.0041359
  0.00506896  0.00558288 -0.0044208  -0.00812293  0.00244974 -0.00580627
 -0.00161146 -0.00121536 -0.00587204]
[ 0.00683162 -0.00495469  0.00147013  0.01191637  0.00809318  0.00304556
 -0.01220888 -0.01080984  0.00666241  0.00991881 -0.00664567  0.00772499
  0.00753926 -0.00200223 -0.00369706  0.0077578   0.00878237  0.00714077
 -0.00315098 -0.01115607  0.00112953]
[ 0.00403565  0.00372016 -0.00912208  0.00027423 -0.00081336  0.01135954
 -0.00224952  0.00870135  0.00632685  0.01005495  0.01427288  0.00040068
 -0.00537018  0.00517475 -0.01685869 -0.00851917 -0.00176718  0.00142688
  0.00268763  0.002875    0.01112174]
[ 0.00433861 -0.00508249 -0.00079364 -0.00131049  0.00035464 -0.0029462
  0.00751026 -0.00031831 -0.01590328 -0.00681385  0.01306889 -0.00503554
  0.00639489 -0.00121274 -0.00895524  0.00821962  0.00757039  0.00319369
 -0.00236902 -0.00674213 -0.00281467]
[ 0.01156301  0.01043275 -0.01045737  0.0025167  -0.00110207 -0.00208891
  0.01636675  0.00758008  0.0152606   0.00811146  0.00334307 -0.00324753
  0.00177356  0.01176515 -0.00029884  0.01120416 -0.00598801 -0.02012433
  0.00405258  0.00403741 -0.00885018]
[  1.12237343e-02   1.03501541e-02  -1.47905397e-02   5.43838838e-04
  -1.64758511e-04  -7.58158130e-03   2.78554106e-03  -2.44069586e-03
  -5.95468150e-03  -6.14903092e-05  -1.37210508e-02  -1.53607938e-02
   8.15875383e-03   1.77800699e-02   7.67332989e-03  -1.99352295e-02
   2.96227663e-03  -1.06215223e-02  -8.35505042e-03  -4.25359779e-03
   5.01524983e-03]
[  2.06111638e-02  -2.37100904e-02  -1.45760407e-03   5.77286785e-03
  -1.03270654e-02  -5.05949559e-03   1.28538371e-02   1.07326933e-02
  -1.07958481e-02  -7.92332006e-04   2.45789839e-03   5.24569418e-03
   9.66046920e-03  -7.51189788e-03   3.99610755e-03  -2.81973021e-02
  -1.80591643e-02   2.57605896e-02  -6.09382823e-05  -2.18328356e-02
   6.18628031e-03]
[ 0.01260634  0.01163101 -0.01693188 -0.00430763 -0.00117291  0.0080336
  0.01638728 -0.00701522  0.01089924  0.00911566  0.00553208 -0.00240268
 -0.00582734  0.01152847 -0.02159527 -0.00381093 -0.008588    0.00195998
 -0.00559556 -0.02253474  0.00705687]
[ 0.00728215 -0.00523871  0.00610821  0.03019824  0.00591516 -0.01186318
  0.03250844  0.03885138 -0.00056006 -0.00323666 -0.00305131  0.01248696
 -0.00344064 -0.00873523 -0.00103885 -0.00548005  0.00147256 -0.00252696
 -0.00720013 -0.00214666 -0.0039435 ]
[ 0.01536607  0.01409348 -0.02435639  0.00357355  0.00079453 -0.0052196
 -0.0063952   0.00738381 -0.00571688  0.00053006  0.00359663 -0.00896357
 -0.00082221 -0.00494322  0.00029959 -0.00027448  0.00964961 -0.00492004
  0.02065783 -0.00677341  0.00184234]
[ 0.01160852  0.01045484 -0.01116667 -0.00096694 -0.00087347  0.00505185
 -0.00621709  0.01155983 -0.00384078  0.00380604  0.00159937 -0.00711552
 -0.0008627   0.00864821  0.00332336  0.00346412 -0.0070211   0.00275475
  0.00137274 -0.01967879  0.00054882]
[ 0.01482028 -0.01749702 -0.00096845 -0.00624373 -0.01815124  0.00660816
 -0.01248848 -0.00519448  0.01929739 -0.02150981  0.00106352 -0.02080828
  0.02320224 -0.00564545 -0.01305836  0.00544857 -0.0079113  -0.00224588
 -0.00292751  0.00466218 -0.00704123]
[ 0.01103692 -0.01299168 -0.00113446 -0.0200461   0.00142475 -0.00265365
 -0.00323353 -0.00058597  0.00192683 -0.00911746  0.00250775 -0.00768103
  0.00372089 -0.00309932 -0.01055857  0.0113663   0.00895212 -0.0060231
 -0.00681891 -0.00140909  0.0024226 ]
[ 0.00334063  0.0031244   0.00035642 -0.00109873 -0.00092508  0.0045344
 -0.00440819  0.00364395 -0.00377762 -0.00536287  0.00030447 -0.00096927
 -0.01043643 -0.00832065  0.00644362  0.00560605  0.00764256  0.0056324
  0.00298988 -0.00081248  0.00033847]
[  7.24189498e-03   6.68820490e-03   1.86873277e-03  -3.65986246e-03
   1.43340005e-04  -9.23985499e-03   7.74623749e-03  -9.79928838e-03
   9.53376286e-04  -1.76440352e-03   7.72979481e-05  -6.79287586e-03
   1.66149392e-02   1.02945273e-02   1.39563341e-02  -1.13681769e-02
   1.39060439e-03  -1.47045608e-02   1.30744460e-02   5.66721835e-03
   1.31866832e-02]
[ 0.00395746  0.00251628 -0.00275676  0.00184492 -0.00043067  0.00617173
 -0.00394935 -0.00014565 -0.0041653   0.00850682 -0.00462046  0.00142845
  0.00317305  0.00417723 -0.00165722 -0.00974098  0.00372742  0.00774399
 -0.00230678 -0.00428991 -0.00365528]
[ 0.01260576  0.01166622 -0.02154792  0.00440885  0.00153675 -0.01669085
 -0.01876253  0.00613839  0.00240071 -0.0179071   0.00989423 -0.01223043
 -0.00598164  0.01150035  0.01912366 -0.00059261  0.01185477  0.00937064
  0.00383945 -0.00977464  0.00062051]
[ 0.00461056  0.00406346  0.0055123   0.00040473 -0.00114436 -0.00274169
  0.00039077 -0.00099224 -0.0022693  -0.01198531 -0.01578287 -0.00112261
 -0.0131247   0.00199434  0.00184692  0.00705143 -0.00319516  0.00384212
  0.00145914  0.00311697 -0.00644477]
[ 0.00612341  0.0052703   0.01125348 -0.00111287  0.00103288  0.00106916
  0.00436172 -0.00931427  0.00176608 -0.00287205  0.00522117 -0.00887473
 -0.00335085  0.00866097  0.00041287 -0.02407025  0.00705219 -0.00034804
 -0.01137004  0.01398266  0.01180884]
[  1.41838917e-02  -1.53866375e-02   2.07310101e-03   1.28366559e-03
  -2.04692310e-02  -2.42197402e-03   5.41087526e-03   1.11728478e-02
   5.11924777e-03  -1.37060981e-02  -1.11512456e-03  -5.24580777e-03
   7.24224023e-04  -1.10148995e-02  -5.41630897e-03   6.09817678e-05
   3.50610659e-03  -1.44570147e-02  -1.06542462e-02   1.50556815e-03
   2.12941034e-02]
[ 0.01135971  0.01033566  0.01489017 -0.00396651 -0.00040222 -0.02295464
  0.00076881 -0.01198255  0.00996631  0.00298215  0.0007455  -0.0177076
 -0.01621175  0.01061376 -0.01607239  0.00578118 -0.02030246 -0.00239964
  0.01927763 -0.00594614  0.02095308]
[  1.58342961e-02  -1.81039752e-02  -4.86190387e-05   1.47989261e-02
  -1.33327360e-02   4.76682290e-03   1.39357139e-02  -9.84807261e-03
  -2.99936879e-02  -1.39482285e-02   2.60212272e-02  -1.59474637e-02
   6.05501168e-03   4.79204386e-03  -1.39832891e-02   1.05215934e-02
   2.01074815e-03   7.46755586e-03   8.55641749e-03   4.86395301e-03
  -2.14854940e-02]
[ 0.0229328  -0.02669547 -0.00190932 -0.02779814 -0.00096257 -0.01072102
  0.01342868  0.00637898 -0.0185321   0.00306538  0.00407283  0.00576772
 -0.02089945  0.01350714  0.01113126 -0.00995302 -0.00426941  0.01173633
  0.02459387  0.01313726 -0.01256167]
[ 0.00550717  0.0051317  -0.01075852 -0.0013919  -0.00135689  0.00858048
  0.00820353  0.00142988 -0.00018213  0.00838212 -0.00460496  0.00101737
  0.01064247  0.00104361 -0.00696853 -0.00031224 -0.00164624 -0.00887698
  0.00470577  0.01312581  0.00398949]
[ 0.01253322 -0.01370504 -0.00017807  0.01080058 -0.01553441 -0.00035024
 -0.0104868  -0.00755927  0.00450318  0.01945507 -0.00611854  0.01169222
 -0.01313833 -0.00365622  0.00691458  0.00983139  0.00932287 -0.01268551
 -0.00836925 -0.0018995   0.02210316]
[ 0.0061449   0.00543537  0.00748752  0.00033787 -0.00118772  0.00166453
  0.00492227  0.00492385 -0.00326709  0.0033545  -0.0082396  -0.00276762
 -0.00329389 -0.00520579 -0.00321981  0.0071606   0.00372793 -0.00962039
  0.01516454  0.00715787  0.00514902]
[ 0.00547319  0.00501094  0.00268662 -0.00190583 -0.00018715  0.00716486
 -0.00378315  0.00429854  0.00141779 -0.00764833  0.00467579 -0.00032329
 -0.00094396  0.01322361  0.00440622 -0.00184819  0.01514294  0.00251409
  0.00810916  0.00403394  0.00862243]
[ 0.00472646  0.00406443  0.00489065 -0.00210493  0.00091091  0.00357439
  0.0043864  -0.00056319  0.00620559 -0.00078621  0.00518659  0.0015989
 -0.00758184  0.00044116 -0.01167942 -0.00684692  0.00097086  0.00046253
  0.00860083 -0.00032452  0.00668175]
[ 0.00881826  0.00807188 -0.00930384 -0.0014139   0.00113458 -0.00262889
  0.01544799 -0.01045699  0.00832139  0.01841579  0.00355693 -0.02480157
 -0.00140028 -0.01604009  0.01189839  0.00480952 -0.00103104  0.01096856
 -0.01352674 -0.00580828 -0.00848448]
[ 0.00325624  0.00030666  0.00377762  0.00584756 -0.00450844 -0.0043078
  0.00606793  0.00188045  0.00194417 -0.00014838 -0.00799359  0.00018656
 -0.00825013 -0.00571226  0.00012862  0.00229676  0.00797895  0.00058692
  0.0062659   0.00790038  0.00602704]
[ 0.00815842 -0.00775831  0.00244187  0.02592123 -0.00493986  0.00855105
 -0.00808669  0.00286284  0.02338285  0.00292113 -0.0118363   0.00289802
  0.00248292 -0.00060232  0.00338138 -0.00753747  0.00296869  0.00275879
  0.00360056  0.00403808 -0.01220053]
[ 0.01777143 -0.020414   -0.00246991 -0.01333244 -0.01976066  0.00035665
 -0.00418098 -0.01951522 -0.01733698  0.01059547  0.00595993  0.00152872
 -0.01019062  0.02592434  0.00518196  0.01920096  0.00547502 -0.00058577
  0.001775    0.00752165 -0.02607122]
[  7.69779660e-03   6.94495323e-03  -4.79213618e-03   5.98173614e-03
   9.04552292e-04  -1.17443049e-02  -1.48039373e-02   7.16875668e-03
  -1.52900544e-03   9.94555305e-03   1.04827002e-02  -9.74108063e-03
   4.35563076e-03  -3.23586395e-03   9.72794407e-05  -1.19640555e-02
   9.69968414e-03  -3.24256020e-04   6.36239655e-03   5.84038841e-03
   1.13666946e-02]
[  9.87929898e-03   8.87083117e-03  -1.26840712e-03  -4.59078101e-03
   4.76582308e-05   1.79976239e-02  -7.96726054e-03   3.13168739e-03
  -3.85767229e-03   3.34787618e-03   8.85346766e-03   3.52092649e-03
   1.63552114e-03  -1.35365961e-02  -3.34930049e-03  -1.45382662e-02
  -3.89767764e-03  -1.31299191e-02   3.24045190e-03  -1.00210608e-02
  -5.39507629e-03]
[ 0.00671036  0.00581639  0.01034053  0.00195908  0.00355559 -0.00815793
 -0.00718492 -0.00480892 -0.00349192 -0.01102596 -0.00343373 -0.00813389
 -0.0037444  -0.00727182  0.01867493 -0.0073412   0.01354488  0.00159907
  0.00208124 -0.00591901  0.00380019]
[ 0.00631282 -0.0029392   0.00485526  0.009607    0.00404406  0.00615621
 -0.00554243  0.00594073  0.02379051 -0.0080169  -0.00766118 -0.00730291
 -0.00857816  0.00296635 -0.00371028  0.00226178 -0.00292858 -0.00313318
  0.01120429  0.01283869 -0.01641116]
[  5.53227178e-03   4.35631597e-03   1.97740803e-03   2.47686419e-04
   8.11754300e-04  -1.01732355e-02   1.25594541e-02  -1.04986759e-02
   5.84493620e-03   3.40732033e-03  -1.57599383e-03  -5.45309061e-03
   9.17902436e-05  -4.03766110e-03   8.72416768e-03   6.58889260e-03
  -1.17879176e-02   1.28726108e-02  -1.83720055e-02   1.01716277e-02
  -3.14816374e-03]
[  1.01879796e-02   9.11785879e-03   1.51665184e-02  -3.11984084e-03
  -1.95392380e-03   6.35332286e-03  -1.24942983e-02   5.30152207e-03
  -7.00829499e-03   1.08317737e-02   6.90932971e-03  -1.16369937e-04
   7.19066585e-03  -2.05026756e-02   7.27526241e-03   2.62592941e-03
   1.15948195e-02   1.06783471e-02  -1.81126693e-05   1.18427693e-03
  -8.60653745e-03]
[ 0.00998582  0.00901946 -0.01637343  0.00284252 -0.00011032 -0.00320415
 -0.00263782  0.0004788   0.00062499 -0.00589989 -0.00288095  0.01495452
  0.01897614  0.00844389  0.00274207  0.01283985  0.00648846  0.01076004
  0.00152519 -0.00896833  0.00440909]
[ 0.00823486  0.00748921 -0.01130024 -0.00579464  0.00015355  0.02612277
  0.0130442   0.0028856  -0.0060568   0.00579893 -0.01096692 -0.00246487
  0.01382492 -0.01080626  0.01083059 -0.00039786  0.00902314 -0.02021941
  0.01562376  0.00696253 -0.00602315]
[ 0.01685372  0.0152684   0.01791938 -0.0065259  -0.00042557 -0.00503525
  0.00547648 -0.0131164   0.00223861  0.00719802 -0.00027155 -0.01209612
 -0.01175602 -0.0129328   0.00358774  0.00633475 -0.02629966 -0.00137271
 -0.01114609 -0.00057914  0.00038248]
[ 0.02041037 -0.02359351 -0.00284373 -0.00572525  0.00357871  0.00331406
 -0.00317397 -0.00692651 -0.01338133  0.03701106 -0.01098458  0.02401911
 -0.02602443  0.02760544  0.03799014 -0.03794839 -0.02841155  0.03296242
  0.03865478  0.00258475 -0.02277098]
[  3.66481051e-03   2.92624026e-03   3.89455979e-03  -3.74122759e-03
   6.46362138e-04   1.03763203e-02   3.95452191e-04  -4.26887223e-04
   2.30266288e-03   3.26543574e-03   6.04840304e-03   2.14592239e-04
   3.77440226e-04  -3.72004260e-03   5.61643373e-04  -2.23208400e-03
  -5.00270295e-03  -4.60642167e-03   1.12882578e-02  -1.45731634e-03
  -1.69762848e-05]
[ 0.00998435  0.00837852  0.01331924  0.00286744  0.00247265 -0.00326924
 -0.01119084  0.00047958  0.00037429  0.00688945  0.00469621 -0.00354934
 -0.00066413 -0.00481853 -0.00905293 -0.01637076  0.00631171 -0.01055751
 -0.01720737 -0.00945753 -0.02956717]
[ 0.02513227 -0.02914343 -0.00020012  0.00252869 -0.03513101  0.00303895
 -0.00067062  0.01259384  0.02432671 -0.02603162 -0.0096539  -0.01134618
  0.02013297 -0.0217431  -0.00428985 -0.02182043 -0.01607642  0.01152284
 -0.00079508 -0.01166671  0.01869163]
[  7.34480885e-03   6.07192865e-03  -6.68076433e-05   5.10903001e-03
  -1.92575967e-03  -8.83538404e-03   6.13241992e-03   4.96478773e-03
   1.08418766e-04   1.13397417e-02  -1.34076757e-02  -6.58357623e-03
   7.78610854e-03   2.77154462e-03  -4.97220909e-03   1.73706036e-02
   7.97469858e-03   1.74223352e-02   9.19954777e-03  -9.45291313e-03
   1.08478007e-02]
[ 0.01026597  0.00910383  0.01884091 -0.00732674 -0.00086295  0.02367944
  0.00290225  0.01118553  0.00771779 -0.00092735  0.01758532  0.01246262
  0.00770437  0.02112182  0.00159689  0.01546915 -0.01671489  0.00538042
 -0.01339144 -0.00686926  0.00428661]
[ 0.00331847 -0.00378626 -0.00018356  0.00050287 -0.00151093  0.00153397
 -0.00023981 -0.00251101 -0.00128079 -0.00703374  0.00420161 -0.00727824
  0.00243185  0.0019666  -0.00472963  0.00254297 -0.00095369  0.00173703
  0.00770943  0.0070014  -0.01176905]
[ 0.01064142  0.00959646  0.01718081 -0.0047442   0.00034237  0.01963125
 -0.01565174  0.01173413 -0.01320701 -0.01302856  0.00208609  0.00265908
 -0.01262571  0.00923209 -0.00648778 -0.00289487 -0.01672532  0.00044384
 -0.01570712 -0.01722171  0.00657486]
[ 0.00741958  0.00695372 -0.01080573 -0.00157702  0.00020053 -0.00782064
  0.00552497 -0.01776441 -0.00388405 -0.00958727 -0.01221844  0.0171907
  0.01777576 -0.01145835  0.00397686  0.00098671 -0.00015383  0.01110957
 -0.00193361  0.00332674  0.00079043]
[ 0.0084036   0.00757688  0.00378683  0.0041362   0.0003022  -0.01537409
 -0.01368423  0.00659255 -0.0045115  -0.00727787  0.00562577  0.00440715
 -0.00828053  0.00720327 -0.00500348  0.00460188 -0.00456608 -0.01944979
  0.00635837 -0.02700533 -0.01213262]
[ 0.00214856  0.00145224  0.00277229  0.0039738  -0.00148246 -0.00799672
 -0.00398502  0.00421202  0.00296293  0.00839399  0.00219729  0.0029979
 -0.0006406  -0.0027181  -0.00924368  0.00012144 -0.00269731 -0.00383713
 -0.00382162  0.0068146  -0.00829762]
[ 0.01282386 -0.0148002  -0.00011587  0.00048499 -0.04210696 -0.00201903
 -0.01121259 -0.00233866  0.01176948  0.01808235 -0.00873334  0.01429785
 -0.00668498  0.00620828  0.0122248   0.00642983  0.01120601 -0.02233792
 -0.02094655 -0.00168976  0.00676253]
[ 0.00556978  0.00479556  0.00902736 -0.00039785  0.00160871  0.00574772
  0.00617177 -0.00255437 -0.00440151  0.00084055 -0.01099729 -0.00781679
 -0.00365124  0.00484146 -0.00447685 -0.00016005  0.0032285  -0.00442228
 -0.00016592 -0.00836188  0.0036428 ]
[ 0.00597813 -0.00668195 -0.00025619  0.00322164 -0.00246213 -0.00440194
  0.00701219  0.00106133 -0.01232426  0.00976656  0.0028547   0.00869095
 -0.00629939  0.00218733  0.00103628  0.0059287   0.00792757 -0.00757979
 -0.0053339  -0.00586202  0.00217511]
[ 0.01158034  0.01059833 -0.01344331  0.00416166  0.00086805 -0.01081184
 -0.00113895  0.00270008  0.00203282  0.00152008  0.00508586 -0.01964472
 -0.01144546 -0.01181064  0.01875596 -0.00048348 -0.0036368  -0.00600257
 -0.0017767  -0.02292919 -0.00770299]
[ 0.01224443  0.01081735  0.02386364 -0.00216197 -0.00113113  0.01285298
 -0.00222875  0.00681936 -0.02346736  0.00379436 -0.0293223  -0.01388322
  0.00915023  0.00593443 -0.00990981 -0.01266968  0.03021087  0.00700413
 -0.0101811  -0.0016923  -0.00384159]
[ 0.00852802  0.00784809 -0.01251829  0.00048619  0.00162691 -0.00056338
 -0.01334149 -0.00362422 -0.01276094 -0.0181119   0.00010279  0.01393976
 -0.01120278 -0.00931856  0.00222044 -0.00836646 -0.01768465 -0.01444688
 -0.00599987  0.01513668  0.00146851]
[ 0.01151729  0.0103588   0.00709292  0.00147509 -0.0012814  -0.00877795
 -0.01228596  0.01667153  0.00673514  0.00920819  0.01793559  0.0015389
  0.01373428  0.00246321  0.01428725  0.02546251  0.00584808  0.01107697
  0.01836708  0.00669598  0.00235798]
[  2.84439703e-03   2.40533901e-03   4.81116693e-04  -3.15303045e-05
  -7.51195018e-04   3.13366255e-03   4.41312412e-03  -9.46393610e-04
   6.30123771e-03  -5.13641290e-03   2.80941798e-03   7.17068437e-03
  -1.08654589e-02  -2.91647022e-03   1.41652057e-03   7.65936746e-03
   5.91672280e-03   7.88626461e-03  -1.06790787e-03   7.19829107e-04
  -2.35414724e-03]
[  9.71981717e-03   8.89007012e-03  -1.10712557e-02   3.33536094e-03
  -9.22081748e-05  -2.72562337e-03  -1.65300041e-02   1.37550333e-02
  -1.24020942e-02   5.95056517e-03  -7.08664115e-03  -5.46529002e-03
   6.12814189e-03   7.12173698e-03  -1.13499241e-02  -4.62074741e-04
  -1.10637003e-02   1.89680640e-02  -1.62335539e-02   1.70426721e-02
   1.39083949e-02]

Right eigenvectors

[  1.00000000e+00   9.31460799e-01  -1.45068993e+00  -4.07796227e-01
  -5.78317997e-04  -1.43923570e-01   1.12707811e+00  -1.12701234e+00
  -1.88763890e-01  -3.70166516e-01  -1.43627469e+00  -1.38227725e-01
   9.98337154e-01  -4.90911123e-01   2.23482718e-01  -7.96747344e-01
   2.25855093e-01  -1.18403071e+00   2.73333870e-01  -1.29545526e-01
  -2.76238249e-01]
[ 1.         -1.14336676 -0.05662416  0.66197907  0.8424162   0.5040993
 -0.43449275 -0.78765792 -0.14897094  0.10618216  0.18003241 -0.17483275
  0.62958143  0.07388282  0.12836822 -0.63102912 -0.64780962  0.57515948
  0.13241097 -0.36860413  0.1419989 ]
[ 1.          0.89082907  1.37776905  0.22065914 -0.06507261 -1.80998506
 -0.45808858 -1.03245316 -0.19190509  0.51798897  0.44045456  1.52691832
  1.22090118 -0.77467985 -1.24538132 -1.34413038  0.83659981 -0.61258876
  0.33273138  0.26425962 -1.62468519]
[ 1.          0.91469604 -1.63544234  0.05353181  0.14027179 -0.29215696
  1.10652386 -2.10390878  0.83074015 -1.42942396 -0.5277015   2.69659575
 -0.80890068  0.25388239 -2.08944146 -0.18197568  0.76014678  1.5620039
 -0.62109323 -0.04388048 -0.25728   ]
[ 1.         -1.16370681 -0.07286733 -0.29837429 -1.35303574 -0.51052166
  0.36504083  0.35374211 -0.36545515  0.69142903 -0.01253642  0.6857538
 -0.52858132  0.09895077  0.30760125  0.11493281  0.53175902 -0.7767096
 -0.71879517 -0.11536968  0.554402  ]
[  1.00000000e+00   8.73509087e-01   1.06350618e+00  -4.63273232e-02
  -1.34614920e-04   9.24384953e-01   6.21865237e-01   6.25242285e-01
   3.60079218e-01  -1.53706352e+00  -1.82803467e+00   1.14071966e+00
   9.78110766e-01   2.71255089e+00   5.07307313e-01   1.06272257e+00
   7.83132086e-01   1.57722616e-02   1.19663777e-01  -6.63161342e-01
  -7.60820574e-01]
[ 1.          0.89954614 -0.64660722  0.10283866 -0.18690326 -0.79030732
 -1.85653052  1.98670019 -0.56342295  0.96425885  1.48305567  0.73556504
  0.51726482 -1.04949672  0.10789699  1.5273792  -0.54754569  1.01183623
  1.23052927  1.28201963  1.39002672]
[ 1.         -1.15989878 -0.0063967   0.15960859  0.32510727 -0.27694618
  1.08631062  0.48381334 -1.04472771 -0.86095058  0.95369873 -0.34857377
  0.66597778 -0.62111943 -0.6499772  -0.15785959  0.17064901  0.68300716
 -0.09036062 -0.60146381  0.17762083]
[ 1.          0.8803362   1.41286017  0.35442062  0.03376215  0.02775201
  0.07650884  1.31639715  0.4905052   0.58739436  1.60406698  0.2951577
  2.02917583  2.52814246  0.64301926 -0.98423217  1.85359095  0.57755755
 -1.44597954  2.99175452 -1.03264223]
[ 1.          0.87002764 -0.0066317   0.09232349  0.15249418 -0.54445537
 -1.39166166  1.01313595 -0.74681873  0.5762163  -0.78199229 -1.35151436
 -0.70469623 -0.59424544 -0.47518885  0.63592555  0.07144745  0.85303688
 -0.62866087  1.23382552 -0.96828303]
[ 1.          0.89888031  1.11211198 -0.04429501 -0.04309239 -1.71715224
  0.85962652 -1.08914631  1.00958786  0.80013993  0.57884759 -0.1005076
 -0.1616973   0.12493247 -0.66142186  0.99068588 -1.05274633  0.00700673
  0.95227782  0.21209161  0.65085557]
[ 1.         -1.10760411  0.00692674  1.83232464  2.10139613  0.78604013
 -0.49140605 -1.75325646 -0.83377287  0.85396405  0.0227096  -0.02433494
 -0.71424716  0.52684739  0.2595015   1.26139188 -0.23755337 -0.7992549
 -0.08050754  0.94379608  0.64048844]
[ 1.          0.91215702 -1.14998678 -0.35364302 -0.44235332  1.70728903
  0.43628501 -0.03079053  0.94688891  0.45808588  2.46115465 -0.29364876
 -2.88938713 -2.6036946   0.73147447 -0.03752678  1.52239758  0.67123014
 -0.71268549  0.77162395 -0.48988168]
[ 1.          0.88619056  3.54441637 -0.98884953 -0.87751185  0.76856133
  0.41296581 -0.69697861 -1.74208828 -0.68317395 -3.08007745 -0.83053601
 -3.33061671 -0.85537143 -3.3453915  -0.61095448  0.02316835 -0.17598391
 -0.23303581  2.37090667  2.06214631]
[ 1.         -0.43647209  1.11860946  1.1799817   1.63253228  0.24010461
  1.36848041  4.29818898  3.4052589  -1.4043507  -1.04751699  0.52449288
  1.32967283 -0.81258033  3.63632557 -0.1638724  -2.66629916  2.3491131
  0.38559078 -0.92609964  0.8129635 ]
[ 1.         -1.18826001 -0.14363573 -3.44548658  5.69526844 -1.01260706
  0.24263164  2.1603232   1.25315679  0.1611104  -0.96121033  0.66818068
  0.25003537 -1.33227284 -0.4272322  -0.88644709  0.26899309 -0.30028969
 -1.18904997 -0.73955259  1.13857798]
[ 1.          0.91845656 -1.74761794  0.26425381  0.1764474  -0.32303887
  0.01220664 -0.11902027  0.29374768 -1.83887592  0.36985254  0.18189379
 -0.62701128  0.18813082  1.5756369   0.02588534  0.30557783 -0.72343667
 -0.92644974  0.49098458 -0.57527671]
[ 1.          0.91893947 -1.55894771 -0.08259121 -0.10162927  1.5551246
  0.18269391  0.23011923  0.48343506 -0.43879187  0.21094252  1.35196708
 -0.42782501 -0.03117479 -0.53596633  0.36800826  0.48426029  0.11702571
  0.40852863  0.93139034 -0.28907831]
[ 1.         -1.1329376  -0.08546871  2.43443709  0.85537848  1.2307877
 -0.39731505 -1.62586561 -1.0348626   0.86921354  0.53617411  0.16830649
  0.40844752 -0.21102051  0.22705829  0.1738697  -0.27078086 -0.05226103
 -0.27712712 -1.39367191  1.61475685]
[ 1.         -1.1136408   0.02971699 -0.15037085  1.42850522  0.28444338
 -1.15113575 -0.04770424  1.69010723  0.30571045 -1.04130967  0.20235985
  0.25873983 -0.10098727  0.26253535  0.12842477 -0.19509892 -0.08747663
 -0.2525952  -0.29818391 -0.12360878]
[ 1.          0.92963706  0.56560956 -0.40074394 -0.30074127 -0.3101003
 -0.7590706  -0.86400292 -1.35546453 -0.47808506 -0.38083408  2.62535034
  0.84717266 -2.1688284  -0.79381363 -0.03220638 -0.75586148 -0.01125383
  1.42339127  0.7699825   1.02429837]
[ 1.          0.903256   -1.78084129 -0.6525342  -0.20454558  2.74516414
  2.87317384  1.25373742 -0.76849826  1.3033284  -1.53175454  0.2575811
  1.59627417 -0.91088383  1.16289431  1.58398993 -3.74137134 -4.44827146
 -0.43108545 -2.72733403 -2.13894482]
[ 1.         -1.14818614 -0.04789037 -0.69108607  0.22983126 -0.00250516
 -0.04549273  0.37736127  0.66680037 -0.4693623  -0.16496757 -0.41180945
  0.45148361 -0.40997978 -0.132207   -0.49170705 -0.20967658  0.54227387
  0.36388505 -0.15451796  0.22970908]
[ 1.         -1.1720593  -0.13214185 -2.56021289 -1.41508348 -0.24962288
 -0.85692939 -0.60491827  0.13032512 -0.24140282  0.35862981 -0.46751892
  0.47697444  0.59670601 -0.26474248  1.46970369  0.75920979 -0.98742457
 -0.82141551  0.34731716 -0.32030085]
[ 1.          0.90694033 -0.7823222   0.16931478 -0.21089815 -0.6973753
 -0.26921613  0.61846596 -1.15054139  0.95799631 -2.97230058 -1.24126908
 -0.6163167   0.22154694 -1.92759637  0.89895665 -0.47752856  0.023277
  1.39986829 -0.59233289 -0.40403059]
[ 1.          0.90179174  1.4137841  -0.67298227 -0.09272543  0.56046734
 -0.01943925  0.01258723 -0.81319404  0.76637281 -0.05770919 -0.23547232
  1.06892978 -1.72587015  1.36578275  0.41029856 -2.12070115  0.01006967
 -1.20210624  1.1298139  -0.32271388]
[ 1.         -1.16468716 -0.01927317  0.16580557 -1.27765784  0.37188936
 -0.4144368  -0.23407404  0.87446928 -1.34368501 -0.13681867 -1.1001408
  0.63780172 -0.47104279 -0.4467435  -0.5143651  -0.86187821  0.53534459
  0.94804414  0.4720303  -0.18232437]
[ 1.         -1.15860492 -0.06379466 -1.28922123  1.3401889  -0.65165401
  0.9509116   0.75269794 -0.89068549 -0.08887377  0.49709307  0.10002668
 -0.62981959  0.21683769 -0.09751185 -0.19670698  0.02373681 -0.16249708
  0.20078081  0.8062891  -0.29293596]
[ 1.          0.92709205 -1.99700482 -0.08339547 -0.11269659  0.71426627
  0.04015894 -0.01617391 -0.32145944  1.10047044 -0.70083858 -0.81676801
 -0.14055465 -0.48516575 -1.34109628 -0.13787024 -0.33599883  2.0339966
 -2.312171    0.98980789 -0.10311068]
[ 1.          0.85411067  2.48068437 -0.38840015  0.04784102  0.01731903
  0.05348793 -0.12601008  0.26614076 -0.26116136  1.05702555  2.20975935
  2.2271214  -0.65368523  0.42763073  1.4096617  -0.71370277  0.15931288
  0.84128041 -1.64891847 -1.05495334]
[ 1.          0.87622804  1.33395951 -0.36118843  0.05954012  0.86959094
  1.03487913 -1.18788757  1.04315251 -0.36455937  0.45902643 -0.03264681
 -0.58885504  1.08007245  0.26379688  0.03773749  0.94951419  1.13006996
 -0.4460134  -0.99564455  0.07402396]
[ 1.          0.87313791  0.42576819  0.49787372  0.39823419 -0.6148148
 -0.06526342  0.63411385 -0.45230929 -1.8106957   0.58417802  0.91506803
  0.23123595  1.57227983  2.19596468  0.30595401 -1.67133863 -0.96136028
 -1.39055107  1.60552767  2.13781611]
[ 1.          0.89381836  1.34112101 -0.37782371  0.16281643  1.20496592
  2.47920934 -1.26216344  0.90678801  0.02358161  0.40957575 -0.25135015
 -0.33251653 -0.36235259  0.810559   -0.77644188  0.65616491 -0.62470626
  0.26767455 -0.36796619 -0.29432677]
[ 1.         -1.150487   -0.14746615 -2.25929664  2.34167168 -0.31833062
 -0.71111385  0.29430465  0.99753494  0.24519123 -0.53681024  0.19582226
  0.05245789 -0.36038595 -0.33290766  0.65976329  1.1217124  -0.61682762
 -0.52554742  0.04001074  0.16591818]
[ 1.          0.59119671  1.31354204  1.09139567  0.02989774 -0.04847941
 -2.17609682 -1.54333892  0.06313484 -2.26378847  1.19801811  1.43816417
 -2.13104041 -2.24204338  0.16433581 -2.33590495  1.06918086 -1.08256759
  0.691814   -2.10414717  0.65917042]
[ 1.         -0.89746838  0.37994053  1.06179444  0.51679656 -0.37974663
  1.16174702  1.50679868  0.32589543 -1.53403289 -1.17936573  0.99691468
 -1.7757337  -0.34844146 -1.19209681 -0.83547747  0.5907248   0.30579031
  0.66519168 -0.99747622  0.62510377]
[ 1.         -0.9825226   0.14280157  4.01150216  3.15057626  1.20404251
 -0.09233158 -1.32217633 -1.01705529 -1.01996663  0.8801681  -1.47019629
  0.19002241  0.13748316 -0.54961008  1.47929899  0.11171179 -1.56268513
 -0.31697829  1.14329967  0.37531375]
[ 1.          0.89061846 -1.4062226   0.33024325 -0.12416124 -0.53849444
 -1.75742522  1.20557863 -1.45542725 -1.41121961 -2.50291948  0.06136227
 -1.24252207  1.9054618  -1.46894536  0.30166061 -2.49299718 -0.86152173
 -1.58420122  0.30896432 -2.90624238]
[ 1.          0.7744658  -0.83401921  1.2179179   0.85465436 -4.6078848
  0.32239836 -1.72414017  2.53929017  0.7142388   2.89540365  1.36731137
  1.67577702  1.84567871 -1.46150013 -2.68540787  0.80987268 -1.91953065
 -0.53274275 -0.40179214 -1.94127164]
[ 1.         -0.7252588   0.21519494  1.74429774  1.18466587  0.44580314
 -1.78711437 -1.58232525  0.9752324   1.45189763 -0.97278156  1.1307706
  1.10358383 -0.29308357 -0.54116933  1.13557304  1.28554738  1.04525363
 -0.46123556 -1.63300575  0.16533829]
[ 1.          0.92182405 -2.26037391  0.0679525  -0.20154399  2.81479651
 -0.5574126   2.15612002  1.56773813  2.49153077  3.53669627  0.09928618
 -1.33068405  1.28225909 -4.17743805 -2.11097851 -0.43789142  0.35356907
  0.66597247  0.71240057  2.75587086]
[ 1.         -1.17145481 -0.18292434 -0.30205385  0.0817411  -0.67906458
  1.73102777 -0.0733661  -3.66552312 -1.57051519  3.01222804 -1.1606337
  1.47394813 -0.27952316 -2.06408076  1.89452877  1.74488904  0.73610846
 -0.54603166 -1.55398318 -0.64874844]
[ 1.          0.90225205 -0.90438132  0.2176506  -0.0953101  -0.18065413
  1.41544001  0.65554493  1.31977698  0.70150073  0.28911743 -0.2808551
  0.15338218  1.01748125 -0.02584448  0.96896523 -0.51785895 -1.74040549
  0.35047818  0.34916579 -0.76538727]
[ 1.          0.92216671 -1.31779133  0.04845436 -0.01467947 -0.67549544
  0.24818309 -0.21745845 -0.5305437  -0.0054786  -1.22250317 -1.3685992
  0.72691972  1.58414922  0.68366995 -1.77616727  0.26392968 -0.94634478
 -0.74440914 -0.3789824   0.44684324]
[ 1.         -1.15035185 -0.07071915  0.28008452 -0.50104232 -0.24547355
  0.62363471  0.52072233 -0.52378644 -0.03844189  0.11925083  0.25450742
  0.46870081 -0.36445773  0.19388073 -1.36805968 -0.87618363  1.24983673
 -0.00295657 -1.05927233  0.30014221]
[ 1.          0.9226312  -1.34312401 -0.34170338 -0.09304145  0.63726651
  1.29992335 -0.55648332  0.86458359  0.72310137  0.43883303 -0.19059312
 -0.46225421  0.91449788 -1.71304789 -0.30230256 -0.68124398  0.15547563
 -0.44386824 -1.78757173  0.55978759]
[ 1.         -0.71938998  0.83879216  4.14688286  0.81228174 -1.6290751
  4.46412415  5.33514868 -0.07690822 -0.44446446 -0.41901172  1.71473443
 -0.47247551 -1.19953893 -0.14265649 -0.75253184  0.20221514 -0.34700682
 -0.98873576 -0.29478381 -0.54152886]
[ 1.          0.91718192 -1.58507594  0.23256104  0.05170653 -0.33968362
 -0.41618982  0.48052657 -0.37204579  0.03449553  0.23406314 -0.58333519
 -0.05350796 -0.32169693  0.01949706 -0.01786304  0.62798134 -0.32018882
  1.34437952 -0.44080311  0.11989661]
[ 1.          0.90061794 -0.96193777 -0.08329542 -0.07524392  0.43518468
 -0.53556288  0.99580586 -0.33085876  0.32786613  0.13777558 -0.61295666
 -0.07431628  0.74498794  0.28628652  0.29841205 -0.60482294  0.2373042
  0.11825237 -1.6952021   0.04727754]
[ 1.         -1.18061377 -0.06534631 -0.42129674 -1.22475683  0.44588665
 -0.84266155 -0.35049806  1.30209379 -1.45137667  0.07176115 -1.40404123
  1.56557358 -0.38092747 -0.88111441  0.36764317 -0.53381578 -0.15154123
 -0.19753432  0.31458137 -0.47510793]
[ 1.         -1.17711073 -0.10278758 -1.81627614  0.12908911 -0.24043347
 -0.29297419 -0.05309162  0.17458022 -0.82608768  0.22721495 -0.69593941
  0.33713121 -0.28081405 -0.95665912  1.02984325  0.81110648 -0.54572239
 -0.61782681 -0.1276703   0.21949977]
[ 1.          0.93527426  0.1066911  -0.32889998 -0.27691753  1.35734842
 -1.31957009  1.09079762 -1.13080972 -1.6053475   0.09114229 -0.29014726
 -3.12409043 -2.49074277  1.92886351  1.67814313  2.28776171  1.68602873
  0.89500404 -0.24321063  0.10131802]
[ 1.          0.92354348  0.25804472 -0.50537359  0.01979316 -1.27588912
  1.06964234 -1.3531387   0.13164735 -0.24363837  0.01067372 -0.93799701
  2.29428061  1.42152396  1.92716604 -1.56977931  0.19202217 -2.03048523
  1.80539017  0.78256014  1.82088849]
[ 1.          0.63583186 -0.69659837  0.46618887 -0.1088255   1.55951643
 -0.99794959 -0.0368048  -1.0525182   2.14956491 -1.16753007  0.36095196
  0.80178985  1.055534   -0.41875858 -2.4614223   0.9418717   1.95680669
 -0.58289444 -1.08400532 -0.92364317]
[ 1.          0.92546693 -1.70937078  0.34974873  0.1219083  -1.32406521
 -1.48840897  0.48695115  0.19044527 -1.42054835  0.78489758 -0.97022555
 -0.47451594  0.9123091   1.5170566  -0.04701078  0.94042447  0.74336153
  0.30457905 -0.77541027  0.04922407]
[ 1.          0.88133743  1.19558116  0.08778294 -0.24820451 -0.59465503
  0.08475642 -0.21521053 -0.49219551 -2.59953463 -3.42319996 -0.24348623
 -2.84666064  0.4325598   0.40058513  1.5294077  -0.69300984  0.8333307
  0.31647819  0.67604999 -1.39782843]
[ 1.          0.86067962  1.83777951 -0.18173961  0.16867687  0.17460219
  0.7123016  -1.52109127  0.28841451 -0.4690281   0.85265722 -1.44931169
 -0.54721869  1.4144028   0.06742534 -3.93085648  1.15167713 -0.05683767
 -1.85681509  2.28347523  1.92847356]
[ 1.         -1.0847966   0.14615883  0.09050165 -1.44313222 -0.17075525
  0.3814803   0.78771384  0.36091983 -0.96631435 -0.07861908 -0.36984263
  0.05105961 -0.77657809 -0.38186339  0.00429937  0.24718932 -1.01925586
 -0.75115113  0.10614634  1.50128779]
[ 1.          0.90985267  1.31078797 -0.3491736  -0.03540793 -2.02070635
  0.06767907 -1.05482892  0.87733785  0.26252003  0.0656265  -1.55880723
 -1.42712662  0.93433321 -1.41485882  0.50892001 -1.78723406 -0.21124104
  1.69701774 -0.52344071  1.84450811]
[ 1.         -1.14333943 -0.00307049  0.93461218 -0.84201634  0.30104419
  0.88009684 -0.62194571 -1.894223   -0.88088718  1.643346   -1.00714699
  0.38239854  0.302637   -0.8831014   0.66448128  0.1269869   0.47160643
  0.54037246  0.30717835 -1.35689606]
[ 1.         -1.16407368 -0.08325737 -1.21215629 -0.04197364 -0.46749708
  0.58556636  0.27815963 -0.80810434  0.13366794  0.17759851  0.25150524
 -0.91133451  0.588988    0.48538619 -0.43400812 -0.18617062  0.51177041
  1.07243217  0.57285879 -0.54775979]
[ 1.          0.93182039 -1.95354705 -0.25274335 -0.24638618  1.55805516
  1.48960891  0.25964008 -0.03307054  1.52203612 -0.8361744   0.18473561
  1.93247353  0.18950039 -1.26535472 -0.05669766 -0.29892578 -1.61189383
  0.85447988  2.3834026   0.72441671]
[ 1.         -1.09349762 -0.01420767  0.861756   -1.23945895 -0.0279449
 -0.83672054 -0.603139    0.35929946  1.55228037 -0.48818596  0.93289827
 -1.04828048 -0.29172251  0.55170027  0.78442638  0.74385318 -1.01215101
 -0.66776574 -0.1515575   1.76356607]
[ 1.          0.88453323  1.21849415  0.05498383 -0.19328559  0.27087964
  0.80103275  0.80129062 -0.5316749   0.54589988 -1.34088426 -0.45039236
 -0.5360363  -0.84717231 -0.52398163  1.16529111  0.60667042 -1.56558939
  2.46782649  1.16484726  0.8379348 ]
[ 1.          0.9155419   0.4908691  -0.34821152 -0.03419321  1.3090813
 -0.69121468  0.78538124  0.25904336 -1.39741682  0.85430675 -0.0590679
 -0.17247022  2.41606816  0.80505546 -0.33768122  2.76674616  0.45934635
  1.48161406  0.73703551  1.57539241]
[ 1.          0.85992979  1.03473809 -0.44534998  0.19272594  0.75624973
  0.92805092 -0.11915708  1.31294614 -0.166342    1.09735072  0.33828719
 -1.60412541  0.09333894 -2.47106964 -1.44863504  0.20540994  0.09785965
  1.8197187  -0.06865945  1.41368954]
[ 1.          0.91535998 -1.05506604 -0.16033749  0.12866258 -0.29811859
  1.75181903 -1.18583459  0.94365507  2.08837155  0.40336007 -2.81252521
 -0.15879314 -1.81896458  1.34929101  0.54540521 -0.11692061  1.24384748
 -1.53394693 -0.65866513 -0.96214899]
[ 1.          0.09417705  1.16011575  1.79580118 -1.3845548  -1.32293629
  1.86347873  0.57749059  0.59706048 -0.04556885 -2.45485435  0.057292
 -2.53363729 -1.75425074  0.03950002  0.70534144  2.45035818  0.18024453
  1.92427551  2.4262274   1.85092027]
[ 1.         -0.95095729  0.29930736  3.1772368  -0.60549249  1.0481261
 -0.99120821  0.35090675  2.86610064  0.35805074 -1.45080831  0.35521866
  0.30433826 -0.07382778  0.41446492 -0.92388894  0.36388047  0.338152
  0.44133004  0.4949584  -1.49545319]
[ 1.         -1.14869822 -0.13898216 -0.75021789 -1.11193455  0.02006888
 -0.2352643  -1.09812367 -0.97555391  0.59620841  0.33536582  0.08602148
 -0.57342738  1.45876554  0.29158919  1.0804401   0.30807986 -0.03296159
  0.09987928  0.4232439  -1.46703016]
[ 1.          0.90220015 -0.62253349  0.77707121  0.11750795 -1.52567098
 -1.92313958  0.93127385 -0.19862897  1.29199998  1.36177931 -1.26543752
  0.56582825 -0.42036236  0.01263731 -1.55421819  1.26005981 -0.04212323
  0.82652178  0.75870911  1.47661664]
[ 1.          0.89792112 -0.1283904  -0.46468692  0.00482405  1.82175111
 -0.80646011  0.3169949  -0.39048037  0.33887791  0.89616355  0.35639437
  0.16555032 -1.37019804 -0.33902208 -1.47158885 -0.39452978 -1.32903348
  0.32800423 -1.01434938 -0.5460991 ]
[ 1.          0.86677829  1.54098061  0.29194843  0.52986676 -1.21572267
 -1.07072125 -0.71664113 -0.52037742 -1.64312569 -0.5117055  -1.21213949
 -0.55800356 -1.08367124  2.78300196 -1.09401108  2.018504    0.23829844
  0.31015332 -0.88207059  0.56631712]
[ 1.         -0.46559235  0.76911068  1.52182351  0.64060985  0.97519168
 -0.87796293  0.94105793  3.76859993 -1.26993895 -1.21358946 -1.15683798
 -1.35884642  0.46989315 -0.58773766  0.35828291 -0.46390895 -0.4963202
  1.77484552  2.03374801 -2.59965401]
[ 1.          0.78743709  0.35743147  0.0447712   0.14673073 -1.83888932
  2.2702164  -1.89771514  1.05651646  0.61589894 -0.28487281 -0.9856874
  0.01659178 -0.72983781  1.57695934  1.19099221 -2.13075534  2.32682184
 -3.32087906  1.8385987  -0.56905443]
[  1.00000000e+00   8.94962411e-01   1.48866792e+00  -3.06227628e-01
  -1.91787172e-01   6.23609695e-01  -1.22637645e+00   5.20370306e-01
  -6.87898412e-01   1.06319154e+00   6.78184486e-01  -1.14222781e-02
   7.05799003e-01  -2.01243783e+00   7.14102569e-01   2.57747808e-01
   1.13808821e+00   1.04813197e+00  -1.77784703e-03   1.16242569e-01
  -8.44773722e-01]
[ 1.          0.90322715 -1.6396677   0.28465526 -0.01104767 -0.32086966
 -0.26415632  0.04794824  0.06258737 -0.59082694 -0.28850433  1.49757544
  1.90030847  0.84558833  0.27459591  1.2858079   0.64976731  1.07753174
  0.15273526 -0.89810664  0.44153486]
[ 1.          0.90945146 -1.3722442  -0.70367233  0.01864592  3.1722175
  1.5840221   0.3504126  -0.73550716  0.70419315 -1.33176718 -0.29932097
  1.6788289  -1.31225741  1.31521228 -0.04831452  1.09572477 -2.455343
  1.89726992  0.84549501 -0.73142051]
[ 1.          0.90593602  1.06322982 -0.38720797 -0.02525105 -0.29876197
  0.324942   -0.77824927  0.13282586  0.42708765 -0.01611239 -0.71771202
 -0.6975327  -0.76735566  0.21287528  0.37586674 -1.56046594 -0.0814482
 -0.66134307 -0.03436249  0.02269382]
[ 1.         -1.15595743 -0.13932753 -0.28050684  0.17533784  0.16237142
 -0.15550769 -0.33936226 -0.65561427  1.81334646 -0.53818618  1.17680952
 -1.27505959  1.35252063  1.86131622 -1.8592706  -1.39201565  1.61498414
  1.89387984  0.12663922 -1.11565773]
[ 1.          0.79846973  1.06269063 -1.02085158  0.17636987  2.83133883
  0.10790522 -0.11648275  0.62831704  0.89102444  1.65039994  0.0585548
  0.10299038 -1.01507093  0.15325305 -0.6090585  -1.36506456 -1.25693311
  3.08017504 -0.39765121 -0.00463224]
[ 1.          0.83916596  1.33401178  0.28719379  0.24765283 -0.32743702
 -1.12083813  0.04803284  0.03748793  0.69002514  0.47035764 -0.35549074
 -0.06651694 -0.48260871 -0.9067126  -1.6396423   0.63216086 -1.05740595
 -1.72343438 -0.94723538 -2.96135256]
[ 1.         -1.15960193 -0.00796254  0.10061516 -1.39784476  0.12091807
 -0.02668382  0.50110256  0.96794744 -1.03578484 -0.38412367 -0.45145847
  0.80108058 -0.86514657 -0.17069098 -0.86822358 -0.63967245  0.45848799
 -0.03163583 -0.46421248  0.74373018]
[ 1.          0.82669662 -0.0090959   0.69559741 -0.2621933  -1.20294268
  0.83493254  0.67595874  0.01476128  1.54391244 -1.82546284 -0.89635774
  1.06008321  0.37734741 -0.67696916  2.36501779  1.08575985  2.37206108
  1.25252378 -1.28701963  1.47693439]
[ 1.          0.88679612  1.8352768  -0.71369176 -0.08405938  2.30659394
  0.2827058   1.08957297  0.75178316 -0.09033246  1.71297124  1.21397372
  0.75047579  2.0574584   0.15555146  1.50683712 -1.62818299  0.52410268
 -1.304449   -0.66912922  0.41755525]
[ 1.         -1.14096542 -0.05531565  0.15153544 -0.45530996  0.46225248
 -0.07226506 -0.75667692 -0.38595712 -2.11957479  1.26613135 -2.19325362
  0.73282232  0.59262205 -1.42524455  0.76630821 -0.28738818  0.52344411
  2.32319165  2.10983029 -3.54653296]
[ 1.          0.90180246  1.61452269 -0.44582355  0.03217348  1.84479598
 -1.47083242  1.10268429 -1.24109478 -1.22432498  0.19603478  0.24988027
 -1.18646844  0.86756177 -0.60967247 -0.27203775 -1.57171882  0.04170837
 -1.47603588 -1.6183657   0.61785537]
[ 1.          0.93721237 -1.45637991 -0.21254803  0.02702693 -1.05405409
  0.7446478  -2.39426062 -0.52348709 -1.29215841 -1.64678251  2.31693744
  2.39579006 -1.54433934  0.5359957   0.13298743 -0.0207326   1.49733193
 -0.26060875  0.44837359  0.10653241]
[ 1.          0.90162244  0.45061969  0.49219322  0.03596115 -1.82946411
 -1.62837635  0.78449103 -0.53685278 -0.86604199  0.66944742  0.52443574
 -0.98535473  0.85716432 -0.5953969   0.54760817 -0.54334825 -2.31445828
  0.7566239  -3.21354225 -1.44374073]
[ 1.          0.67591486  1.2903012   1.84951886 -0.68998089 -3.72190205
 -1.85474379  1.96039232  1.37903011  3.90680479  1.02268297  1.39530637
 -0.29815397 -1.26508192 -4.30227463  0.05652396 -1.25540532 -1.78590942
 -1.77869249  3.17171177 -3.86194823]
[ 1.         -1.15411437 -0.00903554  0.03781915 -3.28348561 -0.15744361
 -0.87435342 -0.18236772  0.91778014  1.41005543 -0.68102251  1.11494142
 -0.5212927   0.48411924  0.95328558  0.50139579  0.87384063 -1.74190345
 -1.63340464 -0.13176661  0.52734001]
[ 1.          0.86099692  1.62077543 -0.07143019  0.28882751  1.03194701
  1.10808176 -0.45861303 -0.79024771  0.15091274 -1.97445645 -1.40342846
 -0.65554514  0.86923818 -0.80377447 -0.02873459  0.57964618 -0.793977
 -0.02978981 -1.50129487  0.65402997]
[ 1.         -1.11773087 -0.0428545   0.53890404 -0.41185605 -0.73634057
  1.17297281  0.1775351  -2.06155627  1.63371345  0.47752392  1.45379026
 -1.05373763  0.36588815  0.17334474  0.99173121  1.32609404 -1.26791875
 -0.89223418 -0.98057732  0.36384465]
[ 1.          0.9151998  -1.16087352  0.35937291  0.07495857 -0.93363698
 -0.09835229  0.23316103  0.17554098  0.13126344  0.43918073 -1.6963853
 -0.98835211 -1.01988659  1.61963743 -0.04174965 -0.3140495  -0.51834151
 -0.15342348 -1.98000949 -0.66517762]
[ 1.          0.88345081  1.94893877 -0.1765675  -0.09237897  1.04970003
 -0.18202158  0.55693599 -1.91657457  0.30988495 -2.39474684 -1.13384025
  0.74729738  0.48466333 -0.80933187 -1.03473022  2.46731573  0.57202552
 -0.8314886  -0.13821008 -0.31374221]
[ 1.          0.92027134 -1.46790146  0.05701092  0.19077258 -0.06606173
 -1.56443012 -0.42497845 -1.4963548  -2.12381102  0.012053    1.63458292
 -1.31364323 -1.09269947  0.26036993 -0.98105534 -2.07371175 -1.69404884
 -0.70354803  1.77493506  0.1721987 ]
[ 1.          0.89941277  0.61584949  0.12807638 -0.11125851 -0.7621541
 -1.06674006  1.44752144  0.58478505  0.79950958  1.55727498  0.13361622
  1.19249195  0.21387072  1.24050457  2.21080735  0.50776554  0.96176854
  1.5947394   0.58138509  0.2047342 ]
[ 1.          0.84564109  0.16914541 -0.01108506 -0.2640964   1.1016966
  1.55151481 -0.33272205  2.21531581 -1.80580026  0.98770247  2.52098575
 -3.81995158 -1.02533865  0.49800381  2.69279126  2.08013253  2.77256112
 -0.37544262  0.25306914 -0.82764368]
[ 1.          0.91463347 -1.1390395   0.34315058 -0.00948662 -0.2804192
 -1.70064969  1.4151535  -1.27595961  0.61220958 -0.72909202 -0.56228321
  0.63047913  0.73270277 -1.16770963 -0.04753945 -1.13826218  1.95148362
 -1.67015013  1.75339431  1.43093174]
