Cluster centers 

[ 1.04305611 -0.07389529 -0.31759014  0.69302982]
[-1.08679471  1.21359571  0.05749274  0.10740618]
[-1.01529628 -1.33859032  0.51762361 -0.39829696]
[ 0.88357813 -0.30633873 -1.84397676 -0.88979383]
[ 0.98185372  1.24372285  0.78283738  0.59176679]
[ 0.74817841 -0.65365263  1.58809867 -0.36383316]
[-1.12531078 -0.79203349 -0.79107294  1.16803197]
[-0.95833766 -1.29955737  0.80942742 -2.78818039]
[ 1.0320783  -0.42503452 -0.27502364 -1.12515016]
[ 0.47262654  2.26058169  2.26630361 -1.35776941]
[ 0.92554747 -0.10793201  1.01306966  0.67407244]
[-1.10064479  2.1543205  -0.06700105 -1.27810758]
[ 0.93313894  0.75681987 -1.59006263  1.31143347]
[ 0.85433    -0.13289681 -1.97906517 -3.05628442]
[-1.06660906  0.01138825  0.18554415  1.14928726]
[-1.11011214 -1.18376243 -1.49406659 -0.52369893]
[-0.89626084 -0.90618741  1.04913051  0.80439989]
[-1.1118324   0.08894383 -1.11465984  1.40110309]
[-1.13637088 -1.25442584 -0.87762667 -0.44794208]
[ 1.00358692 -0.22748602 -1.07113338  0.21794947]
[ 0.92055947 -0.24329782 -1.62801569 -2.33616263]
[ 0.28657729 -0.41513528  2.26690787  0.57728764]
[-0.77826408  1.40602115  1.49684255 -0.49152723]
[-1.0413432  -1.34927229  0.35976634 -1.92551822]
[ 0.98659539 -0.52969084  0.47888133 -1.21386963]
[ 1.02974146 -0.37478799  0.0304204  -0.14438869]
[ 1.03116213  0.43437158  0.24710228  1.04150343]
[-1.10599992  2.72027155 -0.07209567 -2.35722633]
[-1.10039207  1.05218689 -1.22317198  0.70382528]
[ 0.49124761  1.91077737  2.14160339 -0.77785128]
[-1.01621131 -1.17314102  0.50578556  0.40654981]
[-1.11468175 -0.26192773 -0.43386975  1.34663206]
[ 1.03607903  1.07622964  0.17835345  0.88596258]
[ 1.01859478 -0.36075393 -0.72250049 -1.81341567]
[ 0.79534858 -0.20402406 -2.23043076  0.34041962]
[ 1.04815197  0.57724967 -0.27813633  1.11280846]
[-1.09904498  0.80227415 -0.12774443  0.63257073]
[ 0.85931752  0.39632717  1.35239732  0.84572964]
[-1.13980909 -1.24977285 -1.04086881 -1.18824002]
[-1.07526503 -0.31530605 -1.6146067   1.54176438]
[-0.65860155 -1.31063263  1.66691703 -0.55099208]
[-1.12148758  1.40646468 -0.75221708  0.11321991]
[ 0.81177395 -0.26545718 -2.15312979 -1.7760051 ]
[-1.11130672 -1.12200898 -0.30114742  0.55101701]
[-1.08945697 -1.15596051  0.07192702 -3.48861332]
[ 1.01214211 -0.27514569  0.34561088  0.34001257]
[ 1.03057081 -0.15708843 -0.7456963   0.50362761]
[-0.89909119  1.9964983   1.11839445 -1.33174407]
[-0.95978829 -0.47631112  0.78093494  1.08269661]
[ 1.01795044  0.04147588  0.35188259  0.84826298]
[ 0.77167099 -0.24450045  1.57478483  0.54610979]
[-1.12424253  2.36216475 -0.8583809  -1.35264574]
[ 0.84837389 -0.5238803   1.29894054 -0.02614104]
[ 0.64795381  0.16800158 -2.63160894  1.38084636]
[ 1.00166247  1.95040439  0.59233627 -0.08011142]
[ 0.32526145 -0.87976467  2.21012346 -0.32060978]
[-0.60746557  2.54898853 -1.36757802 -1.14030697]
[-1.13102206 -1.17370924 -0.95830034  0.20146098]
[ 0.98046581 -0.33042377 -1.25158289 -1.35996545]
[-1.08273953 -0.59449293  0.02251011  1.19871675]
[ 1.04033798 -0.27806305 -0.34358649  0.15859943]
[ 0.98855295 -0.39596438  0.54973175  0.00822229]
[-1.1179432   0.39501414 -0.62849899  1.12728916]
[ 1.01916506 -0.31665684 -0.85950783 -0.25281224]
[ 1.0251203   0.56363622 -0.87116533  1.23748187]
[-1.10457787  1.79275384 -0.14633126 -0.65293357]
[-1.05578387  1.76383377 -1.68825247 -0.02720805]
[ 0.98141441 -0.16288599 -1.17618443 -3.28123058]
[-0.95881663 -1.38707825  0.79223479 -1.56031778]
[-0.79286133 -1.23519038  1.34790058 -3.35861579]
[-1.00915641  0.50105236  0.58498567  0.72784351]
[ 0.44377956  0.87750212  2.25684689  0.33299795]
[ 0.74009221 -0.76237     1.57020813 -1.47707152]
[ 1.03507834 -0.37236438 -0.44956911 -0.47089381]
[-0.56835201 -0.92003108  1.84837317  0.48441967]
[-1.1174099   1.87450457 -0.98794548 -0.48122792]
[-1.01615808  1.72290886  0.61716405 -0.77230813]
[-1.09732505 -0.96719809 -1.45173078  0.80836457]
[ 0.91483726 -0.09214313 -1.70569893  0.67048058]
[ 0.54937284  1.68023223 -2.64840316  1.08384293]
[-1.10727503 -1.33873136 -0.16159312 -1.32604414]
[-0.83040715  0.80736212  1.33868113  0.26966485]
[-1.05765785 -0.9970268   0.22727433  0.82248354]
[ 1.04164775  1.65245206 -0.3414125   0.57150247]
[ 0.95530771 -0.29391001 -1.45739002 -0.32698558]
[ 1.01564906 -0.36081798 -0.87055699 -0.89039002]
[ 1.01668833 -0.47005926  0.17866847 -0.81895873]
[ 0.13807426  0.35137118  2.37698368  0.60821376]
[ 0.77832951  1.18320774  1.66097817  0.32362169]
[-1.07559662 -1.34431247  0.12564973 -0.63511464]
[-1.122712   -1.27964783 -0.27323258 -2.24015797]
[ 0.92659022 -0.52903759  0.92323543 -0.38094105]
[ 0.93961794  0.76005911  1.03186388  0.83568159]
[ 1.00094115  0.09790281 -1.09802051  0.99897684]
[-1.01708806  1.2140022   0.58013114 -0.0373695 ]
[-1.06796971 -1.24382782  0.1691612   0.15564514]
[-0.95356467 -1.38237381  0.81172495 -0.93376694]
[-0.83919044 -1.27384008  1.232972   -0.0804958 ]
[ 0.99437573 -0.42879884  0.19025746 -2.57034041]
[-1.11545635 -1.28353848 -0.29379408 -0.22485326]

Populations

0.0252177096623
0.0126904829284
0.00612554463161
0.0122088692527
0.00522135769369
0.00642593401161
0.0142251995002
0.00460673705939
0.0174413415144
0.00601993123005
0.0243859459196
0.0117473971142
0.00452712691766
0.00312855428413
0.00844691147537
0.00243003105573
0.00825855316154
0.0089144870934
0.00467080144263
0.0179977614626
0.00347592011694
0.00954113311608
0.00290996927741
0.00561416812792
0.00945844813804
0.022598483081
0.0141652418026
0.00577632331403
0.0095676584952
0.0076953624429
0.00639316208379
0.0125836552116
0.00933561776159
0.0147882641508
0.00594469711436
0.016883665781
0.0147307895914
0.0096416102597
0.00313823282035
0.00482058993361
0.00492809709716
0.0101347631172
0.00314373978546
0.0167230162921
0.00270971671208
0.0246249957349
0.0200093322739
0.0053173028854
0.00883630704661
0.0292771668394
0.0181495896642
0.00825476129238
0.0111166257883
0.00282854935087
0.00992255821131
0.0126191633288
0.00220678327204
0.00973549436034
0.0153072449172
0.0122338367886
0.0233958975368
0.0161535481544
0.011437354973
0.0200020496265
0.0104448962742
0.0130776592694
0.00168232112338
0.00134126015686
0.00646358366877
0.00256538243076
0.012412730669
0.00525553313974
0.00420944653047
0.0212358225338
0.0055685248992
0.00598078804537
0.00732775397871
0.00489145120013
0.00659505295577
0.00310639975602
0.0125760942709
0.00666900104413
0.0116710043951
0.00791665666141
0.0179688847646
0.0218864227937
0.0118102337228
0.00247402334452
0.0120364471345
0.0101670428382
0.00323201548679
0.0110412002358
0.0110181233506
0.0104756044006
0.0105434035109
0.0102669415338
0.00629676596729
0.00395318609957
0.00526441737934
0.00775235935356

State labels

0
1
2
3
4
5
6
7
8
9
10
11
12
13
14
15
16
17
18
19
20
21
22
23
24
25
26
27
28
29
30
31
32
33
34
35
36
37
38
39
40
41
42
43
44
45
46
47
48
49
50
51
52
53
54
55
56
57
58
59
60
61
62
63
64
65
66
67
68
69
70
71
72
73
74
75
76
77
78
79
80
81
82
83
84
85
86
87
88
89
90
91
92
93
94
95
96
97
98
99

Eigen values

1.0
0.948423226531
0.238444878079
0.224286167383
0.214866738579
0.208352775376
0.204048642141
0.196485321444
0.188355809159
0.181789395831
0.179469179775
0.168188669679
0.16518596372
0.161126929491
0.155092138196
0.150775741624
0.145679768588
0.140172620284
0.138373528137
0.136931346878
0.126424283814

Left eigenvectors

[ 0.02521771  0.02037545  0.00428418  0.00048029  0.01682931 -0.00611414
  0.01213021  0.00168609 -0.01236432 -0.00181628 -0.01249033 -0.0029518
  0.01644075 -0.00143316  0.00683084 -0.02583011  0.00517788 -0.03033928
 -0.00348262 -0.02758481  0.00884316]
[ 0.01269048 -0.01633735  0.00847168  0.02228303 -0.01154609  0.01431798
  0.00397414  0.01819398 -0.01000527  0.00022467 -0.00107993 -0.00453231
 -0.01474675 -0.01904224  0.00253846 -0.00517542 -0.0059156   0.00328728
 -0.01246268 -0.00650955  0.00033252]
[ 0.00612554 -0.00745213 -0.00571584 -0.00626345 -0.00103369  0.00285765
  0.00154962  0.00802193 -0.00157606 -0.01589076 -0.00107315  0.00571509
  0.00051159 -0.01228331 -0.00803488  0.00062133  0.00110278 -0.003294
  0.01280034 -0.00622575 -0.0025658 ]
[ 0.01220887  0.01024704  0.00111508 -0.00137152 -0.01247187  0.00779596
 -0.00877816 -0.00895141  0.01465883 -0.00281957 -0.01678108 -0.02295357
  0.00656218 -0.00212194 -0.01571043 -0.00658753 -0.01133338 -0.01512771
  0.00027139  0.00043996  0.00391378]
[ 0.00522136  0.00439513  0.00578683  0.0036789   0.01593142 -0.00118416
 -0.00834653  0.00274907 -0.00266407 -0.00123611  0.00905412  0.0050271
 -0.00657475 -0.00344062 -0.00040501 -0.00287299  0.0040125   0.0099718
  0.00723769  0.00375596  0.00059801]
[ 0.00642593  0.00433743 -0.00062043 -0.00336616 -0.01677407 -0.00922162
 -0.01694538  0.0063063   0.01076378  0.00139203 -0.01079975 -0.00144842
 -0.00124898 -0.0002854   0.00351427 -0.00028235  0.0009905  -0.0141554
 -0.00817406  0.01371854 -0.00199315]
[ 0.0142252  -0.01895506 -0.0285155   0.00431661  0.014219   -0.0128609
 -0.01322339 -0.01669215 -0.00040656  0.01520295 -0.01739821 -0.00107606
 -0.00334586  0.00679993 -0.00684119  0.00998036  0.02078897  0.00567008
 -0.00499171 -0.00981186 -0.00404376]
[  4.60673706e-03  -5.77265056e-03  -5.64372151e-04  -1.01480631e-02
   5.55461111e-03  -8.08210516e-03   9.96465156e-04  -1.21420498e-02
   2.24516988e-03   2.71282408e-03  -1.11387681e-02   8.08507093e-03
  -1.47572727e-02  -2.83426788e-03  -1.18157396e-03   1.99679661e-03
  -6.14299193e-05  -1.11742263e-03  -4.81262908e-03   5.05056642e-04
   8.21356021e-04]
[ 0.01744134  0.01426578 -0.00173581 -0.00042345  0.000232   -0.03436492
  0.01031887  0.02163485 -0.00480813 -0.00549039 -0.00044773 -0.0213931
 -0.01236844  0.00870549 -0.01146326 -0.0206652   0.01134646 -0.01062261
 -0.00137501  0.00709134 -0.0092627 ]
[ 0.00601993  0.00398671 -0.00218145  0.00340835 -0.00224557  0.00031228
 -0.01035091 -0.00646846  0.00138272 -0.00112837  0.00502842  0.0015156
  0.00703945 -0.00649512  0.00447983 -0.01303884  0.00764963 -0.01576505
 -0.00920295 -0.00069856 -0.00254885]
[ 0.02438595  0.01904154 -0.01408769 -0.0006421   0.00075822  0.01946104
  0.02485575 -0.01925968 -0.00718112  0.00793113  0.0219429   0.02235932
  0.00058515 -0.00771135  0.00259977  0.02036364  0.00527933  0.0203035
  0.0045812  -0.0101737   0.00071045]
[ 0.0117474  -0.01464632 -0.00435172  0.03123722 -0.00414103  0.00319689
 -0.00815297 -0.00179244 -0.02468658 -0.00361759  0.00675351 -0.02347925
 -0.00924595  0.00206721  0.02266542  0.0108962  -0.01798715 -0.00460285
  0.02296768 -0.0069068   0.01241854]
[ 0.00452713  0.00368286 -0.00097064 -0.00308546 -0.01437954 -0.00420606
 -0.00704614  0.00440707  0.00661768 -0.00016752 -0.01291795 -0.00058941
  0.00258222  0.00775693  0.00494987  0.007852   -0.01563891  0.00630624
  0.00339017  0.00120082 -0.00299274]
[  3.12855428e-03   2.60500532e-03   6.88449044e-06   6.46859236e-04
   3.31876692e-03   2.03260152e-03   1.13724785e-03  -1.68682545e-03
  -1.49155293e-03  -1.05561517e-03   2.51187104e-03   4.63414804e-03
   1.78613311e-03   2.92766288e-03   9.65673289e-04  -1.06246642e-03
   1.22056809e-03  -2.43275970e-03  -1.85811500e-03   7.78428251e-05
   9.33558737e-03]
[ 0.00844691 -0.01081226  0.01437041 -0.00497061  0.00106084 -0.0021979
  0.00168523 -0.01344851 -0.00065267 -0.01974103 -0.00770523 -0.00881697
 -0.0059764   0.00404388  0.01048296  0.01272432  0.01834043 -0.00266054
 -0.00191204  0.01124665 -0.0150198 ]
[ 0.00243003 -0.00319117  0.00083518 -0.00500394  0.00139528  0.00326997
 -0.000876    0.0048329   0.0046084   0.00652827  0.00207307 -0.00100209
  0.0002564   0.00258671  0.00045224 -0.00539587  0.00549418  0.00312325
 -0.00201803 -0.00732143 -0.01242215]
[ 0.00825855 -0.01061251  0.00217445  0.00622661 -0.01079657  0.00306187
 -0.00690591 -0.00068959 -0.02715502 -0.00286193  0.00487045 -0.00220376
 -0.00269265 -0.00277403 -0.00908001 -0.00534482 -0.00146067 -0.00227103
 -0.0161776  -0.01444754  0.00077248]
[ 0.00891449 -0.01174859 -0.00623089  0.00472018  0.00460029 -0.0059157
 -0.00440576 -0.00164599  0.01267166  0.02264642 -0.00121745  0.00914724
  0.00384544 -0.00421915 -0.00910674 -0.00062384  0.00552281 -0.00512527
  0.02255541 -0.00739217  0.00340098]
[ 0.0046708  -0.00597396 -0.02014528 -0.01827355  0.00976044  0.00055003
 -0.00597893  0.00189825 -0.00439838 -0.00128997 -0.00210869  0.00012915
  0.0053494  -0.0064301  -0.01228214  0.00192451 -0.00333814  0.01080795
 -0.00512029  0.00458673  0.00100404]
[ 0.01799776  0.01470571  0.00689887  0.00071401  0.01753004  0.02586421
  0.00730382 -0.01292744 -0.00576744  0.00141127 -0.02311663  0.00441691
  0.01128548  0.0063863  -0.0039191  -0.01087809  0.00413648  0.01370028
  0.00537286  0.00754616  0.02333982]
[  3.47592012e-03   2.88719056e-03  -2.47058303e-04  -1.91243519e-04
  -3.25082681e-03  -4.93306931e-03  -2.69517985e-03   3.67863362e-03
  -8.00863141e-05   1.21355479e-03   1.37218123e-03   5.39832665e-03
  -1.76767229e-03   1.17965976e-04   6.51311823e-03   4.00879462e-03
  -2.95450156e-03   1.68820281e-02   7.73742918e-03   2.21713604e-03
  -2.77843658e-04]
[ 0.00954113  0.00342562 -0.01284831 -0.0061913  -0.01336784 -0.00484344
 -0.00427023  0.00354672  0.00456178 -0.01212362  0.00356712  0.00030142
 -0.00212042  0.00396271  0.00798027 -0.02523961  0.00446086 -0.00387056
 -0.00577891 -0.00926228 -0.0022417 ]
[ 0.00290997 -0.00366554  0.00025978 -0.0003785  -0.00117904 -0.00293843
 -0.00203193 -0.00783668 -0.00439653 -0.01554444 -0.00310605 -0.0004511
  0.00351292  0.00295233 -0.00164859  0.00651277  0.01001969 -0.00209697
  0.00926573  0.00045608 -0.00571299]
[ 0.00561417 -0.00705651  0.0025757  -0.00274017 -0.00280365 -0.00358126
 -0.00422635 -0.00987309 -0.01373747 -0.00663454  0.0021408  -0.00405433
 -0.00334355  0.00800926  0.00366372  0.00138212 -0.00475621  0.00258458
 -0.01394492 -0.0143061   0.00292724]
[ 0.00945845  0.00786703  0.00253143 -0.0001044  -0.00245931 -0.01649757
 -0.00976964  0.01178611  0.00201051 -0.00063132 -0.0070104   0.00312734
  0.00950794  0.00522096  0.00482243  0.01772443 -0.02660338 -0.00472994
 -0.00085575 -0.0082244  -0.01588414]
[ 0.02259848  0.0185845   0.01689753  0.00728802  0.03657888 -0.00932777
 -0.01458521  0.01134199 -0.01053686 -0.000965    0.01260616  0.01239447
 -0.00262051 -0.01424846  0.00803352  0.00491025  0.00398678  0.03255785
  0.00349544 -0.0057402   0.00537965]
[  1.41652418e-02   1.15508089e-02   2.34020722e-03  -5.96436450e-05
  -3.07218391e-03   1.05341684e-02   2.60736288e-03  -1.96345211e-03
  -1.47624014e-03   3.62441617e-03  -1.10574459e-02  -6.98734218e-04
   5.43405445e-03   1.33331728e-02  -5.17838561e-03   1.11766875e-03
  -2.72443140e-03  -1.89147226e-02  -4.41818847e-03   1.13953369e-02
   6.80848363e-03]
[  5.77632331e-03  -7.71955907e-03   4.74749504e-03  -3.78440088e-03
  -9.35054690e-05  -3.91164597e-03  -2.66984225e-04  -1.21373053e-02
  -9.91308852e-03  -1.88073749e-02   1.47315112e-04  -1.07035273e-02
   2.66434139e-04   4.39827506e-03   1.00361879e-02   1.11895894e-02
   3.48749228e-03  -3.78156959e-03   8.29474059e-03   1.23219483e-02
  -4.45095644e-03]
[ 0.00956766 -0.01292412  0.00735962  0.00678273 -0.00441108 -0.00906784
  0.00360744 -0.00851782  0.00216189  0.00254807  0.00577599  0.00193963
  0.01000105 -0.00552328 -0.00791257 -0.00577987 -0.00367464  0.00293998
  0.00968631  0.00640616  0.00211104]
[ 0.00769536  0.00482018  0.00181394  0.00521889  0.00563443  0.00567938
 -0.03040445 -0.0036284   0.00403523 -0.00174468  0.00937179  0.01622486
  0.00318446 -0.00561485  0.00842541 -0.00299058 -0.01045204 -0.0022449
  0.01584181  0.00124051 -0.01351135]
[ 0.00639316 -0.00776313  0.00998493 -0.01078971 -0.0004037  -0.00056928
  0.00194624 -0.00160614  0.0034232  -0.01686766  0.00135811  0.00581968
  0.01057149  0.01179429 -0.00463411  0.00713687  0.00576918 -0.00079654
  0.00448292 -0.00862058 -0.00177542]
[ 0.01258366 -0.01595716 -0.01509681  0.02368184 -0.0028132  -0.00221599
 -0.00353774 -0.00670803 -0.01329774 -0.00676444 -0.00992929  0.00370143
 -0.00724634  0.00332204 -0.01010816 -0.00320009 -0.00014328  0.00262688
 -0.00329943 -0.00979533 -0.01144843]
[ 0.00933562  0.00742898  0.00075175 -0.00377403 -0.00425715 -0.00246632
  0.00654806 -0.00122299 -0.00558614  0.0058591  -0.0155542   0.00520522
  0.01764179 -0.01190846  0.01251643  0.00199854 -0.00530907  0.00578083
  0.00090804 -0.00498822 -0.00526642]
[ 0.01478826  0.01149238 -0.00990614 -0.00750017 -0.03479046  0.00854699
 -0.00838893 -0.01337697  0.0240239  -0.00356581  0.00101319 -0.01801523
 -0.01764921 -0.0061359  -0.00150049 -0.00775356 -0.00532775  0.03116291
  0.02360169 -0.01323093  0.00442895]
[ 0.0059447   0.00469618  0.0025665  -0.00280345  0.00277171 -0.00818506
  0.00365838  0.00170327 -0.00136899  0.00034579 -0.01021335 -0.00135691
 -0.00163325 -0.00050939 -0.00534667  0.00920817  0.00153915  0.00683571
 -0.00216779 -0.00702453  0.01519327]
[ 0.01688367  0.01335774  0.00423218  0.00245985  0.00165704  0.00540808
  0.00218993  0.00333761 -0.01506561  0.01045596 -0.02082807  0.00191427
  0.01805273 -0.01060833 -0.00408162  0.00546325  0.00162856 -0.02841722
 -0.00920732  0.00366175 -0.00656436]
[ 0.01473079 -0.01938951  0.02208695  0.01451341 -0.00723495 -0.00564282
  0.01197095  0.00107281  0.00332659  0.01524814  0.01643329 -0.00477371
  0.00917571 -0.01080878 -0.00421946 -0.00824773 -0.02206403 -0.00781048
  0.01448237  0.01491806  0.02144033]
[ 0.00964161  0.00774495 -0.00642512  0.00079082 -0.01017256  0.01520191
 -0.00099984 -0.01253542  0.01048856 -0.00141722  0.01891887  0.00814079
 -0.00630278  0.01033822 -0.00843845  0.02575199 -0.00753849 -0.00725988
 -0.01238882  0.00021868  0.00768815]
[ 0.00313823 -0.00417576 -0.00393939  0.00196174  0.00562559  0.00719985
  0.00239139  0.01250444  0.01152327  0.00071918 -0.00667822 -0.00468904
 -0.01095776 -0.00473857  0.01601718  0.01036995  0.00722896 -0.00952778
  0.00416903 -0.01041988  0.00622542]
[  4.82058993e-03  -6.36693767e-03  -1.68813789e-02   4.95672089e-03
   6.73314643e-03   7.25893339e-03   2.71465281e-03   1.72916796e-02
   1.17820798e-02  -4.61034103e-03  -3.09924104e-03  -2.69246363e-03
   3.53739162e-03  -8.08228548e-03   4.63567148e-03   1.87368694e-04
   9.69966816e-05   7.69934298e-04  -8.09421526e-03   1.07788536e-03
   7.48947093e-03]
[ 0.0049281  -0.00403631  0.01024365 -0.00346796  0.00908776  0.00558075
  0.001955    0.00105291  0.00850824  0.00155851 -0.00881261 -0.00575293
 -0.01542095  0.00223104  0.00908506  0.00398054  0.00913515 -0.00785374
 -0.00208602  0.00991569 -0.00845017]
[ 0.01013476 -0.01327006  0.0108616  -0.01310227  0.00207122  0.00161826
  0.00664005 -0.00170346 -0.00223804  0.00454361  0.00568781 -0.01192263
 -0.00607713 -0.01313341  0.00635963  0.00720061 -0.01353003 -0.00640239
  0.01409332  0.02460969 -0.00318222]
[ 0.00314374  0.00264163 -0.00160172 -0.00020703 -0.00578384 -0.00376574
 -0.0042582  -0.0003736   0.00630414 -0.00173443  0.00516693 -0.00428989
 -0.00591045 -0.00186707 -0.00153599 -0.00180138  0.00038094  0.00197844
  0.00297513  0.00308404 -0.00155638]
[  1.67230163e-02  -2.19787067e-02   2.01071882e-03  -3.65632311e-02
  -5.20558878e-04  -8.13401703e-03  -7.61813742e-03  -6.01087120e-03
  -7.09617741e-03   6.78129556e-03  -6.04188829e-05   1.81323678e-02
   6.83816630e-03  -2.89006464e-03  -2.83036898e-02   3.75746429e-03
   4.78656467e-03  -5.23744177e-03   2.07546885e-02   1.83356143e-03
   3.67433230e-03]
[  2.70971671e-03  -3.44236007e-03  -8.45189301e-03  -9.27506321e-03
   2.45299387e-03   1.50015449e-03  -2.80369540e-03   5.58842655e-03
  -3.35670265e-05  -4.73067347e-03   2.85190390e-03  -4.67640327e-03
   8.88818579e-03  -2.87692152e-03   1.51365289e-03  -3.94599300e-03
   2.40349355e-03   8.95056556e-03  -8.96411473e-03   4.14906608e-03
   3.64175860e-03]
[ 0.024625    0.02005652  0.00035684  0.00599811  0.00168317 -0.01293706
 -0.03519096 -0.00218243  0.01499991 -0.00512231  0.04380057  0.02402881
 -0.00150064 -0.02330635 -0.00099777  0.03630796  0.00572851 -0.03391748
 -0.03879357  0.0002012   0.00288004]
[ 0.02000933  0.01583297 -0.00750468  0.00364402  0.00117544 -0.01629149
  0.01240972  0.00751692  0.00017659 -0.00482368  0.03066499 -0.01626134
 -0.02834739  0.00746162 -0.00751293 -0.02076812  0.01818266  0.00487221
  0.00563007  0.01836377 -0.00168756]
[ 0.0053173  -0.0067722   0.00964507  0.00767584 -0.00148324  0.00011607
  0.00246062  0.00135728  0.00838964  0.00588268  0.00350399 -0.00362967
  0.00625889  0.00182588  0.00160182 -0.0006837   0.00642597  0.00912601
 -0.00085767 -0.00470845 -0.00944546]
[ 0.00883631 -0.01180957 -0.00156693  0.00795151  0.00380185 -0.01276772
  0.01294332 -0.01715064  0.00988408 -0.00612645 -0.01613109  0.02677136
 -0.0199794  -0.00280077 -0.00583909 -0.00790557 -0.01507499  0.00105416
 -0.01523404  0.00880283  0.00116419]
[ 0.02927717  0.02339519 -0.01075057  0.00313916 -0.00552111  0.0124936
  0.01416285 -0.01553719  0.00516106 -0.00219875  0.03073473  0.00564847
 -0.01382089  0.00999627 -0.00420302  0.00408225  0.00839354 -0.00478622
 -0.00259927 -0.00039316  0.01975143]
[ 0.01814959  0.01375398 -0.00040908 -0.00091759 -0.01264865  0.01311205
 -0.02101988 -0.01924104  0.015124   -0.01757608 -0.00959047 -0.00538324
  0.00992675 -0.00031951 -0.00404501 -0.02576268  0.00780453 -0.01942659
  0.00645626 -0.0055771   0.01093331]
[ 0.00825476 -0.0105109  -0.00634816  0.01326118  0.00014231 -0.00813438
 -0.00814577 -0.01752451 -0.00552481  0.00644857 -0.00351534 -0.01330196
  0.00548963  0.01754789  0.01177481  0.00229757  0.01484855  0.01078333
 -0.02144652  0.0056933  -0.00597565]
[ 0.01111663  0.00904055 -0.00450919 -0.00133735 -0.00789832 -0.01367167
  0.010314    0.01162056 -0.00802945  0.00424666 -0.00042322  0.00726192
 -0.00367202  0.00802784  0.01204879 -0.00254329  0.00154806  0.01389094
  0.00875593  0.011087   -0.00967875]
[ 0.00282855  0.00241029 -0.0001404  -0.00112198 -0.00410053 -0.00091723
  0.00162807 -0.00184925  0.00344807 -0.00070395 -0.00609694 -0.01146714
  0.00023534 -0.00325898 -0.00738517 -0.00410964  0.00016973 -0.00061124
  0.00259722 -0.00543129  0.00677685]
[ 0.00992256  0.00760091  0.01231819  0.00279311  0.02690885  0.00784002
 -0.002066    0.00317408 -0.00300614 -0.00025064 -0.00290695  0.00050458
 -0.0168062   0.00949676 -0.00256618 -0.0053836   0.01261019  0.00574612
  0.0040493   0.02081967  0.00530753]
[ 0.01261916  0.00752468  0.00276053 -0.00450048 -0.02993478  0.01448298
 -0.01754587  0.01427365 -0.00304859  0.00616843 -0.01697713  0.02399961
 -0.01249522  0.02520781  0.00780352  0.00113773  0.01572304  0.01946491
  0.00020413  0.0241899   0.01781053]
[ 0.00220678 -0.00100501  0.00828162 -0.00040513  0.00042261  0.00721573
 -0.00090403 -0.00089986  0.00229139  0.00298655 -0.00303833 -0.00887717
 -0.00363371 -0.00720113  0.00060774  0.00013574 -0.00161491  0.00576405
 -0.00537117  0.00317633 -0.01001555]
[ 0.00973549 -0.01275018 -0.00649275 -0.02005117  0.00216621  0.00405295
 -0.00885641  0.00693274 -0.01269795  0.00068477  0.00817043 -0.00073709
  0.008647   -0.00424957 -0.01174829 -0.00083062 -0.00787146 -0.00775304
  0.01214587  0.01722546  0.00091467]
[ 0.01530724  0.01298839 -0.00313999 -0.00056036  0.00163154 -0.00200816
  0.02443626 -0.00364059 -0.00701481  0.00570929  0.01436303 -0.00153732
 -0.00319499 -0.00940189 -0.01095421  0.02118021  0.01608955  0.00423267
 -0.00244654 -0.00339836  0.00759487]
[  1.22338368e-02  -1.49660304e-02   1.55681993e-02  -4.92920678e-03
  -1.23998881e-03   1.06447301e-02   5.91714574e-03   2.08852944e-02
   2.52751831e-02   2.84551582e-03   1.39418427e-03   1.18289386e-02
   8.04344810e-03   1.90900434e-02   8.17027792e-04   9.49715877e-03
   1.51269971e-02  -5.34058855e-05   4.78688890e-03  -1.35288642e-02
  -3.60354684e-03]
[ 0.0233959   0.01965188  0.00367099  0.0007012   0.00259398 -0.043139
  0.00211284  0.02083387 -0.00247767  0.0014232  -0.00567429 -0.01372365
  0.00954483 -0.009532   -0.00277926  0.0093613  -0.01705629  0.00971604
  0.00518432 -0.01213199 -0.01632997]
[ 0.01615355  0.0127113  -0.00195981 -0.00050158 -0.00463955  0.01872095
  0.02419205 -0.01277333 -0.0039375   0.00807011 -0.01133976 -0.00813822
  0.01149418 -0.00199227 -0.00203053 -0.00069078 -0.00318514  0.00746716
  0.00200692 -0.00199577 -0.01623248]
[ 0.01143735 -0.01414082 -0.00439406  0.01901188 -0.00310889 -0.00025549
  0.00374948  0.00145944  0.00519001  0.00358643 -0.00710799  0.01925477
 -0.0029642  -0.00212122 -0.02050679 -0.0040062   0.0077188  -0.00075295
  0.00050387 -0.00775678 -0.01092469]
[ 0.02000205  0.01583346 -0.00567163 -0.00548978 -0.02814776  0.01134274
 -0.00477645 -0.00999104  0.01181965  0.00730766 -0.00064981  0.00625993
 -0.00318604 -0.0180515   0.01454676  0.01607363  0.00976912  0.01691817
 -0.00928149  0.02515424  0.00027334]
[ 0.0104449   0.00844421 -0.00170495 -0.00297968  0.00123054 -0.00550798
  0.01316599  0.00095105 -0.00289266  0.00147841  0.00509272 -0.00912663
 -0.00235579 -0.00885381 -0.00838906  0.00582606  0.00543798  0.00315666
 -0.00203631 -0.00999499  0.00502295]
[ 0.01307766 -0.01731771 -0.00636642  0.00617456  0.00149066 -0.0013886
 -0.01097823 -0.00204125 -0.01074167  0.0210344   0.0176999  -0.0289465
  0.028013    0.01747744  0.00936393  0.00891096  0.00165247  0.00320191
  0.00396154  0.01447655  0.01552111]
[  1.68232112e-03  -2.26692087e-03   2.73920945e-03  -1.31795299e-03
  -1.23003614e-03  -8.11414360e-05   2.27717533e-03   3.47352668e-04
   1.16964555e-04  -2.94590327e-03   1.37044053e-04   3.40207586e-03
  -3.37686217e-03  -3.47368456e-03  -6.53796234e-04  -1.38454827e-03
  -2.88964684e-03  -2.54856525e-03   4.70873171e-03  -7.77178727e-04
  -5.03033313e-04]
[  1.34126016e-03   8.64451073e-04  -1.35216521e-03   8.89545453e-04
   2.34964075e-03   2.33971837e-03   2.93972446e-03  -1.02040960e-03
   2.62397023e-04  -1.27529218e-03   1.17823052e-03   3.33691885e-05
  -2.06241514e-03   8.84701745e-03  -3.19712888e-03   4.69375804e-04
  -7.96492762e-03  -3.09674509e-04  -6.15491577e-04  -3.07978031e-03
  -3.14037986e-03]
[ 0.00646358 -0.00739474 -0.01143472  0.00024983  0.00171475 -0.00132234
 -0.00661572 -0.00183129  0.00800399  0.00527136  0.00090193  0.0032624
  0.00414057  0.00902784  0.00112451 -0.00743008  0.00704117  0.00808884
  0.00930486 -0.01428113 -0.01257673]
[ 0.00256538 -0.00248438  0.0036395   0.00352071 -0.0120837   0.01171084
 -0.00721235  0.0150755  -0.0180333   0.00632313 -0.0026113   0.00571714
 -0.00671663  0.00206517 -0.0084156  -0.00091778  0.00484198 -0.00116149
 -0.00193939 -0.0003742   0.00218464]
[ 0.01241273 -0.01632435  0.00362711  0.02550546 -0.00569539 -0.00264212
  0.01618576  0.00533137  0.01381426 -0.03990889 -0.00534945  0.01858069
  0.00982457 -0.0044998  -0.00720297  0.00234875 -0.00140297  0.0022396
  0.00518661  0.00803136  0.00454689]
[ 0.00525553  0.00280387  0.00567393  0.00184564  0.0074942   0.0054319
 -0.00676647  0.00202335  0.00230127 -0.00494362  0.00192049  0.00339915
 -0.00052075  0.01931164 -0.00363774  0.01645396 -0.01927344  0.00167217
 -0.0043212  -0.01233192 -0.00054567]
[ 0.00420945  0.00198202 -0.00851197  0.00068806  0.00198555  0.00885341
  0.00587688 -0.00177635 -0.0014573   0.00264716  0.0077185  -0.00196617
 -0.00208615  0.00835525  0.00262277  0.00156304 -0.00866579 -0.00688675
 -0.00286675  0.00306231 -0.00193738]
[ 0.02123582  0.01769294  0.00430541  0.00569884  0.01994199 -0.02037867
 -0.00785487  0.01583384 -0.01200559 -0.00283115  0.02071825  0.01715039
 -0.00547329  0.00491258  0.01072339 -0.00669519  0.00893869 -0.00631559
 -0.00159072  0.00210879  0.00282193]
[ 0.00556852 -0.00381619 -0.01330737  0.00419512  0.00492348  0.0022589
  0.00819292 -0.00092299  0.00031096 -0.00101009 -0.00169778  0.00496956
 -0.00569808  0.01138407 -0.00013684 -0.00499004 -0.01300029 -0.00281656
 -0.00826881  0.0091453  -0.01106423]
[ 0.00598079 -0.00801988  0.0055648   0.01665242 -0.00080146 -0.00826025
  0.00590814 -0.00632585  0.01171625  0.0149804   0.00150448  0.00502079
  0.00635855  0.0010712  -0.00761968 -0.00663529 -0.00475896  0.00376161
  0.00325498  0.00991471  0.00116679]
[ 0.00732775 -0.00908175  0.00087055  0.00650686 -0.00313926  0.00700666
 -0.00760473  0.00253119 -0.01612484  0.00185364 -0.00411181 -0.00211739
 -0.0093132  -0.01084122 -0.00686046  0.00186436 -0.00041389 -0.00186436
  0.00544579 -0.00037511 -0.01327934]
[  4.89145120e-03  -6.14333395e-03  -1.63629502e-02  -2.85350681e-03
   1.00660738e-02   3.81095509e-03   2.50888615e-03   3.52774199e-03
   3.96562226e-03   5.34482208e-03  -7.03223703e-05  -2.38097094e-03
   5.71114877e-04   4.35495192e-03  -3.15424284e-03  -1.70672456e-03
  -1.39181672e-02  -8.02879244e-04  -7.33589220e-03   1.53307859e-02
  -2.75454145e-03]
[ 0.00659505  0.00554313 -0.00511872 -0.00346134 -0.01316909  0.00655406
  0.01773109 -0.0059573  -0.00395546  0.00908647 -0.00703838 -0.00012251
  0.00828755 -0.00770755 -0.00123781  0.01711919  0.00216388 -0.00036353
 -0.00163488 -0.00217856 -0.0064268 ]
[ 0.0031064   0.00252284  0.00219078  0.00197847  0.00171825  0.00630083
 -0.01415296 -0.00689306  0.00635907 -0.00238892  0.00598897  0.00131075
  0.0019365  -0.01291987 -0.00039186 -0.00036302 -0.00047298  0.00021921
 -0.00365031  0.00156621 -0.00513659]
[ 0.01257609 -0.01660865  0.01935024 -0.02212539 -0.00435726  0.0001344
  0.00578685  0.00325692  0.00672099 -0.00353749  0.01977783 -0.00803659
  0.02177722  0.01736366  0.01357651 -0.00645349 -0.00190575  0.00599712
 -0.01441683 -0.00510967  0.01052234]
[ 0.006669   -0.0077351  -0.0015922   0.0110722   0.00102424 -0.0093958
 -0.00730633 -0.00511545  0.01016058  0.01991929 -0.00070205 -0.00395025
  0.01033316 -0.00283811 -0.00217151  0.00068508  0.00857808 -0.00326015
 -0.0030453   0.00265785  0.01058293]
[ 0.011671   -0.01457138  0.01552181 -0.02331893 -0.00343184  0.00741798
  0.00440076  0.00604112 -0.00465629  0.00890423  0.0056121  -0.00063521
 -0.0131734  -0.00656525 -0.002512   -0.01134601 -0.01296525 -0.00176795
 -0.0152308   0.00162948 -0.00986846]
[ 0.00791666  0.0062577   0.01715949  0.0035945   0.02295035  0.01516101
 -0.01314328 -0.00383988  0.00262359 -0.00197935 -0.00990315 -0.01358387
  0.00412846 -0.01421051 -0.01062433 -0.0004992  -0.01140364  0.01656747
 -0.00773934 -0.00559925 -0.01173949]
[  1.79688848e-02   1.43334795e-02   4.50120432e-03   1.78778974e-03
   1.28252138e-02   2.23770486e-02   9.58023908e-05  -1.18655880e-02
   6.48126547e-03  -7.16717156e-03  -1.28027777e-03  -1.51595121e-02
   8.63441984e-04   3.62584287e-03  -1.49845354e-02  -1.47607244e-02
   4.66019060e-03  -5.12898487e-03   7.82439989e-03  -1.51342753e-02
   6.06693657e-03]
[ 0.02188642  0.01797458 -0.00915547 -0.00179715 -0.00489239 -0.01955154
  0.02021705  0.01130915 -0.01236956  0.00550195  0.00967747  0.00131321
  0.00289881 -0.00410016  0.01316237 -0.0060098   0.00661469 -0.02463136
 -0.00238501 -0.00382287 -0.02601635]
[ 0.01181023  0.00968267 -0.0006748   0.0009929   0.00329657  0.01200003
  0.00280863 -0.00355397  0.00531916 -0.00528156  0.00148513 -0.0136289
 -0.01562398  0.02489431 -0.01778201 -0.0181302  -0.00535214 -0.00129498
  0.01119231  0.00625303  0.0016091 ]
[ 0.00247402  0.00051284 -0.00526474 -0.00204636 -0.00104338  0.00176559
  0.00054148 -0.00285826 -0.00109551 -0.00125359  0.0036597   0.0005469
 -0.00387948 -0.001362    0.01235643 -0.00818595 -0.00457907  0.00511956
  0.00434697 -0.00892587  0.00255102]
[ 0.01203645  0.00965484 -0.00215257  0.00089722  0.00678319  0.01002185
  0.00540127 -0.00522743 -0.01579752  0.00427087 -0.0178071   0.023813
  0.02579734  0.00241116  0.03830004 -0.02561501 -0.00596984 -0.00770957
  0.01066198  0.0098582  -0.01189913]
[ 0.01016704 -0.01338943 -0.01310149 -0.00305078  0.00368258  0.00208452
 -0.00511235  0.00886531 -0.00278224 -0.01151759 -0.00389504 -0.00188951
  0.0031842  -0.00367392  0.00116638  0.00629086  0.0058104  -0.00614044
  0.01217229 -0.00243727  0.01406138]
[ 0.00323202 -0.00361225 -0.00993255 -0.00030313  0.00822351  0.00964788
  0.00121788  0.01122905  0.00707935  0.00261296 -0.00088745 -0.00470365
 -0.0022295   0.00318035  0.00292158  0.0059567  -0.00151732 -0.00915726
  0.00725388  0.00112798 -0.00444868]
[ 0.0110412   0.00873594  0.01294666 -0.00110046  0.01546913  0.00131014
 -0.00022418  0.00498678 -0.00786043 -0.00063732 -0.02478942  0.0048597
  0.0121011   0.00561945 -0.00042414  0.00638478  0.00044637  0.00532849
 -0.0037629  -0.00373788  0.02442851]
[ 0.01101812  0.00857502 -0.00683044 -0.00463235 -0.00862194  0.00127863
  0.02348682 -0.00152951 -0.00708596  0.00697824  0.00513385 -0.00374972
  0.00196702 -0.01551981 -0.00187208  0.01496011  0.0079216   0.00254766
  0.00385863  0.00041841 -0.01613793]
[ 0.0104756   0.00874074  0.00027832  0.00037812  0.00316179 -0.01624666
 -0.0018073   0.00919047  0.00216934 -0.00513496  0.00269665 -0.00677511
 -0.00624668  0.01092519 -0.00811486 -0.00234108 -0.01309959  0.00055995
  0.0052146  -0.0045523  -0.00731144]
[ 0.0105434  -0.01413713  0.01218319  0.01761111 -0.00702234  0.00041918
  0.01521529  0.01022101  0.01634554 -0.01412262  0.00491578  0.00064184
  0.00952542 -0.00602379  0.00944266 -0.00788291 -0.00133493  0.01278042
 -0.02207265 -0.00049762  0.0059585 ]
[  1.02669415e-02  -1.27433214e-02  -4.83997226e-03  -1.41988747e-02
   3.42197250e-03  -7.00495431e-03  -7.41615010e-03  -1.67574195e-02
  -4.00828484e-03   1.92698664e-02  -7.18154961e-03  -5.54426867e-04
  -2.36532811e-02   4.26637181e-04   1.91345649e-02  -2.92279529e-03
  -1.36991127e-06  -7.13012069e-04  -3.93119617e-03  -2.09271193e-02
   5.33896019e-03]
[ 0.00629677 -0.00834062  0.01601068 -0.01530417 -0.00459028  0.00503012
  0.00312116  0.00921306  0.00325661  0.00568855  0.00962517  0.00501429
  0.00553798  0.01107524 -0.0040727  -0.00602889  0.00619308 -0.00217026
 -0.00433329 -0.00801328 -0.01091083]
[ 0.00395319 -0.00454298 -0.01090622 -0.00412569  0.00018709  0.00317235
  0.00139267  0.00631441 -0.00173439 -0.01711597  0.00016586 -0.00028737
  0.00242678 -0.00856383  0.00425988 -0.00536702 -0.00300855  0.00817168
 -0.00843262  0.00377731  0.00321304]
[ 0.00526442  0.00441501  0.00541283 -0.00154309  0.0007908  -0.01844635
 -0.00694299  0.01401697  0.00129793 -0.00062994 -0.01296221 -0.009258
 -0.0037945  -0.00052271 -0.00645952  0.00458598 -0.00131605  0.00265244
 -0.0061759   0.0014772   0.00758935]
[ 0.00775236 -0.00994375  0.01222971 -0.02132707 -0.00025702 -0.00678241
  0.00553048 -0.00944984  0.00115928  0.00626715  0.00147506  0.00652967
 -0.01435759 -0.01000978  0.01497854 -0.006686   -0.01559571 -0.00853834
 -0.00106467 -0.00746714  0.02167001]

Right eigenvectors

[ 1.          0.80798166  0.16988786  0.01904588  0.66736094 -0.24245414
  0.48101962  0.06686128 -0.49030308 -0.07202404 -0.49529975 -0.11705283
  0.65195258 -0.05683162  0.27087456 -1.02428463  0.20532728 -1.20309433
 -0.13810223 -1.09386666  0.35067268]
[ 1.         -1.28737018  0.66756138  1.7558853  -0.90982235  1.12824568
  0.31315901  1.43367142 -0.78840723  0.01770414 -0.0850975  -0.35714206
 -1.16203254 -1.50051321  0.2000285  -0.40781862 -0.46614491  0.25903498
 -0.98204956 -0.51294719  0.02620197]
[ 1.         -1.21656635 -0.93311558 -1.02251289 -0.16875094  0.466513
  0.2529762   1.30958622 -0.25729352 -2.59417842 -0.17519193  0.93299298
  0.08351701 -2.00525984 -1.3117      0.10143304  0.18002894 -0.53774758
  2.08966614 -1.01635844 -0.41886839]
[ 1.          0.83931096  0.09133333 -0.11233821 -1.02154217  0.63854869
 -0.71899862 -0.73318923  1.20067022 -0.23094478 -1.3744995  -1.88007339
  0.53749287 -0.17380354 -1.28680452 -0.53956924 -0.92829031 -1.23907546
  0.0222293   0.03603635  0.3205688 ]
[ 1.          0.84175972  1.10830073  0.70458598  3.05120187 -0.22679234
 -1.59853585  0.52650463 -0.51022608 -0.23674087  1.73405537  0.96279639
 -1.25920266 -0.65895187 -0.07756883 -0.55023761  0.76847889  1.90981035
  1.38617013  0.71934453  0.11453193]
[ 1.          0.67498756 -0.09655075 -0.52384029 -2.6103711  -1.43506314
 -2.63702975  0.98138252  1.67505343  0.2166274  -1.68065    -0.2254015
 -0.19436556 -0.04441406  0.54688803 -0.04393931  0.15414148 -2.20285428
 -1.27204299  2.13487101 -0.3101734 ]
[ 1.         -1.33249871 -2.00457626  0.30344785  0.99956403 -0.90409245
 -0.92957471 -1.17342143 -0.02858059  1.06873376 -1.22305569 -0.07564448
 -0.23520641  0.47802022 -0.48092077  0.70159687  1.46141878  0.3985944
 -0.35090645 -0.68975232 -0.28426748]
[ 1.         -1.25308879 -0.12251017 -2.2028744   1.20575823 -1.75440991
  0.21630606 -2.63571583  0.48736662  0.5888819  -2.41793008  1.7550537
 -3.20341111 -0.61524412 -0.25648826  0.4334514  -0.0133348  -0.24256271
 -1.04469368  0.10963435  0.17829453]
[ 1.          0.81792906 -0.09952295 -0.0242786   0.01330201 -1.97031382
  0.59163308  1.24043499 -0.27567424 -0.31479195 -0.0256705  -1.22657395
 -0.70914523  0.49912972 -0.65724649 -1.18484007  0.65054999 -0.60904786
 -0.07883608  0.40658229 -0.53107713]
[ 1.          0.66225169 -0.36237097  0.56617731 -0.37302186  0.05187363
 -1.71944006 -1.07450785  0.22969113 -0.18743837  0.83529538  0.25176362
  1.16935721 -1.07893558  0.74416634 -2.16594551  1.27071672 -2.618809
 -1.52874604 -0.11604167 -0.42340227]
[ 1.          0.78084071 -0.57769703 -0.02633094  0.03109234  0.79804336
  1.01926537 -0.78978626 -0.29447769  0.32523359  0.89981727  0.9168935
  0.02399538 -0.31622095  0.10660921  0.83505655  0.21649083  0.83259009
  0.18786234 -0.41719533  0.02913376]
[ 1.         -1.24677137 -0.37044106  2.65907553 -0.35250634  0.27213602
 -0.6940236  -0.15258153 -2.10145067 -0.30794798  0.57489406 -1.99867675
 -0.78706388  0.17597184  1.92939955  0.92754143 -1.53116059 -0.39181911
  1.95512961 -0.58794303  1.05713123]
[ 1.          0.81350897 -0.21440489 -0.68154889 -3.17630673 -0.92907994
 -1.55642681  0.97348077  1.46178361 -0.03700316 -2.85345372 -0.13019476
  0.57038853  1.71343344  1.09338048  1.73443424 -3.45448987  1.39299038
  0.74885646  0.26524895 -0.66106869]
[  1.00000000e+00   8.32654665e-01   2.20053412e-03   2.06759793e-01
   1.06079889e+00   6.49693545e-01   3.63505870e-01  -5.39170907e-01
  -4.76754691e-01  -3.37413090e-01   8.02885555e-01   1.48124265e+00
   5.70913254e-01   9.35787782e-01   3.08664386e-01  -3.39602999e-01
   3.90138058e-01  -7.77598685e-01  -5.93921292e-01   2.48814046e-02
   2.98399405e+00]
[ 1.         -1.28002542  1.70126153 -0.58845305  0.12558882 -0.26020108
  0.19950877 -1.59212173 -0.07726674 -2.33707101 -0.91219472 -1.04380953
 -0.70752444  0.47874065  1.24104089  1.50638698  2.17125818 -0.31497203
 -0.22635931  1.33145161 -1.77814138]
[ 1.         -1.3132204   0.34369214 -2.05920908  0.57418004  1.34565139
 -0.36048945  1.98882282  1.89643602  2.68649565  0.85310554 -0.41237661
  0.10551346  1.0644765   0.18610304 -2.22049376  2.26095105  1.28527153
 -0.83045523 -3.01289714 -5.1119312 ]
[ 1.         -1.28503238  0.26329672  0.7539589  -1.30731921  0.37075135
 -0.83621302 -0.0834995  -3.28810828 -0.34654126  0.58974583 -0.26684559
 -0.32604335 -0.33589756 -1.09946687 -0.64718642 -0.17686802 -0.27499137
 -1.95888996 -1.74940366  0.09353666]
[ 1.         -1.31792121 -0.69896197  0.52949511  0.51604611 -0.66360499
 -0.49422507 -0.18464174  1.4214677   2.54040624 -0.13656959  1.02610927
  0.43137    -0.47329126 -1.02156608 -0.06998041  0.6195323  -0.57493683
  2.53019672 -0.82923159  0.38151151]
[ 1.         -1.27900058 -4.31302513 -3.91229347  2.08967142  0.11775906
 -1.28006532  0.40640671 -0.94167501 -0.27617816 -0.45146226  0.02765055
  1.14528575 -1.3766596  -2.62955796  0.41202989 -0.71468262  2.31393918
 -1.09623305  0.9820008   0.21496077]
[ 1.          0.81708552  0.38331841  0.03967191  0.9740123   1.43707906
  0.40581798 -0.71828035 -0.32045321  0.07841363 -1.28441721  0.24541422
  0.62704936  0.35483881 -0.21775472 -0.60441335  0.22983285  0.76122107
  0.2985296   0.41928307  1.29681805]
[ 1.          0.83062627 -0.07107709 -0.05501954 -0.9352421  -1.41921251
 -0.77538602  1.05831938 -0.02304032  0.34913196  0.39476777  1.55306407
 -0.50854802  0.03393806  1.87378248  1.15330459 -0.84999121  4.85685158
  2.22600892  0.63785587 -0.07993384]
[ 1.          0.35903697 -1.34662352 -0.6489057  -1.40107508 -0.50763769
 -0.44756014  0.37172913  0.47811669 -1.27066839  0.37386725  0.03159189
 -0.22224011  0.41532922  0.83640695 -2.64534687  0.46753978 -0.40567046
 -0.6056842  -0.97077346 -0.23495081]
[ 1.         -1.25964952  0.08927115 -0.13007045 -0.40517177 -1.00977916
 -0.69826607 -2.69304688 -1.51085264 -5.34178898 -1.06738356 -0.15502
  1.20720124  1.01455697 -0.5665304   2.23808927  3.44322872 -0.72061659
  3.18413173  0.15673121 -1.96324894]
[ 1.         -1.25691071  0.45878522 -0.48808188 -0.49938896 -0.63789702
 -0.75280046 -1.75860282 -2.44692964 -1.18174946  0.3813208  -0.72216091
 -0.59555498  1.42661641  0.65258546  0.24618356 -0.84718001  0.46036804
 -2.48388009 -2.54821317  0.52140225]
[ 1.          0.83174686  0.26763672 -0.01103747 -0.26001174 -1.7442151
 -1.03290095  1.24609377  0.21256197 -0.06674678 -0.74117907  0.33064036
  1.00523257  0.5519895   0.5098544   1.87392568 -2.81265846 -0.50007596
 -0.09047414 -0.86952955 -1.67935989]
[ 1.          0.8223783   0.74772843  0.32250046  1.61864312 -0.41276098
 -0.64540649  0.50189175 -0.46626387 -0.04270197  0.55783203  0.54846474
 -0.11595943 -0.63050525  0.35548932  0.2172821   0.17641785  1.44070958
  0.15467574 -0.25400828  0.23805349]
[ 1.          0.81543323  0.16520771 -0.00421056 -0.21688185  0.74366315
  0.18406766 -0.13861056 -0.10421567  0.25586688 -0.78060411 -0.04932738
  0.3836189   0.94125981 -0.36556987  0.0789022  -0.19233215 -1.33529119
 -0.3119035   0.80445763  0.48064719]
[ 1.         -1.33641395  0.82188873 -0.65515739 -0.01618771 -0.67718612
 -0.04622044 -2.10121641 -1.71615887 -3.25594221  0.02550327 -1.85300003
  0.04612521  0.76143159  1.7374699   1.93714735  0.60375642 -0.65466723
  1.43598967  2.13318189 -0.77055182]
[ 1.         -1.350813    0.76921828  0.70892286 -0.46104112 -0.94775994
  0.37704535 -0.89027206  0.22595849  0.26632078  0.60369938  0.20272783
  1.04529805 -0.57728608 -0.82701178 -0.60410449 -0.3840692   0.30728347
  1.01240176  0.66956365  0.22064353]
[ 1.          0.62637511  0.23571818  0.67818652  0.73218505  0.7380257
 -3.95100913 -0.47150518  0.52437142 -0.22671857  1.21784898  2.10839437
  0.41381603 -0.72964103  1.09486898 -0.3886212  -1.35822568 -0.29172083
  2.05861796  0.1612023  -1.75577848]
[ 1.         -1.21428686  1.56181425 -1.68769462 -0.06314611 -0.08904495
  0.30442475 -0.25122838  0.53544743 -2.63839015  0.2124314   0.91029833
  1.65356183  1.8448289  -0.72485401  1.11632842  0.90239876 -0.12459215
  0.70120501 -1.34840695 -0.27770677]
[ 1.         -1.2680863  -1.19971553  1.88195207 -0.22355968 -0.17610046
 -0.28113777 -0.53307493 -1.05674727 -0.53755789 -0.78906284  0.2941456
 -0.57585332  0.26399622 -0.8032766  -0.25430537 -0.01138648  0.20875365
 -0.26219996 -0.77841728 -0.90978599]
[ 1.          0.79576703  0.08052496 -0.40426102 -0.45601136 -0.26418406
  0.70140576 -0.13100234 -0.5983682   0.62760688 -1.66611327  0.55756557
  1.88972896 -1.2755937   1.34071823  0.21407728 -0.56868946  0.61922352
  0.09726579 -0.53432105 -0.56412074]
[ 1.          0.7771286  -0.66986502 -0.50717054 -2.35257255  0.57795754
 -0.56726971 -0.90456668  1.62452456 -0.24112398  0.06851337 -1.21821158
 -1.19346068 -0.41491659 -0.10146461 -0.5243051  -0.36026848  2.10727335
  1.59597434 -0.89469099  0.29949053]
[ 1.          0.78997881  0.43173002 -0.47158868  0.46624975 -1.37686664
  0.61540214  0.28651955 -0.23028817  0.05816787 -1.71806013 -0.22825469
 -0.27474089 -0.08568863 -0.89940127  1.54897191  0.25891121  1.14988319
 -0.36465942 -1.18164724  2.55576814]
[ 1.          0.79116351  0.25066708  0.14569381  0.09814468  0.32031451
  0.12970716  0.19768306 -0.89231894  0.61929445 -1.23362278  0.1133802
  1.0692423  -0.62831934 -0.24174958  0.32358223  0.09645795 -1.68311913
 -0.54533871  0.21688148 -0.38879917]
[ 1.         -1.31625704  1.499373    0.9852434  -0.49114484 -0.3830629
  0.81264822  0.07282778  0.22582597  1.03512027  1.11557402 -0.32406336
  0.62289348 -0.73375412 -0.28643816 -0.55989762 -1.49781743 -0.53021492
  0.98313605  1.0127131   1.45547711]
[ 1.          0.80328364 -0.66639526  0.08202117 -1.05506827  1.57669775
 -0.10370088 -1.30013774  1.08784339 -0.14698976  1.96221083  0.84433901
 -0.65370582  1.07225085 -0.87521153  2.67092196 -0.78187023 -0.75297345
 -1.28493227  0.02268052  0.7973927 ]
[ 1.         -1.33061003 -1.25529033  0.62510908  1.79259881  2.29423556
  0.76201701  3.98454925  3.67189627  0.22916803 -2.12802042 -1.49416651
 -3.49169864 -1.50995011  5.10388569  3.30439027  2.30351391 -3.03603422
  1.32846438 -3.32030062  1.98373426]
[ 1.         -1.32077977 -3.50193216  1.02823948  1.39674739  1.50581848
  0.56313705  3.58704637  2.44411576 -0.95638523 -0.64291738 -0.55853405
  0.73380886 -1.67661751  0.96163987  0.03886842  0.02012133  0.15971786
 -1.67909226  0.2236003   1.55364199]
[ 1.         -0.81903978  2.07862166 -0.7037113   1.84407152  1.1324341
  0.39670525  0.21365446  1.72647479  0.31624998 -1.78823703 -1.16737254
 -3.12918984  0.45271837  1.84352202  0.80772326  1.85368689 -1.59366579
 -0.42329085  2.01207197 -1.71469191]
[ 1.         -1.30936075  1.07171732 -1.29280453  0.20436751  0.15967385
  0.65517557 -0.16808109 -0.22082784  0.44831927  0.56121786 -1.17640908
 -0.59963176 -1.29587776  0.6275064   0.71048613 -1.33501214 -0.6317255
  1.39059231  2.4282453  -0.31399074]
[ 1.          0.84028153 -0.50949448 -0.06585593 -1.83979604 -1.19785301
 -1.35450167 -0.11884037  2.00530102 -0.55170871  1.64356078 -1.36458297
 -1.88006864 -0.59390161 -0.48858562 -0.57300435  0.12117283  0.62932759
  0.94636735  0.98100856 -0.49507297]
[ 1.         -1.31427885  0.12023661 -2.18640169 -0.03112829 -0.48639653
 -0.45554805 -0.35943702 -0.42433597  0.40550672 -0.00361292  1.08427616
  0.40890747 -0.17281958 -1.69249909  0.22468819  0.28622616 -0.31318763
  1.24108523  0.10964299  0.21971708]
[ 1.         -1.27037637 -3.11910576 -3.42289036  0.90525842  0.55362041
 -1.03468211  2.06236561 -0.01238765 -1.74581846  1.05247308 -1.72579047
  3.28011624 -1.06170564  0.5586019  -1.4562382   0.88699071  3.30313701
 -3.30813723  1.53118075  1.34396285]
[ 1.          0.81447796  0.01449088  0.2435783   0.0683519  -0.52536296
 -1.42907457 -0.08862643  0.60913362 -0.20801246  1.77870363  0.9757893
 -0.06093961 -0.94645075 -0.04051863  1.47443519  0.23263002 -1.37735969
 -1.57537369  0.00817066  0.11695592]
[ 1.          0.79127925 -0.37505914  0.18211627  0.05874461 -0.81419476
  0.62019661  0.37567058  0.00882532 -0.24107139  1.5325346  -0.8126879
 -1.4167084   0.37290684 -0.37547116 -1.03792189  0.90870899  0.24349671
  0.28137238  0.91776011 -0.08433883]
[ 1.         -1.27361654  1.81390253  1.44355842 -0.27894678  0.02182869
  0.46275644  0.25525711  1.5778004   1.10632745  0.65897854 -0.68261439
  1.17707911  0.34338406  0.30124582 -0.12857936  1.20850181  1.7162847
 -0.16129765 -0.88549587 -1.77636323]
[ 1.         -1.33648222 -0.17732867  0.89986787  0.43025285 -1.44491582
  1.46478793 -1.94092805  1.11857557 -0.6933266  -1.82554614  3.02969968
 -2.26105748 -0.31696112 -0.66080618 -0.89466953 -1.70602801  0.11929916
 -1.72402793  0.99621086  0.1317506 ]
[ 1.          0.79909343 -0.36719966  0.10722196 -0.18858091  0.42673521
  0.48375084 -0.53069324  0.17628269 -0.07510103  1.0497851   0.19293075
 -0.47207055  0.34143565 -0.14355949  0.13943466  0.28669231 -0.16347955
 -0.08878136 -0.01342878  0.67463591]
[ 1.          0.75781192 -0.02253925 -0.0505571  -0.69691104  0.7224435
 -1.15814618 -1.06013641  0.83329725 -0.96840078 -0.52841274 -0.29660418
  0.54694076 -0.01760452 -0.22287087 -1.41946327  0.43001163 -1.07035948
  0.35572478 -0.30728517  0.60239958]
[ 1.         -1.27331353 -0.76903039  1.60648862  0.01723942 -0.9854172
 -0.98679614 -2.12295746 -0.66928807  0.78119458 -0.42585649 -1.6114291
  0.66502574  2.12578989  1.42642612  0.27833291  1.79878626  1.30631696
 -2.59807874  0.6896989  -0.72390342]
[ 1.          0.81324627 -0.40562594 -0.12030138 -0.71049575 -1.22984034
  0.9277997   1.04533174 -0.72229167  0.38200946 -0.03807127  0.65324895
 -0.33031821  0.72214763  1.08385275 -0.22878287  0.1392567   1.24956477
  0.78764269  0.99733494 -0.87065528]
[ 1.          0.85212871 -0.04963818 -0.3966639  -1.4496933  -0.32427541
  0.57558309 -0.65378121  1.2190239  -0.24887314 -2.1555005  -4.05407152
  0.08320051 -1.15217254 -2.61093763 -1.4529144   0.06000715 -0.21609553
  0.91821683 -1.92016845  2.39587567]
[ 1.          0.76602303  1.2414326   0.2814905   2.71188603  0.79012075
 -0.20821221  0.31988495 -0.30296035 -0.02525976 -0.29296353  0.05085207
 -1.69373686  0.95708756 -0.25862093 -0.54256135  1.27086037  0.57909703
  0.40809005  2.09821619  0.53489549]
[ 1.          0.59628994  0.21875694 -0.35663815 -2.37216825  1.14769698
 -1.39041497  1.13110895 -0.24158384  0.48881477 -1.34534482  1.90183849
 -0.99017805  1.99758133  0.61838649  0.09015852  1.24596524  1.54248792
  0.01617583  1.91691793  1.41138718]
[ 1.         -0.4554183   3.75280236 -0.18358575  0.19150627  3.26979724
 -0.40965751 -0.40776851  1.03834009  1.35334819 -1.37681373 -4.02267319
 -1.64660734 -3.26317894  0.27539449  0.06150844 -0.73179162  2.61196957
 -2.4339381   1.43935    -4.53852697]
[ 1.         -1.30965924 -0.66691518 -2.05959457  0.22250664  0.41630687
 -0.90970312  0.71210986 -1.30429479  0.07033776  0.83924176 -0.07571178
  0.88819283 -0.43650306 -1.20674813 -0.08531825 -0.80853211 -0.79636847
  1.24758671  1.76934609  0.09395182]
[ 1.          0.84851278 -0.20513071 -0.03660748  0.10658604 -0.13119037
  1.59638544 -0.2378347  -0.45826753  0.37297953  0.93831591 -0.10043108
 -0.20872404 -0.61421194 -0.71562227  1.38367219  1.0511066   0.27651389
 -0.1598292  -0.22201011  0.4961619 ]
[ 1.         -1.22333088  1.27255248 -0.40291585 -0.10135731  0.87010562
  0.48367048  1.70717451  2.06600624  0.2325939   0.11396133  0.96690342
  0.65747551  1.56042979  0.06678426  0.77630256  1.23648839 -0.00436542
  0.39128272 -1.1058562  -0.29455574]
[ 1.          0.83997135  0.1569073   0.02997114  0.11087349 -1.84387034
  0.09030828  0.89049229 -0.10590198  0.06083125 -0.24253335 -0.58658379
  0.40797003 -0.40742197 -0.11879283  0.40012589 -0.72902918  0.4152884
  0.22159119 -0.51855214 -0.69798415]
[ 1.          0.78690436 -0.12132377 -0.03105046 -0.28721582  1.15893741
  1.49763048 -0.79074436 -0.24375435  0.49958731 -0.70199829 -0.50380378
  0.7115575  -0.12333297 -0.12570191 -0.04276312 -0.19717903  0.46226131
  0.12424007 -0.12355012 -1.00488639]
[ 1.         -1.23637145 -0.3841847   1.66226184 -0.27181884 -0.02233796
  0.32782744  0.1276025   0.45377747  0.31357189 -0.62147184  1.68349882
 -0.25916846 -0.18546412 -1.79296605 -0.35027311  0.67487641 -0.0658329
  0.04405453 -0.67819659 -0.95517638]
[ 1.          0.79159196 -0.28355257 -0.27446064 -1.40724395  0.56707873
 -0.23879814 -0.49950085  0.590922    0.36534569 -0.03248716  0.31296457
 -0.15928582 -0.90248236  0.72726335  0.80359927  0.48840619  0.8458218
 -0.46402689  1.25758329  0.01366573]
[ 1.          0.8084531  -0.16323296 -0.28527649  0.11781297 -0.52733695
  1.26051861  0.09105409 -0.27694451  0.14154361  0.48757941 -0.87378827
 -0.22554423 -0.84766867 -0.80317273  0.5577904   0.5206349   0.30222064
 -0.19495774 -0.95692545  0.4809002 ]
[ 1.         -1.32422087 -0.48681615  0.47214574  0.11398515 -0.10618106
 -0.83946429 -0.15608665 -0.82137586  1.6084221   1.35344543 -2.21343143
  2.14205001  1.33643466  0.71602468  0.68138781  0.12635849  0.24483779
  0.30292431  1.1069679   1.18684192]
[ 1.         -1.34749593  1.62823221 -0.78341345 -0.73115419 -0.04823184
  1.35359135  0.20647227  0.0695257  -1.7510945   0.08146129  2.02225117
 -2.00726373 -2.06481659 -0.38862749 -0.8229988  -1.71765473 -1.51491009
  2.79894941 -0.46196812 -0.29901147]
[ 1.          0.64450664 -1.00813046  0.66321619  1.75181581  1.74441801
  2.19176305 -0.76078425  0.1956347  -0.95081642  0.8784504   0.02487898
 -1.53766973  6.5960488  -2.38367543  0.34995135 -5.93839128 -0.23088325
 -0.45889052 -2.29618414 -2.3413652 ]
[ 1.         -1.14406122 -1.7690998   0.03865215  0.26529372 -0.2045838
 -1.02353672 -0.28332418  1.23832067  0.81554688  0.13954011  0.50473584
  0.64059963  1.39672383  0.17397564 -1.1495297   1.08936056  1.25144778
  1.43958205 -2.20947525 -1.94578204]
[ 1.         -0.9684234   1.41869703  1.37239295 -4.71029254  4.56494842
 -2.81141422  5.8765135  -7.02947772  2.4647885  -1.01790045  2.22857138
 -2.61818068  0.80501505 -3.28044638 -0.35775605  1.88743188 -0.45275699
 -0.75598283 -0.14586584  0.85158614]
[ 1.         -1.31512978  0.29220847  2.05478219 -0.45883453 -0.21285555
  1.30396427  0.42950843  1.11291079 -3.2151579  -0.43096481  1.49690585
  0.79149158 -0.36251483 -0.58028923  0.18922101 -0.11302632  0.18042727
  0.41784641  0.64702632  0.36630848]
[ 1.          0.5335074   1.07961162  0.35118025  1.42596313  1.03355913
 -1.28749481  0.38499496  0.43787548 -0.94065099  0.36542156  0.64677486
 -0.09908677  3.67453421 -0.6921738   3.13078757 -3.66726694  0.31817319
 -0.82221972 -2.3464645  -0.10382741]
[ 1.          0.47085063 -2.0221107   0.16345548  0.47168834  2.10322378
  1.39611689 -0.4219923  -0.34619677  0.62886229  1.83361487 -0.4670841
 -0.49558736  1.98488025  0.62306804  0.37131625 -2.05865402 -1.63602337
 -0.6810266   0.72748472 -0.46024533]
[ 1.          0.83316474  0.20274284  0.26835993  0.93907328 -0.95963649
 -0.36988762  0.74561926 -0.56534592 -0.13331956  0.9756273   0.80761588
 -0.25773873  0.23133456  0.50496688 -0.31527807  0.42092519 -0.29740261
 -0.07490757  0.09930336  0.13288535]
[ 1.         -0.68531394 -2.38974726  0.75336357  0.88416238  0.40565496
  1.47129059 -0.16575195  0.05584239 -0.18139306 -0.3048881   0.89243698
 -1.02326617  2.04436007 -0.02457353 -0.89611519 -2.33460255 -0.50580047
 -1.48491983  1.64232082 -1.98692308]
[ 1.         -1.34094066  0.93044669  2.78431815 -0.1340056  -1.38113018
  0.98785266 -1.05769513  1.9589806   2.50475408  0.25155216  0.83948583
  1.0631624   0.17910642 -1.27402568 -1.1094337  -0.79570773  0.62894927
  0.54423864  1.65776038  0.19508974]
[ 1.         -1.23936274  0.11880139  0.88797451 -0.42840669  0.95618076
 -1.03779777  0.34542503 -2.20051646  0.25296123 -0.56112825 -0.28895546
 -1.2709493  -1.47947349 -0.93622925  0.25442495 -0.05648232 -0.25442504
  0.74317247 -0.05119011 -1.81219729]
[ 1.         -1.25593279 -3.34521383 -0.5833661   2.05789109  0.7791052
  0.51291244  0.7212056   0.8107251   1.09268637 -0.01437659 -0.48676167
  0.11675776  0.890319   -0.64484806 -0.34891988 -2.84540652 -0.16413927
 -1.49973738  3.13419992 -0.56313379]
[ 1.          0.84049893 -0.77614535 -0.52483923 -1.99681283  0.99378443
  2.6885438  -0.90329774 -0.59976216  1.37777084 -1.06722181 -0.01857667
  1.25663108 -1.16868718 -0.18768766  2.59576298  0.3281062  -0.05512095
 -0.24789425 -0.33033218 -0.97448735]
[ 1.          0.81214166  0.70524776  0.63690018  0.55313236  2.02833778
 -4.55606383 -2.21898782  2.04708695 -0.76903043  1.92794684  0.42195263
  0.62339121 -4.15911358 -0.12614657 -0.11686084 -0.15225977  0.07056674
 -1.17509356  0.50418789 -1.65354981]
[ 1.         -1.32065217  1.53865256 -1.75932139 -0.34647202  0.01068682
  0.46014655  0.25897678  0.53442555 -0.28128698  1.57265247 -0.63903733
  1.73163622  1.38068802  1.07954895 -0.51315523 -0.15153722  0.47686674
 -1.14636792 -0.4063006   0.83669411]
[ 1.         -1.15985895 -0.23874713  1.66024811  0.15358226 -1.40887694
 -1.09556641 -0.76704855  1.52355339  2.98684719 -0.10527124 -0.59233062
  1.5494309  -0.42556817 -0.32561227  0.10272617  1.28626126 -0.48885154
 -0.4566354   0.39853753  1.58688407]
[ 1.         -1.24851165  1.32994664 -1.99802287 -0.29404876  0.63559085
  0.37706789  0.51761824 -0.39896192  0.76293567  0.48085819 -0.05442624
 -1.12872911 -0.56252693 -0.21523465 -0.97215409 -1.1108939  -0.15148233
 -1.30501161  0.13961764 -0.84555385]
[ 1.          0.790447    2.16751697  0.45404324  2.89899584  1.91507798
 -1.66020558 -0.48503746  0.33140065 -0.25002399 -1.25092595 -1.71585896
  0.52149043 -1.79501458 -1.3420226  -0.06305652 -1.44046154  2.09273548
 -0.97760166 -0.70727457 -1.48288452]
[ 1.          0.79768331  0.25049993  0.09949364  0.71374568  1.24532206
  0.00533157 -0.66034081  0.36069381 -0.39886569 -0.07124971 -0.84365348
  0.04805206  0.20178452 -0.83391571 -0.82146024  0.25934779 -0.28543702
  0.4354416  -0.842249    0.33763568]
[ 1.          0.82126641 -0.41831727 -0.08211243 -0.2235352  -0.8933181
  0.92372584  0.51671986 -0.56517041  0.25138624  0.44216789  0.06000111
  0.13244764 -0.18733815  0.60139431 -0.27459038  0.30222808 -1.12541724
 -0.1089723  -0.17466878 -1.18869829]
[ 1.          0.8198546  -0.05713724  0.08407128  0.27912817  1.01607083
  0.23781332 -0.30092288  0.45038562 -0.44720157  0.12574909 -1.15399095
 -1.32291918  2.1078589  -1.50564396 -1.53512651 -0.45317821 -0.10964864
  0.94767886  0.52945847  0.13624613]
[ 1.          0.20729002 -2.1280054  -0.82713985 -0.42173466  0.71365218
  0.21886506 -1.15530964 -0.44280375 -0.50670082  1.47924958  0.22105576
 -1.56808435 -0.55052227  4.99446805 -3.30876206 -1.85086126  2.06932518
  1.75704688 -3.60783613  1.03112273]
[ 1.          0.80213332 -0.17883778  0.07454203  0.56355437  0.83262498
  0.448743   -0.43430043 -1.31247389  0.35482797 -1.47943196  1.97840754
  2.14326894  0.20032188  3.18200565 -2.12812033 -0.49597994 -0.64051848
  0.8858081   0.81902903 -0.98859192]
[ 1.         -1.31694454 -1.28862307 -0.30006573  0.36220743  0.20502719
 -0.50283589  0.87196533 -0.27365299 -1.13283596 -0.3831043  -0.18584626
  0.31318824 -0.36135602  0.11472165  0.6187502   0.57149368 -0.60395527
  1.19722976 -0.23972224  1.38303544]
[ 1.         -1.11764612 -3.07317399 -0.09378827  2.54439148  2.98509829
  0.37681866  3.47431818  2.19038304  0.80846188 -0.27458006 -1.45533091
 -0.68981585  0.98401337  0.90394843  1.84303098 -0.46946493 -2.83329562
  2.24438141  0.34900229 -1.37644052]
[ 1.          0.79121291  1.17257758 -0.09966836  1.40103743  0.11865941
 -0.02030368  0.4516521  -0.71191816 -0.05772231 -2.24517473  0.44014195
  1.09599533  0.50895241 -0.03841454  0.5782684   0.04042787  0.48260088
 -0.34080498 -0.33853921  2.21248712]
[ 1.          0.77826466 -0.6199279  -0.42042989 -0.78252378  0.11604826
  2.13165331 -0.13881792 -0.64311859  0.63334167  0.46594556 -0.34032268
  0.17852585 -1.40857134 -0.16990915  1.35777257  0.71896133  0.23122471
  0.35020738  0.03797438 -1.46467112]
[ 1.          0.83439003  0.0265684   0.03609547  0.30182383 -1.55090449
 -0.17252452  0.87732076  0.2070853  -0.49018236  0.25742172 -0.64675156
 -0.59630777  1.04291757 -0.77464327 -0.22347901 -1.25048507  0.05345309
  0.49778506 -0.43456224 -0.6979494 ]
[ 1.         -1.34085108  1.15552679  1.67034349 -0.66604095  0.03975719
  1.44311013  0.96942201  1.55030999 -1.33947424  0.46624235  0.06087586
  0.90344857 -0.57133218  0.8955991  -0.74766314 -0.12661318  1.21217257
 -2.09350326 -0.04719735  0.56514008]
[  1.00000000e+00  -1.24119938e+00  -4.71413249e-01  -1.38297025e+00
   3.33300086e-01  -6.82282478e-01  -7.22332944e-01  -1.63217249e+00
  -3.90406902e-01   1.87688479e+00  -6.99482858e-01  -5.40011711e-02
  -2.30382934e+00   4.15544571e-02   1.86370642e+00  -2.84680231e-01
  -1.33429344e-04  -6.94473682e-02  -3.82898466e-01  -2.03830120e+00
   5.20014668e-01]
[ 1.         -1.32458853  2.54268343 -2.43048109 -0.72899057  0.79884195
  0.49567691  1.46314122  0.51718843  0.90340878  1.52858958  0.79632783
  0.87949558  1.75887717 -0.64679215 -0.95745778  0.98353414 -0.34466324
 -0.68817776 -1.27260306 -1.73276744]
[ 1.         -1.14919436 -2.75884205 -1.04363668  0.04732627  0.80248015
  0.35229042  1.59729732 -0.43873109 -4.32966349  0.04195686 -0.07269309
  0.61387901 -2.16631188  1.07758072 -1.35764349 -0.7610441   2.06711318
 -2.1331197   0.95551111  0.81277337]
[ 1.          0.83865174  1.02819164 -0.29311724  0.15021599 -3.50396866
 -1.31885261  2.66258723  0.24654822 -0.11966012 -2.46223113 -1.75859933
 -0.72078276 -0.0992911  -1.2270153   0.8711274  -0.24999056  0.50384213
 -1.17313998  0.28060156  1.44163243]
[ 1.         -1.28267459  1.57754729 -2.75104211 -0.03315431 -0.87488329
  0.71339356 -1.21896271  0.14953841  0.8084189   0.19027193  0.84228159
 -1.85202887 -1.29119178  1.93212663 -0.86244695 -2.01173703 -1.10138605
 -0.13733544 -0.9632086   2.79527977]
