Cluster centers 

[-0.77045725 -1.34345008 -1.50334889  0.30329212]
[ 1.4302416  -0.08045248  0.48107479  0.01576051]
[-0.78306686  0.59051046  0.82664827 -0.10531537]
[-0.75203489  0.41041546 -1.16003506 -1.09161622]
[  1.10426063e+00  -1.06081210e+01   4.09215253e-01  -9.71076589e-03]
[-0.57862854  0.1227392   1.28832739  1.06070734]
[-0.78617831 -0.83069328  1.64372737 -0.49790015]
[-0.54892413  0.69012294  0.41842031  1.4475799 ]
[ 1.38436893  0.59641824 -0.20391458  0.72706414]
[ 1.40067198  0.38076166 -0.04449487 -1.53614477]
[ 1.4379183  -1.40927318  1.00288173 -0.48836833]
[-0.68152863  0.61951977  0.56703024 -1.99571205]
[-0.77154612 -0.0710327  -1.00164374  0.34894194]
[-0.74313424 -0.09104867  1.37451231  0.13532647]
[ 1.43060877  0.6583647  -0.75642156  0.45804232]
[-0.75310398 -0.99184328 -1.78363792 -1.08696829]
[ 1.45293965  0.16584412  0.17095323 -0.97160895]
[-0.78097044 -0.39549811 -1.4768149  -0.74833933]
[-0.77619572  0.80918256 -0.19300033  0.22258685]
[-0.5271578  -2.22256756  2.17765268  0.63322161]
[-0.78947985  0.97512788  0.19846047 -0.85638987]
[-0.73994893 -2.16665762 -1.65938667  0.43032279]
[ 1.07285432 -0.46291249 -1.27545867  2.04463515]
[-0.76702125  0.38283813  0.85318509 -1.46883445]
[ 1.46268768  0.76834942 -0.53856894 -0.39576512]
[ 1.10259928  0.26551802  0.48868937  1.68161538]
[-0.79922053  0.88931209  0.38293452 -0.5068907 ]
[ 1.38096586 -0.8054288  -1.8826274   0.86754099]
[ 1.34202864 -0.88162205  0.54387041 -2.18159887]
[ 1.45471289 -0.54428527  0.64483037 -0.54519118]
[-0.72837334  0.40143082  1.03315151  0.38926037]
[-0.6358176  -0.36760637  1.57275569  0.70258734]
[-0.80017366  0.6023661   0.77098993 -0.6723407 ]
[ 0.75464504 -0.19519293  1.08867572  2.08080019]
[-0.6973254   0.76078248  0.42174539  0.7833495 ]
[ 1.33623071 -0.2135221  -2.24853173 -1.45208509]
[-0.79569847  0.72651899 -0.54696226 -0.22209398]
[ 1.46076442  0.59436444 -0.17654267 -0.23120212]
[-0.79783051 -0.31540075  1.39620285 -0.65369673]
[ 1.402695   -0.69197306  0.83756686  0.10518665]
[-0.78935495 -0.73518319 -1.37980267  0.04515413]
[ 1.44760899  0.56347671 -0.12862081  0.05028342]
[-0.79593561 -0.97454554 -1.57304778 -0.3760263 ]
[ 1.28576102  0.04000293  0.11960997 -2.29222268]
[-0.48235241 -1.09306571  1.89884456  1.04272479]
[ 0.77081802 -1.20115537 -1.42631046  2.30494472]
[-0.6616885  -1.15289831 -1.26968514  1.0824981 ]
[-0.74179289  0.91971682  0.30556909 -1.49176785]
[ 1.22661986  0.88318774 -0.66040481 -2.23879254]
[-0.79516799 -0.24542062 -1.23891128 -0.17228132]
[-0.71948965 -1.34304375  1.89661005  0.03611233]
[ 0.17646156  0.01036191  1.19932111  2.27770547]
[-0.79266389  0.88333934  0.34841031 -0.16792886]
[-0.03001855  0.63529246 -1.68260979 -2.65730443]
[ 1.45289639  0.5364467  -0.14477008 -0.88194545]
[-0.70842703 -0.01305834 -0.81717979  0.88671988]
[-0.64874406  0.78420204 -1.08114501 -1.73878023]
[ 1.46045123  0.34185972  0.09118392 -0.39442367]
[ 1.26831195  0.56871454 -0.23876367  1.35156317]
[ 0.99204103  0.4696421  -0.07192926  2.09639586]
[ 1.25572349 -0.25361577  0.7993316   1.00966412]
[-0.78756714  0.08482752 -1.20791634 -0.62255263]
[-0.5682967   0.51979864  0.89643732  1.23980664]
[-0.79074245  0.19205624  1.14273885 -0.35445652]
[ 1.45914405 -0.16074491  0.40595345 -0.77276049]
[-0.77512896  0.41874077 -0.6830551   0.29413915]
[-0.70035455 -0.07159825 -1.55743355 -1.44007707]
[-0.78522709 -0.60830346  1.38555888 -1.45546232]
[ 1.26727446  0.35722242 -0.87047219  1.45667636]
[-0.79547828  0.30355969 -0.93107373 -0.19225048]
[-0.79352741 -1.62565447  1.84444    -0.80901976]
[-0.71304265  0.55793731 -0.34695288  0.82173132]
[ 1.40379708  0.05482443 -1.45000774  0.79883893]
[ 1.45122436  0.79195804 -1.12993384 -0.66098269]
[ 0.58017311  0.04779337 -0.57667541  2.57345174]
[-0.78565676  0.69425061  0.635238   -1.10787116]
[-0.2031653   0.51015137  0.56777625  2.18050301]
[ 0.47942445  0.39333399  0.51192124  2.48996293]
[ 1.41249922 -0.18510479  0.31232135 -1.57989557]
[ 1.33029239 -1.80484123  0.79163622 -2.40164853]
[ 1.39904952  0.25113948  0.28585535  0.43747089]
[-0.55111405 -0.49597058 -0.92295968  1.55382783]
[-0.57383377  0.20541946 -0.50598533  1.48841271]
[-0.30731184 -0.25776787  1.51404876  1.67402685]
[ 1.45595667 -1.2376932   0.8506884  -0.96205538]
[-0.72723857 -0.65049878  1.65376992  0.12809572]
[-0.76118545  0.81785357  0.43516071  0.28626532]
[-0.74554772 -0.6074201  -1.18756143  0.6022347 ]
[-0.79184019 -1.72095738 -1.80315895 -0.53109424]
[ 1.29302568  0.29111288  0.33935164  1.06676812]
[-0.78591223  0.66808146 -0.79035798 -0.68309204]
[-0.64309738  1.11310553 -0.22792079 -1.9125549 ]
[-0.79657229  0.94880469 -0.12987512 -0.36251295]
[ 1.39892482  0.83423313 -0.63102324 -1.36011318]
[-0.76209436  1.00398447 -0.42980357 -1.07407006]
[-0.76786568 -0.07415787  1.11843197 -1.55998364]
[ 1.44689202 -0.67097323  0.58667772 -1.24450623]
[-0.5644827   0.5944614  -0.04845025  1.48020023]
[-0.79928502  0.15845734  1.08344933 -0.96863279]
[ 1.46168174  0.42974164 -1.40619867 -0.03729621]

Populations

0.0107509568568
0.0195958762539
0.0163204410767
0.00739818204337
0.00842200784044
0.0114883155759
0.004323293748
0.0196522621155
0.0129959841698
0.00218795755125
0.00224151948085
0.0173564463369
0.0181904010968
0.017622337234
0.00762506447585
0.0171806719107
0.0112447512449
0.0137300471523
0.0029721600601
0.00903096603928
0.00490137826106
0.00735915780512
0.00519353188044
0.015115967413
0.0103081093025
0.00792426265436
0.00375431702
0.0100319187724
0.0116070098422
0.0169844544337
0.011574882823
0.0114892418759
0.00934524472822
0.0131735765211
0.00304099730158
0.0119002841246
0.012372118015
0.014559570182
0.00849019282595
0.0138205857106
0.0193662938079
0.0132711231926
0.00771215260355
0.00582013670752
0.0048004251889
0.00772286888718
0.0040202799889
0.00343808169519
0.0152728490368
0.00780350168886
0.00576800867053
0.0107295868119
0.000868380373294
0.0161151309987
0.0139708808906
0.00330782293935
0.0213504996061
0.0129933469476
0.00867647727038
0.0102052340374
0.0110721337044
0.0067180011569
0.0160146923685
0.0212353864691
0.0149697286348
0.00554521850353
0.00401104444905
0.013216474417
0.0148805715807
0.00502088194869
0.013066381263
0.00739198125807
0.0062179421399
0.00587704740011
0.0069937169874
0.00384669040038
0.00596653539169
0.0151519292158
0.00330076333115
0.0223967097517
0.00751504738557
0.00646715874124
0.0046832421497
0.00576460532172
0.0131716275762
0.0125969685133
0.0146895043656
0.00799406705759
0.0131239011627
0.0107710644203
0.00190399436273
0.0114749582444
0.00847429961318
0.00885094327997
0.00463811168296
0.0146772708183
0.00499756439061
0.0118492247178
0.00697309072484

State labels

0
1
2
3
5
6
7
8
9
10
11
12
13
14
15
16
17
18
19
20
21
22
23
24
25
26
27
28
29
30
31
32
33
34
35
36
37
38
39
40
41
42
43
44
45
46
47
48
49
50
51
52
53
54
55
56
57
58
59
60
61
62
63
64
65
66
67
68
69
70
71
72
73
74
75
76
77
78
79
80
81
82
83
84
85
86
87
88
89
90
91
92
93
94
95
96
97
98
99

Eigen values

1.0
0.950643793125
0.228924826379
0.124159644006
0.110712358516
0.0990586580204
0.0964289977657
0.0935655128751
0.0917524774158
0.0836059662716
0.0828242595609
0.0796805420511
0.0752252121939
0.0734211782222
0.0724193248185
0.0665549093453
0.0654931446281
0.0637205975246
0.061198245244
0.0588093541509
0.0571083135979

Left eigenvectors

[ 0.01075096  0.00954761 -0.016031   -0.00502663  0.00394823 -0.00604682
 -0.00121689  0.01602608  0.00018325 -0.00995414 -0.0154437  -0.01564499
 -0.0016861  -0.0080785  -0.00824608 -0.013388    0.00368901  0.0101328
 -0.00403982  0.01744501  0.00151963]
[ 0.01959588 -0.02277001 -0.0031241   0.00618759 -0.02328522  0.0061189
 -0.00813536 -0.0029825  -0.0150582   0.00941599 -0.0001688  -0.02680532
 -0.00897787  0.02349215  0.04608401 -0.00064647  0.03190362  0.00705785
 -0.00491404  0.00747551  0.01748003]
[ 0.01632044  0.01449076  0.02732296  0.00586097 -0.00918731  0.0097956
  0.0002943  -0.01286276  0.0170503  -0.00909562 -0.00885194  0.00571204
  0.00805478  0.00734783  0.01349647 -0.00825627 -0.01149738 -0.01263483
  0.01284243  0.00243011  0.00824966]
[ 0.00739818  0.00667741 -0.00677913  0.00093524 -0.00519585  0.00858844
  0.00205623  0.00189993  0.01163872  0.00729361 -0.00049679 -0.0040706
  0.00839836  0.01496705 -0.01104891 -0.01461874 -0.01121761  0.00895246
  0.00408531  0.0038813   0.00265539]
[ 0.00842201  0.00736373  0.01013563  0.00186639 -0.00108615 -0.00743368
  0.00189614 -0.01296549 -0.00132829 -0.0108171  -0.00304808  0.00427748
 -0.01668811  0.0012539   0.00131526  0.0057188   0.00394575  0.02133424
 -0.00418768 -0.01147828 -0.00509675]
[ 0.01148832  0.01008735  0.01728875 -0.00142053 -0.00597033 -0.00230423
  0.00237117  0.03171361 -0.00856966  0.00498215 -0.00877406 -0.02853507
  0.01310454  0.00871837 -0.01635098  0.00773562 -0.00156566 -0.02006392
  0.00369997 -0.01310744 -0.00122508]
[  4.32329375e-03   3.70611682e-03   3.04942733e-03   1.78653139e-04
   2.33557836e-03  -6.07758616e-03  -7.95440746e-05  -7.22979868e-03
  -1.67724253e-03   4.16370418e-04  -1.31026103e-03  -6.90441003e-03
  -4.57252658e-03  -1.53095212e-02  -2.06879669e-03  -1.00326332e-02
   8.73233461e-03  -1.21829127e-03  -3.06580491e-05  -1.40254145e-02
   5.25894303e-03]
[ 0.01965226 -0.0224032  -0.00063683 -0.00796604  0.00444104 -0.01924138
  0.01373133  0.00952186  0.02800472 -0.00159078  0.02026872 -0.00315261
 -0.00781205  0.00700596  0.00345248 -0.00250574  0.00730899 -0.0140172
  0.00856106  0.00911069  0.0105507 ]
[  1.29959842e-02  -1.55405012e-02  -1.12520053e-03   8.68246617e-03
  -1.05821178e-02   4.29994791e-03   3.33923931e-05  -3.77331311e-03
  -1.13222757e-02   2.05069939e-04  -1.27686309e-02   1.63391328e-02
   1.77106325e-03   1.66975563e-03  -1.44295065e-02  -7.64318294e-03
   1.37835173e-02  -5.01498362e-03   1.56947037e-02   5.61142285e-03
  -1.78419929e-02]
[  2.18795755e-03  -2.62013550e-03  -4.25522426e-04   8.86838557e-03
  -7.31615642e-03  -3.30835129e-03   4.16034461e-03   8.69797418e-04
  -2.62250449e-03   8.41110580e-03  -6.66831593e-03  -2.66537411e-03
  -7.53120889e-06  -1.40818548e-03   9.44182726e-03   1.34294669e-03
   1.14876612e-03   2.25071315e-03  -7.65463579e-03   4.50829853e-03
   5.47527685e-03]
[ 0.00224152  0.00195202 -0.00014403 -0.00040431  0.00110133 -0.00138663
  0.00247251  0.00887693 -0.00411618 -0.00441004 -0.00019383 -0.00423521
 -0.0098103  -0.0043049  -0.00699623 -0.00029765  0.00445093  0.00431468
 -0.00321671  0.0017361  -0.00315383]
[ 0.01735645  0.01576456 -0.02163318 -0.00243023 -0.00223687  0.00821112
  0.00220489  0.02818623 -0.01052301 -0.00083593  0.00969493  0.00276262
 -0.00326234  0.00211894  0.0001961   0.0259508  -0.00156213 -0.01807381
 -0.00152628  0.01408668 -0.01110056]
[  1.81904011e-02   1.60557814e-02   2.41603552e-02   4.51009331e-03
  -2.63289927e-03   7.00592018e-03  -3.33519501e-03  -3.84361775e-03
   9.02350216e-05   9.08833466e-03   2.04759338e-02   1.37434077e-02
  -1.86491686e-02   9.22835070e-03  -1.19069771e-02   7.16708300e-03
   1.34893816e-03   1.32334935e-02  -1.19831677e-02   2.82575083e-02
  -6.85571363e-03]
[  1.76223372e-02  -2.03950327e-02  -5.58159532e-04  -8.36436642e-03
   1.71284604e-02  -1.56001135e-03  -2.83679045e-02   1.39442047e-02
   2.34363010e-02   1.60122365e-06   1.49870341e-02   4.29487045e-04
  -1.12541196e-02  -8.98365858e-03  -7.99972663e-03   4.21582974e-03
  -2.01258937e-02  -9.21172072e-03   1.19743965e-02  -9.57818199e-03
   1.41877328e-02]
[ 0.00762506  0.00690638 -0.01357468 -0.00112226  0.00103149 -0.00306608
  0.00102645  0.00449614 -0.00349225 -0.01599186 -0.01023114  0.00017376
 -0.01769753 -0.00287653  0.00031806  0.01881511  0.0011545  -0.00154798
  0.00069706  0.01367222 -0.00281497]
[ 0.01718067 -0.01995371  0.00036331  0.02028754 -0.01067098 -0.00532826
  0.0209627   0.00369951 -0.00287388  0.0270258  -0.01377415  0.00039871
 -0.01816999  0.00474179  0.0146      0.00415362  0.02009942 -0.01047617
  0.00417309  0.01396531  0.02206132]
[ 0.01124475  0.01030227 -0.01640039 -0.00044462 -0.00024976  0.00339329
  0.00289792  0.02557523 -0.0140687   0.0113843   0.01883731  0.00598701
  0.0033097  -0.00152004 -0.00741141  0.0011449   0.00391395  0.0103781
 -0.0002874   0.00525342 -0.00600485]
[ 0.01373005  0.01197461 -0.0018641  -0.00410304  0.00334372 -0.01790095
  0.00195708  0.00604261 -0.01358826  0.00288872 -0.00418721  0.00365032
  0.00977383  0.01612142  0.00626784  0.02186854 -0.00978581  0.00954142
  0.01624304  0.01092521 -0.00131647]
[ 0.00297216  0.00245431  0.0063179   0.0010615   0.00150235  0.00893836
  0.00011813  0.00228591  0.00140795  0.00416031  0.00324448 -0.00331944
  0.00373645 -0.00701166 -0.0024197   0.00969722  0.00449322  0.00165262
  0.00356791  0.00155287 -0.00033282]
[ 0.00903097  0.00819423  0.00454323  0.00260733 -0.00409905  0.01114266
  0.00418894  0.00695339  0.01130788 -0.01911043 -0.01320903  0.00398169
 -0.00304238 -0.0019201   0.00550671  0.00364351  0.00163394  0.00683074
  0.00450941  0.00155224  0.00675131]
[ 0.00490138  0.00440899 -0.00938233 -0.00272251  0.00327904 -0.0003183
  0.0037888   0.0070238  -0.00193391 -0.00349978 -0.00205445  0.00142449
 -0.00273781  0.00077328 -0.00037655  0.00590408  0.00059985  0.01175415
 -0.00226112  0.00943852 -0.00541293]
[  7.35915781e-03  -7.69454398e-03   1.03156264e-03  -3.31034459e-02
   6.75743861e-03  -5.48654270e-03   7.05570678e-03   4.08775228e-04
   1.63733395e-02   5.30931643e-04   4.12762082e-05   1.45049943e-03
   6.25888422e-03   7.32395640e-04  -3.87353960e-05  -5.22874352e-03
  -5.34318975e-03  -4.88055494e-03  -1.47745548e-02   5.02118601e-03
  -1.49845480e-02]
[ 0.00519353  0.00455554  0.00541885 -0.00138413 -0.00191133  0.00199113
  0.00394125  0.00389779  0.00424105 -0.00361214 -0.0063398   0.00153067
  0.00687612 -0.0075299   0.00753295 -0.01024247  0.00201968 -0.00306579
  0.0035793  -0.00144852  0.00491088]
[  1.51159674e-02  -1.77228586e-02  -2.21099530e-05   2.55225808e-02
   3.52678681e-04  -8.11127822e-03   2.40739649e-02  -1.74832465e-04
  -1.09698899e-03  -5.92087643e-03   1.37241782e-02  -1.55136739e-02
   7.40983672e-03  -2.33849138e-02   1.49048263e-03   7.01728898e-03
  -3.30030627e-02   1.19951416e-02   6.62790407e-03   1.55362587e-03
   2.09296229e-02]
[ 0.01030811 -0.01070806  0.00295116 -0.01035091  0.02340361  0.01885597
 -0.00372526 -0.00398805 -0.01619929  0.01563147 -0.01245031 -0.00187642
 -0.01413311 -0.0024978   0.00344372  0.00391933 -0.00767429  0.00127344
  0.00311732  0.00175072  0.00314746]
[ 0.00792426  0.00732268  0.00340431  0.00311047 -0.00469024  0.01108492
  0.00487764  0.01551332  0.00243374 -0.00701195  0.00331035  0.00891099
 -0.003734    0.00966502  0.00365813 -0.01097868 -0.0046248   0.00662825
 -0.0067661  -0.01025344 -0.00023437]
[ 0.00375432 -0.00449962 -0.00075537 -0.01195103 -0.02025476  0.00113182
 -0.00829497  0.00121938 -0.00025844  0.0060363  -0.00431429  0.00400369
 -0.00418576 -0.00320884 -0.00114848  0.00282596 -0.00028099  0.00380986
 -0.00031742 -0.00355865 -0.0021374 ]
[ 0.01003192 -0.01205176 -0.00182849  0.01780753 -0.00293747 -0.01392967
 -0.01471917  0.01360918  0.02560284  0.00565866  0.00668903  0.00065921
 -0.00120944  0.00609361  0.00450677  0.00057186  0.01998172 -0.00379521
 -0.0040453  -0.00275353 -0.01537429]
[ 0.01160701 -0.01368751 -0.00069751  0.01445676  0.00331528  0.01048174
 -0.00901395 -0.00486571 -0.02093831  0.00434711 -0.02567516  0.01363135
  0.01138502 -0.00668951 -0.0168439  -0.00045559 -0.01427231  0.00216632
 -0.02976351 -0.00186009  0.00152718]
[ 0.01698445  0.01466701  0.02488376 -0.00157207 -0.00542905 -0.01412791
 -0.00663232  0.00364321 -0.00519316 -0.02657905 -0.00810032  0.02390528
 -0.00273092 -0.02554618  0.02591125 -0.01550113  0.00337066 -0.00977438
 -0.00029906 -0.00686043 -0.00246883]
[ 0.01157488  0.00989601  0.01761872 -0.00155528 -0.00012638 -0.01756291
 -0.00315253 -0.00094372 -0.01400886  0.00206939  0.00794257 -0.015257
 -0.01607617 -0.01296672 -0.00963725 -0.01057206  0.00044444 -0.02217054
 -0.01099161 -0.02497228 -0.00436502]
[  1.14892419e-02   1.03605831e-02   1.45798259e-02   1.96211813e-03
  -2.47204545e-03  -1.20012223e-05  -6.84040841e-03  -1.25384182e-02
   4.63039233e-03   3.24518592e-03   9.05926466e-03   7.18826111e-03
   9.28473617e-03  -1.79795786e-02   5.10344595e-03  -7.76208334e-03
   9.77559961e-03   1.23791669e-03   8.16898467e-03   5.82002124e-03
   4.74806539e-03]
[  9.34524473e-03  -7.91353036e-03   5.35015296e-03  -1.46249936e-02
  -4.51891647e-03  -9.81712601e-03   4.48423422e-02   1.60860418e-03
  -5.07871611e-03   2.83730284e-02  -1.25995211e-02  -9.46098092e-03
  -9.12788893e-03   1.20654548e-03   1.20537783e-02  -8.07477504e-03
  -4.30718315e-04  -9.63053695e-03   7.33370785e-03  -5.00133271e-05
   4.65502889e-03]
[ 0.01317358  0.01117912  0.00213636 -0.00171034  0.00299548 -0.01642258
 -0.00808024 -0.00662326 -0.00559868  0.01225083 -0.00490038 -0.00680692
  0.01872735  0.02721936 -0.00125499  0.00949205 -0.0124429   0.00361385
  0.00805034 -0.0197188   0.00189184]
[ 0.003041   -0.00360114 -0.00100956 -0.00988003 -0.01151418  0.0056643
 -0.01149165 -0.00113112 -0.00543859 -0.00227744  0.0013001  -0.00275953
 -0.00381399  0.00415873  0.00545668  0.00170876  0.00353287  0.00206986
 -0.00493818 -0.00094721  0.00976413]
[ 0.01190028  0.01081335 -0.01055091  0.00016993 -0.00051034 -0.00588612
  0.00050756  0.00654053 -0.0015522  -0.0019449   0.00237929 -0.00978911
 -0.00838892 -0.00340961 -0.01362897 -0.01967694  0.00613447  0.01007914
 -0.00071496  0.00247431  0.00994143]
[ 0.01237212 -0.01447894 -0.0017612  -0.00135816 -0.00262373  0.02357563
 -0.00010142 -0.01771289 -0.03553292 -0.02726671 -0.0011493   0.0083946
  0.0115209   0.01213513 -0.02669138 -0.00880439  0.01535229 -0.00679481
  0.01307429 -0.00196645  0.00978878]
[ 0.01455957  0.01298389  0.01776938  0.00543973 -0.00790435  0.02406057
  0.01121765  0.02717077  0.01311901 -0.00316798 -0.00594613 -0.00921976
 -0.00043492  0.03626662 -0.01304689 -0.0161749  -0.01299226  0.02570875
 -0.00125228 -0.01742581  0.00196473]
[  8.49019283e-03  -9.92973484e-03  -1.42658664e-04   1.50054247e-02
   1.20183445e-02   5.58002719e-03   1.98463439e-03  -5.54602539e-03
  -1.04535761e-02  -9.51689728e-03  -3.44479436e-03  -1.03859503e-03
   9.02077446e-03  -1.36405948e-03  -3.23096256e-03  -1.12888461e-02
  -1.47531915e-02  -5.02252417e-03  -4.13228820e-05  -2.94995460e-04
  -2.12111564e-02]
[  1.38205857e-02   1.25100709e-02  -2.11141223e-02  -4.41168863e-05
  -3.64453908e-03   3.77422900e-03   1.47370420e-04  -2.60434994e-02
   3.06359631e-02  -2.68530724e-02  -4.42858454e-02  -2.90557959e-02
  -8.87529397e-03   8.93452402e-03  -2.06485523e-03   1.83099786e-02
  -5.78835767e-03  -1.06002906e-02  -6.61715264e-04   7.42891608e-03
   9.96281862e-05]
[ 0.01936629 -0.02267296  0.00010965  0.00184623  0.02658292  0.01474206
 -0.01116921 -0.00357146 -0.0108862  -0.03003666  0.02810581 -0.01919842
 -0.002071    0.00670386  0.01550316 -0.00212849 -0.02133193  0.00032277
  0.00512571  0.00538875  0.02070216]
[ 0.01327112  0.01201322 -0.02489608  0.00147662  0.00069837  0.00144996
  0.00122627 -0.00907958  0.00228525  0.00328892  0.00300536  0.00519108
  0.00266002 -0.00902554  0.00833353  0.01852223  0.00459638 -0.00783986
  0.00595626 -0.0276373  -0.00668006]
[ 0.00771215 -0.00902515 -0.0002638   0.00946017  0.00460311 -0.00257874
 -0.00810985  0.00289035  0.00701514 -0.00195209  0.00577328 -0.00406578
 -0.00852879 -0.0088202   0.00354057  0.00662982 -0.01656661  0.00854267
 -0.00010358 -0.00819768  0.01046821]
[  5.82013671e-03   4.57272075e-03   6.61939685e-03  -1.60488684e-03
   4.07388369e-03  -4.16593254e-03   1.89691214e-03  -7.54541705e-03
   3.50601863e-04   8.35465530e-04  -1.89587040e-03   9.79826452e-03
  -5.69102378e-04   1.10575116e-03  -1.02592337e-05   1.23251514e-02
   3.75322553e-03   2.36803185e-02   4.20279974e-03   2.80609545e-03
   2.57291874e-03]
[ 0.00480043 -0.00396081 -0.00058181 -0.01487627  0.01113043 -0.00454199
 -0.00520814  0.00076062  0.00378716  0.00195113 -0.00584233 -0.00510172
  0.0145881   0.00167792  0.00638764  0.0001254   0.0047213   0.00280101
 -0.0247956  -0.00170897 -0.00209484]
[ 0.00772287  0.00699375 -0.01009059  0.00029317 -0.00036568  0.01276978
  0.00589382  0.0077363   0.00768953 -0.00181622  0.00029347  0.01679007
  0.00106127  0.00170222  0.00625106 -0.00456743 -0.00117145  0.01228738
 -0.00041979  0.00856371  0.00548286]
[  4.02027999e-03   3.69098959e-03   4.22766804e-03   6.67277610e-04
  -1.64411385e-03  -9.92855539e-04  -2.93168373e-03   2.49908083e-03
   3.02057969e-05  -4.97439364e-03  -4.19243081e-03  -2.05115850e-03
   4.15359522e-03   6.07682241e-03   3.19884812e-03   4.76189055e-03
  -5.77999304e-03  -1.22966845e-02   3.48015071e-03   5.84289283e-04
  -7.87478639e-04]
[  3.43808170e-03  -4.07415962e-03  -9.94701043e-04   1.47950499e-02
  -1.27073111e-03  -4.99008688e-03  -2.44318180e-03   2.37740902e-03
   4.50922979e-03  -4.78039377e-03   3.78740134e-03  -3.57886248e-03
   1.05045611e-02  -5.43945501e-03  -3.86570405e-05   3.79099090e-03
  -8.43271469e-04   6.52954730e-03  -1.34282157e-02  -2.57653328e-03
  -1.26981011e-02]
[ 0.01527285  0.0138444  -0.02745029 -0.00187226  0.00635232  0.00448319
  0.00125526  0.00405863 -0.00602478  0.0076304   0.00455226  0.01232522
  0.01245605 -0.0176378   0.0173738  -0.0103104   0.00420973 -0.00620851
  0.00682638 -0.02469838  0.00756976]
[ 0.0078035   0.00659348  0.01430306 -0.00016323  0.00080101 -0.00583356
  0.000182   -0.00274521  0.00090293 -0.01097905 -0.00900512  0.00940803
 -0.0077437  -0.01096085  0.01079431 -0.00852642  0.00367091  0.00802762
  0.00130179 -0.00058015  0.00430048]
[ 0.00576801 -0.00117215  0.00653448 -0.00323388  0.02016397  0.00757015
  0.01527613 -0.00577831 -0.00404401  0.00408159 -0.00231927 -0.00398678
 -0.01168532 -0.00948992 -0.00242094  0.0089678   0.00537808  0.01374029
  0.00378187 -0.00640285 -0.00031677]
[ 0.01072959  0.00933145  0.01421234  0.00098201  0.00024045 -0.00700892
 -0.00164295  0.0024704  -0.0099707  -0.00042488  0.00510728  0.00668114
 -0.00211656  0.00908364  0.00362048  0.01010371 -0.00392097 -0.00770372
 -0.00199722  0.01007408 -0.00393524]
[  8.68380373e-04   4.03485646e-04  -7.33772757e-04  -1.93624042e-03
  -2.88279933e-04   2.48622085e-03  -3.25065469e-03   1.66318176e-03
  -9.23854930e-04   5.53497605e-03  -7.11986725e-05  -4.64031531e-03
   6.47603907e-03  -2.11047516e-03  -1.16122335e-03   1.26338507e-03
   8.81434995e-04   1.51751251e-03   4.25422784e-04  -2.77862817e-03
  -3.15526000e-04]
[ 0.01611513 -0.0192724  -0.00210641  0.00977591 -0.00371752 -0.00623634
 -0.02809144  0.01375699  0.01535974  0.01937447 -0.00803157 -0.00065069
 -0.01082105 -0.01037067  0.01591658  0.00176207 -0.02132623  0.00146556
 -0.01571118 -0.00077535 -0.00722723]
[ 0.01397088  0.01267924 -0.01725325  0.00050739  0.00301582  0.00859372
  0.00573292 -0.00463742  0.00406956  0.00866395  0.00663907  0.00716106
 -0.00013999  0.00197837  0.00381039 -0.03487235 -0.00208711  0.01414007
 -0.00636046  0.00340322  0.00719137]
[  3.30782294e-03   3.10047363e-03  -4.24759161e-03  -1.50311090e-04
  -1.43822088e-05  -1.40810319e-03  -1.38496850e-03   3.19031337e-03
   9.87327907e-04  -5.87703924e-03  -9.01520782e-03  -1.14539224e-02
   1.04499855e-03  -1.08806901e-02  -2.38446931e-03  -4.10474081e-03
   4.68206985e-03  -7.92970005e-03   6.35751580e-03   1.21913490e-03
   6.03530659e-03]
[ 0.0213505  -0.02504491 -0.00242285  0.0210151   0.00735233  0.00498104
 -0.03254684  0.00965701 -0.00186277  0.00856707 -0.01751467  0.01659387
 -0.00901065  0.01127207 -0.00962691 -0.00802816  0.01692444 -0.01172907
 -0.00145095  0.00329943  0.01117135]
[ 0.01299335 -0.0148433   0.00058773 -0.00623143  0.0135443  -0.00794341
 -0.00658224  0.00581286  0.02406434 -0.00634399  0.01307773  0.00515953
 -0.00385533  0.01232217 -0.01351369  0.00127274  0.03349224  0.00211334
  0.01848372 -0.00701322  0.00037247]
[ 0.00867648 -0.00919575  0.00209421 -0.02067247  0.01484502 -0.00594137
  0.00612616 -0.00369177  0.00977451  0.00289794 -0.00661776  0.00706441
  0.0064548   0.0031654   0.00137048 -0.0052317  -0.00225043 -0.00353998
 -0.00627757  0.00613768 -0.01361234]
[ 0.01020523 -0.01090331  0.00064793 -0.00354517 -0.00765977 -0.00422212
  0.01516168  0.0012143   0.00475569  0.00284441 -0.00605319  0.02450794
  0.00215065 -0.0112438  -0.02840908  0.00038746 -0.01324075 -0.01461135
  0.01745773  0.00292798  0.00797043]
[ 0.01107213  0.00986498 -0.01727407 -0.00370789  0.00307055  0.00399812
 -0.00161818  0.00851264 -0.0029241  -0.00103992  0.00016633  0.01132767
  0.02436357 -0.01483064  0.0187598   0.00597721  0.00864443  0.00318514
  0.00670388 -0.01068255  0.00255131]
[ 0.006718    0.00552475  0.01036895 -0.00107234  0.00346203  0.0082683
  0.0017612  -0.00152746  0.00028282  0.00237961  0.00530192  0.01729557
  0.00966131 -0.00055967  0.01757047  0.00058932  0.00010723 -0.00141764
 -0.00362534 -0.00159079  0.00388125]
[ 0.01601469  0.01402924  0.026096    0.00162287 -0.01054728  0.00184305
 -0.00412883  0.00241485  0.00123922  0.00128213  0.00431543 -0.01349452
 -0.00356134 -0.01638647 -0.01329206 -0.0176442   0.01016156 -0.00281666
 -0.00802405 -0.00060285  0.00081369]
[ 0.02123539 -0.0247978  -0.00058323 -0.00120097 -0.00328023  0.00172353
  0.02476985 -0.01136835 -0.00586278 -0.03659017  0.0392807  -0.02451636
  0.02220039 -0.00818249 -0.00040567  0.01139291 -0.01240471  0.01313442
 -0.02176631 -0.00459359  0.01386828]
[ 0.01496973  0.01353113 -0.0169785   0.00087821 -0.0004041  -0.00549697
 -0.00093549  0.00276374  0.00122245 -0.01219307 -0.01495051 -0.00425167
  0.01197106  0.00857044  0.01026369  0.00851827 -0.01170575 -0.00780895
  0.0110455  -0.01034915 -0.00185069]
[  5.54521850e-03   5.04359014e-03  -1.05878385e-02   1.99584293e-05
   3.48008412e-03  -6.87752144e-03  -1.70383750e-03  -2.55458642e-04
  -7.85123741e-03   3.21374890e-03   2.93332532e-03   5.81922805e-03
  -1.52980330e-04  -2.14083856e-03   1.70416854e-03   2.59238002e-03
   3.26196059e-03   3.26119741e-03   5.71079939e-03  -3.24222117e-03
   3.86504553e-03]
[ 0.00401104  0.00343174  0.00683839  0.00104194  0.00244268  0.0158531
  0.00083402  0.00170557  0.00420522  0.00508928  0.00053838 -0.00396201
 -0.000247   -0.00456476 -0.00219065  0.01603548  0.00555392 -0.00936713
 -0.00296218  0.00347292 -0.0066955 ]
[  1.32164744e-02  -1.50565169e-02  -7.68534707e-05  -1.72224398e-02
  -6.40769831e-03  -1.01071321e-02   8.95610004e-03   1.10210394e-03
   1.87890405e-02  -1.02832775e-02   1.38210690e-02   1.04256400e-02
   7.32480107e-03  -1.81938538e-03  -1.99800766e-02   7.71448918e-03
   8.87150199e-03   1.82154733e-03   9.15813982e-03  -6.89477152e-03
   2.00032137e-03]
[ 0.01488057  0.01362165 -0.0219332   0.00132764  0.0006816   0.00687075
 -0.00646912 -0.0104732   0.003769    0.0052728   0.00697997 -0.01074053
 -0.00044192 -0.01927373 -0.0112094  -0.02490048  0.00562416 -0.01038802
 -0.01044985  0.02731007 -0.00260333]
[ 0.00502088  0.00448564  0.01031294  0.00214593 -0.00012427  0.02068808
 -0.00176741 -0.0082026   0.0126413   0.01175256 -0.00114748 -0.01576775
  0.00675972 -0.01149783 -0.00912453  0.00812028  0.00990063  0.00160457
  0.00063241  0.00515824 -0.00163902]
[ 0.01306638  0.0117265  -0.01330025  0.00247705  0.0010333   0.00152981
  0.00493734 -0.01445037 -0.00244579  0.00830274  0.0135112   0.00402628
 -0.02420445  0.01058332 -0.0067018   0.00060318 -0.00391026 -0.02354851
 -0.02127872 -0.00599055 -0.00813462]
[  7.39198126e-03  -8.29451974e-03  -7.16265343e-05  -7.28976664e-03
   3.88843521e-03   4.57919125e-03   8.10158118e-03  -7.87889357e-03
  -1.23604403e-02  -1.30863519e-02  -1.06074218e-03   1.58885417e-03
   1.65566396e-02   1.79896758e-02  -3.26637535e-03  -3.75290984e-03
   2.71253186e-02  -9.25208629e-03  -2.20001502e-02   1.38830284e-04
   1.15738536e-02]
[ 0.00621794 -0.00718092 -0.00099314  0.00932788 -0.00612135 -0.00684584
 -0.00041099  0.00310704  0.0086098   0.00322916 -0.00466619  0.014923
  0.00327971 -0.00346421 -0.01501929  0.00672269 -0.0028589  -0.00375984
 -0.00698352 -0.00357703  0.0095413 ]
[  5.87704740e-03  -3.65506856e-03   6.76927742e-04  -1.20016367e-02
  -2.86133204e-03  -1.18685424e-02   5.92370566e-03   8.52331728e-05
   1.04964049e-02   1.79114728e-03  -8.41168238e-03   1.12344220e-02
   1.68935151e-03  -1.58735431e-03  -8.37015927e-03   3.65088047e-03
   4.74358182e-03   6.75638049e-03  -4.64241869e-03   7.67847189e-04
   1.00201586e-02]
[ 0.00699372  0.00617848  0.00251629 -0.00022321  0.00040208 -0.01155348
 -0.00485783 -0.01674941  0.00222355  0.00150534 -0.00562815 -0.00382434
  0.00390375  0.01577716  0.00144128  0.00119731 -0.01111982 -0.00189782
  0.00391255  0.00353519  0.00034339]
[ 0.00384669  0.0017041  -0.00167404  0.00456926 -0.00155829  0.00332668
  0.00559467 -0.00556566  0.00277411  0.00102798 -0.00297649 -0.00022056
 -0.00375518  0.00839762 -0.00223804  0.01111514  0.0054463   0.00630803
  0.00210846 -0.01352011  0.00163814]
[ 0.00596654 -0.00381925  0.0058206  -0.00840336  0.03260184  0.00506362
 -0.00438906  0.00203857 -0.00312348  0.01016477 -0.01431769  0.00459507
 -0.00204268  0.00072708  0.00100886 -0.00023802  0.00075979  0.00609216
 -0.00165809 -0.00261416 -0.00129939]
[ 0.01515193 -0.01766894 -0.00076696  0.00796848  0.00038889  0.00049545
 -0.00083418  0.00245298 -0.00097134  0.00407224 -0.00570401  0.00935691
 -0.00073023 -0.00297834 -0.01010866  0.00433787 -0.01015052 -0.01207164
 -0.00710947  0.00249674  0.01626225]
[ 0.00330076 -0.00398954 -0.00059541  0.00415546  0.0012604  -0.00070833
 -0.00755805  0.00174085  0.00309726 -0.00335338  0.00451553 -0.00396397
 -0.00136764  0.00836028  0.00637955 -0.00649921  0.01320388 -0.0004827
  0.01059702 -0.00100179 -0.01328988]
[ 0.02239671 -0.0261594  -0.00087146 -0.0280182  -0.01212786  0.00551225
  0.02262103 -0.01160378 -0.00937538 -0.00833054  0.02074397 -0.02593291
 -0.00149784 -0.004807    0.02798568 -0.00835072 -0.01798054  0.00219394
  0.02013226  0.01373063 -0.04156144]
[ 0.00751505  0.00637522 -0.00661777  0.00048056 -0.00016615  0.00240248
 -0.00050458 -0.00410261  0.00163591 -0.00352295  0.00432525  0.00558544
 -0.01309463  0.00332175  0.00354359 -0.00720848 -0.00430587 -0.0075783
 -0.00964279  0.00774836  0.0023287 ]
[  6.46715874e-03   5.54396939e-03  -2.08819335e-03   1.55507447e-03
   7.07239344e-04  -5.46542072e-03  -3.32848828e-03  -1.80958777e-02
   2.78613595e-03   2.01959177e-03  -2.04956186e-03  -3.50632024e-03
  -3.03474747e-03  -9.23647690e-05  -3.48026382e-03   2.26316651e-03
   9.88058548e-04   1.87478955e-03  -3.22712582e-03  -4.95656578e-03
  -1.51199262e-03]
[ 0.00468324  0.00315088  0.0082099  -0.00075312  0.00161813  0.00279686
  0.00481974  0.00852909 -0.00770376 -0.00600005  0.00565643  0.00817798
 -0.0072201   0.00333872  0.00341458  0.01314024 -0.00143528 -0.0189813
 -0.00618148  0.00314924 -0.00062691]
[  5.76460532e-03  -6.76775290e-03   4.02653530e-04   1.24898992e-03
   1.64891461e-02   6.01994906e-03  -1.70760312e-02   4.11650710e-03
  -5.70223866e-04   1.57840173e-03   5.65401035e-04  -3.39531604e-03
  -1.36313262e-02   4.71450827e-03   5.63595271e-03  -4.28349125e-03
  -3.63539714e-03   9.97889362e-05   1.38998045e-02  -1.58105615e-03
   7.80247980e-03]
[ 0.01317163  0.01131815  0.02226247 -0.00549241  0.00416558 -0.03593219
 -0.01064171  0.0198315  -0.02344624 -0.00432671 -0.0049841  -0.00915477
  0.00424507  0.00506256 -0.00689021 -0.0045738  -0.0010886   0.01830103
 -0.00268517  0.00987513 -0.00383714]
[  1.25969685e-02   1.12476544e-02   9.30280879e-03   2.21385975e-03
  -4.53328517e-03   2.85393527e-02   6.93277205e-03   8.63928833e-03
   1.63009515e-02  -5.35825745e-03   1.16497049e-03   1.26700556e-02
   6.41582287e-03  -6.59384725e-03   1.63933636e-02  -1.56370865e-05
  -1.19969108e-03  -1.07946391e-02  -5.46808676e-03  -3.75224182e-03
  -1.24863499e-02]
[ 0.0146895   0.01357542 -0.02037734  0.00325961 -0.00364801 -0.00371602
 -0.00225334 -0.02372971  0.00391498  0.01873434  0.01602437  0.00170879
 -0.00104623  0.01142458 -0.00902435 -0.01081901 -0.00857903 -0.00406401
  0.00612836 -0.00258548  0.0038829 ]
[ 0.00799407  0.00726468 -0.01262611 -0.00038484  0.00346033 -0.00296696
  0.00304241 -0.00218588 -0.00839743  0.0098575   0.01248254  0.00573038
 -0.00061841  0.00028402  0.00339239  0.00458581  0.00162039 -0.00803304
 -0.0051894  -0.01395697 -0.00407636]
[ 0.0131239  -0.01482496 -0.00076601  0.02108543 -0.00096676 -0.00255054
  0.00180341 -0.0035248  -0.00727534  0.00729187 -0.01956543  0.00589895
  0.01285065 -0.00146664  0.00084258 -0.0084092  -0.00361984  0.00543491
 -0.00229765  0.0013738  -0.02912713]
[ 0.01077106  0.00946371 -0.01100949 -0.0027651   0.00608933 -0.0160481
 -0.00571315  0.00313651 -0.01221102 -0.00073417 -0.00383427 -0.00376446
  0.00990232 -0.00689144 -0.00424069  0.01042785  0.01013878  0.00284531
  0.01156995 -0.00418014  0.0021891 ]
[ 0.00190399  0.00172072  0.00132034  0.00110808  0.00072703  0.00247862
  0.00090125 -0.00625798  0.00116099  0.00424738  0.00298386 -0.00126231
 -0.00249892  0.00082355 -0.00188677  0.00324142  0.00213805  0.00395944
 -0.00294548 -0.00942052 -0.00168578]
[ 0.01147496  0.01047401 -0.00322057  0.00236392 -0.00242235 -0.00473062
 -0.00084344 -0.01914778  0.0068026  -0.00269283  0.0019835   0.00118627
 -0.01914436  0.00996614 -0.00434689 -0.0059859  -0.00743872 -0.00256659
 -0.01620084 -0.01072714 -0.00698746]
[  8.47429961e-03  -9.88497290e-03  -7.97593084e-05   2.49008154e-03
  -7.78812331e-03   4.48001779e-03   1.55689091e-03  -5.62256792e-03
  -9.81488015e-03   1.92681820e-03  -9.37251471e-03   2.68629167e-03
  -7.07188933e-03  -2.59198080e-03   4.20460185e-04  -9.68313400e-03
  -2.43835436e-03   4.26460837e-03   2.26763753e-02  -5.04213275e-03
  -3.55327319e-02]
[  8.85094328e-03   8.09336219e-03  -3.32625079e-03   1.65294724e-03
   1.50919032e-05   8.03107365e-04  -6.77811691e-03  -1.31481479e-02
  -2.25806841e-03   1.03825043e-02   1.20054909e-02  -2.02609275e-03
   1.80788041e-03  -7.11203471e-03  -6.31195209e-03   3.26392337e-03
   2.83090327e-03   5.01460683e-03   1.19783305e-03   3.44485134e-02
  -1.71022495e-03]
[ 0.00463811  0.00415829  0.00876743  0.00130014 -0.00223849 -0.00806989
 -0.00512859 -0.00652653 -0.00463702  0.00061708  0.00960436  0.00169895
 -0.00450774  0.00087575 -0.0024776   0.00537436 -0.00025277 -0.00196414
 -0.00322876  0.00440393 -0.00479213]
[ 0.01467727 -0.0174041  -0.00142684  0.01459744 -0.02175273 -0.00696331
  0.01655287 -0.00385985  0.00112725 -0.00589109  0.00725219 -0.0014014
  0.00785596 -0.00410279 -0.00321234  0.01140564  0.01120878  0.01498382
 -0.00049761 -0.00381365 -0.0101482 ]
[ 0.00499756  0.00418908  0.00147247  0.00112431 -0.00160237  0.00442424
  0.00508853  0.00653447 -0.00132154  0.01074142  0.00669581 -0.00461693
 -0.0001152   0.01003067 -0.00548113 -0.0085958  -0.00640193 -0.00132288
  0.0004844  -0.00512095  0.00438474]
[  1.18492247e-02   1.05426046e-02   1.71879708e-02   2.31589131e-04
   4.43912049e-05  -1.26241018e-02  -1.61586485e-02  -1.97073185e-02
  -7.11241372e-04   1.29969513e-02   6.28358648e-03   4.70557373e-04
   2.85729434e-02   3.84379827e-03   1.96806607e-03   1.77628363e-03
  -4.27279582e-03  -3.97078349e-03   1.73612713e-02   2.26892670e-02
   1.16730888e-02]
[ 0.00697309 -0.00801822 -0.00137159 -0.03122586 -0.03182497  0.01124957
 -0.02010994 -0.00126675 -0.00931819  0.00148026 -0.00181805  0.00099901
 -0.00593884 -0.01011719 -0.00299587  0.00571694 -0.01277943  0.00961955
  0.00055794 -0.00718927 -0.00082061]

Right eigenvectors

[ 1.          0.88807033 -1.49112306 -0.46755208  0.36724485 -0.56244527
 -0.11318889  1.49066588  0.01704492 -0.92588452 -1.43649543 -1.45521818
 -0.15683267 -0.75142126 -0.76700923 -1.2452849   0.34313287  0.94250255
 -0.37576347  1.62264759  0.14134805]
[ 1.         -1.16197963 -0.15942654  0.31575994 -1.18827166  0.31225436
 -0.4151567  -0.15220032 -0.76843723  0.48050893 -0.00861421 -1.36790591
 -0.45815096  1.19883127  2.35171982 -0.03299028  1.62807833  0.36017033
 -0.25076906  0.38148408  0.89202609]
[ 1.          0.88789027  1.67415591  0.35911825 -0.56293299  0.60020457
  0.01803253 -0.78813821  1.04472053 -0.55731447 -0.54238365  0.34999328
  0.49353931  0.45022271  0.82696735 -0.50588514 -0.70447723 -0.77417224
  0.78689237  0.14889966  0.50548028]
[ 1.          0.90257459 -0.91632312  0.12641434 -0.70231406  1.16088469
  0.27793672  0.25681066  1.57318634  0.98586506 -0.0671508  -0.5502156
  1.135193    2.02307127 -1.49346303 -1.97599066 -1.51626542  1.21008946
  0.55220437  0.52462868  0.35892473]
[ 1.          0.87434343  1.20346905  0.22160809 -0.12896528 -0.88264911
  0.22514138 -1.53947705 -0.15771617 -1.28438486 -0.36191845  0.50789335
 -1.98148809  0.14888371  0.156169    0.67903037  0.46850487  2.53315361
 -0.49723077 -1.36289152 -0.60517053]
[ 1.          0.87805339  1.50489856 -0.12365041 -0.5196873  -0.20057163
  0.20639883  2.76050964 -0.74594607  0.43367101 -0.76373786 -2.48383414
  1.14068418  0.75889052 -1.42327084  0.67334695 -0.13628291 -1.7464628
  0.32206405 -1.14093655 -0.10663714]
[ 1.          0.85724381  0.70534817  0.04132339  0.54023124 -1.40577682
 -0.01839895 -1.67228949 -0.38795479  0.09630861 -0.30307009 -1.59702542
 -1.05764883 -3.54117071 -0.47852328 -2.32059947  2.01983375 -0.28179701
 -0.00709136 -3.24415025  1.21642047]
[ 1.         -1.13998096 -0.03240484 -0.40535     0.22598132 -0.97909239
  0.69871489  0.48451706  1.42501232 -0.08094639  1.03136831 -0.16041969
 -0.39751408  0.35649635  0.17567854 -0.12750385  0.37191574 -0.71326144
  0.43562713  0.46359486  0.53686942]
[ 1.         -1.19579256 -0.08658063  0.66808839 -0.8142606   0.33086743
  0.00256944 -0.29034454 -0.87121341  0.01577949 -0.98250588  1.25724474
  0.13627773  0.12848243 -1.11030502 -0.58811882  1.06059819 -0.38588717
  1.20765796  0.43178129 -1.37288509]
[  1.00000000e+00  -1.19752575e+00  -1.94483858e-01   4.05327131e+00
  -3.34382923e+00  -1.51207289e+00   1.90147410e+00   3.97538525e-01
  -1.19860849e+00   3.84427284e+00  -3.04773551e+00  -1.21820193e+00
  -3.44211838e-03  -6.43607311e-01   4.31536126e+00   6.13790105e-01
   5.25040405e-01   1.02868227e+00  -3.49853030e+00   2.06050548e+00
   2.50246027e+00]
[ 1.          0.87084885 -0.06425679 -0.1803711   0.49133121 -0.61861008
  1.10305067  3.96022772 -1.8363338  -1.96743369 -0.08647295 -1.88943686
 -4.37662845 -1.92052536 -3.12120121 -0.13278963  1.98567588  1.92488995
 -1.43505598  0.7745208  -1.40700678]
[ 1.          0.90828263 -1.24640579 -0.14001915 -0.1288784   0.47308766
  0.1270358   1.62396309 -0.60628839 -0.04816248  0.55857816  0.15916996
 -0.18796126  0.12208378  0.01129855  1.49516778 -0.09000307 -1.04133107
 -0.08793747  0.81161092 -0.6395643 ]
[ 1.          0.88265131  1.32819255  0.24793809 -0.14474113  0.3851438
 -0.18334917 -0.21129923  0.00496058  0.49962255  1.12564499  0.75553077
 -1.02522031  0.5073198  -0.65457474  0.39400357  0.07415659  0.72749872
 -0.65876325  1.55342965 -0.37688634]
[  1.00000000e+00  -1.15733982e+00  -3.16734111e-02  -4.74645690e-01
   9.71974388e-01  -8.85246564e-02  -1.60976970e+00   7.91280095e-01
   1.32992013e+00   9.08632964e-05   8.50456661e-01   2.43717414e-02
  -6.38628093e-01  -5.09788143e-01  -4.53953782e-01   2.39232157e-01
  -1.14206722e+00  -5.22729795e-01   6.79501044e-01  -5.43525065e-01
   8.05099381e-01]
[ 1.          0.90574661 -1.78027086 -0.14718067  0.13527622 -0.40210509
  0.13461529  0.58965251 -0.45799672 -2.09727507 -1.3417773   0.02278795
 -2.32096788 -0.3772471   0.04171304  2.46753417  0.15140804 -0.20301239
  0.0914172   1.79306232 -0.36917372]
[ 1.         -1.16140432  0.02114633  1.18083534 -0.62110359 -0.31013088
  1.22013266  0.21532963 -0.16727374  1.5730352  -0.80172381  0.0232071
 -1.05758296  0.27599573  0.84979198  0.24176106  1.16988583 -0.60976502
  0.24289451  0.81285032  1.28407757]
[ 1.          0.91618484 -1.45849332 -0.03954022 -0.02221137  0.30176623
  0.25771323  2.27441536 -1.25113457  1.01240997  1.67520921  0.53242715
  0.29433321 -0.13517799 -0.65909946  0.10181618  0.34806883  0.92292837
 -0.02555894  0.46718891 -0.53401388]
[ 1.          0.87214655 -0.1357676  -0.29883636  0.24353328 -1.30377919
  0.14253964  0.44010152 -0.98967326  0.21039392 -0.30496666  0.26586335
  0.71185696  1.17417075  0.45650555  1.59275041 -0.71272979  0.69493015
  1.18302883  0.79571564 -0.09588257]
[ 1.          0.82576783  2.125693    0.35714683  0.50547312  3.00736088
  0.03974403  0.7691059   0.47371303  1.39975815  1.09162482 -1.11684342
  1.25715103 -2.35911116 -0.81412114  3.26268334  1.51176897  0.55603298
  1.20044366  0.52247224 -0.11197925]
[ 1.          0.90734852  0.5030726   0.28871036 -0.45388804  1.23382815
  0.46384215  0.76995025  1.25212327 -2.11610044 -1.46263778  0.44089303
 -0.33688353 -0.21261317  0.60975894  0.40344673  0.18092604  0.75636868
  0.49932718  0.17187924  0.74757353]
[ 1.          0.89954091 -1.91422367 -0.55545815  0.66900436 -0.06494192
  0.7730068   1.43302634 -0.39456377 -0.71403917 -0.41915821  0.29062995
 -0.55858046  0.15776754 -0.07682447  1.2045753   0.12238453  2.39813206
 -0.46132275  1.9256872  -1.10436881]
[ 1.         -1.04557399  0.14017401 -4.49826554  0.91823532 -0.74553948
  0.95876552  0.05554647  2.22489311  0.07214571  0.00560882  0.19710128
  0.8504892   0.09952167 -0.00526356 -0.71050841 -0.72605995 -0.66319477
 -2.00764207  0.68230444 -2.03617702]
[ 1.          0.87715626  1.04338503 -0.26650999 -0.36802205  0.38338558
  0.75887599  0.75050884  0.81660311 -0.69550833 -1.22071083  0.29472655
  1.32397785 -1.44986035  1.45044777 -1.97215812  0.38888447 -0.59030999
  0.68918331 -0.27890933  0.94557646]
[  1.00000000e+00  -1.17245944e+00  -1.46268859e-03   1.68845169e+00
   2.33315323e-02  -5.36603315e-01   1.59261820e+00  -1.15660784e-02
  -7.25715374e-02  -3.91696824e-01   9.07925889e-01  -1.02631035e+00
   4.90199305e-01  -1.54703388e+00   9.86031914e-02   4.64230227e-01
  -2.18332454e+00   7.93541113e-01   4.38470386e-01   1.02780446e-01
   1.38460360e+00]
[ 1.         -1.03879915  0.28629523 -1.00415186  2.27040732  1.82923651
 -0.36139145 -0.38688456 -1.5715097   1.51642432 -1.20781671 -0.18203301
 -1.37106729 -0.24231404  0.33407854  0.38021847 -0.74449082  0.12353793
  0.30241458  0.16983937  0.30533823]
[ 1.          0.92408319  0.42960634  0.3925252  -0.5918829   1.39885815
  0.61553204  1.9576986   0.30712541 -0.88487073  0.41774821  1.12451953
 -0.47121163  1.21967403  0.46163671 -1.3854516  -0.58362579  0.83645
 -0.85384548 -1.29392933 -0.02957648]
[ 1.         -1.19851909 -0.20120159 -3.18327608 -5.39505946  0.30147201
 -2.20944943  0.324795   -0.06883677  1.60782846 -1.1491537   1.06642314
 -1.11491894 -0.85470544 -0.30590983  0.75272295 -0.0748445   1.01479319
 -0.08454699 -0.94788158 -0.56931751]
[ 1.         -1.20134182 -0.18226746  1.77508734 -0.29281192 -1.38853526
 -1.46723355  1.3565875   2.55213786  0.56406523  0.6667744   0.06571131
 -0.12055893  0.60742214  0.44924331  0.0570039   1.99181471 -0.37831319
 -0.40324304 -0.27447738 -1.53253733]
[ 1.         -1.17924482 -0.06009377  1.24551976  0.28562758  0.90305294
 -0.77659517 -0.41920427 -1.80393688  0.37452423 -2.21203947  1.17440672
  0.98087459 -0.57633373 -1.45118303 -0.03925112 -1.22962881  0.18663865
 -2.56427027 -0.1602558   0.13157381]
[ 1.          0.86355526  1.46509029 -0.09255928 -0.3196483  -0.83181434
 -0.39049374  0.21450249 -0.30575965 -1.56490446 -0.4769254   1.40748014
 -0.1607894  -1.50409192  1.52558627 -0.91266567  0.19845575 -0.5754896
 -0.0176076  -0.40392384 -0.14535842]
[ 1.          0.8549551   1.52215102 -0.13436701 -0.01091836 -1.51732936
 -0.27235944 -0.08153212 -1.21028094  0.17878299  0.68619016 -1.31811242
 -1.38888391 -1.12024648 -0.83260061 -0.91336208  0.03839712 -1.91540065
 -0.94960832 -2.15745456 -0.37711103]
[  1.00000000e+00   9.01763864e-01   1.26899809e+00   1.70778729e-01
  -2.15161755e-01  -1.04456172e-03  -5.95375089e-01  -1.09131815e+00
   4.03019832e-01   2.82454313e-01   7.88499777e-01   6.25651473e-01
   8.08124354e-01  -1.56490557e+00   4.44193446e-01  -6.75595781e-01
   8.50848099e-01   1.07745725e-01   7.11011636e-01   5.06562688e-01
   4.13261853e-01]
[ 1.         -0.84679755  0.57250004 -1.56496635 -0.4835525  -1.05049427
  4.79841283  0.17213077 -0.54345459  3.0360926  -1.34822805 -1.0123845
 -0.97674156  0.12910796  1.28983013 -0.86405175 -0.04608957 -1.03052806
  0.78475289 -0.00535174  0.49811739]
[ 1.          0.84860159  0.16217022 -0.12983075  0.22738569 -1.24663057
 -0.61336685 -0.50276876 -0.42499323  0.92995456 -0.37198572 -0.51670981
  1.42158452  2.06620915 -0.09526595  0.72053689 -0.94453452  0.27432571
  0.61109784 -1.49684453  0.14360834]
[ 1.         -1.18419565 -0.33198287 -3.24894365 -3.78631794  1.862646
 -3.77890769 -0.37195692 -1.78842443 -0.74891378  0.42752358 -0.90744343
 -1.25419194  1.3675558   1.79437101  0.56190635  1.16174715  0.68065121
 -1.62386991 -0.31147941  3.21083078]
[ 1.          0.90866306 -0.88660952  0.01427972 -0.04288458 -0.49461998
  0.04265134  0.5496114  -0.13043417 -0.16343293  0.19993549 -0.82259497
 -0.70493416 -0.28651505 -1.14526455 -1.65348504  0.51548964  0.84696637
 -0.06007909  0.20792064  0.83539412]
[ 1.         -1.17028798 -0.1423525  -0.10977597 -0.21206787  1.90554482
 -0.00819751 -1.43167808 -2.87201572 -2.2038835  -0.09289453  0.67850932
  0.93119836  0.9808451  -2.15738178 -0.71163154  1.24087788 -0.54920334
  1.05675419 -0.15894208  0.79119684]
[ 1.          0.8917768   1.22046016  0.37361862 -0.54289736  1.65256053
  0.77046596  1.86617919  0.9010576  -0.21758767 -0.40839977 -0.63324379
 -0.02987151  2.49091287 -0.89610421 -1.11094623 -0.89235215  1.76576327
 -0.08601061 -1.19686284  0.13494414]
[ 1.         -1.16955351 -0.01680276  1.76738327  1.41555613  0.65723209
  0.2337561  -0.65322726 -1.23125309 -1.12092828 -0.40573806 -0.12232879
  1.06249347 -0.16066296 -0.38055232 -1.32963366 -1.73767449 -0.59156774
 -0.00486713 -0.03474544 -2.49831268]
[  1.00000000e+00   9.05176605e-01  -1.52772992e+00  -3.19211408e-03
  -2.63703663e-01   2.73087485e-01   1.06631096e-02  -1.88439911e+00
   2.21669065e+00  -1.94297644e+00  -3.20433926e+00  -2.10235633e+00
  -6.42179293e-01   6.46464933e-01  -1.49404321e-01   1.32483377e+00
  -4.18821444e-01  -7.66992862e-01  -4.78789595e-02   5.37525416e-01
   7.20868046e-03]
[ 1.         -1.17074325  0.00566179  0.095332    1.3726384   0.7612227
 -0.5767344  -0.18441624 -0.5621208  -1.55097594  1.45127482 -0.99133148
 -0.10693826  0.34616122  0.8005229  -0.10990713 -1.10149784  0.01666636
  0.26467188  0.27825415  1.06897899]
[ 1.          0.90521513 -1.87595851  0.11126597  0.05262297  0.10925642
  0.0924015  -0.68416099  0.17219699  0.24782496  0.22645859  0.39115637
  0.20043643 -0.68008883  0.62794439  1.39567894  0.34634439 -0.59074609
  0.44881388 -2.08251366 -0.50335283]
[ 1.         -1.1702498  -0.03420581  1.22665785  0.59686497 -0.3343736
 -1.05156703  0.3747783   0.90962191 -0.25311918  0.74859461 -0.52719087
 -1.10588993 -1.14367515  0.45908964  0.85965874 -2.14811793  1.10768936
 -0.01343126 -1.06295592  1.35736557]
[  1.00000000e+00   7.85672395e-01   1.13732670e+00  -2.75747275e-01
   6.99963575e-01  -7.15779156e-01   3.25922266e-01  -1.29643296e+00
   6.02394549e-02   1.43547407e-01  -3.25743277e-01   1.68351106e+00
  -9.77816169e-02   1.89987146e-01  -1.76271352e-03   2.11767387e+00
   6.44868965e-01   4.06868768e+00   7.22113578e-01   4.82135660e-01
   4.42071874e-01]
[ 1.         -0.82509569 -0.12119878 -3.09894744  2.31863379 -0.94616456
 -1.08493335  0.15844872  0.78892191  0.40644843 -1.21704331 -1.06276463
  3.03891887  0.34953646  1.33064043  0.02612228  0.98351642  0.58349229
 -5.16529152 -0.35600327 -0.43638633]
[ 1.          0.90558938 -1.30658619  0.03796081 -0.04735007  1.65350194
  0.76316437  1.00173889  0.99568296 -0.23517472  0.03799978  2.17407162
  0.13741899  0.2204134   0.80942163 -0.5914162  -0.15168591  1.59103833
 -0.05435712  1.10887699  0.70995171]
[ 1.          0.91809267  1.05158548  0.1659779  -0.40895506 -0.24696179
 -0.72922377  0.6216186   0.00751336 -1.23732518 -1.0428206  -0.5102029
  1.03316068  1.51154209  0.79567794  1.18446739 -1.43770908 -3.05866371
  0.86564884  0.14533547 -0.19587657]
[ 1.         -1.18500954 -0.28931862  4.30328632 -0.36960469 -1.45141603
 -0.71062354  0.69149288  1.311554   -1.39042472  1.10160307 -1.04094748
  3.05535529 -1.58211918 -0.01124378  1.10264713 -0.24527383  1.89918329
 -3.90572909 -0.74941014 -3.69336807]
[ 1.          0.90647108 -1.79732636 -0.12258776  0.41592232  0.29353981
  0.08218919  0.26574175 -0.39447635  0.49960561  0.2980622   0.80700231
  0.81556835 -1.15484655  1.13756148 -0.67508019  0.27563466 -0.40650667
  0.44696156 -1.61714321  0.49563503]
[ 1.          0.84493875  1.83290265 -0.02091696  0.10264704 -0.7475563
  0.0233226  -0.35179223  0.11570777 -1.40693889 -1.15398434  1.20561647
 -0.99233673 -1.40460709  1.38326516 -1.09264032  0.47041835  1.02872061
  0.16682146 -0.07434487  0.55109584]
[ 1.         -0.20321543  1.13288318 -0.56065878  3.49582922  1.31243716
  2.64842274 -1.00178646 -0.70111005  0.70762499 -0.40209156 -0.69118846
 -2.02588479 -1.6452681  -0.41971796  1.55474797  0.93239757  2.38215468
  0.6556635  -1.11006206 -0.05491761]
[ 1.          0.86969355  1.32459335  0.09152356  0.02240985 -0.65323322
 -0.1531236   0.23024215 -0.92927121 -0.03959905  0.4760001   0.62268353
 -0.1972643   0.84659749  0.3374299   0.94166821 -0.36543522 -0.71798883
 -0.1861413   0.93890625 -0.36676515]
[ 1.          0.4646416  -0.84499003 -2.22971463 -0.33197426  2.86305509
 -3.74335348  1.91526872 -1.06388279  6.37390736 -0.08199019 -5.3436437
  7.45760645 -2.43035797 -1.33722892  1.4548752   1.0150333   1.7475205
  0.48990373 -3.19978233 -0.36334999]
[ 1.         -1.19591926 -0.13071028  0.60662951 -0.23068533 -0.38698677
 -1.74317138  0.85366895  0.95312529  1.20225347 -0.49838671 -0.04037743
 -0.671484   -0.64353612  0.98767899  0.10934279 -1.32336664  0.09094336
 -0.9749336  -0.0481134  -0.44847462]
[ 1.          0.90754787 -1.23494357  0.03631775  0.21586446  0.61511685
  0.41034778 -0.33193472  0.29128845  0.62014367  0.47520763  0.5125705
 -0.01002024  0.14160647  0.27273821 -2.49607412 -0.14939005  1.01210978
 -0.45526552  0.24359395  0.51473997]
[ 1.          0.93731547 -1.28410489 -0.04544109 -0.00434794 -0.4256888
 -0.41869487  0.96447525  0.2984827  -1.77670914 -2.72542031 -3.46267699
  0.31591732 -3.28938106 -0.7208576  -1.24091914  1.41545359 -2.3972565
  1.92196376  0.36856111  1.82455552]
[ 1.         -1.17303619 -0.11347975  0.98429069  0.34436323  0.23329875
 -1.52440627  0.45230834 -0.08724709  0.40125861 -0.82034013  0.77721203
 -0.42203457  0.52795357 -0.45089845 -0.37601747  0.79269506 -0.54935815
 -0.06795847  0.15453662  0.52323604]
[ 1.         -1.142377    0.04523324 -0.47958606  1.04240304 -0.61134475
 -0.50658551  0.44737173  1.85205096 -0.48824914  1.00649446  0.39708983
 -0.29671533  0.94834453 -1.04004664  0.0979529   2.57764564  0.16264771
  1.42255271 -0.53975454  0.02866647]
[ 1.         -1.05984802  0.24136665 -2.38258757  1.71094993 -0.68476767
  0.70606591 -0.42549164  1.12655261  0.33400011 -0.76272412  0.81420223
  0.74394263  0.36482499  0.15795407 -0.60297461 -0.25937104 -0.4079972
 -0.72351602  0.70739292 -1.56887905]
[ 1.         -1.06840417  0.06348984 -0.34738718 -0.75057307 -0.41372066
  1.48567721  0.11898833  0.46600502  0.27872066 -0.59314531  2.40150725
  0.2107403  -1.10176762 -2.7837757   0.0379672  -1.29744667 -1.43175092
  1.71066439  0.28690984  0.78101417]
[ 1.          0.89097364 -1.56013905 -0.33488527  0.27732198  0.36109747
 -0.14614889  0.76883499 -0.26409583 -0.09392225  0.01502236  1.02307947
  2.20044015 -1.33945628  1.69432601  0.53984252  0.78073761  0.28767204
  0.6054734  -0.96481413  0.23042632]
[ 1.          0.82237992  1.54345697 -0.15962261  0.51533569  1.23076854
  0.26216082 -0.22736802  0.04209937  0.35421396  0.78921054  2.57451152
  1.43812288 -0.08330896  2.61543125  0.08772216  0.01596153 -0.21102156
 -0.53964546 -0.23679575  0.57773861]
[ 1.          0.87602321  1.62950394  0.10133619 -0.65860029  0.11508502
 -0.25781516  0.15078941  0.0773805   0.08005992  0.26946676 -0.84263351
 -0.22237954 -1.02321453 -0.82999136 -1.10175092  0.63451505 -0.17587988
 -0.50104306 -0.03764372  0.05080911]
[ 1.         -1.16775815 -0.02746488 -0.05655495 -0.15446984  0.08116304
  1.16644195 -0.5353494  -0.27608526 -1.72307526  1.84977558 -1.15450507
  1.04544331 -0.38532331 -0.01910364  0.53650571 -0.58415276  0.61851549
 -1.02500194 -0.21631771  0.65307408]
[ 1.          0.90389927 -1.13418896  0.05866602 -0.02699417 -0.36720542
 -0.0624918   0.184622    0.08166152 -0.81451493 -0.99871623 -0.28401762
  0.79968418  0.57251791  0.68562987  0.56903302 -0.78196147 -0.52164921
  0.73785569 -0.69133838 -0.12362885]
[ 1.          0.90953858 -1.90936362  0.00359921  0.62758286 -1.24026158
 -0.30726246 -0.04606827 -1.41585718  0.57955316  0.52898282  1.04941366
 -0.02758779 -0.38606929  0.30732216  0.46749826  0.58824744  0.58810981
  1.02986012 -0.58468772  0.69700509]
[ 1.          0.85557207  1.70488888  0.25976801  0.60898905  3.95236265
  0.20793053  0.42521859  1.04841122  1.26881653  0.13422374 -0.98777619
 -0.06158048 -1.13804827 -0.54615444  3.99783236  1.38465582 -2.33533518
 -0.73850635  0.86584    -1.66926609]
[ 1.         -1.1392234  -0.00581498 -1.30310393 -0.4848266  -0.76473738
  0.67764668  0.08338865  1.42163787 -0.7780651   1.04574552  0.7888367
  0.55421747 -0.13766042 -1.51175541  0.5837025   0.67124573  0.137824
  0.69293365 -0.52168009  0.1513506 ]
[ 1.          0.9153986  -1.47394858  0.08921957  0.04580456  0.46172633
 -0.43473626 -0.70381675  0.2532836   0.35434105  0.46906617 -0.72178177
 -0.02969772 -1.29522755 -0.75329098 -1.67335489  0.37795303 -0.6980931
 -0.70224806  1.83528342 -0.17494821]
[ 1.          0.8933964   2.05401004  0.42740186 -0.02475065  4.12040679
 -0.35201225 -1.63369764  2.51774449  2.34073664 -0.22854199 -3.14043488
  1.34632215 -2.29000301 -1.81731624  1.61730156  1.97189035  0.31957833
  0.12595557  1.02735794 -0.32644132]
[ 1.          0.89745585 -1.01789848  0.18957407  0.0790808   0.11707957
  0.37786587 -1.10592011 -0.18718223  0.63542773  1.03404305  0.30814033
 -1.85242207  0.80996551 -0.51290424  0.04616288 -0.29926079 -1.8022213
 -1.62850899 -0.45847073 -0.62256116]
[ 1.         -1.12209697 -0.00968976 -0.98617223  0.52603424  0.61948091
  1.0959959  -1.06587034 -1.67214172 -1.77034431 -0.14349904  0.21494294
  2.23981082  2.43367444 -0.4418809  -0.50770013  3.66955998 -1.25163822
 -2.97621834  0.0187812   1.56573092]
[ 1.         -1.15487085 -0.15972191  1.50015522 -0.98446489 -1.10098166
 -0.06609685  0.49968968  1.38467012  0.51932924 -0.75043998  2.39999068
  0.52745978 -0.55713122 -2.41547554  1.08117591 -0.45978265 -0.60467628
 -1.12312357 -0.57527594  1.53447943]
[ 1.         -0.62192259  0.1151816  -2.04212011 -0.48686557 -2.01947365
  1.00793906  0.01450272  1.78599969  0.30476992 -1.43127693  1.91157587
  0.28744902 -0.27009384 -1.42421163  0.62120998  0.8071369   1.14962158
 -0.78992364  0.13065186  1.70496475]
[ 1.          0.88343337  0.35979304 -0.03191616  0.05749173 -1.65198016
 -0.69459886 -2.39492287  0.31793524  0.21524106 -0.80474355 -0.54682549
  0.5581793   2.25590531  0.20608175  0.17119746 -1.5899725  -0.27136081
  0.55943829  0.5054815   0.04909985]
[ 1.          0.44300419 -0.43519078  1.18784072 -0.40510005  0.86481668
  1.45441078 -1.44686939  0.721167    0.26723683 -0.77378073 -0.05733759
 -0.9762109   2.18307678 -0.58180976  2.88953304  1.41584042  1.63985926
  0.54812426 -3.51473853  0.42585752]
[ 1.         -0.64011246  0.97554145 -1.40841559  5.46411533  0.84867045
 -0.73561351  0.34166715 -0.52349895  1.70363059 -2.39966486  0.77014061
 -0.3423564   0.12185894  0.1690872  -0.03989242  0.12734202  1.0210553
 -0.27789777 -0.43813764 -0.21778   ]
[ 1.         -1.1661181  -0.05061813  0.52590532  0.02566582  0.03269907
 -0.05505424  0.16189204 -0.06410677  0.26876044 -0.37645422  0.61753914
 -0.04819403 -0.19656504 -0.66715322  0.28629154 -0.66991569 -0.79670626
 -0.46921208  0.16478002  1.07327897]
[ 1.         -1.20867245 -0.1803865   1.25893881  0.38185247 -0.21459446
 -2.28978714  0.52740714  0.93834625 -1.01594045  1.36802622 -1.20092395
 -0.41434068  2.53283258  1.93274988 -1.96900134  4.00025079 -0.14623981
  3.21047665 -0.30350234 -4.02630581]
[ 1.         -1.16800181 -0.03891031 -1.25099606 -0.54150179  0.24611859
  1.01001578 -0.51810201 -0.41860514 -0.3719538   0.92620608 -1.15788941
 -0.06687748 -0.21462973  1.24954439 -0.37285492 -0.80282064  0.09795827
  0.89889364  0.61306468 -1.85569402]
[ 1.          0.84832776 -0.88060321  0.06394699 -0.02210859  0.31968949
 -0.06714206 -0.54591963  0.21768482 -0.46878645  0.57554568  0.74323465
 -1.74245486  0.44201252  0.471533   -0.95920575 -0.57296604 -1.00841725
 -1.28313105  1.0310458   0.30987114]
[ 1.          0.85724962 -0.32289193  0.24045714  0.10935859 -0.84510384
 -0.51467552 -2.79811868  0.43081298  0.31228424 -0.31691844 -0.54217321
 -0.46925514 -0.01428212 -0.53814418  0.34994757  0.15278093  0.28989385
 -0.4990021  -0.76642092 -0.2337955 ]
[ 1.          0.67279831  1.75303739 -0.16081243  0.34551388  0.59720623
  1.02914573  1.82119299 -1.64496279 -1.28117473  1.20780249  1.74622172
 -1.54168828  0.71290805  0.72910566  2.80579953 -0.30647099 -4.05302624
 -1.31991365  0.67244779 -0.13386166]
[ 1.         -1.17401843  0.06984928  0.2166653   2.86041198  1.04429509
 -2.96222035  0.71410042 -0.09891811  0.27380916  0.09808148 -0.58899367
 -2.36465906  0.81783713  0.97768232 -0.74306757 -0.63064112  0.01731063
  2.41123263 -0.27426963  1.35351501]
[ 1.          0.85928223  1.69018359 -0.41698826  0.31625433 -2.72799938
 -0.80792663  1.50562246 -1.78005603 -0.3284872  -0.37839664 -0.69503738
  0.32228931  0.3843531  -0.52311035 -0.34724658 -0.08264706  1.38942831
 -0.20386005  0.74972711 -0.29131884]
[  1.00000000e+00   8.92885807e-01   7.38495836e-01   1.75745438e-01
  -3.59871120e-01   2.26557308e+00   5.50352415e-01   6.85822809e-01
   1.29403765e+00  -4.25360867e-01   9.24802255e-02   1.00580196e+00
   5.09314830e-01  -5.23447149e-01   1.30137370e+00  -1.24133727e-03
  -9.52364912e-02  -8.56923559e-01  -4.34079577e-01  -2.97868635e-01
  -9.91218629e-01]
[ 1.          0.92415751 -1.38720423  0.22190053 -0.24834131 -0.25297126
 -0.15339765 -1.61541912  0.26651531  1.27535579  1.09087236  0.11632701
 -0.07122316  0.77773789 -0.61434028 -0.73651284 -0.58402439 -0.27666111
  0.4171931  -0.1760089   0.26433154]
[ 1.          0.90875846 -1.57943474 -0.04814123  0.4328626  -0.37114503
  0.38058409 -0.27343729 -1.05045721  1.23310137  1.56147507  0.716829
 -0.07735899  0.03552932  0.42436317  0.57365208  0.20269951 -1.00487504
 -0.64915677 -1.7459162  -0.50992271]
[ 1.         -1.12961504 -0.05836737  1.60664351 -0.0736643  -0.19434317
  0.13741386 -0.268579   -0.55435798  0.55561722 -1.49082407  0.44948154
  0.97917903 -0.11175336  0.06420182 -0.6407543  -0.2758205   0.41412276
 -0.17507371  0.10467888 -2.21939583]
[ 1.          0.87862325 -1.02213606 -0.25671542  0.56534191 -1.48992668
 -0.5304162   0.2911975  -1.13368751 -0.06816109 -0.35597876 -0.34949731
  0.91934479 -0.63981004 -0.39371174  0.96813588  0.9412976   0.26416272
  1.0741696  -0.38808968  0.20323899]
[ 1.          0.9037404   0.69345655  0.58197845  0.38184247  1.3017992
  0.47334951 -3.28676185  0.6097641   2.23077559  1.56715983 -0.66298008
 -1.31246207  0.43253987 -0.99095336  1.70243348  1.12292791  2.07954243
 -1.54700114 -4.94776583 -0.88538986]
[ 1.          0.91277077 -0.28066114  0.20600655 -0.21109885 -0.41225615
 -0.07350299 -1.66865797  0.59282126 -0.23467     0.17285503  0.1033794
 -1.66835984  0.86851225 -0.37881519 -0.52164861 -0.64825706 -0.22366861
 -1.41184305 -0.93483021 -0.60893122]
[ 1.         -1.16646488 -0.00941191  0.29383921 -0.91902855  0.52865936
  0.18371912 -0.66348467 -1.15819367  0.22737197 -1.10599284  0.31699277
 -0.83451018 -0.30586372  0.04961592 -1.14264711 -0.28773521  0.50324022
  2.67589964 -0.59499109 -4.19299925]
[  1.00000000e+00   9.14406740e-01  -3.75807491e-01   1.86753794e-01
   1.70511806e-03   9.07369237e-02  -7.65807292e-01  -1.48550809e+00
  -2.55121780e-01   1.17303930e+00   1.35640807e+00  -2.28912635e-01
   2.04258501e-01  -8.03534096e-01  -7.13138915e-01   3.68765595e-01
   3.19841985e-01   5.66561854e-01   1.35333943e-01   3.89207255e+00
  -1.93225162e-01]
[ 1.          0.89654746  1.89030248  0.28031571 -0.48262957 -1.73990945
 -1.10574991 -1.40715244 -0.99976507  0.13304468  2.07074806  0.36630183
 -0.97189082  0.18881619 -0.5341822   1.15873951 -0.05449787 -0.42347735
 -0.69613608  0.94950829 -1.03320778]
[ 1.         -1.18578572 -0.09721426  0.9945612  -1.48206935 -0.47442786
  1.1277891  -0.26298138  0.07680218 -0.40137534  0.49411022 -0.09548124
  0.53524686 -0.27953371 -0.21886525  0.7770954   0.76368307  1.02088598
 -0.03390343 -0.25983341 -0.69142292]
[ 1.          0.83822352  0.29463838  0.22497062 -0.32063063  0.88527909
  1.01820202  1.30753121 -0.26443634  2.1493301   1.33981509 -0.92383592
 -0.02305203  2.00711213 -1.09676117 -1.7199985  -1.28100932 -0.26470587
  0.09692787 -1.02468996  0.87737552]
[ 1.          0.88972948  1.45055657  0.01954467  0.00374634 -1.06539475
 -1.36368825 -1.66317367 -0.0600243   1.0968609   0.53029516  0.03971208
  2.41137662  0.32439238  0.16609239  0.14990716 -0.36059708 -0.33510914
  1.46518204  1.91483136  0.98513524]
[ 1.         -1.14988012 -0.19669789 -4.47805125 -4.56396871  1.61328265
 -2.88393517 -0.18166305 -1.33630749  0.21228199 -0.26072343  0.14326702
 -0.85168042 -1.45089074 -0.4296332   0.81985803 -1.83267802  1.37952455
  0.08001365 -1.03100253 -0.1176831 ]
