Cluster centers 

[-0.64461814 -0.26047874 -0.87423715  1.17998348]
[-0.69819292 -0.01570848  1.35918521  0.38789829]
[ 1.47509243  0.03448478  0.35385283 -0.25670917]
[-0.78241446  0.30927227 -0.87697886 -0.05220376]
[-0.78445673 -0.60754521 -1.39754814 -0.24039855]
[-0.77523564 -1.55900894  1.85666297 -0.69824819]
[  1.14673823 -10.64596625   0.47812291  -0.08179294]
[ 1.02317065  0.11092966  0.723286    1.82664476]
[ 1.3959487   0.43445114 -1.01173391  0.9626675 ]
[ 1.43816707  0.09616987  0.14950214 -1.50297417]
[-0.67222855  0.85892548  0.27687374 -1.86841313]
[-0.78124807  0.86612747  0.42071951 -0.20051823]
[-0.70401254  0.66140584  0.75325395  0.57763014]
[ 1.47376672  0.686145   -0.85710056  0.19848352]
[-0.28967449 -0.98722593  1.87714351  1.48846125]
[-0.77448192 -1.33257073 -1.53732406  0.07697818]
[-0.75941947  0.29560595  0.91435141 -1.40339867]
[ 1.37301463 -0.4471204   0.80709898  0.51500649]
[-0.7644993   0.76749434 -0.27930713  0.25581381]
[-0.78799282  0.2613829   1.05418729 -0.69068032]
[-0.76633859 -0.11903246 -1.35573637 -0.77820277]
[ 1.29129026  0.67240255 -0.3834515  -2.16613012]
[ 1.48140646  0.46583793 -1.48016455 -0.35642819]
[ 1.34944899  0.51097071  0.02342772  1.00173315]
[-0.78874979 -0.89789074  1.60932636 -0.88518104]
[ 1.15586566  0.50477602  0.04661175  1.72449483]
[ 0.95992768 -1.13197626 -1.4648048   2.20072316]
[-0.70165709 -1.13936064 -1.89973453 -1.369087  ]
[-0.66340066 -0.50141466 -1.78437259 -1.5923477 ]
[-0.33298867  0.5769565   0.66185216  1.90631575]
[ 1.47198101 -1.18017263  0.77436259 -1.26663293]
[ 1.48326046  0.53067657 -0.1087465  -0.27655981]
[-0.7626999   0.94032447 -0.498471   -0.88884571]
[-0.57904758 -0.54280941  1.67691163  0.83957425]
[-0.77909616 -0.21861512  1.37792823 -0.45524658]
[ 0.48337996  0.21437923  0.88029944  2.38132137]
[-0.75715964 -0.81019554 -1.30488346  0.37572353]
[ 1.14008672  0.3085345  -0.70588535  1.92144694]
[-0.74875593 -0.44766551  1.25531295 -1.71793568]
[-0.69696581 -2.55423611  2.174131   -0.16340767]
[ 0.44865627 -0.27390406 -0.76578559  2.60857416]
[ 1.47489329  0.48132978 -0.0975781  -0.92658235]
[-0.75587096 -0.06993875 -0.97266643  0.41486743]
[-0.76034225  0.27098915  1.12273925 -0.0608773 ]
[-0.78147849  0.91915252 -0.08648227 -0.11307435]
[-0.74728819  0.85303162  0.30495131  0.34418967]
[-0.5324187   0.62884856  0.07903593  1.53164354]
[ 1.48261369  0.06239049  0.25428356 -0.81975747]
[ 1.46575106 -0.47225678  0.48100143 -1.32375137]
[-0.66669068  0.06367789 -1.51725076 -1.52868204]
[-0.66760981 -0.90441285  1.79083778  0.35473192]
[ 1.43496803  0.39227975  0.136593    0.37392644]
[ -7.63098565e-01   5.79645930e-01   8.50322399e-01  -1.75437999e-04]
[-0.76370633 -0.69454015 -1.60077015 -0.82370537]
[-0.68932667 -1.81227038 -1.4728771   0.83741876]
[ 1.41857185 -0.33626025 -1.65893667  0.8227421 ]
[ 1.41158824  0.75877788 -0.51706843 -1.48690386]
[ 1.45437349  0.65355693 -0.30729226  0.33762731]
[-0.77878038 -1.23854669 -1.68637667 -0.57121941]
[-0.43821106 -0.76714649 -0.95313389  1.87845506]
[-0.7801529   0.43866613 -0.93937801 -0.5293861 ]
[-0.76054796  0.4042567  -0.67156972  0.35542398]
[ 0.48676485  0.37697045 -0.04887602  2.52412578]
[-0.70246416  0.58011748 -0.32177223  0.82445645]
[-0.20685129  0.05837509  1.30280389  1.92080234]
[ 1.31154417  0.0140763   0.1277465  -2.29243551]
[ 1.00803808 -0.79185377  1.29696417  1.5620544 ]
[-0.56689267  0.5242334   0.8998405   1.21019421]
[-0.7117789  -1.35821895  1.90333743 -0.01060253]
[-0.71326532 -0.43402724  1.56895422  0.18443017]
[-0.78076972  0.99843202  0.07037709 -0.70179287]
[ 1.42770764  0.03292113  0.45380902  0.31066121]
[-0.66839056  0.77937899  0.29296143  0.92017814]
[-0.52518257 -1.75761576  2.09989285  0.75390983]
[-0.76712361  0.8078485   0.4890933  -1.13523165]
[-0.71058868  0.11429365 -0.74940407  0.81030397]
[ 1.45734909 -0.80752612  0.81696649 -0.24483568]
[ 1.36469026  0.62128477 -0.4520554   1.05133911]
[-0.68043539 -0.81912424 -1.16186839  0.97744389]
[ 1.33508848 -0.16991658 -2.1865557  -1.54515904]
[ 1.33774713 -1.3856775   0.66471225 -2.44058516]
[-0.5592653   0.22321857 -0.47738153  1.5053192 ]
[ 1.39475005 -0.63098111  0.46135255 -2.00101573]
[-0.60931345  1.04186089 -0.7506839  -1.86275215]
[ 1.48141029  0.80640649 -0.6929486  -0.57715428]
[-0.68029085  0.31108763  1.13710774  0.59079018]
[-0.76819618 -0.7266      1.62266346 -0.39452618]
[-0.52976556 -0.04043723  1.41218656  1.13507115]
[ 1.29682438  0.08892774  0.55057319  1.05520083]
[ 1.48309772 -0.45402347  0.55880694 -0.77043264]
[-0.77747581 -2.16283825 -1.84318638 -0.44260739]
[ 0.47900615 -0.31661173  1.33771708  2.1959273 ]
[-0.75407053 -0.09509051  1.36111234 -0.07344255]
[-0.77315602 -0.26644676 -1.14114233  0.17080493]
[-0.7842143   0.70473589 -0.56413608 -0.19789252]
[-0.78744615  0.65988169  0.71879583 -0.59602445]
[-0.78753415 -0.25928725  1.307979   -1.0195957 ]
[-0.78439088 -0.02843908 -1.17052458 -0.32890409]
[-0.73621671  0.58201513 -1.03355617 -1.11667545]
[ 1.18389806 -0.23028051 -1.22266185  1.83613998]

Populations

0.00856148907466
0.0100508195817
0.0235132439615
0.0133772569684
0.0166288574504
0.00412820763279
0.00980353226728
0.0109054937118
0.0173904506842
0.00480315089418
0.0141602025818
0.0111963627286
0.0129763358908
0.00307654242297
0.012035689924
0.0101928406181
0.00859431307072
0.0100833471215
0.0151329913501
0.0111776508448
0.00499630307955
0.00586671832355
0.0149094488512
0.00578056159863
0.0125001876356
0.00525489781668
0.00354229885889
0.00245829244596
0.00411864036438
0.00940684981349
0.0284014081458
0.0122361004296
0.00815860658101
0.0117460654333
0.00876783190939
0.0150263306277
0.00985426900287
0.00354637685283
0.00199221033022
0.00402794512592
0.0201465596526
0.0134121447099
0.0141901289355
0.0116390231429
0.0127181858959
0.00539479891899
0.0214406712047
0.0163112700779
0.00534004151138
0.00647621380124
0.0200657149372
0.0144000441762
0.00841091060247
0.00732995336894
0.00743749832372
0.0105042475019
0.018813757302
0.0101309222668
0.00481299363306
0.0109868690357
0.0119116266677
0.00601086344337
0.0118002265851
0.00428324137961
0.00691922503788
0.0022149448954
0.0068522896642
0.0065820703745
0.0107635048203
0.0128134563096
0.0150672573679
0.00942032056527
0.00345682155524
0.0104918482092
0.0107602101667
0.00991575233296
0.0132693711677
0.010561178041
0.00295191209965
0.00624288673306
0.006998589235
0.00919365551264
0.00400191944569
0.0149061734216
0.00874022945165
0.0103597283456
0.00694322805462
0.0136039310881
0.0156742569659
0.00520386406266
0.00469209227954
0.00967607533422
0.0133853700733
0.0133768077202
0.0140809687987
0.00943605577716
0.0117562031177
0.00813549813638
0.00720427475731

State labels

0
1
2
3
4
5
7
8
9
10
11
12
13
14
15
16
17
18
19
20
21
22
23
24
25
26
27
28
29
30
31
32
33
34
35
36
37
38
39
40
41
42
43
44
45
46
47
48
49
50
51
52
53
54
55
56
57
58
59
60
61
62
63
64
65
66
67
68
69
70
71
72
73
74
75
76
77
78
79
80
81
82
83
84
85
86
87
88
89
90
91
92
93
94
95
96
97
98
99

Eigen values

1.0
0.950233435617
0.233321836531
0.121954812646
0.106235830112
0.100541050541
0.0965881970654
0.0946018384639
0.088626351022
0.0865346905085
0.0831227255355
0.0788159162113
0.075315625318
0.0737641119696
0.0718453921267
0.0704934661584
0.0694482644635
0.0645366834358
0.063562096992
0.0621257242519
0.058966564396

Left eigenvectors

[ 0.00856149  0.00757181 -0.00712924  0.00126274 -0.01452752 -0.00160137
 -0.00140248 -0.0009117   0.00621596 -0.00921737 -0.00062022 -0.00212085
  0.0106849  -0.00523601  0.00094898  0.00445518  0.00661592  0.00504936
  0.00245893 -0.01187846 -0.01424456]
[ 0.01005082  0.00869412  0.01002764  0.00240814  0.01573305  0.00998773
 -0.01426652  0.02053289  0.00083939 -0.00100616 -0.01156449 -0.00893875
  0.00441908 -0.00477176  0.0060333  -0.00120801 -0.0067393   0.00092108
  0.00211701 -0.00367626  0.00548188]
[ 0.02351324 -0.02829001 -0.00315559  0.02465839  0.00179125  0.01657649
 -0.0015966  -0.0046445   0.00481444 -0.00559069  0.01693597 -0.02904704
 -0.00665576  0.04041478  0.00022038  0.01428267 -0.00614864  0.00101479
  0.01711661  0.01510334  0.006398  ]
[ 0.01337726  0.0121862  -0.01824633  0.00640217 -0.0129014   0.01027152
 -0.01371257  0.01241252 -0.00394136 -0.0027426  -0.00247507 -0.00464836
 -0.01115634  0.00437292 -0.00717769 -0.02320977  0.00055756 -0.00667946
 -0.02076477 -0.01666791 -0.01233905]
[ 0.01662886  0.01481271 -0.03010141 -0.00471379 -0.00841209 -0.01275957
  0.01622083 -0.02202578  0.00293384 -0.00081313 -0.0145269   0.00546945
 -0.0032027   0.01765152 -0.01825252 -0.00663894 -0.02686183 -0.00914398
 -0.00943962  0.01126037  0.04980809]
[ 0.00412821  0.00356536  0.00602523  0.00215864 -0.01071938  0.00180413
 -0.00703055 -0.00327375  0.00151188 -0.0050699  -0.00985642  0.00174706
  0.01122265  0.00075946 -0.00783239  0.00465509  0.00676036 -0.00843545
  0.00156398 -0.00410189  0.00754825]
[ 0.00980353 -0.00962957  0.00381345 -0.03090075 -0.00484517 -0.01010673
  0.0056213   0.00619386 -0.00359019 -0.02966483 -0.00219227 -0.00471642
 -0.01150841 -0.01383656  0.00628145 -0.00807554  0.00432484  0.00458435
  0.01131153 -0.00793096  0.00960809]
[ 0.01090549 -0.01273539 -0.00055729  0.00536569 -0.00099041  0.0160504
  0.01072981 -0.00351321  0.00020473 -0.00932908 -0.00335197 -0.00599318
 -0.00515314  0.0013678  -0.00639648  0.01386177  0.00429396 -0.00190658
 -0.0036626  -0.00911647 -0.00257212]
[ 0.01739045 -0.02110167 -0.00084202  0.00870014  0.00131599  0.02010447
  0.00862046 -0.00252916  0.00144407 -0.01075143  0.00132127 -0.01057295
  0.00171903  0.01405991 -0.00915638  0.00863193  0.01212263  0.00865012
 -0.00112126  0.00134379  0.00060705]
[ 0.00480315  0.00434562  0.00044646  0.0010026   0.00784138  0.00751821
 -0.00539618  0.01606062  0.00490871  0.00295288  0.00281678  0.00014917
 -0.00980477 -0.00431514 -0.00308273 -0.004786   -0.00268484 -0.00454001
 -0.00671957  0.00630651 -0.00235821]
[ 0.0141602   0.01232728  0.01518918  0.00117941  0.01562706  0.0059785
 -0.00371112  0.00120931 -0.01482802 -0.00333756 -0.00745312 -0.00075579
  0.01916032  0.01178152  0.0176152  -0.00324758  0.00508594 -0.00580661
  0.0118973  -0.00119764 -0.01273289]
[ 0.01119636  0.00943113  0.01242023  0.00152573  0.00520204  0.00715782
 -0.01474216 -0.02439249 -0.02363013  0.00078212 -0.01080292  0.00190843
 -0.0110463   0.00316283 -0.01710854 -0.01487224 -0.00359786 -0.0069036
 -0.00872094 -0.00415411  0.00293481]
[ 0.01297634 -0.01567655 -0.00147397  0.00016942 -0.00518724  0.01670799
  0.0074555  -0.00078901 -0.00462154  0.00637917 -0.01026716 -0.00694524
 -0.00381237 -0.00451726  0.00430336  0.00378793 -0.00823624  0.00081784
  0.00413195  0.00511914 -0.00224104]
[ 0.00307654  0.00214045  0.00477352 -0.00244135 -0.00068506 -0.00540195
  0.0070775   0.00713352 -0.00630851 -0.00240187  0.00913216  0.00097589
  0.00455768  0.00153893  0.00253514 -0.002747   -0.00561169  0.0104268
  0.00564963 -0.01052727 -0.00166164]
[ 0.01203569  0.01059918 -0.02236969 -0.00224931 -0.00999536 -0.00495693
 -0.00374849  0.00476422  0.01187131  0.00451217  0.01824805 -0.00572044
  0.00626631 -0.02899961 -0.01292334  0.02657625  0.00642928 -0.00784882
  0.00316288  0.03688046  0.00407594]
[ 0.01019284  0.00883523  0.01356067 -0.00166806  0.00339097 -0.00185906
  0.00429111 -0.01729447 -0.007648    0.01112745  0.00795138 -0.01283338
 -0.00623106 -0.00740335 -0.02360513 -0.00543759  0.00405265 -0.00738127
 -0.00615131 -0.0069605  -0.00135675]
[ 0.00859431 -0.01009582 -0.00039749  0.00302568  0.00070745 -0.00381294
 -0.00149544  0.00398827 -0.00201827 -0.00100618 -0.00333701 -0.00199685
 -0.00229481  0.01035634 -0.00362066  0.01549555  0.0062841  -0.00664255
 -0.00574662 -0.00670224 -0.00522331]
[ 0.01008335  0.00876214 -0.00368569 -0.00506231  0.02138937 -0.00329338
  0.01188585 -0.00378683 -0.00658179  0.00818109  0.01576716 -0.01064597
 -0.00430781 -0.00341876  0.01050982  0.00179283  0.00550806 -0.00882731
 -0.00460359  0.01408068  0.00831529]
[ 0.01513299  0.01315221  0.02857238  0.0130233  -0.02862736 -0.00413474
  0.00737123  0.00256856  0.02049464  0.00891225 -0.01219819 -0.0096382
 -0.01389535  0.00763901  0.00628622 -0.01284167  0.00526825 -0.00496812
  0.01939184 -0.00372215  0.02173695]
[ 0.01117765  0.00996477 -0.01443315  0.00168454  0.00266005 -0.00466546
  0.01283487  0.01054455  0.01583612  0.00668877 -0.00618432 -0.0143573
  0.00059841  0.00564874  0.00857009 -0.00119787 -0.00159614 -0.00273365
 -0.02013764  0.00634095  0.00628733]
[ 0.0049963  -0.0059585  -0.0008779   0.01363427  0.00149606 -0.01121677
  0.00085609  0.00538275 -0.00832591  0.01480104 -0.00515959  0.0108339
  0.00530447 -0.00268648 -0.00267804  0.00302319  0.00052913 -0.0066105
 -0.00324343  0.00170584 -0.00113695]
[ 0.00586672 -0.00680618 -0.00075777  0.00774206 -0.00199214  0.0116439
  0.01466101 -0.00083833 -0.00861756  0.00124431 -0.01056062  0.00619511
 -0.00385449 -0.02575615  0.0106501   0.00136812 -0.01470707 -0.01263936
  0.00352714 -0.01177647  0.00019677]
[ 0.01490945 -0.01736134 -0.00021359  0.01063235  0.00773763  0.00526467
 -0.01339627 -0.01736693  0.02120103 -0.01304063  0.02255287 -0.00436792
  0.00285157  0.00720145  0.00368971 -0.02102368 -0.00307001  0.013064
  0.00133357  0.01710277  0.008921  ]
[ 0.00578056  0.00479517  0.00698213 -0.00543811  0.01037164 -0.00719465
  0.01779247 -0.0076755   0.0121916  -0.00735097 -0.01503976  0.00762044
  0.01121487  0.01189649 -0.00880227  0.00333908 -0.00516479 -0.00301562
  0.00110342  0.00091384 -0.0039952 ]
[ 0.01250019 -0.01425732  0.00081958 -0.02105309 -0.00292736  0.01944945
 -0.01323019 -0.00759114  0.01473918  0.01067517  0.00621801  0.00270756
  0.00598459  0.00747368  0.00118268 -0.00836701  0.00035437  0.00086204
 -0.00253894 -0.00030293 -0.00800471]
[  5.25489782e-03  -5.70955305e-03   9.00158998e-05  -1.99138289e-02
  -4.82557625e-03   9.35935868e-03  -2.56279756e-03  -3.49757110e-03
   3.37316987e-03   1.25264242e-02   6.80172551e-04  -2.06865955e-03
   3.39848439e-05   4.17122858e-03   4.83971781e-04   9.13083656e-03
  -6.56058086e-03  -7.37296645e-03   1.66820647e-03  -1.04381426e-02
  -2.28210973e-03]
[ 0.0035423   0.00311194 -0.00455737 -0.00063981  0.00032141  0.00181057
  0.00062346 -0.00206208 -0.00867852 -0.00221879  0.0020695   0.01139152
 -0.00760404  0.00573373  0.00928773 -0.0028699  -0.00128424  0.00709787
 -0.00095788 -0.00273478 -0.00434726]
[ 0.00245829  0.00221409 -0.00590685 -0.00047322  0.003173   -0.00319748
  0.00309511 -0.00232992 -0.00034515  0.00136282 -0.00654514 -0.00564011
 -0.00180802  0.00431667  0.00571533 -0.00928904 -0.00037878 -0.0008372
 -0.00320943 -0.00146651 -0.00171895]
[ 0.00411864  0.00252826  0.0021692   0.00105495 -0.00532756 -0.00375176
 -0.00200883 -0.00425058 -0.00320529 -0.00601964 -0.01203365 -0.00610025
  0.00472214  0.00145494  0.00313627 -0.00383523 -0.00315816  0.00544369
 -0.00975561 -0.00012625  0.00074688]
[ 0.00940685 -0.0113792  -0.00032693  0.00436322  0.00035099 -0.00652915
 -0.00540924  0.00102379 -0.00140685 -0.00456691  0.00270956 -0.01053202
 -0.01265046  0.01078797  0.00566694  0.01481809 -0.00734889 -0.01046371
  0.0071354  -0.00127522 -0.00297291]
[ 0.02840141 -0.0341236  -0.00313379  0.0199754  -0.00605517  0.00077368
  0.0223589   0.02248514 -0.03401944  0.00615933 -0.03281193 -0.0116157
 -0.00982394  0.00215652 -0.02022642  0.01906408  0.01590675  0.02168371
 -0.00085327  0.02763147 -0.00519504]
[ 0.0122361   0.01086007 -0.00844535  0.00396977 -0.01384235  0.00599881
 -0.00957983  0.00737183 -0.00056771 -0.00353759 -0.00089422  0.01737399
 -0.00879349  0.00463544  0.00093913 -0.0044102   0.00613858  0.0029503
  0.00925003 -0.0051498  -0.02036245]
[ 0.00815861  0.00669182  0.0148792  -0.00214217  0.0014898  -0.0014187
  0.01198208 -0.01369013  0.0115037   0.00352813 -0.0040691   0.02267203
 -0.0164342   0.00322554 -0.01437178 -0.00029079  0.0058664  -0.01204363
  0.00315266  0.01322248 -0.01404398]
[  1.17460654e-02   1.02447019e-02   1.71684318e-02   2.45659340e-04
   1.38651787e-02  -3.40775761e-03   5.53034122e-03  -1.49625174e-02
  -6.09034865e-03   7.52978456e-03  -1.02743840e-03  -1.81374309e-02
   1.98383428e-02  -5.28556086e-03   1.23135170e-02   1.30772647e-02
  -1.31708972e-04   1.13332694e-05  -4.08529287e-03   1.00469744e-02
  -7.35925098e-03]
[ 0.00876783 -0.00547832  0.00776648 -0.03066872  0.00494276 -0.00310612
  0.00771596  0.00420895  0.0003358  -0.01965779  0.00556945  0.01125703
  0.00966802 -0.00155374 -0.0084523   0.00457906  0.01970312 -0.01175014
 -0.0162137  -0.0165368   0.00714552]
[ 0.01502633  0.01329263 -0.02124977 -0.00071805 -0.00104606  0.00148603
 -0.00390312 -0.00336903  0.02282659  0.00488603 -0.00203314  0.01448552
 -0.00857014 -0.01442905 -0.01308209  0.01986579 -0.00562402  0.01144557
  0.01397865  0.00026463  0.00364645]
[  9.85426900e-03  -1.10976678e-02   5.74997366e-05  -2.63180556e-02
  -7.69249653e-03  -4.59019611e-03  -4.79325550e-03   8.74650966e-04
  -5.13657386e-03   1.56587006e-02  -1.57550400e-02  -3.01860732e-03
  -4.60743164e-03  -9.08825960e-03  -4.01413101e-03  -2.10456101e-03
  -8.07740365e-03   1.68511575e-02  -5.05096120e-03   8.84292890e-03
  -1.03111536e-03]
[ 0.00354638  0.00302881  0.00403534  0.00320786 -0.00713817  0.00473245
 -0.00624281 -0.00341492 -0.00209117 -0.00333607 -0.00199573  0.00890843
  0.00253311  0.00460813 -0.01715107  0.00148138 -0.00351062 -0.00480765
  0.00597418 -0.00038668 -0.0003345 ]
[ 0.00199221  0.00167628  0.00695688  0.0005329  -0.00058123 -0.00210292
  0.00907383  0.00273217  0.00647562  0.00380026 -0.00087309 -0.00116043
 -0.00321096  0.00328168  0.00352647 -0.00313445  0.00504775 -0.00136144
 -0.00274662 -0.00255138 -0.00129983]
[  4.02794513e-03  -2.19989520e-03  -4.14375202e-04  -7.05580733e-03
   2.85624053e-03  -2.77628940e-03  -4.69576062e-03  -1.39651965e-02
   9.17339383e-03   5.51723004e-03   2.32425679e-05   1.13437314e-02
  -6.83903168e-03  -1.51271499e-02   3.24668729e-03   5.83113140e-03
  -8.51582021e-03  -1.76638343e-03  -1.05383363e-02  -2.00786633e-03
  -3.53357580e-03]
[ 0.02014656 -0.02452721 -0.00205628  0.02570724  0.00681872  0.00771886
  0.00274035 -0.01162491  0.0106887  -0.00908068  0.00952099  0.0058361
  0.00679717 -0.01006548  0.00637825 -0.00551088 -0.00112168  0.00396666
 -0.01116758 -0.00699101 -0.00029462]
[ 0.01341214  0.01194208 -0.01917024 -0.00527748  0.02928512  0.00499623
  0.0054427   0.00507865 -0.00321683  0.00263624 -0.00438671  0.00824498
  0.00191051  0.01158223  0.0145205   0.00713477  0.00698145  0.00153319
  0.00895033 -0.01302532  0.01470355]
[  1.41901289e-02   1.21017814e-02   2.27604113e-02   6.08755280e-03
  -3.36834983e-02   6.85027261e-03  -1.98388538e-02  -1.15347983e-02
  -2.82509449e-02   6.30554733e-05   9.88617002e-03   2.23857132e-02
  -8.61668481e-03   4.11232444e-03   1.27580929e-02   5.15873236e-05
   8.40991168e-03   1.10090557e-02   1.50326657e-02   4.04911556e-03
   6.68352415e-03]
[ 0.01163902  0.01010128  0.0001842   0.00115427 -0.00333931  0.00528881
 -0.0196515   0.02302969  0.00854238 -0.00882043  0.00441193  0.00945061
  0.00693745 -0.01573721  0.0116811   0.01075568  0.01138046 -0.00577505
  0.00981646  0.01579098 -0.01140091]
[ 0.01271819  0.0110029   0.00068143 -0.00276748  0.00430805  0.01370271
 -0.01377134  0.01147555 -0.0137688  -0.01353396  0.00713004  0.01899954
  0.02071634  0.00532919 -0.00836944  0.0224167  -0.02524926  0.00514124
 -0.022897    0.00471849  0.01635123]
[ 0.0053948   0.0044767   0.00216336 -0.00089961 -0.0091692  -0.00699481
  0.01021797 -0.00440344  0.00974671 -0.01025166 -0.00846842 -0.00197597
  0.01045743  0.0025972   0.01330797  0.00087343  0.00254928 -0.00814681
 -0.00458253  0.00073681 -0.00774868]
[  2.14406712e-02  -2.52754711e-02   5.19148085e-04   1.01564364e-02
   8.72917667e-03  -1.12915365e-02  -1.16412402e-02  -5.36540865e-03
   1.44281072e-02   1.73838932e-03   1.41177949e-02   1.67120605e-02
   1.88208676e-02  -8.12025590e-05  -6.10376843e-04  -2.25399143e-02
   1.50793484e-02   5.05593374e-04  -8.65526856e-03  -2.76427692e-03
   7.36491853e-04]
[ 0.01631127 -0.01974618 -0.00154579  0.01066494  0.00063972  0.00514115
  0.00905711  0.00171176 -0.00298726 -0.00117947  0.00234417  0.00563294
  0.01871102 -0.00849446 -0.00185242 -0.02446953  0.00532738  0.01400926
  0.00743839  0.00244493  0.00876017]
[ 0.00534004  0.0047808  -0.00668778 -0.00120695 -0.00234507 -0.00287372
  0.0062458  -0.00198344  0.00504779 -0.00291994  0.00074802  0.01240403
 -0.00102142  0.0045516   0.0038095   0.00673977 -0.00107438  0.00367917
  0.00903371  0.0064409  -0.00794658]
[ 0.00647621  0.00537259  0.01146766  0.00442096  0.00040916  0.001133
 -0.01210554 -0.00633274  0.00408712  0.00790409 -0.00791734 -0.01023325
 -0.01830971 -0.01057259 -0.00723878 -0.00518591 -0.00053657  0.00615617
 -0.00966302  0.00462789 -0.00323087]
[ 0.02006571 -0.02368503 -0.00054019  0.00393027  0.0022214  -0.0029149
 -0.01127227 -0.00388351  0.01215033 -0.01634294  0.01159557 -0.01629844
 -0.02182598  0.01930207 -0.0139551   0.01017915  0.00411588  0.00421184
  0.01254797 -0.00541878 -0.00143914]
[ 0.01440004  0.01241107  0.01979599  0.00213224 -0.00659713 -0.0108454
  0.02602523  0.00444489  0.0045978  -0.00226929  0.01611355 -0.00326381
  0.0016381   0.00886694 -0.0113479  -0.00446633 -0.04410538  0.01626519
 -0.00486149  0.0054004  -0.01423593]
[ 0.00841091  0.00738849 -0.01600976 -0.00237493  0.0122415   0.00385339
 -0.00151619  0.00377518 -0.01170806 -0.0058402   0.00342063  0.00977609
 -0.00878905  0.00588607  0.01611729 -0.00285592 -0.00876833  0.0016952
 -0.00591204  0.00538362 -0.00367446]
[ 0.00732995  0.00645893 -0.00963793 -0.00534928  0.01736312  0.00136934
  0.00224486 -0.01460233 -0.01921172  0.01277432  0.01551805 -0.01094065
  0.00273303 -0.00666474 -0.0022196   0.00959501  0.02002083  0.00384314
  0.0116416  -0.00622141  0.0057135 ]
[ 0.0074375  -0.00863252 -0.00022682 -0.00884194 -0.00141222  0.01642459
  0.00843831 -0.00307218  0.00212679 -0.00482855 -0.00403043  0.00349115
  0.00302115 -0.01320807  0.00279244 -0.01014187  0.00267555  0.00332284
  0.00083973  0.00283582  0.00083106]
[ 0.01050425 -0.01245181  0.00066468  0.0033449   0.00169294  0.0043663
  0.00605088 -0.00312125  0.00054634 -0.02397232  0.00010746 -0.00612974
 -0.01599752 -0.00857175  0.00698067  0.01117071 -0.00267676 -0.01260763
 -0.00488164 -0.00785128 -0.00422754]
[ 0.01881376 -0.02227201 -0.00177827  0.00353571  0.00205174 -0.03573407
 -0.01635766  0.00552703  0.0026271   0.03040383  0.00806741  0.02277761
  0.01310547 -0.01284373  0.00895869 -0.02471042 -0.01341214 -0.01779194
  0.01659776  0.00038007  0.00720266]
[  1.01309223e-02   8.74126887e-03  -1.11852010e-02  -1.75871137e-03
  -3.74830911e-03  -3.75656910e-03   5.68721574e-03  -9.94646867e-04
  -5.68687020e-03  -2.72127096e-05   5.16521485e-03  -1.42137622e-03
  -7.19851850e-03   7.89490473e-03   5.60928048e-03  -8.56763126e-03
  -1.54971870e-02   2.14563747e-03  -3.51484556e-02   7.53262777e-03
  -1.79602569e-02]
[ 0.00481299  0.00350519 -0.00430052 -0.00101319 -0.0019545  -0.00263788
  0.0036882  -0.00457614  0.00124281 -0.00065976 -0.0012467   0.00619742
 -0.01250967  0.00473631 -0.00481732 -0.0073937   0.00253406  0.00057503
  0.01770384  0.00181482  0.01088611]
[ 0.01098687  0.00959565 -0.01078956  0.00250976 -0.00780888 -0.00251549
  0.009734    0.00612314  0.01263419  0.01051062 -0.002666   -0.00382702
 -0.00703308  0.00267725 -0.00403106 -0.00272839  0.01391836  0.0090816
 -0.01508352 -0.02031505  0.00288514]
[  1.19116267e-02   1.03430803e-02  -1.21037125e-02   2.72253876e-04
   1.01430415e-02   4.51784760e-03  -1.07434025e-02  -9.10401368e-03
  -1.17973735e-02   2.32526638e-03   1.58643864e-03   6.17194541e-03
  -6.30773588e-03  -2.34786637e-03   1.78350919e-03   8.33836952e-03
  -4.28650732e-05  -1.26538850e-04  -1.16469092e-02   3.30740199e-04
   1.64018314e-02]
[ 0.00601086 -0.00311786  0.00155128 -0.01229666 -0.00620048 -0.01749209
 -0.00117513  0.00348487 -0.00865936 -0.00139422  0.00051311 -0.00728252
 -0.00693623 -0.00346137  0.00609285 -0.00745433 -0.01115559  0.00145316
  0.01133131  0.01420834  0.00583473]
[ 0.01180023  0.01025937 -0.00860766 -0.00221386  0.00722602  0.00458078
 -0.0054037   0.00862735 -0.00272855 -0.01442488 -0.00052244  0.01584481
 -0.00602473  0.00308105 -0.02280097 -0.00323615 -0.01111031  0.00160814
  0.00562658  0.00420022 -0.00067086]
[ 0.00428324  0.00190672  0.00371854 -0.00935471  0.00640933  0.00515135
  0.00760019  0.01088061  0.00031914 -0.00898912 -0.00053333  0.00961651
 -0.00521134  0.00497563  0.00071396 -0.0097642   0.00828344 -0.02163695
  0.00322673  0.02165033 -0.00925915]
[  6.91922504e-03  -8.40993202e-03  -4.30847096e-04  -2.32698734e-05
   1.08336683e-03   1.58536949e-03  -1.36469084e-03  -3.52076418e-03
   4.15284175e-03  -3.69771192e-03   4.24838169e-03  -1.02857920e-03
  -9.13068430e-03   9.43812086e-04   4.65388839e-03   1.60515984e-02
  -9.27128739e-03  -1.98974189e-02  -3.59683986e-03  -2.10599440e-02
  -6.90199836e-03]
[ 0.00221494 -0.00196004  0.00102369 -0.00107043  0.00417292 -0.01234553
 -0.00717597 -0.00194774  0.00431782 -0.00360891 -0.00117586  0.00427785
  0.00342681 -0.00610307  0.00082078 -0.00550248  0.00139212  0.00468373
 -0.00352509 -0.00104176 -0.0006367 ]
[  6.85228966e-03   5.63354282e-03   1.07783941e-02  -9.21585278e-04
  -8.40043701e-03  -1.08356988e-03  -4.75104555e-04   5.79258205e-05
  -1.14319842e-03  -5.34594367e-04   2.33132634e-03  -7.10847804e-03
   5.70004435e-03  -2.33910569e-03   1.32825669e-02   1.02517129e-03
   4.14991097e-03  -1.08086128e-02   9.50854770e-04   3.92138150e-03
   1.45067649e-02]
[ 0.00658207  0.00545647  0.01468059 -0.00156979 -0.00646463 -0.00483183
  0.00466388 -0.01153779 -0.012121    0.0032803   0.01794745 -0.00216058
  0.00082082 -0.00521769  0.0098184   0.00777558  0.0056239  -0.00419555
 -0.00521765  0.00939125  0.01121678]
[ 0.0107635   0.00912951  0.01908541 -0.00310934  0.01756272  0.00169393
  0.00220327 -0.00314677 -0.00989949  0.00263122  0.00957368  0.01787786
 -0.01167505  0.00625727  0.00774249  0.01132336  0.00893175  0.00809127
 -0.00933373  0.00045128  0.01019512]
[ 0.01281346  0.01152495  0.00534792  0.00386024 -0.00666757  0.00649152
  0.00541947  0.00981404 -0.00252848  0.0027628   0.01071323  0.01734043
 -0.00107216  0.01273013  0.01980224  0.00367836  0.00302456  0.01233584
  0.00705293 -0.01123334 -0.00988013]
[ 0.01506726 -0.01808337 -0.00162624  0.00508899 -0.00062442  0.03203984
  0.01096226 -0.01046931  0.00906593 -0.00127659  0.00924465  0.00240378
  0.01528601 -0.00946615  0.00482364 -0.02592045 -0.00509974  0.01325539
  0.0072183   0.01090642  0.01337657]
[  9.42032057e-03   7.92318272e-03   2.16341633e-03   3.30240070e-03
  -1.16348136e-03   3.24312496e-03  -1.28264069e-02   1.23243066e-02
   1.28117280e-02   1.24011643e-02  -1.17323485e-02  -9.22690851e-03
  -6.01682981e-03  -8.94630666e-03   1.24114470e-02  -3.21905293e-03
   4.93818132e-03  -2.29724100e-05  -3.32109680e-03   1.62313162e-03
   2.84049479e-03]
[ 0.00345682  0.00282922  0.00163832  0.00058254  0.00161719  0.00284801
 -0.00256022  0.00667056 -0.00118848 -0.00030859 -0.00439777 -0.00294803
  0.00620128  0.00220739 -0.00049921 -0.00101908  0.00507003 -0.01187832
 -0.00332445 -0.00172672  0.0152571 ]
[ 0.01049185  0.00921196  0.0063765  -0.00092263  0.01012004 -0.00849561
  0.0079887   0.00036002 -0.00069    -0.00829246 -0.00215652 -0.00936564
  0.0246809   0.00208106 -0.00661863  0.00036114 -0.02515083  0.01018277
  0.01338151 -0.00691195 -0.00192835]
[ 0.01076021  0.009737   -0.01531936  0.00257392 -0.0132503  -0.00087883
 -0.0067131   0.00033929  0.00500467 -0.00723101  0.00405471 -0.01037547
  0.0060483  -0.0148486  -0.01030821  0.00162316  0.01336772 -0.00157817
  0.00833716  0.0023155  -0.01992462]
[ 0.00991575 -0.01184872 -0.00037686  0.01222562 -0.002639   -0.00093714
  0.01510429  0.00891688 -0.01475209 -0.00656424 -0.00791443 -0.0021712
 -0.00362586 -0.00621172 -0.00177942  0.00052192  0.00347604  0.00572248
  0.00323396  0.00907283  0.00177136]
[ 0.01326937 -0.01527336  0.0007779  -0.03399707 -0.00828453 -0.02105117
 -0.02260758  0.01149166 -0.00501417  0.01628977 -0.00566569 -0.01848727
 -0.01735605  0.02209605  0.00755592  0.01598766 -0.01782918 -0.00996074
  0.01582297  0.00281258 -0.0062004 ]
[ 0.01056118  0.00947863 -0.01606983  0.00433707 -0.02537082 -0.00042616
 -0.00771759 -0.02362324 -0.02445965 -0.00393284 -0.00092795 -0.01100432
  0.00188291  0.00599402  0.00529012 -0.0196233   0.01211558 -0.01547043
 -0.0077702  -0.00685441 -0.01267892]
[ 0.00295191 -0.00352942 -0.00087482  0.00331738 -0.00083128  0.01076357
  0.00551814 -0.00480938  0.00086029  0.00362993 -0.00080781  0.00201337
 -0.00227723 -0.01282798  0.00782705 -0.00017709 -0.01350431 -0.01074145
  0.00574699 -0.00546086  0.00081831]
[ 0.00624289 -0.00764446 -0.00065216  0.01151886  0.00588166 -0.00747551
 -0.01158462 -0.00698287  0.01119395  0.00240889  0.01102436  0.00695336
  0.00655878  0.00408077  0.00561425 -0.00812359 -0.00119708 -0.00469867
 -0.00503038  0.00436292 -0.00019424]
[ 0.00699859  0.00584529 -0.00130587  0.0027412  -0.00650606  0.00069441
 -0.00437146  0.00132669  0.00200196 -0.00287969 -0.00564125  0.0040897
 -0.0033318   0.00338251  0.00526899  0.005034   -0.0034507   0.01422304
  0.00689167 -0.00245974  0.0098092 ]
[ 0.00919366 -0.01118679 -0.00065074 -0.00092226  0.00028508  0.00250968
 -0.00786845 -0.00034201  0.0042728   0.01326462  0.0057442  -0.00041027
  0.01138183  0.0209492  -0.00016302  0.00267592  0.00465417 -0.0003628
 -0.00562799  0.00283331 -0.00624897]
[  4.00191945e-03   3.65132323e-03   2.42426361e-04   3.28447501e-03
  -7.76837015e-03   1.90999956e-04  -1.54723911e-03   7.31389242e-04
   1.08598985e-02   2.12932384e-03  -7.82509619e-03   3.88272381e-04
   5.96696356e-03  -3.52502439e-06  -9.81347535e-04   1.02960002e-02
   3.16514601e-03   2.21741859e-04  -4.35568563e-03  -2.26101595e-03
   1.53709625e-02]
[ 0.01490617 -0.01778863 -0.00081827  0.01097015  0.00546976 -0.02174285
 -0.01151723  0.00057533  0.00483284  0.0048556   0.00892709  0.00544684
  0.00220042  0.013765   -0.00302649  0.00679632  0.000887   -0.00795252
 -0.01326314 -0.00964429 -0.00625439]
[  8.74022945e-03   7.23855480e-03   1.37289262e-02  -2.53483196e-05
  -9.11909758e-03   3.32883883e-03  -7.73334824e-04   2.35949282e-02
   8.60340058e-04   2.02740732e-03   2.35229627e-02  -1.32530163e-02
  -2.88822444e-03  -1.15623764e-02  -8.44593873e-03  -3.88863148e-03
  -8.81048474e-03   9.90916005e-03  -1.26104149e-02  -1.12207683e-02
  -8.81887641e-05]
[ 0.01035973  0.00904015  0.01692877  0.00461473  0.03112045  0.0008006
 -0.00731505 -0.01207685  0.00615128  0.01007962 -0.02482363 -0.00979695
 -0.00650877 -0.00457356  0.00415923 -0.0028653   0.01156718  0.00574572
  0.0104067   0.00034818 -0.01543729]
[  6.94322805e-03   5.52082589e-03   9.94060019e-03  -2.02594889e-03
   7.38744547e-03  -4.14743136e-03   8.20341879e-03   2.41073998e-03
   7.79214308e-03   5.39386085e-03   1.72081629e-02  -5.31325569e-03
  -8.06856373e-03  -1.03288478e-02  -2.49066712e-02  -6.95971852e-03
   2.52491456e-04   3.16713853e-05   7.31866026e-03  -1.04535128e-02
  -3.04693427e-03]
[ 0.01360393 -0.01546415  0.00012942  0.00458425 -0.00289416 -0.00788998
  0.01735056  0.016221   -0.01992914  0.00456022 -0.02072762  0.00593929
 -0.00582155 -0.01100796 -0.01406116  0.00911249  0.01821151  0.02128792
 -0.02178866  0.01848993 -0.00513369]
[ 0.01567426 -0.01876342 -0.00046723  0.00835643  0.00042644 -0.03698692
  0.0015632   0.02063494 -0.02081588  0.01406812 -0.01009396  0.02156426
  0.01213267 -0.01140441 -0.00818979 -0.00208482  0.00667633 -0.01244378
  0.00457174 -0.026064    0.0015815 ]
[ 0.00520386  0.00449304 -0.00969384 -0.00239774  0.01202798  0.0023529
  0.00220299  0.01021756  0.00133689 -0.00023323  0.00178979 -0.00168863
 -0.00731332  0.00238847 -0.0084604  -0.01245668  0.00747361 -0.00244651
  0.0101254  -0.01302576  0.00547855]
[ 0.00469209 -0.0024938   0.00545167 -0.00409787  0.00487711 -0.01194967
 -0.01205601 -0.00786993  0.00390513 -0.02939662 -0.00305965 -0.00530218
 -0.00752812 -0.01019699  0.0054111   0.00090317  0.00456786  0.00905843
 -0.00627954  0.00026371  0.00444183]
[ 0.00967608  0.00859853  0.01438557  0.00584504 -0.00940381  0.00333635
  0.00915158  0.01471973  0.01319639  0.01006178  0.0132078   0.00562159
 -0.0116187   0.00444146  0.01269986  0.00414903  0.00873825  0.00355387
 -0.01168883 -0.0066025   0.01309117]
[ 0.01338537  0.01177412 -0.02057778 -0.00227362 -0.00313652 -0.00554424
  0.00296858  0.01080078  0.00232553 -0.00431476 -0.00194555 -0.01493513
  0.00721546 -0.00021052  0.00559046 -0.01896058 -0.00131137 -0.01971945
  0.00677506  0.00470153  0.00551374]
[  1.33768077e-02   1.17456485e-02  -9.94994332e-03  -1.72274582e-05
  -3.71190829e-03  -5.78991003e-03   4.94442586e-03  -9.53050996e-03
   1.41198683e-02   5.01676616e-03  -7.39792802e-03   7.08527411e-03
   1.99474291e-03  -2.64622922e-03   1.70894589e-02   1.43214825e-02
   8.53359890e-03   2.03567578e-02   1.01527814e-02  -3.94583885e-03
  -1.19411936e-02]
[ 0.01408097  0.01239549  0.01355845  0.00174009 -0.00684485 -0.00043621
  0.00137192 -0.00198165 -0.00576737 -0.00255273  0.00249713 -0.01163084
  0.02599805 -0.00219765 -0.00691257  0.00267756 -0.00969164 -0.01519447
  0.00458902  0.01112361 -0.02574357]
[  9.43605578e-03   8.29790696e-03   6.43896808e-03   3.88624799e-03
   1.94633998e-02   1.25701494e-02  -2.36013493e-02   1.27690174e-02
  -4.29207909e-03  -5.57069695e-03  -1.46116658e-02  -7.77876910e-03
   1.02270560e-02  -3.06481596e-03  -8.00434264e-03  -2.04683653e-03
  -1.37314984e-02   2.91336942e-05   6.71888695e-03  -3.21980292e-03
  -1.03691096e-03]
[  1.17562031e-02   1.04385875e-02  -2.22143121e-02  -2.78096669e-03
  -2.78135813e-03  -8.08186560e-03   1.12905535e-02  -8.86026453e-03
  -8.42830413e-03   6.74463208e-05   1.91423251e-02  -1.51743047e-02
   1.26774834e-02  -8.19221917e-03  -8.19333112e-03   1.45426661e-03
   6.37267297e-03   4.56601373e-05   8.53888840e-03  -7.67879403e-03
  -1.15910672e-02]
[  8.13549814e-03   7.17649657e-03  -8.39295893e-03   1.95801601e-03
   5.29534259e-03  -3.42417616e-03  -1.09992412e-03  -1.16830222e-02
   8.15205760e-03   6.96738089e-03  -1.40315630e-02  -7.96788653e-04
   1.30130089e-05  -6.63299508e-04   3.11147772e-03   7.54584219e-03
   9.55496647e-05   1.68139839e-02   9.43395243e-03  -7.95223971e-03
  -4.63983640e-03]
[ 0.00720427 -0.00830557  0.00039914 -0.03566288 -0.00815299  0.02023891
 -0.00030143 -0.00046749  0.00180256  0.01811137 -0.00508315  0.0033186
  0.01723806  0.00387916 -0.00189247 -0.00822657  0.00739647  0.01131812
 -0.00548489  0.00146318 -0.00177394]

Right eigenvectors

[ 1.          0.88440286 -0.83271045  0.14749069 -1.69684532 -0.1870439
 -0.16381293 -0.10648893  0.72603777 -1.07660845 -0.07244348 -0.2477199
  1.24801841 -0.61157757  0.11084333  0.52037496  0.77275296  0.58977533
  0.28720839 -1.38742926 -1.66379442]
[ 1.          0.86501625  0.99769425  0.23959628  1.56534968  0.99372327
 -1.41943862  2.04290733  0.08351461 -0.10010681 -1.15060211 -0.88935511
  0.43967357 -0.47476305  0.60027987 -0.12019043 -0.6705228   0.09164184
  0.21063013 -0.3657675   0.54541619]
[ 1.         -1.20315194 -0.13420499  1.04870206  0.0761806   0.70498512
 -0.06790197 -0.1975269   0.2047545  -0.23776775  0.72027381 -1.23534787
 -0.28306436  1.71880929  0.00937275  0.607431   -0.26149699  0.04315814
  0.72795599  0.64233347  0.27210195]
[ 1.          0.91096381 -1.36398162  0.4785858  -0.96442761  0.76783458
 -1.02506555  0.92788219 -0.29463138 -0.20501966 -0.18502085 -0.34748227
 -0.83397789  0.3268923  -0.5365595  -1.7350174   0.04167978 -0.49931493
 -1.55224447 -1.24598827 -0.92239018]
[ 1.          0.89078353 -1.81019137 -0.28347028 -0.50587296 -0.76731496
  0.97546258 -1.32455144  0.17643071 -0.04889855 -0.87359574  0.32891342
 -0.19259905  1.06149922 -1.09764127 -0.39924196 -1.61537441 -0.54988633
 -0.56766479  0.67715826  2.99528041]
[ 1.          0.86365835  1.45952752  0.52290121 -2.59661768  0.43702408
 -1.70305152 -0.7930204   0.36623278 -1.2281126  -2.38757772  0.42320067
  2.71852755  0.1839696  -1.89728485  1.12762989  1.63760209 -2.04336858
  0.37885228 -0.99362447  1.82845595]
[ 1.         -0.98225558  0.38898772 -3.15200117 -0.49422723 -1.03092755
  0.57339522  0.63179912 -0.36621426 -3.02593279 -0.22362067 -0.48109358
 -1.17390491 -1.41138526  0.6407336  -0.82373738  0.44115166  0.46762273
  1.15382158 -0.80899053  0.98006453]
[ 1.         -1.1677956  -0.05110169  0.49201693 -0.09081758  1.4717724
  0.98389014 -0.32215054  0.01877329 -0.8554477  -0.30736502 -0.54955621
 -0.47252654  0.12542309 -0.58653747  1.27108122  0.39374294 -0.17482749
 -0.33584923 -0.83595209 -0.23585546]
[ 1.         -1.21340533 -0.04841877  0.50028279  0.07567318  1.15606389
  0.49570076 -0.14543402  0.08303835 -0.61823754  0.07597666 -0.60797435
  0.09884895  0.80848468 -0.52651787  0.49636039  0.69708529  0.49740637
 -0.06447582  0.07727148  0.03490692]
[ 1.          0.90474333  0.09295233  0.20873852  1.63254989  1.56526527
 -1.12346726  3.34376745  1.0219778   0.61478063  0.58644362  0.03105697
 -2.04132108 -0.89839737 -0.64181431 -0.99643028 -0.55897486 -0.94521537
 -1.39899138  1.31299332 -0.49097176]
[ 1.          0.87055822  1.07266693  0.08329074  1.10359     0.4222045
 -0.26208121  0.08540199 -1.04716159 -0.23569968 -0.52634276 -0.05337405
  1.35311089  0.83201657  1.24399317 -0.22934586  0.35917139 -0.4100654
  0.84019291 -0.08457765 -0.8992023 ]
[ 1.          0.84233877  1.10930907  0.1362701   0.46461845  0.63929827
 -1.31669202 -2.17860869 -2.11051804  0.06985448 -0.96485964  0.17045079
 -0.98659723  0.28248763 -1.52804477 -1.32831017 -0.32134219 -0.61659354
 -0.77890792 -0.37102273  0.26212216]
[ 1.         -1.20808725 -0.11358881  0.01305645 -0.39974607  1.28757413
  0.57454621 -0.06080369 -0.35615107  0.49160021 -0.79122182 -0.53522323
 -0.29379384 -0.34811485  0.33163145  0.29191062 -0.63471244  0.06302583
  0.31842211  0.3944982  -0.17270244]
[ 1.          0.69573191  1.55158633 -0.79353557 -0.22267261 -1.7558498
  2.30047201  2.3186797  -2.05051957 -0.78070291  2.96831938  0.31720491
  1.48142815  0.50021433  0.82402279 -0.89288556 -1.82402577  3.38912777
  1.83635547 -3.42178488 -0.54010002]
[ 1.          0.88064609 -1.85861288 -0.18688679 -0.83047658 -0.4118528
 -0.3114475   0.39584075  0.98634251  0.37489877  1.5161619  -0.47528968
  0.52064404 -2.40946807 -1.07375116  2.20812043  0.53418437 -0.65212887
  0.26279214  3.06425846  0.33865426]
[ 1.          0.86680747  1.33041155 -0.16365047  0.33268194 -0.18238929
  0.42099286 -1.69672695 -0.75033044  1.09169297  0.78009472 -1.25905805
 -0.61131685 -0.72632831 -2.31585362 -0.53347163  0.39759752 -0.72416222
 -0.60349355 -0.68288107 -0.13310832]
[ 1.         -1.17470975 -0.04625016  0.35205562  0.08231622 -0.44365829
 -0.17400321  0.46405942 -0.23483838 -0.11707498 -0.38828096 -0.23234558
 -0.26701497  1.20502246 -0.42128535  1.80299987  0.73119295 -0.77290053
 -0.66865408 -0.77984555 -0.60776316]
[ 1.          0.86897109 -0.36552206 -0.50204631  2.12125661 -0.32661579
  1.1787607  -0.37555259 -0.65273848  0.81134653  1.56368341 -1.05579724
 -0.42721998 -0.33905059  1.04229525  0.17780094  0.54625309 -0.87543478
 -0.45655368  1.39642904  0.82465621]
[ 1.          0.86910845  1.88808541  0.8605898  -1.89171873 -0.2732271
  0.48709662  0.16973256  1.35430211  0.5889286  -0.80606617 -0.63690012
 -0.91821592  0.50479189  0.41539844 -0.84858775  0.34813008 -0.32829718
  1.28142796 -0.24596283  1.43639459]
[ 1.          0.89149073 -1.29125102  0.15070568  0.2379793  -0.41739179
  1.14826201  0.94336028  1.41676608  0.59840538 -0.55327523 -1.28446496
  0.05353667  0.50536003  0.76671612 -0.10716616 -0.1427972  -0.24456403
 -1.80159843  0.56728788  0.56249125]
[ 1.         -1.19258193 -0.17570988  2.72887213  0.29943422 -2.24501471
  0.17134375  1.07734566 -1.66641339  2.96239769 -1.03268219  2.16838282
  1.0616788  -0.53769361 -0.53600374  0.60508632  0.10590357 -1.32307841
 -0.64916507  0.34141994 -0.22755861]
[ 1.         -1.16013425 -0.12916455  1.3196581  -0.33956605  1.98473836
  2.49901351 -0.14289615 -1.46888971  0.21209568 -1.80008901  1.05597452
 -0.6570095  -4.39021478  1.81534179  0.2331995  -2.50686494 -2.15441819
  0.60121255 -2.00733579  0.03354058]
[ 1.         -1.16445202 -0.01432583  0.71312845  0.51897474  0.35310984
 -0.89850842 -1.16482713  1.42198626 -0.87465552  1.51265635 -0.292963
  0.19125927  0.4830124   0.24747459 -1.41009082 -0.20591041  0.87622258
  0.08944479  1.14710929  0.59834513]
[ 1.          0.82953407  1.20786303 -0.94075733  1.79422671 -1.24462744
  3.0779833  -1.32781231  2.10906844 -1.27167078 -2.60178258  1.318287
  1.94010003  2.05801554 -1.52273645  0.5776389  -0.89347535 -0.52168309
  0.19088481  0.15808821 -0.69114478]
[ 1.         -1.14056873  0.06556523 -1.68422189 -0.23418506  1.55593281
 -1.05839892 -0.60728198  1.17911694  0.85400071  0.49743335  0.21660126
  0.47875969  0.59788571  0.09461288 -0.66935057  0.02834954  0.06896252
 -0.20311221 -0.02423394 -0.64036728]
[ 1.         -1.08652028  0.0171299  -3.78957491 -0.91830068  1.78107339
 -0.48769694 -0.66558309  0.6419097   2.38376171  0.12943592 -0.39366314
  0.00646727  0.7937792   0.09209918  1.73758594 -1.24846973 -1.40306562
  0.31745745 -1.98636453 -0.43428242]
[ 1.          0.87850952 -1.28655602 -0.18061946  0.09073464  0.51112797
  0.1760034  -0.58212942 -2.44996779 -0.62637044  0.58422582  3.21585471
 -2.14663925  1.61864524  2.62194888 -0.81018029 -0.3625439   2.00374793
 -0.27041114 -0.77203627 -1.22724157]
[ 1.          0.9006637  -2.40282614 -0.19250113  1.29073517 -1.30069185
  1.25904933 -0.94777783 -0.14040269  0.55437745 -2.66247227 -2.2943213
 -0.73547887  1.75596156  2.32491906 -3.77865636 -0.15408449 -0.34055987
 -1.30555425 -0.59655606 -0.69924547]
[ 1.          0.6138575   0.52667916  0.25613966 -1.29352395 -0.91092306
 -0.48774155 -1.03203475 -0.77824012 -1.46156042 -2.92175186 -1.48113166
  1.14652899  0.35325664  0.76148132 -0.93118755 -0.76679613  1.32172048
 -2.36864886 -0.03065436  0.18134058]
[ 1.         -1.20967183 -0.03475414  0.46383463  0.03731248 -0.69408424
 -0.57503229  0.10883494 -0.14955581 -0.48548743  0.28804098 -1.11961181
 -1.34481393  1.14682102  0.60242709  1.5752448  -0.78122771 -1.11234991
  0.75853259 -0.13556277 -0.31603652]
[ 1.         -1.20147548 -0.11033913  0.70332442 -0.21319974  0.02724082
  0.78724634  0.79169094 -1.19780832  0.21686708 -1.1552925  -0.40898338
 -0.34589634  0.07592995 -0.71216253  0.67123703  0.56006895  0.76347318
 -0.03004323  0.97289072 -0.18291493]
[ 1.          0.88754321 -0.69019909  0.32443069 -1.13127099  0.49025528
 -0.78291509  0.60246601 -0.04639613 -0.28911087 -0.07308033  1.41989564
 -0.71865106  0.3788334   0.07675073 -0.36042545  0.50167776  0.24111472
  0.75596208 -0.42086898 -1.66412881]
[ 1.          0.8202156   1.8237434  -0.26256536  0.18260527 -0.17388963
  1.46864355 -1.67799825  1.41000829  0.43244303 -0.49874995  2.77890903
 -2.01433955  0.39535463 -1.76154807 -0.03564239  0.71904435 -1.4761872
  0.38642138  1.62067899 -1.72136944]
[  1.00000000e+00   8.72181576e-01   1.46163257e+00   2.09141812e-02
   1.18041048e+00  -2.90119073e-01   4.70824997e-01  -1.27383228e+00
  -5.18501169e-01   6.41047387e-01  -8.74708566e-02  -1.54412820e+00
   1.68893515e+00  -4.49985648e-01   1.04830993e+00   1.11333150e+00
  -1.12130290e-02   9.64856657e-04  -3.47800963e-01   8.55348067e-01
  -6.26529029e-01]
[ 1.         -0.62482027  0.88579304 -3.49786826  0.56373751 -0.35426266
  0.88003107  0.48004422  0.03829918 -2.2420357   0.63521399  1.28390166
  1.10266909 -0.17720959 -0.9640127   0.52225673  2.24720599 -1.34014179
 -1.84922514 -1.88607608  0.81496979]
[ 1.          0.88462216 -1.41416901 -0.04778593 -0.06961496  0.09889485
 -0.25975219 -0.2242086   1.51910597  0.32516452 -0.13530548  0.96400905
 -0.57034163 -0.96025122 -0.87061133  1.3220651  -0.37427782  0.7617009
  0.9302773   0.01761126  0.24267049]
[ 1.         -1.1261787   0.00583501 -2.67072632 -0.78062579 -0.46580788
 -0.48641411  0.08875858 -0.52125367  1.58902711 -1.59880352 -0.30632483
 -0.46755692 -0.92226624 -0.40734944 -0.21356846 -0.81968573  1.71003628
 -0.51256579  0.89737036 -0.10463641]
[ 1.          0.85405647  1.13787816  0.9045454  -2.01280571  1.33444544
 -1.76033349 -0.96293071 -0.58966493 -0.94069886 -0.56275296  2.51198121
  0.71428166  1.2993912  -4.83622424  0.41771568 -0.98991606 -1.35565227
  1.68458636 -0.10903405 -0.0943214 ]
[ 1.          0.84141721  3.49203923  0.26749192 -0.2917517  -1.05557089
  4.55465513  1.37142854  3.25046995  1.90755922 -0.43825342 -0.58248549
 -1.61175872  1.64725514  1.77012794 -1.5733532   2.53374224 -0.68338365
 -1.37867905 -1.28068003 -0.65245371]
[ 1.         -0.54615818 -0.10287509 -1.75171387  0.70910612 -0.68925701
 -1.16579558 -3.46707714  2.27743764  1.36973813  0.00577033  2.81625767
 -1.69789594 -3.75555014  0.80604059  1.44766903 -2.11418476 -0.43853215
 -2.61630582 -0.49848403 -0.87726513]
[ 1.         -1.21743891 -0.102066    1.27601144  0.33845589  0.38313541
  0.13602088 -0.57701719  0.53054698 -0.45073128  0.47258617  0.28968212
  0.33738603 -0.49961264  0.31659262 -0.2735397  -0.05567591  0.19689003
 -0.5543169  -0.34700746 -0.01462392]
[ 1.          0.89039329 -1.42931984 -0.39348535  2.18347765  0.37251561
  0.40580367  0.37866091 -0.23984466  0.19655599 -0.32707023  0.6147399
  0.14244598  0.86356284  1.08263796  0.53196359  0.52053179  0.11431324
  0.66733062 -0.9711584   1.0962862 ]
[ 1.          0.85283097  1.60396085  0.42899912 -2.37372743  0.48274915
 -1.39807425 -0.8128748  -1.99088712  0.00444362  0.69669346  1.57755531
 -0.6072309   0.28980177  0.89908224  0.00363544  0.59265929  0.77582492
  1.05937485  0.28534734  0.47099813]
[ 1.          0.86788062  0.01582615  0.09917199 -0.28690657  0.45440347
 -1.6884152   1.97866182  0.73394278 -0.7578329   0.37906374  0.8119761
  0.59605118 -1.35210743  1.00361519  0.92410534  0.97778508 -0.49617989
  0.84340901  1.3567276  -0.97954221]
[ 1.          0.86513087  0.05357912 -0.21760059  0.33873176  1.07741071
 -1.08280669  0.90229451 -1.0826071  -1.06414213  0.56061733  1.49388731
  1.62887553  0.41902136 -0.65806864  1.76257064 -1.98528806  0.40424297
 -1.80033511  0.37100325  1.28565772]
[ 1.          0.82981768  0.40100828 -0.16675495 -1.69963713 -1.29658327
  1.89404098 -0.81623718  1.80668557 -1.90028653 -1.56973773 -0.36627353
  1.9384276   0.48142626  2.46681549  0.16190135  0.47254313 -1.5101233
 -0.84943503  0.13657786 -1.4363243 ]
[ 1.         -1.17885634  0.02421324  0.47369956  0.40713169 -0.526641
 -0.54295129 -0.25024443  0.67293169  0.08107905  0.65845862  0.77945603
  0.87781149 -0.00378731 -0.02846818 -1.05126906  0.7033058   0.02358104
 -0.40368459 -0.12892679  0.03435022]
[ 1.         -1.2105852  -0.09476837  0.65383889  0.0392197   0.3151898
  0.55526695  0.10494325 -0.18314102 -0.07231017  0.14371458  0.34534027
  1.14712237 -0.52077266 -0.11356679 -1.50016122  0.32660751  0.85886991
  0.4560276   0.14989236  0.53706271]
[ 1.          0.89527464 -1.25238286 -0.22601823 -0.43914901 -0.53814608
  1.16961672 -0.37142757  0.94527153 -0.54680125  0.14007813  2.32283377
 -0.19127592  0.85235344  0.71338421  1.26211877 -0.20119373  0.68897849
  1.6916923   1.20615193 -1.48811244]
[ 1.          0.82958881  1.77073546  0.68264598  0.06317961  0.17494736
 -1.86923111 -0.97784655  0.6310974   1.22048073 -1.222526   -1.58012872
 -2.82722431 -1.63252618 -1.117749   -0.80076322 -0.08285209  0.95058123
 -1.49207916  0.7145988  -0.49888216]
[ 1.         -1.18037299 -0.02692092  0.19586979  0.11070619 -0.1452679
 -0.56176762 -0.19353941  0.60552711 -0.81447072  0.57787957 -0.8122533
 -1.08772514  0.96194274 -0.69546995  0.50729056  0.20512004  0.20990247
  0.625344   -0.27005161 -0.07172135]
[ 1.          0.86187696  1.37471702  0.14807174 -0.45813241 -0.75315022
  1.80730214  0.30867174  0.31929049 -0.1575891   1.1189929  -0.22665277
  0.11375662  0.61575815 -0.78804629 -0.31016077 -3.06286431  1.1295236
 -0.33760263  0.37502692 -0.98860343]
[ 1.          0.87844146 -1.90345142 -0.28236303  1.45543158  0.45814164
 -0.18026486  0.44884345 -1.39200912 -0.69435974  0.4066895   1.16231073
 -1.04495814  0.69981422  1.9162357  -0.33955    -1.04249515  0.20154753
 -0.70290081  0.64007576 -0.4368678 ]
[ 1.          0.88116965 -1.31486958 -0.72978406  2.36878975  0.18681366
  0.30625845 -1.99214459 -2.62098755  1.74275558  2.11707332 -1.49259413
  0.37285751 -0.90924666 -0.30281231  1.30901441  2.73137238  0.52430663
  1.5882226  -0.84876491  0.77947263]
[ 1.         -1.16067567 -0.03049658 -1.1888325  -0.18987816  2.20834879
  1.13456327 -0.41306654  0.28595563 -0.64921705 -0.54190731  0.46939855
  0.40620476 -1.77587554  0.375454   -1.36361331  0.35973749  0.44676876
  0.1129047   0.38128664  0.11173866]
[ 1.         -1.18540758  0.06327716  0.31843336  0.16116758  0.41566993
  0.57604167 -0.29714217  0.0520118  -2.28215484  0.01023012 -0.583549
 -1.5229572  -0.8160266   0.66455666  1.06344729 -0.25482681 -1.20024096
 -0.46473038 -0.74743831 -0.4024604 ]
[ 1.         -1.18381486 -0.09451965  0.18793209  0.10905528 -1.89935877
 -0.86945206  0.29377617  0.13963728  1.61604238  0.42880354  1.21068896
  0.69658991 -0.68267754  0.47617767 -1.31342274 -0.71288987 -0.94568767
  0.88221405  0.02020169  0.38284012]
[  1.00000000e+00   8.62830515e-01  -1.10406543e+00  -1.73598348e-01
  -3.69986958e-01  -3.70802282e-01   5.61371965e-01  -9.81793011e-02
  -5.61337858e-01  -2.68610388e-03   5.09846460e-01  -1.40300772e-01
  -7.10549179e-01   7.79287859e-01   5.53679155e-01  -8.45691146e-01
  -1.52969163e+00   2.11790932e-01  -3.46942309e+00   7.43528336e-01
  -1.77281558e+00]
[ 1.          0.72827665 -0.89352354 -0.21051135 -0.4060873  -0.54807404
  0.76630069 -0.9507882   0.25821944 -0.13707882 -0.2590283   1.28764453
 -2.59914542  0.98406802 -1.00089927 -1.53619522  0.526503    0.11947426
  3.67834232  0.37706737  2.26181652]
[ 1.          0.87337409 -0.98204164  0.22843267 -0.71074679 -0.22895456
  0.8859666   0.55731432  1.14993586  0.95665249 -0.24265356 -0.34832636
 -0.64013527  0.2436775  -0.36689824 -0.24833159  1.26681759  0.82658715
 -1.37286825 -1.84902994  0.26259914]
[ 1.          0.86831804 -1.01612591  0.02285615  0.85152447  0.37928049
 -0.90192572 -0.76429643 -0.99040827  0.19520981  0.13318405  0.51814463
 -0.52954446 -0.19710712  0.14972843  0.70001938 -0.00359859 -0.01062314
 -0.97777655  0.02776617  1.37695983]
[ 1.         -0.51870336  0.25807999 -2.04573975 -1.03154563 -2.910079
 -0.19550029  0.57976164 -1.44061836 -0.23194966  0.08536332 -1.21156053
 -1.15394949 -0.57585172  1.01363926 -1.24014247 -1.85590467  0.24175574
  1.88513904  2.36377727  0.9706972 ]
[ 1.          0.86942116 -0.72944831 -0.18761128  0.6123629   0.38819404
 -0.45793204  0.73111759 -0.23122885 -1.2224237  -0.04427406  1.3427548
 -0.51056077  0.26110128 -1.93224813 -0.27424464 -0.94153403  0.13628086
  0.47681934  0.3559439  -0.05685145]
[ 1.          0.44515934  0.86815955 -2.18402525  1.49637442  1.20267537
  1.77440258  2.54027518  0.07450934 -2.09867201 -0.12451655  2.24514794
 -1.21668056  1.16165136  0.16668656 -2.27962863  1.93391968 -5.05153712
  0.75333944  5.0546612  -2.16171544]
[ 1.         -1.21544421 -0.06226811 -0.00336308  0.15657343  0.2291253
 -0.19723175 -0.50883794  0.60018885 -0.53441128  0.61399675 -0.14865526
 -1.31961083  0.13640431  0.67260255  2.31985494 -1.33993147 -2.8756716
 -0.51983276 -3.04368537 -0.99751032]
[ 1.         -0.88491434  0.46217592 -0.48327739  1.88398313 -5.57373929
 -3.23979738 -0.87936186  1.94940286 -1.6293433  -0.53087658  1.93135544
  1.54712925 -2.755405    0.37056496 -2.48425119  0.62851198  2.11460262
 -1.59150083 -0.47033178 -0.28745563]
[ 1.          0.8221402   1.57296242 -0.13449304 -1.22593139 -0.15813253
 -0.06933515  0.0084535  -0.16683451 -0.0780169   0.34022589 -1.03738727
  0.83184521 -0.34136118  1.93841293  0.14961003  0.60562398 -1.57737243
  0.13876453  0.57227317  2.11706825]
[ 1.          0.82899054  2.23039147 -0.2384946  -0.98215768 -0.73408898
  0.70857281 -1.75291212 -1.84151755  0.49836884  2.72671798 -0.32825221
  0.12470573 -0.79271194  1.49168849  1.1813277   0.85442768 -0.63742087
 -0.7927066   1.42679208  1.7041415 ]
[ 1.          0.84819078  1.77315955 -0.28887792  1.63169125  0.15737747
  0.20469834 -0.29235518 -0.91972758  0.24445711  0.88945712  1.66097056
 -1.08468852  0.58134096  0.71932812  1.05201459  0.82981802  0.75173166
 -0.86716458  0.04192704  0.94719358]
[ 1.          0.89944098  0.41736761  0.30126472 -0.52035662  0.50661768
  0.4229512   0.76591696 -0.1973302   0.21561681  0.83609237  1.35329806
 -0.08367477  0.99349721  1.54542565  0.28707041  0.23604535  0.96272506
  0.55043177 -0.87668324 -0.77107418]
[ 1.         -1.20017638 -0.10793198  0.33775134 -0.04144218  2.12645436
  0.72755537 -0.69483829  0.60169746 -0.08472633  0.61355889  0.15953691
  1.01451864 -0.62825996  0.32014043 -1.72031654 -0.33846484  0.87974779
  0.47907204  0.72384901  0.88779056]
[ 1.          0.84107358  0.22965422  0.35056139 -0.12350762  0.34426907
 -1.36156799  1.30826828  1.36000977  1.316427   -1.24542986 -0.97946863
 -0.63870754 -0.94968177  1.31751854 -0.34171374  0.52420523 -0.0024386
 -0.35254605  0.1723011   0.30152846]
[ 1.          0.81844409  0.47393847  0.16851828  0.46782565  0.82388101
 -0.74062929  1.92968139 -0.34380595 -0.08926929 -1.27219968 -0.85281384
  1.79392501  0.63856163 -0.14441403 -0.29480186  1.46667514 -3.43619723
 -0.96170789 -0.49950976  4.41362031]
[ 1.          0.87801136  0.60775785 -0.08793794  0.96456175 -0.8097345
  0.76141933  0.03431387 -0.06576496 -0.79037129 -0.20554259 -0.89265879
  2.35238853  0.19835007 -0.63083578  0.03442089 -2.39717835  0.97054126
  1.2754198  -0.6587926  -0.18379502]
[ 1.          0.90490818 -1.42370484  0.23920699 -1.23141673 -0.08167388
 -0.62388187  0.03153221  0.46510911 -0.67201428  0.37682484 -0.96424414
  0.56209847 -1.37995474 -0.95799318  0.15084855  1.24232877 -0.14666719
  0.7748135   0.21519128 -1.85169459]
[ 1.         -1.19493935 -0.03800634  1.23294948 -0.26614198 -0.09451038
  1.5232617   0.89926422 -1.48774318 -0.6620015  -0.79816786 -0.21896517
 -0.3656666  -0.62644926 -0.17945372  0.05263539  0.35055692  0.57710965
  0.32614409  0.9149916   0.17864072]
[ 1.         -1.15102332  0.05862371 -2.5620712  -0.62433462 -1.58644801
 -1.70374128  0.86602872 -0.37787585  1.22762156 -0.42697498 -1.393229
 -1.30797813  1.66519199  0.56942539  1.20485424 -1.34363442 -0.7506569
  1.19244331  0.21196005 -0.46727167]
[ 1.          0.89749743 -1.52159441  0.41066166 -2.40227176 -0.04035117
 -0.73075126 -2.23679964 -2.31599612 -0.3723863  -0.08786471 -1.04195909
  0.1782861   0.5675518   0.50090236 -1.8580595   1.14718089 -1.46483947
 -0.73573231 -0.64901898 -1.20052109]
[ 1.         -1.19563932 -0.29635831  1.1238063  -0.28160762  3.64630601
  1.86934434 -1.62924361  0.29143528  1.22968734 -0.27365733  0.68205542
 -0.77144162 -4.34565143  2.65152031 -0.05999236 -4.57476535 -3.63881014
  1.94686994 -1.84994033  0.27721305]
[ 1.         -1.22450727 -0.10446396  1.84511748  0.9421383  -1.19744424
 -1.85565058 -1.11853222  1.79307332  0.38586104  1.76590716  1.11380542
  1.05060082  0.65366636  0.89930299 -1.30125611 -0.19175106 -0.75264332
 -0.80577771  0.69886287 -0.03111453]
[ 1.          0.83520979 -0.18658981  0.39167964 -0.92962421  0.09922165
 -0.62462086  0.18956479  0.28605189 -0.41146785 -0.80605571  0.58435992
 -0.47606788  0.48331255  0.75286502  0.71928755 -0.49305639  2.03227258
  0.98472228 -0.35146192  1.40159717]
[ 1.         -1.2167941  -0.07078134 -0.10031478  0.03100785  0.27297946
 -0.85585674 -0.03720084  0.46475513  1.44280198  0.62480056 -0.04462519
  1.23800921  2.27865842 -0.01773226  0.29106172  0.50623731 -0.039462
 -0.61216054  0.30818152 -0.67970514]
[  1.00000000e+00   9.12392986e-01   6.05775215e-02   8.20724919e-01
  -1.94116105e+00   4.77270865e-02  -3.86624251e-01   1.82759611e-01
   2.71367244e+00   5.32075638e-01  -1.95533576e+00   9.70215383e-02
   1.49102540e+00  -8.80833419e-04  -2.45219212e-01   2.57276547e+00
   7.90906977e-01   5.54088762e-02  -1.08839913e+00  -5.64982875e-01
   3.84089752e+00]
[ 1.         -1.19337317 -0.05489442  0.73594686  0.36694577 -1.45864762
 -0.77264835  0.03859675  0.32421702  0.32574404  0.59888553  0.36540829
  0.14761836  0.9234431  -0.20303627  0.45594022  0.05950547 -0.53350526
 -0.88977518 -0.64699956 -0.41958412]
[ 1.          0.82818819  1.57077412 -0.00290019 -1.04334762  0.38086401
 -0.08847992  2.69957766  0.09843449  0.23196271  2.69134384 -1.51632361
 -0.33045179 -1.32289163 -0.96632918 -0.44491183 -1.00803815  1.13374141
 -1.44280135 -1.28380706 -0.01008998]
[ 1.          0.87262409  1.63409447  0.4454485   3.00398333  0.07727982
 -0.70610454 -1.16574957  0.59376813  0.97296142 -2.39616633 -0.94567628
 -0.62827605 -0.44147454  0.40148059 -0.27658024  1.11655273  0.55462081
  1.00453407  0.03360853 -1.49012468]
[ 1.          0.79513821  1.4316972  -0.29178775  1.06397851 -0.59733474
  1.18149926  0.34720737  1.12226518  0.77685204  2.47840957 -0.76524286
 -1.16207673 -1.48761465 -3.58718898 -1.00237504  0.03636514  0.00456148
  1.05407171 -1.50556956 -0.4388354 ]
[ 1.         -1.13674093  0.00951313  0.33697994 -0.21274452 -0.57997829
  1.2754079   1.19237629 -1.46495448  0.33521352 -1.52364911  0.43658612
 -0.42793109 -0.8091748  -1.03361023  0.66984262  1.33869456  1.56483593
 -1.60164434  1.35916046 -0.37736846]
[ 1.         -1.19708542 -0.02980896  0.53313056  0.02720665 -2.3597242
  0.09973054  1.31648584 -1.32802998  0.89753039 -0.64398304  1.37577558
  0.77405051 -0.72758853 -0.52249955 -0.13300891  0.42594265 -0.79389926
  0.29167188 -1.6628537   0.10089761]
[ 1.          0.86340376 -1.86281515 -0.4607616   2.311355    0.45214498
  0.42333826  1.96345677  0.2569032  -0.04481916  0.34393452 -0.32449499
 -1.40536405  0.45898063 -1.62579194 -2.3937372   1.43616465 -0.47013281
  1.94574692 -2.5030933   1.05278581]
[ 1.         -0.53148919  1.16188502 -0.8733576   1.03943106 -2.54676852
 -2.5694309  -1.67727469  0.8322798  -6.26514194 -0.65208609 -1.13002569
 -1.60442627 -2.17322939  1.15323743  0.19248808  0.97352275  1.93057461
 -1.33832408  0.05620243  0.9466636 ]
[ 1.          0.88863811  1.48671534  0.60407186 -0.97186159  0.34480357
  0.94579497  1.52125022  1.36381676  1.039862    1.36499577  0.58097846
 -1.20076578  0.45901467  1.31250118  0.42879302  0.9030779   0.36728376
 -1.20801335 -0.68235298  1.35294231]
[ 1.          0.87962615 -1.5373336  -0.16985868 -0.23432433 -0.41420116
  0.22177767  0.80690909  0.17373678 -0.32234883 -0.1453493  -1.11577977
  0.53905569 -0.01572784  0.41765436 -1.41651548 -0.09797015 -1.47320923
  0.50615398  0.35124388  0.41192308]
[  1.00000000e+00   8.78060652e-01  -7.43820464e-01  -1.28786020e-03
  -2.77488349e-01  -4.32831969e-01   3.69626742e-01  -7.12465198e-01
   1.05554842e+00   3.75034632e-01  -5.53041367e-01   5.29668532e-01
   1.49119502e-01  -1.97822177e-01   1.27754389e+00   1.07062034e+00
   6.37939864e-01   1.52179490e+00   7.58983880e-01  -2.94976121e-01
  -8.92678872e-01]
[ 1.          0.8803011   0.9628917   0.12357718 -0.4861066  -0.03097878
  0.09743104 -0.14073246 -0.40958608 -0.18128917  0.177341   -0.82599733
  1.84632554 -0.15607268 -0.49091552  0.19015424 -0.68827906 -1.07907878
  0.32590198  0.78997483 -1.82825298]
[ 1.          0.87938299  0.68237919  0.41185089  2.06266265  1.33214022
 -2.50118798  1.35321554 -0.45485945 -0.59036287 -1.54849294 -0.82436659
  1.08382742 -0.32479841 -0.84827208 -0.21691654 -1.4552159   0.00308749
  0.71204401 -0.34122339 -0.10988818]
[ 1.          0.88792167 -1.88958219 -0.23655313 -0.23658643 -0.68745542
  0.96039115 -0.75366719 -0.716924    0.00573708  1.62827445 -1.29074877
  1.07836546 -0.69684226 -0.69693685  0.12370207  0.54206897  0.00388392
  0.72633046 -0.65316956 -0.98595329]
[  1.00000000e+00   8.82121346e-01  -1.03164659e+00   2.40675614e-01
   6.50893467e-01  -4.20893239e-01  -1.35200587e-01  -1.43605493e+00
   1.00203546e+00   8.56417244e-01  -1.72473311e+00  -9.79397500e-02
   1.59953437e-03  -8.15315174e-02   3.82456940e-01   9.27520609e-01
   1.17447836e-02   2.06674301e+00   1.15960354e+00  -9.77474222e-01
  -5.70319889e-01]
[ 1.         -1.15286746  0.05540292 -4.95023904 -1.13168787  2.80929128
 -0.04184066 -0.06489061  0.2502067   2.51397523 -0.7055743   0.46064316
  2.39275466  0.53845302 -0.26268666 -1.14190187  1.02667736  1.571029
 -0.76133848  0.20309858 -0.24623414]
