Cluster centers 

[ 1.39272747 -0.43608223  0.29999348 -0.21979957]
[-0.80288388  1.08598614 -0.10614575  0.14118966]
[-0.775709   -1.13949236 -0.08448216  0.25141977]
[ 1.3312998   0.17951661  0.85852449  0.91127853]
[ 1.43778192 -0.33754776 -0.8022064  -0.74881393]
[-0.80144325  0.04077157 -0.46801065  1.25272701]
[-0.80706297 -1.35433286 -0.5467617  -1.08464387]
[-0.78535857  2.26047058  0.5937718  -3.12266521]
[-0.45120462 -1.33561535  1.45304078  0.05491673]
[-0.79458389  1.89358953 -0.61466504 -1.25430126]
[-0.6524059   1.41183159 -1.79847297  0.36416047]
[-0.67735972  1.13183902  1.19231986 -0.43712211]
[-0.80738534 -1.47511176 -0.46339924 -2.71191434]
[ 1.11462487 -0.20958996  1.61418971  0.76898684]
[ 1.4453595   0.17157183 -0.43167526  0.74721765]
[-0.80053826 -0.88975994 -0.5255642   0.68295144]
[-0.67112896 -0.60466707  0.77069742  1.10117676]
[-0.58471999 -1.61078585  1.05545117 -1.39728359]
[-0.02653525 -0.71909889  2.194791    0.85079611]
[ 1.33637731 -0.33851145 -1.80277329 -2.12388209]
[-0.79134581  1.66605518  0.43695989 -1.29654699]
[-0.7997018  -0.49809514 -0.92043419  1.11719267]
[-0.77581296  1.05588236 -1.04843309  0.55622211]
[-0.73333285 -1.59747493  0.35626996 -2.24627518]
[-0.63723671  0.5857573   1.20998517  0.45336471]
[ 1.25397221  0.70749764 -2.13347607  0.89803634]
[ 1.18111522 -0.64517729  1.34615544 -0.03186492]
[ 1.41417422  0.08006237  0.19489541  0.76145889]
[ 1.4279548  -0.594484   -0.38007641 -2.31215179]
[ 0.95109537  1.60225006  2.31586421 -0.82786918]
[-0.80607449  1.37695241 -0.11207642 -0.38203724]
[-0.74694988 -0.92817896  0.20689537  0.78142809]
[ 1.10621817  0.87014401  1.87932965  0.51349043]
[ 0.62652774  0.29328384  2.46694072  0.7163002 ]
[ 1.32757388  2.34998701 -1.32479327 -0.35831517]
[-0.80343843  0.77178933 -0.45589137  0.71041571]
[-0.78791551  0.50298503  0.05030938  0.86426203]
[ 1.44355719 -0.1162221  -0.51632753  0.22909231]
[-0.74043126  1.63251733 -1.24333793 -0.30624704]
[-0.75573694 -0.12705539 -1.51560573  1.27470857]
[ 0.82805521 -0.73278799  2.08567729  0.3765525 ]
[-0.51689672  1.38674653  1.9021051  -1.22310377]
[-0.71657664 -0.80028758 -1.95487261  0.15902963]
[-0.76229311  1.04823585  0.55166072 -0.04819512]
[-0.70718698  2.0917124  -1.31834938 -1.2653489 ]
[ 1.41837623 -0.19972775  0.07556901  0.29364463]
[-0.80633891 -1.10451093 -0.71938656  0.03986803]
[ 1.44009659  0.76276442 -0.70153373  1.04559252]
[ 1.43015487 -0.52675286 -0.24289628 -1.25307304]
[-0.74510218  1.43178215  0.85184951 -0.93844596]
[-0.71348083 -1.59290915  0.53220503 -4.50275171]
[ 1.30528486 -0.35524476 -1.90035713 -3.18351122]
[ 0.87771012 -1.06457092  1.94658188 -0.69943269]
[-0.79224427 -1.22050806 -1.3190501  -1.27697958]
[ 1.43949343  1.61315846 -0.20515953  0.43225667]
[-0.63072696 -1.47040496  0.84816658 -0.59986029]
[-0.80090586  2.16166885 -0.42585064 -2.09695562]
[ 1.37705991  1.02027791  0.72689541  0.75356475]
[-0.74363159 -1.51944872  0.25227507 -1.3911214 ]
[-0.62745675  0.54141516 -2.13294579  1.24108625]
[-0.7673418   0.74368073  0.38542607  0.48343812]
[-0.73962826 -0.48149971  0.35011622  1.18022867]
[ 0.25254329 -1.17328658  2.29714108  0.06945557]
[ 1.35465269  1.66013621  1.01304936 -0.12255   ]
[ 1.33804806 -0.02070169 -1.86958237 -0.06986782]
[ 1.33276765 -0.79140817  0.62637272 -1.75439628]
[ 1.3942538  -0.26633092 -1.45391443 -0.96028338]
[-0.2189541  -1.61367794  1.9124763  -1.32821558]
[ 1.2519467  -0.17865797 -2.27967658 -1.06169562]
[ 1.33409043 -0.27057152  0.74692998  0.44180567]
[ 1.43585598 -0.34818937 -0.30129206 -0.36430322]
[-0.78719253  1.38502863  0.38715874 -0.62931082]
[-0.7897839   0.39940358 -0.95187449  1.17653404]
[ 1.42655565 -0.42560068 -0.9901259  -1.62641756]
[-0.78801621 -0.85969936 -1.31024186  0.4288706 ]
[-0.77711191 -0.04332798  0.06233182  1.21720994]
[-0.67896673 -1.17305278  0.63350218  0.37562044]
[-0.79883869 -1.15475245 -1.14269746 -0.54004362]
[ 1.42127242  0.14595011 -1.1663243   0.5583795 ]
[-0.72785024 -1.33331625  0.33542094 -0.21995907]
[-0.79581717  1.29666975 -0.68129825  0.03069942]
[-0.55121997 -0.92853537  1.21508818  0.84006844]
[-0.79455384 -1.47596028 -0.26319736 -1.8243069 ]
[-0.80938991  1.6525687  -0.14677677 -0.9527517 ]
[-0.55283725 -0.10842868  1.37077277  1.03681705]
[-0.60822403 -1.68852636  0.97385046 -2.99774534]
[ 1.42662928  0.64565036  0.1527674   0.99381619]
[-0.78868422 -0.55189451 -0.22041115  1.14948333]
[-0.75962735 -1.42909608  0.09970509 -0.85869199]
[ 1.30766872 -0.55692018  0.84752163 -0.18189349]
[-0.8120459   2.15911218  0.09889106 -2.45945884]
[-0.7280479   1.85493057  1.10487393 -2.15669033]
[-0.78781815  1.66230906 -0.75656041 -0.63738775]
[-0.79074783 -1.29211658 -0.26716158 -0.41695585]
[-0.71629342  0.24894917  0.68807757  0.93966773]
[-0.80969065  1.86524941  0.04931111 -1.58803428]
[ 1.3657516  -0.63224439  0.45638452 -0.89695607]
[ 1.25247924  0.49640223  1.30445779  0.90509335]
[ 1.42959319 -0.14512288 -1.04680168 -0.10867802]
[-0.39076106  0.86861176  2.05069814 -0.16860265]

Populations

0.0145113735159
0.0156124441966
0.0161522262588
0.018261246465
0.020565514797
0.0156827887466
0.0111366348806
0.00237256995744
0.00575308168692
0.00577717674192
0.00392463331222
0.00750147724208
0.00326054780355
0.0154871466199
0.0210308425789
0.0188896353188
0.00819348894963
0.00735416209128
0.00545217777225
0.00737656842318
0.00910816253793
0.015433637186
0.00927635767813
0.00612513541408
0.00990289861711
0.00723802445461
0.00885772832663
0.0214691184067
0.00614405744082
0.00874978195783
0.0123931675599
0.0139460727479
0.0105147641608
0.00634580729759
0.00236954464363
0.0144323757148
0.0143322209972
0.022140158751
0.00421657123255
0.00926879519994
0.0102084572825
0.00339577346898
0.00377147771767
0.0140808129703
0.00271032701923
0.017135019078
0.014257596415
0.0151909599794
0.0124341290922
0.00779002905064
0.00106095634298
0.00329736194168
0.00709656669952
0.00326421649922
0.00523704268779
0.0101792805551
0.00380820078763
0.00947798819475
0.00769088375549
0.00332426204691
0.0134778509332
0.00918656717825
0.00761943724003
0.00853550660319
0.0134001106196
0.00287749179722
0.0158882032894
0.00228226292848
0.0063084032459
0.0158134686025
0.0210708704374
0.0100478453013
0.0145462976219
0.0128105347588
0.0112885838881
0.010930818043
0.0100614669441
0.00826016233511
0.0170301493343
0.0115534989939
0.0105162392576
0.00578912384888
0.00645794632417
0.00991212856663
0.00726677223105
0.00372007983043
0.0148634185984
0.0142389276115
0.0110303141363
0.00719828111584
0.00408547542301
0.0061395773087
0.00603846791248
0.0123015140619
0.0125400345191
0.00711027249917
0.00978806875803
0.0103083789852
0.0220618855617
0.00367210408541

State labels

0
1
2
3
4
5
6
7
8
9
10
11
12
13
14
15
16
17
18
19
20
21
22
23
24
25
26
27
28
29
30
31
32
33
34
35
36
37
38
39
40
41
42
43
44
45
46
47
48
49
50
51
52
53
54
55
56
57
58
59
60
61
62
63
64
65
66
67
68
69
70
71
72
73
74
75
76
77
78
79
80
81
82
83
84
85
86
87
88
89
90
91
92
93
94
95
96
97
98
99

Eigen values

1.0
0.954606386772
0.240876645468
0.150724378289
0.14522009308
0.131672781214
0.129559741051
0.124041792403
0.12139013218
0.117528277427
0.116251041806
0.112527251846
0.110298063156
0.109231056833
0.101693913945
0.0986351298495
0.0922745816382
0.0878469107951
0.0864693497047
0.0817964103855
0.0775259197247

Left eigenvectors

[  1.45113735e-02  -1.62819160e-02   8.19210863e-04   2.98067982e-02
  -8.65306890e-03  -1.85069241e-02   2.11572123e-02   1.19462152e-03
  -1.22534700e-02   3.77432759e-03   1.98469097e-02   1.45049818e-02
   1.26161560e-02   4.70007890e-03  -8.38248526e-05  -1.54104389e-02
  -5.18179056e-03   1.06853693e-03  -2.96473301e-04   4.92696414e-03
  -7.45526596e-03]
[ 0.01561244  0.01509732  0.02019949 -0.00329479  0.00057127 -0.00130432
  0.00466547 -0.00378769  0.00390669 -0.00893373  0.01258484  0.00691862
 -0.00227042 -0.02312147  0.0162662   0.0074812   0.00137235  0.00644885
  0.00328662 -0.00807611 -0.00329443]
[  1.61522263e-02   1.44636172e-02  -1.92017220e-02   3.00449641e-03
   2.50130044e-02  -9.83178234e-03   7.93312428e-03   4.46968581e-03
  -1.40804174e-02   3.54649389e-03  -8.44822674e-03  -3.29022357e-02
   7.57024934e-03  -4.82755063e-03   1.21333156e-02  -9.70596538e-03
  -3.11693908e-05  -1.03691455e-02   4.55795625e-04   4.12219819e-03
  -7.59193579e-04]
[  1.82612465e-02  -1.99466861e-02   2.25376265e-05   4.50975923e-03
  -2.47447085e-03   5.90003229e-03  -2.10617328e-02  -1.27027512e-02
   1.62819529e-02   2.11387790e-02   1.75415253e-02  -2.54871441e-02
   1.50298515e-03  -2.82914119e-03   3.57772685e-04   3.52059513e-03
   1.45239929e-02   8.79517701e-03  -6.31974203e-03   5.86394554e-05
  -1.02444642e-02]
[  2.05655148e-02  -2.34068552e-02   1.05426733e-03   1.28477337e-02
  -1.91222688e-05  -1.16548757e-03   7.77392389e-04   4.50245444e-03
   9.12204774e-03  -2.91907723e-02  -3.13043558e-02   8.80126639e-03
   2.94938892e-02  -1.67302981e-02  -1.01328295e-02   1.97922666e-02
   1.81784218e-02  -2.86607730e-02   1.82206292e-02   4.63671421e-03
   6.74836459e-03]
[ 0.01568279  0.01454607  0.00496441 -0.00022191  0.0014479  -0.00381303
  0.00352681  0.00290306 -0.00191663  0.00863744 -0.00642896 -0.00612348
 -0.00060444 -0.00347222 -0.01232035  0.00172558  0.00034165  0.00988566
  0.00590976 -0.00262657  0.00769291]
[ 0.01113663  0.01042321 -0.01227445 -0.00213248 -0.01259062 -0.00538968
 -0.00264052  0.00666447 -0.00504006  0.00413274 -0.00310287  0.007846
  0.00077517 -0.0108937   0.02832827  0.02442067 -0.00872768 -0.00026069
  0.00321893  0.01189309 -0.02038235]
[ 0.00237257  0.00216612  0.00400397 -0.00084721 -0.00650973  0.00118738
 -0.00668545  0.00087174  0.00102893 -0.005148    0.00579966  0.00975767
 -0.00057988  0.0056397  -0.0016827   0.00302596 -0.00473155 -0.00335371
  0.00683964  0.00984966 -0.00648301]
[  5.75308169e-03   4.54284647e-03  -8.70428227e-03   6.27220471e-04
  -1.09361434e-02  -8.76607050e-05  -3.80873027e-03   8.65109818e-04
   2.67502417e-03   9.76423600e-04   8.38392331e-04   9.04252526e-03
   2.85997242e-03   3.20205631e-03  -2.75100559e-03   2.94184832e-03
   3.56153674e-03  -5.60681365e-04   4.70923430e-03   5.41074549e-03
  -6.71354736e-03]
[ 0.00577718  0.00539989  0.00973804 -0.00267155 -0.00574295  0.00216785
  0.01188309 -0.00833088  0.00580657 -0.0076964  -0.00276189 -0.01503398
  0.00961991  0.01588742  0.00688022 -0.00058563  0.00556006  0.00287324
 -0.00287941 -0.00495932  0.01335685]
[ 0.00392463  0.00375645  0.00575958  0.00352476  0.00993924 -0.00208235
 -0.00421848  0.00320511 -0.00543715  0.00569405 -0.00440487  0.00104994
  0.00107226 -0.0044403   0.01094716 -0.00444033 -0.00235349 -0.00486693
 -0.00079171 -0.00525806 -0.00992361]
[ 0.00750148  0.00714048  0.00805356 -0.00187    -0.00214468 -0.00235267
  0.00969904 -0.00071743  0.00221043  0.00387151 -0.00457978 -0.00871047
  0.00118796 -0.01249015  0.00157621  0.007115   -0.00051048  0.00949414
  0.00207371 -0.00720831  0.00521058]
[ 0.00326055  0.00291729 -0.00515953  0.0012314   0.01123708  0.0017137
  0.00321945 -0.00459801  0.0064473  -0.00539488  0.00627335  0.00229225
  0.00113653  0.00811495  0.0069945   0.00275839  0.00175842 -0.00315612
 -0.00804123 -0.00183377  0.00370298]
[  1.54871466e-02  -1.66103475e-02   3.28780673e-05  -9.71130373e-03
   2.48446327e-03   2.69572464e-03  -6.87807083e-03  -7.08367963e-03
   4.01064384e-03   2.06499082e-02   2.49830488e-02  -1.57558587e-02
  -1.24931462e-02   3.53098905e-03   8.49736212e-03  -6.57875398e-03
   1.32739260e-02   1.75838374e-03  -9.15378214e-03   2.73713192e-03
  -1.84936784e-02]
[  2.10308426e-02  -2.36924294e-02   1.64236457e-03  -5.89830137e-03
  -6.91766853e-05  -3.51724673e-02   4.77264054e-03  -7.17803005e-03
   7.54269900e-05   1.27533392e-02   1.79033011e-02  -2.84355963e-03
  -1.69857480e-02   6.42815413e-03   2.74430787e-03  -5.16630426e-03
   1.94942886e-02  -1.08902761e-02  -1.35836997e-02  -5.74679929e-03
  -7.37709126e-03]
[  1.88896353e-02   1.74227407e-02  -1.96838868e-02  -3.48861362e-03
  -2.01023643e-03   2.78708420e-03   2.78702061e-03  -4.23360588e-03
  -1.21324660e-05  -1.60211144e-02   1.46858221e-03  -1.23753080e-02
   7.05513950e-03   2.61875714e-02  -9.96170851e-03  -3.21116008e-03
   9.10650560e-03   1.30107308e-02   3.38951624e-03  -1.35695978e-02
  -1.23721775e-02]
[  8.19348895e-03   7.41388979e-03  -1.88213700e-03   6.59696334e-03
   2.42742445e-02  -2.58558239e-03  -5.19259863e-03   3.63366511e-03
  -9.72808082e-03   7.06118535e-03  -1.13089725e-02  -4.67604426e-03
   5.19426308e-03  -3.66878962e-03   5.69824982e-03  -2.12047042e-02
   6.48125594e-03   1.60256553e-04   4.64782397e-03  -7.84697034e-05
  -5.06610253e-03]
[ 0.00735416  0.00646477 -0.01319584 -0.00249765 -0.01624521  0.00335598
 -0.01091016  0.00826528 -0.00119548  0.00321829  0.0021777   0.01250059
 -0.00835546 -0.00136189 -0.01275686  0.0074355   0.00713171  0.00820826
 -0.01236303  0.00815265  0.02055818]
[ 0.00545218  0.00120309 -0.0010132   0.00103013  0.00434324  0.00067945
 -0.01483834 -0.00444147 -0.00039286 -0.00169954  0.00263815  0.00643343
  0.0025765   0.00118505  0.00139025 -0.01026589 -0.01753892 -0.01067177
  0.00317929  0.00275271 -0.00546512]
[ 0.00737657 -0.00852129  0.0011185  -0.00591248  0.00179963 -0.01228509
 -0.00738535 -0.0001287   0.01176258 -0.00722293 -0.01024343 -0.00264382
  0.0011566  -0.00584992 -0.00255151  0.00420602 -0.00257815  0.02320059
 -0.02865461 -0.0046932   0.00266638]
[ 0.00910816  0.00850812  0.02152593  0.00421899  0.01479194 -0.00272522
  0.01039639 -0.00166998  0.00748233  0.02304857 -0.00368261  0.00080667
 -0.0063721  -0.01943805 -0.00401593  0.01127583 -0.00782999  0.00533602
  0.01101537  0.02056993  0.00910877]
[ 0.01543364  0.01438362 -0.00588864  0.00078279  0.01620711  0.0025496
  0.00040046 -0.0088682   0.00979457 -0.02002297  0.00916666  0.00528481
  0.0114142   0.03751955  0.01398387 -0.00681982  0.00773915  0.00381871
  0.00834265  0.01449658  0.00289319]
[ 0.00927636  0.00889409  0.01341834 -0.00141223 -0.00229748 -0.00109629
  0.00246313  0.00024173 -0.00966167  0.00346023 -0.01406458 -0.01742258
  0.00548883 -0.00468434  0.00240005 -0.02771037  0.00321583 -0.00805022
 -0.01560874  0.01244649  0.00426316]
[ 0.00612514  0.00519717 -0.0131957  -0.00263609 -0.00100615 -0.00227862
  0.0108728  -0.0054005   0.00051904 -0.00267486  0.00206879 -0.01013996
  0.00484525  0.0012909   0.00423289  0.0078816  -0.00593941  0.00398878
  0.01560261  0.00227637  0.01067911]
[ 0.0099029   0.00925753  0.0107801   0.00574141  0.02194518 -0.00123304
  0.00064497  0.00108849  0.00118572  0.00596148 -0.00011871  0.00981515
 -0.00301346 -0.01070549 -0.00395952 -0.00609939  0.00109072  0.00133717
  0.00956997 -0.00393637 -0.01924498]
[ 0.00723802 -0.00829241  0.00084552 -0.00722871  0.00154624  0.00310407
  0.00863416  0.02836182  0.01058661 -0.00201184  0.00100389 -0.00224625
 -0.01517346  0.00627326  0.00731933 -0.0089925  -0.01185906  0.0080285
 -0.00050103 -0.00460802  0.0044497 ]
[  8.85772833e-03  -8.76323760e-03  -1.79301036e-03  -1.53163305e-03
   4.35178307e-03   1.62841343e-02  -1.08924058e-02  -1.62377347e-02
  -3.54390753e-03  -1.73123660e-02  -2.16804224e-02   8.27906230e-03
   2.06893814e-03   2.23582565e-03  -1.29097733e-07  -9.14700624e-03
  -2.54588139e-02   4.54026466e-03   1.04869721e-02   7.19829285e-03
   6.79653276e-04]
[ 0.02146912 -0.0237867   0.00065254 -0.02093759  0.0028918   0.01488683
 -0.00385336  0.01364926  0.00579179  0.00742438  0.00472893  0.00110323
  0.02089019 -0.00178887 -0.00699948  0.00554408  0.00444377 -0.01309291
  0.01293037  0.00465298  0.00370355]
[  6.14405744e-03  -6.94261839e-03  -3.98751411e-06  -1.02882096e-02
   2.02057798e-03   8.11736524e-03   2.34794618e-03   3.62248978e-03
  -4.78527296e-03   6.00073490e-03   5.28242347e-03  -1.71370280e-03
  -1.19815772e-02   5.15663489e-03   3.64769646e-03  -3.43217607e-03
  -1.90606471e-03  -7.40847179e-03   1.07165457e-02  -1.27273890e-03
   2.87265747e-03]
[ 0.00874978 -0.00877413  0.00199438  0.01566791 -0.00129799  0.02599577
 -0.00050698 -0.00217255 -0.00065972  0.00277635  0.0050305  -0.00874633
  0.0112525  -0.00898862 -0.00279453  0.00719966  0.00970502  0.00336134
 -0.01063983  0.00315443 -0.00415337]
[ 0.01239317  0.01141874  0.0183669   0.00284819 -0.01175785  0.00119038
 -0.0158076   0.00577498 -0.01004293 -0.00933276 -0.00022375 -0.0032899
  0.00394641  0.02881717  0.00397687  0.00297802  0.0064043  -0.0074927
 -0.01830588 -0.00535394  0.00307682]
[ 0.01394607  0.01244511 -0.02201979  0.00105571 -0.018959   -0.00010311
 -0.0071149   0.01241634 -0.01311052  0.00680433 -0.0138761  -0.00700674
  0.00059211  0.02282262 -0.00342713  0.00842119 -0.00198131 -0.00223469
  0.00271791  0.00266034 -0.01470376]
[ 0.01051476 -0.01108874 -0.00065547  0.03630993 -0.00453714  0.03904714
 -0.01747245 -0.01986022  0.00649451 -0.00134349 -0.00507822 -0.01526845
  0.02039695 -0.01149597 -0.00198265  0.00910609  0.00047809  0.01327138
 -0.00092303  0.0065695  -0.01602122]
[  6.34580730e-03  -4.65245800e-03  -3.01921568e-03   9.33745508e-03
  -5.57782642e-03   3.00890653e-03  -3.17601231e-03   7.56935213e-04
   1.69053289e-05   1.78554639e-02   1.04985371e-02  -6.17793460e-03
  -4.47777058e-03   7.61674894e-03   2.10705527e-03  -2.25153269e-03
  -7.34506102e-03   6.71827163e-04   1.22878768e-02  -2.13680152e-03
   1.09724942e-02]
[ 0.00236954 -0.00273797  0.00043014  0.01103548 -0.00338343  0.00136365
  0.01545144  0.00582783 -0.00958682  0.00168442  0.00879705  0.00490958
 -0.00307636  0.00229617  0.00080465 -0.00341799  0.00264717 -0.00162048
  0.00013435 -0.00109331 -0.00096392]
[ 0.01443238  0.01363449  0.02534657  0.00069357 -0.00056343 -0.00230889
  0.01266621 -0.00331025  0.00343002  0.02490689 -0.02601521 -0.00105926
  0.00216133  0.01464796 -0.00376791  0.00827337  0.00098605  0.0116266
  0.01311488 -0.00330343 -0.00817915]
[ 0.01433222  0.01375087  0.00222108 -0.00315727 -0.00166135 -0.00262125
 -0.00274002  0.00409979 -0.01075329 -0.02343656  0.01868803 -0.00583725
  0.00186798 -0.01699917  0.02335058  0.01090072  0.00189356  0.00620426
 -0.00016724 -0.00204555  0.01372422]
[ 0.02214016 -0.02511575  0.00246321 -0.01386276  0.00279395 -0.02602405
 -0.00655626 -0.01880327  0.00474067 -0.03034653 -0.03377165 -0.00177825
 -0.03161016 -0.00765079  0.00294802  0.0061443   0.01918112 -0.00841919
 -0.00237316  0.00865158 -0.01147934]
[ 0.00421657  0.00394856  0.00725842  0.00188967  0.00766051  0.00082893
 -0.00789193  0.00586685 -0.00675441  0.00112794 -0.00094251  0.00687396
 -0.0013308  -0.00313034  0.00228275 -0.0055981   0.01216465  0.00662928
  0.00156056  0.0038175   0.00152418]
[ 0.0092688   0.00888724 -0.00667641 -0.00168507 -0.00093175 -0.0004782
 -0.00232297  0.00461527 -0.00178371 -0.00838115  0.00905518  0.001056
 -0.00870979 -0.00991762 -0.03470102 -0.0022065   0.00883106  0.00762111
 -0.0007291  -0.00868019 -0.00486113]
[ 0.01020846 -0.00934177 -0.00435531 -0.00550219  0.00191362  0.01544097
 -0.01090161 -0.02396309 -0.01258974  0.01109954  0.00386557  0.00062959
 -0.02093222  0.00503349 -0.00037517  0.00315437 -0.00523327 -0.012907
  0.00546065 -0.00776726  0.02342127]
[  3.39577347e-03   2.84202507e-03   1.80338006e-03   1.60540732e-03
  -5.06698094e-03  -1.89801740e-03  -1.60634888e-03   8.52199851e-05
  -4.77523780e-03  -1.42543583e-03  -1.56272734e-03  -4.00366066e-03
   4.25219841e-03   1.03814838e-02   4.25323418e-03  -3.84390492e-03
  -4.47138410e-03  -5.08437419e-03   2.56829103e-03   1.33891795e-02
   1.59546997e-03]
[ 0.00377148  0.00348836  0.00267442 -0.00139102 -0.01257898  0.00234028
  0.00309761 -0.00078071  0.00212565  0.00601825 -0.00915858  0.0002371
  0.00318522  0.00133221  0.00233992 -0.00290375  0.00683889  0.0021134
 -0.00618579 -0.00208804  0.00700826]
[ 0.01408081  0.01329327  0.01344627 -0.00311286 -0.01530548 -0.00059048
  0.00394644 -0.00211117 -0.00203824  0.00466835 -0.01213166 -0.01079879
  0.00287952  0.01581266 -0.00350985 -0.00076979 -0.01203657 -0.01585327
 -0.01111543  0.00521735 -0.01347084]
[ 0.00271033  0.00258161  0.00275555 -0.00083597 -0.00013307 -0.00014662
  0.00125894 -0.00245247  0.00426894 -0.00388296  0.00576031  0.0048166
 -0.00049454  0.00142681 -0.00072924  0.00336503 -0.0049921  -0.00272152
  0.00600308  0.0079382  -0.00543539]
[ 0.01713502 -0.01936971  0.00252849 -0.02801378  0.01185094  0.0384169
  0.01983453  0.02692365 -0.01373235 -0.01004812 -0.01965612  0.01139897
  0.01991712 -0.00893345 -0.00636862  0.02266552  0.02538989 -0.03675229
 -0.00025033 -0.00497397  0.00662584]
[ 0.0142576   0.01313681 -0.02670293  0.01322409  0.03617433 -0.00664551
  0.00308326  0.01422073 -0.00658089  0.01374419 -0.01208445 -0.00312458
 -0.01044021  0.02004309 -0.03303279  0.02185141 -0.00223654  0.00047686
 -0.01145314  0.00402006 -0.01090218]
[ 0.01519096 -0.01672038  0.00128898  0.0052831  -0.00352093  0.00237682
 -0.00915913  0.01962452  0.02311523 -0.00260824 -0.00104332 -0.01906757
 -0.00847508  0.00035626  0.00493163  0.00518972  0.01584684 -0.01601914
  0.02229359  0.00097706  0.00174365]
[ 0.01243413 -0.01411111  0.00014157 -0.0088895   0.00145812 -0.00848001
 -0.00198357 -0.02644007 -0.01180001 -0.01081351 -0.0170815  -0.00162978
 -0.0421444   0.00104302  0.00515528  0.00407682  0.01122406 -0.01507943
  0.00553086  0.00230585  0.00363737]
[ 0.00779003  0.00737847  0.01346354  0.00250057  0.00809629  0.00017148
 -0.00535197  0.00298474 -0.00517682 -0.00349252  0.0008217   0.0020754
 -0.00038014  0.00154409 -0.01114647 -0.00944628  0.00994114  0.00727872
  0.00764889  0.0066769   0.0111966 ]
[  1.06095634e-03   9.51512454e-04  -3.30973605e-03   5.03757777e-05
  -8.23794887e-05   1.30764049e-03   1.81647050e-03  -1.77102308e-03
   6.07373355e-03   5.19894897e-03  -2.54105234e-03   7.39673775e-03
  -9.52007125e-04  -3.69893538e-03  -2.17856686e-04  -5.43028240e-03
   2.26248118e-03  -1.39576678e-03  -1.09966903e-03   4.36558131e-03
   2.79133971e-03]
[ 0.00329736 -0.00383411  0.00076379 -0.00746188  0.00189419  0.00838069
  0.00146003  0.01444158  0.00612028  0.00070242  0.00135535 -0.00204747
  0.00922246 -0.00176033 -0.00132653  0.00114174  0.0010856   0.00038432
 -0.00069616  0.00115938 -0.00133092]
[  7.09656670e-03  -6.50166767e-03  -3.23009468e-03   1.02625537e-02
   4.85683299e-05  -2.26106823e-02  -1.19581701e-02   4.38089502e-03
   9.29966518e-03   1.08779312e-03  -5.18179453e-03  -4.58209073e-03
   2.95904549e-03   8.44256673e-04  -4.88418333e-04   2.79817249e-03
  -1.77960997e-03  -1.47487762e-02   1.98886156e-02  -1.03627893e-02
   1.69441309e-02]
[  3.26421650e-03   3.01343078e-03  -2.87826924e-03   4.86996515e-04
   6.34445966e-03  -5.85602149e-05   1.96439658e-03  -2.42493869e-03
   4.76231204e-03   9.97669329e-04   3.72555042e-03   5.46589706e-03
  -4.20501878e-03  -1.56964382e-03   2.07274802e-03   7.68394297e-03
  -2.72610517e-03  -4.69391895e-03  -6.62134687e-03   2.81166405e-03
  -6.05700093e-03]
[ 0.00523704 -0.00590753  0.00014354  0.02491732 -0.00505946  0.01562059
  0.02170174  0.00386198 -0.0136186  -0.00669578 -0.00056755  0.00490387
 -0.01946925  0.00204478  0.00253062 -0.00250896 -0.00258407  0.0027925
  0.00020842 -0.00059501  0.00099795]
[ 0.01017928  0.00894171 -0.01439117  0.00205258 -0.0091276  -0.00036717
 -0.00571759  0.00771999 -0.00738586  0.00930692 -0.00329487  0.00238565
 -0.00401906 -0.01518061  0.00700548  0.01226218 -0.00586811  0.00064484
 -0.01075155 -0.0009385   0.01449356]
[ 0.0038082   0.00334845  0.00118968  0.00193244  0.0014269   0.00049111
 -0.01095914  0.00541457 -0.01127161 -0.00451726  0.00398297 -0.00424053
  0.0013783  -0.01582034  0.00467389 -0.00819627 -0.00968656 -0.00734155
 -0.00229006 -0.00868538  0.00146165]
[  9.47798819e-03  -1.04707232e-02  -6.29716682e-05   1.40469494e-02
  -2.71979127e-03  -1.25311002e-03   3.42900501e-03  -2.35557485e-02
  -1.69647707e-02  -7.41119340e-03  -1.18676178e-02   1.22548954e-02
   8.39550823e-03  -4.98061620e-03  -7.94497857e-03   6.41044777e-03
  -1.20399703e-02   1.89319732e-02  -1.43632201e-02  -1.07449155e-03
   8.45680311e-03]
[ 0.00769088  0.00684204 -0.0147228  -0.00275278 -0.01017957 -0.00358199
 -0.00067802  0.00720745 -0.01278729  0.00331852  0.00440642 -0.01649789
 -0.00068919 -0.00734364  0.00810022  0.01354869 -0.00854937  0.00192731
  0.00055187  0.03130243  0.015454  ]
[ 0.00332426  0.00314882  0.00151017  0.00112857  0.00715628 -0.00134382
  0.00661611 -0.00302079  0.00126229  0.00061047 -0.00195099 -0.00738724
  0.00291226  0.00289664  0.00112125  0.00697359 -0.0049698   0.00297905
  0.00496869 -0.00327685  0.00956119]
[  1.34778509e-02   1.26635385e-02   1.96722941e-02  -2.77950452e-03
   1.07502576e-03  -4.77681145e-05   1.25574313e-02  -8.18274927e-03
   1.62138780e-02  -2.07965160e-03   1.05152404e-02   2.71489254e-03
  -4.19518323e-03  -1.13487175e-02  -1.17294525e-02   1.64336421e-02
  -4.35641365e-03   7.25837365e-03   6.27319050e-04   1.85251130e-03
   1.38084999e-02]
[ 0.00918657  0.0086634   0.00060228 -0.00408894  0.00547038 -0.0016021
  0.01610654 -0.01150184  0.01462969 -0.01182564  0.01945167 -0.00644242
 -0.00239619 -0.01105327  0.00327515  0.02224794 -0.024415   -0.01376895
 -0.00254907 -0.00617931 -0.01178021]
[  7.61943724e-03  -2.12090773e-03  -4.98057409e-03   1.19850889e-02
   7.91933267e-03   1.12399589e-02  -1.56889625e-02   8.37304921e-05
   1.16208363e-02   4.36662076e-03   2.78245085e-04   1.66632468e-02
   5.39548667e-03   7.19699911e-03  -1.86455462e-03  -4.24681183e-03
  -2.39517140e-02  -1.78268806e-02  -1.22909472e-02  -1.35284980e-02
   2.52645863e-02]
[ 0.00853551 -0.00925083 -0.00086132  0.02788845 -0.01087467 -0.03631406
 -0.00140027 -0.00213478  0.00522779  0.00204529  0.0090998   0.00260132
  0.01946718 -0.0001705  -0.00317671 -0.00368001  0.00320964 -0.00442996
  0.00889072  0.00357247  0.00161214]
[ 0.01340011 -0.0153587   0.00069385 -0.02927642  0.00559765  0.00240117
  0.01141021 -0.01294869 -0.03065121  0.00902116  0.00699859  0.01393388
  0.01246974  0.00282092 -0.00374045  0.00304826 -0.00712147  0.00734698
  0.00246155 -0.00328227 -0.00208262]
[ 0.00287749 -0.0032476   0.00017723 -0.0020197   0.0001822  -0.00284156
  0.00369636  0.00904198  0.00345976 -0.01140341 -0.0118983   0.0009495
 -0.00956419  0.00127678  0.00291159 -0.00378563 -0.00853891  0.00526356
  0.00277788  0.00335723 -0.00109328]
[ 0.0158882  -0.01769932  0.00021211  0.01155863 -0.00435804 -0.00737897
 -0.01082347 -0.02021979  0.00602531 -0.00359323 -0.00706698 -0.0118951
 -0.02784813 -0.00217929  0.00473035  0.00440593  0.01268022  0.00164051
 -0.00547745  0.00187704 -0.00746094]
[ 0.00228226  0.00153915 -0.00426811 -0.00150708 -0.00069337  0.00266515
 -0.00170664 -0.00346909  0.00013935 -0.00235102 -0.00235101  0.00412208
  0.003156    0.00405421  0.00466504 -0.00400118  0.00271431  0.00835265
  0.01350964 -0.00893333 -0.00310553]
[  6.30840325e-03  -7.20540923e-03   5.35791579e-04  -1.06737096e-03
   8.44562332e-05   1.25225345e-02   4.68065739e-03   9.84661146e-03
   2.24049965e-03   7.24767337e-03   9.85226822e-03  -6.72011465e-03
  -8.52760563e-03   3.93301214e-03   5.96252210e-03  -6.34423638e-03
  -2.32510719e-03   4.88853893e-03   7.10477122e-04   3.38467405e-04
  -7.10157407e-03]
[ 0.01581347 -0.01723427  0.00148407 -0.01765115  0.00315068 -0.00125393
 -0.00354967  0.00870064  0.00133854  0.00944855  0.01007384  0.00044018
  0.01132901  0.00185572 -0.00473556 -0.00131819  0.00190956 -0.00185885
 -0.00447133  0.00078259  0.00493541]
[  2.10708704e-02  -2.38212554e-02   1.31643116e-03  -1.66468424e-02
   2.88143179e-03  -1.56293645e-02  -7.73184657e-03   1.21706189e-02
   1.47635664e-02  -4.36202486e-03  -5.60407992e-03   1.72608443e-04
   8.68654091e-03   1.14069938e-03   4.45823001e-05  -1.09351994e-02
  -2.35309777e-02   2.79584023e-02  -1.17192919e-02   7.49479334e-03
  -9.81459379e-03]
[ 0.01004785  0.00960845  0.00969052 -0.00315567 -0.00119194  0.00151445
  0.00752297 -0.00534097  0.00775479 -0.01149259  0.0122892  -0.00479808
 -0.00237698 -0.00444942 -0.00896226 -0.00046917 -0.00394902 -0.00629246
 -0.00077277 -0.0083681  -0.00347273]
[ 0.0145463   0.01317     0.01839208  0.00782906  0.02732867  0.00373178
 -0.02074565  0.00583864 -0.00341643 -0.0050185   0.01436583  0.02103932
 -0.00475165  0.01889164  0.01587513  0.00574636  0.0221067   0.01595861
 -0.00742459  0.01261455  0.01338855]
[ 0.01281053 -0.01445115 -0.00069391 -0.0310326   0.00417492 -0.00032737
 -0.00264944 -0.01664301 -0.01958723  0.01515224  0.00806694  0.00641086
  0.00953896  0.00624994 -0.00085147 -0.00674272 -0.02555522  0.03162715
  0.00082227  0.0034195  -0.0029707 ]
[ 0.01128858  0.0102015  -0.01389557 -0.0002522  -0.0093919  -0.00167497
 -0.01563234  0.01036046 -0.01580986 -0.00496217  0.00153693 -0.00147568
 -0.00482785 -0.00820545 -0.00831474 -0.00052912 -0.0004784   0.0070635
  0.01767646 -0.02885522 -0.01017728]
[ 0.01093082  0.00976074 -0.00297319  0.00062358 -0.00760733  0.0038435
 -0.00014614 -0.00371006  0.00188718  0.0069569  -0.00416272  0.00031007
  0.00222405 -0.00845862  0.00480886 -0.01487794 -0.00802057 -0.01118804
  0.00153591 -0.01161712  0.00751224]
[ 0.01006147  0.00902747 -0.01685316 -0.00751509  0.00186083  0.00673238
  0.01821489 -0.01991692  0.0220313  -0.00696783  0.00603707  0.00404911
  0.00226426 -0.00464702 -0.00788162 -0.02813558  0.00453614 -0.00333159
  0.00704302  0.00900784  0.00158398]
[ 0.00826016  0.00769546 -0.01480007 -0.00641211 -0.00969615  0.00046279
  0.00330974 -0.00022712 -0.00182691 -0.01181863  0.0109812  -0.01550378
 -0.00294496 -0.00950212 -0.02257163 -0.00784133 -0.00121098 -0.00474309
 -0.01294918 -0.00033691 -0.00397111]
[ 0.01703015 -0.01941335  0.00095509 -0.0025104   0.00097512 -0.00409128
  0.02425474  0.02335524 -0.00728599 -0.01175078 -0.00474214  0.0180526
  0.00999581  0.00283322  0.00014702 -0.00805719 -0.01605864  0.00426899
 -0.00177452 -0.00080867  0.00323664]
[ 0.0115535   0.01048267 -0.00967446 -0.00400525 -0.00111738  0.00333419
  0.00382793 -0.00295548 -0.0005999  -0.00179677 -0.00080914 -0.00499586
 -0.00285551 -0.00062245 -0.01313772 -0.01899824  0.00938272 -0.00035131
 -0.00737667  0.02546897  0.00619441]
[ 0.01051624  0.00991119  0.01141647 -0.00176037 -0.02151013  0.00203392
 -0.00397445  0.0032249   0.00086426  0.00718462 -0.01024738  0.00818714
 -0.0015581   0.01519457 -0.00986396  0.00315923 -0.00159087 -0.00799402
 -0.00945935 -0.0172283  -0.01979003]
[ 0.00578912  0.00490938 -0.00715161  0.00196851  0.00344752 -0.00209637
 -0.00076279  0.00147174 -0.0108852  -0.00169544 -0.00523365 -0.00967156
  0.00203601  0.0014752  -0.00889121  0.00357667 -0.00021069  0.00876185
  0.01072751 -0.00258377  0.00624681]
[ 0.00645795  0.00569746 -0.00584008  0.00496008  0.0081701  -0.00355378
 -0.00332942  0.00443321  0.00124025  0.0191347  -0.01067181  0.00905231
 -0.00662652 -0.00567589 -0.00549566  0.00637566 -0.00843753 -0.00632868
 -0.00269634  0.00851914 -0.01150464]
[ 0.00991213  0.0093038   0.01827062  0.00154646  0.01042571 -0.00054429
 -0.00661723  0.0012565  -0.00564975 -0.01672796  0.01512783 -0.00144513
 -0.00308347 -0.00508668 -0.00863151 -0.00538299  0.00308913 -0.00320847
 -0.00257135  0.0099749   0.00728161]
[  7.26677223e-03   6.36292191e-03  -5.14935927e-03   4.24772773e-03
   8.50344554e-03  -9.64661311e-05  -8.09552161e-03   5.26798069e-03
   7.84555222e-04   1.98731322e-04   1.31662311e-04   1.22360236e-02
  -2.28244506e-03  -4.36606725e-03   9.80611262e-03   8.90488142e-03
   9.70086898e-03   8.92296797e-03  -4.72207838e-03  -1.95753921e-02
   4.65905092e-03]
[  3.72007983e-03   3.28099662e-03  -8.05498857e-03   2.44064232e-03
   1.06692513e-02  -6.14124630e-05   4.80984783e-03  -2.25613891e-03
   6.95006091e-03  -6.98153025e-05  -7.39111968e-04  -8.53180903e-04
   1.85242448e-03   1.05164570e-02  -2.67027294e-03   1.23464311e-03
  -4.91264063e-03  -1.07979399e-02  -1.53306722e-02  -3.09470210e-03
  -5.10739026e-03]
[ 0.01486342 -0.01662499  0.00163332  0.01255074 -0.00379082  0.0054653
 -0.00141439  0.02212412  0.02485602 -0.01271979 -0.00630682 -0.0133916
 -0.00480497 -0.00434947  0.00449281 -0.00897997 -0.00861766  0.02122929
  0.00203503  0.0122326  -0.01721019]
[  1.42389276e-02   1.30729097e-02  -1.24226073e-02  -4.83979251e-03
  -1.14986613e-02   1.17479534e-03   3.55642280e-04  -2.40113544e-03
   3.39430989e-03  -6.37523505e-03   4.37109006e-03   1.17939344e-02
   8.29537048e-05  -1.79029456e-03   3.01271067e-02   9.57123782e-03
   7.67126145e-03   7.94737131e-03  -6.33312272e-04  -1.14029018e-02
  -1.40156437e-02]
[ 0.01103031  0.01039221 -0.0148423  -0.00597428 -0.01995623  0.00422567
  0.00660018 -0.00544171  0.0169871   0.01254272 -0.00785433  0.02327023
 -0.00186239 -0.01945446  0.00975227 -0.02195782  0.0113884  -0.00294048
 -0.00304996  0.00799754  0.00197447]
[ 0.00719828 -0.00761936  0.00031566  0.01096462 -0.00181039  0.00685071
 -0.00061257  0.0035998   0.00614722  0.00233784  0.00257294 -0.003189
 -0.02094867  0.00525878  0.00509254 -0.00264543 -0.00613167  0.00321908
 -0.00513685 -0.01155385  0.00952123]
[ 0.00408548  0.0039716   0.0159168  -0.00100042 -0.00707547  0.0008532
  0.00638237 -0.00458338  0.00694149  0.01067449 -0.0074817   0.00146823
 -0.00018919  0.00808755 -0.00146927  0.00666435 -0.00306727 -0.00051275
 -0.00036218 -0.00482708  0.00027734]
[ 0.00613958  0.00576956  0.00772304 -0.0017158  -0.01117395 -0.00044517
  0.00436345 -0.00166514  0.00109639  0.01000927 -0.0077928  -0.00507043
  0.00154611 -0.00407801  0.00494968 -0.0047867  -0.0064205  -0.00897639
 -0.00346008 -0.00871256  0.00122555]
[ 0.00603847  0.00569584  0.01054669 -0.00138998 -0.00985817 -0.00028779
 -0.00706753  0.00413327 -0.00640366 -0.00012762 -0.00153638  0.0026574
 -0.00110222  0.00320988  0.00300481  0.00362303  0.00220704  0.0003407
 -0.00173179  0.00143513 -0.00122641]
[ 0.01230151  0.01124795 -0.02309119 -0.00225395  0.00054522  0.00286226
  0.00956021 -0.00732657  0.01428843  0.00383455 -0.00431771  0.0134512
  0.0053633   0.00104851  0.02151039 -0.00515274  0.0174662   0.00982174
  0.00549458 -0.01362262  0.00310532]
[ 0.01254003  0.01164226  0.01123108 -0.00253787 -0.00671797  0.0028386
 -0.00033353 -0.00332069  0.0051607  -0.00610134  0.00646266 -0.00010554
 -0.00587345 -0.00858179 -0.0329152  -0.01412112 -0.00582391  0.00042838
  0.01789456 -0.02281199 -0.00592508]
[ 0.00711027  0.00670836  0.00923984 -0.00288566 -0.00637837 -0.00035133
 -0.00682884  0.00149524 -0.00828047 -0.01047076  0.00574456 -0.00345256
  0.00254091 -0.00698104  0.01186763 -0.01109699 -0.00366968 -0.01099043
 -0.01367146  0.00064059 -0.00271669]
[ 0.00978807 -0.0109001   0.00059345  0.00122922 -0.00111803 -0.01806101
 -0.00161297  0.01326866  0.01036699  0.00115721  0.00538776  0.00623315
  0.01303869  0.00120009 -0.00353339 -0.00222537 -0.00825852  0.00729074
 -0.0095915  -0.00947534  0.01416963]
[  1.03083790e-02  -1.10086375e-02  -1.40024520e-03  -1.31655224e-02
   1.11579895e-03   3.29129759e-03  -1.17717924e-02  -6.22484734e-03
   1.94958832e-03   1.79329018e-02   1.42115752e-02  -9.13854697e-03
   7.27502336e-03   3.05201613e-03  -9.22841835e-05  -2.91262365e-04
   6.31503411e-03  -4.87633116e-03   8.26083753e-03  -1.53256873e-03
  -2.91066706e-03]
[  2.20618856e-02  -2.46677546e-02   6.29226038e-05  -2.20034739e-03
  -4.75959791e-04  -2.35878040e-02   2.09038307e-02  -1.72505905e-02
  -3.18638784e-02   9.12998815e-04   7.61226780e-03   2.14012527e-02
   2.15108905e-02  -4.93357880e-03  -6.13244658e-03   9.37253572e-03
   1.97133624e-02  -1.35934427e-02  -9.78883371e-03  -5.01848656e-03
  -8.20983820e-03]
[ 0.0036721   0.00246553  0.00587037 -0.00115395 -0.00582262  0.00121435
 -0.00829898  0.00433001  0.00296273 -0.00264171  0.00751293  0.0087157
 -0.00576197  0.00409861 -0.00838506  0.00431285  0.00155568 -0.00074158
  0.00516827  0.0078078   0.0032101 ]

Right eigenvectors

[ 1.         -1.12201067  0.05645302  2.05403012 -0.59629565 -1.27533924
  1.45797449  0.08232312 -0.84440456  0.26009444  1.36767961  0.99955954
  0.86939778  0.32388932 -0.00577649 -1.06195591 -0.35708478  0.07363444
 -0.02043041  0.33952431 -0.51375329]
[ 1.          0.96700531  1.29380713 -0.21103637  0.03659069 -0.08354385
  0.29883005 -0.2426072   0.25022907 -0.57221873  0.80607757  0.44314758
 -0.14542369 -1.480964    1.04187422  0.47918159  0.08790096  0.41305862
  0.21051254 -0.51728685 -0.21101333]
[  1.00000000e+00   8.95456575e-01  -1.18879724e+00   1.86011288e-01
   1.54857937e+00  -6.08695184e-01   4.91147422e-01   2.76722586e-01
  -8.71732302e-01   2.19566878e-01  -5.23037915e-01  -2.03700934e+00
   4.68681482e-01  -2.98878343e-01   7.51185339e-01  -6.00905734e-01
  -1.92972723e-03  -6.41963857e-01   2.82187494e-02   2.55209290e-01
  -4.70024111e-02]
[  1.00000000e+00  -1.09229598e+00   1.23417788e-03   2.46957908e-01
  -1.35503940e-01   3.23090338e-01  -1.15335680e+00  -6.95612495e-01
   8.91612351e-01   1.15757591e+00   9.60587510e-01  -1.39569575e+00
   8.23046308e-02  -1.54925963e-01   1.95919093e-02   1.92790516e-01
   7.95345101e-01   4.81630705e-01  -3.46073968e-01   3.21114200e-03
  -5.60994796e-01]
[  1.00000000e+00  -1.13816043e+00   5.12638434e-02   6.24722202e-01
  -9.29822034e-04  -5.66719378e-02   3.78007746e-02   2.18932251e-01
   4.43560389e-01  -1.41940392e+00  -1.52217711e+00   4.27962367e-01
   1.43414300e+00  -8.13512246e-01  -4.92709742e-01   9.62400738e-01
   8.83927391e-01  -1.39363265e+00   8.85979729e-01   2.25460644e-01
   3.28139833e-01]
[ 1.          0.92751835  0.31655134 -0.01415004  0.09232383 -0.24313498
  0.22488416  0.18511133 -0.12221214  0.55075892 -0.40993708 -0.39045874
 -0.03854148 -0.22140324 -0.78559715  0.11003049  0.02178506  0.63035091
  0.37683091 -0.16748088  0.49053173]
[ 1.          0.93593897 -1.10216883 -0.19148312 -1.13055867 -0.48395907
 -0.23710251  0.59842749 -0.45256612  0.37109392 -0.27861805  0.70452204
  0.06960574 -0.97818586  2.54370138  2.19282341 -0.78369077 -0.02340874
  0.28903977  1.06792464 -1.83020733]
[ 1.          0.9129857   1.68761084 -0.35708406 -2.74374745  0.50046308
 -2.81781131  0.36742589  0.43367534 -2.16979966  2.44446178  4.11270251
 -0.24441209  2.37704382 -0.70923133  1.2753944  -1.99427023 -1.4135345
  2.88279658  4.15147489 -2.73248245]
[ 1.          0.78963705 -1.51297735  0.10902339 -1.90091919 -0.01523717
 -0.66203306  0.15037329  0.4649724   0.16972184  0.14572926  1.57177071
  0.49712008  0.55658106 -0.47817948  0.51135174  0.61906591 -0.09745757
  0.81855857  0.94049516 -1.16694803]
[ 1.          0.93469357  1.68560558 -0.46243161 -0.99407636  0.37524313
  2.05690327 -1.44203279  1.00508798 -1.33220699 -0.47806848 -2.60230655
  1.66515804  2.75003146  1.19093176 -0.10136932  0.96241763  0.49734303
 -0.49841063 -0.85843278  2.31200304]
[ 1.          0.95714675  1.46754588  0.898111    2.53252809 -0.53058438
 -1.07487264  0.81666408 -1.38539104  1.45084998 -1.12236503  0.26752687
  0.27321405 -1.13139172  2.7893463  -1.13140033 -0.5996722  -1.24009711
 -0.20172864 -1.33975787 -2.52854551]
[ 1.          0.95187592  1.07359703 -0.24928475 -0.28590114 -0.31362738
  1.29295118 -0.09563912  0.29466539  0.51610014 -0.6105177  -1.16116663
  0.15836301 -1.66502589  0.2101203   0.94847924 -0.06804995  1.26563661
  0.2764401  -0.96091872  0.69460723]
[ 1.          0.89472484 -1.58241334  0.37766522  3.44637772  0.52558574
  0.98739461 -1.4101968   1.97736665 -1.65459205  1.92401746  0.70302655
  0.34857117  2.48883029  2.14519214  0.84599027  0.53930119 -0.96797104
 -2.4662219  -0.56241039  1.13569265]
[ 1.         -1.07252471  0.00212293 -0.62705571  0.16042098  0.17406206
 -0.44411479 -0.45739088  0.25896596  1.33335783  1.61314731 -1.01735065
 -0.80667837  0.22799481  0.5486719  -0.424788    0.85709307  0.11353826
 -0.59105672  0.17673571 -1.19413078]
[ 1.         -1.12655636  0.07809314 -0.28045958 -0.0032893  -1.67242312
  0.2269353  -0.34130968  0.00358649  0.60641124  0.85128787 -0.13520902
 -0.80765894  0.30565367  0.13048968 -0.2456537   0.92693807 -0.51782405
 -0.64589422 -0.27325578 -0.35077488]
[  1.00000000e+00   9.22343939e-01  -1.04204694e+00  -1.84684011e-01
  -1.06420076e-01   1.47545686e-01   1.47542320e-01  -2.24123219e-01
  -6.42281641e-04  -8.48143128e-01   7.77453979e-02  -6.55137478e-01
   3.73492626e-01   1.38634606e+00  -5.27363729e-01  -1.69995875e-01
   4.82090069e-01   6.88776177e-01   1.79437887e-01  -7.18362083e-01
  -6.54971751e-01]
[ 1.          0.90485138 -0.2297113   0.80514704  2.96262614 -0.31556549
 -0.63374695  0.44348203 -1.18729407  0.86180446 -1.38023894 -0.57070246
  0.63395009 -0.44776891  0.69546073 -2.58799448  0.79102516  0.01955901
  0.56725822 -0.00957708 -0.61830834]
[ 1.          0.87906286 -1.79433669 -0.3396245  -2.2089816   0.45633724
 -1.48353572  1.12389211 -0.16255864  0.43761457  0.29611858  1.69979821
 -1.13615405 -0.18518574 -1.7346452   1.0110608   0.96975159  1.11613815
 -1.6810924   1.10857632  2.79544798]
[ 1.          0.22066273 -0.18583443  0.18893977  0.79660603  0.12462069
 -2.72154394 -0.81462362 -0.07205497 -0.31171733  0.48387155  1.17997385
  0.47256428  0.21735418  0.25498987 -1.88289784 -3.21686455 -1.95734015
  0.58312381  0.5048819  -1.00237372]
[ 1.         -1.15518347  0.15162815 -0.80152238  0.24396592 -1.66542105
 -1.00118991 -0.01744657  1.59458656 -0.97917237 -1.38864413 -0.35840791
  0.15679439 -0.79304132 -0.34589376  0.57018673 -0.3495051   3.14517324
 -3.88454487 -0.63623106  0.36146589]
[ 1.          0.93412046  2.36336692  0.46320973  1.62403095 -0.29920589
  1.14143685 -0.18335025  0.82149752  2.53053958 -0.40431976  0.08856612
 -0.69960319 -2.13413504 -0.44091535  1.23799161 -0.85966747  0.58585046
  1.20939572  2.25840583  1.00006712]
[ 1.          0.93196545 -0.38154603  0.05071947  1.05011572  0.16519767
  0.02594697 -0.57460224  0.63462457 -1.29735932  0.59394049  0.3424218
  0.73956656  2.43102464  0.90606457 -0.44188042  0.50144685  0.24742759
  0.54054993  0.93928448  0.18745975]
[ 1.          0.95879074  1.44650919 -0.15223933 -0.24767055 -0.1181814
  0.26552747  0.0260585  -1.04153736  0.37301652 -1.51617492 -1.87817022
  0.59170067 -0.50497654  0.25872716 -2.98720334  0.34666952 -0.86782074
 -1.68263677  1.34174295  0.45957224]
[ 1.          0.8484986  -2.15435217 -0.43037218 -0.16426555 -0.37201186
  1.77511159 -0.88169416  0.08473975 -0.43670286  0.337754   -1.65546637
  0.79104442  0.21075472  0.69106935  1.28676353 -0.96967847  0.65121511
  2.54730822  0.3716435   1.74348995]
[ 1.          0.93483006  1.08858008  0.57977078  2.21603627 -0.1245135
  0.06512985  0.10991624  0.11973433  0.60199352 -0.01198698  0.99113922
 -0.30430038 -1.0810458  -0.39983436 -0.61591929  0.11014133  0.13502845
  0.96638028 -0.39749712 -1.94336855]
[ 1.         -1.14567356  0.11681655 -0.99871298  0.21362743  0.42885663
  1.19288912  3.91844705  1.4626387  -0.27795408  0.13869667 -0.31034067
 -2.09635342  0.86670939  1.01123262 -1.24239689 -1.6384393   1.10921137
 -0.06922169 -0.63663998  0.61476679]
[  1.00000000e+00  -9.89332397e-01  -2.02423274e-01  -1.72914882e-01
   4.91297871e-01   1.83840977e+00  -1.22970647e+00  -1.83317146e+00
  -4.00092145e-01  -1.95449277e+00  -2.44762783e+00   9.34671058e-01
   2.33574351e-01   2.52415243e-01  -1.45745871e-05  -1.03265825e+00
  -2.87419222e+00   5.12576644e-01   1.18393472e+00   8.12656765e-01
   7.67299753e-02]
[ 1.         -1.1079495   0.03039428 -0.97524217  0.13469567  0.69340652
 -0.17948381  0.63576241  0.26977319  0.34581652  0.22026654  0.05138688
  0.97303443 -0.08332305 -0.32602551  0.25823519  0.20698433 -0.6098486
  0.6022776   0.21672918  0.1725061 ]
[  1.00000000e+00  -1.12997290e+00  -6.49003390e-04  -1.67449763e+00
   3.28867040e-01   1.32117340e+00   3.82149126e-01   5.89592435e-01
  -7.78845740e-01   9.76672982e-01   8.59761407e-01  -2.78920374e-01
  -1.95010827e+00   8.39288197e-01   5.93695046e-01  -5.58617185e-01
  -3.10228986e-01  -1.20579468e+00   1.74421313e+00  -2.07149578e-01
   4.67550555e-01]
[ 1.         -1.00278254  0.22793442  1.79066319 -0.14834574  2.97101879
 -0.05794164 -0.2482981  -0.07539817  0.31730555  0.5749284  -0.99960577
  1.28603207 -1.02729684 -0.31938232  0.8228386   1.10917235  0.38416323
 -1.2160113   0.36051544 -0.47468226]
[ 1.          0.92137354  1.48201808  0.22981949 -0.94873617  0.09605095
 -1.27550909  0.4659812  -0.81036059 -0.75305661 -0.01805451 -0.26546084
  0.3184347   2.32524663  0.32089216  0.2402953   0.51676059 -0.60458328
 -1.47709493 -0.4320075   0.24826705]
[ 1.          0.89237376 -1.57892398  0.07569926 -1.35945114 -0.00739326
 -0.51017213  0.89031112 -0.94008677  0.48790292 -0.99498282 -0.5024169
  0.04245727  1.63649114 -0.24574161  0.60383931 -0.14206947 -0.16023795
  0.19488696  0.19075908 -1.05432954]
[ 1.         -1.05458725 -0.06233793  3.45323269 -0.43150143  3.71355384
 -1.66170671 -1.88879327  0.6176566  -0.1277721  -0.4829605  -1.45209612
  1.9398395  -1.09331684 -0.18855883  0.86602889  0.04546822  1.26216587
 -0.08778402  0.62478829 -1.52368764]
[  1.00000000e+00  -7.33154630e-01  -4.75781179e-01   1.47143691e+00
  -8.78978222e-01   4.74156619e-01  -5.00489876e-01   1.19281153e-01
   2.66401548e-03   2.81374190e+00   1.65440528e+00  -9.73545889e-01
  -7.05626625e-01   1.20028053e+00   3.32038962e-01  -3.54806345e-01
  -1.15746676e+00   1.05869455e-01   1.93637724e+00  -3.36726506e-01
   1.72909351e+00]
[ 1.         -1.15548527  0.18152848  4.65721396 -1.42788403  0.57549156
  6.52084906  2.45947307 -4.04584727  0.71086082  3.71254805  2.07195253
 -1.29829013  0.96903295  0.3395816  -1.44246719  1.11716601 -0.68387817
  0.05669836 -0.46140277 -0.40679727]
[ 1.          0.94471528  1.7562298   0.04805683 -0.03903939 -0.15997959
  0.87762464 -0.22936255  0.2376612   1.72576506 -1.80255894 -0.07339482
  0.14975588  1.01493725 -0.26107371  0.57325048  0.0683223   0.80559153
  0.90871259 -0.22889037 -0.56672223]
[ 1.          0.9594378   0.15497137 -0.22029142 -0.11591722 -0.18289183
 -0.19117896  0.2860542  -0.75028771 -1.63523583  1.30391752 -0.40728174
  0.13033448 -1.18608071  1.62923681  0.76057426  0.13211904  0.43288866
 -0.01166901 -0.14272356  0.95757836]
[ 1.         -1.13439793  0.11125546 -0.62613663  0.12619371 -1.17542272
 -0.29612509 -0.8492835   0.21412097 -1.37065557 -1.52535737 -0.08031775
 -1.4277295  -0.34556189  0.13315257  0.27751851  0.86634959 -0.38026798
 -0.10718794  0.39076436 -0.51848477]
[ 1.          0.93643897  1.72140277  0.4481525   1.81676278  0.19658859
 -1.87164652  1.3913798  -1.60187368  0.26750217 -0.22352562  1.63022498
 -0.31561301 -0.7423909   0.54137648 -1.32764279  2.88496152  1.57219636
  0.37010179  0.90535752  0.36147368]
[ 1.          0.95883423 -0.72031017 -0.18180015 -0.10052512 -0.05159285
 -0.25062281  0.49793593 -0.192442   -0.90423253  0.97695308  0.11393062
 -0.93968903 -1.07000048 -3.74385415 -0.23805702  0.95277333  0.82223352
 -0.07866157 -0.93649587 -0.52446139]
[ 1.         -0.91510143 -0.42663756 -0.53898393  0.1874548   1.51256654
 -1.06789948 -2.34737633 -1.23326556  1.08728895  0.37866365  0.06167359
 -2.05047874  0.49307046 -0.03675137  0.30899607 -0.51264028 -1.26434357
  0.53491411 -0.76086519  2.29430025]
[ 1.          0.83693011  0.53106607  0.47276632 -1.49214339 -0.55893522
 -0.47304359  0.0250959  -1.40622979 -0.41976765 -0.46019776 -1.17901288
  1.2522032   3.05717796  1.25250822 -1.13196742 -1.31674982 -1.49726542
  0.75631989  3.94289536  0.46983993]
[ 1.          0.92493297  0.70911802 -0.36882641 -3.33529157  0.62051946
  0.82132611 -0.20700248  0.56361171  1.5957274  -2.4283789   0.0628675
  0.84455379  0.35323337  0.62042481 -0.76992428  1.81331961  0.56036497
 -1.64015093 -0.55363912  1.85822697]
[ 1.          0.94406954  0.95493544 -0.22107081 -1.08697383 -0.04193494
  0.28027045 -0.14993218 -0.14475272  0.33153978 -0.86157414 -0.76691523
  0.2044997   1.12299358 -0.24926445 -0.05466967 -0.85482067 -1.12587758
 -0.78940276  0.37052919 -0.95668071]
[ 1.          0.95250726  1.0166837  -0.30844028 -0.04909774 -0.05409636
  0.46449656 -0.90486183  1.57506389 -1.43265439  2.12531924  1.77712693
 -0.18246488  0.52643341 -0.26905987  1.24155733 -1.8418821  -1.00413082
  2.21489234  2.92887083 -2.00543565]
[ 1.         -1.13041676  0.1475627  -1.63488485  0.69162096  2.24201112
  1.15754342  1.57126474 -0.80142041 -0.58640825 -1.14713138  0.66524425
  1.16236359 -0.5213562  -0.37167252  1.32276021  1.48175433 -2.14486427
 -0.01460945 -0.29028107  0.38668421]
[ 1.          0.92139    -1.87289158  0.92751201  2.5371971  -0.46610313
  0.21625404  0.99741431 -0.46157096  0.96399057 -0.84757981 -0.21915227
 -0.73225628  1.40578308 -2.31685547  1.53261537 -0.15686665  0.03344588
 -0.80330084  0.28195915 -0.76465787]
[ 1.         -1.10067953  0.08485177  0.34777941 -0.23177789  0.15646307
 -0.6029329   1.29185496  1.52164353 -0.17169664 -0.06868057 -1.25519202
 -0.55790271  0.02345189  0.32464255  0.34163233  1.043176   -1.05451815
  1.46755663  0.06431819  0.11478209]
[ 1.         -1.13486921  0.0113857  -0.71492723  0.11726767 -0.68199508
 -0.15952599 -2.12641111 -0.94900173 -0.86966347 -1.37375953 -0.13107316
 -3.38941274  0.08388354  0.41460753  0.32787322  0.9026816  -1.21274535
  0.44481252  0.18544517  0.29253075]
[ 1.          0.94716844  1.72830424  0.32099619  1.03931443  0.02201216
 -0.68702823  0.3831488  -0.66454439 -0.44833252  0.10548156  0.26641727
 -0.04879856  0.19821307 -1.4308639  -1.21261218  1.27613601  0.9343638
  0.9818821   0.85710874  1.43729848]
[ 1.          0.89684412 -3.11957798  0.04748148 -0.07764645  1.23251112
  1.71210673 -1.66927046  5.72477236  4.90024778 -2.39505834  6.97176448
 -0.89731037 -3.48641619 -0.20533992 -5.11829015  2.13249225 -1.31557419
 -1.03648848  4.11476056  2.63096566]
[ 1.         -1.16278138  0.23163808 -2.26298491  0.57445617  2.54163479
  0.44278835  4.37973672  1.85611329  0.21302589  0.41104072 -0.62094159
  2.79692085 -0.53386117 -0.40230105  0.34625819  0.32923354  0.11655505
 -0.21112704  0.35160726 -0.40363148]
[ 1.         -0.91617087 -0.45516301  1.4461294   0.00684392 -3.18614384
 -1.68506415  0.61732598  1.31044568  0.15328442 -0.73018331 -0.64567712
  0.4169686   0.11896692 -0.0688246   0.39429947 -0.25077055 -2.07829742
  2.80256869 -1.46025392  2.3876519 ]
[ 1.          0.92317124 -0.8817642   0.14919247  1.94363936 -0.01794005
  0.60179727 -0.74288537  1.45894491  0.30563822  1.14133068  1.67448975
 -1.28821688 -0.48086388  0.63499098  2.35399306 -0.83514839 -1.43799253
 -2.02846437  0.86135955 -1.85557574]
[ 1.         -1.12802704  0.02740821  4.75789838 -0.96609193  2.98271229
  4.14389187  0.73743552 -2.60043651 -1.27854184 -0.1083727   0.93638192
 -3.71760458  0.39044549  0.48321535 -0.47907923 -0.49342117  0.53322069
  0.03979676 -0.11361528  0.19055585]
[ 1.          0.87842305 -1.41377081  0.20164291 -0.89668416 -0.03607052
 -0.56168853  0.75840232 -0.7255782   0.91430014 -0.32368376  0.23436318
 -0.39482713 -1.49132461  0.68820955  1.20462112 -0.57647582  0.06334849
 -1.05621911 -0.09219721  1.42382938]
[ 1.          0.87927305  0.31239874  0.50744242  0.37469213  0.12896002
 -2.8777745   1.42181847 -2.95982679 -1.18619149  1.04589288 -1.11352602
  0.36192917 -4.1542819   1.22732189 -2.15226762 -2.54360473 -1.92782731
 -0.60135056 -2.28070495  0.38381751]
[ 1.         -1.10474111 -0.00664399  1.48206023 -0.28695871 -0.13221266
  0.36178617 -2.48531102 -1.78991263 -0.78193739 -1.25212414  1.29298488
  0.88579011 -0.52549297 -0.8382558   0.6763511  -1.27030864  1.99746748
 -1.5154292  -0.11336705  0.89225719]
[ 1.          0.88962999 -1.91431886 -0.35792828 -1.32358924 -0.46574453
 -0.08815873  0.93714165 -1.66265575  0.43148802  0.57294076 -2.14512322
 -0.08961083 -0.9548501   1.05322324  1.76165584 -1.11162435  0.25059715
  0.07175612  4.07006943  2.0093921 ]
[ 1.          0.94722414  0.45428829  0.33949615  2.15274187 -0.40424722
  1.99024836 -0.90870861  0.37971995  0.18364083 -0.58689461 -2.22221999
  0.87606304  0.87136193  0.33729381  2.09778605 -1.49500745  0.89615478
  1.49467309 -0.9857381   2.87618348]
[ 1.          0.93958143  1.4596017  -0.20622758  0.0797624  -0.00354419
  0.93170873 -0.60712567  1.20300173 -0.15430142  0.78018673  0.20143364
 -0.311265   -0.84202723 -0.87027617  1.2193073  -0.32322762  0.53854088
  0.04654444  0.13744857  1.02453276]
[ 1.          0.94305114  0.06556094 -0.44510015  0.59547614 -0.1743955
  1.75327123 -1.25202773  1.59250886 -1.28727477  2.117404   -0.70128745
 -0.26083677 -1.20319876  0.35651481  2.42179007 -2.65768468 -1.49881289
 -0.27747848 -0.67264643 -1.28232939]
[ 1.         -0.27835491 -0.65366692  1.57296248  1.03935926  1.47516917
 -2.05907104  0.01098907  1.52515677  0.57308967  0.0365178   2.18693931
  0.70812141  0.94455783 -0.24471028 -0.55736555 -3.14350171 -2.33965843
 -1.61310433 -1.77552457  3.31580739]
[ 1.         -1.08380542 -0.10091011  3.26734544 -1.27405047 -4.25447008
 -0.16405237 -0.25010587  0.61247591  0.23962167  1.06611179  0.30476417
  2.28072948 -0.01997506 -0.37217612 -0.43114188  0.3760337  -0.51900423
  1.04161651  0.41854185  0.18887459]
[ 1.         -1.14616194  0.05177914 -2.18478932  0.41773141  0.17919047
  0.85150096 -0.96631199 -2.28738462  0.67321503  0.5222786   1.03983315
  0.93057029  0.21051465 -0.27913584  0.22748045 -0.53144887  0.54827749
  0.18369619 -0.24494347 -0.1554181 ]
[ 1.         -1.12862333  0.06159018 -0.70189485  0.06332072 -0.98751269
  1.28457673  3.1423123   1.20235361 -3.96296796 -4.13495643  0.32997555
 -3.32379273  0.44371157  1.01185058 -1.31560069 -2.96748527  1.82921801
  0.96538246  1.16672076 -0.37994343]
[ 1.         -1.11399112  0.01335036  0.72749738 -0.27429397 -0.46443046
 -0.68122663 -1.27262913  0.37923169 -0.22615712 -0.44479429 -0.74867514
 -1.75275488 -0.13716386  0.29772689  0.27730807  0.79809023  0.10325338
 -0.34474975  0.1181403  -0.46958967]
[ 1.          0.67439721 -1.87012256 -0.66034582 -0.30380717  1.16776853
 -0.74778213 -1.5200203   0.06105708 -1.0301256  -1.03012317  1.80613586
  1.38284021  1.7764011   2.04404046 -1.75316552  1.18930479  3.65981224
  5.9194065  -3.91424081 -1.36072265]
[ 1.         -1.14219224  0.08493299 -0.16919828  0.01338789  1.98505613
  0.74197181  1.56087223  0.35516113  1.1488919   1.56176893 -1.06526396
 -1.35178512  0.62345605  0.94517136 -1.00568022 -0.36857301  0.77492493
  0.11262392  0.05365342 -1.12573242]
[ 1.         -1.08984786  0.09384836 -1.11621014  0.1992403  -0.07929521
 -0.22447102  0.55020471  0.08464583  0.59749994  0.63704165  0.02783558
  0.71641551  0.11735037 -0.29946354 -0.0833588   0.12075531 -0.11754827
 -0.28275467  0.04948872  0.31210163]
[ 1.         -1.1305302   0.06247635 -0.79004057  0.13674954 -0.7417522
 -0.36694481  0.577604    0.70066239 -0.20701683 -0.26596338  0.0081918
  0.41225354  0.05413632  0.00211583 -0.51897236 -1.11675394  1.32687458
 -0.55618452  0.35569453 -0.46578967]
[ 1.          0.95626943  0.96443805 -0.31406414 -0.11862625  0.1507236
  0.74871462 -0.5315533   0.7717868  -1.14378672  1.22306793 -0.4775231
 -0.23656637 -0.44282294 -0.89195889 -0.04669332 -0.39302207 -0.62624951
 -0.07690928 -0.832825   -0.34561965]
[ 1.          0.90538536  1.26438194  0.53821648  1.87873697  0.25654498
 -1.4261806   0.40138331 -0.23486613 -0.34500163  0.98759341  1.44636921
 -0.3266571   1.2987249   1.0913517   0.39503918  1.51974727  1.09709081
 -0.51041132  0.86719994  0.92040918]
[ 1.         -1.12806739 -0.05416719 -2.42242827  0.32589704 -0.02555503
 -0.20681734 -1.29916616 -1.52899359  1.1827949   0.62971106  0.50043655
  0.74461845  0.48787482 -0.06646677 -0.52634205 -1.9948598   2.46883955
  0.06418705  0.26692888 -0.23189472]
[ 1.          0.90370059 -1.23094046 -0.02234081 -0.8319818  -0.14837749
 -1.38479156  0.91778185 -1.40051782 -0.43957436  0.13614883 -0.13072294
 -0.42767542 -0.72688049 -0.73656144 -0.0468722  -0.04237924  0.62572043
  1.56587047 -2.5561416  -0.90155549]
[ 1.          0.8929557  -0.27200093  0.05704802 -0.69595234  0.35162024
 -0.01336922 -0.3394129   0.17264745  0.63644794 -0.38082463  0.02836637
  0.20346632 -0.773832    0.43993598 -1.36110026 -0.73375757 -1.02353202
  0.14051156 -1.06278564  0.68725355]
[ 1.          0.89723238 -1.67502046 -0.74691767  0.18494576  0.66912542
  1.81036087 -1.97952482  2.18967081 -0.69252624  0.60001897  0.40243714
  0.22504277 -0.46186306 -0.78334713 -2.79636912  0.45084305 -0.33112345
  0.69999919  0.89528116  0.15743078]
[ 1.          0.93163503 -1.79174072 -0.77626968 -1.17384485  0.056027
  0.40068676 -0.02749572 -0.2211708  -1.43079899  1.32941748 -1.87693356
 -0.35652515 -1.15035563 -2.73258859 -0.9492944  -0.14660485 -0.57421318
 -1.56766602 -0.04078715 -0.48075479]
[ 1.         -1.13994017  0.05608243 -0.14740943  0.05725855 -0.24023762
  1.42422354  1.37140537 -0.42782864 -0.68999849 -0.2784558   1.06003789
  0.58694789  0.16636486  0.00863285 -0.47311324 -0.94295371  0.25067226
 -0.1041987  -0.04748479  0.1900534 ]
[ 1.          0.90731581 -0.83736156 -0.34666965 -0.09671352  0.28858702
  0.33132194 -0.25580835 -0.05192398 -0.1555171  -0.0700342  -0.43241118
 -0.24715548 -0.0538754  -1.13712028 -1.64437089  0.81211034 -0.0304073
 -0.63847945  2.20443801  0.53615011]
[ 1.          0.94246551  1.0856039  -0.16739578 -2.04542037  0.1934077
 -0.37793413  0.3066589   0.08218371  0.68319251 -0.97443402  0.77852386
 -0.14816134  1.44486738 -0.93797385  0.30041471 -0.15127715 -0.76016001
 -0.89949951 -1.63825674 -1.88185445]
[ 1.          0.84803515 -1.23535313  0.34003654  0.59551743 -0.36212151
 -0.13176254  0.25422471 -1.8802846  -0.29286592 -0.90404931 -1.67064395
  0.35169616  0.2548234  -1.53584805  0.61782593 -0.03639466  1.51350211
  1.85304563 -0.44631395  1.07905973]
[ 1.          0.88224056 -0.90432497  0.76805828  1.26512398 -0.55029551
 -0.51555458  0.68647375  0.19205025  2.96297019 -1.65250887  1.40173217
 -1.02610401 -0.87890018 -0.85099199  0.98725753 -1.30653418 -0.97998262
 -0.41752303  1.31917213 -1.78147015]
[ 1.          0.93862785  1.84325935  0.15601701  1.05181393 -0.05491126
 -0.66758956  0.12676373 -0.56998371 -1.6876259   1.52619372 -0.14579373
 -0.31108024 -0.51317768 -0.8708027  -0.54307147  0.3116516  -0.32369144
 -0.25941402  1.00633308  0.73461609]
[ 1.          0.87561874 -0.70861713  0.5845412   1.17018193 -0.01327496
 -1.11404642  0.72494094  0.10796475  0.02734795  0.0181184   1.68383199
 -0.31409338 -0.60082621  1.34944544  1.2254246   1.33496258  1.22791353
 -0.64981786 -2.69382217  0.64114448]
[ 1.          0.88196941 -2.16527304  0.65607257  2.86801677 -0.01650837
  1.2929421  -0.60647594  1.86825585 -0.01876715 -0.19868175 -0.22934478
  0.49795289  2.82694392 -0.7177999   0.33188619 -1.32057398 -2.90260973
 -4.12106    -0.83189132 -1.37292491]
[ 1.         -1.11851712  0.10988863  0.84440468 -0.25504371  0.36770119
 -0.09515893  1.48849441  1.67229477 -0.8557785  -0.4243182  -0.90097682
 -0.32327518 -0.29262913  0.30227321 -0.60416583 -0.57978984  1.42829132
  0.13691557  0.8230007  -1.15788909]
[ 1.          0.91811055 -0.87243981 -0.33989867 -0.80755107  0.08250589
  0.02497676 -0.16863176  0.23838241 -0.44773281  0.30698169  0.82828811
  0.00582584 -0.1257324   2.11582694  0.67218811  0.53875275  0.55814395
 -0.04447753 -0.80082588 -0.98431877]
[ 1.          0.94215003 -1.34559153 -0.54162383 -1.80921708  0.38309593
  0.59836743 -0.49334138  1.54003814  1.13711377 -0.71206762  2.10966116
 -0.16884288 -1.76372713  0.88413316 -1.99067956  1.03246335 -0.26658174
 -0.27650677  0.72505134  0.17900422]
[ 1.         -1.05849773  0.04385183  1.52322818 -0.25150347  0.95171539
 -0.08509962  0.50009163  0.85398384  0.32477756  0.35743783 -0.44302192
 -2.91023266  0.73056073  0.7074658  -0.36750885 -0.85182356  0.44720087
 -0.71362152 -1.6050845   1.32270821]
[ 1.          0.97212708  3.89594742 -0.24487278 -1.73186011  0.20883839
  1.56220958 -1.12187242  1.69906651  2.61279086 -1.83129341  0.35937709
 -0.04630859  1.97958649 -0.35963289  1.63123018 -0.75077337 -0.12550597
 -0.08864945 -1.18152299  0.0678839 ]
[ 1.          0.93973268  1.25791136 -0.27946504 -1.8199863  -0.07250871
  0.71070813 -0.27121394  0.17857685  1.63028686 -1.26927284 -0.82585908
  0.25182636 -0.66421653  0.80619296 -0.77964573 -1.04575611 -1.46205385
 -0.56356975 -1.41908152  0.199614  ]
[ 1.          0.94325956  1.74658312 -0.23018719 -1.63256189 -0.04765894
 -1.1704175   0.68448965 -1.06047773 -0.02113529 -0.25443153  0.44007877
 -0.1825329   0.53157133  0.49761162  0.59999078  0.36549663  0.05642103
 -0.28679289  0.2376653  -0.20309909]
[ 1.          0.91435485 -1.87710116 -0.18322536  0.04432157  0.23267521
  0.77715743 -0.59558271  1.16151783  0.31171391 -0.35098996  1.09345871
  0.43598725  0.08523414  1.74859674 -0.41887012  1.41984119  0.79841757
  0.44665904 -1.1073935   0.25243378]
[ 1.          0.92840697  0.89561809 -0.20238132 -0.53572198  0.2263634
 -0.02659744 -0.26480721  0.4115379  -0.48654892  0.51536258 -0.00841601
 -0.46837556 -0.68435102 -2.62480942 -1.12608281 -0.46442497  0.03416077
  1.42699414 -1.81913265 -0.47249319]
[ 1.          0.94347429  1.29950554 -0.4058444  -0.89706465 -0.04941227
 -0.96041895  0.21029361 -1.16457778 -1.47262371  0.80792398 -0.48557351
  0.35735791 -0.98182419  1.66908175 -1.56069855 -0.51610914 -1.54571134
 -1.92277651  0.09009297 -0.3820792 ]
[ 1.         -1.11361114  0.06062986  0.1255837  -0.1142241  -1.8452062
 -0.16478922  1.35559561  1.05914586  0.11822678  0.55044198  0.63681065
  1.33209997  0.1226077  -0.36098997 -0.22735552 -0.84373319  0.74486013
 -0.97991728 -0.9680496   1.44764311]
[ 1.         -1.067931   -0.13583563 -1.2771671   0.10824194  0.31928372
 -1.14196348 -0.60386287  0.18912657  1.73964324  1.37864307 -0.88651639
  0.70573883  0.29607139 -0.00895235 -0.02825491  0.61261175 -0.47304539
  0.80137115 -0.14867214 -0.28235934]
[ 1.         -1.11811633  0.0028521  -0.09973524 -0.02157385 -1.06916537
  0.9475088  -0.78191823 -1.44429534  0.04138354  0.34504158  0.97005547
  0.97502502 -0.22362453 -0.27796566  0.42482931  0.89354839 -0.61615054
 -0.44369887 -0.22747315 -0.37212768]
[ 1.          0.67142201  1.59863895 -0.31424893 -1.58563627  0.33069585
 -2.26000571  1.17916361  0.80682129 -0.71939966  2.04594711  2.37349022
 -1.5691182   1.11614639 -2.28344765  1.17449144  0.42364754 -0.20194964
  1.40744138  2.12624643  0.87418494]
