Cluster centers 

[-0.82434028 -1.3009108   0.16010057 -0.15145363]
[ 1.31274698 -0.11943472 -0.8474161   0.29821063]
[-0.88128296  1.76855803 -0.31214399 -1.11477435]
[-0.69944149 -0.20404704  1.18124475  0.93875921]
[-0.87608137 -1.44048388 -0.77675306 -1.75429272]
[-0.86161151 -0.11134046  0.02497577  1.27479579]
[ 1.06206805  0.61608334  1.68442317  0.53864856]
[ 1.27521833 -0.62270477  0.0592991  -1.23097156]
[ 1.26526468 -0.25753306  0.47585482  0.26020807]
[ 0.26168768 -0.40042596  2.50095285  0.50226002]
[ 1.3224378   0.23390525 -0.39943362  0.92041359]
[-0.87732819  1.06057451 -0.31548308  0.34893795]
[ 0.94722292  1.61137494  1.98144857 -0.8942648 ]
[-0.81942428 -0.70962102 -1.56090706  1.01265096]
[ 1.1109022   0.1140135  -2.19706831  0.73211894]
[-0.79529436 -1.6052066   0.05329948 -2.85273011]
[-0.7319708  -1.57403145  0.54061236 -1.57133973]
[ 1.25025615  1.11408694 -1.27734588  1.35092326]
[ 0.24402115 -1.11361501  2.24791316 -0.3527575 ]
[ 1.27144466 -0.4068808  -1.61025047 -1.57413428]
[-0.51585929  1.30530414 -2.07041368  1.07424841]
[-0.88204778  2.28226938 -0.34531761 -2.59195471]
[ 1.27899837  0.75987995  0.62980592  0.83187117]
[ 1.31024666 -0.5972967  -0.57967206 -1.96114298]
[-0.8751376  -1.24412612 -1.31757034 -0.7532247 ]
[-0.71127818 -1.29453564  0.83711085 -0.05251767]
[-0.86170296 -1.12361259 -0.1880728   0.34653932]
[-0.80233639 -0.57149662  0.54584584  1.07761101]
[ 0.99196959 -0.73865139  1.53933493 -0.41954028]
[ 1.07769368 -0.08511436  1.50745056  0.55253373]
[-0.86460991  1.81027443 -0.93080766 -0.76112577]
[-0.87704986  0.59537771 -0.24781247  0.93386457]
[-0.82987768  1.42149063  0.47295888 -0.79801685]
[ 0.33095897  0.6617982   2.57942028 -0.09524782]
[ 0.70488472  1.73718844  2.27075388 -1.52090283]
[-0.82340498  1.57892346  0.53857123 -1.19897192]
[ 1.29771378 -0.47883502 -0.06527581 -0.60828488]
[-0.82880855  0.91680447  0.50404843  0.1424651 ]
[ 1.31891186  0.68868205  0.03322329  1.03261438]
[-0.87190595 -0.34806798 -0.66760149  1.40363157]
[-0.5717961  -1.6027775   1.12704132 -1.60456785]
[-0.87760522 -0.97684662 -0.66171536  0.64760768]
[-0.7774494   1.96646351  0.79795435 -2.42504495]
[-0.80260475  0.22631726  0.67310991  0.90761113]
[ 1.32482255  0.97523373 -0.27997943  1.07523118]
[-0.83325184 -1.52055825 -0.10840956 -1.6452414 ]
[ 1.2967899   0.19450391  0.32742174  0.82985353]
[ 1.27389017  0.53693378 -1.19231259  1.2408261 ]
[ 1.13285823  1.47849555  1.44964331 -0.23979351]
[-0.85842878 -0.81412769 -0.04730927  0.95052979]
[-0.71182814 -1.49372185  0.72076275 -0.90668872]
[ 1.1908988   2.33301145 -1.41787104 -0.1293178 ]
[ 1.20301079 -0.83093332  0.46310743 -2.20846304]
[-0.85282943  2.07653415 -1.09318536 -1.31892742]
[ 1.31365176  0.6755582  -0.68306594  1.15627562]
[ 1.28435323  0.01742744 -1.1913216   0.58461942]
[ 1.27465133 -0.25389546 -1.45170228 -0.36443662]
[-0.87550524  1.4432983  -0.14116819 -0.46959174]
[ 1.3081487  -0.4553535  -1.04206207 -1.31432434]
[-0.87134968  1.9513695   0.01104237 -1.84185809]
[-0.86922812  0.51390786 -0.71444616  1.20933153]
[-0.6073128   0.29175329  1.56967009  0.50215225]
[ 1.23974581 -0.45622311 -1.82730122 -2.94938492]
[-0.75818892 -1.59463136  0.07738724 -4.00014924]
[-0.56284009 -0.89003113  1.49251105  0.6068324 ]
[-0.85937494 -1.03504394 -1.32787738  0.24792779]
[ 1.14795678 -0.47415607  1.09695836 -0.0217397 ]
[-0.09132264 -1.44469861  2.06665223 -1.14535775]
[ 1.11850013 -0.28030279 -2.46257422 -1.04211605]
[ 1.31658139 -0.11311499 -0.18425038  0.42531769]
[ 1.23188084  0.10556978  0.86193804  0.72398186]
[-0.86584816  1.1311458   0.07918414  0.01028407]
[-0.87777598 -1.26853911 -0.59399835 -0.3281495 ]
[-0.76071915  1.63993328  0.86767993 -1.53765481]
[ 0.79353107 -0.39211858  2.11749364  0.34210938]
[ 1.25899422  1.71412658  0.8162166  -0.20705977]
[-0.82708056 -1.42314775  0.04209127 -0.77042129]
[-0.80346422  0.16473527 -1.4518428   1.63424174]
[ 1.31747077 -0.30877443 -0.39402773 -0.13892444]
[-0.85187971  1.10589385 -0.99643603  0.66136302]
[-0.78536703 -1.06663286  0.53723999  0.5128187 ]
[ 1.29508099  2.06018216  0.30290573 -0.50490371]
[ 1.26796771 -0.75128052 -0.10343812 -2.91183296]
[-0.69892209  0.75035197  1.230721    0.04836172]
[-0.51069879 -1.38870472  1.46354375 -0.44057335]
[ 1.24833601 -0.45362463  0.51647914 -0.19622126]
[-0.89451789  2.71961421 -0.65259966 -3.9709842 ]
[-0.66392852 -1.65886539  0.70483091 -2.65596917]
[ 1.2518686   1.22189435  0.85773429  0.42212036]
[-0.87566589 -0.78368872 -0.78735143  1.00765036]
[ 0.8529644  -1.03522842  1.6453     -1.31164263]
[-0.8684529   1.39103175 -0.79119814  0.05179894]
[ 1.21401926 -0.62575142  0.62747152 -0.71559169]
[ 0.19334778 -0.93718212  2.26696774  0.06764286]
[ 1.18755134 -0.2303101  -2.05111367 -0.45843689]
[ 1.31292553 -0.35872157 -0.88331725 -0.58315958]
[-0.88016232 -1.49869574 -0.73425949 -2.67972867]
[ 1.31737537  1.38324467  0.09266008  0.60856811]
[-0.79388553  1.65041968 -1.53225105  0.04378955]
[-0.86160784  0.51612019  0.11220294  0.86379077]

Populations

0.0150121458023
0.0238256324
0.0136157051719
0.00784839987137
0.00668946668812
0.0213524475291
0.0135892780293
0.0093378275994
0.0197710725626
0.00383383343732
0.0224030851377
0.0121460413671
0.00506586132492
0.00636065626974
0.00751397071109
0.00312102430716
0.00459501166321
0.00374717694365
0.0075547503716
0.0122460356081
0.00242554379896
0.00535596605152
0.0110834205539
0.00838236105279
0.00683658457629
0.0074192169495
0.0174567314711
0.0154988264858
0.00794864051559
0.0167418151415
0.00772290113961
0.0109989744871
0.0142959815706
0.00652976725211
0.00479338825281
0.00685239158209
0.0132930107032
0.0171937879686
0.00770672126211
0.014992897901
0.00330805250344
0.0121132757782
0.00403907639526
0.0127646008601
0.00585861861947
0.00990413456272
0.0230231521822
0.00682874578221
0.00672871587656
0.0191353384311
0.00983818745344
0.00235826634412
0.0015633149357
0.00535203034892
0.00745154090851
0.0155657587099
0.0193612559833
0.0133911075277
0.0139666583239
0.00907541567148
0.0146474285601
0.00585704922616
0.00500697204707
0.00217901643405
0.0076183666405
0.00950693639465
0.0116053415398
0.00193130026292
0.0048483661966
0.0275392250917
0.0221828282625
0.0130220324909
0.015549454768
0.00604027771959
0.0106372900815
0.00411362882094
0.0150116607016
0.00818948265045
0.0241428608866
0.00949132571431
0.0145337617609
0.00261997424791
0.000469697224614
0.0111797791932
0.00433579862653
0.0131701493756
0.000850154571231
0.00349220853943
0.00632181139654
0.0096139677036
0.00430083925806
0.0109166681001
0.00865264704121
0.00503207338141
0.00916685359754
0.0262746022291
0.00311290504441
0.00584253878206
0.00395519482789
0.0122519318987

State labels

0
1
2
3
4
5
6
7
8
9
10
11
12
13
14
15
16
17
18
19
20
21
22
23
24
25
26
27
28
29
30
31
32
33
34
35
36
37
38
39
40
41
42
43
44
45
46
47
48
49
50
51
52
53
54
55
56
57
58
59
60
61
62
63
64
65
66
67
68
69
70
71
72
73
74
75
76
77
78
79
80
81
82
83
84
85
86
87
88
89
90
91
92
93
94
95
96
97
98
99

Eigen values

1.0
0.948613548128
0.250490581311
0.188335425168
0.15938169499
0.150562947193
0.147118703219
0.137091525316
0.13492422394
0.12438478555
0.119636415273
0.116028974137
0.108502933355
0.103636563031
0.101653524066
0.0972386424858
0.0951012890415
0.0913507745323
0.0854939808192
0.084845288812
0.0823767923679

Left eigenvectors

[ 0.01501215 -0.01505611 -0.01754072  0.00175499 -0.0013478   0.00050178
  0.00677813 -0.00226035 -0.00236308 -0.00404907 -0.00826393  0.01062437
 -0.00773515  0.00268448 -0.00136002 -0.00831406  0.00157149  0.00568327
 -0.00776674  0.00208207 -0.0149577 ]
[  2.38256324e-02   2.45060778e-02  -4.68633168e-04   9.83543439e-04
   1.66890406e-02   1.46158095e-02   2.65172270e-05  -2.75733027e-02
   2.30522586e-02   1.11978351e-02  -1.48673133e-02   2.25256046e-03
   1.97617187e-03   1.15749673e-02  -1.90283603e-03   1.97260500e-03
   1.74204132e-02   1.05176810e-02  -3.35825623e-03   2.40078603e-03
   1.30279314e-02]
[ 0.01361571 -0.01377792  0.02648547 -0.00269995  0.00012624 -0.0055896
 -0.00132678  0.00334077  0.01015017  0.0133807  -0.00472331 -0.0188659
 -0.01012712 -0.00508978 -0.01265586  0.00958195 -0.02487875  0.02495998
  0.0043866  -0.01215679  0.00857762]
[ 0.0078484  -0.00767555 -0.00049439 -0.0010299   0.00084171  0.0014858
 -0.0061213   0.00255526 -0.00165255  0.00445251  0.00401132  0.01658639
 -0.01541117 -0.00034339 -0.01502617  0.00152892  0.00331578 -0.01338596
  0.00888787  0.0147814   0.00606534]
[ 0.00668947 -0.0064107  -0.00896698 -0.00059324  0.00067292 -0.00055263
 -0.00109109  0.0008124   0.00583324  0.00728199  0.00127351 -0.00673969
  0.00437995 -0.00297498 -0.00241103  0.01625918  0.00062304  0.00117343
  0.01299821 -0.0101576  -0.00413286]
[ 0.02135245 -0.02083982 -0.01033325  0.00256983  0.00283626  0.0094922
 -0.03038743  0.00355725 -0.00108173 -0.00743623  0.0092731   0.00227334
  0.02634805 -0.00205282  0.02577484  0.01398549  0.02098226 -0.01310031
  0.004393   -0.02929894  0.00138872]
[ 0.01358928  0.013313   -0.00108582 -0.00593445  0.01798193 -0.00537193
  0.00069164 -0.00982486 -0.03022007  0.00287419 -0.00468123 -0.00165314
 -0.00395589 -0.03021897  0.01371081  0.00051061 -0.01975277 -0.00908235
  0.0011301   0.00154285 -0.00017358]
[ 0.00933783  0.00981318 -0.00050729 -0.00032177 -0.01888689 -0.0361112
 -0.0082359   0.00333545 -0.01287632 -0.00017378 -0.00046828 -0.00249776
 -0.00347502 -0.00125547  0.00039937  0.00658438  0.00214612  0.00096313
 -0.01037381 -0.00113183 -0.0105414 ]
[ 0.01977107  0.02021238  0.00112353 -0.00166002  0.00438296  0.01407972
  0.00487111  0.02145045 -0.00120484 -0.02091981 -0.00780845  0.00096942
 -0.00713365 -0.00725892 -0.00499785  0.01514028 -0.02639501 -0.01599585
 -0.00304239 -0.00562679 -0.01494811]
[ 0.00383383  0.00026675 -0.00289923 -0.00666083  0.00158337 -0.01377396
 -0.00285674  0.00135528  0.00484214  0.00230494  0.01175195  0.00061193
 -0.00076013 -0.00395655 -0.00668538  0.0055739  -0.00321853  0.00374237
 -0.00291365 -0.00352531  0.00915673]
[ 0.02240309  0.02357285  0.002053    0.01702828 -0.03153882 -0.00188888
 -0.0010919  -0.00052374 -0.00269718  0.01912297  0.01352732  0.00703565
  0.03614308  0.00905377 -0.02328015 -0.01955775 -0.02727586 -0.01261689
 -0.00102707 -0.00092275 -0.0004446 ]
[  1.21460414e-02  -1.25814921e-02   1.91815334e-02  -9.77328488e-06
  -1.78002222e-03   2.80602513e-03  -1.23129428e-02   3.49537278e-05
  -4.24596914e-04  -5.70144916e-04  -5.36103826e-03   5.40146709e-03
  -5.71404829e-04   1.93601816e-03   2.92992423e-03  -8.71873493e-03
  -7.05051195e-04   3.80317390e-03   5.42423224e-03  -6.18355119e-03
  -1.54381826e-02]
[ 0.00506586  0.00510947  0.00020251  0.00946342  0.0018581  -0.00134632
 -0.00057889 -0.00463649 -0.00958568  0.00421319  0.00933449 -0.00080727
 -0.00558041  0.00798163  0.0098271   0.00179581 -0.020865   -0.0116158
 -0.0040063  -0.00386522 -0.00683045]
[ 0.00636066 -0.00622434  0.00122197 -0.00147395  0.00199942  0.00110739
 -0.00720111  0.00191756  0.00130694  0.00117879  0.00756601  0.00838846
 -0.00496738 -0.00069897 -0.01498444  0.01192924 -0.00116505  0.0039889
  0.00235761  0.02358457 -0.00755607]
[ 0.00751397  0.00795214  0.0004812  -0.01879398 -0.02568779  0.00523031
  0.00014544  0.00979225 -0.0084731  -0.00757737 -0.00596492 -0.00457446
 -0.00114265  0.00610756 -0.00418239 -0.00173476  0.0094846  -0.00496656
  0.00512453 -0.00103957  0.02151707]
[ 0.00312102 -0.0029747  -0.00947146  0.00091425 -0.00038199  0.00056714
 -0.00095695 -0.00192232  0.00173268  0.00099417 -0.00291565 -0.00632384
  0.00029039 -0.000588    0.00022985 -0.00421746 -0.00343018  0.00575514
 -0.00040881  0.00058871 -0.00819982]
[ 0.00459501 -0.00461351 -0.00944138 -0.0005229  -0.00023549  0.00100534
 -0.01089132 -0.00980038 -0.0048985  -0.01479138  0.01075691  0.00559874
  0.00127273 -0.00168477 -0.00982198  0.00570828 -0.00224565  0.00618146
  0.00624183  0.00468511 -0.00718677]
[ 0.00374718  0.0038916   0.00021264 -0.00201387  0.00146192 -0.00372508
 -0.00182588  0.01363188 -0.02236814  0.00424138  0.00243419 -0.00219804
  0.00805053  0.00951941 -0.00553679 -0.00387683  0.00411852  0.00483285
  0.00286954 -0.00117606 -0.00758667]
[ 0.00755475  0.00352496 -0.00198941  0.01196205  0.00455416  0.00191678
  0.00070551  0.03895917  0.00976068  0.00292147  0.01184634  0.00618792
  0.02005928  0.00245112  0.00446043  0.00307671 -0.00430355  0.00573529
  0.00671951  0.01565044 -0.00225249]
[ 0.01224604  0.01287963  0.00017983 -0.0114939  -0.02261392 -0.01635836
 -0.00273385 -0.01154768  0.00619345  0.0035038  -0.00851452  0.00558997
 -0.00495982  0.02962069  0.02424982  0.01331918  0.01209023  0.01397312
  0.01937233  0.01519318 -0.00380599]
[  2.42554380e-03  -2.01761042e-03   8.59263423e-03   2.32209108e-03
   9.83051217e-05  -3.16402118e-03   1.57313736e-02  -8.27249110e-04
   1.94299949e-04  -2.23470987e-03   2.70331472e-03  -7.63762443e-03
   4.38933719e-03  -3.61276200e-03   2.29131780e-04   4.57221729e-03
  -1.92365944e-03   6.02980911e-03   2.49185784e-03   3.03561472e-03
   9.22013371e-04]
[ 0.00535597 -0.00534845  0.01487879 -0.00151318  0.00211807 -0.00019355
  0.00158148 -0.00378095 -0.00090618 -0.00877143  0.00792685  0.0135572
  0.00475681  0.00088355  0.00437538  0.0022215   0.00117211 -0.0005593
 -0.00091528 -0.00651845 -0.0021476 ]
[ 0.01108342  0.0112842   0.00052308  0.002575    0.017576   -0.01225888
 -0.00473503  0.0113537  -0.00379238 -0.0202424  -0.01632197  0.00029248
 -0.01015041  0.00636322  0.01031372  0.00149753  0.01170558  0.01403338
  0.01214985  0.00394339 -0.00515033]
[ 0.00838236  0.00881543 -0.00013323 -0.00833183  0.00266793  0.01249678
  0.00165185 -0.00466189 -0.00679233  0.01251799  0.00264904  0.00064492
  0.00552806 -0.0039734  -0.00484499 -0.0006417   0.01024476  0.00508359
 -0.00273949  0.0003831   0.0059816 ]
[  6.83658458e-03  -6.93713624e-03  -9.37586782e-03  -9.02814957e-04
  -1.26628787e-03   4.36211330e-03  -2.46306996e-02  -5.02675689e-03
   2.12877643e-03   7.10185486e-05   3.32606976e-03  -1.36997347e-02
   4.67687365e-03  -3.62668710e-03  -5.58645648e-03   1.16183863e-02
   6.83447693e-03  -1.54547662e-02   1.11356830e-02   1.08796268e-03
   1.72447164e-03]
[ 0.00741922 -0.0072355  -0.01106254 -0.00032029 -0.00038558  0.00206735
 -0.01417533  0.00471806  0.00324584  0.00282282 -0.0019477   0.00887611
 -0.00307234 -0.00072048  0.0041431   0.01061001 -0.00580573  0.00087961
 -0.00070141 -0.00578722 -0.00819305]
[ 0.01745673 -0.01685546 -0.02704344  0.00176598 -0.00382387 -0.00488621
  0.00568169  0.00179059 -0.00029474  0.00327138 -0.00327052 -0.01007268
 -0.00793416 -0.00446474 -0.00308946 -0.00974393 -0.02183843  0.02850983
 -0.00080901  0.00117217 -0.0023885 ]
[ 0.01549883 -0.01581929 -0.00174078  0.00144803 -0.00316291  0.00398268
 -0.00054174  0.00161181  0.00063134  0.00803902 -0.01999351 -0.0228441
  0.00571892  0.00391227  0.01260136 -0.02502483  0.00344091 -0.01845781
 -0.01267581  0.01277976  0.02178899]
[ 0.00794864  0.00709449 -0.00239705 -0.00374891  0.01078814 -0.00940897
  0.00195841 -0.00147277  0.00452277 -0.00631989  0.00424422 -0.00250757
 -0.01977276 -0.00826845  0.0101897   0.01623551 -0.01173849 -0.01625623
 -0.0073139   0.00325748  0.00398689]
[ 0.01674182  0.01671909  0.00047578  0.00193215  0.00564352  0.02199552
  0.01049728 -0.00260429 -0.02007603  0.01847666 -0.00181151  0.0090422
  0.03202922 -0.04351465 -0.02253091 -0.01367859 -0.01372953 -0.00867011
 -0.00699273 -0.0042841  -0.00797143]
[  7.72290114e-03  -7.68118813e-03   1.72758858e-02  -4.25025462e-05
   2.44330150e-03  -1.70496665e-03   6.41284411e-03  -6.73168216e-03
  -1.51686995e-03  -6.60305303e-03   6.23046064e-03  -1.51580673e-02
   6.58786280e-03  -4.26354572e-04  -6.34957841e-03   5.41368331e-03
   7.32448487e-03  -4.73429081e-03  -5.94451446e-05   1.65915709e-02
   3.28717395e-04]
[ 0.01099897 -0.01132246  0.00780577 -0.00143388 -0.00118378  0.0034467
 -0.01459941 -0.01014105 -0.00184333 -0.01003969  0.00708195 -0.00088792
  0.00405608 -0.00147    -0.00923369  0.01145916  0.0090513  -0.01139756
  0.01502196 -0.01203962 -0.01087806]
[ 0.01429598 -0.01477085  0.01854158 -0.00033922 -0.00379567  0.00134095
 -0.00705592 -0.0039635  -0.00211583  0.00269867 -0.01629355 -0.00687252
 -0.00612958  0.00252241  0.00530997 -0.02677729 -0.00172729 -0.00706017
 -0.00530447  0.00765159 -0.00889475]
[ 0.00652977  0.00338041  0.00111451 -0.0030806   0.01371485  0.00144945
 -0.0005571   0.00868728 -0.02435091  0.00636399  0.00338456  0.00175284
 -0.00223679 -0.01316244  0.01504993 -0.00236888  0.01287672  0.00285644
  0.01573157  0.00654171  0.008964  ]
[  4.79338825e-03   2.81997812e-03   1.98439319e-03  -2.39742946e-03
   6.37062323e-03   3.04928369e-03   7.42205625e-03   6.85944176e-04
   3.45712107e-03  -5.84491748e-03   3.65433076e-03   4.72024582e-03
   4.06134720e-03  -5.41190496e-05   1.20075391e-02  -2.45303119e-05
  -1.66581519e-02   4.68650794e-04   1.03050326e-02   3.78869070e-03
  -2.90095733e-03]
[ 0.00685239 -0.00698719  0.01569317 -0.00093017  0.00036053  0.00031173
 -0.00884945  0.01118742  0.00280632  0.01991199 -0.00813899  0.00163441
 -0.01925261 -0.00619613 -0.01117235  0.00306336 -0.01138557  0.01579932
  0.02214135 -0.0081745   0.00289573]
[ 0.01329301  0.01362405 -0.00070122 -0.01573143  0.00326505 -0.02535132
 -0.00445005 -0.000261    0.00779281  0.0118124   0.01274465 -0.00158812
  0.01667013  0.01574233 -0.02209891 -0.00962806 -0.00549637 -0.00313212
 -0.00944865 -0.01027112  0.00337401]
[ 0.01719379 -0.01758461  0.02499866 -0.00262292 -0.00205878  0.00521395
 -0.02429954 -0.00474186 -0.00400508 -0.00066292 -0.00653061  0.01324804
 -0.00788803  0.00306435  0.00093494 -0.02182901  0.00401386 -0.01947566
 -0.00874762  0.01411008 -0.00059993]
[  7.70672126e-03   7.88765761e-03  -4.56553594e-05   1.33630535e-03
  -2.45569415e-02  -2.29492713e-02  -4.59274340e-03  -6.16220319e-03
  -2.46145379e-03  -2.48175843e-03  -3.77185413e-03   7.71373830e-04
  -3.23906527e-03  -1.11179314e-02   1.24367736e-02   1.50199241e-03
  -1.92269094e-03   5.22981909e-04   4.29001751e-03   8.87672937e-03
  -1.09612745e-03]
[ 0.0149929  -0.0151697  -0.00172471  0.00143694 -0.00055326 -0.00305297
  0.01339625  0.01328218  0.00853083  0.01316306 -0.00601824 -0.00937754
  0.00886928 -0.00038349  0.01989487  0.01122903 -0.00344185  0.00018342
 -0.01357968 -0.01848839  0.00848316]
[ 0.00330805 -0.00270752 -0.00620382 -0.00084635  0.00257242 -0.00101822
  0.00787324 -0.00058296 -0.00279697  0.00035984  0.00301475  0.00432629
  0.00187764 -0.00301395  0.00235306  0.0092626   0.00459556 -0.0072532
  0.00737765 -0.00879302  0.00339784]
[ 0.01211328 -0.01215742 -0.01563037  0.00226135 -0.0019798  -0.00110731
  0.0141525   0.0002218  -0.00026526  0.00298002 -0.00725364 -0.00203531
 -0.0085813   0.00151624 -0.006822   -0.00931007 -0.00129748 -0.00266629
  0.01378988 -0.01387046 -0.02742746]
[ 0.00403908 -0.00428132  0.00518806  0.00013832 -0.00062117 -0.00014826
  0.00349673 -0.00100206 -0.00011966 -0.00282168 -0.00042942  0.00214581
  0.00184475  0.00275205  0.00307698 -0.00158669  0.00257598 -0.00053727
 -0.00517775 -0.00656429 -0.00551977]
[  1.27646009e-02  -1.26966990e-02   1.16376036e-02   2.48061729e-05
   1.58182073e-03   4.08849534e-03  -1.25570000e-02   1.54902076e-02
   4.72577664e-03   8.26742007e-03   5.11104430e-04   7.60475473e-03
   9.17487327e-03   2.75351046e-03   1.40179872e-02   9.19863927e-03
   6.87389040e-03  -7.52067344e-03  -2.87621191e-02   3.19170076e-02
  -9.61031803e-03]
[ 0.00585862  0.00601225  0.00120195  0.00881292  0.00629276  0.00990726
  0.00048728  0.00108373 -0.01594908 -0.0045445  -0.00172834 -0.00474748
 -0.01292431  0.00557405  0.00143266  0.00764975 -0.00646501 -0.00735582
 -0.00099528  0.00047164  0.00377091]
[ 0.00990413 -0.00974581 -0.01730934  0.00016845 -0.00132197  0.00043967
 -0.00493186 -0.01003272 -0.00630589 -0.0176258   0.00385815  0.00131851
  0.00512867 -0.00072702  0.00082243 -0.00494635 -0.0176032   0.03350875
 -0.00339585  0.00052819  0.00774765]
[ 0.02302315  0.02363738  0.00026427 -0.04219911  0.00327132  0.04346993
  0.00580608  0.00686702 -0.01302968  0.00189636  0.02244764 -0.01619053
 -0.01795505  0.00848025  0.01077626 -0.00205907  0.01379093  0.01658672
 -0.0002806  -0.00246447 -0.00561082]
[ 0.00682875  0.00724597 -0.00021747 -0.01122935 -0.00193924 -0.00792125
 -0.00244028  0.0219351   0.01369201 -0.02308422  0.00734127 -0.00920504
 -0.01527478 -0.0071081  -0.00346064 -0.01065509  0.00531595 -0.00117681
 -0.00837889 -0.00985843 -0.01145806]
[ 0.00672872  0.00672877 -0.00123014  0.01011993  0.02752597 -0.00931466
 -0.00481695  0.0047428   0.0061241  -0.00435933  0.01100108 -0.00780512
 -0.00715981 -0.00188673  0.00103396 -0.0156738  -0.00163229 -0.00595659
 -0.00479192 -0.00545277  0.00711142]
[ 0.01913534 -0.01950973 -0.02518954  0.00180084 -0.00399638 -0.00687521
  0.03928127 -0.00220544 -0.00280189 -0.00373338  0.00362414  0.01012693
 -0.00906635  0.00990664 -0.01115541 -0.0002083   0.02099886 -0.01625981
 -0.00575367  0.00644157 -0.01037001]
[ 0.00983819 -0.00936837 -0.01086386  0.00220642  0.00104886  0.00111416
  0.00601535  0.00404061 -0.00298358 -0.01214334  0.00474675  0.00936371
  0.01057016  0.00407795  0.01112364  0.00282339  0.00127507  0.00987804
 -0.01716023  0.02180393 -0.00438506]
[ 0.00235827  0.00258526  0.00092473  0.01799866 -0.0050338   0.00993792
 -0.00021871 -0.00076041 -0.00684815  0.00659786  0.01551174 -0.00552727
 -0.00886355  0.01235798 -0.00156182 -0.00153138  0.00241927  0.00310287
 -0.00423391 -0.00599807  0.00066383]
[ 0.00156331  0.00166181  0.00016325  0.00068223 -0.00593855 -0.00310232
 -0.00055894  0.00810327  0.00393951 -0.01045475 -0.0028439  -0.00176069
 -0.00339524 -0.0009097  -0.00064456 -0.00069475 -0.00195863 -0.0061838
  0.00101888 -0.00130369  0.00729919]
[ 0.00535203 -0.00542532  0.00287228 -0.00035112  0.00092052  0.0012001
 -0.00482006 -0.00081392  0.00260264 -0.00168075  0.00225021 -0.0113055
  0.01206499 -0.00117473  0.00804043  0.00884846 -0.00218105  0.00260955
 -0.00091187 -0.0073552   0.00279262]
[ 0.00745154  0.0078484   0.00024829 -0.00309885  0.01028826  0.0097063
  0.00110303  0.00188005 -0.00562863 -0.00720339 -0.01682434  0.00154304
  0.00324707  0.00671414 -0.00936947  0.00186477  0.00220405 -0.00043687
  0.00607509 -0.00144605  0.00747326]
[ 0.01556576  0.01667054  0.00174479  0.02145244 -0.00510383  0.00268362
  0.00141025 -0.00444373 -0.00081281 -0.00716251 -0.01232035  0.00515934
  0.00762325 -0.00282946 -0.00667818  0.00254128 -0.03569616 -0.0250936
 -0.00416674 -0.00235211 -0.00020918]
[ 0.01936126  0.02024982  0.00075639  0.01216079  0.00317491  0.00729212
  0.0003092  -0.0287991   0.02178082  0.01592185 -0.00875374  0.00667318
  0.00495675 -0.00028861 -0.0019197   0.0079039   0.02123988  0.01655612
 -0.00615866 -0.00012899 -0.00218327]
[ 0.01339111 -0.01352944  0.02159541  0.00094307  0.00235295 -0.00271954
  0.01642977 -0.00763305 -0.00130975 -0.00263787 -0.00509267 -0.0375454
  0.00879609 -0.0007854  -0.00049535  0.00594572  0.00723322  0.00406462
 -0.00535274  0.01645174 -0.02327732]
[ 0.01396666  0.0147147  -0.00014308 -0.0044602   0.00136818 -0.01226836
  0.00031329 -0.01251216 -0.00115455  0.00727147 -0.01852398  0.0101495
  0.01428494  0.00547162 -0.00243563  0.00809574 -0.00161309 -0.0025707
  0.00839346  0.00067513  0.0053344 ]
[  9.07541567e-03  -9.28459840e-03   1.12595857e-02  -6.13875489e-05
  -3.15302882e-04   2.34892461e-03  -1.70871991e-02  -1.57332556e-02
  -1.01241023e-02  -2.61382301e-02   1.41462150e-02   7.84635274e-03
   1.80242888e-02   1.24806945e-03   1.31266738e-02  -5.01095924e-03
   1.77903634e-04   5.08912239e-03  -8.42672665e-03  -1.15770794e-02
   2.66674774e-03]
[ 0.01464743 -0.01430679  0.01442237  0.0005314   0.00113665 -0.00810038
  0.03461316 -0.0041872  -0.00205524 -0.01115508  0.01114357  0.01201658
  0.0153003   0.00178509  0.00764458 -0.00113393  0.01460209 -0.01493839
  0.00767564 -0.02414709  0.01405018]
[  5.85704923e-03  -5.52301444e-03   4.39500070e-03   1.13893825e-03
  -2.15763135e-04  -5.01241955e-03   1.93048750e-02   2.38588886e-03
   4.27142184e-03   4.85367315e-03  -2.54029448e-03  -2.15210782e-02
   4.90102780e-03   1.29718621e-03  -1.57602612e-05   8.47614974e-03
   7.81292587e-04  -2.23794154e-03  -1.40205413e-03   4.51362423e-03
  -9.91090088e-03]
[ 0.00500697  0.00532782  0.00042861 -0.01635546 -0.01555628  0.02000832
  0.00521932  0.01084428  0.00726169 -0.01007956  0.01067526 -0.00419233
 -0.00410555 -0.01556619  0.00422785 -0.00972833 -0.00104858  0.00141753
  0.00472329  0.00097355 -0.00569311]
[ 0.00217902 -0.00199945 -0.00889138  0.00117476 -0.00019237  0.00049836
  0.00156932  0.00602115  0.00301567  0.00297043  0.00107029  0.00192213
  0.00410315  0.00064785  0.00391847  0.00362185 -0.00217604  0.00539937
 -0.00145325 -0.00420829  0.00257772]
[ 0.00761837 -0.00620045 -0.00625714  0.0009299   0.00281304 -0.00106829
  0.00581178 -0.00907913 -0.00360589 -0.00688021 -0.00800215 -0.0152734
  0.00319453  0.00194675  0.00646627 -0.00915271 -0.00203176 -0.00687252
 -0.0002829   0.00100506  0.01623203]
[ 0.00950694 -0.00967422 -0.02167613  0.00249456 -0.00242282 -0.00026234
  0.01040776 -0.00744197 -0.00612177 -0.00608862 -0.00188958 -0.00472688
 -0.0059536   0.00332573 -0.00584577 -0.00927091  0.00269025 -0.00651321
  0.01227867 -0.00864869 -0.01902658]
[ 0.01160534  0.01133043 -0.00163897 -0.02453399  0.00115015 -0.02148406
 -0.00185208 -0.00053759 -0.02326938  0.0108409   0.00770872 -0.00857539
 -0.01863137 -0.00177973  0.01295993  0.0168765   0.00145634 -0.00237575
 -0.01927434 -0.00187454 -0.00197761]
[ 0.0019313  -0.00122359 -0.00242345 -0.00121733  0.00135651 -0.00132985
  0.00328275 -0.00040362  0.0003012   0.0026352   0.00141338  0.0046685
 -0.00541112 -0.00113602 -0.00400928  0.00273856  0.00085313 -0.00452315
 -0.00326001  0.00575162 -0.00636453]
[  4.84836620e-03   5.22162079e-03   1.06438397e-04  -1.37833747e-02
  -1.10014924e-02   3.84704363e-03   2.55495893e-03  -1.13764789e-02
   1.53390021e-02   9.43982624e-03   1.83366933e-02  -7.11046941e-07
  -1.51171049e-03   3.90090107e-03   1.65745101e-02  -1.80369012e-02
  -5.29480568e-03  -2.83690972e-03   1.49831027e-02   6.13291318e-03
  -9.00282850e-04]
[ 0.02753923  0.02924164  0.00224497  0.00657949 -0.0321789   0.01455362
 -0.00189096 -0.02272047  0.01411505 -0.00135984 -0.02942877  0.00858983
 -0.0045824  -0.05484167 -0.02417596  0.01546303  0.03434384  0.01015511
 -0.04993946 -0.02732672 -0.00661347]
[ 0.02218283  0.022532   -0.0008512  -0.02618966  0.0099616  -0.00120426
  0.00071334 -0.02703164 -0.00179794  0.02379894  0.01386029  0.00449732
 -0.0008117   0.00212764  0.01904746 -0.01448289 -0.0103151  -0.00200159
  0.01050862 -0.00029475 -0.00824908]
[ 0.01302203 -0.01349979  0.01614289 -0.00261079 -0.00039583 -0.00384475
  0.00371407 -0.00907875 -0.00173709 -0.00542252  0.00589144  0.00849533
 -0.01523492  0.00020406 -0.0252547  -0.00066963 -0.00593593  0.00323339
  0.00256944  0.01288286  0.01715048]
[ 0.01554945 -0.01547473 -0.02899854 -0.00012523 -0.00295756  0.00049434
  0.00734251 -0.00214821 -0.00510541  0.00351698 -0.00725101  0.01296721
 -0.0134325   0.00120904 -0.00373407 -0.01928247 -0.00632976 -0.00228602
 -0.00729716  0.00925343  0.01597616]
[ 0.00604028 -0.00579183  0.0110016  -0.00068417  0.00134479 -0.00509771
  0.00824321  0.00200501  0.00225503 -0.00055407  0.00570433 -0.00071232
 -0.00057524 -0.00105763 -0.00616853  0.00536188 -0.002611    0.00633938
  0.00288952 -0.0063994   0.00516218]
[ 0.01063729  0.00939221 -0.00307507  0.00495189  0.01252007 -0.01648273
 -0.00275958 -0.00320803  0.01778808  0.01116897  0.00454209  0.00691819
  0.01232019 -0.01684332 -0.00310374 -0.01458269  0.01198118  0.0031517
  0.00420879  0.00638266 -0.01289271]
[ 0.00411363  0.00407083 -0.00119636  0.00233144  0.01249478 -0.00717926
 -0.00405035  0.00579524  0.01306237 -0.00334333  0.01239274 -0.00569144
 -0.00162405 -0.00102531 -0.00535523 -0.01288008  0.00316469 -0.00313145
 -0.00409675 -0.00329708  0.00453271]
[ 0.01501166 -0.01506712 -0.02414267  0.00179853 -0.00240035  0.00382591
  0.00041483  0.01442508  0.00526544  0.01717995 -0.00954104  0.01188542
  0.001588    0.00064482  0.01633803  0.00866694  0.00944581  0.00358646
 -0.00781369 -0.01916824  0.01473252]
[ 0.00818948 -0.00849995 -0.0018265   0.00065516 -0.00151148  0.00442252
 -0.01691229 -0.0016911   0.00235225  0.00558183 -0.00728189 -0.02175322
  0.00099866 -0.00124502 -0.00439399  0.00152335  0.00368915 -0.02070253
  0.01945133 -0.00332591 -0.00014424]
[ 0.02414286  0.02505342  0.00281691  0.01096268 -0.01011532  0.00843928
  0.00405671  0.01148935  0.01011798 -0.02886144 -0.03284662  0.00903012
  0.01068581  0.01659993 -0.00800245  0.0106972  -0.01525946  0.00019583
  0.01097602  0.00189619 -0.00448265]
[ 0.00949133 -0.00990018  0.01334877 -0.00116483 -0.00187564 -0.00025609
 -0.00026997  0.00459676 -0.00041145  0.01064912 -0.00881947  0.00790519
 -0.01314214  0.00058624  0.00197069 -0.00901104 -0.00173223  0.01178452
 -0.01117839 -0.00686454  0.00734758]
[ 0.01453376 -0.01404858 -0.01556864 -0.00049244 -0.00149598  0.00059869
  0.00422758 -0.00322247 -0.0046055  -0.00286064 -0.0027851  -0.00234704
 -0.00412449 -0.0026999  -0.0030594  -0.01108937 -0.00876997  0.01720155
 -0.00687167  0.00733704  0.01000136]
[ 0.00261997  0.00271859  0.00017716  0.01359532 -0.00649018 -0.0008071
 -0.00153902 -0.00210819 -0.00216963  0.00180924  0.00781905 -0.00373193
 -0.00965616 -0.00335138  0.00249798  0.00301896  0.00454167  0.00018609
 -0.00459595 -0.00045818 -0.00018793]
[  4.69697225e-04   5.17441349e-04   4.00122702e-05  -1.75447123e-03
  -3.68496824e-03  -3.81698246e-03  -1.10250370e-03   3.60738852e-03
  -5.57959914e-03   1.37909330e-03   1.06015771e-03  -1.03061718e-03
   3.87729942e-03   4.35513704e-03  -4.32978482e-03  -2.08295391e-03
   9.64205811e-04  -7.82799282e-05  -4.42884085e-04  -1.53027381e-03
  -1.65438168e-05]
[ 0.01117978 -0.01081449  0.01477884  0.00053714  0.00140492  0.00498087
 -0.01126893  0.0193216   0.00645992  0.01534245 -0.00629775  0.01746945
 -0.001999    0.00213831  0.01745498 -0.00236913 -0.00138465 -0.00147399
 -0.00807649 -0.00623007 -0.0144921 ]
[ 0.0043358  -0.0033571  -0.00733855  0.0004505   0.00297531  0.0007451
 -0.00660288 -0.00066046  0.00453452 -0.00103036  0.01157897 -0.01046637
  0.0005586  -0.00191098 -0.00449866  0.00498403  0.00565287 -0.00157946
 -0.0009062   0.00270612  0.00179765]
[ 0.01317015  0.01361823  0.00145138  0.0194186  -0.00362487  0.01143592
  0.00178276 -0.00266641  0.01659881  0.00224992  0.01010797 -0.00155513
 -0.00304244  0.02453783 -0.00469623  0.00131084 -0.00410583 -0.00340488
 -0.0041488  -0.00384903 -0.00057158]
[  8.50154571e-04  -8.99031091e-04   2.92516234e-03  -1.75818684e-04
   4.23878820e-05   7.97707847e-04  -4.05539852e-03   2.24773390e-03
   1.46621909e-03   2.40817144e-03  -1.46510982e-03   7.97649453e-04
   3.60288465e-04   6.57649172e-05   3.61977571e-03   1.38049646e-03
  -1.63388800e-03  -9.34769407e-05  -4.04016826e-03  -1.61091945e-03
  -2.98923334e-03]
[ 0.00349221 -0.00307095 -0.0044737  -0.00101033 -0.00199428  0.00040366
 -0.00017717  0.00199922  0.00226166  0.00510622 -0.00133082 -0.00308498
  0.0025402   0.00097137 -0.00035452 -0.00264517  0.00221265 -0.00832666
 -0.00819439  0.01274764  0.0138521 ]
[ 0.00632181  0.00653107  0.00112592  0.01078867 -0.00285958 -0.00634242
  0.0009195  -0.00507848  0.00868889 -0.00649    -0.00974937  0.00525642
  0.00226726  0.01384109  0.00747407  0.00327851 -0.00885696 -0.004366
  0.01186328  0.00173053  0.00558973]
[  9.61396770e-03  -9.83644671e-03  -1.10334378e-03   9.78584690e-05
  -3.43669742e-04  -4.08835712e-05   6.83166670e-03   6.46443189e-03
  -8.53848056e-04   8.15335278e-03  -4.00416899e-03   1.15662713e-02
  -1.01405668e-02   9.14875463e-04  -1.99323750e-04  -5.99017931e-03
   2.17969924e-04  -4.60514693e-03   1.67881032e-03  -6.24522402e-03
   1.71571424e-02]
[ 0.00430084  0.00358843 -0.00056915  0.00051951  0.01181329  0.00863046
  0.00034439  0.00362518 -0.01104442 -0.00214125 -0.00524395 -0.00351919
  0.00223451  0.00284034  0.00049566  0.00285282  0.00123492  0.00487506
  0.00240566  0.00759806  0.00479695]
[  1.09166681e-02  -1.10183149e-02   1.02175930e-02   5.65819654e-04
   1.06055756e-03  -1.27711419e-03   1.94179396e-02   6.27316036e-05
  -5.05762121e-04  -4.11495967e-03   9.90914296e-03   2.70926822e-02
  -8.51222234e-03   4.85276832e-03  -9.40135736e-03   1.84884808e-03
   1.01838306e-02  -1.47001731e-02   9.46911553e-03   1.60952070e-03
  -1.22150885e-02]
[ 0.00865265  0.00889327  0.00111236  0.01997898 -0.01203761  0.00253591
  0.00039314  0.0143824   0.00152959 -0.00507024  0.00195311  0.00293997
  0.00881068 -0.01965526 -0.00030419 -0.00486959  0.01116942  0.00760175
  0.01532228  0.01222593  0.00601929]
[ 0.00503207  0.00128547 -0.00394771 -0.00776788  0.00546661 -0.00159979
  0.00152443  0.00057727  0.00752557  0.00715569  0.01109825  0.0039899
  0.00494296 -0.00144343 -0.00506238  0.01927796 -0.00400406 -0.00250508
 -0.00072348  0.0093962   0.01215673]
[ 0.00916685  0.00976253 -0.00010314  0.00552192  0.02923761 -0.01988902
 -0.00673243 -0.00295002  0.00342182 -0.0035452  -0.01142602  0.00030285
  0.00102406  0.00465968 -0.00338281 -0.019837    0.01709874  0.00717634
  0.0075862  -0.00318657 -0.00523989]
[ 0.0262746   0.02767118  0.00010665 -0.01426849  0.01843346  0.03056325
  0.00212142  0.00310957  0.01637267 -0.01251271 -0.0101341  -0.00688555
 -0.01350419  0.04607358 -0.01584628  0.01875074  0.01619284  0.01277071
 -0.01666695 -0.00411715  0.00040364]
[ 0.00311291 -0.0031094  -0.00475173  0.00030617 -0.001081    0.00169538
 -0.00616375  0.00200825  0.00293107  0.00616152 -0.00518447 -0.00902867
 -0.00062048 -0.00094778 -0.00303214 -0.00103704 -0.00310665 -0.00321877
  0.00768865  0.00345373 -0.00381687]
[ 0.00584254  0.00594738  0.00178043  0.02983876 -0.0091368  -0.00473113
 -0.00047024 -0.00025483 -0.00458937  0.00037652  0.00628544 -0.00207478
 -0.00999526 -0.01335099  0.01113183 -0.00045956  0.01395374  0.00831476
  0.0113896   0.00616965  0.00738261]
[ 0.00395519 -0.00400706  0.00715622 -0.00101395  0.00074751 -0.00273074
  0.00490185  0.00131044 -0.00099824  0.00111284  0.00321663  0.00742405
 -0.00276352 -0.00123436 -0.00254029 -0.00106277  0.00373883  0.00086959
  0.00527939 -0.01025473  0.0095775 ]
[ 0.01225193 -0.01281355  0.00638223 -0.00143278 -0.00130896  0.00153093
 -0.01456521 -0.01587502 -0.00540099 -0.02018423  0.00671801 -0.00145319
  0.00492546  0.00013071 -0.00763388 -0.00316463 -0.01433995  0.02041279
 -0.00597859  0.00506537  0.01717398]

Right eigenvectors

[ 1.         -1.0029285  -1.16843542  0.11690482 -0.08978067  0.03342487
  0.45151    -0.15056782 -0.15741126 -0.26971993 -0.55048279  0.70771819
 -0.51525931  0.17882032 -0.09059438 -0.55382193  0.10468147  0.37857803
 -0.51736391  0.13869213 -0.99637342]
[  1.00000000e+00   1.02855938e+00  -1.96692856e-02   4.12808954e-02
   7.00465797e-01   6.13448963e-01   1.11297054e-03  -1.15729573e+00
   9.67540262e-01   4.69991096e-01  -6.24004982e-01   9.45435748e-02
   8.29431024e-02   4.85819939e-01  -7.98650797e-02   8.27933951e-02
   7.31162680e-01   4.41443940e-01  -1.40951400e-01   1.00764840e-01
   5.46803175e-01]
[ 1.         -1.01191395  1.94521484 -0.19829706  0.00927133 -0.41052566
 -0.09744492  0.24536144  0.74547521  0.98273981 -0.34690181 -1.38559813
 -0.74378255 -0.37381701 -0.9295047   0.70374275 -1.82720947  1.83317595
  0.32217212 -0.89285051  0.62997969]
[ 1.         -0.97797694 -0.06299262 -0.13122372  0.10724569  0.18931257
 -0.77994229  0.32557777 -0.21055915  0.5673145   0.51110027  2.11334693
 -1.96360669 -0.04375253 -1.91455208  0.19480639  0.42247859 -1.70556528
  1.13244342  1.88336452  0.77281252]
[ 1.         -0.9583271  -1.34046197 -0.08868207  0.1005939  -0.08261199
 -0.16310571  0.12144402  0.87200447  1.08857505  0.19037561 -1.00750801
  0.65475352 -0.44472547 -0.36042235  2.4305647   0.09313798  0.17541513
  1.94308639 -1.51844644 -0.61781537]
[ 1.         -0.97599186 -0.48393773  0.12035303  0.13283063  0.44454865
 -1.42313545  0.16659693 -0.05066079 -0.3482612   0.43428763  0.1064674
  1.23395943 -0.09613967  1.20711418  0.65498284  0.98266306 -0.61352717
  0.20573735 -1.37215859  0.06503784]
[ 1.          0.97966971 -0.07990278 -0.43670096  1.32324365 -0.39530637
  0.05089576 -0.72298601 -2.22381723  0.21150393 -0.34447985 -0.12165041
 -0.29110391 -2.22373657  1.00894328  0.03757441 -1.45355549 -0.66834691
  0.08316139  0.11353405 -0.01277357]
[ 1.          1.05090573 -0.05432664 -0.03445829 -2.02262192 -3.86719535
 -0.88199325  0.35719794 -1.37894171 -0.01861042 -0.05014842 -0.26748851
 -0.37214476 -0.13444981  0.04276858  0.70512982  0.22983051  0.10314247
 -1.11094501 -0.12120926 -1.12889206]
[ 1.          1.02232102  0.05682705 -0.08396208  0.22168543  0.71213727
  0.24637586  1.08494119 -0.06093956 -1.05810188 -0.39494322  0.04903233
 -0.36081245 -0.36714836 -0.25278616  0.76577922 -1.33503197 -0.80905315
 -0.15388098 -0.28459729 -0.75605977]
[ 1.          0.06957873 -0.75622279 -1.73738244  0.41300046 -3.59273777
 -0.74513964  0.35350418  1.26300257  0.60120951  3.06532725  0.15961326
 -0.19826847 -1.0320085  -1.74378534  1.45387208 -0.83950572  0.97614245
 -0.75998469 -0.91952611  2.38840136]
[ 1.          1.05221466  0.09163932  0.76008659 -1.40778896 -0.08431344
 -0.04873887 -0.02337782 -0.12039332  0.85358657  0.60381484  0.31404807
  1.61330827  0.40413042 -1.03914928 -0.87299351 -1.21750484 -0.56317629
 -0.04584494 -0.04118857 -0.01984527]
[  1.00000000e+00  -1.03585125e+00   1.57924156e+00  -8.04647752e-04
  -1.46551635e-01   2.31023841e-01  -1.01374122e+00   2.87778764e-03
  -3.49576377e-02  -4.69408015e-02  -4.41381525e-01   4.44710085e-01
  -4.70445318e-02   1.59394991e-01   2.41224621e-01  -7.17825229e-01
  -5.80478177e-02   3.13120447e-01   4.46584371e-01  -5.09100126e-01
  -1.27104644e+00]
[ 1.          1.008609    0.03997558  1.86807686  0.36678941 -0.26576256
 -0.11427215 -0.91524311 -1.89221111  0.83168301  1.84262578 -0.15935474
 -1.10157252  1.57557136  1.93986738  0.35449177 -4.11874727 -2.29295614
 -0.79084251 -0.76299282 -1.34832848]
[ 1.         -0.97856915  0.1921135  -0.23172985  0.31434208  0.17409928
 -1.13213249  0.30147182  0.20547295  0.1853248   1.18950113  1.31880385
 -0.78095465 -0.10988955 -2.35580087  1.87547352 -0.18316548  0.62712067
  0.37065544  3.70788347 -1.18793835]
[ 1.          1.05831378  0.06404036 -2.5012047  -3.41867063  0.69607753
  0.01935627  1.3032054  -1.12764604 -1.00843752 -0.79384357 -0.60879342
 -0.15206953  0.81282786 -0.55661493 -0.23087142  1.26226197 -0.66097657
  0.68200064 -0.13835176  2.86360789]
[ 1.         -0.9531169  -3.03472695  0.2929333  -0.1223916   0.18171557
 -0.30661525 -0.61592617  0.55516541  0.31854091 -0.93419536 -2.02620498
  0.09304246 -0.18839965  0.07364677 -1.35130482 -1.09905492  1.84399029
 -0.13098682  0.18862775 -2.62728559]
[ 1.         -1.00402672 -2.05470156 -0.11379628 -0.05124997  0.21878946
 -2.37024869 -2.13282992 -1.06604754 -3.21900842  2.34099765  1.21843973
  0.27698116 -0.36665206 -2.13753001  1.24227658 -0.4887141   1.34525426
  1.35839312  1.01960814 -1.56403837]
[ 1.          1.03854289  0.05674567 -0.5374377   0.39013902 -0.9941037
 -0.48726792  3.63790653 -5.96933087  1.1318863   0.6496056  -0.58658437
  2.14842668  2.54042113 -1.47759034 -1.0346009   1.09910033  1.28973081
  0.76578718 -0.31385352 -2.02463604]
[ 1.          0.46658853 -0.26333235  1.58338083  0.60282069  0.2537186
  0.09338564  5.1569104   1.29199228  0.38670628  1.56806449  0.81907606
  2.65518769  0.32444708  0.5904136   0.40725523 -0.56964877  0.75916282
  0.88944216  2.07160315 -0.29815593]
[ 1.          1.05173905  0.01468482 -0.93858111 -1.84663176 -1.33580858
 -0.22324364 -0.94297322  0.50575177  0.28611684 -0.69528798  0.45647188
 -0.40501404  2.41879821  1.98021789  1.08763211  0.98727728  1.14103207
  1.58192697  1.24066102 -0.31079338]
[ 1.         -0.83181776  3.54255991  0.95734865  0.04052911 -1.30445848
  6.48570998 -0.34105717  0.08010573 -0.92132324  1.11451903 -3.14882973
  1.80963015 -1.48946476  0.09446615  1.88502772 -0.79308378  2.48596175
  1.02733986  1.25151924  0.38012646]
[ 1.         -0.99859706  2.77798404 -0.28252148  0.39546079 -0.03613668
  0.29527368 -0.70593316 -0.16918997 -1.63769323  1.48000462  2.53123357
  0.88813361  0.1649648   0.81691626  0.41477157  0.21884114 -0.10442569
 -0.17088898 -1.21704382 -0.4009736 ]
[ 1.          1.01811548  0.0471947   0.23232857  1.58579189 -1.10605528
 -0.42721749  1.02438609 -0.34216698 -1.82636716 -1.47264761  0.0263891
 -0.91581933  0.57412074  0.93055393  0.1351143   1.05613394  1.26615976
  1.09621814  0.35579149 -0.46468801]
[ 1.          1.05166421 -0.0158943  -0.99397167  0.3182793   1.49084221
  0.19706243 -0.55615467 -0.81031272  1.49337259  0.3160255   0.07693756
  0.65948734 -0.47401925 -0.57799796 -0.07655333  1.22218109  0.60646298
 -0.32681592  0.04570326  0.7135934 ]
[ 1.         -1.01470788 -1.37142571 -0.13205643 -0.18522229  0.63805446
 -3.60277845 -0.73527312  0.31138011  0.01038802  0.48651044 -2.00388579
  0.68409505 -0.5304823  -0.81714143  1.69944308  0.99969171 -2.26059753
  1.62883715  0.15913833  0.25224169]
[ 1.         -0.97523753 -1.49106627 -0.04316985 -0.05197077  0.27864743
 -1.91062325  0.63592472  0.43749101  0.38047443 -0.26252156  1.19636817
 -0.41410541 -0.09710977  0.55842863  1.43007108 -0.78252535  0.11855874
 -0.0945394  -0.78003132 -1.10430064]
[ 1.         -0.96555632 -1.54916966  0.10116338 -0.21904834 -0.27990433
  0.3254728   0.10257288 -0.01688391  0.18739959 -0.18735025 -0.57700849
 -0.45450429 -0.25576061 -0.17697787 -0.55817617 -1.25100365  1.63317091
 -0.04634398  0.06714723 -0.13682395]
[ 1.         -1.0206769  -0.11231671  0.09342827 -0.2040743   0.25696686
 -0.03495363  0.10399568  0.04073495  0.51868541 -1.2900018  -1.47392472
  0.36899031  0.25242373  0.81305282 -1.61462764  0.22201078 -1.19091673
 -0.81785617  0.82456306  1.40584787]
[ 1.          0.89254124 -0.30156679 -0.47164172  1.35723079 -1.18372076
  0.24638254 -0.18528632  0.56899871 -0.79509088  0.5339551  -0.31547135
 -2.48756467 -1.04023444  1.281943    2.04255157 -1.47679196 -2.04515803
 -0.92014458  0.40981555  0.50158177]
[ 1.          0.99864257  0.02841846  0.11540877  0.3370913   1.31380711
  0.62700978 -0.15555577 -1.19915516  1.10362329 -0.10820267  0.54009671
  1.91312713 -2.59915971 -1.34578646 -0.8170312  -0.82007407 -0.51787171
 -0.41768076 -0.25589233 -0.47613885]
[ 1.         -0.99459879  2.23696839 -0.00550344  0.31637094 -0.22076764
  0.83036724 -0.87165199 -0.19641193 -0.85499645  0.80675131 -1.96274263
  0.85302954 -0.05520653 -0.82217528  0.70099089  0.94841106 -0.61301973
 -0.00769726  2.14835987  0.04256398]
[ 1.         -1.0294102   0.70968126 -0.13036468 -0.10762625  0.31336585
 -1.32734247 -0.92199978 -0.16759065 -0.91278455  0.64387326 -0.08072732
  0.36876932 -0.13364891 -0.83950452  1.04183911  0.82292261 -1.03623831
  1.36576044 -1.09461313 -0.98900678]
[ 1.         -1.03321684  1.29697826 -0.02372828 -0.26550638  0.09379925
 -0.49355981 -0.27724596 -0.14800207  0.18877095 -1.13972949 -0.48073121
 -0.42876237  0.17644171  0.37143097 -1.87306378 -0.12082374 -0.49385675
 -0.37104643  0.53522656 -0.62218535]
[ 1.          0.51769275  0.17068198 -0.47177816  2.10035789  0.22197528
 -0.08531706  1.33041178 -3.72921615  0.97461219  0.51832747  0.26843867
 -0.34255264 -2.01575994  2.30481865 -0.36278223  1.97200347  0.43744925
  2.40920795  1.00182936  1.37279022]
[ 1.          0.5883058   0.41398549 -0.50015341  1.32904386  0.63614369
  1.54839455  0.14310215  0.72122701 -1.21937076  0.76236903  0.98474098
  0.84728109 -0.01129035  2.50502118 -0.00511753 -3.47523526  0.09777026
  2.14984308  0.7903993  -0.60519974]
[ 1.         -1.01967148  2.29017382 -0.13574374  0.05261355  0.04549225
 -1.29143981  1.63263042  0.40953856  2.90584507 -1.18775919  0.23851708
 -2.80961843 -0.90422907 -1.63043072  0.44705014 -1.66154688  2.30566581
  3.23118522 -1.19294136  0.42258688]
[ 1.          1.02490345 -0.05275129 -1.18343593  0.24562175 -1.90711617
 -0.33476616 -0.01963407  0.5862336   0.88861756  0.95874786 -0.11947065
  1.25405209  1.18425633 -1.66244607 -0.72429494 -0.41347787 -0.23562169
 -0.71079863 -0.77267051  0.25381856]
[ 1.         -1.02273022  1.45393571 -0.15255066 -0.11973992  0.30324597
 -1.41327437 -0.27578926 -0.23293751 -0.03855566 -0.37982372  0.77051314
 -0.45877225  0.17822452  0.05437663 -1.26958686  0.23344824 -1.13271519
 -0.50876634  0.82064975 -0.03489199]
[ 1.          1.02347773 -0.0059241   0.17339479 -3.18643178 -2.97782553
 -0.59593999 -0.79958818 -0.31939053 -0.3220252  -0.48942397  0.10009105
 -0.42029096 -1.44262794  1.61375677  0.19489383 -0.24948235  0.06786049
  0.55665923  1.15181659 -0.14223006]
[ 1.         -1.01179223 -0.11503508  0.09584147 -0.03690123 -0.20362783
  0.89350665  0.88589803  0.56899167  0.877953   -0.40140579 -0.6254656
  0.59156554 -0.02557817  1.32695327  0.74895663 -0.22956523  0.01223386
 -0.90574076 -1.23314349  0.56581168]
[ 1.         -0.81846226 -1.87536917 -0.25584653  0.77762361 -0.30780081
  2.38002269 -0.17622317 -0.84550296  0.10877689  0.91133798  1.30780533
  0.56759815 -0.91109555  0.71131147  2.80001719  1.38920538 -2.19259015
  2.23020939 -2.65806561  1.02714276]
[ 1.         -1.00364396 -1.29035053  0.1866835  -0.16344081 -0.09141319
  1.16834616  0.01831016 -0.02189816  0.2460126  -0.59881714 -0.16802343
 -0.70842123  0.12517149 -0.56318367 -0.76858393 -0.10711241 -0.22011323
  1.13841053 -1.14506258 -2.26424819]
[ 1.         -1.05997571  1.28446729  0.03424632 -0.15378992 -0.03670685
  0.86572394 -0.24809045 -0.02962544 -0.69859605 -0.10631611  0.53126186
  0.45672556  0.68135559  0.76180242 -0.39283533  0.63776555 -0.13301703
 -1.28191471 -1.62519604 -1.36659146]
[  1.00000000e+00  -9.94680459e-01   9.11709169e-01   1.94335672e-03
   1.23922460e-01   3.20299506e-01  -9.83736207e-01   1.21352855e+00
   3.70225179e-01   6.47683399e-01   4.00407687e-02   5.95769097e-01
   7.18774787e-01   2.15714576e-01   1.09819236e+00   7.20636656e-01
   5.38511974e-01  -5.89182029e-01  -2.25327211e+00   2.50043130e+00
  -7.52888252e-01]
[ 1.          1.02622318  0.20515952  1.50426628  1.07410234  1.69105719
  0.08317236  0.18498012 -2.72232746 -0.77569413 -0.29500727 -0.8103408
 -2.20603403  0.95142746  0.24453862  1.3057266  -1.1035039  -1.25555488
 -0.16988373  0.08050326  0.64365143]
[ 1.         -0.98401402 -1.74768795  0.01700774 -0.13347645  0.04439222
 -0.49795972 -1.01298254 -0.63669253 -1.77964043  0.38954979  0.1331269
  0.51783113 -0.07340525  0.0830391  -0.49942285 -1.77735831  3.3833089
 -0.34287192  0.0533302   0.78226392]
[ 1.          1.02667871  0.01147854 -1.83289898  0.14208819  1.88809655
  0.2521844   0.29826573 -0.56593831  0.08236774  0.97500273 -0.70322811
 -0.77986918  0.36833556  0.46806177 -0.08943476  0.59900267  0.7204366
 -0.01218769 -0.10704308 -0.24370324]
[ 1.          1.06109785 -0.03184674 -1.64442343 -0.28398147 -1.15998673
 -0.3573534   3.21217138  2.00505455 -3.38044851  1.07505354 -1.34798334
 -2.23683526 -1.04090903 -0.50677476 -1.56032827  0.77846646 -0.17233224
 -1.2270021  -1.44366571 -1.67791527]
[ 1.          1.00000801 -0.18281915  1.5039911   4.09082074 -1.38431484
 -0.71588022  0.70485916  0.91014391 -0.64786992  1.63494566 -1.15997196
 -1.06406744 -0.28039957  0.15366376 -2.32938953 -0.24258509 -0.88524988
 -0.71216015 -0.81037235  1.05687633]
[ 1.         -1.0195657  -1.31638831  0.09411067 -0.20884817 -0.35929406
  2.05281309 -0.11525501 -0.14642483 -0.19510378  0.18939499  0.5292268
 -0.47380159  0.51771443 -0.58297422 -0.01088556  1.09738647 -0.8497269
 -0.30068274  0.33663213 -0.54193005]
[ 1.         -0.95224514 -1.1042546   0.22427131  0.10661068  0.11324872
  0.61142839  0.41070662 -0.30326556 -1.23430651  0.48248195  0.95177177
  1.0744012   0.41450188  1.13065938  0.28698309  0.12960388  1.00405073
 -1.7442473   2.21625431 -0.44571871]
[ 1.          1.09625593  0.39212365  7.63215907 -2.13453386  4.21407972
 -0.09274224 -0.32244404 -2.90389273  2.79775735  6.57760436 -2.34378558
 -3.75850352  5.24028071 -0.66227506 -0.64936576  1.02586902  1.3157408
 -1.79534777 -2.54342201  0.28149093]
[ 1.          1.06300596  0.10442747  0.43640277 -3.79869019 -1.98444918
 -0.35753634  5.18339253  2.51997201 -6.68755061 -1.81914846 -1.1262539
 -2.17182295 -0.58190761 -0.41230542 -0.44440802 -1.25287189 -3.9555668
  0.65174204 -0.83392549  4.6690439 ]
[ 1.         -1.01369448  0.53667108 -0.06560413  0.17199545  0.22423182
 -0.90060423 -0.15207775  0.48629085 -0.31404029  0.42044119 -2.11237576
  2.2542823  -0.21949159  1.50231398  1.65328944 -0.40751907  0.48758065
 -0.17037824 -1.37428289  0.5217867 ]
[ 1.          1.05325909  0.03332011 -0.41586762  1.38068834  1.3025897
  0.14802714  0.25230319 -0.75536458 -0.96669849 -2.25783426  0.20707726
  0.4357577   0.90104011 -1.25738648  0.25025357  0.29578464 -0.05862808
  0.81527994 -0.19406103  1.0029146 ]
[ 1.          1.07097492  0.11209149  1.37818124 -0.32788838  0.17240542
  0.09059933 -0.28548109 -0.05221804 -0.46014507 -0.79150319  0.33145469
  0.48974465 -0.1817747  -0.42903045  0.16326123 -2.29324919 -1.61210252
 -0.26768626 -0.15110825 -0.01343821]
[ 1.          1.04589386  0.03906737  0.62809912  0.1639825   0.3766349
  0.01596995 -1.48746056  1.12496956  0.82235636 -0.4521266   0.34466664
  0.2560137  -0.01490633 -0.09915179  0.40823258  1.09702996  0.85511624
 -0.31809206 -0.00666245 -0.11276506]
[ 1.         -1.01032991  1.61266782  0.07042499  0.17571007 -0.20308555
  1.2269166  -0.57000859 -0.09780746 -0.19698687 -0.38030246 -2.80375596
  0.65686028 -0.05865119 -0.03699061  0.44400477  0.54015068  0.30353093
 -0.39972385  1.22855673 -1.73826728]
[ 1.          1.05355936 -0.01024457 -0.31934657  0.09796022 -0.87840308
  0.0224314  -0.89585918 -0.08266485  0.52063054 -1.3263003   0.72669461
  1.02278843  0.39176271 -0.17438854  0.57964745 -0.11549611 -0.18405987
  0.60096422  0.04833855  0.38193852]
[ 1.         -1.02304938  1.24066887 -0.00676416 -0.03474253  0.25882281
 -1.88280072 -1.73361267 -1.11555247 -2.88011382  1.55874018  0.86457227
  1.98605656  0.13752202  1.44639919 -0.55214653  0.01960281  0.56075915
 -0.92852239 -1.2756528   0.29384304]
[ 1.         -0.9767438   0.98463523  0.03627946  0.07760076 -0.55302374
  2.36308793 -0.28586613 -0.14031438 -0.76157262  0.76078674  0.82038844
  1.04457227  0.12187088  0.52190589 -0.07741482  0.9969047  -1.0198644
  0.52402612 -1.64855522  0.95922504]
[  1.00000000e+00  -9.42968759e-01   7.50377968e-01   1.94455980e-01
  -3.68381974e-02  -8.55792628e-01   3.29600697e+00   4.07353390e-01
   7.29278802e-01   8.28689151e-01  -4.33715748e-01  -3.67438916e+00
   8.36774221e-01   2.21474357e-01  -2.69081931e-03   1.44717065e+00
   1.33393550e-01  -3.82093688e-01  -2.39378921e-01   7.70631090e-01
  -1.69213208e+00]
[ 1.          1.06408052  0.08560176 -3.26653662 -3.10692311  3.99609261
  1.04241098  2.16583503  1.45031594 -2.01310518  2.13207946 -0.83729768
 -0.81996622 -3.10890375  0.84439272 -1.94295596 -0.20942455  0.28311201
  0.94334339  0.194439   -1.13703697]
[ 1.         -0.91759312 -4.08045489  0.53912411 -0.08828475  0.22870866
  0.72019643  2.76324384  1.38396126  1.36319538  0.49118001  0.88210739
  1.8830265   0.29731291  1.79827467  1.66214862 -0.99863233  2.47789147
 -0.66692762 -1.9312797   1.18297336]
[ 1.         -0.81388151 -0.82132297  0.12206007  0.36924469 -0.14022607
  0.76286412 -1.19174272 -0.47331496 -0.90310846 -1.05037618 -2.00481338
  0.41931947  0.25553388  0.84877334 -1.2014002  -0.26669276 -0.90209844
 -0.03713346  0.13192619  2.13064406]
[ 1.         -1.01759604 -2.28003269  0.26239321 -0.25484747 -0.02759496
  1.09475447 -0.78279409 -0.64392682 -0.6404397  -0.19875817 -0.49720312
 -0.62623726  0.34982124 -0.61489551 -0.97517316  0.28297765 -0.68510077
  1.29154847 -0.9097242  -2.00133695]
[ 1.          0.97631143 -0.1412255  -2.11402569  0.09910556 -1.85122178
 -0.15958846 -0.04632237 -2.00505777  0.93412979  0.66423926 -0.73891738
 -1.60541368 -0.15335454  1.11672086  1.45420072  0.12548918 -0.2047121
 -1.66081598 -0.16152402 -0.17040514]
[ 1.         -0.63355946 -1.25482991 -0.63031453  0.70237937 -0.68857789
  1.6997618  -0.20898955  0.15595597  1.36446834  0.73182703  2.41728166
 -2.8017991  -0.58821287 -2.07594864  1.41798596  0.44173826 -2.34202143
 -1.68798556  2.97810693 -3.29546125]
[  1.00000000e+00   1.07698564e+00   2.19534566e-02  -2.84289061e+00
  -2.26911334e+00   7.93472166e-01   5.26973176e-01  -2.34645620e+00
   3.16374661e+00   1.94701181e+00   3.78203554e+00  -1.46657020e-04
  -3.11797918e-01   8.04580535e-01   3.41857638e+00  -3.72020192e+00
  -1.09208040e+00  -5.85126949e-01   3.09034055e+00   1.26494430e+00
  -1.85687882e-01]
[ 1.          1.06181783  0.08151911  0.23891332 -1.16847532  0.52846859
 -0.06866418 -0.82502215  0.51254333 -0.0493782  -1.06861293  0.31191258
 -0.16639521 -1.99140224 -0.8778736   0.56149116  1.24708816  0.36875084
 -1.81339372 -0.99228367 -0.24014721]
[ 1.          1.01574059 -0.0383721  -1.1806278   0.44906815 -0.05428808
  0.03215735 -1.21858409 -0.0810512   1.07285415  0.6248209   0.20273901
 -0.03659152  0.09591367  0.85865798 -0.65288763 -0.46500398 -0.09023172
  0.4737276  -0.0132871  -0.37186777]
[ 1.         -1.03668839  1.23966007 -0.20048993 -0.0303967  -0.2952494
  0.28521402 -0.69718392 -0.13339638 -0.41641098  0.45242064  0.65238109
 -1.16993412  0.01567069 -1.93938238 -0.05142266 -0.45583766  0.24830174
  0.19731462  0.98931258  1.3170355 ]
[ 1.         -0.99519437 -1.86492326 -0.00805394 -0.19020348  0.03179124
  0.4722037  -0.13815341 -0.32833386  0.2261803  -0.4663194   0.83393348
 -0.86385661  0.07775449 -0.24014185 -1.24007351 -0.40707303 -0.14701589
 -0.46928692  0.5950966   1.02744174]
[ 1.         -0.95886828  1.82137401 -0.11326843  0.22263662 -0.84395216
  1.36470721  0.3319398   0.37333233 -0.09172892  0.9443827  -0.11792772
 -0.0952344  -0.17509601 -1.02123298  0.88768732 -0.43226414  1.04951755
  0.47837597 -1.05945486  0.85462576]
[ 1.          0.88295095 -0.28908406  0.46552191  1.17699826 -1.54952387
 -0.25942551 -0.30158331  1.67223755  1.04998293  0.42699649  0.65037142
  1.15820788 -1.58342196 -0.29177941 -1.37090316  1.12633759  0.296288
  0.39566377  0.60002717 -1.21202914]
[ 1.          0.98959666 -0.29082888  0.56676075  3.03740998 -1.74523798
 -0.98461641  1.40878967  3.17538756 -0.81274424  3.0126062  -1.38355816
 -0.39479796 -0.24924631 -1.30182571 -3.13107526  0.76931819 -0.76123791
 -0.99589786 -0.80150272  1.10187528]
[ 1.         -1.00369458 -1.60826103  0.1198088  -0.15989871  0.25486249
  0.02763366  0.96092529  0.35075656  1.14444031 -0.63557505  0.79174583
  0.10578411  0.04295442  1.08835592  0.57734714  0.62923172  0.23891159
 -0.52050797 -1.27689005  0.98140513]
[ 1.         -1.03791081 -0.22303014  0.0800001  -0.18456384  0.54002438
 -2.06512278 -0.20649623  0.28722775  0.68158504 -0.88917564 -2.65623899
  0.12194473 -0.15202696 -0.53654085  0.18601262  0.45047412 -2.52794172
  2.37515954 -0.40611925 -0.01761255]
[ 1.          1.03771551  0.11667689  0.45407545 -0.41897757  0.34955596
  0.16802957  0.47589008  0.419088   -1.19544393 -1.36051076  0.37402866
  0.44260743  0.68757091 -0.33146245  0.44307932 -0.63204866  0.00811143
  0.45462781  0.07854035 -0.18567195]
[ 1.         -1.04307715  1.40641764 -0.12272577 -0.19761615 -0.0269817
 -0.02844405  0.48431143 -0.04334988  1.12198444 -0.9292134   0.83288533
 -1.38464757  0.06176636  0.20763081 -0.9493976  -0.1825062   1.2416091
 -1.17774776 -0.72324308  0.77413604]
[ 1.         -0.96661688 -1.07120523 -0.03388254 -0.10293165  0.04119329
  0.29087981 -0.22172303 -0.31688275 -0.19682754 -0.19162938 -0.16148878
 -0.28378649 -0.18576734 -0.21050274 -0.76300757 -0.60342025  1.18355776
 -0.47280743  0.50482741  0.68814666]
[ 1.          1.03764099  0.0676182   5.18910434 -2.47719212 -0.30805458
 -0.58741963 -0.80466147 -0.82810999  0.69055605  2.98440004 -1.42441514
 -3.68559471 -1.27916644  0.95343649  1.15228744  1.73347702  0.07102653
 -1.75419566 -0.17488127 -0.07173083]
[  1.           1.10164873   0.08518737  -3.73532382  -7.84541199
  -8.12647438  -2.34726466   7.68024236 -11.8791401    2.93613252
   2.25710873  -2.19421603   8.25489107   9.27222221  -9.21824655
  -4.43467366   2.05282416  -0.1666604   -0.94291399  -3.25800053
  -0.0352223 ]
[ 1.         -0.96732619  1.32192606  0.0480455   0.12566636  0.44552481
 -1.00797388  1.72826322  0.5778221   1.37233919 -0.56331597  1.56259392
 -0.17880455  0.19126552  1.56129873 -0.21191183 -0.12385321 -0.1318439
 -0.72241943 -0.55726214 -1.29627819]
[ 1.         -0.7742738  -1.69254789  0.10390209  0.68621923  0.17184892
 -1.52287618 -0.15232715  1.04583303 -0.23763912  2.67055125 -2.4139423
  0.12883396 -0.44074537 -1.037561    1.14950753  1.30376667 -0.36428354
 -0.20900517  0.62413423  0.41460551]
[ 1.          1.03402214  0.11020214  1.47444004 -0.27523387  0.86832138
  0.13536361 -0.20245874  1.26033578  0.1708349   0.76749123 -0.11807981
 -0.23101062  1.86313963 -0.35658146  0.09953141 -0.31175277 -0.25853017
 -0.31501543 -0.29225406 -0.04339955]
[ 1.         -1.05749133  3.44074177 -0.2068079   0.04985903  0.93830919
 -4.77018964  2.64391203  1.72465001  2.83262777 -1.72334522  0.9382405
  0.42379172  0.07735642  4.25778539  1.62381819 -1.92187169 -0.10995288
 -4.75227493 -1.89485478 -3.51610571]
[ 1.         -0.87937293 -1.28105066 -0.28931104 -0.57106422  0.11558973
 -0.05073152  0.57248054  0.64763137  1.46217508 -0.38108212 -0.88338799
  0.727392    0.27815247 -0.10151631 -0.75745008  0.6335958  -2.38435338
 -2.34647747  3.6503088   3.96657184]
[ 1.          1.03310158  0.17810035  1.70657918 -0.45233562 -1.00325968
  0.14544927 -0.80332693  1.37443068 -1.02660494 -1.5421802   0.83147323
  0.35864076  2.18941902  1.18226718  0.51860272 -1.40101598 -0.69062513
  1.87656392  0.27373983  0.88419684]
[ 1.         -1.02314123 -0.11476466  0.01017878 -0.03574692 -0.00425252
  0.71059805  0.6724     -0.08881329  0.84807366 -0.41649495  1.2030695
 -1.05477437  0.09516107 -0.02073273 -0.62307046  0.02267221 -0.47900587
  0.17462201 -0.64959902  1.78460578]
[ 1.          0.83435672 -0.13233466  0.12079354  2.74674142  2.00669317
  0.08007586  0.84290134 -2.56796907 -0.49786836 -1.21928453 -0.81825713
  0.51955295  0.66041413  0.11524705  0.66331598  0.28713562  1.13351458
  0.55934677  1.7666467   1.11535229]
[ 1.         -1.00931116  0.9359626   0.0518308   0.0971503  -0.11698754
  1.77874232  0.00574641 -0.04632935 -0.37694282  0.90770763  2.48177209
 -0.77974546  0.44452834 -0.86119293  0.16936011  0.93286985 -1.34658057
  0.86739978  0.14743699 -1.11893926]
[ 1.          1.02780923  0.12855743  2.30900189 -1.39120532  0.2930791
  0.04543621  1.66219687  0.17677709 -0.58597562  0.22572345  0.33977719
  1.01826468 -2.27158982 -0.03515581 -0.56278628  1.29086768  0.87854644
  1.77082024  1.41296988  0.69565902]
[ 1.          0.25545616 -0.78450992 -1.54367374  1.08635247 -0.31791912
  0.30294277  0.11471837  1.49552022  1.4220166   2.20550202  0.79289298
  0.98229048 -0.2868457  -1.00602186  3.83101726 -0.79570777 -0.49782346
 -0.14377292  1.86726243  2.41584974]
[ 1.          1.06498138 -0.01125193  0.60237884  3.18949192 -2.16966665
 -0.73443148 -0.32181405  0.37328187 -0.38674086 -1.24644964  0.033038
  0.11171309  0.50831832 -0.36902648 -2.16399245  1.86527939  0.78285802
  0.82756805 -0.34761845 -0.57161254]
[ 1.          1.05315308  0.00405889 -0.54305274  0.70156961  1.16322395
  0.08074036  0.11834892  0.62313674 -0.47622833 -0.3856995  -0.26206119
 -0.5139635   1.75354047 -0.60310266  0.71364512  0.61629243  0.48604785
 -0.63433709 -0.15669691  0.01536251]
[ 1.         -0.99887296 -1.52646266  0.09835387 -0.34726531  0.54462887
 -1.9800634   0.64513611  0.94158695  1.97934592 -1.66547715 -2.90039852
 -0.1993258  -0.30446797 -0.97405421 -0.33314308 -0.99799129 -1.03400852
  2.4699279   1.10948877 -1.22614268]
[ 1.          1.01794478  0.30473568  5.10715704 -1.56384073 -0.80977219
 -0.08048607 -0.04361716 -0.78550901  0.06444446  1.07580586 -0.35511657
 -1.71077359 -2.28513465  1.90530696 -0.07865683  2.38830107  1.42314114
  1.94942661  1.05598775  1.26359691]
[ 1.         -1.01311336  1.80932105 -0.25635864  0.18899372 -0.69041866
  1.23934572  0.33132219 -0.25238603  0.28136253  0.81326717  1.87703793
 -0.69870671 -0.31208552 -0.64226685 -0.26870251  0.94529557  0.21985997
  1.33479852 -2.59272551  2.42149773]
[ 1.         -1.04583919  0.52091628 -0.11694348 -0.10683677  0.12495392
 -1.18880906 -1.29571592 -0.44082773 -1.64743247  0.54832221 -0.11860923
  0.40201473  0.01066884 -0.62307551 -0.25829618 -1.17042329  1.66608755
 -0.48797089  0.41343408  1.40173681]
