Cluster centers 

[-0.82117887 -0.20629941 -0.47559485  1.25310722]
[-0.79087173 -1.30202438  0.0148496  -0.29750667]
[ 1.39788974 -0.33795843 -0.2737494  -0.3109554 ]
[-0.73297729  1.42277946  1.11076052 -0.89773317]
[ 1.25649983  0.06333106  0.98972502  0.90420182]
[-0.82459034  1.10617699 -0.11600523  0.12916578]
[-0.7163946  -1.62142535  0.79077452 -3.35163997]
[ 1.40634253  1.25898924 -0.42629738  0.79975569]
[-0.51264518 -0.89138861  1.33558235  0.89505076]
[ 1.29488246 -0.33367896 -1.69102668 -2.05529111]
[-0.80527833  1.96972832 -0.68432402 -1.31874814]
[-0.8213087  -1.15824971 -1.15469947 -0.68177999]
[ 0.80249839 -0.74667031  2.03993573  0.43114275]
[ 1.21250429  0.59819853 -2.22520426  0.80911878]
[ 1.31720103 -0.03181766 -1.73623001 -0.09258275]
[ 1.3997699  -0.36774689 -0.68485614 -0.84436094]
[-0.82569448 -0.96105259 -0.62950355  0.4838583 ]
[-0.82480988  0.67380389 -0.56624352  0.83032763]
[-0.80438835 -0.98895352 -1.4319002  -0.12622855]
[ 1.3930262  -0.01767374 -1.0240937   0.24080716]
[-0.45924366 -1.37607243  1.46841915 -0.05488963]
[-0.53502964 -1.58876421  1.30176482 -1.19848114]
[ 1.21293827 -0.65302508  1.0964156  -0.23296504]
[ 1.32028072 -0.73128933  0.5446518  -1.60048611]
[ 1.36000677 -0.37784564  0.26275525 -0.0376139 ]
[ 1.19381556  1.7474594   1.66238    -0.52685159]
[-0.75950219  0.2169153   0.44950885  1.02362102]
[-0.69300168 -1.25103844  0.6544033   0.17449261]
[-0.822838   -1.4876726  -0.16522993 -2.50115457]
[-0.82899171  1.84408757  0.24959285 -1.51601157]
[-0.80848755 -1.45536038 -0.07828904 -1.48154231]
[-0.82965016  2.14979581 -0.16929379 -2.07650446]
[-0.70228595  0.89150854  1.06420534  0.11730822]
[-0.69760591 -0.50952624 -2.17696046  0.65962417]
[ 1.38034893  0.00981549  0.10481783  0.6761005 ]
[-0.5847406   1.08511485  1.66231705 -0.36879462]
[-0.80607075  1.29085856 -0.9283829   0.1285316 ]
[-0.79024575 -1.1432969  -0.02077881  0.25975902]
[ 1.25229552  2.25951925 -1.47600539 -0.20809342]
[-0.7080795   0.41434596 -1.94875363  1.20158173]
[-0.77371848  1.20959062  0.69547841 -0.32411202]
[-0.73101244 -1.45977788  0.49937752 -0.79628266]
[ 1.30051947 -0.18690762 -1.80409046 -0.83324273]
[ 1.39006323 -0.44273462 -0.819643   -1.66640605]
[ 0.77205916  1.54998394  2.60058932 -0.7947688 ]
[-0.71316523 -0.78394014  0.55762778  0.98803065]
[ 1.36574506  1.61881705  0.57255454  0.17253545]
[ 1.34777917 -0.568088    0.35236056 -0.71886531]
[ 1.36414751  0.39170042 -1.3855513   0.77727285]
[-0.83485915  2.35711404  0.2128505  -2.93232681]
[ 1.26246335 -0.34923405 -1.74870238 -3.16561697]
[ 0.12046542 -1.07029134  2.23164085  0.43250783]
[-0.82097449 -0.71947432 -0.50567605  0.94846742]
[ 0.79095876  0.65842342  2.28387103  0.62872142]
[-0.81096551  0.16510271 -0.15240809  1.15043423]
[-0.47304233 -1.68387263  1.56119158 -2.15128094]
[-0.82320717  1.33176998  0.09984949 -0.34029941]
[-0.81258234  0.64636665 -0.01818877  0.72469413]
[ 1.37620038 -0.27995855 -1.18282872 -0.84173187]
[ 1.4036411  -0.1110363  -0.40402321  0.29246152]
[-0.56936332  0.45845807  1.47964682  0.62612713]
[ 1.32112533 -0.26948412  0.57941275  0.41314002]
[ 1.15216322 -0.42796001  1.32641159  0.49771162]
[-0.79830387  0.43148474 -1.26669716  1.14106989]
[ 1.33949557  0.34404694  0.54676204  0.97907714]
[-0.80810357 -0.84435681 -1.37402967  0.40165355]
[-0.7216635   0.48083077  0.80060218  0.7259933 ]
[-0.75911373  2.01839734  1.17146156 -2.43949465]
[ 1.39275802 -0.51141947 -0.21162838 -1.18169479]
[-0.82426996 -1.33874997 -0.38847252 -0.89003881]
[ 0.45774655 -0.24324201  2.27078837  0.99026827]
[-0.80847514  1.53983021  0.48285166 -0.9133064 ]
[-0.77015716  1.75043452 -1.11346727 -0.61048783]
[-0.24587282  0.84832317  2.29023269 -0.00725049]
[ 1.40277908  0.66559299 -0.7757364   1.01561638]
[-0.79087769 -0.91425271 -0.03906495  0.76364223]
[ 1.08352229  0.10435075  1.62527155  0.94274153]
[ 1.38983886 -0.57532058 -0.32257769 -2.24933932]
[ 0.79627581 -1.07007974  2.00896604 -0.53780974]
[-0.82693867  1.40730028 -0.47724191 -0.25009189]
[-0.8182998  -0.66100692 -1.14893125  0.87043299]
[-0.78734553  0.87903078  0.42411028  0.30713807]
[-0.8176636  -0.29882385 -1.05683356  1.22153013]
[ 1.17852512 -0.18875442 -2.31883718 -1.24043717]
[ 1.38808873  0.7536713   0.14823334  0.96639032]
[-0.59905283 -0.18760814  1.17850761  1.1471382 ]
[ 1.24698667  0.94010067  1.21222928  0.71697325]
[-0.83186618  1.65944049 -0.19852962 -0.87287168]
[-0.82346463  0.29929517 -0.76056891  1.16260778]
[ 1.40685091  0.22030815 -0.42529409  0.80056488]
[-0.78276351 -0.41729348  0.0861451   1.20840137]
[-0.75045258  1.71513433  1.11376889 -1.58453013]
[-0.69286778  1.41721358 -1.73075232  0.25430758]
[ 1.36437742 -0.34765248 -1.24902406 -1.42213086]
[-0.74638496 -1.57266962  0.50798972 -1.90408421]
[-0.81539951  0.99681815 -0.79495733  0.51225688]
[-0.82933181 -1.12611832 -0.69694156 -0.06606228]
[-0.82421187 -1.26037351 -1.07534739 -1.43576931]
[ 1.39839656 -0.23510603 -0.82924712 -0.32491205]
[-0.49633608  1.45831961  2.06639773 -1.24917577]

Populations

0.0117064347764
0.0145245057268
0.0203478491951
0.00599240689555
0.0151012662788
0.0151317047025
0.00412328463939
0.00667876402698
0.00777366595128
0.00709734401661
0.00779825588884
0.00507915622904
0.00969427435756
0.00595792393435
0.0131672447171
0.0141242519737
0.0147110985533
0.0104864308786
0.00562406926357
0.0222457677645
0.00686147196094
0.00782347701289
0.0106215422494
0.00453476903199
0.0177296513482
0.00725181886149
0.0110763703645
0.0135194518965
0.00487958235349
0.0106575432156
0.00941656149863
0.00524765574459
0.00742354241945
0.00401128500589
0.0240333071606
0.00450243671434
0.00807686294002
0.014800778763
0.00325310929722
0.00493719490792
0.0103724988586
0.0164242085963
0.00817108637613
0.0090073971713
0.00571650451268
0.0131439761298
0.00718663269751
0.0116591797828
0.0100314036723
0.00321850764357
0.00369923729299
0.00794797525239
0.0132581364023
0.00900628226792
0.0114492043396
0.00258290149916
0.0106076942249
0.0148574310122
0.0124699688022
0.0227690745721
0.00521738024401
0.0170528109837
0.0116035171364
0.00889637682488
0.0153596546991
0.00640128663818
0.00906573667396
0.00512799655466
0.0116538968612
0.0134820256855
0.00603591166088
0.0105591927828
0.0061701523072
0.00234299463736
0.0127761753196
0.0133889192599
0.0131847491506
0.00675300112104
0.00855604713
0.00895838958561
0.00833417781911
0.0137878582385
0.012210089823
0.00465710479786
0.0147779389282
0.0079249901752
0.013450217917
0.0113422823023
0.0094011461932
0.0189165182067
0.0151408419436
0.00476508157559
0.00484197846944
0.00916128256643
0.0089167626487
0.00936432934549
0.0141564236562
0.00433132752666
0.018177365278
0.00215265370891

State labels

0
1
2
3
4
5
6
7
8
9
10
11
12
13
14
15
16
17
18
19
20
21
22
23
24
25
26
27
28
29
30
31
32
33
34
35
36
37
38
39
40
41
42
43
44
45
46
47
48
49
50
51
52
53
54
55
56
57
58
59
60
61
62
63
64
65
66
67
68
69
70
71
72
73
74
75
76
77
78
79
80
81
82
83
84
85
86
87
88
89
90
91
92
93
94
95
96
97
98
99

Eigen values

1.0
0.953153850035
0.241774204553
0.15949188033
0.143943829776
0.141974375075
0.135422007136
0.12660340559
0.116270942909
0.114346630428
0.111172118062
0.107350704044
0.104740240341
0.100204716937
0.094160863784
0.0917504421146
0.0866762164956
0.0842739530513
0.0837357309916
0.0820789538897
0.079178675053

Left eigenvectors

[ 0.01170643  0.01076953  0.0050112  -0.00266754  0.00703504 -0.00049172
 -0.00105704 -0.01088849 -0.00747616 -0.01818968 -0.02082154  0.00470154
  0.0049882   0.00396296  0.00156709  0.00322988 -0.00112976  0.00282199
 -0.00092677 -0.01974278 -0.02197143]
[ 0.01452451  0.01366676  0.01963322 -0.00540587  0.00874545 -0.00138311
 -0.00307788 -0.00238371  0.00583623 -0.00602457 -0.01350872  0.00965687
  0.00993436 -0.0070155  -0.01050297 -0.00985269 -0.01410849 -0.00540057
  0.0139176  -0.00077252  0.00723478]
[ 0.02034785 -0.02272097 -0.00189206 -0.02180417 -0.006629    0.00881297
  0.01776749  0.00014235  0.01297477  0.00684414 -0.00361659  0.00452885
  0.00372314 -0.0129379  -0.01396945  0.00925026  0.00419639  0.00052857
 -0.00574197 -0.00087954 -0.00929179]
[  5.99240690e-03   5.86605327e-03  -1.03075970e-02  -9.61204396e-05
  -4.93611321e-03   1.69184543e-03  -2.34676044e-03  -3.22645794e-03
  -7.30865578e-03   8.71619717e-03   1.22123431e-03   2.24428609e-03
  -4.46719289e-03  -9.44854682e-03   5.09096812e-03  -2.52083104e-03
  -7.28034084e-03  -6.02451048e-03  -6.04325995e-03   1.02630254e-02
  -7.42916279e-03]
[ 0.01510127 -0.01617935  0.00073217 -0.00326753 -0.00377017 -0.0130342
  0.00837869 -0.00741302  0.00121501 -0.00904066  0.00535912 -0.00135982
 -0.00368805 -0.00246042  0.00427773 -0.00626754 -0.00314882 -0.00950444
  0.00138755  0.0005764  -0.00539442]
[ 0.0151317   0.01491341 -0.01883469 -0.00030932 -0.01189614 -0.00106732
 -0.0032793   0.00293126  0.00450611 -0.00672172 -0.00091688 -0.0153588
  0.02622007  0.0025409   0.00380836 -0.00509914  0.01445535  0.01391513
 -0.00419921  0.00859494 -0.00090237]
[  4.12328464e-03   3.82259556e-03   1.54917208e-02  -4.66985192e-04
  -1.79658547e-04   1.30203476e-03  -1.06943887e-03  -7.06626209e-04
   3.24317873e-03   2.03571961e-03  -5.81439651e-05  -9.76762850e-03
  -4.17650891e-03   2.19121465e-03   3.46948602e-03   2.32813465e-03
   7.37066577e-03   7.11949746e-03   2.35916989e-06   2.09461443e-03
  -1.19750280e-03]
[ 0.00667876 -0.00703053 -0.00083349  0.02544274  0.00599207  0.00729917
 -0.01275169  0.00470611 -0.00694222  0.00406102 -0.00326112 -0.00157292
  0.00248554 -0.0057951  -0.01550693  0.00821153 -0.00222675  0.01142707
 -0.0064777   0.00160272  0.00442966]
[ 0.00777367  0.00600392  0.00872201  0.00260916 -0.00963456  0.00085423
  0.00703501  0.01810748 -0.00506844  0.00344263  0.01544012  0.0068544
  0.00232508  0.01050051  0.00284388 -0.0014353   0.00444539  0.00208716
 -0.01144897 -0.00462936 -0.0191593 ]
[ 0.00709734 -0.00801905 -0.00083627 -0.02501147 -0.00588513 -0.00673876
  0.01436755 -0.00632145  0.0044271  -0.00236842  0.00428053 -0.00061281
 -0.00551544  0.00377939  0.00887936 -0.00939796 -0.01041532  0.00303214
  0.00587638  0.00576765  0.00241574]
[ 0.00779826  0.0076373  -0.01166586 -0.00086894  0.00459078 -0.00014435
  0.002871    0.00937029  0.00230536 -0.0105117  -0.00766718 -0.00216426
 -0.00304894  0.00805595 -0.00556034  0.00174374 -0.00754794 -0.00616315
 -0.0040835   0.00228429 -0.00308407]
[  5.07915623e-03   4.69977364e-03   6.43286816e-03  -1.33145853e-03
   1.67307744e-04  -1.11200394e-03   2.09821390e-05  -1.82059942e-03
   2.65436757e-03  -6.50571622e-03  -7.73728186e-03   9.41305586e-03
  -5.23026390e-03   1.18697415e-03  -7.54065334e-03   5.34885023e-04
  -3.86840701e-03  -8.70951865e-03  -5.70624492e-04   4.74359580e-03
  -5.01870728e-03]
[ 0.00969427 -0.00876102  0.00326483  0.014144   -0.00285015 -0.02118416
 -0.01130244 -0.00492583  0.00434282 -0.01707251  0.00981336 -0.00550308
 -0.00930987 -0.00492462  0.03168977  0.01170509  0.00040825  0.00585503
 -0.00546586 -0.01312454  0.01827607]
[ 0.00595792 -0.00671026 -0.0004907  -0.02114517 -0.00107185  0.00341674
  0.00094346 -0.00210227 -0.00426067 -0.00359754  0.00559504 -0.00241951
 -0.00690983 -0.00324602 -0.01644695 -0.01057327  0.00411201  0.01982892
 -0.02200618 -0.00029821  0.01333983]
[ 0.01316724 -0.01478184 -0.0010933   0.00566362 -0.00312603 -0.00394262
 -0.00732177  0.00939895  0.02000111 -0.00713711  0.00060773  0.00229058
  0.00358596 -0.03633087 -0.00966168  0.00228193  0.01128003 -0.01751607
  0.01346754 -0.00690267 -0.0254044 ]
[ 0.01412425 -0.01574604 -0.00068536 -0.00706653  0.00190227  0.00578935
 -0.01064653  0.00717109 -0.01036763  0.01345225 -0.01083144  0.00104574
  0.01253902 -0.0008062  -0.00192442  0.03887068  0.017149   -0.01875883
 -0.00286382 -0.01524947  0.01060909]
[ 0.0147111   0.01392554  0.02034883 -0.00098507  0.0034387   0.00142425
  0.00585215  0.02147484  0.00812729  0.01351476 -0.00099651 -0.02269632
 -0.02568562 -0.00275616 -0.00096008  0.00257166  0.00530883  0.00551474
  0.01157971  0.00465012  0.00211592]
[ 0.01048643  0.01005793 -0.00789438 -0.00091786  0.01120612 -0.00342
 -0.00110439 -0.01097099  0.00454573  0.00273825 -0.00744025  0.00427162
 -0.02709633  0.00828857 -0.00422521  0.00572655  0.00636698 -0.02969197
 -0.01650405  0.0106461  -0.01410598]
[ 0.00562407  0.00536463  0.01095486  0.00109643 -0.00627767  0.00097701
  0.0010191   0.00137296  0.00416478  0.01103329  0.00351255  0.00494399
  0.00261908 -0.00124321 -0.00085173 -0.00662557  0.01636207  0.00139502
  0.00379575  0.01319984  0.00098334]
[  2.22457678e-02  -2.45064249e-02  -1.30029852e-03  -1.89795395e-02
  -2.46120591e-03   6.48473857e-05  -1.60383062e-03  -1.02927716e-03
   1.85823718e-03  -5.95998161e-03   5.27389257e-03   3.56829899e-05
  -2.58076560e-03   5.73644421e-03   1.51692007e-02  -2.27544185e-02
  -2.76655677e-03  -7.77093870e-03   1.63135891e-02   2.53905000e-03
  -1.09984378e-02]
[ 0.00686147  0.00547858  0.00602778 -0.001334    0.01085957  0.0003945
  0.00195743 -0.00021451  0.00252572  0.00707334  0.00093401  0.00234876
  0.00983771 -0.00598601  0.0025195  -0.00777238  0.00600018 -0.01469098
  0.01216569  0.00695299  0.02362786]
[ 0.00782348  0.00697586  0.01368295  0.00073562  0.01916075 -0.00487434
 -0.00191271 -0.01559012  0.00776498  0.01131271  0.01898181  0.02425596
  0.00117907  0.01245436 -0.01185577 -0.00264527  0.00896287  0.00116226
  0.00490957 -0.01238525 -0.00652849]
[  1.06215422e-02  -1.02572551e-02   8.74600161e-05   9.90734096e-03
   7.81401693e-03  -6.50117084e-03  -4.93822896e-03  -2.00876924e-03
  -9.72841337e-03   9.32684829e-03  -1.90436927e-03  -1.38446224e-03
   1.30197238e-04   1.67234428e-02  -4.04600251e-03   4.83131071e-04
  -1.74925163e-02   1.62064651e-02   5.20643409e-03   1.50352021e-02
   4.16643545e-03]
[ 0.00453477 -0.00507552 -0.00061931 -0.00850079  0.0014564   0.00489505
 -0.01200902  0.007449    0.00037732  0.00946754 -0.00510238  0.00502888
  0.0006059   0.0032802  -0.00983145  0.00460972  0.00118343  0.01509137
 -0.01949369  0.00148527  0.00937361]
[ 0.01772965 -0.01943521 -0.00093012  0.00668617  0.00937952  0.04366451
 -0.01224117 -0.00170395 -0.00240117 -0.00076883  0.00095705  0.00183488
 -0.00196304  0.02194098  0.00271805 -0.00390462 -0.00821935 -0.00453765
  0.00700587  0.01415193 -0.00196925]
[  7.25181886e-03  -7.77161084e-03   4.56696663e-05   3.14710005e-02
   2.12341750e-03   1.34379132e-03  -7.37217545e-03   3.12667814e-04
  -3.67639301e-03  -4.25057544e-03  -7.99010380e-04  -3.55049493e-03
  -6.12611097e-04  -6.03901113e-03   1.25506889e-03   8.56750146e-03
   2.74206383e-03  -1.86701012e-03  -8.03875637e-03  -8.98133427e-03
   8.86011262e-03]
[  1.10763704e-02   1.06487205e-02  -1.07596582e-02   5.27048242e-06
   7.14982877e-03  -1.59168309e-03   9.37884836e-04  -1.62210270e-03
  -2.37108855e-03  -1.20612016e-02   9.09155350e-03   2.24212181e-02
   5.47085368e-03   6.53398526e-03  -7.48722496e-03   2.04338620e-03
  -9.34145366e-03  -1.04546143e-03   2.27548076e-03  -1.21121942e-02
   2.02002782e-02]
[ 0.01351945  0.01255907  0.02175919 -0.00017072  0.00432929 -0.00557583
 -0.00950181 -0.02797767  0.0142158   0.00186771  0.00051864  0.01221706
  0.00582702  0.00395841 -0.00949489  0.0004122   0.00204566  0.00373897
 -0.0075022  -0.00020577  0.00527197]
[ 0.00487958  0.00462533  0.00609102  0.00043473 -0.0147627   0.00184054
 -0.00588593 -0.00610119  0.00366271 -0.00121271  0.0016432  -0.01074444
 -0.00392534  0.0046347  -0.00271767  0.00581047 -0.00096805 -0.01130713
 -0.00415789  0.00668172  0.00778679]
[  1.06575432e-02   9.87564854e-03  -1.48295070e-02   5.00696458e-04
  -7.60187518e-03   2.76738190e-04  -4.75258141e-03  -1.83663860e-02
   4.31584670e-03  -5.62433573e-03   1.42039343e-02   6.43947429e-05
   3.26393874e-02   4.88048790e-03   9.27695347e-03   6.30607486e-03
   1.18545173e-02   1.16573705e-02  -6.41188607e-03   1.50559382e-03
  -2.14549720e-02]
[  9.41656150e-03   8.68073586e-03   2.02638463e-02  -4.17333832e-04
  -5.56745493e-03   2.45869250e-03  -1.74977758e-03   5.25827368e-05
   2.98718458e-04   7.27313463e-03   1.38336208e-02  -1.44031441e-02
   1.94687569e-02   5.25139678e-03   3.63418375e-04  -4.23858182e-04
  -2.54558883e-03   7.13759911e-03  -4.47789919e-03  -1.70392064e-02
  -1.44657585e-02]
[ 0.00524766  0.00503349 -0.01067691  0.00228705 -0.01528585  0.00290873
  0.00355532  0.00860007 -0.00605673 -0.0043635   0.004178    0.01494478
 -0.00304772  0.00256604  0.00037124  0.00031843  0.00373288  0.00852749
  0.00694185 -0.00380724  0.00337059]
[ 0.00742354  0.00710483 -0.00694364  0.00118453 -0.01214309 -0.00131917
 -0.01137403 -0.02629106  0.00089838  0.00833975 -0.00880474 -0.01018384
  0.0005594  -0.00455561  0.00498508 -0.00358403  0.00923821  0.00571447
 -0.00301538  0.00362746  0.00022166]
[ 0.00401129  0.00377632 -0.00380475 -0.00137491  0.00836984 -0.00084899
 -0.00163225 -0.0053967   0.00412044 -0.0030617   0.00165441 -0.00649554
  0.00940103  0.00097143  0.00071896 -0.00054209 -0.00564759 -0.00926383
 -0.00184893  0.00067286  0.00688233]
[ 0.02403331 -0.02630595 -0.00157623 -0.00804816 -0.00336989 -0.01387024
 -0.01727292  0.01153886  0.01312122 -0.01437438  0.00727721 -0.00387368
  0.00240299 -0.0489729  -0.01269273  0.01001841  0.02522949 -0.0274965
  0.01258444 -0.01897377 -0.00881895]
[ 0.00450244  0.00422981 -0.00606238 -0.00095675  0.01087416 -0.00109906
  0.00468564  0.0164496   0.00313344 -0.00035488  0.00178929 -0.00712023
  0.0006038  -0.00322696 -0.00172711 -0.00046994 -0.00367123  0.00721952
  0.00815275 -0.00933841  0.00868561]
[ 0.00807686  0.00793782 -0.00974391 -0.00038419  0.00635407 -0.00119187
 -0.00259589 -0.01104974 -0.00440039  0.01194202  0.01479856  0.01672015
  0.00304933 -0.01371288  0.00285226 -0.00255301  0.00030827 -0.00802626
 -0.00183827 -0.00062115  0.01339424]
[  1.48007788e-02   1.35232149e-02   2.08286330e-02  -3.41939484e-04
  -1.87437763e-02   1.32803111e-03  -1.01278516e-03   1.19562881e-02
   2.54060281e-03  -8.02319925e-03  -1.88121691e-02  -6.69187999e-03
  -1.24867791e-02   3.77451475e-03  -4.22150605e-03   4.95900534e-03
  -2.23905052e-03   1.44128615e-02   2.54801499e-02  -2.57318365e-03
  -5.50095129e-05]
[  3.25310930e-03  -3.63546118e-03  -5.89212434e-04   1.73560253e-02
   5.05888286e-03   2.68526385e-02  -1.00643786e-02   1.71203874e-03
   6.90359715e-03  -3.30355460e-03   4.43736632e-04   2.10292933e-03
  -1.18941549e-03   9.09336646e-05   2.48287795e-04  -8.60149434e-03
  -2.27533153e-03   1.19706919e-03   1.93399551e-03   4.95327779e-03
  -3.32808284e-03]
[ 0.00493719  0.00487755  0.00118476  0.00068768 -0.01463921  0.00232413
  0.00065258  0.00961662 -0.00172678 -0.0021275  -0.00291002 -0.00052369
 -0.0048455   0.0048677  -0.00472026 -0.00219578  0.00041069 -0.00820817
 -0.00626606 -0.00043561  0.00014912]
[ 0.0103725   0.01011964 -0.01089708 -0.00262086  0.01155492 -0.00175512
  0.00320013  0.00851318  0.00297308 -0.02785582 -0.01840672  0.00302333
  0.00576261  0.00624886 -0.00246352  0.00571359 -0.00451673  0.00899674
 -0.00623825  0.01105001 -0.00863411]
[ 0.01642421  0.01515943  0.01982028 -0.00164515  0.01830819 -0.00390432
  0.00269026 -0.00317703  0.00432766 -0.02013334 -0.00849889  0.009473
  0.01945365  0.00089388 -0.00283619 -0.00162584 -0.01659083  0.02011374
  0.01527764 -0.02911267  0.00344287]
[  8.17108638e-03  -9.03417075e-03   1.80123816e-04   7.43694244e-03
   7.39611800e-04  -1.50264184e-02   8.81510064e-03  -5.87571710e-03
  -1.24351916e-02   1.90696324e-05   3.05493895e-03  -7.86630767e-03
   3.34751643e-03   5.03853274e-03  -1.29235592e-02   5.75258394e-03
  -1.28232338e-02  -2.08519050e-03   1.78321162e-02   1.67381497e-02
  -6.20959738e-03]
[ 0.0090074  -0.00986055 -0.00015095 -0.00844919 -0.00079115  0.00747482
  0.0128305  -0.00349707  0.00884446 -0.00753098  0.00279898 -0.00373183
 -0.00085441 -0.00954586  0.00399507  0.00392447 -0.00353845  0.00372573
  0.00893511 -0.00182293 -0.00957857]
[ 0.0057165  -0.00548224 -0.00124967  0.01748374 -0.00849189  0.00629026
  0.02513788 -0.00257236  0.01981232  0.0050741  -0.00626041  0.00916892
 -0.00011794 -0.00128079  0.01206629 -0.00259358  0.00420481 -0.001026
 -0.0093696  -0.00512646  0.00299369]
[ 0.01314398  0.01208237  0.01127826  0.00071561 -0.01476649  0.00349121
  0.00429256  0.01332677 -0.0101224  -0.00290628 -0.0167077  -0.00757225
 -0.00509365 -0.01051992  0.01080139 -0.00510411 -0.00841629 -0.01017587
 -0.00950302  0.01342267  0.00298769]
[ 0.00718663 -0.00734244 -0.00011058 -0.00145315  0.00331995  0.01894585
  0.01508822 -0.00385633 -0.00564161  0.01072458 -0.0084844   0.00086388
  0.00704119  0.01450647  0.01680493 -0.00497664  0.00072929 -0.00892024
  0.01034197 -0.00322559  0.00465485]
[ 0.01165918 -0.01267722 -0.00010389 -0.01889579 -0.00109055  0.01506128
  0.01179114 -0.00926263 -0.00188048 -0.00628835  0.00594633 -0.00210758
 -0.00850536  0.00881612  0.01668411 -0.01581621  0.0072663  -0.00077506
 -0.00512486 -0.0147669   0.00923465]
[ 0.0100314  -0.0111934  -0.00111934 -0.00771532  0.00235571  0.0267617
 -0.0058995   0.00141608  0.01100266  0.00087847 -0.00064904  0.00415486
  0.00092932 -0.00288261 -0.00518865  0.00279357 -0.00319167  0.00736127
 -0.00170972  0.00521082 -0.00596155]
[ 0.00321851  0.00319221 -0.00904934 -0.0013783   0.02253563 -0.00373011
  0.00302996  0.00151957  0.01159676  0.00710476  0.00609894 -0.01148872
 -0.00647284  0.00709066 -0.00211252  0.00088787  0.00847938 -0.00902032
 -0.00348169 -0.00101518  0.00046101]
[ 0.00369924 -0.00421708 -0.00066442 -0.00588842 -0.00218314  0.0017868
  0.00318943 -0.00120045  0.00888728 -0.00329395  0.00230605  0.00160044
 -0.00319057 -0.00542168 -0.00233191 -0.00804201 -0.00036973  0.00244438
 -0.00373235  0.00120707 -0.00069543]
[ 0.00794798 -0.00170074  0.00592791  0.00080094  0.00504692  0.00467307
 -0.00610955 -0.01879906 -0.00644375 -0.01776382  0.0203937  -0.00844671
 -0.01302295  0.00642235  0.01284229  0.01518552 -0.00733361 -0.00144712
 -0.00025926 -0.00190436  0.0118894 ]
[  1.32581364e-02   1.25831187e-02   1.13261232e-02  -4.71955561e-03
   2.16463350e-02  -5.39550458e-04   2.12591649e-03  -4.93496414e-03
  -1.30371784e-02  -1.10826165e-02  -1.28796355e-02   2.16858446e-02
  -9.90724725e-03  -2.69265415e-02   1.84797546e-02   8.92233304e-03
  -8.65885768e-03  -4.75783768e-03  -2.15807813e-02   2.92590792e-02
   1.58147720e-05]
[ 0.00900628 -0.00813281  0.00169004  0.02465023  0.00026204 -0.01315221
  0.03133529 -0.00839488 -0.01196707 -0.00022662  0.00021927 -0.00645684
  0.00144709  0.00065042 -0.009304   -0.00185925  0.00170679  0.00258778
  0.0001045   0.00441568  0.00371651]
[ 0.0114492   0.01084042 -0.00437278  0.00026372 -0.00066678 -0.00170885
  0.00253923  0.00521186  0.00548199 -0.00378022 -0.00126883  0.01202976
  0.00565937  0.00143249 -0.00424849 -0.00393482  0.02053912  0.00371781
  0.02007217  0.00296621  0.01289996]
[  2.58290150e-03   1.82754024e-03   1.50289222e-03   6.11068186e-04
   7.74979107e-03  -1.58392681e-03   4.50331078e-03   6.77860382e-03
   4.97329016e-04  -6.91654443e-03  -2.39845488e-04  -7.36695287e-03
  -3.40853618e-03   1.61044414e-03   5.80490632e-03   2.79985796e-03
   1.81576288e-04   2.60179188e-03  -6.64994782e-03   9.76857298e-05
  -9.31621974e-04]
[ 0.01060769  0.01013579 -0.01555105  0.00215091  0.00676625 -0.00280181
  0.00555569 -0.00170161 -0.00870387 -0.00126369  0.00312132  0.01168488
 -0.00798394  0.00303546  0.00609928  0.00630658  0.01976319  0.01988433
 -0.00379225  0.00158225 -0.01882904]
[ 0.01485743  0.01464512 -0.00924622  0.00048174 -0.02648742  0.00500559
  0.00309138  0.02574243 -0.00279576 -0.00514482  0.02614248  0.00250984
  0.0290865   0.00358492 -0.0048058  -0.00606683 -0.02407424 -0.01724018
 -0.0118511   0.00079366  0.00722185]
[ 0.01246997 -0.01357142 -0.00018563  0.00146839  0.00492248 -0.00758409
 -0.01800974  0.00987171 -0.0093398   0.01677207 -0.01012951  0.00517702
  0.0068268   0.0267253   0.01159452 -0.00091455  0.00145657 -0.00863987
  0.00520476  0.00326121  0.00202788]
[ 0.02276907 -0.02503904 -0.00308431 -0.01577836 -0.00305015 -0.04527225
 -0.03095917  0.02234775 -0.00440799  0.02326615 -0.01740527  0.01575356
  0.00598454  0.0245799   0.00642803 -0.02008815 -0.00717387 -0.00756114
  0.00731245  0.00786303 -0.01950861]
[ 0.00521738  0.00467093 -0.00270358  0.00130561 -0.00119331  0.00253501
  0.00387686  0.00446124  0.00171992 -0.00589306  0.00137533  0.00730666
 -0.01990771  0.01236164 -0.0059477   0.00609858 -0.00289697 -0.00169244
 -0.00090628 -0.01304094 -0.00034144]
[ 0.01705281 -0.01826392 -0.0013688  -0.00033599 -0.00789601  0.00235157
  0.00670825  0.0005087   0.02833681  0.00101849 -0.00631607  0.01321709
 -0.0030332   0.00283279  0.03291531 -0.00721223  0.00169995 -0.00427772
 -0.00262518 -0.01070119 -0.00053679]
[  1.16035171e-02  -1.23069417e-02  -3.47977965e-05  -1.28638082e-02
   1.11814006e-03   6.22124628e-03  -1.07433537e-02  -3.90193605e-03
   4.49729943e-03  -1.27160059e-02   1.19158884e-02  -1.42262546e-03
  -6.96524383e-03  -1.47445454e-04  -3.14884417e-04  -2.94515231e-03
  -1.37344102e-02   4.17281677e-03   1.66545776e-02   1.31618543e-02
  -9.08864055e-03]
[ 0.00889638  0.00839496 -0.00718573  0.00299686 -0.01423757  0.00183434
 -0.00083526 -0.00307016 -0.0025861   0.00736088  0.00706743  0.00117667
 -0.01811219  0.00272189  0.00154675  0.00816398  0.00898206  0.00223103
 -0.00011012  0.01479025 -0.00703516]
[ 0.01535965 -0.01649166  0.00014316 -0.00052386 -0.00177504 -0.01232188
  0.02793081 -0.0153776  -0.017274   -0.00817049  0.0087335  -0.01405093
 -0.00296038  0.00037893 -0.02511143 -0.00653331 -0.00417191  0.00749212
 -0.00123976  0.01134082  0.01076055]
[  6.40128664e-03   6.02731034e-03   9.58605175e-05  -3.26855703e-04
   5.73539168e-04   3.67182607e-06   1.06292011e-03   3.53993259e-03
  -6.24610553e-03  -6.30132483e-03  -7.62403493e-03   6.28139519e-03
   5.48255240e-03  -6.81462638e-03   2.90632839e-03  -3.99036568e-03
   1.31386634e-04   3.89498119e-03   7.30449178e-03  -4.63698616e-03
   1.48736581e-02]
[ 0.00906574  0.00874127 -0.00809035  0.00034622 -0.00802657 -0.00024355
 -0.01138786 -0.02640693 -0.00126055  0.00922293 -0.01124422 -0.00753528
  0.00521123 -0.00878547 -0.00091361 -0.00911951 -0.02265021  0.00306255
 -0.00439875 -0.00830506  0.00599552]
[ 0.005128    0.00510703 -0.00833576 -0.00075513 -0.00207613 -0.00087064
 -0.00198383 -0.00516482  0.00153226 -0.00845553 -0.01174384  0.0028489
  0.00999989  0.00218836  0.00060392 -0.00214167  0.01194843  0.00925579
  0.00171778  0.00595905 -0.00721024]
[ 0.0116539  -0.01280286 -0.00027984  0.00055927 -0.00369447 -0.03224779
 -0.02809878  0.01549355  0.00530071  0.00619381 -0.00496307  0.00815656
 -0.00161093  0.01169634  0.02829747  0.00156851 -0.00716003  0.00545198
 -0.00093647 -0.00306237  0.00534072]
[ 0.01348203  0.01265872  0.01602202 -0.00371074  0.00969263  0.0030388
  0.00320833  0.00476797 -0.01382134 -0.00492775 -0.01566388  0.00109959
  0.00799718 -0.01796018  0.01229342 -0.00716062  0.01481905 -0.01430879
 -0.00327949  0.02831713  0.01908447]
[ 0.00603591 -0.0022593   0.00237578  0.00090225  0.0003906   0.00380213
 -0.00231071 -0.00994863 -0.00192129 -0.00984773  0.00961492 -0.00721877
  0.00210211 -0.00167507  0.00737423  0.02247952 -0.00985826  0.00195386
  0.00996359  0.00075486 -0.00482122]
[ 0.01055919  0.01021162 -0.01853822  0.00251225 -0.01950558  0.00305976
 -0.0062829  -0.00993401  0.00179868  0.00738993 -0.01506583 -0.01088118
 -0.00557192 -0.00069139 -0.01214315 -0.01058215 -0.00921666 -0.0214024
  0.00107281 -0.01524004  0.01404377]
[ 0.00617015  0.00611819 -0.00916734 -0.0004948   0.00129946  0.0014452
  0.00222311  0.00412147 -0.00904579  0.00979596  0.01169374  0.00970586
  0.00291546 -0.01260141  0.00853003 -0.00314562 -0.01640608  0.00022617
 -0.00748144  0.00580584 -0.00890574]
[ 0.00234299  0.00125332 -0.0028151   0.00238277  0.00334436 -0.00242729
 -0.00195412 -0.00707704 -0.00444362 -0.00120781 -0.00122521  0.00797487
 -0.00073101  0.00157476 -0.0013869  -0.00080496  0.00378603  0.00332038
  0.00100399 -0.0011903   0.0035295 ]
[  1.27761753e-02  -1.39711716e-02  -4.57313682e-05  -4.47308752e-03
   7.94391701e-04  -4.10191578e-03  -3.46421498e-03  -1.20012044e-04
  -2.12657006e-02  -2.29789895e-03   2.44286036e-03  -6.55375585e-03
   1.30298143e-03  -5.04128941e-03  -2.25945331e-02  -8.47651879e-03
   1.57731170e-02  -4.76916752e-03  -8.70621485e-03  -7.27947660e-03
  -2.89090420e-04]
[ 0.01338892  0.01259486  0.01552933 -0.00070693  0.01026026 -0.00049323
  0.00104258  0.00425112  0.00137923  0.02657507  0.00560865  0.00645172
 -0.01425796 -0.0101244  -0.00235935 -0.00718185 -0.00081295  0.00750327
  0.01112095 -0.00039099  0.00331399]
[ 0.01318475 -0.0138415   0.00154791  0.03620003 -0.0052398  -0.03042148
  0.03072656 -0.00523807  0.01266893  0.00927362 -0.00592978  0.00664971
  0.00082381  0.00883147 -0.00622181 -0.00985701 -0.01024685  0.00709537
 -0.01338637  0.01107568  0.00014385]
[ 0.006753   -0.00749397  0.00011074  0.00945246  0.00031226 -0.01017257
 -0.01155177  0.00296186  0.00372187 -0.01324071  0.00890717 -0.00421147
 -0.00576331 -0.01992808 -0.00673346 -0.01146595  0.00520287 -0.00215142
  0.0031805  -0.00299419 -0.00688099]
[ 0.00855605 -0.00688191  0.00505158 -0.00172157  0.00464429  0.00665667
  0.00778409 -0.00102108 -0.04767799 -0.00012256 -0.00495159 -0.0099931
  0.00559967  0.00640815  0.00712794 -0.00924882  0.02523729 -0.01219847
 -0.00327491 -0.02336111 -0.00592902]
[  8.95838959e-03   8.64033863e-03  -1.53180104e-02  -1.70562019e-03
   2.36773933e-02  -2.74459609e-03   3.26323885e-03   8.51144935e-03
   6.19959418e-03   1.35942363e-02   7.86268206e-04  -2.26746105e-02
  -1.72221892e-05  -6.21412535e-03   9.54291019e-03  -2.16930304e-03
   3.44659023e-03   1.83002328e-02   9.19459860e-03   2.90058464e-03
  -2.80952154e-03]
[  8.33417782e-03   7.82484023e-03   8.95672097e-03  -2.41205931e-04
   5.15034536e-03   1.24716760e-03   3.67522608e-03   2.79576485e-03
  -1.40513013e-02   6.21758002e-03   2.69362132e-03   1.37321622e-02
  -8.04594916e-03  -1.30066655e-02   4.07414839e-03  -8.71275089e-05
  -1.53722288e-02  -1.92979215e-03  -1.16337885e-02  -1.61290591e-02
  -1.76294077e-02]
[ 0.01378786  0.013417   -0.02029946 -0.00318896  0.01600645 -0.00447651
  0.00228111  0.00690848  0.01343621 -0.00967011 -0.01018436 -0.02580904
  0.01715585  0.0084052  -0.00336506 -0.00726933  0.00769315 -0.0115492
 -0.01944416  0.00405763 -0.005075  ]
[ 0.01221009  0.01172181  0.00441954 -0.00023044 -0.00266149 -0.00093252
 -0.00298402 -0.00493496  0.01033618 -0.00258178 -0.00405646  0.00196931
 -0.02117142  0.01867419 -0.02128883  0.00422054 -0.00643147 -0.01782606
 -0.00478864 -0.01717141 -0.00690457]
[ 0.0046571  -0.00517955 -0.00012281  0.00424102  0.0015154   0.00289106
  0.00097635 -0.00278321 -0.00384608 -0.00885004  0.00722699 -0.00533332
 -0.0058451  -0.00459453 -0.0074183  -0.01916586  0.00287675  0.00515933
 -0.00106845  0.00125298  0.00104383]
[ 0.01477794 -0.01627311 -0.0015191   0.01116734  0.00091167 -0.00112656
  0.00161561  0.00882064  0.00842632  0.01435296 -0.01249686  0.00551045
  0.01011628 -0.00675908 -0.01417029  0.01425699 -0.00197238  0.00836382
 -0.00983118 -0.00345303 -0.00062269]
[ 0.00792499  0.00699991  0.00397317  0.00039237  0.00204799  0.00250852
  0.00148073  0.00394626 -0.01668684  0.00977036  0.00406536 -0.00418731
 -0.00702783 -0.01667044  0.01325492  0.00306048  0.00033932  0.00431094
 -0.00733566 -0.00101803 -0.00675489]
[  1.34502179e-02  -1.45760963e-02  -1.46143731e-03  -7.93913099e-03
  -1.64203794e-03   1.76123183e-02   2.76540167e-02  -6.69357596e-03
  -7.32450568e-05   1.79444337e-02  -1.48411389e-02   1.64351933e-04
   1.54058171e-02  -2.14101319e-03  -4.22335312e-03   4.31797966e-02
  -5.69870054e-03  -5.01682469e-03   1.28554425e-02   8.43716503e-04
  -2.42168832e-03]
[ 0.01134228  0.01101567 -0.02749519  0.00184745 -0.00386458  0.00358341
  0.00414219  0.02084522 -0.00699486  0.00491718  0.02094316 -0.00090694
 -0.00826198 -0.0035675  -0.00232523  0.00515412 -0.01215255 -0.00251181
  0.01115901 -0.01218204  0.01966013]
[  9.40114619e-03   8.81521571e-03  -8.91761188e-03   1.10256309e-03
  -3.73865952e-03   9.76648511e-05  -1.70894666e-03  -5.56200024e-03
   4.34731966e-03   1.44226851e-02   3.20547898e-02  -5.62722797e-03
   9.22338057e-03   3.24888905e-03   2.95519507e-04   4.52246807e-03
  -1.40793625e-03  -5.93748658e-03  -3.32947137e-04   6.16101153e-03
  -8.84362833e-03]
[ 0.01891652 -0.02115272 -0.00156386 -0.00271217 -0.00139157  0.01186722
 -0.00447345  0.00503616  0.0166486   0.00083976 -0.00260843  0.00617827
 -0.00711938  0.00244632  0.01625946 -0.0122004   0.00616121  0.01413494
 -0.02842477 -0.00999902  0.02093691]
[ 0.01514084  0.01407936  0.00267178  0.00113235 -0.01165683 -0.00012246
  0.0022173   0.00962629  0.00162387 -0.02696375  0.00011467 -0.00470147
 -0.00018528  0.01937493 -0.00186261  0.01171728  0.00602482 -0.00092669
 -0.00888758  0.00552792 -0.00121908]
[ 0.00476508  0.00457073 -0.0068824   0.00097557 -0.00412822 -0.00020959
 -0.00119772 -0.00316799 -0.00060873 -0.00291709  0.00470182  0.01255639
 -0.0069095   0.00299914 -0.00189106  0.00677081  0.0170889   0.00160676
  0.01177658  0.00925315  0.007     ]
[ 0.00484198  0.00474485 -0.01008967  0.00066533 -0.00775554  0.00120181
 -0.00058519  0.00045595 -0.00454234  0.00335478 -0.00380137 -0.00072127
 -0.01694367 -0.00362442  0.00206806  0.00598299  0.00652126  0.01158929
  0.01564344  0.00237628 -0.00059675]
[ 0.00916128 -0.01015127 -0.00064487 -0.02195155 -0.00225478 -0.00510277
  0.00028672 -0.00079105  0.00105623  0.00543038 -0.00150922  0.00061195
  0.00347757 -0.0059247  -0.01404539  0.0302325  -0.00439974  0.00709501
 -0.00787386  0.00660056  0.00893032]
[  8.91676265e-03   8.22548091e-03   1.78667733e-02   9.12598109e-05
  -6.22772229e-03   1.06420857e-03   2.94820663e-03   1.37605609e-02
   4.07069734e-03  -5.44474735e-03   8.26368173e-03   2.10399201e-03
   1.68308465e-02   4.17494843e-03  -6.19103803e-03  -3.81655660e-03
   5.92745576e-03  -5.41469351e-03   5.07870743e-03   8.82743993e-03
   5.54260363e-03]
[ 0.00936433  0.00887178 -0.016677   -0.00029738 -0.00645933  0.00075344
 -0.00447485 -0.01383598  0.00023748  0.01558347 -0.02370481 -0.01073113
 -0.00730894 -0.00558569 -0.00378176 -0.01238786 -0.00599602  0.00881258
  0.01443395 -0.02034703 -0.00783342]
[ 0.01415642  0.0133609   0.02936314  0.00201642 -0.00524102  0.00219448
 -0.00204101  0.00044817  0.00675296  0.02342208  0.00632939 -0.01999729
 -0.00385128 -0.00259139 -0.00226408 -0.00163771 -0.00958749  0.01017341
 -0.00397568 -0.00917142 -0.00428578]
[ 0.00433133  0.00386299  0.0069878   0.00117353 -0.00923435 -0.00105315
 -0.00586749 -0.00532536  0.00350367  0.00060897  0.00196841 -0.01063173
  0.00030429  0.00399948  0.00514891  0.00437114  0.00551838  0.00136409
 -0.00303668  0.00321337  0.00599682]
[ 0.01817737 -0.01945306  0.00190367  0.00713182  0.00928062  0.00852704
 -0.02296054  0.00178376 -0.02286611 -0.00792288  0.00970634 -0.0068057
 -0.00352643  0.0200193  -0.01060262 -0.01694817 -0.00626166 -0.00576478
  0.01438517  0.02009132 -0.0099287 ]
[ 0.00215265  0.00171755 -0.00159604 -0.00029441  0.0060246   0.00161065
  0.00139623  0.00160187 -0.00132744  0.00080424 -0.00365588 -0.00128902
  0.00038113 -0.00065984  0.00337152 -0.0002595  -0.0086537   0.00171453
  0.00103105  0.0025124  -0.00224779]

Right eigenvectors

[ 1.          0.91996646  0.42807265 -0.22786929  0.60095515 -0.042004
 -0.0902956  -0.93012828 -0.63863718 -1.55381911 -1.77864042  0.40162032
  0.42610732  0.33852829  0.13386554  0.27590633 -0.09650797  0.24106312
 -0.07916798 -1.68648952 -1.87686803]
[ 1.          0.94094495  1.35173058 -0.3721899   0.60211713 -0.09522628
 -0.2119097  -0.16411649  0.40181967 -0.41478673 -0.93006403  0.66486709
  0.68397221 -0.48301145 -0.7231208  -0.67834921 -0.97135752 -0.37182489
  0.9582151  -0.05318709  0.4981087 ]
[ 1.         -1.1166278  -0.0929855  -1.07157137 -0.32578404  0.43311532
  0.8731876   0.00699593  0.63764824  0.33635671 -0.17773838  0.22257147
  0.18297477 -0.63583625 -0.68653194  0.45460625  0.20623245  0.0259769
 -0.28219069 -0.0432254  -0.45664726]
[ 1.          0.97891438 -1.72010967 -0.01604037 -0.82372798  0.28233153
 -0.39162235 -0.53842438 -1.21965279  1.45454027  0.20379696  0.37452165
 -0.74547556 -1.57675321  0.84956983 -0.42067087 -1.21492765 -1.00535738
 -1.00848625  1.71267164 -1.23976274]
[ 1.         -1.07139052  0.04848423 -0.21637447 -0.24965889 -0.86311977
  0.55483343 -0.49088744  0.08045744 -0.59866897  0.35487915 -0.09004672
 -0.2442211  -0.1629283   0.28326942 -0.41503389 -0.20851337 -0.62938005
  0.09188317  0.03816923 -0.35721632]
[ 1.          0.98557339 -1.24471674 -0.02044178 -0.78617348 -0.07053551
 -0.216717    0.19371672  0.29779229 -0.44421452 -0.06059329 -1.01500786
  1.73279022  0.16791912  0.25168055 -0.33698367  0.95530223  0.91960067
 -0.27751086  0.56800895 -0.05963434]
[  1.00000000e+00   9.27075352e-01   3.75713106e+00  -1.13255628e-01
  -4.35717063e-02   3.15776103e-01  -2.59365764e-01  -1.71374589e-01
   7.86552229e-01   4.93713092e-01  -1.41013707e-02  -2.36889503e+00
  -1.01290822e+00   5.31424541e-01   8.41437428e-01   5.64631078e-01
   1.78757142e+00   1.72665680e+00   5.72157902e-04   5.07996564e-01
  -2.90424481e-01]
[ 1.         -1.05266944 -0.12479669  3.80949793  0.89718294  1.09289227
 -1.90928921  0.70463751 -1.03944716  0.608049   -0.48828187 -0.23551065
  0.37215503 -0.86769026 -2.32182677  1.22949916 -0.33340731  1.71095553
 -0.96989451  0.23997206  0.6632451 ]
[ 1.          0.77234042  1.12199507  0.33564029 -1.23938381  0.10988823
  0.9049799   2.3293362  -0.65200077  0.44285768  1.98620825  0.88174565
  0.29909636  1.35077975  0.36583558 -0.18463574  0.57185259  0.26849084
 -1.47278894 -0.59551831 -2.46464201]
[ 1.         -1.12986686 -0.11782789 -3.52406106 -0.829202   -0.94947618
  2.02435611 -0.89067818  0.62376915 -0.33370496  0.60311676 -0.08634297
 -0.77711303  0.53250789  1.25108237 -1.32415172 -1.46749575  0.42722214
  0.82796904  0.81264888  0.34037214]
[ 1.          0.97936003 -1.49595788 -0.11142802  0.58869287 -0.01851024
  0.36815861  1.20158773  0.29562523 -1.34795544 -0.98319131 -0.27753158
 -0.39097766  1.03304537 -0.71302405  0.22360597 -0.96790145 -0.7903236
 -0.52364296  0.29292326 -0.39548165]
[ 1.          0.92530598  1.266523   -0.26214168  0.03294007 -0.21893478
  0.00413103 -0.35844525  0.5226001  -1.28086555 -1.52334     1.85327157
 -1.02975055  0.23369515 -1.48462717  0.10530982 -0.76162395 -1.71475699
 -0.11234632  0.93393382 -0.98809862]
[ 1.         -0.90373147  0.33677941  1.45900506 -0.29400382 -2.18522396
 -1.16588836 -0.50811704  0.44797791 -1.76109191  1.01228436 -0.56766301
 -0.96034735 -0.50799252  3.26891588  1.20742318  0.0421127   0.60396822
 -0.5638235  -1.35384459  1.88524391]
[ 1.         -1.12627466 -0.08236012 -3.54908439 -0.17990251  0.57347884
  0.15835304 -0.35285207 -0.71512612 -0.60382388  0.93909194 -0.40609933
 -1.1597716  -0.5448237  -2.76051657 -1.77465721  0.690175    3.32815888
 -3.69359788 -0.05005185  2.239006  ]
[ 1.         -1.12262248 -0.08303189  0.43012979 -0.23740966 -0.29942648
 -0.55605969  0.7138133   1.5190052  -0.54203507  0.04615468  0.17396018
  0.27233919 -2.7591852  -0.73376628  0.17330363  0.8566738  -1.33027597
  1.02280651 -0.52423068 -1.92936371]
[ 1.         -1.11482263 -0.04852385 -0.50031168  0.13468146  0.40988718
 -0.75377636  0.50771467 -0.73403032  0.95242222 -0.76686791  0.07403886
  0.88776557 -0.05707909 -0.13624934  2.75205202  1.21415262 -1.32812918
 -0.20275896 -1.07966565  0.75112612]
[ 1.          0.94660122  1.38322997 -0.06696115  0.23374894  0.09681496
  0.39780503  1.45977118  0.55245989  0.91867814 -0.06773857 -1.54280227
 -1.74600273 -0.18735217 -0.06526239  0.17481062  0.36087228  0.37486967
  0.78714142  0.31609608  0.14383185]
[ 1.          0.95913714 -0.75281856 -0.08752805  1.0686302  -0.32613533
 -0.10531639 -1.04620859  0.43348693  0.26112357 -0.70951224  0.40734702
 -2.58394219  0.79040906 -0.40292157  0.54609153  0.60716394 -2.83146583
 -1.57384784  1.01522615 -1.34516478]
[ 1.          0.9538705   1.94785299  0.19495345 -1.11621438  0.17372003
  0.18120418  0.2441216   0.74052721  1.96179896  0.62455634  0.87907666
  0.46569103 -0.2210513  -0.15144334 -1.17807316  2.90929412  0.2480454
  0.67491189  2.34702596  0.17484411]
[ 1.         -1.1016219  -0.0584515  -0.8531753  -0.11063704  0.00291504
 -0.07209599 -0.04626845  0.08353217 -0.2679153   0.23707397  0.00160403
 -0.11601153  0.25786677  0.68189153 -1.02286506 -0.12436329 -0.34932212
  0.7333345   0.11413632 -0.49440585]
[ 1.          0.79845599  0.87849698 -0.19441946  1.58268853  0.05749558
  0.28527867 -0.03126241  0.36810137  1.03087833  0.13612456  0.34231183
  1.43376152 -0.87240935  0.3671956  -1.13275745  0.87447459 -2.14108223
  1.77304386  1.01333867  3.44355562]
[ 1.          0.89165674  1.7489602   0.09402706  2.44913483 -0.62304025
 -0.24448335 -1.99273558  0.99252344  1.44599525  2.42626229  3.10040622
  0.15070962  1.59192126 -1.51540907 -0.33811922  1.1456371   0.1485602
  0.62754294 -1.58308788 -0.83447446]
[ 1.         -0.96570299  0.00823421  0.93275917  0.7356763  -0.61207409
 -0.46492579 -0.18912218 -0.91591345  0.87810678 -0.1792931  -0.13034475
  0.01225785  1.57448348 -0.3809242   0.04548596 -1.64689043  1.52581092
  0.49017685  1.41553851  0.39226276]
[ 1.         -1.11924661 -0.13656939 -1.87458096  0.32116272  1.07944859
 -2.64820969  1.64264247  0.08320611  2.08776583 -1.12516875  1.10896001
  0.13361276  0.72334549 -2.16801588  1.01652793  0.26096784  3.32792501
 -4.29871813  0.32752881  2.0670539 ]
[ 1.         -1.09619828 -0.05246136  0.37711771  0.52903033  2.46279587
 -0.69043517 -0.09610713 -0.1354326  -0.043364    0.05398041  0.10349211
 -0.1107207   1.2375304   0.15330553 -0.22023118 -0.46359326 -0.25593541
  0.39514965  0.79820666 -0.11107117]
[ 1.         -1.07167746  0.00629768  4.33973891  0.29281171  0.18530404
 -1.01659675  0.04311578 -0.50696151 -0.58613922 -0.11018069 -0.48960061
 -0.08447689 -0.83275813  0.17306953  1.18142795  0.37812084 -0.25745405
 -1.10851588 -1.23849402  1.22177798]
[  1.00000000e+00   9.61390796e-01  -9.71406504e-01   4.75831183e-04
   6.45502862e-01  -1.43700783e-01   8.46743839e-02  -1.46447134e-01
  -2.14067287e-01  -1.08891281e+00   8.20806203e-01   2.02423875e+00
   4.93921158e-01   5.89903104e-01  -6.75963760e-01   1.84481570e-01
  -8.43367759e-01  -9.43866445e-02   2.05435597e-01  -1.09351654e+00
   1.82372723e+00]
[ 1.          0.92896316  1.60947268 -0.012628    0.32022699 -0.41242981
 -0.70282545 -2.06943848  1.05150727  0.13814973  0.03836279  0.90366542
  0.43101032  0.2927939  -0.70231354  0.03048949  0.15131235  0.27656229
 -0.55491867 -0.01522049  0.38995464]
[ 1.          0.94789453  1.24826758  0.08909147 -3.02540193  0.37719197
 -1.20623561 -1.25035153  0.75061928 -0.24852767  0.33675057 -2.20191708
 -0.80444095  0.94981519 -0.55694668  1.19077282 -0.19838833 -2.31723385
 -0.85209935  1.36932299  1.59579049]
[ 1.          0.92663462 -1.39145642  0.04698048 -0.71328589  0.02596641
 -0.44593593 -1.72332269  0.404957   -0.52773286  1.33275878  0.00604218
  3.06256205  0.45793742  0.87045891  0.59170061  1.11231238  1.09381405
 -0.60162891  0.14127025 -2.0131255 ]
[ 1.          0.92185835  2.15193692 -0.04431913 -0.59124076  0.261103
 -0.18581916  0.00558407  0.03172267  0.77237691  1.46907349 -1.52955451
  2.0675017   0.55767668  0.03859353 -0.04501199 -0.27033104  0.75798359
 -0.47553443 -1.80949345 -1.5362039 ]
[ 1.          0.95918838 -2.03460557  0.43582312 -2.91289191  0.55429102
  0.6775063   1.63884083 -1.15417818 -0.83151426  0.79616572  2.84789551
 -0.58077778  0.48898799  0.07074313  0.0606799   0.71134313  1.62500879
  1.32284732 -0.72551292  0.64230301]
[ 1.          0.95706737 -0.93535443  0.15956371 -1.63575429 -0.17770037
 -1.53215693 -3.54157844  0.12101768  1.12341878 -1.18605658 -1.37183089
  0.07535489 -0.61367089  0.67152365 -0.48279197  1.24444753  0.76977727
 -0.4061912   0.48864209  0.02985873]
[ 1.          0.94142324 -0.94851139 -0.34275928  2.08657232 -0.21164995
 -0.40691479 -1.34537952  1.02721117 -0.76327106  0.41244008 -1.61931584
  2.34364603  0.24217377  0.17923531 -0.13514229 -1.40792522 -2.3094421
 -0.46093313  0.16774124  1.71574239]
[ 1.         -1.09456219 -0.06558511 -0.33487513 -0.14021736 -0.57712571
 -0.71870763  0.48011955  0.54595996 -0.59810247  0.30279699 -0.16117982
  0.09998601 -2.03770952 -0.5281309   0.41685515  1.04977199 -1.14409967
  0.523625   -0.78947796 -0.36694688]
[ 1.          0.93944936 -1.34646687 -0.21249597  2.41517218 -0.24410364
  1.04069058  3.65348781  0.69594262 -0.0788206   0.39740529 -1.5814176
  0.13410585 -0.7167135  -0.38359408 -0.10437457 -0.8153865   1.60346921
  1.81074255 -2.07407881  1.92909163]
[ 1.          0.98278444 -1.20639823 -0.04756619  0.78670023 -0.14756583
 -0.3213982  -1.36807339 -0.54481464  1.47854669  1.83221647  2.0701296
  0.37753836 -1.69779819  0.35313976 -0.31608955  0.03816727 -0.99373495
 -0.22759642 -0.07690485  1.65834629]
[ 1.          0.91368266  1.40726602 -0.0231028  -1.26640473  0.08972711
 -0.06842783  0.8078148   0.17165332 -0.54207953 -1.27102563 -0.45213026
 -0.8436569   0.25502136 -0.28522189  0.3350503  -0.15127924  0.97379075
  1.72154116 -0.17385461 -0.00371666]
[ 1.         -1.11753429 -0.18112285  5.33521126  1.55509157  8.25445321
 -3.09377203  0.52627766  2.12215346 -1.01550679  0.13640385  0.64643673
 -0.3656242   0.02795285  0.07632323 -2.64408403 -0.69943286  0.36797694
  0.59450677  1.52262877 -1.02304673]
[ 1.          0.98791909  0.23996647  0.13928651 -2.96508638  0.47073884
  0.13217669  1.94779114 -0.34974878 -0.43091195 -0.58940658 -0.10606983
 -0.98142843  0.98592475 -0.95606023 -0.44474213  0.08318318 -1.66251674
 -1.26915386 -0.08822928  0.03020369]
[ 1.          0.97562177 -1.0505746  -0.25267434  1.11399607 -0.1692093
  0.3085206   0.82074551  0.28663131 -2.68554538 -1.77456948  0.29147576
  0.55556599  0.60244498 -0.23750456  0.5508406  -0.43545283  0.86736436
 -0.60142223  1.06531809 -0.83240368]
[ 1.          0.9229933   1.20677223 -0.10016609  1.11470753 -0.23771758
  0.16379852 -0.19343552  0.26349264 -1.22583332 -0.51746125  0.57677034
  1.18445002  0.05442469 -0.1726834  -0.09899026 -1.01014469  1.22463965
  0.93019015 -1.77254609  0.20962147]
[ 1.         -1.10562664  0.02204405  0.91015345  0.09051572 -1.83897437
  1.07881623 -0.7190864  -1.52185292  0.00233379  0.37387182 -0.96270034
  0.40967826  0.61662948 -1.58162068  0.70401703 -1.56934259 -0.25519134
  2.18234337  2.04846075 -0.75994759]
[ 1.         -1.09471687 -0.01675896 -0.93802839 -0.08783361  0.8298536
  1.42444079 -0.38824424  0.98191032 -0.83608789  0.31074252 -0.41430743
 -0.09485607 -1.05978045  0.44353265  0.43569466 -0.39283841  0.41363048
  0.99197426 -0.20238197 -1.0634114 ]
[ 1.         -0.95902015 -0.2186073   3.05846661 -1.48550474  1.10036897
  4.39742162 -0.44998822  3.46581089  0.88762362 -1.09514729  1.6039376
 -0.0206309  -0.22405104  2.11078165 -0.45370113  0.73555686 -0.17948091
 -1.63904321 -0.89678183  0.52369294]
[ 1.          0.91923242  0.85805578  0.05444394 -1.12344143  0.26561322
  0.32658026  1.01390713 -0.77011717 -0.22111118 -1.27113008 -0.57610023
 -0.38752762 -0.80036061  0.82177482 -0.38832342 -0.64031523 -0.7741849
 -0.72299424  1.0212029   0.22730506]
[ 1.         -1.02168081 -0.01538683 -0.20220161  0.46196128  2.63626228
  2.09948362 -0.53659741 -0.78501381  1.49229583 -1.18058116  0.12020605
  0.97976195  2.01853493  2.33835921 -0.69248561  0.1014786  -1.24122727
  1.43905695 -0.44883259  0.64770878]
[ 1.         -1.08731703 -0.0089108  -1.620679   -0.09353549  1.29179544
  1.01131789 -0.79444919 -0.16128762 -0.53934771  0.51001301 -0.18076534
 -0.72949862  0.75615276  1.43098527 -1.35654558  0.62322537 -0.06647633
 -0.43955571 -1.26654741  0.79204935]
[ 1.         -1.11583569 -0.11158392 -0.76911626  0.23483333  2.66779195
 -0.5881027   0.14116501  1.09682193  0.08757229 -0.06470041  0.41418544
  0.09264096 -0.28735886 -0.5172404   0.27848251 -0.31816826  0.73382293
 -0.17043638  0.5194505  -0.59428882]
[ 1.          0.9918283  -2.811658   -0.42824311  7.00188832 -1.15895507
  0.94141746  0.47213524  3.60314845  2.20746874  1.89495996 -3.56957908
 -2.01113185  2.20308803 -0.65636495  0.27586261  2.63456767 -2.80264004
 -1.08177166 -0.3154195   0.14323656]
[ 1.         -1.13998701 -0.17960869 -1.59179195 -0.59016083  0.48301914
  0.86218666 -0.32451392  2.40246279 -0.89044054  0.62338581  0.43264169
 -0.8624952  -1.46562085 -0.6303767  -2.17396418 -0.09994786  0.66077973
 -1.00895121  0.32630351 -0.18799156]
[ 1.         -0.21398445  0.74583842  0.10077259  0.63499504  0.58795668
 -0.7686923  -2.36526447 -0.81074113 -2.23501218  2.56589854 -1.06274998
 -1.63852445  0.80804825  1.61579444  1.91061467 -0.92270211 -0.182074
 -0.03261908 -0.23960364  1.49590298]
[  1.00000000e+00   9.49086532e-01   8.54277166e-01  -3.55974284e-01
   1.63268308e+00  -4.06957993e-02   1.60348063e-01  -3.72221554e-01
  -9.83334159e-01  -8.35910582e-01  -9.71451426e-01   1.63566311e+00
  -7.47257906e-01  -2.03094467e+00   1.39384254e+00   6.72970376e-01
  -6.53097647e-01  -3.58861723e-01  -1.62773867e+00   2.20687722e+00
   1.19283522e-03]
[ 1.         -0.90301569  0.18765135  2.73700367  0.02909519 -1.46033784
  3.47927019 -0.93211403 -1.32874679 -0.02516256  0.02434674 -0.71692649
  0.16067529  0.07221855 -1.03305662 -0.20643959  0.18951076  0.28733021
  0.01160342  0.49028883  0.41265714]
[ 1.          0.94682731 -0.38192855  0.02303364 -0.05823833 -0.14925514
  0.22178244  0.4552156   0.47881011 -0.33017287 -0.11082242  1.05070749
  0.49430243  0.12511703 -0.37107292 -0.34367659  1.79393396  0.32472209
  1.7531498   0.25907549  1.12671211]
[ 1.          0.70755321  0.58186199  0.23658207  3.00042068 -0.61323547
  1.74350852  2.62441437  0.19254664 -2.67781966 -0.09285894 -2.85220047
 -1.31965396  0.62350196  2.2474362   1.08399719  0.07029935  1.00731363
 -2.57460372  0.03782015 -0.36068815]
[ 1.          0.95551259 -1.46601638  0.20276872  0.63786217 -0.26413042
  0.52374158 -0.16041326 -0.82052381 -0.11913004  0.29425065  1.10154761
 -0.75265599  0.28615688  0.57498631  0.59452893  1.86309944  1.87451931
 -0.35750014  0.14916025 -1.77503566]
[ 1.          0.98571014 -0.62232985  0.03242451 -1.7827727   0.33690792
  0.20806929  1.73262968 -0.18817218 -0.34627906  1.75955602  0.16892808
  1.95770744  0.24128808 -0.3234608  -0.40833658 -1.62035029 -1.16037427
 -0.79765452  0.05341819  0.48607656]
[ 1.         -1.08832867 -0.01488598  0.1177545   0.39474715 -0.60818803
 -1.44424905  0.7916385  -0.74898316  1.34499681 -0.81231265  0.41515934
  0.54745928  2.14317335  0.92979534 -0.07333981  0.11680603 -0.69285379
  0.41738368  0.26152484  0.16262076]
[ 1.         -1.09969506 -0.13546053 -0.69297335 -0.13396017 -1.9883219
 -1.35970277  0.98149578 -0.19359567  1.02183114 -0.76442595  0.69188396
  0.26283627  1.07953003  0.28231398 -0.88225589 -0.31507075 -0.33207929
  0.32115701  0.3453383  -0.85680297]
[ 1.          0.89526288 -0.51818751  0.25024284 -0.22871756  0.48587775
  0.74306568  0.85507333  0.32965295 -1.1295065   0.26360488  1.40044693
 -3.81565315  2.36932013 -1.13997737  1.16889657 -0.55525394 -0.32438533
 -0.17370479 -2.49951861 -0.06544263]
[ 1.         -1.07102086 -0.08026834 -0.01970301 -0.46303279  0.13789898
  0.39338087  0.02983059  1.66170887  0.0597257  -0.37038274  0.77506826
 -0.17787119  0.16611837  1.93019827 -0.42293524  0.0996872  -0.25085149
 -0.15394441 -0.62753207 -0.03147832]
[ 1.         -1.06062167 -0.0029989  -1.10861285  0.09636217  0.53615177
 -0.92587045 -0.33627184  0.38758071 -1.09587513  1.02692039 -0.12260295
 -0.60027005 -0.01270696 -0.02713698 -0.25381548 -1.18364199  0.35961655
  1.43530426  1.13429869 -0.78326601]
[ 1.          0.94363795 -0.80771458  0.33686304 -1.60037876  0.20619004
 -0.09388752 -0.34510178 -0.29069161  0.82740207  0.79441644  0.13226445
 -2.03590668  0.30595491  0.17386281  0.91767511  1.00963174  0.25077965
 -0.01237801  1.66250314 -0.79078973]
[ 1.         -1.07369996  0.00932037 -0.03410605 -0.11556525 -0.80222355
  1.8184527  -1.00116846 -1.12463439 -0.5319449   0.56860013 -0.91479463
 -0.19273749  0.02467049 -1.63489524 -0.42535532 -0.27161454  0.48777939
 -0.0807152   0.7383511   0.70057269]
[  1.00000000e+00   9.41577948e-01   1.49751953e-02  -5.10609384e-02
   8.95974826e-02   5.73607507e-04   1.66047886e-01   5.53003294e-01
  -9.75757825e-01  -9.84384106e-01  -1.19101602e+00   9.81270727e-01
   8.56476628e-01  -1.06457135e+00   4.54022535e-01  -6.23369317e-01
   2.05250353e-02   6.08468485e-01   1.14109744e+00  -7.24383459e-01
   2.32354195e+00]
[ 1.          0.96420931 -0.89240989  0.0381897  -0.88537397 -0.0268653
 -1.25614297 -2.91282835 -0.1390455   1.01733912 -1.24029845 -0.83118219
  0.57482645 -0.96908469 -0.10077649 -1.00593187 -2.49844077  0.33781617
 -0.48520578 -0.91609364  0.66133814]
[ 1.          0.99591111 -1.62553967 -0.14725586 -0.40486093 -0.16978173
 -0.38686167 -1.00718009  0.29880372 -1.64889477 -2.29014187  0.55555889
  1.95005847  0.42674684  0.1177697  -0.4176422   2.33003813  1.80495177
  0.33498052  1.16206153 -1.40605391]
[ 1.         -1.09859046 -0.02401298  0.04799014 -0.31701609 -2.76712489
 -2.41110552  1.32947366  0.4548444   0.53147998 -0.42587228  0.69990012
 -0.13823076  1.00364207  2.42815558  0.13459091 -0.61438959  0.46782503
 -0.08035686 -0.26277653  0.45827785]
[ 1.          0.93893314  1.18839842 -0.27523594  0.71892963  0.22539606
  0.237971    0.35365396 -1.02516776 -0.36550536 -1.16183395  0.08155971
  0.59317383 -1.33215761  0.91183803 -0.53112374  1.09917062 -1.06132322
 -0.24324872  2.10036156  1.41554897]
[ 1.         -0.3743101   0.39360761  0.14948057  0.06471256  0.62991741
 -0.38282751 -1.64824019 -0.3183094  -1.63152388  1.59295233 -1.19596931
  0.34826673 -0.27751677  1.2217259   3.72429634 -1.63326711  0.32370531
  1.65071863  0.12506136 -0.79875538]
[ 1.          0.96708378 -1.75564743  0.23792101 -1.84726068  0.28977179
 -0.59501695 -0.94079297  0.17034211  0.69985721 -1.42679733 -1.03049326
 -0.52768403 -0.06547743 -1.15000705 -1.00217421 -0.87285693 -2.02689773
  0.10159981 -1.4432964   1.33000444]
[ 1.          0.99157839 -1.48575531 -0.08019247  0.21060391  0.23422447
  0.36030118  0.6679683  -1.46605598  1.58763602  1.89521095  1.57303436
  0.47250975 -2.0423178   1.38246603 -0.50981201 -2.65894168  0.03665526
 -1.2125214   0.940955   -1.44335805]
[ 1.          0.53492242 -1.20149867  1.01697678  1.42738573 -1.03597873
 -0.83402623 -3.02051207 -1.89655423 -0.51549979 -0.52292693  3.40371015
 -0.31199944  0.67211609 -0.59193287 -0.34356191  1.61589149  1.41715151
  0.42850658 -0.5080249   1.50640658]
[ 1.         -1.09353318 -0.00357943 -0.35011163  0.06217758 -0.32105976
 -0.27114648 -0.00939342 -1.66448096 -0.17985813  0.19120435 -0.51296696
  0.10198525 -0.39458518 -1.76848959 -0.66346294  1.23457268 -0.37328601
 -0.6814414  -0.56976962 -0.02262731]
[ 1.          0.94069254  1.15986433 -0.05279944  0.76632458 -0.03683834
  0.07786868  0.31751036  0.10301279  1.98485565  0.41890261  0.48187047
 -1.06490722 -0.75617742 -0.17621674 -0.5364028  -0.06071839  0.56040916
  0.83060872 -0.02920259  0.24751761]
[ 1.         -1.04981131  0.11740166  2.74559844 -0.39741356 -2.30732358
  2.33046203 -0.39728272  0.96087767  0.70335988 -0.44974512  0.50434834
  0.06248224  0.66982443 -0.47189423 -0.74760658 -0.77717414  0.5381495
 -1.01529226  0.84003724  0.0109107 ]
[ 1.         -1.10972388  0.01639836  1.39974271  0.04623944 -1.5063771
 -1.71061211  0.43859936  0.55114338 -1.96071521  1.31899394 -0.6236448
 -0.85344356 -2.95099639 -0.99710614 -1.69790382  0.77045318 -0.31858765
  0.47097541 -0.44338703 -1.01895357]
[ 1.         -0.80433326  0.59041064 -0.20121048  0.54280812  0.77800745
  0.90977629 -0.11934059 -5.57243202 -0.01432464 -0.57872366 -1.16795714
  0.65446892  0.74896098  0.83308822 -1.08096922  2.94964402 -1.42571367
 -0.38275936 -2.73036281 -0.69296239]
[  1.00000000e+00   9.64496860e-01  -1.70990670e+00  -1.90393617e-01
   2.64304126e+00  -3.06371593e-01   3.64266235e-01   9.50109310e-01
   6.92043377e-01   1.51748662e+00   8.77689230e-02  -2.53110342e+00
  -1.92246486e-03  -6.93665451e-01   1.06524840e+00  -2.42153237e-01
   3.84733238e-01   2.04280386e+00   1.02636735e+00   3.23784159e-01
  -3.13619040e-01]
[ 1.          0.93888568  1.07469761 -0.02894178  0.61797882  0.14964495
  0.44098244  0.33545779 -1.6859853   0.746034    0.32320181  1.64769248
 -0.96541607 -1.56064171  0.48884827 -0.01045424 -1.84448054 -0.23155159
 -1.39591316 -1.93529097 -2.11531456]
[ 1.          0.9731025  -1.47227091 -0.23128789  1.1609094  -0.32467074
  0.16544339  0.50105562  0.9744961  -0.7013499  -0.73864702 -1.87186707
  1.24427205  0.60960881 -0.24405954 -0.52722701  0.55796579 -0.83763555
 -1.41023806  0.29429    -0.36807735]
[ 1.          0.96001015  0.3619577  -0.01887303 -0.2179749  -0.0763729
 -0.24438992 -0.40417063  0.84652776 -0.21144625 -0.33222213  0.1612858
 -1.73392863  1.52940683 -1.74354382  0.34565989 -0.52673379 -1.45994496
 -0.39218727 -1.40632946 -0.56548097]
[ 1.         -1.11218173 -0.02637064  0.91065617  0.32539521  0.6207843
  0.20964644 -0.59762601 -0.82585133 -1.9003307   1.55181932 -1.14519997
 -1.25509311 -0.98656299 -1.59290042 -4.11540234  0.61771134  1.10784063
 -0.22942442  0.26904672  0.22413663]
[ 1.         -1.10117562 -0.10279494  0.7556767   0.06169121 -0.07623275
  0.1093256   0.59687892  0.5701957   0.97124248 -0.84564283  0.37288368
  0.68455267 -0.4573761  -0.95888117  0.96474793 -0.13346802  0.5659669
 -0.6652609  -0.23366114 -0.04213632]
[ 1.          0.88327004  0.50134702  0.04951003  0.25842143  0.3165329
  0.18684337  0.4979516  -2.1055979   1.23285412  0.51297945 -0.52836793
 -0.88679374 -2.10352836  1.67254698  0.3861804   0.04281703  0.54396829
 -0.92563679 -0.1284583  -0.85235278]
[ 1.         -1.08370707 -0.10865529 -0.5902604  -0.12208263  1.30944483
  2.05602741 -0.49765558 -0.00544564  1.33413702 -1.10341252  0.01221928
  1.14539535 -0.15918056 -0.31399886  3.21034178 -0.42368834 -0.37299208
  0.95577949  0.06272884 -0.18004826]
[ 1.          0.97120419 -2.42413185  0.16288197 -0.34072362  0.31593356
  0.36519915  1.8378333  -0.61670681  0.43352673  1.84646766 -0.07996127
 -0.72842294 -0.31453094 -0.20500582  0.45441676 -1.07143782 -0.22145565
  0.98384143 -1.07403773  1.73334874]
[ 1.          0.93767457 -0.94856645  0.11727964 -0.39768124  0.01038861
 -0.18178067 -0.59163001  0.46242443  1.53414113  3.40966827 -0.59856829
  0.98109107  0.34558436  0.03143441  0.48105497 -0.14976219 -0.6315705
 -0.03541559  0.65534685 -0.94069682]
[ 1.         -1.11821412 -0.08267166 -0.14337585 -0.07356356  0.62734684
 -0.23648404  0.26623062  0.88010906  0.04439275 -0.13789163  0.32660738
 -0.37635797  0.12932213  0.85953744 -0.64495991  0.32570539  0.74722762
 -1.50264259 -0.52858661  1.10680561]
[ 1.          0.92989312  0.17646162  0.07478746 -0.769893   -0.00808777
  0.14644501  0.63578281  0.10725099 -1.78086231  0.00757376 -0.31051567
 -0.01223738  1.27964701 -0.12301904  0.77388557  0.39791831 -0.0612048
 -0.58699349  0.36509996 -0.08051605]
[ 1.          0.95921307 -1.44434007  0.20473315 -0.8663486  -0.04398387
 -0.2513534  -0.66483469 -0.1277475  -0.61217952  0.9867239   2.6350844
 -1.45002745  0.62939973 -0.39685878  1.42092282  3.58627545  0.33719494
  2.47143334  1.94186606  1.46901989]
[ 1.          0.97994093 -2.08379151  0.13740875 -1.60172921  0.24820558
 -0.12085762  0.09416605 -0.93811658  0.69285415 -0.78508542 -0.14896191
 -3.49932871 -0.74854045  0.42711094  1.23564967  1.34681675  2.39350356
  3.23079407  0.49076592 -0.12324499]
[ 1.         -1.10806243 -0.0703913  -2.39612174 -0.24612051 -0.55699294
  0.03129659 -0.08634694  0.11529249  0.59275274 -0.16473852  0.06679742
  0.37959394 -0.64671075 -1.53312435  3.3000288  -0.4802541   0.77445619
 -0.85947125  0.72048442  0.97478914]
[ 1.          0.92247391  2.00372871  0.01023463 -0.69842863  0.11934921
  0.33063644  1.54322386  0.45652189 -0.6106193   0.92675807  0.23595918
  1.88755125  0.46821347 -0.69431455 -0.42802043  0.66475424 -0.60724881
  0.56956853  0.98998261  0.62159372]
[ 1.          0.94740183 -1.78090734 -0.03175708 -0.68978083  0.08045816
 -0.47786136 -1.47751908  0.02536011  1.66413062 -2.53139472 -1.14595857
 -0.78050882 -0.59648544 -0.40384774 -1.3228771  -0.64030464  0.94108001
  1.54137622 -2.17282264 -0.8365164 ]
[ 1.          0.94380499  2.07419179  0.14243884 -0.37022232  0.1550168
 -0.14417522  0.03165877  0.47702463  1.65451937  0.44710382 -1.41259463
 -0.27205177 -0.18305423 -0.15993318 -0.11568691 -0.6772534   0.71864244
 -0.28083918 -0.64786265 -0.30274453]
[ 1.          0.89187208  1.61331615  0.27093955 -2.13199029 -0.24314704
 -1.35466404 -1.22949932  0.80891256  0.14059683  0.45445987 -2.454612
  0.07025375  0.92338458  1.18876044  1.00919229  1.27406251  0.31493678
 -0.70109615  0.74189     1.38452323]
[ 1.         -1.07018067  0.10472759  0.39234641  0.51055922  0.46910183
 -1.26313903  0.09813104 -1.25794441 -0.43586537  0.53397927 -0.37440521
 -0.19400125  1.10133137 -0.58328716 -0.93237772 -0.34447584 -0.31714033
  0.79137806  1.10529351 -0.54621249]
[ 1.          0.79787738 -0.74142981 -0.13676396  2.79868469  0.74821817
  0.64860866  0.74413536 -0.61665486  0.37360535 -1.69831155 -0.59880468
  0.17704901 -0.30652543  1.56621587 -0.12054959 -4.02001367  0.796472
  0.47896746  1.16711802 -1.04419316]
