Cluster centers 

[-0.66795805 -0.20474899  1.49351251  0.52680707]
[-0.71981732  0.03361081 -0.7928408   0.79460699]
[ 1.46556111  0.43476998 -0.06677719 -0.86096634]
[  1.1402107  -11.10630562   0.59578169  -0.19945203]
[-0.79011763 -0.6105074  -1.37877523 -0.17598891]
[ 1.35585563  0.52848261 -0.68456063  1.11698678]
[-0.78927052  0.74520666  0.62047665 -0.77459512]
[ 1.45913862 -0.43033362  0.46515804 -1.1647847 ]
[-0.6616658   0.7822858   0.25431568  0.99289112]
[ 1.33523161 -0.55245461  0.89623929  0.63871612]
[ 0.63483852 -0.08396351  1.13387332  2.22823586]
[-0.7897462   0.21247616 -1.03347608 -0.26857034]
[ 1.45354574  0.6549193  -0.310622    0.20550977]
[ 1.09768264 -1.12174052 -1.48391665  2.02008765]
[-0.79279367 -0.82170412  1.58378607 -0.82728439]
[-0.75710438  0.45125306  0.99706537  0.06971879]
[-0.78356414  0.95139551 -0.01592068 -0.0586822 ]
[-0.1972341  -0.5751508   1.71797187  1.72201164]
[-0.48826268 -1.84080913  2.15398059  0.83520696]
[  1.43701683e+00  -3.13993056e-01   6.18153043e-01   7.03422686e-04]
[-0.75488964  1.00471257 -0.56594305 -1.03668589]
[-0.68817531 -1.31636611 -1.9175036  -1.20753079]
[-0.78988295 -1.38033513 -1.65025461 -0.34945874]
[ 1.27773034  0.50040379 -0.25982206 -2.21423644]
[ 0.84673972 -0.31204337 -0.88110122  2.44147993]
[-0.79387491  0.22983652  1.06190382 -0.7665138 ]
[-0.71480897 -0.47389862 -1.68838364 -1.26042947]
[ 1.42267381  0.14560426  0.35582695  0.29511885]
[ 1.47047766 -0.04344839  0.31588892 -0.75163154]
[-0.58112946 -0.30806293 -0.7873106   1.48178895]
[ 1.26871285  0.0797473   0.57566425  1.12741508]
[-0.4879765   0.04185377  1.37759645  1.2971533 ]
[-0.7715992   0.37941513 -0.72860545  0.28378378]
[-0.32355172 -0.99546541 -0.94370624  2.11547786]
[-0.67673052  0.32379186  1.14472449  0.62955398]
[-0.74378187  0.8778614   0.21356782  0.4411036 ]
[-0.70943111  0.82849415  0.40133954 -1.69203743]
[ 0.72412466  0.29960902 -0.21708786  2.47170917]
[ 1.37225349  0.14087629 -1.96046996 -1.18139064]
[-0.56054378 -0.61552659  1.73163067  0.89555088]
[-0.76275185 -0.29244131 -1.07426667  0.41878916]
[ 1.45381051 -1.02385547  0.69190571 -1.32842217]
[-0.39066146  0.42145209 -0.06740479  1.9696387 ]
[-0.72245842  0.29558898  0.81710724 -1.81185006]
[ 1.00760405  0.18554234  0.65784099  1.88453408]
[-0.76441888 -0.69044523  1.62352822 -0.29852515]
[-0.77590581  0.39157807 -1.06983856 -0.69512224]
[-0.78740838  0.92217942 -0.43684696 -0.48869104]
[-0.60204389  0.56940138  0.88131809  1.09392292]
[-0.67845133 -1.28987464 -1.26419574  1.01471783]
[ 1.19313891  0.48541894 -0.17092561  1.66481124]
[-0.73384566  0.67491526 -1.03986659 -1.15792716]
[-0.76363677  1.04278046  0.11411191 -1.11693251]
[ 1.30833449 -0.08789467 -1.25242883  1.40689879]
[-0.68778758 -2.65771876  2.22401505 -0.12351904]
[ 1.42016056  0.09887153  0.11399313 -1.53741657]
[ 1.3949043   0.39380707  0.16371965  0.6095904 ]
[-0.78599458 -1.62444092  1.84962304 -0.83857681]
[-0.73688599 -1.15402762  1.82746813 -0.13572336]
[-0.7813404  -0.17664625 -1.33887243 -0.57912027]
[ 1.45174132  0.59530322 -0.97940995  0.39062141]
[-0.78986093  1.00075793  0.1625764  -0.53236772]
[ 1.34505114 -0.62414451  0.39963145 -2.18643399]
[ 1.36551962  0.59062798 -0.17520493  0.92933853]
[ 1.44965456 -0.31212134 -1.74961807  0.41974924]
[ 1.4708136   0.5440328  -0.12685228 -0.26140782]
[-0.78677576  0.5135755   0.89922737 -0.36969917]
[ 1.45469473 -0.85362531  0.79443088 -0.43348792]
[-0.7850664  -2.3677957  -1.86587306 -0.49091621]
[-0.59289659  0.34623416 -0.36094835  1.4177169 ]
[-0.78361468 -0.05471542 -1.06369666  0.08307236]
[ 1.46507471  0.1406461   0.26602028 -0.2562769 ]
[-0.71764729  0.56385581 -0.37695751  0.77052958]
[-0.68286805 -1.65978195  2.02589174  0.11762294]
[ 1.40623464  0.79383043 -0.55439663 -1.38905472]
[-0.67739025 -0.79188293  1.75354444  0.33353383]
[ 0.25819948  0.41813677  0.656835    2.45590541]
[-0.68556778  0.19472279 -1.46366944 -1.42065941]
[-0.77897008  0.81255437  0.56404094 -0.10492941]
[-0.77702912  0.09133334  1.22483817 -0.28238032]
[-0.7796736  -0.83708511 -1.60163872 -0.65364264]
[-0.77441037  0.78753782 -0.33585445  0.185348  ]
[-0.78900317  0.59802428 -0.72717787 -0.20705113]
[-0.02814068 -0.03396512  1.35489102  2.10562961]
[-0.70454183 -0.69589376 -1.10539555  0.89280564]
[-0.72088291  0.69169516  0.74325156  0.48169625]
[-0.75183239 -0.31528495  1.48128831 -0.08928836]
[-0.37726936 -1.18847869  1.98243023  1.26326747]
[-0.79264583 -0.27619845  1.35922978 -0.7378858 ]
[-0.77500041 -1.35873064 -1.48785187  0.20876946]
[-0.45448743  0.60773663  0.69703942  1.64346307]
[-0.78069168  0.34261025  0.90777033 -1.20641467]
[-0.7022455  -2.08033737 -1.49352983  0.79168767]
[ 1.47006654  0.80108337 -0.82744435 -0.50311135]
[-0.7335118   0.09831008  1.27686841  0.18745737]
[ 0.89419072 -0.85526282  1.41622204  1.67489336]
[ 1.3566738  -1.79158122  0.763705   -2.32275063]
[-0.77065679 -0.83134409 -1.31332229  0.30270572]
[-0.78106046 -0.36817238  1.2756658  -1.38726831]
[-0.6061466   1.10477443 -0.77286803 -1.8970558 ]

Populations

0.00969387402455
0.014649993404
0.0248092077715
0.0143453165469
0.0128785397039
0.0130487099445
0.0214129798795
0.00961799693684
0.00753189116292
0.0078130247299
0.0111904108202
0.0235503588944
0.00552199964127
0.0076062728829
0.0117132772833
0.0126328265188
0.00190308900229
0.00212932450704
0.0137359272622
0.00780949081178
0.00500962584304
0.00933653889199
0.00795998303104
0.00715485554797
0.011936354413
0.00577430978164
0.0185603433841
0.0233518423984
0.00687387135713
0.0165974126398
0.00588593243518
0.0143021243342
0.00371987976253
0.00860983001763
0.0122866447167
0.00539136259744
0.00671486947602
0.00472784083743
0.00561121212516
0.0114193156948
0.0119825937944
0.00368534568732
0.00424335333891
0.0106214216796
0.00747986789575
0.00942714120548
0.0101736736408
0.00650347598983
0.00639553068073
0.0157769871798
0.0052025761298
0.00814147307643
0.0108893326885
0.0018043212709
0.0192702250613
0.0184086869464
0.00405455231539
0.00672615205033
0.0131939026129
0.0153845802029
0.0116796840695
0.0136858113983
0.0170170330286
0.0061074166632
0.0243047878047
0.0114436077461
0.0117645392455
0.00436991130395
0.00683296857917
0.0140482063147
0.0208778779842
0.0122957976103
0.00368080277512
0.0124000482148
0.00729947965904
0.00554454175858
0.0063503325484
0.0148975882968
0.0115809275812
0.00987678973962
0.0108274409369
0.0118486715313
0.00389164267499
0.00967255295149
0.0116321055607
0.0114351188797
0.00271739071638
0.01101868012
0.00990863770509
0.00588813175451
0.00855230499606
0.00542829063312
0.0170601759154
0.0102426445077
0.00278481502942
0.00519411842943
0.0123612938586
0.00603279242318
0.00326118459307

State labels

0
1
2
4
5
6
7
8
9
10
11
12
13
14
15
16
17
18
19
20
21
22
23
24
25
26
27
28
29
30
31
32
33
34
35
36
37
38
39
40
41
42
43
44
45
46
47
48
49
50
51
52
53
54
55
56
57
58
59
60
61
62
63
64
65
66
67
68
69
70
71
72
73
74
75
76
77
78
79
80
81
82
83
84
85
86
87
88
89
90
91
92
93
94
95
96
97
98
99

Eigen values

1.0
0.953741962602
0.229559605377
0.116098906923
0.0954381584268
0.091965043611
0.0887497469831
0.0877138960669
0.0860767124707
0.0826477791438
0.0766011775372
0.0727938237688
0.071346805642
0.0687142386333
0.0664135336367
0.0658250039072
0.0631682394826
0.0625841694092
0.0605336940558
0.0589760807597
0.056930408022

Left eigenvectors

[ 0.00969387  0.00854553  0.01169324 -0.00205018  0.00554686 -0.0116826
  0.00792904  0.00423577  0.01498561 -0.01463702  0.00455451 -0.00206862
 -0.00921447 -0.01030691  0.00347678  0.01055602 -0.00903754 -0.001044
  0.00951049 -0.00283872  0.00019774]
[ 0.01464999  0.01331317 -0.02136174 -0.00277703  0.00597612 -0.00220339
 -0.01199204 -0.01169844 -0.005019   -0.00808266  0.01148192  0.00732917
  0.007099   -0.00441714 -0.0055924  -0.02111187  0.01656044  0.00264002
 -0.003029    0.00924099  0.00405608]
[ 0.02480921 -0.02891537 -0.00200068  0.01690416  0.01678505 -0.00328607
  0.00137344  0.00713301 -0.00433742  0.00105973 -0.00873063  0.02939349
  0.02194834 -0.0126799  -0.02590929  0.01696322  0.00156003 -0.01446881
 -0.0102216  -0.01000541 -0.01236102]
[ 0.01434532  0.01308437 -0.02425682  0.00074293 -0.00563069  0.02364815
  0.01098456  0.02417764 -0.00252729  0.02173046 -0.027784   -0.02298874
 -0.00729858  0.00479872 -0.01439172 -0.00859809  0.00091379 -0.00855921
  0.00261439 -0.01175264 -0.00339151]
[ 0.01287854 -0.01448316  0.00090255 -0.0057467  -0.00511072  0.00372669
 -0.00914676 -0.00061938  0.01093308  0.00216414  0.02048705 -0.03133602
 -0.01185142  0.01570718 -0.00239758  0.01637327  0.02437761 -0.00363595
 -0.01594744  0.02229209 -0.01242116]
[ 0.01304871  0.0119203   0.01080396  0.00209795 -0.00151312 -0.00068706
 -0.00187994 -0.01311136  0.00223565  0.01550234 -0.00623381 -0.00298338
 -0.00356673 -0.00945392 -0.0178756  -0.0024701   0.00127915  0.00677962
  0.00922976 -0.00319235 -0.00397915]
[  2.14129799e-02  -2.49321239e-02  -1.44677748e-03   1.18789791e-02
  -1.13062276e-02  -1.42496582e-03  -1.34677184e-02  -6.10880018e-05
   6.56772487e-03   1.48652169e-03   8.02251595e-03  -1.82663190e-02
  -1.80612390e-02  -4.26221205e-03   2.44850156e-02  -4.13117298e-03
   4.30641122e-03   6.54820035e-03  -2.41508061e-03  -1.34237990e-02
   1.11353371e-02]
[ 0.009618    0.00833701  0.00306476 -0.00157467 -0.00177475 -0.00020064
 -0.00151853 -0.00389096  0.01951051 -0.00998239 -0.0050661  -0.00999131
  0.01703374 -0.00814721 -0.00062834 -0.01831735 -0.00542161 -0.00976312
 -0.01938156  0.00259205  0.0066294 ]
[  7.53189116e-03  -8.63986690e-03  -1.91302594e-05  -3.95378275e-03
   3.48600152e-04   1.84897651e-03   1.22670262e-03  -2.05391724e-03
   7.54770715e-06   3.34855881e-04  -6.99391115e-03   3.66036892e-03
  -7.69731598e-03  -8.95979854e-03   1.22230957e-02  -7.88805921e-03
   9.02115017e-04   1.25114365e-02   7.94084174e-03   2.66966170e-02
  -2.21040693e-03]
[ 0.00781302 -0.00556056  0.00609772 -0.03306645  0.04879398  0.01566976
  0.00686994  0.00775763 -0.00060886  0.00288238 -0.00578387 -0.00352193
 -0.00199503 -0.01092081  0.02221399 -0.00142335  0.00982033  0.01716788
 -0.00746051  0.01194537  0.00327085]
[ 0.01119041  0.01023319 -0.01944999  0.00236322 -0.00582087 -0.00140084
  0.00265074  0.00492125 -0.00081474 -0.00514958 -0.00589265  0.00632681
 -0.00355706  0.00844223 -0.00597104 -0.00078391  0.02459312  0.02004212
  0.00641783  0.00313656 -0.00453479]
[ 0.02355036 -0.0271727  -0.00227288  0.01197878  0.00186793  0.01602486
  0.0193416  -0.01834682 -0.00275735 -0.0142641   0.00557525 -0.02051455
 -0.01869397 -0.00077411  0.03120809 -0.02814537 -0.01120974  0.01269728
  0.00295486 -0.00040997 -0.00512696]
[  5.52199964e-03  -5.95048597e-03  -6.78094803e-06  -1.47675125e-02
  -1.61465165e-02  -7.03245208e-03  -9.71488082e-03   1.13214199e-03
   4.96360048e-03   5.10715291e-03   2.12893602e-03   3.79657505e-04
   8.69625683e-04   1.25482770e-03  -2.35842195e-03  -1.18079811e-03
  -4.16870847e-03   8.20719682e-04   6.96191251e-04   1.34549026e-02
  -8.15704544e-03]
[ 0.00760627  0.00649201  0.00916543  0.00055749  0.00498093  0.00596272
 -0.01610358 -0.00152536 -0.00233288 -0.01253118 -0.01655843  0.00035977
 -0.00207758  0.01416146  0.00480236  0.01730011 -0.00723961  0.00017399
 -0.0002244  -0.00924051 -0.0024103 ]
[ 0.01171328  0.01005559  0.01298153  0.00337333 -0.00862561 -0.01285695
  0.01166072  0.0061257  -0.0267178   0.0115708  -0.00207868 -0.0147115
  0.01787973 -0.00409506  0.01172346 -0.00780114  0.00389444 -0.00021151
 -0.00661284  0.00500221 -0.01019478]
[ 0.01263283  0.01106857  0.00650483 -0.00282697  0.02239225 -0.01806607
  0.0050417  -0.01562432  0.00956899  0.0127489   0.02077772  0.00192336
 -0.01755378 -0.00680188 -0.00262401 -0.00694433 -0.01024351 -0.01761181
  0.00635763 -0.01057761  0.01123177]
[  1.90308900e-03   1.07827550e-03   3.81172001e-03   4.87486521e-05
   3.38208745e-04   8.53408736e-03  -5.04470109e-03   9.76636692e-04
   3.20342100e-03  -7.89637993e-04   7.99727967e-03  -2.60343599e-03
   6.29960647e-04  -2.53256168e-03   1.97677669e-03   2.19648115e-03
   2.89736577e-03  -6.94906556e-03   3.26441139e-03   3.46061482e-03
  -6.04577742e-04]
[  2.12932451e-03   1.79764348e-03   1.63122611e-03  -6.14709893e-04
   3.11159344e-03  -6.45432937e-04   3.81677498e-03  -1.70485994e-03
   9.64047624e-03   8.23706901e-03  -6.78278305e-03  -6.63381445e-04
  -9.06863717e-03   4.91330954e-03  -4.93954015e-03  -2.45153959e-03
   9.17587391e-03  -1.63418748e-03   1.00143706e-03   1.14069903e-03
   8.27913739e-05]
[  1.37359273e-02  -1.57344531e-02  -6.92396657e-04   7.72331860e-03
   9.20135821e-03   1.49328451e-03  -3.73550723e-03   6.05496924e-03
   3.37722998e-03   2.91634955e-03   1.69189567e-04   2.85508352e-03
   5.69129630e-03   8.52453160e-05  -3.44547003e-03   7.92763396e-03
   7.74406754e-03  -4.59206540e-03  -9.61773304e-03   5.71866072e-03
   1.57441729e-03]
[ 0.00780949  0.00705248 -0.00300828  0.00043275  0.00281062 -0.00920635
 -0.00412273 -0.01307539  0.00642486  0.00393163  0.00210807  0.0021177
  0.00512857 -0.00384274 -0.00316926 -0.01203243 -0.01247307 -0.00527974
 -0.01468578  0.00425432  0.0040159 ]
[  5.00962584e-03   4.39069985e-03  -8.27451845e-03  -3.91055885e-05
   1.96451679e-04  -3.67038116e-03   6.64926486e-03   1.57890729e-03
  -1.99256663e-03   5.20941028e-03   6.52490736e-03   3.61626212e-03
  -4.25037997e-03  -2.87303902e-03   3.55911780e-03   7.86750748e-03
  -7.16629180e-03   2.17578688e-03  -2.90866521e-03  -2.08781365e-03
  -1.87043844e-03]
[ 0.00933654  0.00835678 -0.01434459 -0.00393767 -0.00080964  0.00041386
 -0.00282539 -0.00395508  0.01301406  0.00249243 -0.01605305  0.00506746
 -0.00073736  0.00585323  0.00855593  0.01810984 -0.00378414  0.01530423
 -0.00450732 -0.00688146 -0.01377655]
[ 0.00795998 -0.00925449 -0.000885    0.01414902 -0.01170603  0.00040309
 -0.00012395 -0.00832709 -0.00146889 -0.0054554  -0.00202735 -0.0096518
 -0.01611047 -0.00902848  0.01317511 -0.00260586  0.00264463 -0.00777898
 -0.0048383  -0.02231571 -0.00275658]
[ 0.00715486 -0.00688907  0.00178283 -0.04226144 -0.02129909 -0.01290717
 -0.01008615  0.00579179  0.00025698  0.00269742 -0.00346981 -0.00414802
 -0.00527551 -0.0120496   0.01152809 -0.00568743 -0.00490895  0.00092779
  0.00284898 -0.01467185 -0.00332512]
[ 0.01193635  0.01084863  0.02083626  0.005787   -0.00232566 -0.01658545
  0.00170798 -0.00499027 -0.00708257 -0.01878243 -0.01834877 -0.01718805
  0.00755253  0.00320528 -0.01149714 -0.0074744   0.01661579  0.0001146
 -0.0045144   0.00878159  0.01608288]
[ 0.00577431  0.00533875 -0.01025869 -0.00012891 -0.00142738  0.00453818
 -0.00275406 -0.00618986  0.01551945 -0.00186479 -0.00344973 -0.00871814
  0.01764403 -0.01438825  0.00314349  0.00090092 -0.01769307 -0.00781023
 -0.00995499  0.00213139 -0.00153129]
[ 0.01856034 -0.02152728 -0.00163091 -0.0326764   0.00402467  0.00619212
  0.02963139 -0.01343612 -0.01338305 -0.01192218 -0.00411349  0.01380957
  0.01673677  0.0168042  -0.0323685   0.01579507 -0.00238688 -0.01254203
  0.0037304  -0.02385037  0.0185049 ]
[  2.33518424e-02  -2.68998071e-02   1.42278483e-04   3.57972551e-03
  -2.01098649e-03   1.26408118e-02   5.17866078e-04  -1.02067878e-02
   8.40774595e-03  -5.94077968e-03   2.15575208e-02  -3.56435998e-02
  -8.75695214e-03   1.96465620e-02   9.11363878e-03  -2.63220499e-04
   1.85147821e-05   9.54143508e-03  -6.81058335e-03   4.34518831e-03
  -1.03018555e-02]
[ 0.00687387  0.00615158 -0.00469285  0.00090396  0.00152488 -0.0076431
  0.00492663 -0.00202303  0.00488686 -0.00477293  0.00650177  0.00987705
  0.00104404  0.00922204  0.00915166 -0.00732913 -0.00053903 -0.00398247
 -0.01595399  0.0064831   0.00705367]
[  1.65974126e-02  -1.79492822e-02   6.58873306e-05   2.37334175e-02
   1.37516122e-02  -7.32744588e-03  -1.13404539e-02   2.11228097e-02
  -4.38297385e-04   1.07295551e-02  -8.73070492e-03   1.38060776e-02
   7.02118567e-03  -1.32030787e-02   9.92533572e-03   7.56502162e-03
   1.27712453e-02   9.84718037e-03  -6.46492592e-03  -2.51365280e-02
   3.01690614e-02]
[ 0.00588593  0.00474079  0.00907611  0.00109838 -0.00573314  0.01398817
  0.00130753  0.01401882 -0.00122628 -0.00420922  0.00364573  0.00663151
  0.00457049  0.00064892  0.00461229 -0.00715711 -0.00914529 -0.00709605
 -0.01513489  0.00461281  0.00423394]
[ 0.01430212  0.01308348 -0.01729558  0.0013023  -0.00823969  0.01814064
  0.00867913  0.00839526 -0.00891568  0.01579857  0.01427683 -0.00154741
 -0.00924881 -0.01290029 -0.00046876  0.02800033 -0.0084108   0.00312033
  0.00363081  0.00788576  0.00189533]
[ 0.00371988  0.00222816 -0.00442354  0.0004715   0.00262711 -0.00813244
  0.0065973   0.00807872 -0.00727214 -0.00159538  0.00948024  0.00247161
  0.00199428  0.00137382 -0.00408333 -0.00555744  0.00593501  0.0010957
 -0.00069317 -0.00304648 -0.00233861]
[ 0.00860983  0.00734387  0.01350079 -0.00039002 -0.00261795  0.00626465
  0.01139531  0.00651395  0.01891645  0.01104817  0.00402933  0.01680784
 -0.01470681  0.00891584 -0.00317923 -0.0083317   0.00831725  0.00674618
 -0.01220921 -0.00203354 -0.00548449]
[ 0.01228664  0.01088132  0.00188797 -0.00550993  0.00302923  0.0029379
 -0.00330529 -0.02151302 -0.00792379  0.0226864   0.013169    0.01815611
 -0.00695654 -0.000402    0.00553886  0.00361359 -0.00548989  0.02104901
 -0.00971257 -0.01601355 -0.01659545]
[ 0.00539136  0.00485903  0.00232381 -0.00142301  0.0025573   0.01239115
 -0.00903468  0.00188022  0.0009766  -0.00875634  0.00952909  0.00547262
 -0.00134883 -0.00262952  0.00270368 -0.00304884  0.00371247 -0.00623051
  0.00840021 -0.006945   -0.00532655]
[  6.71486948e-03  -5.54971774e-03   1.44490616e-03  -5.13470049e-03
   1.25816361e-02   1.73063036e-03   9.06946635e-03   6.48814418e-03
  -7.94864101e-03   6.66841394e-03   3.53442901e-03  -5.49683397e-03
   1.04473675e-02   2.91219042e-03  -1.97895229e-03  -6.44790329e-03
   1.56425225e-03   6.64296052e-05   3.19347267e-03  -1.72223493e-02
   1.14237551e-02]
[ 0.00472784 -0.00559948 -0.00113025 -0.00431886 -0.01324445 -0.00028525
  0.00797625 -0.01134608 -0.00336564 -0.00610771 -0.01121269  0.00922377
 -0.0113001  -0.01698696  0.00764089  0.00200752  0.01030564 -0.02144897
 -0.00656153 -0.0072747  -0.00940572]
[  5.61121213e-03   4.84097084e-03   8.71171221e-03  -6.81882652e-04
  -1.86762811e-03  -6.94445821e-03   1.45888863e-04   1.00469990e-02
   3.07795996e-03  -1.95879252e-02  -5.44811397e-03  -3.71740642e-03
  -8.81395636e-03  -6.48129892e-04  -8.88972176e-03   7.05072462e-03
  -6.48854491e-06   9.95127630e-03  -1.27716337e-03  -5.76548021e-03
  -9.38163476e-03]
[ 0.01141932  0.010468   -0.01701057  0.00078517 -0.00072558  0.00198821
  0.00794942  0.01335533  0.00515883  0.01648086 -0.01376794 -0.01915577
 -0.00497135 -0.00482492 -0.00617848 -0.00617543 -0.0148291  -0.01500499
  0.00447779  0.00101606 -0.0031231 ]
[ 0.01198259 -0.0141376  -0.00089973  0.01093511  0.00271286  0.00742309
  0.0120683  -0.01203725 -0.00371444 -0.00934191 -0.00020216 -0.00197959
  0.00059998  0.01094118 -0.0111432  -0.002522   -0.00801033 -0.0063037
  0.00253616 -0.00226195 -0.00813779]
[ 0.00368535  0.00271742 -0.00094906 -0.00089004  0.00525048  0.00247153
 -0.00323216 -0.0016107   0.00246377 -0.0011177  -0.01015807 -0.00189064
 -0.00403722 -0.00039601  0.00151316  0.01245261 -0.00022091  0.00148161
 -0.00117129  0.00357671  0.01145988]
[  4.24335334e-03   3.69439533e-03   4.15172214e-03  -7.09365242e-04
   1.11442561e-05  -5.95991451e-03   6.79105467e-03   1.09416882e-02
   5.61288089e-03  -7.16868287e-03  -4.92496420e-03  -5.25523612e-03
  -1.01054064e-02   1.40362659e-03  -2.46776560e-03   8.04854799e-03
  -7.98955400e-03   7.77469546e-04   6.68688074e-03   2.52042133e-04
   6.37189502e-04]
[ 0.01062142 -0.01069909  0.00349157 -0.00471073  0.02402255 -0.01432281
 -0.02177465  0.02665788  0.00326437  0.01138508  0.00422343  0.01165169
  0.01392432 -0.00028463 -0.01573644 -0.00507029 -0.01105207 -0.01001613
  0.00172227  0.01608184 -0.02684239]
[ 0.00747987  0.00662012  0.01304431  0.00116923 -0.00556433  0.00294393
  0.00825686 -0.00475587  0.01351297  0.00037924  0.01169205 -0.00402257
  0.01948054 -0.01397573  0.00550761  0.00769046  0.00343206  0.0036795
  0.0013063  -0.00535417 -0.00657122]
[ 0.00942714  0.00849957 -0.00749433  0.00172753 -0.00585919 -0.00298164
  0.00928739  0.01239002  0.00348543  0.00218052 -0.00645111  0.00894187
 -0.00359596  0.01617745  0.00056818 -0.00533994  0.00594407  0.00851012
 -0.00252091 -0.00770471 -0.00402421]
[ 0.01017367  0.00928765 -0.01018356  0.00019542  0.00537156 -0.01213039
 -0.00686525 -0.0100748  -0.00133335 -0.02373159  0.01718843 -0.00447289
  0.0100143  -0.0161243  -0.00081614  0.01516171  0.01026852  0.00321346
  0.01996134  0.00098383  0.00623846]
[ 0.00650348  0.00560916  0.00823939  0.00202435 -0.00116462 -0.00434629
  0.00277938 -0.00708967  0.00521586  0.00650636 -0.00441912 -0.00366883
  0.00098461  0.00782122 -0.00059202  0.00330635  0.013007    0.00866984
  0.00405217  0.00300061 -0.00783815]
[ 0.00639553  0.00593215 -0.00791072  0.00200743 -0.0021686  -0.00806769
  0.00746938 -0.00049341 -0.00959552  0.01422949 -0.00687443 -0.01134907
  0.00748142 -0.00380793  0.00353097  0.0103328  -0.00926708  0.00333609
 -0.00818724  0.0076034  -0.00615098]
[  1.57769872e-02  -1.77889435e-02  -5.83992710e-05  -1.98115701e-02
  -2.99769987e-02  -1.29026792e-02  -7.94354797e-03   7.81869698e-03
   2.24264894e-03   1.02264768e-02   4.64847735e-04   1.43768249e-02
   1.37407203e-02   1.24610967e-02  -6.77327432e-03  -1.26249116e-02
  -3.33521514e-02   2.42171701e-02   3.61745161e-02   2.22353432e-03
   2.47421906e-02]
[  5.20257613e-03   4.71509969e-03  -7.58942660e-03  -1.26246957e-04
  -1.22650383e-03   5.44358630e-03  -7.05573369e-03  -3.61393997e-04
  -6.52349701e-03  -8.46068210e-03  -3.74561328e-03  -2.89259811e-03
   9.90478855e-03   4.03029606e-06   5.87138646e-04   2.44298848e-03
   5.43734906e-03  -9.65486012e-05   1.19019426e-02   1.05079684e-03
   7.31931298e-04]
[ 0.00814147  0.00750692  0.00725285  0.00216493 -0.01138864  0.01885965
 -0.00091604  0.01136593 -0.0068134  -0.00318935  0.00218323  0.00403212
 -0.01018907  0.00098942 -0.00023609  0.00879734 -0.00826509 -0.00917195
 -0.00714783  0.01350275  0.00835307]
[ 0.01088933 -0.01244897 -0.00022349 -0.0257368  -0.00588532 -0.00212607
  0.00127044  0.00455758  0.00120506  0.00692323  0.00297368 -0.00213764
  0.00575801  0.00383859 -0.00263564  0.01544006  0.02321252 -0.00292091
 -0.01564418 -0.01765851  0.0302088 ]
[ 0.00180432  0.00157749  0.00604982  0.00139544 -0.00234032 -0.00135267
  0.00097096  0.00853403 -0.00297895 -0.00842554 -0.0038045   0.0027717
 -0.00439491  0.00479742  0.00193403  0.00345365 -0.00347459  0.00062704
 -0.00437818 -0.00041669 -0.00116147]
[ 0.01927023 -0.02263825 -0.00127616  0.01524989  0.00294297 -0.00270972
 -0.00669661  0.00521781  0.00229797  0.00354627  0.0078395   0.00469326
  0.01755521  0.01762317 -0.02545718  0.01260591 -0.00593133 -0.00337026
 -0.00420909 -0.00729272  0.00545295]
[ 0.01840869 -0.02104194 -0.00152065  0.00440561 -0.0035715  -0.00332557
 -0.00147924  0.0041521   0.00635837  0.00360283  0.00947445  0.00580452
  0.01251783  0.01864945 -0.01672453  0.00616709 -0.00711762  0.01475773
  0.0071496   0.03210527  0.00592411]
[ 0.00405455  0.00356406  0.00680997 -0.00094715  0.00338985  0.00081026
 -0.01303677 -0.00670057 -0.00756422  0.00142103 -0.0079471  -0.00180494
 -0.00969559  0.00116226 -0.01187001 -0.00631225 -0.00511571  0.00486615
 -0.00951903 -0.00162669 -0.00162564]
[ 0.00672615  0.00595929  0.01416488  0.00124823 -0.00501915 -0.01015509
  0.01313865  0.00752979 -0.01754573  0.00026829  0.01357552 -0.00692993
  0.00509399 -0.01264136  0.00560057  0.00672484 -0.00088781  0.00695013
 -0.00052728 -0.00154047 -0.00935057]
[ 0.0131939   0.01214954 -0.01903866  0.00134522 -0.00231211  0.00666454
  0.01108502  0.01827987  0.02154455 -0.00547518 -0.01557006 -0.00399749
  0.00058542  0.00866294  0.00090801 -0.01133435  0.00223451 -0.00605401
  0.00212596 -0.00326972  0.00300655]
[  1.53845802e-02  -1.76595270e-02  -9.38615586e-05  -1.55609116e-02
  -2.38796661e-02  -9.89217032e-03  -6.90906695e-03  -1.17454382e-03
   5.02192333e-03   4.53502742e-03  -1.66531045e-02   1.86224016e-02
  -1.12041170e-02  -1.82949509e-02   7.33203909e-04  -1.12346973e-03
   1.39208946e-02  -7.31365493e-03   2.84178786e-03   3.07020976e-02
  -2.38256610e-03]
[ 0.01167968  0.01073897  0.00287375  0.00463055  0.00204861 -0.00854141
 -0.00045315 -0.01190751 -0.01844167  0.0218797   0.00135599  0.00658405
 -0.00442625  0.02822694  0.01831993  0.0101917   0.01643883 -0.01760756
  0.02357192  0.00812415  0.00013956]
[ 0.01368581 -0.01605173 -0.00045968  0.00062317 -0.01270814 -0.0016187
 -0.01101384 -0.000759    0.00785224  0.00264291  0.01694877 -0.01735886
  0.00215255  0.01602436 -0.01257633  0.01206755  0.00837989 -0.01374686
 -0.01353814 -0.00087748 -0.01388594]
[ 0.01701703 -0.01938079 -0.0003285  -0.00599138 -0.00159093  0.00331599
  0.00529304 -0.00655465 -0.00179229 -0.00398501  0.01078067 -0.01779766
  0.00666966  0.01193559 -0.00103415 -0.01171888 -0.01879954  0.00436165
  0.00251022 -0.03197041 -0.00342045]
[ 0.00610742 -0.00684191 -0.00040714 -0.00926246  0.00480829 -0.00214466
  0.00459692  0.00242407 -0.00518356  0.00017648 -0.00768145  0.01543053
  0.00402666 -0.00953814 -0.00406658  0.00401038  0.00808893 -0.01581083
 -0.00516953 -0.00283194 -0.00231285]
[ 0.02430479 -0.02816891 -0.00306222  0.02500479 -0.01434081 -0.00558755
 -0.00946436  0.00355874  0.00495481  0.00560657 -0.01303452  0.01328608
 -0.01638125 -0.01278548  0.02624621 -0.01227907 -0.00228763  0.02850995
  0.01755587  0.00968352  0.04871687]
[ 0.01144361  0.01012241  0.01553151  0.00063214 -0.00036387  0.00382325
  0.00069518 -0.0074658   0.0012871   0.0060955  -0.01279512 -0.01224093
  0.00985051  0.00030311 -0.00277393 -0.01653985  0.01298388 -0.01210858
  0.00443144  0.00826266  0.01492259]
[ 0.01176454 -0.01357078 -0.00082322  0.04430282  0.01079921 -0.0096321
 -0.01949321  0.01692229  0.00174439  0.01061045 -0.00733875  0.00731959
 -0.00144288 -0.0243513   0.01492853 -0.00709497  0.00313948  0.00586214
 -0.00167146 -0.00744419 -0.00469326]
[ 0.00436991  0.00387807 -0.0088266  -0.00110809  0.00569777  0.00260163
  0.00634368  0.00953689  0.0176107  -0.00283214  0.00573454 -0.00075571
 -0.00779544 -0.00421722 -0.00513918 -0.00804044 -0.00230993 -0.0099271
  0.00904251 -0.00410662  0.00208246]
[  6.83296858e-03   6.04371297e-03  -7.98963282e-04  -3.15659500e-05
   3.86542560e-03  -4.23277798e-03  -9.22784302e-03  -1.23923852e-02
  -9.69120447e-03  -1.72084041e-03  -6.37685863e-03  -5.19887611e-03
   4.02830171e-03   1.40177119e-03   2.16037203e-03   3.18062194e-03
  -7.52898142e-03  -8.08913890e-03  -9.80942229e-03   8.12901409e-03
   1.75321830e-02]
[ 0.01404821  0.01290568 -0.02265354 -0.00177644  0.00817432 -0.01205755
 -0.01245079 -0.01827976  0.00727811 -0.00129159 -0.00011624  0.01257619
  0.00916842  0.01879573  0.02945432  0.00707101  0.00320153 -0.01667321
  0.01164702 -0.0053463  -0.01424617]
[ 0.02087788 -0.02423708 -0.00180318  0.01633868  0.01708712  0.01149292
  0.02784872 -0.01815835 -0.01267593 -0.01775063 -0.01221343  0.01253937
  0.00356056  0.0027981  -0.01510792 -0.0034816  -0.01869804 -0.00162783
  0.01145023  0.01155199 -0.01811683]
[ 0.0122958   0.01110638 -0.00975508 -0.00279965  0.00828306  0.00949021
 -0.01603349 -0.00941948  0.01242007 -0.01026312  0.01040156  0.01469582
 -0.0267315  -0.00752799 -0.01739515  0.00880854 -0.0119952   0.01026931
 -0.00606057 -0.0013857   0.01146353]
[  3.68080278e-03   3.06536848e-03   6.95090135e-03  -4.48699807e-05
  -1.09561508e-03   1.31716211e-02  -3.88335281e-03   1.18553289e-03
  -1.09689069e-02   4.55668523e-03  -5.56506285e-03  -4.42172254e-03
   2.06982355e-03  -1.76881268e-03  -2.01438331e-03  -5.53135084e-03
   2.11439268e-03  -7.82588412e-04  -3.89408331e-03  -9.89334428e-04
   4.17673844e-03]
[ 0.01240005 -0.01440193 -0.00055089 -0.00235854  0.00140401  0.00545342
  0.017187   -0.01138991 -0.00986264 -0.00769182 -0.01820241  0.02124173
 -0.00247558 -0.01429988 -0.00421479  0.00187498  0.00232718 -0.01704492
  0.00347151  0.01563223 -0.01532776]
[ 0.00729948  0.00615318  0.01267088 -0.00217212 -0.0010908   0.0021341
 -0.00590161 -0.00398103  0.01241147 -0.01270482 -0.00931463  0.00413976
  0.01753992 -0.00013598  0.00403429 -0.00345977  0.00287273  0.01077603
  0.00960289 -0.01440156 -0.00935706]
[ 0.00554454 -0.00207366  0.00654158 -0.00751438  0.00728186 -0.00210236
 -0.0198629   0.00855065  0.00126177  0.00066043  0.00122814 -0.0077073
 -0.00229423  0.00448637  0.00474084 -0.01218774 -0.00931884 -0.01020689
  0.0009978  -0.00302589 -0.00803456]
[ 0.00635033  0.00585144 -0.00837375 -0.00110411  0.0036437  -0.01893083
 -0.00078456 -0.0067559  -0.00530803 -0.00096731 -0.00243888  0.0078332
  0.00231465  0.01920061  0.01552383 -0.00774385 -0.00748312  0.00042664
 -0.02101615 -0.00581437 -0.00679292]
[ 0.01489759  0.01356641  0.02005372  0.00572959 -0.00499388  0.00626825
 -0.00136598 -0.01010149  0.01021028  0.00152235  0.01638118  0.01246607
  0.00082012 -0.00571294  0.00033955  0.00403608  0.00465185 -0.00957406
  0.01811433  0.00855249  0.00745167]
[ 0.01158093  0.01024477  0.01952329  0.00069106 -0.00591087  0.01035966
 -0.00200169  0.00415003 -0.01606313  0.00603044  0.01043384  0.00479535
 -0.0070197  -0.00055057 -0.00454587 -0.00927807  0.0004493  -0.00651989
 -0.00437043  0.005009    0.00871507]
[ 0.00987679  0.0089071  -0.01828362 -0.00177148  0.00493188  0.00319979
 -0.00526316 -0.00733985 -0.01202542  0.01321676 -0.00269694 -0.01223558
 -0.00084313 -0.00690797  0.00139609  0.0170932  -0.00800069 -0.00612203
  0.01314677 -0.00304408  0.00739988]
[ 0.01082744  0.00970968 -0.00428185  0.00075226 -0.01105722  0.00682219
  0.01240735  0.02047087  0.00507887 -0.0147918   0.00852229  0.00671549
  0.01244575 -0.00040903  0.00979642  0.00803204  0.00525081  0.00769014
 -0.00643264  0.00354204 -0.00269901]
[ 0.01184867  0.01089505 -0.01368061  0.00020967  0.00201173 -0.00226046
 -0.00727198  0.00246433 -0.00242185 -0.01352334 -0.00970588 -0.01158718
  0.00204211  0.00472954 -0.0052007  -0.01068108  0.00878954 -0.00736622
  0.01850474  0.00128222  0.00131195]
[ 0.00389164  0.00074982  0.00453205 -0.00393011  0.01067109 -0.00890677
 -0.00742596  0.00538367 -0.00557955 -0.00373478 -0.00427985 -0.00413262
 -0.00953895 -0.00066051 -0.00218901  0.00385906 -0.00214697 -0.00325712
  0.00258088  0.00223655 -0.00990033]
[ 0.00967255  0.0088514  -0.01412493  0.00114229 -0.00366616 -0.0117209
  0.00110758 -0.00433643 -0.00871356 -0.00221118 -0.0011369  -0.01067272
  0.00781766 -0.00969708 -0.00889939 -0.00563185  0.0086334   0.00943638
 -0.00879705  0.01327262  0.00721866]
[ 0.01163211  0.01021562  0.01222186  0.00103071 -0.00517306  0.01161394
  0.00605926 -0.00175148  0.00033377  0.02277565 -0.00143845  0.00515791
 -0.00227908  0.00161777 -0.00157336  0.01164783 -0.0021443   0.01198332
  0.00710166 -0.00878049 -0.01197973]
[ 0.01143512  0.01017467  0.01951425  0.0040407   0.00245351 -0.02135145
  0.01768732  0.01047918 -0.00710741 -0.00864898  0.00732861 -0.00267319
 -0.01262731  0.00656086  0.0094234   0.01652346 -0.0205051  -0.01507371
 -0.00226741  0.00962185  0.02007111]
[ 0.00271739  0.00199339  0.00388651  0.00211583  0.0038118  -0.0093394
  0.00469726  0.0039692   0.00254179  0.00365523 -0.003811    0.0009344
  0.00230542  0.00532342  0.00807474 -0.00191804 -0.00246761 -0.00515246
  0.00911484 -0.00018899 -0.0001922 ]
[ 0.01101868  0.00985072  0.01228325 -0.00023252 -0.00581565  0.0300759
 -0.02676381 -0.00395362 -0.01151408 -0.0039502  -0.00457131  0.0153383
  0.00675087  0.02071687  0.01354073 -0.00260915 -0.00335635 -0.01048641
  0.01153581 -0.00411167  0.00149973]
[ 0.00990864  0.00895602 -0.01695371 -0.00434424  0.00105278 -0.00577848
 -0.00384744  0.01124399 -0.02939642 -0.01415549  0.02575335  0.00683511
 -0.02223826 -0.00281869 -0.01267332 -0.02855026  0.01207911  0.00044377
  0.00460362 -0.00635493 -0.00130154]
[  5.88813175e-03   4.48409458e-03   5.60156208e-03   1.13223990e-03
  -2.02313554e-03   2.44536702e-03  -7.08047132e-03   3.61676285e-03
  -1.00861095e-02  -5.16188360e-04  -7.12804213e-03  -7.80341145e-03
   5.38142312e-03  -1.72349623e-02  -9.50082996e-03   1.02270960e-05
   3.64838648e-04   8.51771714e-03   1.01919154e-02  -5.62337031e-03
  -1.27162897e-02]
[ 0.0085523   0.0076247   0.01226716  0.00208967 -0.00750874  0.0084129
  0.00595052 -0.00369053  0.00896869  0.00684186  0.00250673  0.01235698
  0.01104811 -0.00188017 -0.00328208 -0.01337618  0.00504982  0.008596
 -0.00459686 -0.0055784  -0.00378374]
[  5.42829063e-03   4.94334549e-03  -8.82723440e-03  -7.55449210e-05
  -6.51754792e-03   9.93955030e-03   5.41464361e-03   1.00925884e-02
  -3.52625806e-03   5.33005979e-03   7.20369847e-03   7.69476732e-03
   7.32660048e-03  -3.10148894e-04   8.36757326e-03  -2.21882308e-03
  -4.57281334e-03  -4.51762458e-05  -5.58552643e-03   4.74626022e-03
  -3.41022047e-03]
[ 0.01706018 -0.01960252 -0.0017443   0.01627678 -0.00727272 -0.0015124
 -0.00596508 -0.00273153  0.00336724  0.00212267  0.0090448  -0.01394159
 -0.00575991  0.00646071 -0.00353064  0.00691818  0.00933846 -0.00476788
 -0.00514346 -0.00019289 -0.01182805]
[ 0.01024264  0.00916918  0.01182583  0.00234078  0.00093227 -0.01187921
  0.00920036 -0.00723357  0.01876888 -0.00198848  0.00338131 -0.00017665
  0.00842981 -0.00030199 -0.00260298 -0.00466159  0.01503891  0.00249311
  0.00555166  0.00423329 -0.00057308]
[ 0.00278482 -0.002351    0.00117041 -0.00293734  0.00769801  0.00475524
  0.00031666  0.00159983 -0.00036689  0.0007947   0.00471553 -0.00676985
  0.00343399  0.00052495  0.00384823  0.00362476  0.00544185  0.00308686
 -0.00146402 -0.00381778 -0.00087894]
[ 0.00519412 -0.00616021 -0.00049057 -0.00229861  0.00499488  0.01095099
  0.01734378 -0.01390036 -0.00446166 -0.0105155  -0.00155774 -0.00514827
 -0.00271838  0.00591129  0.00341097 -0.01058159 -0.01364739  0.00874982
  0.00742129  0.00770352 -0.00652864]
[ 0.01236129  0.01133871 -0.01785097 -0.00269241 -0.00063408  0.00709096
 -0.01064691 -0.00440443 -0.00249244 -0.0184259   0.00692567  0.00951095
  0.00240137 -0.00674828 -0.00286157  0.01166033 -0.00241587  0.01507687
 -0.01745071  0.00560073  0.00301813]
[ 0.00603279  0.0054      0.00794698  0.00173095  0.00247694 -0.00279788
 -0.00121377 -0.01527781  0.00278512  0.01495287  0.00466331  0.00010339
 -0.00856207 -0.01029726 -0.01647892  0.0005225  -0.01083186  0.00572043
 -0.00313044 -0.00317463  0.00337659]
[ 0.00326118  0.00302977  0.00075105  0.00022343 -0.00022013 -0.00371635
 -0.00319458 -0.00309743 -0.00285375 -0.00514734 -0.00779625 -0.00179489
 -0.0030473   0.00331293 -0.00518639 -0.00071471  0.00134705  0.01047368
 -0.0100368  -0.0015855  -0.00073602]

Right eigenvectors

[ 1.          0.88153882  1.20625089 -0.21149199  0.57220246 -1.20515271
  0.81794383  0.43695322  1.54588426 -1.50992518  0.46983341 -0.21339447
 -0.95054522 -1.06323996  0.35865792  1.08893671 -0.93229379 -0.10769702
  0.98108246 -0.29283601  0.02039888]
[ 1.          0.90874908 -1.45813985 -0.18955865  0.40792618 -0.15040221
 -0.8185694  -0.7985289  -0.34259426 -0.55171755  0.78374896  0.50028484
  0.48457363 -0.30151149 -0.38173382 -1.44108418  1.13040593  0.18020627
 -0.20675753  0.63078431  0.27686535]
[ 1.         -1.1655096  -0.08064262  0.68136639  0.6765655  -0.1324535
  0.05536027  0.28751477 -0.17483096  0.04271518 -0.35191083  1.18478143
  0.88468515 -0.51109637 -1.04434185  0.68374682  0.062881   -0.58320315
 -0.41200845 -0.40329411 -0.49824316]
[ 1.          0.91210052 -1.69092247  0.05178937 -0.39251056  1.64849307
  0.7657247   1.68540331 -0.17617508  1.51481242 -1.93679926 -1.60252598
 -0.50877797  0.33451491 -1.00323464 -0.59936584  0.06369921 -0.59665558
  0.18224664 -0.81926639 -0.23641914]
[ 1.         -1.12459636  0.07008157 -0.44622261 -0.39683998  0.28937213
 -0.71023234 -0.04809361  0.8489377   0.16804229  1.59078997 -2.43319683
 -0.92024597  1.21963977 -0.18616877  1.27136075  1.89288585 -0.2823264
 -1.23829597  1.73094868 -0.96448525]
[ 1.          0.9135232   0.82797171  0.1607782  -0.11595923 -0.05265313
 -0.14407113 -1.00480095  0.17133133  1.18803603 -0.47773381 -0.22863425
 -0.27333938 -0.72450987 -1.36991339 -0.18929806  0.09802857  0.51956256
  0.70733128 -0.24464886 -0.30494583]
[ 1.         -1.1643463  -0.06756544  0.554756   -0.52800814 -0.06654682
 -0.62895115 -0.00285285  0.306717    0.06942152  0.37465668 -0.85304891
 -0.84347154 -0.19904806  1.14346605 -0.19292845  0.20111219  0.30580519
 -0.11278583 -0.62690009  0.52002744]
[ 1.          0.86681318  0.31864823 -0.16372077 -0.1845241  -0.02086095
 -0.1578844  -0.40455008  2.0285418  -1.03788663 -0.52673122 -1.03881413
  1.77102766 -0.84707982 -0.06532954 -1.90448654 -0.5636942  -1.01508922
 -2.01513446  0.26949982  0.68927045]
[  1.00000000e+00  -1.14710459e+00  -2.53990120e-03  -5.24938912e-01
   4.62832169e-02   2.45486355e-01   1.62867810e-01  -2.72696086e-01
   1.00209987e-03   4.44584068e-02  -9.28573050e-01   4.85982716e-01
  -1.02196325e+00  -1.18958152e+00   1.62284550e+00  -1.04728800e+00
   1.19772710e-01   1.66112816e+00   1.05429587e+00   3.54447727e+00
  -2.93473031e-01]
[ 1.         -0.71170448  0.78045634 -4.23222143  6.24521042  2.00559425
  0.87929334  0.99291029 -0.07792932  0.36892023 -0.74028518 -0.45077668
 -0.25534656 -1.39777008  2.84319993 -0.18217668  1.25691759  2.19734067
 -0.95488178  1.5289046   0.41864025]
[ 1.          0.9144603  -1.73809432  0.21118261 -0.52016599 -0.12518243
  0.2368756   0.43977377 -0.07280692 -0.46017785 -0.52657986  0.56537777
 -0.31786686  0.75441632 -0.5335851  -0.07005157  2.19769554  1.79100834
  0.57351114  0.28028965 -0.40523856]
[ 1.         -1.15381258 -0.09651136  0.50864536  0.07931625  0.68045081
  0.82128695 -0.77904632 -0.1170832  -0.60568492  0.23673748 -0.87109309
 -0.79378688 -0.03287047  1.32516398 -1.19511422 -0.47599006  0.53915424
  0.12546974 -0.01740837 -0.2177021 ]
[  1.00000000e+00  -1.07759622e+00  -1.22798777e-03  -2.67430523e+00
  -2.92403433e+00  -1.27353360e+00  -1.75930486e+00   2.05023916e-01
   8.98877363e-01   9.24873821e-01   3.85537154e-01   6.87536273e-02
   1.57483835e-01   2.27241540e-01  -4.27095637e-01  -2.13835239e-01
  -7.54927335e-01   1.48627261e-01   1.26075932e-01   2.43659969e+00
  -1.47719051e+00]
[ 1.          0.85350762  1.20498312  0.07329352  0.65484549  0.78392079
 -2.11714435 -0.20054029 -0.30670478 -1.64748012 -2.17694392  0.04729895
 -0.27314021  1.86181273  0.631369    2.27445299 -0.95179503  0.02287434
 -0.029502   -1.21485385 -0.31688332]
[ 1.          0.8584783   1.10827506  0.28799219 -0.73639592 -1.09763867
  0.99551322  0.52297023 -2.28098389  0.98783651 -0.17746339 -1.25596813
  1.52645003 -0.34960859  1.00086948 -0.6660086   0.33248047 -0.0180575
 -0.56455965  0.4270551  -0.87036136]
[ 1.          0.87617533  0.51491452 -0.22377976  1.77254437 -1.43008908
  0.39909531 -1.23680298  0.75747035  1.00918863  1.64474059  0.15225124
 -1.38953666 -0.53842889 -0.20771323 -0.54970509 -0.81086468 -1.39413054
  0.50326248 -0.83731143  0.88909371]
[ 1.          0.56659226  2.00291211  0.02561554  0.17771567  4.48433434
 -2.6507962   0.51318498  1.6832744  -0.41492436  4.20226256 -1.36800538
  0.33102007 -1.33076366  1.03872004  1.15416628  1.52245416 -3.65146641
  1.7153225   1.81841985 -0.31768233]
[ 1.          0.84423181  0.7660768  -0.28868775  1.46130542 -0.30311629
  1.79248159 -0.80065764  4.52748099  3.86839535 -3.18541539 -0.31154549
 -4.25892678  2.30744986 -2.31976861 -1.15132268  4.30928864 -0.76746756
  0.47030739  0.53570934  0.03888152]
[ 1.         -1.14549625 -0.05040771  0.56227137  0.66987529  0.10871378
 -0.27195159  0.44081256  0.24586837  0.21231545  0.0123173   0.20785517
  0.41433652  0.00620601 -0.25083636  0.57714589  0.56378193 -0.33431055
 -0.70018812  0.4163287   0.11462039]
[ 1.          0.90306503 -0.38520868  0.05541329  0.35989779 -1.17886638
 -0.52791241 -1.67429436  0.82269944  0.50344246  0.2699375   0.27116966
  0.65670932 -0.49206043 -0.40582117 -1.54074466 -1.59716866 -0.67606672
 -1.88050384  0.54476218  0.51423307]
[ 1.          0.87645265 -1.65172384 -0.00780609  0.03921484 -0.73266573
  1.3272977   0.31517469 -0.39774759  1.03988011  1.30247399  0.72186272
 -0.8484426  -0.57350371  0.71045581  1.57047806 -1.4305044   0.43432123
 -0.58061526 -0.4167604  -0.37336889]
[ 1.          0.89506199 -1.53639264 -0.42174857 -0.08671762  0.04432655
 -0.3026169  -0.42361298  1.39388476  0.26695404 -1.71937869  0.54275524
 -0.07897614  0.62691595  0.91639189  1.93967389 -0.4053045   1.63917544
 -0.48276112 -0.73704656 -1.47555175]
[ 1.         -1.16262636 -0.11118157  1.77751939 -1.47061027  0.0506397
 -0.01557206 -1.04611913 -0.18453434 -0.68535345 -0.25469242 -1.2125404
 -2.02393311 -1.13423372  1.65516749 -0.32736965  0.33224043 -0.97726062
 -0.60782759 -2.80348665 -0.34630469]
[ 1.         -0.96285215  0.24917833 -5.90667923 -2.97687255 -1.80397312
 -1.40969321  0.80949073  0.03591746  0.37700564 -0.48495818 -0.57974884
 -0.73733223 -1.68411542  1.6112264  -0.794905   -0.68610115  0.1296725
  0.39818767 -2.05061499 -0.46473632]
[ 1.          0.90887272  1.74561379  0.48482121 -0.19483826 -1.38949024
  0.14309087 -0.41807283 -0.59336101 -1.57354846 -1.53721728 -1.439975
  0.63273299  0.2685307  -0.96320396 -0.62618782  1.3920322   0.00960126
 -0.37820588  0.73570155  1.34738642]
[ 1.          0.92456859 -1.77660852 -0.02232509 -0.24719542  0.78592568
 -0.47695001 -1.07196578  2.68767232 -0.32294643 -0.59742683 -1.50981476
  3.05560828 -2.49176984  0.5443925   0.15602296 -3.06410054 -1.35258168
 -1.72401395  0.36911531 -0.2651894 ]
[ 1.         -1.15985335 -0.08787094 -1.7605494   0.21684266  0.33362078
  1.59648919 -0.72391544 -0.72105614 -0.64234712 -0.22162814  0.7440363
  0.90174917  0.90538219 -1.74396015  0.8510115  -0.12860097 -0.67574325
  0.20098767 -1.28501752  0.99701254]
[  1.00000000e+00  -1.15193511e+00   6.09281618e-03   1.53295207e-01
  -8.61168237e-02   5.41319676e-01   2.21766689e-02  -4.37087044e-01
   3.60046364e-01  -2.54403039e-01   9.23161455e-01  -1.52637206e+00
  -3.75000481e-01   8.41328136e-01   3.90274935e-01  -1.12719371e-02
   7.92861726e-04   4.08594530e-01  -2.91650793e-01   1.86074753e-01
  -4.41158144e-01]
[ 1.          0.89492155 -0.68270777  0.13150641  0.22183716 -1.11190586
  0.71671817 -0.29430682  0.71093221 -0.69435807  0.94586666  1.43689808
  0.15188484  1.34160809  1.33136937 -1.06623095 -0.07841753 -0.57936279
 -2.32096186  0.94315108  1.02615739]
[ 1.         -1.08145062  0.00396974  1.42994682  0.82853952 -0.44148121
 -0.68326637  1.27265678 -0.02640757  0.6464595  -0.52602807  0.83182107
  0.42302893 -0.79549017  0.598005    0.45579524  0.76947206  0.59329611
 -0.38951408 -1.51448473  1.81769665]
[ 1.          0.80544419  1.54199964  0.18661175 -0.97404035  2.37654333
  0.22214444  2.38175045 -0.20834133 -0.71513254  0.61939744  1.12667113
  0.77651045  0.11024997  0.78361208 -1.21596886 -1.55375343 -1.20559482
 -2.57136628  0.78370121  0.71933236]
[ 1.          0.91479301 -1.20930151  0.09105627 -0.57611617  1.26838785
  0.60684203  0.58699382 -0.62338126  1.10463116  0.99823111 -0.10819442
 -0.64667366 -0.90198393 -0.03277562  1.95777403 -0.58808079  0.21817219
  0.2538652   0.55136984  0.13252105]
[ 1.          0.59898649 -1.18916289  0.12675248  0.70623468 -2.18620952
  1.77352383  2.17176949 -1.95494053 -0.42887939  2.54853515  0.66443296
  0.53611334  0.36931945 -1.09770514 -1.49398248  1.59548367  0.29455253
 -0.18634336 -0.81897238 -0.6286776 ]
[ 1.          0.852963    1.56806721 -0.04529969 -0.3040655   0.72761628
  1.3235234   0.75657157  2.19707638  1.28320381  0.4679919   1.95216868
 -1.70814183  1.03554158 -0.36925629 -0.96769679  0.96601846  0.7835434
 -1.41805466 -0.23618864 -0.63700302]
[ 1.          0.88562173  0.15366012 -0.4484487   0.2465462   0.23911299
 -0.26901473 -1.75092691 -0.64491064  1.84642732  1.07181429  1.47771099
 -0.56618739 -0.03271876  0.45080308  0.29410687 -0.44681791  1.71316181
 -0.79049833 -1.30332971 -1.3506902 ]
[ 1.          0.90126107  0.43102417 -0.26394263  0.47433242  2.29833319
 -1.67576975  0.34874764  0.18114241 -1.62414318  1.76747406  1.01507248
 -0.25018361 -0.48772886  0.50148424 -0.5655043   0.68859565 -1.15564716
  1.55808715 -1.28817075 -0.98797772]
[ 1.         -0.82648185  0.21518008 -0.76467614  1.87369779  0.25773105
  1.35065415  0.96623534 -1.18373723  0.99308169  0.52635856 -0.81860623
  1.55585563  0.43369278 -0.29471195 -0.96024254  0.23295349  0.00989291
  0.47558224 -2.56480775  1.70126242]
[ 1.         -1.18436203 -0.23906322 -0.91349524 -2.80137485 -0.06033429
  1.68708024 -2.39984472 -0.71187645 -1.29186084 -2.37162973  1.95094812
 -2.39011886 -3.59296402  1.61614697  0.42461697  2.17977712 -4.53673598
 -1.3878495  -1.53869464 -1.98943144]
[  1.00000000e+00   8.62731747e-01   1.55255442e+00  -1.21521453e-01
  -3.32838622e-01  -1.23760394e+00   2.59995273e-02   1.79052204e+00
   5.48537444e-01  -3.49085452e+00  -9.70933525e-01  -6.62496148e-01
  -1.57077583e+00  -1.15506218e-01  -1.58427833e+00   1.25654216e+00
  -1.15635352e-03   1.77346286e+00  -2.27609176e-01  -1.02749283e+00
  -1.67194441e+00]
[ 1.          0.91669244 -1.48963147  0.06875834 -0.06353994  0.17410922
  0.69613834  1.16953845  0.45176325  1.44324431 -1.20567084 -1.6774885
 -0.43534571 -0.42252293 -0.54105489 -0.54078792 -1.29859786 -1.31400057
  0.39212408  0.08897773 -0.2734929 ]
[ 1.         -1.17984509 -0.07508644  0.91258249  0.22639972  0.61948932
  1.0071523  -1.00456099 -0.30998608 -0.77962352 -0.01687149 -0.16520581
  0.05007094  0.91308933 -0.92994909 -0.21047218 -0.66849704 -0.52607138
  0.21165383 -0.18876974 -0.67913449]
[ 1.          0.73735748 -0.25752401 -0.24150742  1.42469112  0.67063799
 -0.87702917 -0.43705594  0.66853128 -0.30328093 -2.75634166 -0.51301528
 -1.09547984 -0.10745425  0.41058946  3.37895215 -0.0599421   0.40202802
 -0.31782273  0.97052288  3.10958139]
[ 1.          0.87063109  0.97840595 -0.16717091  0.00262629 -1.4045294
  1.60039811  2.5785475   1.32274653 -1.68939098 -1.16063024 -1.238463
 -2.3814671   0.3307824  -0.58156024  1.89674235 -1.88283967  0.18322055
  1.5758482   0.05939692  0.15016178]
[ 1.         -1.00731265  0.32872924 -0.44351263  2.26170764 -1.34848363
 -2.05006972  2.5098222   0.3073383   1.07189826  0.39763316  1.09699881
  1.3109659  -0.02679741 -1.48157611 -0.47736457 -1.04054488 -0.94301242
  0.16215029  1.51409448 -2.52719383]
[ 1.          0.88505852  1.74392266  0.15631672 -0.74390802  0.39358065
  1.10387736 -0.63582261  1.80657925  0.05070142  1.56313638 -0.53778683
  2.6043958  -1.86844594  0.73632469  1.02815427  0.45883965  0.49192019
  0.17464179 -0.7158107  -0.87852112]
[ 1.          0.90160675 -0.7949741   0.18325016 -0.62152343 -0.31628243
  0.9851761   1.31429286  0.36972239  0.2313028  -0.68431279  0.94852359
 -0.38144801  1.71605014  0.06027028 -0.56644328  0.63052757  0.90272578
 -0.26740969 -0.81729062 -0.42687541]
[ 1.          0.91291032 -1.00097208  0.0192085   0.52798585 -1.19233133
 -0.67480538 -0.99028167 -0.13105848 -2.3326468   1.68950045 -0.4396533
  0.98433513 -1.58490399 -0.08022086  1.4902887   1.00932286  0.31586005
  1.96205777  0.09670305  0.61319595]
[ 1.          0.86248659  1.26692105  0.31127184 -0.17907634 -0.66830211
  0.42736812 -1.09013612  0.80201151  1.00044375 -0.67950153 -0.56413415
  0.15139687  1.2026217  -0.0910311   0.50839751  2.00000731  1.3331083
  0.6230778   0.46138624 -1.20522518]
[ 1.          0.92754693 -1.23691364  0.31388006 -0.33907998 -1.26145795
  1.16790664 -0.07714949 -1.50034716  2.22491205 -1.07488103 -1.77453097
  1.16978952 -0.59540428  0.55209936  1.61562834 -1.44899384  0.52162788
 -1.28014981  1.18886171 -0.96176269]
[ 1.         -1.12752475 -0.00370155 -1.25572582 -1.90004583 -0.81781642
 -0.50348954  0.49557605  0.14214684  0.64818946  0.02946366  0.91125287
  0.87093436  0.7898274  -0.42931355 -0.80021055 -2.11397468  1.53496798
  2.29286591  0.14093529  1.56824559]
[  1.00000000e+00   9.06300951e-01  -1.45878242e+00  -2.42662392e-02
  -2.35749329e-01   1.04632516e+00  -1.35619999e+00  -6.94644321e-02
  -1.25389746e+00  -1.62624859e+00  -7.19953574e-01  -5.55993423e-01
   1.90382386e+00   7.74673154e-04   1.12855368e-01   4.69572846e-01
   1.04512628e+00  -1.85578450e-02   2.28770177e+00   2.01976254e-01
   1.40686321e-01]
[ 1.          0.92205927  0.89085227  0.26591357 -1.39884313  2.31649052
 -0.11251468  1.39605353 -0.83687575 -0.39174093  0.26816162  0.49525643
 -1.25150141  0.12152881 -0.02899879  1.08055873 -1.01518349 -1.12657113
 -0.87795241  1.65851454  1.02599013]
[ 1.         -1.14322594 -0.02052346 -2.36348719 -0.54046665 -0.19524357
  0.11666852  0.41853605  0.11066453  0.63578104  0.27308191 -0.19630592
  0.52877522  0.3525092  -0.24203891  1.4179069   2.1316755  -0.26823636
 -1.43665182 -1.62163413  2.77416473]
[ 1.          0.87428294  3.35296349  0.77338963 -1.29706634 -0.7496822
  0.53813196  4.72977209 -1.65100733 -4.66964543 -2.10854787  1.53614533
 -2.4357701   2.65884748  1.07188859  1.91409969 -1.92570586  0.34752265
 -2.42649868 -0.2309387  -0.64371675]
[ 1.         -1.17477865 -0.06622424  0.79137048  0.15272119 -0.14061685
 -0.34751058  0.27077032  0.1192498   0.18402849  0.4068194   0.24354963
  0.9110018   0.9145287  -1.32106293  0.65416536 -0.30779741 -0.17489445
 -0.21842429 -0.37844489  0.28297279]
[ 1.         -1.14304423 -0.08260494  0.23932229 -0.19401145 -0.18065205
 -0.08035537  0.225551    0.34540062  0.19571369  0.51467301  0.31531424
  0.67999563  1.01307894 -0.90851304  0.33501003 -0.38664445  0.80167179
  0.38838201  1.74402828  0.32181072]
[ 1.          0.87902565  1.67958632 -0.23360188  0.83606022  0.19984041
 -3.2153423  -1.65260452 -1.8656128   0.35047704 -1.96004455 -0.445165
 -2.39128534  0.28665489 -2.92757587 -1.55682969 -1.26172099  1.20016865
 -2.34773798 -0.40120142 -0.40094174]
[ 1.          0.8859873   2.10594105  0.18557797 -0.74621369 -1.50979155
  1.95336734  1.11947939 -2.60858412  0.03988764  2.01831932 -1.03029703
  0.7573412  -1.87943378  0.83265552  0.99980491 -0.13199429  1.03329923
 -0.07839178 -0.22902689 -1.39018095]
[ 1.          0.92084509 -1.44298912  0.1019574  -0.17524051  0.50512289
  0.84016242  1.3854786   1.63291735 -0.41497799 -1.18009507 -0.30298029
  0.04437029  0.6565864   0.06882021 -0.85906007  0.16935917 -0.45884881
  0.16113185 -0.24782022  0.22787412]
[ 1.         -1.14787188 -0.00610102 -1.01146157 -1.55218185 -0.64299254
 -0.44909038 -0.07634552  0.32642576  0.29477746 -1.08245427  1.21045887
 -0.72826927 -1.18917453  0.04765836 -0.0730257   0.90486022 -0.47538866
  0.18471663  1.99564091 -0.15486715]
[ 1.          0.91945738  0.24604655  0.39646211  0.17539977 -0.73130487
 -0.03879783 -1.01950594 -1.57895319  1.87331229  0.11609854  0.56371774
 -0.37897012  2.41675585  1.56852979  0.87260052  1.40747216 -1.50753725
  2.01819844  0.69557919  0.01194887]
[ 1.         -1.17287396 -0.03358835  0.04553419 -0.92856346 -0.11827594
 -0.80476346 -0.05545886  0.5737501   0.19311278  1.23841888 -1.26838376
  0.15728301  1.17087423 -0.91893175  0.88175656  0.61230516 -1.00446087
 -0.98920982 -0.06411615 -1.0146233 ]
[ 1.         -1.13890552 -0.01930427 -0.35208112 -0.09349061  0.19486294
  0.31104351 -0.3851819  -0.10532353 -0.23417754  0.63352255 -1.04587315
  0.39194043  0.70139097 -0.06077125 -0.68865587 -1.10474829  0.25631102
  0.14751221 -1.87872972 -0.20100171]
[ 1.         -1.12026216 -0.06666251 -1.51659149  0.7872867  -0.35115663
  0.75267883  0.39690573 -0.84873223  0.02889662 -1.25772474  2.52652291
  0.6593065  -1.56173021 -0.66584308  0.65664079  1.32444426 -2.58879176
 -0.84643458 -0.46368903 -0.37869581]
[ 1.         -1.15898622 -0.12599247  1.02880095 -0.59004074 -0.22989499
 -0.38940325  0.1464213   0.20386131  0.23067753 -0.53629423  0.54664476
 -0.67399279 -0.52604784  1.07987798 -0.505212   -0.09412268  1.17301772
  0.72232137  0.39842023  2.00441447]
[ 1.          0.88454686  1.35722146  0.05523957 -0.03179685  0.33409518
  0.06074798 -0.6523995   0.11247331  0.53265579 -1.11810189 -1.06967411
  0.86078697  0.0264871  -0.24239963 -1.44533549  1.13459668 -1.05810904
  0.38724164  0.72203256  1.30401107]
[ 1.         -1.15353296 -0.0699749   3.76579273  0.91794543 -0.81874024
 -1.65694644  1.43841466  0.14827567  0.90190061 -0.62380269  0.6221736
 -0.12264679 -2.06988974  1.26894288 -0.60308102  0.26685977  0.49828868
 -0.14207624 -0.63276517 -0.39893275]
[ 1.          0.88744738 -2.01985846 -0.25357262  1.30386291  0.59535058
  1.45167359  2.18239932  4.0299892  -0.64810016  1.31227744 -0.17293571
 -1.78388874 -0.9650591  -1.17603832 -1.83995477 -0.52859942 -2.27169259
  2.06926698 -0.93974897  0.47654582]
[ 1.          0.88449301 -0.1169277  -0.00461965  0.56570224 -0.61946399
 -1.35048814 -1.8136166  -1.41830075 -0.25184375 -0.93324864 -0.76085175
  0.58953904  0.2051482   0.31616888  0.46548172 -1.10186097 -1.18383962
 -1.43560184  1.18967532  2.56582228]
[ 1.          0.91867069 -1.61255759 -0.1264531   0.5818761  -0.858298
 -0.88629069 -1.30121678  0.51808104 -0.0919399  -0.00827412  0.89521666
  0.65263989  1.33794543  2.09666044  0.50333909  0.22789571 -1.18685679
  0.82907553 -0.38056845 -1.01409197]
[ 1.         -1.16089744 -0.08636783  0.78258337  0.81843195  0.55048336
  1.33388649 -0.86974108 -0.60714643 -0.85021246 -0.58499399  0.6006057
  0.17054207  0.13402218 -0.72363273 -0.16676048 -0.89559116 -0.07796892
  0.5484386   0.55331249 -0.86775232]
[ 1.          0.90326601 -0.793367   -0.22769142  0.67364978  0.77182537
 -1.30398166 -0.76607308  1.01010693 -0.83468513  0.8459445   1.19519022
 -2.17403507 -0.6122407  -1.4147231   0.71638628 -0.97555287  0.83518871
 -0.49289747 -0.11269737  0.93231248]
[ 1.          0.8327989   1.88841994 -0.01219027 -0.29765656  3.57846424
 -1.05502877  0.32208541 -2.98003113  1.23795963 -1.51191552 -1.20129298
  0.56232938 -0.48055079 -0.54726739 -1.50275665  0.57443792 -0.21261351
 -1.05794403 -0.26878224  1.13473574]
[ 1.         -1.16144112 -0.04442617 -0.19020439  0.11322612  0.43979043
  1.38604275 -0.91853763 -0.79537088 -0.62030529 -1.46793022  1.7130362
 -0.19964247 -1.15321199 -0.33990149  0.15120731  0.18767473 -1.37458506
  0.27995944  1.26065873 -1.23610522]
[ 1.          0.84296207  1.7358601  -0.29757234 -0.14943511  0.29236295
 -0.80849703 -0.54538513  1.70032218 -1.7405099  -1.27606802  0.5671312
  2.40290036 -0.01862888  0.55268234 -0.47397462  0.3935528   1.47627318
  1.31555864 -1.97295695 -1.28188028]
[ 1.         -0.37400008  1.17982404 -1.3552758   1.31333894 -0.37917662
 -3.58242491  1.54217516  0.22756962  0.11911342  0.22150422 -1.39007052
 -0.41378246  0.80914985  0.85504568 -2.19815148 -1.68072409 -1.84088933
  0.17996153 -0.54574134 -1.449094  ]
[ 1.          0.92143817 -1.31863221 -0.17386661  0.57378034 -2.98107721
 -0.12354637 -1.06386518 -0.8358666  -0.15232502 -0.38405473  1.23350965
  0.36449334  3.02355931  2.44457003 -1.21944085 -1.17838293  0.06718379
 -3.30945612 -0.91560021 -1.06969488]
[ 1.          0.91064486  1.34610483  0.38459873 -0.33521408  0.42075572
 -0.09169141 -0.67806188  0.68536454  0.10218782  1.09958616  0.83678433
  0.05505047 -0.38348114  0.02279255  0.27092194  0.31225523 -0.64265819
  1.21592391  0.57408547  0.50019316]
[ 1.          0.88462417  1.68581424  0.05967254 -0.51039708  0.89454509
 -0.1728434   0.35835082 -1.38703332  0.52072191  0.90095063  0.41407295
 -0.60614295 -0.04754136 -0.39253092 -0.80115065  0.03879654 -0.56298512
 -0.37738187  0.43252176  0.75253631]
[ 1.          0.90182087 -1.85117043 -0.17935812  0.49934088  0.32397026
 -0.53288213 -0.74314176 -1.21754373  1.33816346 -0.27305856 -1.23882164
 -0.08536436 -0.69941423  0.14135072  1.73064299 -0.81005013 -0.61983986
  1.33107757 -0.30820519  0.7492194 ]
[ 1.          0.89676612 -0.39546269  0.06947733 -1.02122165  0.63008333
  1.14591721  1.89064754  0.46907401 -1.36613957  0.78710087  0.62022872
  1.14946384 -0.03777731  0.90477692  0.74182237  0.48495376  0.71024551
 -0.59410547  0.32713535 -0.24927517]
[ 1.          0.91951668 -1.15461102  0.01769539  0.16978556 -0.19077717
 -0.61373842  0.20798366 -0.20439841 -1.1413382  -0.81915349 -0.97793072
  0.17234969  0.39916199 -0.43892673 -0.90145797  0.74181634 -0.6216918
  1.56175637  0.10821659  0.11072546]
[ 1.          0.19267466  1.16455981 -1.00988479  2.74205198 -2.28869088
 -1.908182    1.38339363 -1.4337249  -0.95969155 -1.09975495 -1.0619206
 -2.45113702 -0.16972592 -0.56248875  0.9916283  -0.5516866  -0.83695213
  0.66318645  0.57470701 -2.5439981 ]
[ 1.          0.91510443 -1.46031032  0.11809603 -0.37902673 -1.21176883
  0.11450764 -0.44832358 -0.90085422 -0.22860392 -0.11753928 -1.10340268
  0.80823112 -1.00253574 -0.92006621 -0.58225021  0.89256729  0.97558341
 -0.90948606  1.37219378  0.74630332]
[ 1.          0.878226    1.05070086  0.08860878 -0.44472226  0.99843844
  0.52090803 -0.15057255  0.0286942   1.9579993  -0.123662    0.44341997
 -0.19593033  0.1390782  -0.13526001  1.00135155 -0.18434305  1.03019367
  0.61052212 -0.75484986 -1.02988492]
[ 1.          0.88977352  1.70651937  0.35335854  0.21455948 -1.86718212
  1.54675438  0.91640319 -0.62154226 -0.75635269  0.64088665 -0.23377036
 -1.10425695  0.57374696  0.82407516  1.44497452 -1.79316857 -1.31819468
 -0.19828475  0.8414299   1.75521678]
[ 1.          0.73356651  1.43023565  0.77862694  1.40274203 -3.43689814
  1.72859357  1.46066765  0.93537735  1.34512673 -1.40244906  0.34385791
  0.84839656  1.95901854  2.97150506 -0.70583725 -0.90808119 -1.89610733
  3.35426239 -0.06954706 -0.07072804]
[ 1.          0.89400166  1.11476626 -0.02110207 -0.52779889  2.72953781
 -2.42894861 -0.35881057 -1.04495966 -0.35849986 -0.4148694   1.39202692
  0.61267487  1.88015922  1.22888828 -0.23679302 -0.304605   -0.95169394
  1.04693172 -0.37315487  0.13610774]
[ 1.          0.9038597  -1.71100295 -0.43843005  0.10624824 -0.5831756
 -0.38829104  1.134766   -2.96674708 -1.42860152  2.59908049  0.6898136
 -2.24433089 -0.28446785 -1.27901745 -2.88135094  1.21904842  0.04478614
  0.46460668 -0.64135287 -0.1313541 ]
[  1.00000000e+00   7.61547936e-01   9.51330967e-01   1.92291876e-01
  -3.43595494e-01   4.15304398e-01  -1.20249879e+00   6.14246250e-01
  -1.71295580e+00  -8.76658984e-02  -1.21057789e+00  -1.32527800e+00
   9.13944073e-01  -2.92706804e+00  -1.61355594e+00   1.73689999e-03
   6.19616990e-02   1.44659079e+00   1.73092515e+00  -9.55034728e-01
  -2.15964761e+00]
[ 1.          0.89153755  1.43436843  0.24433946 -0.87797895  0.98369939
  0.69577998 -0.43152404  1.04868745  0.80000227  0.29310633  1.44487168
  1.29182782 -0.21984375 -0.38376506 -1.56404372  0.5904629   1.00510891
 -0.53749903 -0.65226809 -0.44242385]
[ 1.          0.91066338 -1.62615361 -0.01391689 -1.20066304  1.8310645
  0.99748594  1.85925718 -0.64960745  0.98190391  1.32706573  1.41753046
  1.34970675 -0.05713565  1.54147481 -0.40875171 -0.84240393 -0.00832237
 -1.02896599  0.87435632 -0.628231  ]
[ 1.         -1.14902198 -0.102244    0.95408038 -0.42629785 -0.08865068
 -0.34964918 -0.16011156  0.19737408  0.12442233  0.53017066 -0.81720095
 -0.33762302  0.37870145 -0.20695224  0.40551616  0.54738355 -0.27947437
 -0.30148903 -0.01130643 -0.6933137 ]
[ 1.          0.8951968   1.15456809  0.22853236  0.09101827 -1.15977933
  0.89824064 -0.70622125  1.83242529 -0.19413743  0.33012082 -0.0172463
  0.8230115  -0.02948323 -0.25413187 -0.4551163   1.4682642   0.24340527
  0.54201424  0.41330015 -0.05595055]
[ 1.         -0.84421958  0.42028264 -1.05476972  2.76428078  1.7075618
  0.11371079  0.57448456 -0.13174601  0.28536938  1.69330004 -2.43098849
  1.23311215  0.1885033   1.38186148  1.30161614  1.95411423  1.10846058
 -0.52571473 -1.37092798 -0.31561746]
[ 1.         -1.18599687 -0.09444779 -0.44254172  0.96164227  2.10834439
  3.33911862 -2.67617397 -0.85898402 -2.02450066 -0.29990485 -0.9911731
 -0.52335771  1.13807389  0.65669862 -2.03722515 -2.62747077  1.68456376
  1.42878757  1.4831244  -1.25692972]
[ 1.          0.91727544 -1.44410243 -0.21780997 -0.0512957   0.57364209
 -0.86131042 -0.35630796 -0.20163257 -1.49061218  0.56027086  0.76941385
  0.1942653  -0.54591989 -0.23149471  0.94329334 -0.19543817  1.21968407
 -1.4117217   0.45308611  0.24415979]
[ 1.          0.89510762  1.3172975   0.28692329  0.41057941 -0.46377807
 -0.20119458 -2.53246056  0.46166376  2.47859831  0.77299427  0.01713878
 -1.41925565 -1.70688082 -2.73155732  0.08661046 -1.79549741  0.94822212
 -0.51890468 -0.52622957  0.55970641]
[ 1.          0.92903944  0.23029979  0.06851311 -0.06750154 -1.13957087
 -0.97957646 -0.94978534 -0.8750648  -1.57836384 -2.39061927 -0.55038021
 -0.93441581  1.01586679 -1.59033993 -0.21915595  0.41305431  3.21161818
 -3.07765351 -0.48617327 -0.22568997]
