Cluster centers 

[ 1.30921511  0.1335235  -1.21757714  0.72744673]
[-0.8520865  -0.85960577 -0.27192699  0.85654359]
[-0.72763395  0.94241494  1.09125732 -0.12404769]
[-0.86108016 -1.42918213 -0.57548652 -1.61099813]
[-0.77430042  0.26268683  0.73508683  0.85848787]
[ 1.05279143 -0.15708216  1.61791048  0.58296616]
[ 1.24355275 -0.57259634  0.63376832 -0.49216028]
[-0.84799756  1.42093842 -0.85424813  0.01062172]
[-0.85795859 -0.69528514 -0.87387092  1.05226981]
[ 0.87874937  1.78083967  2.12133619 -1.26839477]
[ 1.31287349  0.31774735  0.37976022  0.91252636]
[-0.85609212  1.73228257  0.10579704 -1.2513426 ]
[-0.76633531 -1.12108906  0.51686974  0.42340138]
[ 1.18725707 -0.34204152 -2.28137241 -2.84955637]
[-0.7646233  -1.3393553   0.45962693 -0.23842505]
[ 1.27124091  2.3018698   0.56827027 -1.15207733]
[-0.5388578  -1.66971981  1.15283967 -2.84182206]
[-0.86149853  0.80175836 -0.48640366  0.77375585]
[ 1.33606529 -0.3371599  -0.26734266 -0.20870214]
[ 1.28422565 -0.15163387 -1.54935845 -0.08862188]
[ 1.336227    0.83612267  0.13800211  0.96910173]
[ 1.13236842 -0.56836371  1.21104828 -0.105559  ]
[-0.84952051 -0.14645975 -0.09288005  1.27850743]
[-0.46500309 -0.76818659  1.71441694  0.75340735]
[-0.85438678  0.9939467   0.02672997  0.2694418 ]
[-0.769235   -1.46518061  0.36896293 -0.90596312]
[ 1.33928956 -0.39523147 -0.72082169 -0.76750715]
[-0.76177981 -0.82304216  0.62052811  0.8837619 ]
[-0.84990457 -1.23203359 -1.42853561 -1.09532639]
[ 1.34599925  0.17531779 -0.39171309  0.82827744]
[ 1.07495899  0.75212127  1.71504256  0.49774452]
[-0.56052588  1.51704638  1.71103019 -1.53738749]
[-0.71500677  0.94968485 -1.85868102  1.19765958]
[-0.80184671 -0.84758706 -1.71468608  0.51485222]
[ 1.31543127 -0.05644813  0.25344307  0.58761304]
[-0.84078621  0.51762174 -0.97671519  1.24754581]
[ 1.32639558 -0.57921169 -0.28653179 -1.54644364]
[-0.29078494 -1.61830659  1.75588804 -1.87190261]
[ 1.27896965  1.58789757  0.83835015  0.01783457]
[ 1.24755614  2.1388187  -1.18575331  0.11715129]
[-0.86290715 -1.34127628 -0.60751092 -0.85280341]
[-0.769966   -1.58495512  0.21868017 -3.06059794]
[-0.6091173   0.51453689  1.52207018  0.33482626]
[ 0.41827937 -0.33567315  2.39371885  0.56900411]
[-0.62959818 -1.57006903  0.97940695 -1.37418986]
[-0.7895802   1.70804513  0.77479929 -1.58158078]
[ 1.33374102 -0.10519161 -0.922599    0.26020467]
[-0.81214247  1.79249908 -1.19857943 -0.51713295]
[-0.85862609  2.07905844 -0.65698208 -1.61862988]
[-0.81244427 -0.47337858  0.31817677  1.15795215]
[-0.86274382 -1.16359543 -0.56689931  0.04828565]
[ 1.15685274  0.74399353 -1.96312275  1.25561666]
[ 1.2486612  -0.35425597 -1.90543893 -1.80432752]
[ 1.26662901 -0.72460304  0.33570957 -1.71345219]
[-0.64176086 -0.12110479  1.32469449  0.9130692 ]
[-0.75287993 -0.1004042  -1.79250067  1.49449019]
[ 1.1780497   0.01794461 -2.12992972  0.37025826]
[-0.85960028  0.35119219 -0.31459656  1.15039302]
[ 1.30902631 -0.53319527  0.07972595 -0.79360322]
[-0.85253678 -1.1548113  -1.30045203 -0.40127827]
[-0.80323029  2.045793    0.67235114 -2.46415301]
[ 1.18197254 -0.72258642  0.90665758 -0.8554613 ]
[ 1.09990315 -0.23694958 -2.57819895 -1.11290159]
[-0.62428539 -1.021566    1.21390384  0.57499089]
[-0.82442783  1.18701511 -1.13018162  0.55527078]
[ 1.32478253 -0.4233745  -1.14271434 -1.41613378]
[-0.86451781  1.4896206  -0.17732899 -0.52544514]
[-0.84404622  0.57868337  0.13729401  0.77436174]
[-0.86346454 -1.45412032 -0.70578211 -2.52434743]
[ 1.34139513 -0.138174   -0.2773871   0.34396085]
[-0.83238006 -1.34471238 -0.08537729 -0.48031613]
[ 1.32817697 -0.5468946  -0.79356339 -2.26098874]
[-0.83400633 -1.15187708 -0.05167005  0.26356312]
[ 0.2483302  -1.1060008   2.33734129 -0.1721037 ]
[ 1.33781502  0.69726435 -0.65455296  1.13980536]
[ 1.08153759  1.29075985  1.72870318 -0.07531881]
[-0.7977983   1.38713285  0.6949133  -0.78809371]
[-0.32383797 -1.31388017  1.86051197 -0.2074702 ]
[-0.86474832  1.17490127 -0.41016562  0.1944379 ]
[ 1.33411376 -0.26313217 -0.94563769 -0.27711801]
[-0.80352646 -1.52924147  0.07952212 -1.73675004]
[ 1.33712981  1.42728621  0.09850019  0.57354467]
[ 1.24972598  0.86004737  0.97685221  0.70910627]
[-0.84817895  1.21629368  0.17227132 -0.17856186]
[ 0.39067367  1.08166468  2.57881933 -0.51967255]
[ 1.22217998  0.09218575  1.00676958  0.73768744]
[-0.8631603   1.79359414 -0.5762873  -0.94970163]
[ 0.80093011 -0.78385655  2.00940434 -0.07176251]
[-0.79783659  0.72650022  0.63195323  0.39671492]
[-0.62533998  1.17025968  1.51440933 -0.71250306]
[ 1.20367117 -0.20481627 -2.09460044 -0.57371957]
[ 0.69968171  0.54730669  2.37244009  0.35553179]
[-0.85481384 -0.1800642  -0.7976118   1.41435655]
[ 1.27891152 -0.33685835  0.49422794  0.12285333]
[-0.86186246 -1.00854115 -0.93694324  0.40256626]
[-0.86741781  2.25220346 -0.22403831 -2.46813583]
[-0.60616037 -1.37311367  1.1608367  -0.2740955 ]
[-0.81115316  1.05735728  0.57258956 -0.09131302]
[ 1.29778442 -0.31412063 -1.47277946 -0.88763363]
[ 0.74929841 -1.09079753  1.8980275  -1.07230646]

Populations

0.0130753208669
0.0218285193237
0.00680441630315
0.00722468361965
0.0126518275688
0.0162115018729
0.00793858235735
0.00920859497385
0.0123730461018
0.00611159422756
0.0175972969749
0.0132450898571
0.0105426607489
0.00386808544899
0.0109231330683
0.00290545108353
0.00195241717981
0.0104645537065
0.0241437511767
0.0121668663232
0.0111639024756
0.011965139058
0.0169744301632
0.00382704664086
0.0118814626171
0.0129610003835
0.020405498121
0.012061342173
0.00258058506084
0.0221713518013
0.00985997546404
0.002548674114
0.0025809878221
0.00605101038203
0.0230248997686
0.0103655082624
0.00836448299128
0.00154710515055
0.00614811956946
0.00310091056356
0.0114483372407
0.00554179376571
0.00590343442586
0.0082599936098
0.00732185535204
0.00600306784989
0.0210250790784
0.00607032085053
0.0076015675223
0.0161007297992
0.0116700992332
0.00629891028905
0.0075743364785
0.00354492988472
0.00730784524063
0.00546696107916
0.00696066888045
0.0128476457883
0.0120953299414
0.00613060300147
0.00569374406182
0.0050054012267
0.00260753713671
0.00599669177331
0.00929713811951
0.0122834804897
0.013591278405
0.0129825547371
0.00374328430558
0.0241008464651
0.0129790292438
0.00692828769745
0.0150921182032
0.00714099808296
0.0152454192892
0.006932301148
0.0109404995364
0.00412976859698
0.00871135934067
0.0188972506973
0.00982327547705
0.00643299709203
0.0118047866972
0.0105053552668
0.00362245534237
0.0239947924582
0.0105752036899
0.00992275112959
0.0106476015893
0.00499566408844
0.00766158368512
0.00583818901919
0.0146749047389
0.0213934113392
0.0123266335291
0.00554749965195
0.00681410407817
0.00647927406417
0.0131400250381
0.00550616879121

State labels

0
1
2
3
4
5
6
7
8
9
10
11
12
13
14
15
16
17
18
19
20
21
22
23
24
25
26
27
28
29
30
31
32
33
34
35
36
37
38
39
40
41
42
43
44
45
46
47
48
49
50
51
52
53
54
55
56
57
58
59
60
61
62
63
64
65
66
67
68
69
70
71
72
73
74
75
76
77
78
79
80
81
82
83
84
85
86
87
88
89
90
91
92
93
94
95
96
97
98
99

Eigen values

1.0
0.952351793435
0.2504398166
0.170454463645
0.146120444235
0.139519466472
0.138356841221
0.131231667542
0.127490804871
0.120515204478
0.11920328754
0.113022438585
0.11224779573
0.105224982418
0.104026222458
0.101712617058
0.0971055347532
0.0950567585234
0.0915194152562
0.0886858799333
0.0861811233888

Left eigenvectors

[ 0.01307532  0.0139072  -0.00084645 -0.00161511 -0.00776884 -0.01455358
  0.00538379  0.00210236 -0.00416136  0.00410133 -0.00453384 -0.00246001
 -0.01136345  0.01893646 -0.00836856 -0.00948793 -0.00393954  0.01050498
  0.01854943 -0.01029076  0.01352073]
[ 0.02182852 -0.0216164   0.02358921  0.00153482  0.01007614  0.01003414
  0.02688176 -0.03993598 -0.01101363  0.00638678 -0.00239466  0.00148007
  0.01052341  0.00882107  0.01068273 -0.01011012 -0.00040518 -0.01312715
  0.01152038 -0.00351703 -0.0197787 ]
[ 0.00680442 -0.00688941 -0.01153484 -0.00016349 -0.00052769 -0.00750649
 -0.00258919 -0.00594729  0.01571826 -0.01675552 -0.01387195  0.00201933
  0.0015986   0.00722392  0.01778951 -0.00444927 -0.01199645 -0.01097431
 -0.00112404  0.00326794  0.00442959]
[  7.22468362e-03  -6.86253566e-03   7.32614603e-03  -1.86034871e-03
  -1.70847682e-03   2.74281927e-03   4.46619405e-05   6.28263729e-03
   1.37231213e-02  -9.67488965e-03  -5.59463180e-03  -7.76015151e-03
  -1.28195232e-02  -1.14849957e-02  -4.27426579e-03  -5.23942463e-03
   6.78901569e-03   1.86269441e-02   1.03560241e-04   1.10133589e-02
   1.19843023e-02]
[ 0.01265183 -0.01256526 -0.00921268  0.00207322 -0.00667383 -0.01120766
 -0.02145222 -0.00750178 -0.00817096 -0.00774302  0.01016736 -0.0102263
 -0.00050684 -0.01012123 -0.01759357 -0.00092008 -0.01394035 -0.01094565
 -0.00280841 -0.01681175 -0.0050334 ]
[ 0.0162115   0.01624295  0.00028538  0.00566867 -0.00508451  0.00792413
 -0.00483754 -0.00044518 -0.00858749 -0.01825432  0.0126062   0.00119144
 -0.00303903 -0.00955412  0.02464756  0.01470661  0.03751575 -0.00635183
 -0.03036331 -0.00218201 -0.0021728 ]
[ 0.00793858  0.00816261 -0.00012817 -0.02272443 -0.01317919  0.00175698
  0.00265744 -0.00090811 -0.00039029  0.00181058 -0.01049437  0.00279552
  0.01364908 -0.00734934  0.01018266  0.00377872 -0.00506697  0.01336911
  0.0029077  -0.01252487 -0.00765424]
[ 0.00920859 -0.00935329 -0.00530268 -0.00182801  0.00208902  0.00742452
  0.02775834 -0.01664504  0.0004839  -0.00631258 -0.00610317 -0.02086483
  0.00858252  0.00479098  0.00213665  0.01487069 -0.00587061  0.00895913
 -0.00300809  0.00848292 -0.00079536]
[ 0.01237305 -0.01223839  0.00372785  0.00059257  0.00175733  0.01255699
  0.02668842 -0.009922   -0.01237374  0.01561776  0.01397632 -0.01130039
  0.00655165  0.00557819  0.00109527  0.02287959 -0.01911987  0.0114348
 -0.00794314 -0.00128169  0.00708379]
[  6.11159423e-03   5.62973041e-03  -1.54697900e-03   4.27656729e-03
  -1.43871362e-02  -5.46198363e-03  -3.45661090e-05   8.73355206e-04
  -4.37472985e-03   2.32989369e-03   3.61438310e-03  -4.63335712e-03
  -9.83169632e-03   4.54154573e-03   4.68756656e-03   2.64851593e-03
  -1.09197930e-03  -2.66369943e-03  -4.65290301e-04   7.92431748e-03
   5.02815259e-03]
[ 0.0175973   0.01842191 -0.00034142  0.03343119 -0.01701876  0.01594644
  0.00100845  0.01013578 -0.00667783  0.00111752 -0.02789101  0.00999757
  0.02893065 -0.03157334  0.00809224  0.01183051 -0.00909269  0.00853951
  0.01682258 -0.01084082  0.00198749]
[ 0.01324509 -0.0132199  -0.02723219  0.00174965 -0.00739228 -0.00745588
 -0.01249046  0.0069879   0.00084703  0.00110919  0.00843538  0.0024902
 -0.00723219 -0.0028068   0.0145302  -0.00595455 -0.01065262  0.00094351
 -0.00766815  0.00686211  0.03910014]
[ 0.01054266 -0.01016914  0.01132674  0.00104486  0.00327445 -0.00492856
  0.00130909  0.00913522 -0.00464335  0.0020238   0.00425575 -0.00595907
  0.00708404  0.00871067  0.01029848 -0.00526181  0.00249305 -0.01596136
  0.00956681 -0.01051205  0.01167522]
[  3.86808545e-03   4.14999037e-03  -6.56139204e-04   1.47428145e-02
  -6.97634569e-03   2.11005626e-03   2.89774396e-04   5.37741261e-03
  -1.27619825e-02  -4.98624963e-03  -1.53083953e-02   3.60158132e-03
   4.10577481e-03  -5.24155376e-03   1.72603047e-05   6.90564382e-04
  -4.95791760e-03   3.78249041e-03   6.86668592e-03  -3.55234839e-04
   2.12069819e-03]
[ 0.01092313 -0.01075147  0.01250752 -0.00027324  0.00412363 -0.00205463
  0.00588991  0.00138412  0.00838951 -0.00225792 -0.00902711  0.01331376
 -0.0043089   0.01123669  0.00572904  0.00653688  0.00282401 -0.0069201
 -0.00620883  0.02129302 -0.00463219]
[  2.90545108e-03   3.02223096e-03  -2.73392963e-05  -1.43041994e-02
  -5.72939078e-03  -5.28438486e-03   3.01720689e-03  -8.84367172e-04
   7.22095407e-04  -4.35471188e-04   1.61427024e-03  -1.21671448e-03
  -1.57623768e-03  -8.21557875e-03   9.18732769e-03   8.29087969e-03
   6.24170652e-03  -2.35421338e-03   5.75218632e-03  -4.94255454e-03
  -1.88738329e-03]
[ 0.00195242 -0.00144584  0.00170276 -0.00097151 -0.00150203 -0.00293042
 -0.00372155  0.00054161  0.00733257  0.00151362  0.0008083   0.00349525
 -0.00213855 -0.00768018 -0.00085908 -0.00521382 -0.00138452  0.0041643
  0.0030536  -0.00250682 -0.01075784]
[ 0.01046455 -0.01064191 -0.01670048 -0.00035135  0.00021128 -0.00084414
 -0.00995199 -0.00359815 -0.00065099  0.00502414  0.00320687  0.01918452
 -0.00450513 -0.0010697   0.00265877 -0.01001688  0.000178   -0.00415935
  0.00543496 -0.00662043  0.00704343]
[ 0.02414375  0.02544042 -0.00270247  0.00674097  0.0071635  -0.01938762
  0.00046163  0.00316428 -0.01983938  0.0217967  -0.03626994 -0.01203791
 -0.02736679  0.0079018  -0.01121186  0.00160351 -0.01629106 -0.00129087
  0.00557654  0.00866847 -0.00795676]
[ 0.01216687  0.01299377 -0.00135265 -0.0100157   0.00878406 -0.01528212
  0.00377807 -0.00019043 -0.00910353 -0.00823347  0.00372409 -0.00075997
 -0.0143018   0.01050706  0.00287118  0.00207615  0.02524865  0.00778986
 -0.01843442 -0.01410115 -0.00550603]
[ 0.0111639   0.0115505  -0.0010792  -0.00961808 -0.00557752  0.00079355
  0.00081986  0.00395975 -0.01020605 -0.00338752 -0.00706251 -0.00270737
 -0.01153016  0.01200946 -0.00246885 -0.00224361  0.0043644   0.004958
  0.0147935  -0.00886505  0.00831849]
[ 0.01196514  0.0112661   0.00127286  0.01581645  0.01893192 -0.0087322
  0.01109593 -0.00190066  0.01174745 -0.00048289  0.02644594 -0.00320672
 -0.01122567  0.00486464 -0.0114758  -0.00113253 -0.01530454 -0.01267841
  0.02303097  0.00432784  0.00031202]
[ 0.01697443 -0.01647081  0.00326672  0.00085833 -0.00610289 -0.00765008
 -0.02541409 -0.01116399  0.01146157 -0.01077089 -0.00387661 -0.00224201
  0.00040496  0.00010441 -0.00993448  0.02727778  0.00190619  0.01473784
 -0.0015663   0.00603218  0.00151733]
[ 0.00382705 -0.00258346  0.00036651 -0.00318627  0.00050327  0.00737472
  0.00539642  0.01463992  0.0031096  -0.00022324  0.00467729 -0.00345839
 -0.00910808 -0.00582621 -0.00890169  0.00017197 -0.00221372  0.00620955
 -0.00026337  0.00066473 -0.00206868]
[ 0.01188146 -0.01220654 -0.01050553  0.00045577 -0.00409804 -0.00524667
 -0.00409666 -0.00424199  0.00597349 -0.00993095 -0.00543522  0.00489017
 -0.0096137  -0.01144463 -0.00303002 -0.00892963 -0.00137105 -0.00064783
 -0.00796951  0.001074    0.01460815]
[ 0.012961   -0.0124083   0.02114383  0.00075954 -0.00437753 -0.00340083
 -0.00678366 -0.00745741  0.0052485  -0.00233314 -0.00284196  0.01026555
 -0.00701759  0.000345   -0.0020263   0.01213582  0.00482749  0.01240497
  0.00765315 -0.00405724  0.00554659]
[ 0.0204055   0.02138996  0.0010507   0.00164713 -0.00051495  0.00240691
  0.00591211  0.00289579  0.01263312 -0.0052607   0.00995858  0.00996384
  0.01826741  0.00406241 -0.00789913 -0.00774659 -0.02229259  0.0235845
  0.01269622 -0.00182531 -0.00599186]
[ 0.01206134 -0.01197761  0.01193645 -0.00104628 -0.00015907  0.00516592
  0.00842222  0.00310578 -0.00263328  0.00792027 -0.004179    0.02372327
 -0.01212657 -0.00212751 -0.00228486  0.00280815  0.00506089  0.0028789
 -0.00997061  0.01241032 -0.01056946]
[  2.58058506e-03  -2.66315552e-03   3.06152975e-03  -1.18306848e-03
   8.17300014e-05  -2.63966086e-03  -3.33759531e-03   4.81221787e-03
   7.25252587e-03  -8.51239523e-03  -6.22400486e-03  -1.65439023e-03
  -4.63838421e-03  -4.45495790e-03  -2.48624738e-03  -2.24639118e-03
  -2.18359409e-03   1.79374339e-03  -6.41678404e-03   6.65597830e-03
  -5.23708753e-03]
[ 0.02217135  0.02347608 -0.00244642 -0.01059817  0.00707464 -0.00759119
 -0.00985164 -0.00851562  0.00902186  0.03091186 -0.02726124 -0.01274298
  0.00067659 -0.00421561  0.01176051 -0.00478582  0.00634599  0.00385253
 -0.02689878 -0.00984349  0.00131647]
[ 0.00985998  0.00985715  0.00029663  0.02286197 -0.01654195  0.00213365
  0.00683042  0.0073784  -0.00946932 -0.01750218  0.01321141  0.00143263
 -0.01380711  0.00832694 -0.00012679 -0.00047694  0.00879718 -0.00782205
  0.00120809 -0.00313933 -0.01280079]
[ 0.00254867 -0.0021648  -0.00248416  0.0008975   0.00221989  0.00343999
  0.00034711  0.00041281  0.0035319   0.0034305  -0.00197085 -0.0001213
 -0.00080677  0.00625637 -0.00434369  0.0045344   0.0053552  -0.00069754
  0.00834606  0.00067419 -0.00614147]
[ 0.00258099 -0.00268037 -0.00737369 -0.00026809  0.00025083  0.00354273
  0.00764329  0.00076564 -0.00532016  0.00539951  0.00484132 -0.00583143
  0.00075816 -0.00599415  0.00255414 -0.0110829   0.0027028   0.00674188
  0.00129211  0.00462308  0.0067565 ]
[  6.05101038e-03  -5.77066268e-03   8.18360942e-05   2.41073288e-03
  -3.35455927e-03   1.18086956e-03  -6.73235220e-03  -9.21750413e-03
  -2.74309720e-03  -2.72269851e-06   4.14619447e-03   3.13075827e-03
  -4.84849408e-03  -3.53112558e-03  -1.37478902e-02   4.78052079e-03
   3.02265909e-03  -1.89653435e-03   1.76876515e-04  -1.47017533e-02
   9.60943122e-03]
[ 0.0230249   0.02410801 -0.00066376  0.02276188 -0.00569782 -0.03401225
  0.0203219   0.00242755  0.00024531 -0.01443913  0.01639963  0.01516242
  0.01748722  0.01314287 -0.02398671 -0.0101903   0.00085819  0.01857576
 -0.00202762  0.01295847  0.01065423]
[  1.03655083e-02  -1.02786768e-02  -8.98071117e-03  -9.23081314e-05
  -1.45498093e-03  -3.95625992e-04   3.45617253e-03  -8.69295456e-03
  -9.36395663e-03  -2.52884195e-03   2.79375777e-03  -8.27857771e-03
  -9.21051818e-04  -7.47019258e-03   1.39416554e-02  -1.11662644e-02
  -9.89869044e-03   3.97056806e-03  -1.06895818e-02   1.10540630e-02
   4.29321335e-03]
[ 0.00836448  0.00905099 -0.00101904 -0.01652773  0.02597757 -0.00234895
 -0.00298286 -0.0051176   0.00447679 -0.00051994  0.00835071  0.00188816
  0.00110135 -0.00345404 -0.00154666  0.00103905  0.00860175 -0.00224907
 -0.00553884 -0.00341981  0.01071443]
[  1.54710515e-03  -9.32517037e-04   3.50673267e-03   1.25392667e-03
   1.96397590e-03   1.81576304e-03   8.23211497e-03  -1.07992346e-03
   1.15186771e-03   7.09341477e-05   2.68402925e-03  -5.35954234e-05
  -5.26157388e-04   4.83248629e-04  -3.57455317e-03   1.60002677e-03
  -4.72931615e-03  -7.14089037e-03  -6.04632205e-04  -3.73051204e-03
  -2.75104017e-03]
[ 0.00614812  0.00596805 -0.00072288 -0.00083844  0.00190563  0.03027772
 -0.0197568  -0.00607525  0.00495175  0.01722147 -0.01186159 -0.01342745
 -0.00889916  0.01267222 -0.00808678 -0.00643672 -0.00328178 -0.00795677
 -0.00391248 -0.00055659  0.0040543 ]
[ 0.00310091  0.00332946 -0.00055739 -0.01768434 -0.0187338  -0.00654104
  0.00446211  0.00026737 -0.00391326  0.0072448  -0.00952505  0.00045671
  0.00211302  0.01417437 -0.01096666 -0.00864881 -0.00160724  0.00042897
 -0.00226156 -0.00104325  0.00724162]
[ 0.01144834 -0.01126743  0.01228684  0.00161151  0.00247363  0.00929795
  0.00614572 -0.01580777  0.01610372 -0.00324538 -0.01615057  0.03637644
 -0.02057268  0.01052805  0.00200816  0.00830026 -0.00070686  0.00103758
  0.00337128 -0.01073888  0.00465805]
[ 0.00554179 -0.00528031  0.01596705 -0.00256082 -0.00284287 -0.00258766
 -0.00948459  0.00858939  0.00442689 -0.00056836  0.00365776 -0.00241047
 -0.0047033  -0.01308012 -0.00557487 -0.00488589 -0.00488505  0.0088172
 -0.00106843 -0.00262139 -0.0081403 ]
[ 0.00590343 -0.00536537 -0.00615317 -0.00181998 -0.00189612  0.00495801
  0.00464843 -0.00078772 -0.00883536  0.01348382  0.01181193  0.00308991
 -0.00459355 -0.01004379  0.00208205 -0.00189246 -0.00680739  0.01462579
 -0.00566517  0.00607036 -0.00163113]
[ 0.00825999  0.00401726  0.00388661  0.01277413 -0.00242076  0.00501703
 -0.00385485 -0.00289766  0.01740167  0.00455468  0.00697644 -0.00626583
  0.00021483  0.00501122  0.01905304  0.00162131  0.00742009  0.00450359
  0.01241247 -0.00517804  0.01239655]
[  7.32185535e-03  -7.02041634e-03   1.30368733e-02   7.52589846e-04
  -5.29452263e-03  -3.95499414e-03  -1.34239338e-02  -2.61759669e-02
  -1.18184867e-02  -6.78490639e-04   4.82663034e-03  -3.09312968e-03
   5.56186823e-03  -2.16415174e-05  -1.35127876e-02   1.23781918e-02
   6.69623224e-03   9.71825134e-03  -1.63344282e-03   5.99309643e-03
  -2.52589949e-04]
[ 0.00600307 -0.00602503 -0.01253978  0.00010619 -0.00394306 -0.00030367
  0.00523248 -0.00523184 -0.00022621 -0.00373931  0.00024349 -0.00645956
 -0.00518315 -0.0028831   0.00319439  0.00036347 -0.00392885  0.00478857
 -0.00517982  0.01117008  0.00659517]
[  2.10250791e-02   2.19718289e-02  -1.06585947e-03  -2.26641088e-02
   2.52324568e-02  -1.57480424e-03  -3.49866018e-03   8.52436268e-05
  -9.65980473e-03  -1.64686876e-02   3.37865836e-03   1.65989378e-03
  -1.27850770e-02   1.35452020e-03   1.33033473e-02   1.18292492e-02
   2.15116176e-02   2.34589518e-02   5.40096088e-03  -3.21776901e-02
  -2.34806563e-03]
[ 0.00607032 -0.00627978 -0.00812581  0.00041157  0.00130289  0.007701
  0.011406   -0.01432071 -0.00090875  0.00068008 -0.00526066  0.0039443
 -0.00454307 -0.00226377 -0.00546824  0.00474534  0.00872632  0.00863269
  0.00090622  0.00553221 -0.00355556]
[ 0.00760157 -0.0074539  -0.01020365 -0.00013853 -0.00239365 -0.00271549
 -0.01222733  0.00999577 -0.00681877  0.0173795   0.01429101  0.01051543
  0.00471563  0.01275799  0.00569969  0.02715282 -0.00659447  0.00845271
 -0.00341467  0.00806968 -0.00084836]
[ 0.01610073 -0.01579811  0.00340531 -0.00243311 -0.00332938 -0.01135131
 -0.00946373  0.0039818   0.01020525 -0.00604547 -0.00680982  0.00785903
 -0.00135061 -0.00435796  0.01149517 -0.00363392 -0.0170586  -0.000831
 -0.00875004  0.00117537 -0.0195701 ]
[ 0.0116701  -0.01120258  0.0249078  -0.00474297  0.00316944  0.01184977
  0.01716469  0.02658666  0.01107911 -0.00252242 -0.00673823 -0.00792817
 -0.01786563 -0.00986123 -0.00691727 -0.01040535  0.01366622  0.01082684
  0.00259758  0.01325853  0.00615022]
[ 0.00629891  0.00665644 -0.00029329  0.00258466 -0.00169861 -0.00204133
  0.0020189   0.00115469 -0.00096004  0.00657155 -0.00768718  0.00362322
  0.00759568 -0.01654813  0.0007101   0.0090291   0.00371634 -0.00965144
  0.00247881  0.00529699  0.01232174]
[ 0.00757434  0.00816719 -0.00126377 -0.00104268  0.02302139 -0.01881175
  0.00077351 -0.00144344 -0.00978857  0.01423034 -0.02210893 -0.00394956
 -0.00967602 -0.02732201  0.00312734  0.01934255 -0.00777226 -0.00640164
  0.00674218  0.00709972 -0.00504747]
[  3.54492988e-03   3.73688746e-03  -1.77748618e-04  -1.92167643e-03
   7.58971165e-03  -3.25991393e-03  -4.31825722e-05   1.48671900e-03
  -4.19447461e-03   4.78509506e-03  -6.11599425e-03  -5.93578767e-04
  -3.82051986e-03  -7.97641656e-03  -1.79913729e-03   3.86608379e-03
  -7.23318796e-03  -8.15796217e-03   1.27662733e-02   6.05952311e-03
   4.28100610e-03]
[ 0.00730785 -0.00697034  0.00567974 -0.00017963  0.00371712  0.0057621
  0.02123716 -0.0022579   0.00579581 -0.0033027  -0.0017685  -0.00206721
  0.00017691  0.00307539  0.01017291  0.0007666  -0.01540408 -0.00323321
 -0.00326024 -0.01366506  0.00568661]
[ 0.00546696 -0.00565427  0.00321806 -0.00164202  0.00142101  0.00022702
  0.00084134  0.0136697   0.00249926 -0.00111194 -0.00331063 -0.00039302
 -0.00275839 -0.00026741 -0.00016723  0.00364352 -0.00508934  0.00280393
 -0.01198639  0.00600532 -0.0052637 ]
[ 0.00696067  0.00743448 -0.00043129  0.00645105  0.00742248 -0.01066111
  0.00351197 -0.00047799  0.00670908  0.01233666 -0.00845756  0.00395938
  0.00926117 -0.00685942 -0.0081957  -0.00391299  0.00488626  0.00034551
 -0.01317005 -0.00670944  0.0016223 ]
[ 0.01284765 -0.01275779 -0.00277253  0.00118676 -0.00045098  0.00595967
  0.02091256 -0.02350358 -0.00308306 -0.01833145 -0.01105136 -0.00574076
 -0.00552516 -0.00497358 -0.01064088 -0.00281326  0.00170733 -0.00493233
 -0.01577126 -0.01000827  0.02250318]
[ 0.01209533  0.01256468 -0.00020776  0.01150283  0.01752305  0.01138179
 -0.00959774 -0.00800523  0.024713    0.0248211   0.00170322 -0.00865381
  0.00673817 -0.00016201  0.00246378 -0.00810309 -0.00169592 -0.00373943
 -0.0005465  -0.007116    0.02328921]
[ 0.0061306  -0.00610608  0.01071063  0.00156408 -0.00119435 -0.00493977
 -0.00704873 -0.01373717 -0.01405325 -0.00015042 -0.00077351  0.0010385
  0.00895954  0.00525572 -0.00189413 -0.000431    0.00703808 -0.00201351
 -0.00201087  0.00672281  0.00186053]
[ 0.00569374 -0.00584274 -0.00678385 -0.00026019  0.00192456 -0.00201603
 -0.00371547  0.0102761   0.00492108 -0.00259408 -0.00523779 -0.00691179
  0.00759501  0.0073729   0.00221052  0.00464622  0.01258432  0.00037234
  0.00824366  0.0086685  -0.00125274]
[ 0.0050054   0.00507961 -0.00131816  0.00065466  0.00485232  0.00243493
 -0.0040352   0.00023268 -0.01423269 -0.00560528 -0.00573331 -0.00472957
 -0.01223241 -0.0015268   0.00622769  0.00271282 -0.00333678 -0.00025796
  0.00156019  0.00417452 -0.00346402]
[  2.60753714e-03   2.75386025e-03   6.08608660e-05  -1.86222857e-03
  -7.32242416e-03   1.14099791e-02  -3.01728129e-03   1.01715622e-03
  -1.07916277e-03  -1.83683269e-03  -3.13953602e-03   3.60059295e-03
   8.23218558e-03  -4.29193763e-03  -1.58527765e-03   1.05202518e-03
   1.00591930e-03  -8.53359051e-03  -3.16030188e-03   7.16916730e-03
   4.87972221e-03]
[ 0.00599669 -0.00545209  0.01032845  0.00050055  0.00263698  0.00285203
  0.00722944  0.01186854 -0.00022214  0.00366239 -0.00157752  0.00112638
  0.00220473  0.00711809 -0.00515777  0.00561223 -0.00044643 -0.00414645
 -0.00076465 -0.00096328 -0.00514378]
[ 0.00929714 -0.00949944 -0.01202051  0.00108884  0.0026418  -0.00169914
 -0.00647871 -0.00337688  0.0068669   0.00638401 -0.00406796  0.04289122
 -0.00952619  0.01716934  0.01088822  0.00674941  0.00451434 -0.00706359
  0.0090747   0.007417    0.00208031]
[ 0.01228348  0.01290487  0.00030353  0.01664051  0.00178607 -0.01709532
  0.00996092 -0.00225165  0.01244733  0.01171771  0.00654379 -0.00149378
 -0.0018114  -0.00264748 -0.01045951  0.00097355  0.01922358 -0.01510557
 -0.01988676 -0.00246554 -0.00314509]
[ 0.01359128 -0.01357826 -0.02483227  0.00060062 -0.00400324  0.00882116
 -0.00259887 -0.00374307 -0.01355349  0.02671597  0.01834731  0.02486731
 -0.00733975 -0.01577179 -0.00918757 -0.01611057  0.01318502  0.01114686
  0.00916685 -0.00615188 -0.01653852]
[ 0.01298255 -0.01347761 -0.00616377 -0.0024057   0.0055346   0.00144309
  0.0040578   0.0375199  -0.00481631  0.0047694   0.00196706 -0.00792569
  0.00570329  0.00910575 -0.00230692  0.01548401 -0.00061588 -0.00241367
 -0.01865432 -0.00399823  0.00808454]
[ 0.00374328 -0.00373055  0.00423172 -0.00016609 -0.00052325 -0.00180014
 -0.00024187 -0.00131872 -0.00357061  0.00198341  0.00089688  0.00107699
 -0.00135125 -0.00550741  0.01139021 -0.01763188 -0.00077183  0.00039951
 -0.0019229   0.00750309  0.00492975]
[ 0.02410085  0.02547921 -0.00410676 -0.01849615  0.06168675  0.0308983
 -0.01692486  0.00485329 -0.03102291 -0.05522709  0.01901201  0.02386681
  0.01392628  0.00826555 -0.01462853 -0.01793095 -0.0255518   0.01014938
 -0.00070727  0.02346989  0.00323808]
[ 0.01297903 -0.01295604  0.02202984  0.00050475  0.00207802 -0.00605865
 -0.01260944  0.0045121  -0.00505755 -0.01120834  0.00144233 -0.00876784
  0.00334105 -0.00545994 -0.0179339  -0.00014806 -0.0081053  -0.01123465
 -0.0030118  -0.03105961  0.00203291]
[ 0.00692829  0.0073695   0.00058158  0.00723675 -0.00542808 -0.0064358
  0.00713575  0.00084784  0.01088719 -0.00172208  0.00848547  0.01175079
  0.0226372  -0.01029115 -0.01437939 -0.00300634  0.00157012 -0.00892867
 -0.01078364  0.01683108  0.00473773]
[ 0.01509212 -0.01480023  0.02484425 -0.00017152  0.00420778 -0.00761522
 -0.01517127  0.02177916 -0.01946682  0.01306449  0.00122919  0.00738355
  0.00993421  0.00446792  0.01433875 -0.02364436  0.01165048 -0.01292375
  0.00662348  0.00642306  0.00253692]
[ 0.007141    0.00256391  0.005922   -0.0047786  -0.01230178 -0.00457706
 -0.00515915 -0.00709     0.02091791  0.00319077  0.00960334 -0.00861137
  0.00173028 -0.00473104  0.01476688  0.00011965 -0.01735505  0.01342744
  0.0088413   0.00358531 -0.01381143]
[ 0.01524542  0.01573045 -0.00043637  0.01562635 -0.00464402  0.00543
  0.00162747  0.00611042 -0.009144   -0.01147363 -0.00481439  0.0038432
  0.00914914 -0.00195774  0.01953316 -0.00168337 -0.00761685  0.01130792
 -0.00289591 -0.00533921 -0.0138704 ]
[ 0.0069323   0.00679736  0.00065302 -0.00646467 -0.00972466  0.01884773
 -0.00849928 -0.003344    0.0028501  -0.00213567  0.01365201 -0.01285302
 -0.01782336 -0.00160724  0.0114277   0.00559362  0.00205159 -0.02306855
 -0.00144478  0.01228477 -0.01305991]
[ 0.0109405  -0.01130693 -0.01433697  0.00038834 -0.00053068 -0.0028376
 -0.00361017 -0.00156291 -0.00754934 -0.00031975  0.00101444  0.00335748
 -0.00242033 -0.01296164 -0.00846878 -0.02750939  0.00602872 -0.01048744
  0.0033306  -0.01385382 -0.00925644]
[ 0.00412977 -0.00235263 -0.00064426  0.00259963 -0.00128621  0.00846161
 -0.00547236 -0.0039056  -0.00166511  0.00339512  0.0053717  -0.00485166
 -0.00653811 -0.00787429 -0.00877207  0.00531041  0.00578285  0.00291538
 -0.00080884 -0.00103783  0.00304415]
[  8.71135934e-03  -8.72713215e-03  -1.90563083e-02  -2.92933108e-05
   2.54191851e-03  -1.57324593e-03  -3.46437362e-03   5.62466145e-04
   1.06999530e-02  -5.94600813e-03  -9.10014109e-03  -8.30748018e-03
   7.29679637e-03  -1.26335160e-03  -7.01396495e-03  -9.22610757e-03
   1.95247490e-02  -4.35573092e-03   1.30755046e-02  -1.58816809e-03
  -1.18138600e-02]
[ 0.01889725  0.01983053  0.00030804 -0.00613539 -0.00463363 -0.00274423
 -0.00231936 -0.00189354 -0.00084782 -0.00023712 -0.00402401  0.00084893
  0.00904729  0.03026689 -0.01111383 -0.01862107 -0.01077015  0.02143945
 -0.02318398  0.00802725 -0.0223293 ]
[ 0.00982328 -0.00944753  0.02200212 -0.00067008  0.00356328  0.00107593
  0.00099426  0.02179151 -0.00269243  0.00257935 -0.00013737 -0.00674451
  0.00446272  0.00638448  0.00638983 -0.00065914  0.0121869  -0.00402377
  0.00430566 -0.00974671  0.02412757]
[ 0.006433    0.00666961  0.00021336 -0.04107312 -0.01260771  0.0042221
  0.00647379  0.00267404 -0.00115537 -0.00744864  0.00565011  0.0087717
  0.01002822 -0.00840458 -0.00580065  0.00311804 -0.00310506 -0.01278487
  0.01092411  0.00534441  0.00421343]
[ 0.01180479  0.01234865 -0.00098836 -0.00704674  0.01027874 -0.01073577
  0.00114235 -0.00679138  0.01822849  0.01823118  0.00515834 -0.00708634
 -0.00012508  0.00362945 -0.00957821 -0.01029883 -0.00358287 -0.01741681
 -0.0239836   0.01639703 -0.0147663 ]
[ 0.01050536 -0.01080118 -0.01703223 -0.00097278  0.0046628   0.00468372
  0.00898172  0.01428779  0.00885452  0.0010036  -0.00564686  0.00516899
  0.00112855  0.00917453 -0.00179128  0.00801338  0.00324947 -0.00495516
  0.00104224 -0.00633832 -0.01226485]
[ 0.00362246  0.00158742 -0.00137671  0.00360626 -0.01395889 -0.00687589
  0.00298121 -0.00120206 -0.00606913 -0.00257519  0.00526406 -0.00755542
 -0.01596645  0.00116429  0.00348592 -0.00141106 -0.0027087  -0.0081017
  0.00248365  0.00304153  0.00021244]
[ 0.02399479  0.02426782  0.00087596  0.03223857 -0.0211642   0.02260014
 -0.00826609  0.00490541 -0.01423666 -0.017675   -0.00369844 -0.00015436
 -0.00293094  0.01525894  0.00030801 -0.0036385   0.00091685 -0.00412379
 -0.00059132  0.0014704  -0.01129645]
[ 0.0105752  -0.01055372 -0.02177474  0.00036059  0.00190983  0.00517251
  0.00825327  0.01530796 -0.00648256  0.00754419  0.01127321 -0.00583871
  0.00299502 -0.0020345  -0.00724964  0.00777953 -0.01118848 -0.00413971
 -0.00723732 -0.02919093 -0.01427952]
[ 0.00992275  0.00882666  0.00330812  0.00306191 -0.00217339 -0.00834268
  0.00713487 -0.00270611  0.02121471 -0.00476193  0.02806034  0.00148217
  0.00223882 -0.00665311 -0.00249999  0.00536952  0.00091698 -0.00158856
  0.02687071  0.00160359  0.01222048]
[ 0.0106476  -0.01075759 -0.0181722  -0.00041025  0.00011825 -0.0073812
 -0.00460422  0.00037934  0.01436734 -0.02430487 -0.01299154 -0.01010654
  0.00416432  0.00249009 -0.00089401 -0.00105699 -0.01489378 -0.01701958
 -0.00369758 -0.01754416 -0.00439898]
[ 0.00499566 -0.0048189  -0.00658321  0.00011217  0.00094643  0.00194097
  0.00296767  0.00272187 -0.00112307 -0.00160201 -0.00227464 -0.00721732
  0.00440008 -0.00378503 -0.00516814 -0.00554746  0.01234454  0.00053732
  0.01081896 -0.00070387 -0.00258308]
[ 0.00766158  0.00801325  0.00019499  0.00126744 -0.00348861  0.00310057
 -0.00167277 -0.00267399  0.01164154  0.00093809  0.00513778 -0.00207135
  0.01132011 -0.00027205  0.02275576 -0.00185013  0.01248898  0.01362863
 -0.01526149 -0.01603532 -0.00094541]
[ 0.00583819  0.0048247   0.00261333 -0.00128282 -0.01629024  0.01061218
  0.00499773  0.00224113  0.00144497  0.00015204  0.00111498  0.00799793
  0.00596069 -0.01405017 -0.00660486  0.00859259  0.00654446 -0.01907899
 -0.00759574  0.00057161 -0.00251938]
[  1.46749047e-02  -1.50034168e-02   1.12154878e-03  -1.16426076e-03
   6.95060150e-05  -1.31150514e-02  -2.42300017e-02   1.72982171e-02
  -8.54211506e-03   9.45383278e-03   1.52769477e-02  -1.00182696e-02
   2.08927442e-02   1.02379141e-02   8.00574220e-03   1.48942159e-02
  -1.93324118e-02  -3.93017217e-03  -4.77974945e-03   5.13749117e-03
   2.94727090e-03]
[ 0.02139341  0.0219074  -0.00020125 -0.0093698  -0.01049493 -0.02367932
  0.00498727 -0.00075724 -0.00188252  0.00644039  0.00818428 -0.0070618
 -0.02010701  0.00947368  0.0025641   0.00642598  0.0022651  -0.0060409
  0.01257607  0.00848865 -0.0014565 ]
[ 0.01232663 -0.01244222  0.02140122  0.00014893  0.00380392 -0.00263078
  0.00594782 -0.01442441 -0.01659801  0.01035687  0.00314168 -0.00612779
  0.0146203  -0.0008821   0.0209854  -0.02686348 -0.00060478 -0.01275465
  0.00891157 -0.00080292 -0.01972009]
[ 0.0055475  -0.00575849 -0.0139884  -0.00024601  0.00099525 -0.0002747
 -0.00309701 -0.00172571  0.00391095 -0.00596143 -0.00495352 -0.01370417
  0.00787755  0.00190897 -0.00661441  0.00319321  0.01143236  0.00495478
  0.00922287  0.01149943 -0.00437311]
[ 0.0068141  -0.00644926  0.01113245  0.00064527 -0.00285167 -0.00701018
 -0.01850847 -0.01178766 -0.00179255 -0.00461702  0.00172145 -0.01228816
  0.00952746  0.0014263  -0.01082712  0.00662527  0.00278385  0.00493341
  0.00464796  0.00504753  0.00096386]
[ 0.00647927 -0.0067042  -0.00718833 -0.00017022  0.00552114  0.00127052
  0.00633452  0.00413914 -0.00020061  0.00251737 -0.00508715 -0.01158214
  0.01622876  0.01118754  0.00273363  0.00043202  0.01671785 -0.00211962
  0.01414452  0.0109453  -0.01233285]
[ 0.01314003  0.01369399 -0.00064094 -0.01324205  0.01294672  0.02781058
 -0.01303757 -0.0043608   0.0021475  -0.00307884  0.00449843 -0.00020729
  0.0048778  -0.00213261  0.00574368 -0.00158478 -0.00586615 -0.00505056
  0.00539847 -0.0001789   0.00385688]
[ 0.00550617  0.00436731  0.0026228   0.00290756 -0.01051525  0.01828553
 -0.00379909  0.00147795  0.01139161  0.00906977 -0.00440982  0.00013148
 -0.00097039  0.00556595 -0.00852738 -0.00375568 -0.00774989  0.00497072
  0.00568228 -0.00265826 -0.00137257]

Right eigenvectors

[ 1.          1.06362226 -0.06473626 -0.1235239  -0.59416046 -1.11305721
  0.41175189  0.16078867 -0.31826045  0.31366927 -0.34674754 -0.18814124
 -0.86907628  1.44825952 -0.64002737 -0.7256366  -0.30129548  0.80342082
  1.41865993 -0.78703677  1.034065  ]
[ 1.         -0.99028225  1.08066026  0.07031252  0.46160455  0.4596801
  1.23149732 -1.82953215 -0.50455252  0.29258861 -0.10970332  0.06780457
  0.48209468  0.40410756  0.48939321 -0.46316127 -0.01856202 -0.60137619
  0.52776749 -0.16112082 -0.90609432]
[ 1.         -1.01249054 -1.69519869 -0.02402692 -0.07755049 -1.10317932
 -0.38051666 -0.87403361  2.31000821 -2.46244768 -2.03866933  0.29676733
  0.23493603  1.06165229  2.61440665 -0.6538803  -1.76303872 -1.61282233
 -0.16519255  0.48026764  0.65098801]
[ 1.         -0.94987352  1.01404386 -0.25749899 -0.23647773  0.37964559
  0.00618185  0.86960725  1.89947713 -1.33914371 -0.77437741 -1.07411645
 -1.77440617 -1.5896884  -0.59161979 -0.72521164  0.9396973   2.57823665
  0.01433423  1.52440708  1.65879959]
[ 1.         -0.99315782 -0.72817025  0.16386739 -0.52749952 -0.88585269
 -1.69558291 -0.59294028 -0.64583211 -0.61200783  0.80362776 -0.80828641
 -0.04006073 -0.79998199 -1.39059482 -0.072723   -1.10184462 -0.86514405
 -0.22197631 -1.32880009 -0.39783939]
[ 1.          1.00193975  0.01760368  0.34966951 -0.3136357   0.48879699
 -0.2984016  -0.02746049 -0.52971583 -1.1260107   0.77760826  0.07349349
 -0.18746141 -0.58934215  1.52037511  0.90717107  2.31414426 -0.39180985
 -1.87294842 -0.13459666 -0.13402812]
[ 1.          1.02822065 -0.01614496 -2.86252979 -1.66014443  0.22132173
  0.33474965 -0.11439168 -0.04916314  0.22807399 -1.32194487  0.35214311
  1.71933501 -0.92577478  1.28268039  0.47599489 -0.63827177  1.68406825
  0.36627416 -1.5777218  -0.96418207]
[ 1.         -1.01571257 -0.57584075 -0.19851076  0.22685565  0.8062597
  3.0143951  -1.80755531  0.05254904 -0.68550982 -0.66276923 -2.26579969
  0.93201215  0.52027244  0.23202775  1.61487017 -0.63751423  0.97290981
 -0.32666138  0.92119567 -0.08637188]
[ 1.         -0.98911687  0.30128777  0.04789183  0.14202917  1.01486673
  2.15698063 -0.80190454 -1.0000562   1.26224012  1.12957776 -0.91330681
  0.5295101   0.45083424  0.08852027  1.84914766 -1.54528364  0.92416981
 -0.64197087 -0.10358736  0.57251768]
[ 1.          0.92115579 -0.25312201  0.6997466  -2.35407254 -0.89370849
 -0.00565583  0.14290137 -0.7158083   0.38122519  0.59139775 -0.75812578
 -1.60869586  0.74310328  0.76699571  0.43335926 -0.1786734  -0.43584363
 -0.07613239  1.29660399  0.82272356]
[ 1.          1.04686005 -0.01940168  1.89979125 -0.96712332  0.90618697
  0.05730694  0.57598482 -0.37948031  0.0635051  -1.58496018  0.56813084
  1.6440397  -1.79421556  0.45985696  0.67229136 -0.51670919  0.48527422
  0.95597525 -0.61605032  0.1129429 ]
[ 1.         -0.99809841 -2.05602159  0.13209774 -0.55811455 -0.56291689
 -0.94302587  0.52758436  0.06395047  0.08374331  0.63686865  0.18800943
 -0.54602835 -0.21191216  1.09702503 -0.44956668 -0.80426949  0.07123438
 -0.57894285  0.51808704  2.9520477 ]
[ 1.         -0.96457031  1.07437217  0.09910808  0.31059041 -0.46748773
  0.12417089  0.86650071 -0.44043476  0.19196328  0.40366958 -0.56523417
  0.67194083  0.82623102  0.97683895 -0.49909727  0.2364726  -1.51397794
  0.90743814 -0.99709629  1.1074267 ]
[ 1.          1.0728797  -0.16962893  3.81139835 -1.80356556  0.54550405
  0.07491417  1.39020006 -3.29930211 -1.28907432 -3.9576156   0.9311018
  1.06144884 -1.35507703  0.00446223  0.17852873 -1.28174976  0.97787147
  1.77521567 -0.09183738  0.54825526]
[ 1.         -0.98428408  1.14504901 -0.02501462  0.37751369 -0.18809899
  0.53921451  0.12671424  0.76804934 -0.20671    -0.8264215   1.21885952
 -0.39447505  1.02870542  0.52448717  0.59844383  0.25853495 -0.63352673
 -0.5684115   1.94935079 -0.42407138]
[ 1.          1.04019337 -0.00940966 -4.92322844 -1.97194536 -1.81878294
  1.03846418 -0.30438206  0.24853126 -0.14988075  0.55560056 -0.41876956
 -0.54251049 -2.82764312  3.16210028  2.85356024  2.14827451 -0.81027466
  1.97979114 -1.70113156 -0.64960078]
[ 1.         -0.7405381   0.87212944 -0.49759244 -0.76931988 -1.50091695
 -1.90612328  0.27740521  3.75563853  0.77525279  0.41400173  1.79021578
 -1.09533297 -3.9336789  -0.44001092 -2.67044164 -0.70913155  2.13289223
  1.56400753 -1.28395773 -5.51001283]
[ 1.         -1.01694832 -1.59590931 -0.03357545  0.02018974 -0.08066696
 -0.95101859 -0.34384171 -0.06220875  0.48011005  0.30645077  1.83328644
 -0.43051289 -0.10222119  0.25407408 -0.95722015  0.01700978 -0.39747077
  0.51936812 -0.63265282  0.6730747 ]
[ 1.          1.05370625 -0.11193257  0.27920128  0.2967022  -0.80300782
  0.01911993  0.13106003 -0.82171923  0.90278858 -1.50224946 -0.49859304
 -1.13349374  0.3272815  -0.46437955  0.06641509 -0.67475282 -0.05346585
  0.23097241  0.35903566 -0.3295577 ]
[ 1.          1.06796353 -0.1111747  -0.8231947   0.72196596 -1.25604434
  0.31052156 -0.01565163 -0.74822266 -0.67671253  0.30608457 -0.06246247
 -1.1754714   0.86357996  0.23598345  0.17063979  2.07519755  0.64025201
 -1.51513332 -1.15897956 -0.45254324]
[ 1.          1.03462892 -0.0966683  -0.86153421 -0.49960314  0.07108135
  0.07343877  0.35469191 -0.91420066 -0.30343488 -0.63262057 -0.24251085
 -1.03280753  1.07574039 -0.22114563 -0.20096963  0.39093891  0.44411005
  1.32511942 -0.79408192  0.74512424]
[ 1.          0.94157703  0.10638108  1.32187772  1.58225641 -0.72980363
  0.92735491 -0.1588497   0.98180651 -0.04035785  2.21024889 -0.26800532
 -0.93819798  0.40656793 -0.95910307 -0.09465279 -1.27909453 -1.0596127
  1.92483954  0.36170406  0.0260771 ]
[ 1.         -0.97033081  0.19244922  0.05056632 -0.35953407 -0.45068268
 -1.49719844 -0.65769433  0.67522556 -0.63453614 -0.2283793  -0.13208176
  0.02385688  0.00615086 -0.58526154  1.60699215  0.11229802  0.86823748
 -0.09227423  0.35536855  0.08938934]
[ 1.         -0.67505301  0.09576954 -0.83256603  0.1315026   1.92700145
  1.41007531  3.82538249  0.81253376 -0.05833244  1.22216776 -0.90367173
 -2.37992287 -1.52237745 -2.32599463  0.04493509 -0.57844013  1.62254379
 -0.06881724  0.17369308 -0.54054084]
[ 1.         -1.02735964 -0.8841953   0.03835934 -0.3449104  -0.44158461
 -0.34479408 -0.35702549  0.50275692 -0.83583583 -0.45745398  0.41158001
 -0.80913452 -0.96323382 -0.25502041 -0.7515599  -0.11539385 -0.05452411
 -0.67075189  0.09039294  1.2294908 ]
[ 1.         -0.95735632  1.63134281  0.05860233 -0.33774646 -0.26238946
 -0.52339004 -0.57537265  0.40494593 -0.18001235 -0.21926977  0.79203372
 -0.5414387   0.02661864 -0.15633862  0.93633348  0.37246267  0.95709971
  0.59047514 -0.31303479  0.42794462]
[ 1.          1.04824505  0.05149083  0.0807198  -0.02523583  0.11795416
  0.28973116  0.14191208  0.61910393 -0.25780814  0.48803433  0.48829211
  0.89522004  0.19908424 -0.38710771 -0.37963248 -1.09247953  1.15579165
  0.62219619 -0.08945188 -0.29363958]
[ 1.         -0.9930578   0.98964521 -0.08674678 -0.01318862  0.42830411
  0.69828201  0.2574983  -0.21832436  0.65666601 -0.34647894  1.9668848
 -1.00540789 -0.17639115 -0.18943627  0.23282274  0.41959594  0.23868811
 -0.82665836  1.02893324 -0.87630854]
[ 1.         -1.0319968   1.18637041 -0.45844971  0.03167111 -1.0228924
 -1.2933483   1.86477785  2.81041923 -3.29862997 -2.41185805 -0.64109115
 -1.79741574 -1.72633639 -0.9634433  -0.87049685 -0.84616242  0.69509175
 -2.48656173  2.57925166 -2.02941868]
[ 1.          1.05884733 -0.11034157 -0.47801204  0.31908941 -0.34238725
 -0.44434107 -0.38408217  0.40691536  1.39422541 -1.22957032 -0.57474993
  0.03051641 -0.19013752  0.53043741 -0.21585614  0.28622486  0.17376165
 -1.21322215 -0.44397325  0.05937726]
[ 1.          0.99971309  0.03008466  2.31866395 -1.67768709  0.21639531
  0.69274201  0.74831863 -0.96037926 -1.77507384  1.33990276  0.14529708
 -1.40031933  0.8445196  -0.01285936 -0.04837122  0.89221118 -0.79331378
  0.12252461 -0.31839128 -1.29825745]
[ 1.         -0.84938302 -0.97468542  0.35214422  0.87099891  1.34971722
  0.13619141  0.16197197  1.38577873  1.34599381 -0.77328631 -0.04759418
 -0.31654447  2.45475334 -1.70429578  1.77912018  2.10117084 -0.27368811
  3.27466638  0.26452455 -2.40967192]
[ 1.         -1.03850439 -2.8569243  -0.10387007  0.09718499  1.37262605
  2.9613808   0.29664773 -2.06128716  2.09203188  1.87576154 -2.25938069
  0.29374734 -2.3224229   0.98959639 -4.29405487  1.04719486  2.61213159
  0.50062615  1.79120605  2.61779629]
[  1.00000000e+00  -9.53669274e-01   1.35243685e-02   3.98401710e-01
  -5.54380023e-01   1.95152460e-01  -1.11259968e+00  -1.52330000e+00
  -4.53328787e-01  -4.49957666e-04   6.85206967e-01   5.17394299e-01
  -8.01270164e-01  -5.83559664e-01  -2.27199911e+00   7.90036785e-01
   4.99529648e-01  -3.13424409e-01   2.92309059e-02  -2.42963610e+00
   1.58807052e+00]
[ 1.          1.04704096 -0.02882804  0.98857683 -0.24746354 -1.47719441
  0.88260531  0.10543157  0.01065392 -0.6271092   0.71225633  0.65852278
  0.75949153  0.57081116 -1.04177282 -0.4425776   0.03727218  0.80676821
 -0.08806194  0.56280255  0.46272629]
[ 1.         -0.99162304 -0.86640336 -0.00890532 -0.14036754 -0.03816754
  0.33343011 -0.83864238 -0.90337651 -0.243967    0.26952444 -0.79866587
 -0.08885737 -0.72067789  1.34500452 -1.07725198 -0.95496431  0.3830558
 -1.0312646   1.06642749  0.41418262]
[ 1.          1.0820739  -0.12182969 -1.97594148  3.10569883 -0.2808245
 -0.35661034 -0.61182475  0.53521385 -0.0621608   0.99835286  0.22573524
  0.13167028 -0.41294133 -0.18490823  0.12422152  1.02836638 -0.26888329
 -0.66218512 -0.4088486   1.28094315]
[ 1.         -0.60274962  2.26664145  0.81049868  1.26945211  1.17365199
  5.32097962 -0.69802848  0.74453098  0.0458496   1.7348719  -0.03464239
 -0.34009155  0.31235668 -2.31047849  1.03420687 -3.05688088 -4.61564643
 -0.3908152  -2.41128538 -1.77818565]
[ 1.          0.97071192 -0.1175773  -0.13637345  0.30995398  4.92471284
 -3.21347036 -0.9881475   0.80540831  2.80109529 -1.92930292 -2.18399334
 -1.44745981  2.06115344 -1.31532633 -1.04694096 -0.53378551 -1.29417886
 -0.63636958 -0.09053086  0.65943734]
[ 1.          1.07370324 -0.17974949 -5.70295088 -6.04138582 -2.10939375
  1.43896624  0.08622379 -1.26197017  2.33634466 -3.07169476  0.14728293
  0.68142044  4.57103529 -3.53659395 -2.7891209  -0.51831213  0.13833567
 -0.72932083 -0.33643461  2.33532119]
[ 1.         -0.98419799  1.07324205  0.14076409  0.2160685   0.81216566
  0.53682205 -1.38079171  1.40664287 -0.28348089 -1.41073475  3.17744302
 -1.79700138  0.91961425  0.17541023  0.72501899 -0.06174381  0.09063122
  0.2944774  -0.93802976  0.40687566]
[ 1.         -0.95281654  2.88120616 -0.4620919  -0.51298734 -0.4669346
 -1.71146598  1.54992919  0.79881912 -0.10255967  0.66003125 -0.43496149
 -0.84869596 -2.36026809 -1.00596833 -0.88164365 -0.88149246  1.59103785
 -0.19279456 -0.47302279 -1.46889306]
[ 1.         -0.90885616 -1.04230362 -0.30829103 -0.32118851  0.83985107
  0.78741188 -0.13343355 -1.49664821  2.28406414  2.00085686  0.52340956
 -0.77811495 -1.70134629  0.35268512 -0.32056973 -1.15312447  2.47750458
 -0.95963892  1.02827605 -0.27630211]
[ 1.          0.4863519   0.47053446  1.54650581 -0.29307069  0.60738907
 -0.46668928 -0.35080675  2.10674155  0.5514143   0.84460633 -0.75857585
  0.02600893  0.60668549  2.30666577  0.19628434  0.89831679  0.5452296
  1.50272204 -0.62688225  1.50079414]
[  1.00000000e+00  -9.58830242e-01   1.78054232e+00   1.02786768e-01
  -7.23112159e-01  -5.40162834e-01  -1.83340604e+00  -3.57504562e+00
  -1.61413824e+00  -9.26664905e-02   6.59208644e-01  -4.22451624e-01
   7.59625527e-01  -2.95574228e-03  -1.84554146e+00   1.69058130e+00
   9.14554019e-01   1.32729354e+00  -2.23091381e-01   8.18521555e-01
  -3.44980796e-02]
[ 1.         -1.00365905 -2.08889513  0.0176897  -0.65684107 -0.05058539
  0.87163484 -0.87152847 -0.03768282 -0.62289954  0.04056116 -1.07604341
 -0.86341707 -0.48027127  0.53212612  0.06054726 -0.65447327  0.79768736
 -0.86286264  1.86072919  1.09863302]
[ 1.          1.04502955 -0.05069467 -1.07795594  1.20011234 -0.07490123
 -0.16640414  0.00405438 -0.45944202 -0.78328778  0.16069658  0.07894828
 -0.60808699  0.06442402  0.63273709  0.56262567  1.02314086  1.11576046
  0.25688183 -1.53044324 -0.11167928]
[ 1.         -1.03450626 -1.33861371  0.06780047  0.21463295  1.26863115
  1.87897822 -2.35913571 -0.14970301  0.1120343  -0.86661925  0.64976803
 -0.74840742 -0.37292387 -0.9008158   0.78172875  1.43753811  1.42211367
  0.14928637  0.91135395 -0.58572855]
[ 1.         -0.98057361 -1.34230903 -0.01822386 -0.31488838 -0.35722758
 -1.60852769  1.31496138 -0.89702209  2.28630468  1.8800082   1.38332445
  0.62034956  1.6783367   0.74980516  3.57200261 -0.86751473  1.11196945
 -0.44920568  1.06158124 -0.11160359]
[ 1.         -0.98120449  0.21150062 -0.15111801 -0.20678472 -0.7050186
 -0.58778291  0.24730586  0.63383786 -0.37547812 -0.42295129  0.48811668
 -0.08388511 -0.27066859  0.71395359 -0.22569879 -1.05949236 -0.05161233
 -0.54345598  0.07300081 -1.21547912]
[ 1.         -0.95993854  2.13432599 -0.40642107  0.2715863   1.01539552
  1.47082658  2.27818597  0.94935878 -0.21614419 -0.57739263 -0.67935723
 -1.5308892  -0.84499949 -0.59273433 -0.89162461  1.17104596  0.92774199
  0.22258428  1.13611153  0.5270063 ]
[ 1.          1.05675981 -0.04656179  0.41033526 -0.26966693 -0.32407618
  0.32051564  0.18331662 -0.15241415  1.04328328 -1.22039871  0.57521344
  1.20587237 -2.62714104  0.11273415  1.43343794  0.58999799 -1.53224005
  0.39353013  0.84093705  1.9561698 ]
[ 1.          1.07827118 -0.16684882 -0.13765989  3.03939328 -2.4836167
  0.10212195 -0.19056929 -1.29233335  1.87875725 -2.91892674 -0.52143961
 -1.27747397 -3.6071821   0.41288579  2.55369504 -1.02613044 -0.84517514
  0.8901342   0.93733907 -0.66639056]
[ 1.          1.05414989 -0.05014165 -0.54209152  2.14100473 -0.91959899
 -0.0121815   0.41939306 -1.18323204  1.34984195 -1.72527933 -0.16744443
 -1.07774201 -2.25009149 -0.50752408  1.09059528 -2.04043188 -2.30130424
  3.60127666  1.70934921  1.20764197]
[ 1.         -0.95381587  0.77721087 -0.02458041  0.50864828  0.78848147
  2.90607668 -0.30896876  0.79309473 -0.45193854 -0.2420006  -0.28287521
  0.02420848  0.42083344  1.39205357  0.1049016  -2.10788245 -0.44242945
 -0.44612911 -1.86991659  0.7781511 ]
[ 1.         -1.03426124  0.58863783 -0.30035326  0.25992708  0.04152554
  0.15389611  2.50041973  0.45715652 -0.20339334 -0.60556994 -0.07189034
 -0.50455663 -0.04891456 -0.03058859  0.66646128 -0.93092658  0.51288576
 -2.19251481  1.0984753  -0.96281999]
[ 1.          1.06806981 -0.06196162  0.92678619  1.06634589 -1.53162141
  0.50454422 -0.06866941  0.96385579  1.77233893 -1.21505033  0.56882124
  1.3304996  -0.98545447 -1.17743066 -0.5621569   0.70198089  0.04963809
 -1.89206643 -0.96390776  0.23306682]
[ 1.         -0.99300585 -0.21580048  0.09237148 -0.03510252  0.4638727
  1.62773504 -1.82940787 -0.23997049 -1.42683313 -0.86018525 -0.44683355
 -0.43005206 -0.38711982 -0.82823555 -0.2189709   0.13289077 -0.38390893
 -1.22756041 -0.77899655  1.75154078]
[ 1.          1.038804   -0.0171765   0.951014    1.44874545  0.94100662
 -0.79350811 -0.66184487  2.04318501  2.05212255  0.14081622 -0.71546687
  0.55708897 -0.01339429  0.20369659 -0.66993551 -0.14021294 -0.30916341
 -0.04518284 -0.58832658  1.92547088]
[ 1.         -0.99600002  1.7470756   0.25512685 -0.1948176  -0.80575591
 -1.14976191 -2.24075367 -2.2923108  -0.02453612 -0.12617162  0.16939674
  1.46144522  0.85729327 -0.30896373 -0.07030353  1.14802442 -0.32843651
 -0.32800497  1.09659898  0.30348224]
[ 1.         -1.0261692  -1.19145691 -0.0456982   0.3380132  -0.35407783
 -0.65255221  1.80480558  0.86429606 -0.45560186 -0.91992039 -1.21392755
  1.3339222   1.29491318  0.38823662  0.81602113  2.21020046  0.06539389
  1.44784523  1.52246037 -0.2200202 ]
[ 1.          1.01482521 -0.26334784  0.13079116  0.96941686  0.48645954
 -0.80616947  0.04648597 -2.84346653 -1.11984597 -1.14542493 -0.94489329
 -2.4438423  -0.30502966  1.24419301  0.54197939 -0.6666353  -0.05153603
  0.31170152  0.83400253 -0.69205732]
[ 1.          1.05611545  0.02334036 -0.71417145 -2.80817637  4.3757686
 -1.15713838  0.39008312 -0.41386286 -0.70443203 -1.20402351  1.38084053
  3.15707319 -1.64597373 -0.60795976  0.40345549  0.38577372 -3.27266308
 -1.21198729  2.7494018   1.87139126]
[ 1.         -0.90918375  1.72235738  0.08347164  0.43973979  0.47559992
  1.20557112  1.97918164 -0.0370444   0.61073472 -0.26306428  0.18783277
  0.36765729  1.18700211 -0.86010267  0.93588818 -0.07444657 -0.69145647
 -0.12751124 -0.16063489 -0.85776926]
[ 1.         -1.02175967 -1.2929255   0.11711514  0.28415248 -0.1827599
 -0.69685012 -0.36321719  0.73860409  0.68666415 -0.43754935  4.6133787
 -1.02463696  1.84673347  1.17113708  0.72596684  0.48556229 -0.75975968
  0.9760747   0.79777185  0.22375769]
[ 1.          1.05058753  0.02471034  1.35470682  0.14540453 -1.39173279
  0.81091995 -0.18330757  1.01333922  0.9539408   0.53273102 -0.12160911
 -0.14746625 -0.21553213 -0.85151034  0.07925688  1.56499459 -1.22974634
 -1.61898373 -0.20071991 -0.25604236]
[ 1.         -0.99904203 -1.82707394  0.04419142 -0.2945449   0.64903116
 -0.19121581 -0.27540211 -0.9972194   1.96567024  1.3499328   1.82965166
 -0.54003374 -1.16043483 -0.67599016 -1.18536119  0.97010856  0.8201481
  0.67446569 -0.45263423 -1.21684808]
[ 1.         -1.03813219 -0.47477345 -0.18530252  0.42631028  0.11115593
  0.31255762  2.89002464 -0.37098328  0.36736988  0.15151572 -0.61048736
  0.43930397  0.70138368 -0.17769363  1.19267834 -0.04743915 -0.18591656
 -1.43687627 -0.30796946  0.62272355]
[ 1.         -0.99659811  1.13048396 -0.04437028 -0.13978452 -0.4808988
 -0.06461498 -0.35228828 -0.95387     0.52985862  0.23959791  0.28771154
 -0.36097946 -1.47127672  3.0428377  -4.71026886 -0.20619019  0.10672676
 -0.5136921   2.00441272  1.3169591 ]
[ 1.          1.05719148 -0.17039892 -0.76744828  2.55952646  1.28204216
 -0.70225182  0.20137421 -1.28721263 -2.2915      0.78885231  0.9902894
  0.57783357  0.34295694 -0.60697176 -0.74399651 -1.06020337  0.42112144
 -0.02934618  0.97381996  0.13435551]
[ 1.         -0.99822874  1.69734101  0.03888977  0.16010561 -0.46680314
 -0.97152389  0.34764551 -0.38967113 -0.86357325  0.1111274  -0.67553862
  0.25741933 -0.42067394 -1.38176004 -0.01140748 -0.62449181 -0.86560033
 -0.23205125 -2.3930608   0.15663056]
[ 1.          1.06368235  0.0839424   1.0445226  -0.78346648 -0.92891596
  1.02994394  0.12237416  1.57141174 -0.24855773  1.22475718  1.69605944
  3.26735877 -1.48538209 -2.07546123 -0.4339229   0.22662412 -1.28872721
 -1.55646534  2.4293278   0.68382478]
[ 1.         -0.98065937  1.64617384 -0.01136515  0.27880613 -0.50458285
 -1.00524457  1.44308155 -1.28986663  0.86564995  0.08144577  0.48923187
  0.65823848  0.29604345  0.95008175 -1.56666967  0.77195811 -0.85632465
  0.43886988  0.42559007  0.1680957 ]
[ 1.          0.35904085  0.8292959  -0.66917787 -1.722697   -0.6409555
 -0.72246929 -0.99285807  2.92927026  0.44682463  1.34481722 -1.20590515
  0.24230186 -0.66251842  2.06790093  0.01675565 -2.43033922  1.88033065
  1.23810385  0.50207361 -1.93410354]
[ 1.          1.0318151  -0.02862299  1.02498636 -0.30461733  0.35617263
  0.10675125  0.40080369 -0.5997864  -0.75259538 -0.31579228  0.25208864
  0.60012409 -0.12841482  1.28124813 -0.11041793 -0.4996155   0.74172548
 -0.18995295 -0.3502171  -0.90980751]
[ 1.          0.98053469  0.09420007 -0.93254252 -1.40280396  2.71882741
 -1.22603968 -0.48237954  0.4111335  -0.3080755   1.96933288 -1.85407661
 -2.57105918 -0.23184762  1.64847203  0.80689172  0.29594607 -3.32768986
 -0.20841298  1.77210506 -1.88392091]
[ 1.         -1.0334931  -1.31044894  0.03549582 -0.04850585 -0.25936692
 -0.32998183 -0.14285556 -0.69003649 -0.02922614  0.09272353  0.30688543
 -0.22122704 -1.1847397  -0.77407636 -2.51445486  0.55104595 -0.95858886
  0.30442887 -1.26628739 -0.84607063]
[ 1.         -0.56967706 -0.15600397  0.62948638 -0.31144764  2.04893013
 -1.3250997  -0.94571815 -0.40319683  0.82210842  1.30072653 -1.17480136
 -1.58316616 -1.90671535 -2.12410772  1.2858851   1.40028486  0.70594257
 -0.19585546 -0.25130531  0.73712452]
[ 1.         -1.0018106  -2.18752408 -0.00336266  0.29179356 -0.18059707
 -0.39768462  0.06456698  1.22827593 -0.68255801 -1.04462929 -0.95363764
  0.83761857 -0.14502347 -0.8051516  -1.05908931  2.24129762 -0.50000588
  1.50097178 -0.18231002 -1.35614427]
[ 1.          1.04938727  0.01630096 -0.32467094 -0.24520121 -0.14521861
 -0.12273529 -0.10020191 -0.04486479 -0.01254772 -0.21294153  0.04492324
  0.47876206  1.6016559  -0.58811909 -0.98538518 -0.56993205  1.13452734
 -1.22684425  0.42478397 -1.18161618]
[ 1.         -0.96174905  2.23979486 -0.06821314  0.36273891  0.10952847
  0.10121432  2.21835498 -0.27408671  0.26257545 -0.01398382 -0.68658423
  0.45430068  0.64993411  0.65047868 -0.06709991  1.24061471 -0.40961554
  0.43831208 -0.99220547  2.45616391]
[ 1.          1.03678054  0.0331661  -6.38475602 -1.95984963  0.65631856
  1.00634073  0.4156752  -0.17959987 -1.15788003  0.87830189  1.36354721
  1.55887218 -1.30647942 -0.90170333  0.48469488 -0.482677   -1.98739014
  1.69813756  0.83078032  0.65497158]
[ 1.          1.04607117 -0.08372545 -0.59693944  0.87072607 -0.90944227
  0.09676968 -0.57530728  1.54416053  1.54438879  0.43697033 -0.60029394
 -0.01059596  0.30745586 -0.81138398 -0.87242811 -0.30350969 -1.4754024
 -2.031684    1.38901522 -1.25087411]
[ 1.         -1.02815939 -1.62129053 -0.09259892  0.44385021  0.44584153
  0.8549654   1.36004786  0.84285792  0.09553192 -0.53752184  0.4920335
  0.10742607  0.87331936 -0.170511    0.76279025  0.30931544 -0.47167909
  0.09921014 -0.60334212 -1.16748587]
[ 1.          0.43821613 -0.38004798  0.99552993 -3.85343437 -1.89812919
  0.82298153 -0.33183648 -1.67542017 -0.71089631  1.45317349 -2.08571734
 -4.40763244  0.32140985  0.96230729 -0.38953249 -0.74775124 -2.23652108
  0.68562603  0.83963166  0.0586451 ]
[ 1.          1.01137853  0.03650622  1.34356527 -0.88203308  0.94187686
 -0.34449528  0.20443631 -0.59332282 -0.73661804 -0.15413506 -0.00643299
 -0.12214889  0.63592703  0.0128364  -0.15163708  0.03821025 -0.17186184
 -0.02464361  0.06127993 -0.47078766]
[ 1.         -0.99796814 -2.05903719  0.03409797  0.18059523  0.48911711
  0.78043613  1.44753363 -0.6129967   0.7133844   1.06600399 -0.55211314
  0.28321135 -0.19238433 -0.68553148  0.73563904 -1.05799201 -0.39145412
 -0.68436707 -2.76031835 -1.35028274]
[ 1.          0.88953729  0.33338744  0.30857476 -0.2190308  -0.84076252
  0.71904165 -0.27271753  2.13798644 -0.47989998  2.82787875  0.14937124
  0.2256249  -0.67049088 -0.25194526  0.54113213  0.09241189 -0.16009262
  2.70799035  0.16160696  1.23156143]
[ 1.         -1.01032966 -1.70669436 -0.03853006  0.01110594 -0.69322663
 -0.43241818  0.03562686  1.34935001 -2.28266119 -1.22013782 -0.94918487
  0.39110372  0.2338636  -0.08396383 -0.09927039 -1.39879187 -1.59844247
 -0.34726861 -1.64770968 -0.41314305]
[ 1.         -0.96461656 -1.31778401  0.02245259  0.18944986  0.38853173
  0.59404845  0.54484583 -0.22480885 -0.32067952 -0.45532272 -1.44471585
  0.88077902 -0.75766257 -1.03452576 -1.11045556  2.47105163  0.10755766
  2.16567027 -0.14089585 -0.51706413]
[ 1.          1.0459003   0.02545005  0.16542816 -0.45533779  0.40469026
 -0.21833182 -0.34901227  1.51946856  0.12244009  0.67058976 -0.27035497
  1.47751508 -0.03550879  2.97011189 -0.24148143  1.630078    1.77882712
 -1.99194941 -2.09295121 -0.12339604]
[ 1.          0.82640403  0.44762739 -0.2197288  -2.79029028  1.81771698
  0.85604106  0.38387498  0.24750387  0.02604232  0.19098045  1.36993307
  1.02098353 -2.4065979  -1.1313193   1.4717895   1.12097473 -3.26796364
 -1.30104341  0.09790815 -0.43153466]
[ 1.         -1.02238598  0.07642631 -0.07933685  0.00473639 -0.89370606
 -1.65111816  1.1787618  -0.58208998  0.64421766  1.04102534 -0.68268039
  1.42370561  0.69764774  0.54553964  1.01494464 -1.31737903 -0.26781586
 -0.32570906  0.35008685  0.20083748]
[ 1.          1.02402535 -0.0094073  -0.43797588 -0.49056827 -1.10685128
  0.2331216  -0.03539599 -0.08799513  0.30104549  0.38256079 -0.33009237
 -0.93986911  0.44283182  0.11985478  0.30037215  0.10587849 -0.28237194
  0.58784792  0.39678821 -0.06808154]
[ 1.         -1.00937694  1.73617704  0.0120823   0.30859369 -0.21342215
  0.48251803 -1.17018254 -1.34651573  0.84020273  0.25486902 -0.49711748
  1.18607436 -0.07156046  1.70244411 -2.17930423 -0.04906263 -1.03472328
  0.72295259 -0.06513665 -1.59979558]
[ 1.         -1.03803314 -2.52156798 -0.04434597  0.179406   -0.04951817
 -0.55827098 -0.31107803  0.70499245 -1.07461549 -0.89292927 -2.47033201
  1.42001753  0.34411433 -1.19232244  0.57561305  2.06081289  0.89315635
  1.6625266   2.07290413 -0.78830352]
[ 1.         -0.94645695  1.63373667  0.09469579 -0.41849528 -1.02877545
 -2.71620004 -1.72989086 -0.26306419 -0.67756883  0.25263038 -1.80334168
  1.39819684  0.20931546 -1.58892805  0.97228733  0.40854179  0.72400037
  0.6821084   0.74074715  0.14145139]
[ 1.         -1.03471462 -1.10943483 -0.02627161  0.85212393  0.19608979
  0.97765886  0.63882811 -0.03096152  0.38852719 -0.78514214 -1.78756731
  2.50471855  1.7266658   0.42190367  0.06667775  2.58020418 -0.32713829
  2.18304121  1.68927835 -1.9034309 ]
[ 1.          1.04215892 -0.04877778 -1.00776431  0.98528873  2.11647869
 -0.99220263 -0.33187119  0.16343183 -0.23430977  0.34234555 -0.01577564
  0.3712172  -0.16229854  0.43711312 -0.12060737 -0.44643349 -0.38436419
  0.41084166 -0.01361522  0.29352139]
[ 1.          0.79316723  0.47633852  0.5280556  -1.90972115  3.32091698
 -0.68996982  0.26841677  2.06888221  1.64720149 -0.80088684  0.02387791
 -0.17623735  1.01085796 -1.54869552 -0.68208676 -1.40749274  0.90275535
  1.03198443 -0.48277849 -0.24927786]
