Cluster centers 

[-0.79282386  0.77011775 -0.82002517  0.76053442]
[ 1.43180491 -0.08253035 -0.00522046  0.48853779]
[-0.60314592 -1.58435276  1.06025511 -1.22488548]
[-0.71326496  1.35381585  1.06397262 -0.75899414]
[ 1.42538866 -0.40396459 -1.03951746 -1.55807034]
[-0.77750127 -1.26827371 -0.0910009  -0.22130851]
[-0.73355929  0.01850557  0.39171382  1.16217936]
[ 0.57620655 -0.9745091   2.27882614  0.31024288]
[-0.68217223  1.00847079  1.10228513 -0.08821133]
[ 1.10607624  0.66518227  1.78549344  0.83413666]
[-0.79856121  1.37926362  0.06010207 -0.45437004]
[ 1.3976096  -0.25930791 -1.43495585 -0.94110592]
[-0.74459225 -1.57107346  0.38563946 -1.98096404]
[ 1.44604943 -0.26825171 -0.75888293 -0.41799961]
[ 0.73593453  1.22812385  2.65891919 -0.21342859]
[ 1.3287639   0.2586544   0.85464637  0.97595135]
[-0.7965562  -0.39234165 -0.95564829  1.14257822]
[ 1.41014438 -0.5983451   0.18994093 -1.15314324]
[-0.6507228  -0.65638125  0.77305755  1.11856312]
[-0.80184932  1.16925951 -0.40966948  0.09214371]
[-0.73862079  0.7233099   0.59362391  0.48592989]
[ 1.42780567  0.1341786  -1.22301348  0.47545167]
[-0.80526338  2.25921796  0.20932932 -2.76035856]
[-0.63029561 -1.67444206  1.08762663 -3.17982868]
[ 1.35620528  2.33202947 -1.13283745 -0.4928516 ]
[-0.2312369  -1.63071937  2.00658723 -1.34511501]
[-0.76625276 -1.44761881  0.10796383 -1.06154956]
[-0.57688529 -1.3952903   1.08543446 -0.16981035]
[ 0.80165828 -1.14125241  2.07858508 -0.74691598]
[-0.8076614  -1.46663689 -0.35614897 -2.47025021]
[-0.76251278  0.62111749 -1.3089676   1.00883365]
[ 1.45072267  0.93971868 -0.65098976  0.99211263]
[-0.78484578  1.59042258  0.51464094 -1.09256044]
[-0.77839602  1.66818675 -0.7570963  -0.6938685 ]
[ 1.15017306 -0.1443514   1.49078368  0.88447905]
[-0.80404924 -1.10196786 -0.78387177 -0.04562009]
[-0.77806558 -0.75561406 -0.17324162  0.94423333]
[ 1.38987844  1.98085241  0.90238043 -0.55803291]
[ 1.37662919  1.45189675  0.86577137  0.30991481]
[ 1.43061125 -0.51877805 -0.69511234 -2.27718164]
[ 1.45298693  0.21838197 -0.46047956  0.76912023]
[ 1.36334503 -0.04607937 -1.75159736 -0.17725577]
[ 1.0508372  -0.74961465  1.68937851  0.0833309 ]
[-0.56050726 -0.0210396   1.2808374   1.08022913]
[-0.52662373  0.73236051  1.64349209  0.25104651]
[-0.80346353 -1.28873259 -0.53717607 -0.71190933]
[-0.75759686  1.99540248 -0.82725775 -1.39722   ]
[ 1.38623754 -0.4161093   0.41323067 -0.05694889]
[-0.49689782 -0.88616472  1.33267368  0.93662523]
[ 1.42965859  0.48061426  0.11014311  0.97191134]
[ 1.35837479  0.87396395  0.81503253  0.88005747]
[-0.80036444  0.80549382 -0.37501855  0.60938932]
[-0.76415632  1.098588    0.52120569 -0.08536969]
[-0.79176154 -0.14262585 -0.36408834  1.24118182]
[ 1.44463126 -0.39933726 -0.64312314 -0.97340538]
[ 1.26950372 -0.1676181  -2.19539871 -0.98010601]
[ 1.2935797  -0.65515623  0.94746543 -0.42239766]
[-0.7261946  -1.21561192  0.33068762  0.18424688]
[ 1.25835634  0.74536983 -2.2012764   0.72900121]
[-0.53083935  1.34665816  1.91581528 -0.98476084]
[-0.79783315 -0.7803382  -0.55488199  0.83130662]
[ 1.43975359 -0.08623606 -1.01812975  0.0474398 ]
[ 0.13072279  1.27997238  2.85455806 -0.76431932]
[-0.73456627  1.89376013  1.17945694 -2.17584551]
[-0.74078017  1.18293516 -1.27813488  0.3705514 ]
[ 1.28299206 -0.37115387  0.98751031  0.42092966]
[-0.65543919  0.30007039 -2.12969683  1.13825339]
[-0.7396753  -0.72102066 -1.75784107  0.42854555]
[ 1.43764585 -0.36020728 -0.15852085 -0.31650185]
[-0.78432077 -1.06684881 -0.24865837  0.36464636]
[ 1.38931264 -0.11359974  0.41277598  0.59928572]
[ 1.31395611 -0.32209164 -1.84962736 -1.95342613]
[-0.06479098 -0.68437857  2.137179    1.00703873]
[ 1.1769124   1.19308588  1.73409997  0.33386577]
[-0.79227981  1.02878768  0.0785047   0.16466666]
[-0.80565658  1.95633423  0.11137897 -1.82027194]
[ 1.30226738 -0.37390859 -1.77059234 -3.21275743]
[-0.77152933  0.03570481 -1.36044681  1.2278217 ]
[-0.80501757 -1.35599522 -0.63378348 -1.39976917]
[-0.7280484  -0.90511719  0.2937576   0.83872813]
[-0.76592326  1.43031069 -0.96201399 -0.14412419]
[-0.703204   -1.41261665  0.52630893 -0.48660382]
[-0.77814485 -1.07562163 -1.41583246 -0.55958733]
[-0.80581703  1.71143698 -0.13556622 -1.08598469]
[-0.78613776  0.37673018 -0.08801364  0.99597961]
[ 1.40695833 -0.69687131  0.22238935 -2.08896413]
[-0.38056804 -1.34042353  1.63349615  0.09941656]
[-0.77839264  0.61483706  0.13123358  0.72378506]
[ 0.54323657  0.45962699  2.49507716  0.75690178]
[-0.79816465  0.34045371 -0.68510239  1.10993371]
[ 0.01636797 -1.26557812  2.20952997  0.15414117]
[ 1.4503026  -0.10897951 -0.44697765  0.26071953]
[ 1.10966108  1.82451602  2.15008979 -0.91692053]
[-0.68712641  0.38210408  0.82087313  0.84787875]
[ 0.8106466  -0.31892251  2.13226442  0.92186973]
[ 1.44551328  1.36982736 -0.00739379  0.62721452]
[-0.75004088 -0.45661042  0.14818558  1.21093456]
[ 1.4414217   0.51200182 -0.98748787  0.93414752]
[-0.64601415 -1.12408606  0.76534034  0.54451752]
[-0.79753047 -0.85018832 -1.03838753  0.53026218]

Populations

0.00754001671988
0.0183388683311
0.00981700104992
0.00968338672364
0.0125559330971
0.0139743851244
0.0103026601875
0.00830763619526
0.0078643990788
0.0086930719288
0.0151391457775
0.0143322670198
0.0104388427503
0.0199841096084
0.00334673985984
0.0187602134606
0.0147412073111
0.0123031170197
0.00828169968253
0.0111890776891
0.0115178126685
0.0128975873944
0.00485833058532
0.00498828564393
0.00261522845349
0.00257354290909
0.0146810879621
0.00682957070993
0.00487005613721
0.00434825641864
0.00688085975509
0.00834392242619
0.0137296124844
0.00775947482295
0.0141577688519
0.0149210337161
0.0100892904803
0.00336004595285
0.00531792671569
0.00705869535862
0.0185814061549
0.0135715711461
0.00810417090548
0.00702055198283
0.00620939550164
0.0112323481414
0.0064129147356
0.016836921097
0.00528474903417
0.0195505267615
0.00992136118876
0.0117901815664
0.0124289534815
0.0151500789831
0.0196336327315
0.00628639482818
0.00964266663691
0.0114892637704
0.00713954647998
0.00333749579078
0.0133216966631
0.0178059816912
0.00188552502126
0.00723916400987
0.0100371490263
0.0137670234394
0.0046631875759
0.00852633807322
0.0201742857339
0.0164956953436
0.017647698705
0.00645179491165
0.00457549402576
0.0066703018204
0.0137019541336
0.00971001741859
0.00398280914705
0.00756716410922
0.0094432271439
0.0112907520516
0.00868313013914
0.0115744819961
0.00698038169468
0.0126543435655
0.00988544331031
0.00530884767737
0.0037980855495
0.00998190068074
0.00496299600554
0.0127247893893
0.00339276614984
0.0200647256311
0.00458599201272
0.00899885818926
0.00782612445585
0.00639387132757
0.0115686723848
0.0103475281618
0.00674267801872
0.0115508246357

State labels

0
1
2
3
4
5
6
7
8
9
10
11
12
13
14
15
16
17
18
19
20
21
22
23
24
25
26
27
28
29
30
31
32
33
34
35
36
37
38
39
40
41
42
43
44
45
46
47
48
49
50
51
52
53
54
55
56
57
58
59
60
61
62
63
64
65
66
67
68
69
70
71
72
73
74
75
76
77
78
79
80
81
82
83
84
85
86
87
88
89
90
91
92
93
94
95
96
97
98
99

Eigen values

1.0
0.955509156961
0.240376477438
0.161373661992
0.142519154236
0.140024227505
0.133642270317
0.128954568184
0.123730681783
0.114171738762
0.110916162964
0.109268374066
0.103536469697
0.100088415248
0.0982083927404
0.0960791105254
0.0921543593248
0.0901282436361
0.0838003978862
0.0819385760914
0.0780634560126

Left eigenvectors

[  7.54001672e-03  -6.86855795e-03   8.82318503e-03  -8.95348208e-05
  -8.65534543e-03   1.53638666e-03  -1.33903377e-04   3.54834719e-03
  -1.92301662e-04   2.53264769e-03  -9.02169350e-03   1.00931518e-03
  -9.27271439e-03   5.78447929e-03  -7.83266343e-03   1.17392579e-03
   4.98941122e-03   1.60842402e-03  -1.21191958e-02  -4.52996676e-03
  -2.14872551e-02]
[ 0.01833887  0.02069226  0.00223772  0.0292675   0.00692519  0.01650857
 -0.02188659 -0.00716416  0.00119929 -0.01649779  0.0058752  -0.01133615
 -0.00794584 -0.00351395  0.00895828  0.00817046  0.01071062  0.00023145
  0.02543845  0.02070664 -0.01113344]
[ 0.009817   -0.00838103 -0.01750719 -0.00062847  0.01825804 -0.00898901
  0.0009536   0.00787433 -0.00172136 -0.01349544 -0.01928456 -0.01585807
 -0.01344165  0.00430672 -0.00019878 -0.00345588 -0.01009617  0.00712815
 -0.01885169  0.00929404 -0.0044633 ]
[ 0.00968339 -0.00913901  0.01513314  0.00124975 -0.00177963  0.00650916
  0.00267761  0.01123379  0.01233857 -0.00901065  0.00666895  0.00238302
  0.01202411  0.01868289  0.00396786  0.01178968 -0.01757659 -0.01194471
 -0.00031867 -0.00191905  0.00881046]
[ 0.01255593  0.01436605  0.00051899  0.01090574 -0.00090934  0.0038017
 -0.01773862 -0.00528908  0.00132193 -0.00062819  0.01148695  0.0009605
 -0.00547138  0.01689402 -0.00832554 -0.01686424 -0.0041859   0.0085785
  0.00210721  0.00080991 -0.01184218]
[ 0.01397439 -0.01260259 -0.02011534  0.00210729  0.00587355  0.00097619
  0.00288234 -0.00861708  0.00886971 -0.0009587  -0.00337526 -0.00455767
 -0.00330678  0.00403226  0.0024785  -0.00019326 -0.01011934 -0.0212181
 -0.00448598 -0.01576427 -0.01417341]
[ 0.01030266 -0.00927928  0.00650904 -0.00067582  0.00985171 -0.00837887
 -0.00792293 -0.00646545 -0.02034805  0.01128995  0.00924996  0.00817003
 -0.00146393 -0.01564539  0.00130971 -0.00189479  0.0009732   0.00489207
 -0.00031837 -0.00763958  0.0053582 ]
[ 0.00830764  0.0059517  -0.00473846 -0.01475002 -0.00936052 -0.02454788
 -0.00528386  0.00164339 -0.01390663 -0.01115564 -0.02088121 -0.00075907
  0.01530142 -0.00490073 -0.00449355 -0.00958306  0.00120928  0.00582498
  0.01419899  0.01041399  0.01360036]
[ 0.0078644  -0.00736135  0.00814438 -0.00035512 -0.00115399  0.00097869
 -0.00058508  0.00551701 -0.00519457 -0.00281875  0.0002725  -0.00315701
  0.00075556 -0.0032671   0.00521607 -0.00645076 -0.00155934 -0.00155646
  0.00092035  0.01166064 -0.00597612]
[ 0.00869307  0.00922815 -0.00042038  0.01112492 -0.00377688 -0.02110747
  0.00492085  0.00870235  0.002379    0.00753699  0.02344523 -0.01786507
 -0.00774948  0.00803379  0.00436144  0.00317237  0.00494231 -0.00178693
  0.00714181 -0.00187721 -0.0129907 ]
[ 0.01513915 -0.01403903  0.01958641 -0.00071087  0.00510774 -0.0046265
  0.00891999 -0.00810948  0.04081636 -0.01296011 -0.00548502 -0.01003647
  0.01229585  0.01555065 -0.0066958   0.00160098  0.01957218  0.0079747
  0.00214662  0.01999225  0.02073857]
[ 0.01433227  0.01584757 -0.00104167 -0.01885273 -0.01448407 -0.0262657
 -0.00150398  0.00345788  0.00884975 -0.00249482  0.00337365  0.00523371
 -0.00232006  0.00303945  0.02312703  0.00315858  0.01555167 -0.0076776
 -0.02843269  0.00305836  0.00509574]
[ 0.01043884 -0.00911705 -0.01848868  0.00035165  0.01814588 -0.00098271
 -0.00317901  0.00414592  0.00201428  0.00069761  0.01523354  0.01192956
  0.00995372  0.01270461  0.00705571  0.01338159 -0.00960422 -0.01044666
  0.01289949 -0.0060663   0.00629577]
[ 0.01998411  0.02238038 -0.00020088 -0.00722496  0.00328121  0.0011984
  0.00512782 -0.00098513 -0.00872468 -0.00032497 -0.02597213 -0.00531486
  0.02955007 -0.00502993  0.00230411  0.00171178  0.00124814  0.003481
 -0.00965098  0.00347211  0.00022934]
[ 0.00334674  0.00295986  0.00020656 -0.01293245  0.00286716  0.00103652
  0.00561186  0.00030113 -0.00583183  0.00128821  0.00493941 -0.0054693
 -0.00205618  0.00032319  0.00199228 -0.00205916  0.00185247 -0.00157615
  0.01481921  0.00047508  0.00224669]
[  1.87602135e-02   2.05900460e-02  -2.82488068e-04   2.14299715e-02
  -5.36346480e-03  -2.25970241e-02  -3.38094402e-03   9.02050053e-03
  -1.13709383e-03   2.36257893e-02   2.15043106e-02  -3.09170035e-02
   1.65816564e-05   2.38358285e-02   4.06681645e-03  -8.92807958e-03
   1.31421627e-02  -3.45249161e-03  -1.92636392e-02   5.28552290e-03
  -6.70872032e-03]
[  1.47412073e-02  -1.37856763e-02  -3.46800428e-03   2.24518460e-03
  -2.19400528e-02   9.71671663e-03   2.31590337e-03  -1.33192782e-03
   2.21236518e-03   7.39537240e-04   1.89620943e-03  -4.91146506e-03
   3.05644646e-03  -1.00825821e-02   6.86305623e-05  -1.54479782e-02
  -2.39647670e-02  -4.15140028e-02   2.98855961e-03  -1.41772330e-02
   2.06864363e-03]
[ 0.01230312  0.01406847  0.00098353  0.00091792  0.00055406  0.01119027
 -0.01820209 -0.00016188  0.00513544 -0.00116685 -0.00234495  0.00105457
 -0.0065347  -0.009175    0.00745426  0.00668589  0.00062811 -0.00372606
 -0.00652247 -0.02254785  0.01744813]
[ 0.0082817  -0.00739675 -0.00527435  0.00093442 -0.02946703  0.00464968
  0.00116429 -0.01849112 -0.00577035  0.01586786 -0.00149223  0.00690348
  0.0041711   0.00438332 -0.00682065  0.00966491 -0.00191165 -0.00278933
  0.00735405 -0.00738835 -0.01294148]
[ 0.01118908 -0.01034578  0.02069822 -0.00205194  0.02143472 -0.00612997
 -0.00271049  0.00704844  0.00794581 -0.00582435  0.00325516  0.00158855
  0.00753546 -0.00757573 -0.00707256 -0.00605203  0.01105302 -0.00179749
 -0.00050582  0.0069919  -0.00155669]
[  1.15178127e-02  -1.08485729e-02   1.98569785e-02   9.38436226e-05
  -6.41365762e-03   3.79862973e-03  -9.26992926e-04   1.42790278e-02
  -6.56995479e-03  -5.26418203e-03  -1.87145827e-03  -4.93412381e-03
  -3.21445198e-03  -4.33444002e-03   5.82719989e-03  -7.74741201e-03
  -1.50827436e-02  -2.23549662e-03  -7.32894259e-03  -5.20423299e-03
  -1.01704313e-02]
[  1.28975874e-02   1.49845089e-02   1.39590180e-03  -7.02989906e-03
   7.39625262e-03   2.19950963e-02   7.87874284e-03  -7.85949304e-03
  -2.95959346e-03  -1.00996709e-02   8.60801879e-03   5.98923897e-03
  -6.56891128e-03   1.87369939e-05  -4.78370295e-03  -5.92909346e-03
  -7.64688085e-03   4.21825397e-03  -6.29680485e-03  -2.25459658e-02
   1.10823956e-02]
[  4.85833059e-03  -4.50005085e-03   1.31164366e-02  -1.66163564e-03
   1.21084266e-02  -1.17513807e-02  -1.36516478e-03  -8.82241212e-03
   7.90182420e-03  -5.73412200e-03  -6.95249371e-03  -3.37535349e-03
   2.41171261e-05  -1.36898782e-02  -1.16858632e-02  -1.85434766e-02
   6.11204485e-03  -7.15310496e-03  -6.31584908e-03  -1.52759305e-04
  -1.52964799e-02]
[ 0.00498829 -0.00436902 -0.01280569 -0.00028019 -0.00713564  0.00289579
 -0.00261603  0.00490032 -0.00200214 -0.00382367  0.00060969  0.00284033
  0.00588665 -0.00227356 -0.01166335 -0.00219107  0.00469918 -0.00940935
 -0.00679104  0.00336917  0.0080648 ]
[ 0.00261523  0.00305662  0.00052444 -0.01623275  0.00437315  0.01306384
  0.01518237 -0.00604062 -0.00904722 -0.0085651   0.01032151 -0.00993796
 -0.00256003  0.00062316 -0.00875136  0.00277362  0.00302434 -0.0011726
 -0.00395984 -0.0004702   0.00068663]
[ 0.00257354 -0.00178761 -0.0045111   0.00016082  0.00197062 -0.00293856
 -0.00334176  0.0038506   0.00470063 -0.00234892  0.00949523  0.00632321
  0.00095659 -0.00746217 -0.01017175 -0.00030785 -0.00505499  0.00920564
 -0.00492077 -0.00370265 -0.00677583]
[ 0.01468109 -0.01349003 -0.02482839  0.00247377  0.01214115 -0.00375493
 -0.00197019 -0.01750848 -0.01121566  0.0027648   0.00284924 -0.00194344
 -0.0057114  -0.00048607  0.01441161  0.00396013 -0.02057631 -0.00371029
 -0.00935454  0.00617025  0.00165969]
[ 0.00682957 -0.00609632 -0.01158469 -0.00120045  0.00972585 -0.00489319
 -0.00268483  0.00250278 -0.01374542  0.00046611 -0.0138309  -0.00186596
 -0.00978207 -0.00267812  0.00077126 -0.00578761  0.00783091 -0.00260968
 -0.00555459 -0.00418516 -0.00660625]
[ 0.00487006  0.00421501 -0.00227237 -0.00768435  0.00567305  0.00022456
  0.00350473  0.00866892  0.00859795  0.01866147 -0.01208943 -0.00084446
  0.01234739 -0.00367911 -0.01066241  0.00456628 -0.01007114  0.00321013
  0.00140814  0.00725966 -0.00337565]
[ 0.00434826 -0.0037842  -0.00505985 -0.00155434 -0.01153976  0.00261495
  0.00031312  0.00620468 -0.00682185 -0.00147518 -0.00496842 -0.00225863
  0.00186937 -0.00223711  0.00750708 -0.00690021  0.00254456 -0.00135031
  0.00947673  0.00950144  0.00471008]
[ 0.00688086 -0.00634968  0.00701311  0.00012283 -0.01336061  0.00029007
  0.00151493 -0.00739506 -0.0021647   0.0050364  -0.01165624 -0.00715569
 -0.01332327 -0.00800481 -0.00707712 -0.00290251  0.00240238 -0.00254524
  0.00820328 -0.00526287  0.0079749 ]
[ 0.00834392  0.00904927  0.0005201  -0.00481656  0.00218913  0.00431557
  0.00568381  0.00320267  0.00433315  0.00486476 -0.00145042 -0.00093313
 -0.00096791 -0.00681105 -0.00674518  0.01376498 -0.00419407 -0.00376013
  0.00181322  0.0074242  -0.0045563 ]
[ 0.01372961 -0.01270417  0.02735635 -0.00325871 -0.01044429  0.00915118
 -0.0021492   0.03314139 -0.02469693  0.00295323 -0.00157325 -0.00071626
 -0.00927665 -0.00392389  0.01309064 -0.00905946  0.00908232 -0.00918794
  0.0135758   0.00111608 -0.01420992]
[ 0.00775947 -0.00734337  0.01326037  0.0004953   0.00339684 -0.00308012
  0.00031006 -0.01139619  0.00386653  0.00199917 -0.00228067 -0.00279736
 -0.00883101  0.00457539  0.00490539  0.00838414 -0.00551494  0.0140253
 -0.00031649 -0.00697337  0.00704963]
[ 0.01415777  0.01548386 -0.00029786  0.01094428 -0.00485355 -0.01664476
  0.01632663  0.00202472 -0.0092754  -0.00607403  0.00373403 -0.0087917
  0.00751411  0.00895717  0.02275334 -0.00353602  0.01705436 -0.00360834
 -0.02065477 -0.00689163  0.00418756]
[ 0.01492103 -0.01379561 -0.02966322  0.00186809 -0.02460016  0.02317334
  0.00884332  0.02109192  0.01901556 -0.002745    0.00285089 -0.00204355
 -0.00274786 -0.01109553 -0.00338444 -0.00813186  0.03157028  0.01598496
  0.00305572 -0.00914443 -0.00406553]
[ 0.01008929 -0.00927853 -0.01308418  0.00060499  0.00808416 -0.00722593
 -0.00136395 -0.00649456  0.00239791 -0.00994469 -0.00237991 -0.00541612
 -0.0071305  -0.00215601 -0.00793805  0.00132692 -0.01477609  0.00128812
 -0.01066156  0.01101365  0.00265936]
[ 0.00336005  0.00364076 -0.00036131 -0.01431565 -0.00030538 -0.00182655
  0.00965519 -0.00188589  0.00167226 -0.00186013  0.00366442  0.01167758
 -0.00722578 -0.00156799  0.00229987  0.00147688 -0.00093986 -0.0009941
  0.01004533  0.00160978 -0.0042606 ]
[  5.31792672e-03   5.53415786e-03   1.50620162e-04  -3.64450452e-03
   4.61787651e-03   1.76059923e-03  -1.97983815e-03   1.24773730e-02
   1.50691123e-02   3.38266542e-02   1.74636840e-03   3.40591968e-03
  -1.93466665e-02  -6.00297078e-03  -3.15741801e-03  -1.73225029e-06
  -3.88416341e-03  -8.09806735e-03  -7.49034826e-03   9.42618170e-04
   1.34238784e-02]
[ 0.0070587   0.00788964 -0.00031408  0.00638147  0.00137995 -0.00615764
  0.00930944  0.00306502 -0.00744456 -0.00380996 -0.01137631 -0.00950461
  0.02170487 -0.00272662 -0.00336325  0.00385047 -0.00801407  0.00900037
  0.00325061 -0.01876767  0.00126177]
[  1.85814062e-02   2.12645200e-02   1.11660898e-03  -2.45900383e-02
   7.21369724e-03   2.44108232e-02  -1.59537353e-02  -4.56428184e-04
  -4.19240106e-03   1.98515454e-02  -4.76710031e-03  -3.55919788e-02
   1.35226711e-02   1.66178411e-02  -1.75901248e-04  -1.05060754e-02
   1.13576299e-02  -6.10669682e-03  -3.18696992e-02   9.66118569e-05
   2.05082992e-02]
[  1.35715711e-02   1.57040807e-02   1.27927308e-03  -5.92983932e-03
   8.61774612e-03   2.87318758e-02  -2.67181079e-02  -1.48687915e-02
   6.67041075e-05  -8.70504369e-03   4.35504821e-03   2.62303134e-03
  -1.04625852e-03   1.45623255e-02  -9.33843301e-04  -1.13362893e-02
  -1.05782887e-02   1.23248990e-02   2.25866396e-02  -1.03521917e-02
  -2.70024178e-02]
[ 0.00810417  0.00772654 -0.00269665 -0.00111413 -0.00964121 -0.01575484
 -0.00721     0.00277643  0.00978313 -0.00977411  0.0159916   0.01264601
 -0.01193651 -0.0090227  -0.01244281  0.00012926 -0.01524227  0.00497567
  0.00071631 -0.01513998  0.00083999]
[ 0.00702055 -0.00609483 -0.00308224 -0.00133623 -0.00146661 -0.00085481
 -0.00159421  0.01102734  0.00467216 -0.0099329   0.00041135  0.00430138
 -0.00066443  0.0138263  -0.00776383  0.00875827 -0.01467859  0.00167891
 -0.00272543  0.00292731  0.00910065]
[ 0.0062094  -0.00537004  0.00855124  0.00170487 -0.00378279 -0.00024539
  0.00355226 -0.00889405  0.0046025  -0.00349251 -0.00559165 -0.00888384
 -0.00873581 -0.01074823  0.00577421 -0.00723154 -0.00597331  0.00405317
 -0.00092702 -0.00912835  0.01198676]
[ 0.01123235 -0.01015785 -0.01416709  0.00055469  0.00607175  0.00201793
 -0.00155107  0.012649   -0.0058755   0.0061776   0.00285236  0.00019935
 -0.0015057  -0.00452463  0.00263148 -0.0050993  -0.00812808 -0.00847693
  0.00117593 -0.00577932 -0.00738946]
[ 0.00641291 -0.00597726  0.01069075 -0.00210572  0.01509267 -0.00540677
 -0.00414565  0.00348616 -0.00660617  0.00093233  0.0082133   0.00638896
  0.00318095 -0.00287371 -0.00222533  0.00113234 -0.00182152 -0.00775443
  0.00744663 -0.00427675  0.010855  ]
[  1.68369211e-02   1.87604870e-02   7.25039321e-04  -1.98696284e-02
  -4.84211340e-03  -1.09845444e-03   5.32654171e-03  -2.06302210e-03
  -3.08525269e-03  -6.36151035e-03   8.56047045e-03   3.17621778e-05
  -7.91471018e-03   4.33365810e-03  -1.28387235e-02  -1.07014851e-02
  -6.84493354e-04  -2.60802321e-03  -5.86126986e-03   1.88855436e-03
   1.97018332e-02]
[ 0.00528475 -0.0044947  -0.00403759 -0.00096715  0.00065231  0.00304851
  0.00097078  0.01113516  0.01445877 -0.00076821  0.007654    0.00076333
  0.00758327 -0.00368344 -0.00583332  0.00098717 -0.01342215  0.00752458
 -0.00351914 -0.00100883  0.00535685]
[ 0.01955053  0.02202202  0.00200085  0.03695917  0.0066208  -0.00984185
  0.04458107  0.01142768 -0.00053733  0.0172788   0.00198786  0.00333057
  0.00180413 -0.00579574 -0.01012014  0.01022809 -0.01062812 -0.00157418
  0.01488375 -0.00267744 -0.00840406]
[  9.92136119e-03   1.11796775e-02  -6.23460518e-05  -2.62677790e-02
   4.59657398e-03   3.99543978e-03  -9.27983704e-03   4.25449676e-03
   7.16684902e-03   1.13793716e-02  -1.75241473e-02  -9.98540260e-03
   2.35712802e-02  -6.50073668e-03  -1.37274924e-03   1.29097390e-02
  -1.75746095e-02   1.03262879e-02   6.84315797e-03  -1.37284301e-02
  -2.07510088e-02]
[ 0.01179018 -0.01119171  0.01750439  0.00097137 -0.00476602  0.00581183
  0.00175538  0.00602314  0.00493977 -0.00417054  0.00517407 -0.00689488
  0.00923655 -0.00847791  0.01719634 -0.01514324 -0.00710165 -0.01048102
  0.00532041  0.01344198 -0.01228951]
[ 0.01242895 -0.01170338  0.01147875  0.00055231 -0.00011001 -0.00119322
  0.00255226 -0.02849843  0.0112057   0.00701442  0.01601864  0.00056622
  0.02275807 -0.0139011   0.00413459 -0.00209023  0.00685003  0.01003968
 -0.00348911  0.00617523  0.01645332]
[  1.51500790e-02  -1.37089254e-02  -8.85639705e-03  -2.45411587e-05
   4.14649815e-03  -3.71022747e-03  -2.19090590e-03  -9.27626196e-03
  -1.20339240e-02   7.14795283e-03  -3.61898241e-03  -1.93494241e-03
  -5.89331665e-03  -1.43453387e-02   5.42691756e-03  -8.14559537e-03
  -7.26195719e-03   1.00249071e-02   2.68883517e-03   2.52896102e-03
  -1.22373763e-02]
[ 0.01963363  0.02233735  0.00059821  0.00192306  0.00303021  0.01344248
 -0.03785417  0.00124716  0.01075042 -0.00033144 -0.01910218 -0.00790051
  0.00766514 -0.0251782   0.00497031  0.03472803  0.00368822 -0.00714341
  0.01386788  0.02165321 -0.00806027]
[ 0.00628639  0.00721842  0.00047297  0.00655342 -0.00156763  0.00013864
 -0.00448738  0.00029513 -0.00169818 -0.00627528  0.00960612 -0.0105393
 -0.00316148  0.00085146 -0.00121765  0.00336497  0.00264011 -0.00189594
 -0.00655558 -0.00882696  0.00623903]
[ 0.00964267  0.01027309  0.00031943  0.00265052 -0.00324901 -0.00467537
  0.01862665  0.00319894  0.00096395  0.00261461 -0.00909868  0.014457
 -0.00870544 -0.01447895 -0.01396362  0.00859622 -0.0009232  -0.00624971
 -0.00349053  0.01917573 -0.00082343]
[ 0.01148926 -0.00990365 -0.01065049  0.00363013 -0.00935398 -0.00092713
 -0.00116103 -0.02681146 -0.00788745  0.01768434  0.02051331  0.00746358
  0.02276296 -0.0140004  -0.00362053  0.00120947  0.01287256  0.0134642
 -0.012692    0.01058469 -0.01337314]
[ 0.00713955  0.00821626  0.00072549  0.01152783  0.00143943  0.00731826
  0.00952201 -0.00259625 -0.0059219  -0.01330949 -0.00109247  0.00409356
 -0.00099941 -0.00342283 -0.01379425 -0.00173751 -0.00321019  0.00161232
  0.00444892  0.00302958  0.01455304]
[ 0.0033375  -0.00286285  0.00282859  0.00049893  0.00149677 -0.00464492
  0.00122514 -0.0120053   0.00684581 -0.00014554  0.00244976 -0.00084644
  0.00328586  0.00032396 -0.00162026 -0.00279761 -0.00524503 -0.00898812
 -0.0035096   0.00674066 -0.00858283]
[ 0.0133217  -0.01216589 -0.00648378  0.00125262 -0.0085134  -0.00128148
  0.0051434  -0.01708936  0.01672174  0.00208083 -0.00814168 -0.00500899
 -0.00573587  0.00229224 -0.01148586 -0.00376047  0.01473689 -0.01016452
 -0.0010585  -0.01510844 -0.00698706]
[  1.78059817e-02   1.99422978e-02   1.72089093e-04  -5.56445598e-03
  -7.84211992e-04   3.15236507e-03  -7.79795662e-03  -9.47745109e-03
   1.04126308e-02  -6.89111214e-03   6.49354822e-05   3.80744799e-02
  -1.59578320e-02   9.87983109e-03   3.00073040e-02  -1.57821740e-02
   5.67585915e-03  -2.24843478e-03  -1.49756385e-02   5.27755903e-03
  -7.44499117e-03]
[ 0.00188553 -0.00023161  0.00140146 -0.00136866  0.00267109  0.00111323
 -0.00016174  0.00684184 -0.00062704  0.01015964  0.0025918  -0.00307775
 -0.00827447 -0.00463176  0.00022331 -0.00102149  0.00274008 -0.0015404
  0.00821118  0.00152907  0.00553523]
[  7.23916401e-03  -6.78793025e-03   1.08073641e-02  -7.37528527e-05
   5.22281165e-03  -2.93274263e-03  -7.77992171e-03  -4.82645282e-03
  -2.15331796e-02   1.23649387e-02   1.29832422e-02   6.39022276e-03
   1.50145090e-03  -1.93538846e-02   2.71855435e-04   2.02035279e-03
  -2.28661644e-03   1.07023530e-02  -7.97704277e-03  -2.79507332e-03
   9.70216543e-03]
[ 0.01003715 -0.00953737  0.0145631   0.00125666 -0.01551079  0.00217934
  0.00218727 -0.01159221 -0.00629843  0.00533645 -0.00159494  0.00122807
 -0.0033338   0.01893571  0.01012216  0.01950722 -0.0122619   0.01860736
 -0.00996228  0.02182667 -0.00229357]
[ 0.01376702  0.0150914   0.00026597 -0.00283825 -0.00399156  0.0054196
 -0.0241791  -0.00412434 -0.0027891   0.00432747 -0.01284423  0.00584935
  0.00235367  0.00903288 -0.01025679 -0.01607687  0.00021885  0.00048821
  0.02092552  0.01205332  0.00593802]
[  4.66318758e-03  -4.40498050e-03   7.67232083e-04   3.91705564e-04
  -1.13498471e-02   3.92641500e-03  -5.71586982e-04   1.82197282e-03
  -7.52065387e-03   1.66272408e-03  -4.18197937e-03   4.87921437e-03
  -2.36526661e-04   1.16385620e-02  -4.45490600e-03   1.05721235e-02
  -1.96433545e-03  -5.42784756e-03  -2.45934118e-05  -3.81220128e-03
  -3.49879852e-03]
[ 0.00852634 -0.00774948  0.00113598 -0.0022218   0.01854329 -0.00854037
 -0.00261163  0.00160517  0.00368497  0.00061848 -0.01020492  0.00506658
 -0.00314351  0.00046713 -0.01941722  0.00127648  0.0212983   0.00544138
  0.00318839 -0.01359526 -0.01129148]
[ 0.02017429  0.02287187  0.002575    0.00371867  0.0099952   0.02321849
 -0.00097605 -0.00340485  0.00565537  0.02886998 -0.0004908   0.00928623
 -0.0136596   0.0195043  -0.01324717 -0.02618328 -0.00213768 -0.0055388
 -0.00848143  0.02497404  0.00207109]
[ 0.0164957  -0.01474976 -0.0276909   0.00211652 -0.0146137   0.0155571
  0.00251704  0.00805966  0.00559092  0.00285087  0.00738907  0.00884894
  0.01584612  0.00125822  0.00267718  0.00149115  0.01226514  0.0136236
 -0.00305616  0.0113985  -0.00018363]
[ 0.0176477   0.01969727  0.00203276  0.01779943  0.01008758  0.01600844
  0.02552749 -0.00686348 -0.01377184 -0.00309456  0.00669955 -0.00707545
  0.00145224  0.00788313 -0.01026041 -0.01087654 -0.00092545  0.00942765
  0.00196341  0.00326644 -0.010154  ]
[ 0.00645179  0.00751536  0.00064532  0.00228956  0.00072641 -0.00140784
  0.01607738 -0.00145295 -0.00149436  0.00587223 -0.01311606  0.02422789
  0.00734621  0.00993235  0.00814857 -0.02315527 -0.00674329  0.00747611
 -0.01083363 -0.00932461  0.00451648]
[ 0.00457549 -0.00136756 -0.00123724 -0.00133204 -0.00629367 -0.00699443
 -0.0030798  -0.00486163 -0.00476182  0.0051611  -0.0036094   0.00901596
  0.00080041  0.00502129 -0.01549795  0.00053688  0.00623654 -0.01041033
 -0.00020658  0.00373756 -0.00325159]
[  6.67030182e-03   6.98108162e-03  -2.00185885e-03  -2.06450874e-02
  -1.15386082e-02  -2.92891372e-02   3.25810286e-03   4.35520003e-03
   3.56379577e-03   4.88084229e-03   6.12847941e-04   8.71001771e-03
   5.84890027e-03   9.98012204e-03   1.20840185e-02  -8.78572173e-03
  -1.97036531e-03   5.40425804e-03   1.19213757e-02  -1.18846490e-02
  -8.53895320e-06]
[  1.37019541e-02  -1.30853515e-02   1.90925696e-02  -2.25312141e-03
   1.41210178e-02   1.54458928e-03  -3.71322023e-03   2.44137216e-02
   3.61236991e-03  -1.09470056e-02   9.53857662e-03   1.12694798e-02
   1.03729387e-02  -8.53410970e-04  -9.55499207e-04  -4.25817765e-03
   9.75966131e-03   1.03105550e-02   1.93145037e-05   2.08983560e-04
   1.31499877e-03]
[ 0.00971002 -0.00905594  0.01144397 -0.00066175 -0.00088636 -0.00398181
 -0.00641571 -0.00505451 -0.02510922  0.0128881  -0.00303358  0.00933009
 -0.00932445  0.0070461  -0.00348052  0.01998953 -0.00165067  0.01777455
 -0.00727997  0.00476082  0.00786268]
[ 0.00398281  0.00465034  0.00103684  0.01966582  0.0043044   0.00151306
  0.02012486  0.00069077 -0.00683392 -0.00020346 -0.00430722  0.00466845
  0.00425478 -0.00090534 -0.00434193 -0.00380764 -0.00290883  0.00206025
  0.00906451 -0.00121926  0.00212259]
[  7.56716411e-03  -7.18171369e-03  -6.16043757e-03   1.06397076e-03
  -5.75665396e-03   1.18391805e-02   1.09557351e-03   2.31835326e-02
   7.34635359e-04  -7.59937036e-03   5.31541035e-03  -2.71262035e-03
  -9.10165838e-05  -1.66732957e-02   1.54883483e-02  -1.64918386e-02
  -2.45915139e-03   2.19627419e-02  -8.79442362e-03   6.07345099e-04
  -4.63348744e-03]
[ 0.00944323 -0.00871232 -0.01316271 -0.00116326  0.00683655 -0.0015299
 -0.00253545  0.0101599  -0.00969787 -0.00550956 -0.01080304  0.004577
 -0.00799872  0.01735571  0.00061512  0.0082933   0.01363702  0.00975303
  0.00759114  0.00827269  0.00751052]
[ 0.01129075 -0.01024669 -0.01450185  0.0005734   0.01361044 -0.00432004
  0.00620053 -0.01450888  0.02077208  0.00084651 -0.00141205 -0.00842373
  0.00259794  0.00543338  0.01089022  0.00060666  0.010523   -0.00037127
  0.01733709  0.01078465  0.00844161]
[ 0.00868313 -0.00820698  0.00816794  0.00094997 -0.00557509 -0.00097568
  0.00496315 -0.01786541  0.00908597  0.00349568 -0.00865029 -0.01301524
 -0.01336879 -0.00075322  0.0109292   0.00188727 -0.01125036  0.01001207
  0.00774935 -0.01093667  0.0153082 ]
[ 0.01157448 -0.0105695  -0.01498699 -0.00122985  0.0231035  -0.00569221
 -0.00278934  0.00210502 -0.00522688 -0.00348765 -0.00246181 -0.0002548
 -0.00878501  0.00727648  0.00425813  0.00345089 -0.00259579 -0.00200358
  0.00997981 -0.00669087  0.00676484]
[ 0.00698038 -0.00641835 -0.01318326  0.00049047  0.00636167 -0.00032529
  0.00016091 -0.00258053 -0.01093272 -0.00149644 -0.00431668 -0.00641607
 -0.00126553  0.00113169  0.00654001 -0.0019632  -0.00085976 -0.00203982
 -0.00975526  0.01168894  0.00343327]
[ 0.01265434 -0.01173205  0.02646614 -0.00046344 -0.01032346  0.00830018
  0.0018618   0.00949979  0.00990442 -0.00636975  0.00135403  0.00932747
  0.01485628  0.01729999 -0.00805861  0.00484885  0.0185984  -0.01998233
 -0.00194442 -0.01019353  0.00123062]
[ 0.00988544 -0.00926692  0.00272385  0.00044508  0.01202793  0.00062874
 -0.00450999  0.01327721 -0.00933371 -0.00276306  0.00979575  0.01721157
  0.00911021  0.01870896 -0.0084046   0.0173229   0.00707553  0.00063347
 -0.01067944 -0.00236248 -0.0027171 ]
[ 0.00530885  0.00599781 -0.00020033  0.00020044 -0.00178119  0.00489707
 -0.00770617 -0.00632767  0.00060036 -0.01264597 -0.00447665  0.01950863
 -0.00536714  0.00180219  0.00203585 -0.01159033 -0.001893    0.00317966
  0.00515014  0.00590518  0.00559369]
[ 0.00379809 -0.00273107 -0.00434024 -0.00096954  0.00768114 -0.00240965
  0.00294479 -0.00288124  0.01303834  0.00067373  0.0024115   0.00239241
 -0.00411057  0.00307407  0.00788677  0.00161999  0.00447956  0.00659723
  0.00828926 -0.00265784  0.00149489]
[ 0.0099819  -0.00935785  0.00691904  0.00027265  0.01207091 -0.00441917
 -0.00300201 -0.00998605 -0.00941894  0.00329743 -0.00020641  0.00383684
  0.00174961  0.00142394  0.00164226  0.00504017  0.00619988 -0.01141132
  0.01048426 -0.00464851  0.00467971]
[ 0.004963    0.00356864 -0.00119359 -0.00197211 -0.00418171 -0.01278818
  0.00774256  0.0042157   0.00103689 -0.00290352  0.00817595 -0.00414488
 -0.0079723  -0.00122251 -0.00270072  0.00338492 -0.00318542  0.00316825
  0.00842253  0.0163637  -0.00970207]
[ 0.01272479 -0.0117546   0.01346658  0.00067073 -0.00858298 -0.00292853
  0.00464916  0.00254876  0.00532457 -0.01048194 -0.01658456 -0.01392686
 -0.02290386  0.01355715 -0.00068761  0.00580287 -0.02998453  0.00554328
 -0.00499613  0.00439685 -0.01226592]
[ 0.00339277 -0.00025153 -0.00206337 -0.00019288 -0.01091064 -0.0049795
 -0.00553582  0.00308409 -0.00173231 -0.00989373 -0.00314365 -0.00149864
 -0.00484615 -0.00540333 -0.01740716 -0.00018009 -0.00050599 -0.00524427
 -0.00408543  0.00276035  0.0121548 ]
[ 0.02006473  0.02295812  0.00254471  0.02345308  0.00145593  0.00622846
 -0.00726836 -0.00212509  0.00915434 -0.01534295 -0.0203173   0.01988943
 -0.00044743 -0.03404443  0.0339793   0.03883549  0.01125687 -0.01625409
 -0.0191244  -0.0139948  -0.00564988]
[ 0.00458599  0.00501591  0.00013585 -0.00697635 -0.00180814 -0.00454823
  0.00074623  0.00315142 -0.00414193 -0.00163577  0.00231019 -0.01474066
  0.01057978  0.00134648  0.0001421   0.00327133 -0.00055359  0.0030222
  0.0008089  -0.00971201  0.00022999]
[  8.99885819e-03  -8.32392555e-03  -2.01370314e-05   1.71189628e-03
  -6.29306285e-03   6.22953700e-03   5.68700939e-03  -5.05138479e-05
   4.11483892e-03   4.19138569e-03  -1.40701484e-02  -4.09047974e-03
  -1.57898135e-02   5.63609926e-03  -5.44059809e-03   7.64478366e-03
   2.68491779e-02   2.07334414e-02   6.26292126e-03  -2.28702719e-02
  -2.92847812e-03]
[ 0.00782612  0.00737807 -0.0026185   0.00040045 -0.00892664 -0.0136445
 -0.01866828 -0.00387125 -0.00427605 -0.01059819  0.02156243 -0.01003955
 -0.00651076  0.00554622 -0.01139655 -0.00350741 -0.00173735  0.00628501
  0.00582863 -0.00431238 -0.00238152]
[  6.39387133e-03   7.21539333e-03  -7.58662726e-05  -2.43451441e-02
  -1.11371016e-03   2.64082960e-03   1.71089370e-02  -3.22925095e-03
  -4.09515636e-04  -1.38331414e-02   6.61918136e-03   6.56848227e-03
  -1.08008220e-02  -1.51484773e-02   8.61227617e-03   2.01287225e-02
   6.98909338e-03  -7.55601039e-03  -3.81984627e-03   5.99471784e-03
  -9.89388723e-03]
[ 0.01156867 -0.01058239  0.00306088 -0.0005796  -0.00209672  0.00243341
 -0.0002948   0.00232693 -0.00709288 -0.00101418  0.00724243  0.00042669
  0.0120811  -0.00196424  0.00858815 -0.00587169 -0.00234988 -0.01291696
  0.00673962  0.00843128  0.00453826]
[  1.03475282e-02   1.17574425e-02  -7.16873734e-05   2.34481475e-02
  -5.74146022e-03  -1.31523581e-02  -9.97336560e-03   4.39714628e-03
  -4.33393194e-04  -1.11041567e-02  -2.94701093e-03  -4.26453641e-03
   3.74509878e-03  -1.21453468e-02   1.06572810e-03   1.55014128e-02
   4.07751676e-03  -3.83877413e-03   5.66299270e-03  -3.31544364e-03
   8.82981378e-03]
[  6.74267802e-03  -5.94876642e-03  -1.26889215e-02   1.92073468e-03
   5.92072758e-03  -2.31951735e-04   3.92404919e-04  -4.09569621e-03
  -7.32185053e-03   2.98121378e-04   7.56006711e-05  -1.25355430e-04
   2.46556911e-03   4.95019480e-03   5.99543741e-03  -2.65561552e-03
   8.72453058e-04  -2.65005621e-02   4.62930014e-03  -1.20452680e-02
  -2.82841639e-03]
[  1.15508246e-02  -1.07327670e-02  -1.11970432e-02   1.70905480e-03
  -1.81784444e-02   9.49244226e-03   3.04456093e-03  -5.40412731e-03
   8.26460092e-03   6.05432367e-03   1.03853369e-02  -2.82391004e-03
   9.43967761e-03  -1.13027390e-02  -2.37755316e-05  -2.96619416e-03
  -3.62065380e-03   5.16506454e-03   1.07579220e-02   4.56006810e-03
   1.00973686e-02]

Right eigenvectors

[ 1.         -0.91094731  1.1701811  -0.01187462 -1.14792125  0.20376436
 -0.01775903  0.47060203 -0.02550414  0.33589417 -1.19650842  0.13386113
 -1.22980024  0.76717062 -1.03881247  0.15569273  0.66172416  0.21331836
 -1.60731683 -0.60079002 -2.84976226]
[ 1.          1.12832804  0.12202072  1.59592715  0.37762351  0.90019578
 -1.19345346 -0.39065424  0.06539581 -0.89960776  0.32036862 -0.61814893
 -0.43327845 -0.19161197  0.48848575  0.44552679  0.58403937  0.01262047
  1.38713289  1.12911247 -0.60709553]
[ 1.         -0.85372656 -1.78335417 -0.06401842  1.85983913 -0.91565752
  0.097138    0.80211124 -0.17534439 -1.37470106 -1.96440425 -1.61536801
 -1.36922187  0.43870026 -0.02024807 -0.35203008 -1.02843774  0.72610215
 -1.92031006  0.94672903 -0.45465009]
[ 1.         -0.9437821   1.56279383  0.12906079 -0.18378184  0.67219891
  0.27651555  1.16010922  1.27419938 -0.93052712  0.68869974  0.24609359
  1.24172549  1.92937546  0.40975944  1.21751596 -1.81512873 -1.23352593
 -0.03290885 -0.19818012  0.9098532 ]
[ 1.          1.14416457  0.04133393  0.86857303 -0.07242288  0.30278132
 -1.41276836 -0.42124128  0.10528325 -0.05003172  0.91486268  0.07649792
 -0.43576047  1.34550113 -0.66307614 -1.34312894 -0.33338052  0.68322315
  0.16782548  0.06450444 -0.94315441]
[ 1.         -0.9018352  -1.43944354  0.15079645  0.4203085   0.06985556
  0.20625908 -0.61663405  0.63471188 -0.06860417 -0.24153215 -0.32614478
 -0.23663162  0.28854685  0.17735999 -0.01382961 -0.72413525 -1.51835671
 -0.32101443 -1.1280834  -1.01424199]
[ 1.         -0.90066804  0.63178228 -0.06559624  0.95623011 -0.81327204
 -0.76901805 -0.62755111 -1.97502892  1.09582873  0.89782273  0.79300207
 -0.14209265 -1.51857778  0.12712385 -0.18391305  0.09446148  0.47483592
 -0.03090194 -0.74151522  0.52007888]
[ 1.          0.71641334 -0.57037383 -1.77547683 -1.1267372  -2.95485752
 -0.63602447  0.19781631 -1.67395722 -1.34281727 -2.51349552 -0.09137001
  1.84184986 -0.58990665 -0.54089337 -1.15352436  0.14556233  0.70115947
  1.7091495   1.25354388  1.63709193]
[ 1.         -0.93603489  1.03560043 -0.04515491 -0.14673556  0.12444616
 -0.07439649  0.70151764 -0.66051735 -0.35841916  0.03465021 -0.40143024
  0.09607328 -0.41542945  0.66325128 -0.82024854 -0.19827836 -0.19791174
  0.1170274   1.48271251 -0.75989574]
[ 1.          1.06155233 -0.04835827  1.27974591 -0.43447028 -2.42807947
  0.56606538  1.00106774  0.27366591  0.86701124  2.69700159 -2.05509318
 -0.89145508  0.92416014  0.50171467  0.36493048  0.56853427 -0.20555803
  0.82155147 -0.21594279 -1.49437419]
[ 1.         -0.92733322  1.29375952 -0.04695587  0.33738617 -0.30559824
  0.58920026 -0.53566287  2.69608096 -0.85606592 -0.36230724 -0.662948
  0.81218932  1.02718142 -0.44228385  0.10575071  1.29281902  0.52676019
  0.14179261  1.3205668   1.36986403]
[ 1.          1.10572658 -0.07267998 -1.31540464 -1.01059155 -1.83262725
 -0.10493697  0.24126508  0.61747001 -0.1740705   0.23538832  0.36516947
 -0.16187662  0.21207047  1.61363369  0.22038249  1.08508097 -0.53568641
 -1.98382338  0.21339016  0.35554297]
[ 1.         -0.87337787 -1.77114284  0.03368714  1.73830371 -0.09413974
 -0.30453662  0.39716303  0.19296018  0.06682814  1.45931333  1.1428048
  0.95352752  1.21705115  0.67590945  1.28190363 -0.92004684 -1.00074852
  1.23572043 -0.5811274   0.60311041]
[ 1.          1.11990855 -0.01005177 -0.36153514  0.16419107  0.05996777
  0.25659504 -0.04929564 -0.43658094 -0.01626128 -1.29963904 -0.26595425
  1.47867812 -0.25169623  0.1152969   0.08565694  0.06245665  0.17418834
 -0.48293269  0.17374364  0.01147599]
[ 1.          0.88440219  0.06171899 -3.86419433  0.85670177  0.30971046
  1.67681487  0.08997748 -1.74254043  0.38491524  1.47588584 -1.63421596
 -0.61438296  0.09656713  0.59529001 -0.61527262  0.55351579 -0.47095174
  4.42795527  0.14195251  0.67130609]
[  1.00000000e+00   1.09753794e+00  -1.50578280e-02   1.14230958e+00
  -2.85895724e-01  -1.20451849e+00  -1.80218846e-01   4.80831444e-01
  -6.06119876e-02   1.25935610e+00   1.14627217e+00  -1.64800915e+00
   8.83873544e-04   1.27055209e+00   2.16778794e-01  -4.75905010e-01
   7.00533752e-01  -1.84032640e-01  -1.02683476e+00   2.81741085e-01
  -3.57603624e-01]
[ 1.         -0.9351796  -0.23525918  0.1523067  -1.48834844  0.65915338
  0.15710405 -0.09035405  0.15008032  0.05016802  0.12863325 -0.33317929
  0.20734031 -0.68397261  0.00465569 -1.04794525 -1.62569907 -2.81618744
  0.20273506 -0.96174165  0.14033068]
[ 1.          1.14348827  0.07994156  0.0746086   0.04503425  0.90954768
 -1.47947002 -0.01315767  0.41740931 -0.09484178 -0.19059786  0.0857157
 -0.53114153 -0.74574576  0.60588394  0.54343095  0.05105292 -0.30285466
 -0.53014811 -1.8326939   1.41818803]
[ 1.         -0.89314399 -0.63686789  0.11282897 -3.55808943  0.56144066
  0.14058591 -2.23276918 -0.69675874  1.91601479 -0.18018433  0.83358306
  0.50365251  0.5292775  -0.82358058  1.1670197  -0.23082766 -0.33680705
  0.88798803 -0.8921294  -1.56265947]
[ 1.         -0.92463209  1.84985895 -0.18338745  1.91568253 -0.54785332
 -0.24224418  0.62993941  0.71013945 -0.52053853  0.29092258  0.14197286
  0.6734661  -0.67706431 -0.63209519 -0.54088686  0.98784049 -0.16064693
 -0.04520669  0.62488615 -0.13912627]
[ 1.         -0.94189524  1.72402339  0.00814769 -0.55684684  0.32980478
 -0.08048342  1.23973433 -0.57041688 -0.45704703 -0.16248383 -0.4283907
 -0.27908528 -0.37632493  0.50592939 -0.67264612 -1.30951458 -0.19409038
 -0.63631375 -0.45184213 -0.8830176 ]
[  1.00000000e+00   1.16180712e+00   1.08229683e-01  -5.45055354e-01
   5.73460167e-01   1.70536517e+00   6.10869506e-01  -6.09376994e-01
  -2.29468765e-01  -7.83066675e-01   6.67413101e-01   4.64368939e-01
  -5.09313182e-01   1.45275184e-03  -3.70899053e-01  -4.59705624e-01
  -5.92892346e-01   3.27057600e-01  -4.88215715e-01  -1.74807622e+00
   8.59261137e-01]
[ 1.         -0.92625456  2.69978264 -0.34201782  2.49230191 -2.41881043
 -0.28099463 -1.81593491  1.62644844 -1.18026592 -1.43104583 -0.69475583
  0.00496408 -2.81781528 -2.40532483 -3.81684125  1.25805454 -1.47233804
 -1.30000398 -0.03144276 -3.14850537]
[ 1.         -0.87585519 -2.56715212 -0.05616945 -1.43047866  0.58051826
 -0.5244342   0.98236545 -0.40136864 -0.76653079  0.12222409  0.56940055
  1.18009504 -0.45577914 -2.33814751 -0.43924269  0.94204311 -1.88628878
 -1.3613985   0.67541713  1.61674824]
[ 1.          1.16877905  0.2005313  -6.20701147  1.67218508  4.99529514
  5.80537172 -2.30978585 -3.45943929 -3.27508621  3.94669476 -3.80003538
 -0.97889477  0.23828253 -3.34630781  1.06056604  1.15643275 -0.44837525
 -1.51414862 -0.17979139  0.26255225]
[ 1.         -0.69461119 -1.75287554  0.06249068  0.76572122 -1.1418346
 -1.2985066   1.49622638  1.8265199  -0.91271651  3.68955478  2.45700583
  0.37170189 -2.89956988 -3.95242988 -0.11962044 -1.964216    3.57703032
 -1.9120618  -1.43873714 -2.63287996]
[ 1.         -0.91887108 -1.69118201  0.16850043  0.82699235 -0.25576642
 -0.13419926 -1.19258763 -0.76395288  0.18832421  0.19407524 -0.13237726
 -0.38903137 -0.03310871  0.98164439  0.26974356 -1.40155223 -0.252726
 -0.63718306  0.42028593  0.11304922]
[ 1.         -0.8926364  -1.69625486 -0.17577214  1.42407988 -0.71647082
 -0.3931184   0.36646217 -2.01263322  0.06824934 -2.02514921 -0.27321792
 -1.43231072 -0.39213638  0.11293016 -0.84743433  1.1466184  -0.38211435
 -0.81331463 -0.61280038 -0.9673015 ]
[ 1.          0.86549568 -0.46659956 -1.57787681  1.16488411  0.04610998
  0.71964958  1.78004455  1.76547212  3.83187883 -2.48240151 -0.17339936
  2.53536886 -0.75545528 -2.18938042  0.9376237  -2.06797159  0.65915568
  0.28914225  1.49067293 -0.69314329]
[ 1.         -0.87027916 -1.16365091 -0.3574626  -2.65388156  0.60137804
  0.07201002  1.42693478 -1.56886925 -0.33925743 -1.14262421 -0.51943418
  0.42991151 -0.51448472  1.72645861 -1.58689079  0.58519155 -0.31054028
  2.1794323   2.18511535  1.08321106]
[ 1.         -0.9228031   1.01921963  0.01785111 -1.9417063   0.04215567
  0.22016539 -1.07472898 -0.31459702  0.73194387 -1.69400961 -1.03994073
 -1.93627966 -1.163344   -1.02852301 -0.42182374  0.34913898 -0.36990091
  1.19218846 -0.7648559   1.15899768]
[ 1.          1.08453485  0.06233326 -0.57725399  0.2623628   0.5172107
  0.68119202  0.38383304  0.51931766  0.58302999 -0.1738297  -0.11183299
 -0.11600236 -0.81628864 -0.80839451  1.64970145 -0.5026502  -0.4506434
  0.21730996  0.88977364 -0.54606255]
[ 1.         -0.92531183  1.99250725 -0.23734936 -0.7607123   0.66652855
 -0.15653732  2.41386193 -1.79880779  0.21509945 -0.11458818 -0.05216877
 -0.67566754 -0.28579779  0.95346001 -0.65984808  0.66151346 -0.66920631
  0.9887973   0.08129033 -1.03498305]
[ 1.         -0.94637397  1.70892614  0.06383198  0.4377673  -0.39694985
  0.03995858 -1.46868056  0.4982977   0.25764273 -0.29392068 -0.36050849
 -1.13809408  0.58965178  0.63218095  1.08050338 -0.71073688  1.80750619
 -0.04078701 -0.89869152  0.90851878]
[ 1.          1.09366499 -0.02103878  0.77302288 -0.34281873 -1.17566268
  1.1531921   0.143011   -0.6551457  -0.42902434  0.26374394 -0.62098064
  0.53074098  0.63266842  1.60712752 -0.24975798  1.20459374 -0.25486615
 -1.45889988 -0.4867738   0.29577814]
[ 1.         -0.92457481 -1.98801365  0.12519853 -1.64868992  1.55306558
  0.59267463  1.41356929  1.27441283 -0.18396846  0.1910655  -0.13695771
 -0.18416006 -0.74361688 -0.22682322 -0.54499297  2.11582415  1.07130385
  0.2047927  -0.61285515 -0.27246967]
[ 1.         -0.91964152 -1.29683872  0.05996373  0.80126119 -0.71619789
 -0.13518827 -0.6437086   0.237669   -0.98566793 -0.23588514 -0.53681856
 -0.70673936 -0.21369278 -0.78677967  0.13151768 -1.46453227  0.12767197
 -1.05672082  1.09161812  0.26358281]
[ 1.          1.08354486 -0.10753026 -4.26055309 -0.09088571 -0.54360754
  2.87353023 -0.56126973  0.49769042 -0.55360118  1.09058524  3.47542308
 -2.15050019 -0.46665633  0.68447538  0.43954042 -0.27971768 -0.29585781
  2.98964188  0.47909523 -1.26801809]
[  1.00000000e+00   1.04066080e+00   2.83230985e-02  -6.85324323e-01
   8.68360314e-01   3.31068728e-01  -3.72295118e-01   2.34628525e+00
   2.83364422e+00   6.36087258e+00   3.28392716e-01   6.40460062e-01
  -3.63800923e+00  -1.12881788e+00  -5.93731012e-01  -3.25737901e-04
  -7.30390548e-01  -1.52278656e+00  -1.40850912e+00   1.77252945e-01
   2.52426915e+00]
[ 1.          1.1177188  -0.04449595  0.90405853  0.19549651 -0.87234848
  1.31886115  0.43421925 -1.05466488 -0.53975417 -1.61167256 -1.34651058
  3.07491269 -0.38627822 -0.47646885  0.54549263 -1.13534696  1.27507518
  0.46051116 -2.65880169  0.17875356]
[ 1.          1.14439778  0.06009281 -1.323368    0.38822128  1.31372314
 -0.858586   -0.02456371 -0.22562346  1.06835539 -0.25655218 -1.91546208
  0.72775284  0.89432635 -0.00946652 -0.56540798  0.6112363  -0.32864557
 -1.71513926  0.00519938  1.10370006]
[ 1.          1.15713063  0.09426124 -0.43693094  0.63498515  2.11706335
 -1.968682   -1.09558365  0.00491499 -0.64141753  0.32089492  0.19327396
 -0.07709192  1.07300218 -0.06880878 -0.83529675 -0.77944467  0.90814091
  1.66426123 -0.76278506 -1.98963093]
[ 1.          0.95340321 -0.33274798 -0.13747671 -1.1896605  -1.94404063
 -0.88966547  0.34259256  1.20717249 -1.20605866  1.97325546  1.56043239
 -1.47288421 -1.11334    -1.53535921  0.01594989 -1.88079307  0.61396435
  0.08838843 -1.86817127  0.10364947]
[ 1.         -0.86814117 -0.43903084 -0.19033104 -0.20890188 -0.1217576
 -0.22707764  1.57072292  0.66549744 -1.41483209  0.05859236  0.61268459
 -0.0946408   1.96940344 -1.10587208  1.24751896 -2.09080333  0.2391423
 -0.38820744  0.41696243  1.29628758]
[ 1.         -0.86482492  1.37714538  0.27456249 -0.60920373 -0.03951941
  0.57207828 -1.43235436  0.74121618 -0.56245501 -0.9005146  -1.43070855
 -1.40686921 -1.73096197  0.92991552 -1.16461331 -0.96197959  0.65274814
 -0.14929292 -1.47008688  1.93042247]
[ 1.         -0.90433866 -1.26127572  0.04938317  0.54055911  0.1796537
 -0.13808979  1.12612266 -0.52308782  0.54998326  0.25394134  0.01774749
 -0.13405057 -0.40282116  0.23427722 -0.45398361 -0.7236318  -0.75468879
  0.10469177 -0.51452509 -0.65787307]
[ 1.         -0.93206647  1.66706531 -0.32835565  2.35348098 -0.84310654
 -0.64645265  0.54361486 -1.03013537  0.14538342  1.28074395  0.99626533
  0.496023   -0.44811307 -0.34700684  0.17657223 -0.2840388  -1.2091895
  1.16119309 -0.66689696  1.6926788 ]
[ 1.          1.11424689  0.04306246 -1.18012244 -0.28758901 -0.06524081
  0.31636079 -0.12252965 -0.18324328 -0.37783098  0.50843443  0.00188646
 -0.47008061  0.25739018 -0.76253392 -0.63559632 -0.04065431 -0.15489906
 -0.34812005  0.11216744  1.17015653]
[ 1.         -0.85050358 -0.76400819 -0.18300856  0.12343326  0.57685033
  0.18369491  2.10703615  2.73594173 -0.14536318  1.44831916  0.14443973
  1.43493472 -0.69699474 -1.10380232  0.18679589 -2.53979     1.42382838
 -0.66590475 -0.1908946   1.01364264]
[ 1.          1.12641574  0.1023423   1.89044366  0.33865058 -0.50340579
  2.2803004   0.58452044 -0.02748438  0.88380225  0.10167796  0.17035715
  0.09228051 -0.29644946 -0.51764015  0.5231619  -0.54362302 -0.08051844
  0.76129652 -0.13694974 -0.42986364]
[ 1.          1.126829   -0.00628402 -2.6475983   0.46330074  0.40271085
 -0.9353391   0.42882188  0.7223655   1.14695669 -1.76630474 -1.0064549
  2.37581111 -0.65522629 -0.13836299  1.30120643 -1.77139096  1.04081362
  0.68973983 -1.38372445 -2.09154857]
[ 1.         -0.94923948  1.48465804  0.08238777 -0.40423674  0.49293838
  0.14888486  0.51086077  0.41897348 -0.35372977  0.43884525 -0.58479836
  0.78341024 -0.71906535  1.45853081 -1.28439405 -0.60233566 -0.88896195
  0.45125764  1.14009931 -1.04235133]
[ 1.         -0.94162257  0.92354902  0.0444374  -0.00885077 -0.09600345
  0.20534769 -2.29290633  0.90158004  0.56436113  1.28881607  0.04555639
  1.83105256 -1.11844522  0.33265792 -0.16817459  0.551135    0.80776546
 -0.28072398  0.49684194  1.32378946]
[ 1.         -0.90487484 -0.58457762 -0.00161987  0.27369482 -0.24489823
 -0.1446135  -0.61229133 -0.79431427  0.47180961 -0.23887548 -0.1277183
 -0.38899577 -0.94688211  0.35821051 -0.53766026 -0.47933461  0.66170659
  0.17747994  0.16692725 -0.8077434 ]
[ 1.          1.13770866  0.03046883  0.09794747  0.15433772  0.68466588
 -1.92802684  0.06352157  0.54755143 -0.01688143 -0.97293135 -0.40239666
  0.3904088  -1.28240143  0.25315264  1.76880295  0.18785191 -0.36383532
  0.70633282  1.10286334 -0.41053381]
[ 1.          1.14826144  0.07523674  1.0424768  -0.2493688   0.02205468
 -0.71382402  0.04694809 -0.27013546 -0.99823224  1.52808085 -1.67652567
 -0.50290906  0.13544535 -0.19369649  0.53527779  0.41997246 -0.30159368
 -1.04282064 -1.40413714  0.99246503]
[ 1.          1.06537903  0.03312672  0.27487391 -0.33694138 -0.48486233
  1.9316907   0.33174803  0.09996683  0.27115003 -0.9435853   1.49927458
 -0.90280455 -1.50155065 -1.44810737  0.89147727 -0.09574083 -0.64813087
 -0.36198813  1.98863377 -0.08539434]
[ 1.         -0.8619913  -0.92699532  0.31595824 -0.81415005 -0.08069531
 -0.10105348 -2.33361019 -0.686506    1.53920583  1.78543286  0.64961381
  1.98123788 -1.21856329 -0.31512318  0.10526984  1.12039943  1.17189432
 -1.10468323  0.9212683  -1.16396825]
[ 1.          1.15080974  0.1016151   1.61464502  0.20161418  1.02503135
  1.33369939 -0.36364371 -0.8294504  -1.86419231 -0.15301704  0.57336364
 -0.13998203 -0.47941856 -1.93209094 -0.24336372 -0.44963518  0.22582937
  0.62313735  0.42433739  2.03837001]
[ 1.         -0.85778365  0.84751786  0.14949207  0.44847201 -1.39173675
  0.36708385 -3.59709819  2.05118044 -0.0436089   0.73401148 -0.2536153
  0.98452944  0.09706763 -0.48547285 -0.83823649 -1.57154513 -2.69307333
 -1.05156635  2.01967594 -2.57163669]
[ 1.         -0.91323895 -0.48670821  0.09402894 -0.63906296 -0.09619489
  0.38609218 -1.28282148  1.25522609  0.15619877 -0.61115934 -0.37600264
 -0.43056607  0.17206829 -0.86219208 -0.28228196  1.10623254 -0.76300486
 -0.0794571  -1.13412277 -0.52448691]
[ 1.          1.11997744  0.00966468 -0.31250487 -0.04404205  0.17703967
 -0.43794028 -0.53226221  0.58478274 -0.38701108  0.00364684  2.13829715
 -0.89620625  0.55486023  1.68523727 -0.88634113  0.31876137 -0.12627413
 -0.84104537  0.29639248 -0.41811742]
[ 1.         -0.1228357   0.74327543 -0.72587998  1.41662846  0.59040746
 -0.08577835  3.62861004 -0.33255576  5.38822788  1.37457674 -1.63230433
 -4.38841727 -2.45648497  0.11843384 -0.54175152  1.45321984 -0.81696288
  4.35485046  0.81094998  2.9356452 ]
[ 1.         -0.9376677   1.49290224 -0.01018803  0.72146613 -0.40512173
 -1.07469892 -0.66671411 -2.97453954  1.7080617   1.79347259  0.88272938
  0.20740667 -2.67349719  0.03755343  0.27908648 -0.31586747  1.47839626
 -1.10192873 -0.38610443  1.34023285]
[ 1.         -0.95020751  1.45091972  0.1252007  -1.54533835  0.21712766
  0.21791741 -1.1549302  -0.62751217  0.5316696  -0.15890397  0.12235218
 -0.33214637  1.8865622   1.00846968  1.94350166 -1.22165133  1.85384897
 -0.99254047  2.17458851 -0.22850826]
[ 1.          1.09619906  0.01931964 -0.20616265 -0.28993638  0.39366546
 -1.75630564 -0.29958137 -0.20259254  0.31433589 -0.93297051  0.42488119
  0.17096447  0.65612432 -0.74502574 -1.16778136  0.01589664  0.0354626
  1.51997409  0.87552132  0.43132234]
[ 1.         -0.94462863  0.16452953  0.08399953 -2.43392463  0.84200237
 -0.12257431  0.39071403 -1.61277104  0.35656384 -0.89680702  1.04632599
 -0.0507221   2.49583827 -0.95533494  2.26714524 -0.42124307 -1.16397796
 -0.00527395 -0.81750974 -0.7503019 ]
[ 1.         -0.90888741  0.1332319  -0.26058075  2.17482455 -1.00164581
 -0.30630206  0.18825981  0.43218722  0.07253763 -1.19687011  0.59422652
 -0.36868262  0.05478696 -2.27732225  0.14971004  2.49794192  0.6381853
  0.37394594 -1.59450201 -1.32430588]
[ 1.          1.13371384  0.12763754  0.184327    0.49544271  1.15089507
 -0.04838111 -0.16877164  0.28032555  1.43102853 -0.02432814  0.46030025
 -0.67707967  0.96679019 -0.65663616 -1.29785422 -0.10596067 -0.27454759
 -0.42040808  1.23791466  0.10265988]
[ 1.         -0.89415829 -1.67867441  0.12830752 -0.88590997  0.94310085
  0.15258764  0.48859169  0.33893214  0.17282522  0.44793953  0.53643936
  0.96062123  0.07627553  0.16229597  0.09039643  0.74353571  0.82588803
 -0.18527002  0.69099864 -0.01113193]
[ 1.          1.11613809  0.11518557  1.00859775  0.57160904  0.90711221
  1.44650519 -0.38891625 -0.78037585 -0.17535201  0.37962732 -0.40092762
  0.08229042  0.4466945  -0.58140204 -0.61631498 -0.05244018  0.53421417
  0.11125579  0.18509146 -0.57537237]
[ 1.          1.16484788  0.10002174  0.35487113  0.11259007 -0.21820973
  2.491923   -0.22520097 -0.23161982  0.91017053 -2.03293183  3.75521668
  1.13863074  1.53947102  1.26299254 -3.58896624 -1.04518048  1.15876399
 -1.67916486 -1.44527356  0.70003531]
[ 1.         -0.29888882 -0.27040609 -0.29112575 -1.37551627 -1.5286716
 -0.67310673 -1.0625358  -1.04072155  1.12798674 -0.78885467  1.97048993
  0.17493488  1.09743069 -3.3871646   0.11733876  1.36303043 -2.27523672
 -0.04515     0.81686564 -0.71065281]
[  1.00000000e+00   1.04659157e+00  -3.00115183e-01  -3.09507544e+00
  -1.72984800e+00  -4.39097630e+00   4.88449091e-01   6.52923983e-01
   5.34278038e-01   7.31727353e-01   9.18770931e-02   1.30579064e+00
   8.76856914e-01   1.49620247e+00   1.81161495e+00  -1.31714006e+00
  -2.95393727e-01   8.10196928e-01   1.78723182e+00  -1.78172582e+00
  -1.28014495e-03]
[  1.00000000e+00  -9.54998926e-01   1.39341946e+00  -1.64437962e-01
   1.03058423e+00   1.12727664e-01  -2.70999318e-01   1.78176932e+00
   2.63639031e-01  -7.98937542e-01   6.96147172e-01   8.22472449e-01
   7.57040828e-01  -6.22838875e-02  -6.97345209e-02  -3.10771559e-01
   7.12282439e-01   7.52487924e-01   1.40961672e-03   1.52520989e-02
   9.59716225e-02]
[ 1.         -0.93263882  1.17857368 -0.06815143 -0.09128342 -0.41007285
 -0.66073111 -0.52054602 -2.58590895  1.32729936 -0.31241735  0.96087291
 -0.96029211  0.72565237 -0.35844592  2.05865021 -0.16999632  1.83053773
 -0.74973848  0.49029945  0.80974983]
[ 1.          1.16760421  0.26032822  4.93767542  1.08074416  0.37989816
  5.05293222  0.17343753 -1.71585534 -0.05108354 -1.08145178  1.1721504
  1.06828511 -0.22731113 -1.09016664 -0.95601766 -0.73034707  0.51728629
  2.27590876 -0.30613092  0.53293695]
[ 1.         -0.94906276 -0.81410123  0.14060363 -0.76074126  1.56454655
  0.14477993  3.06370157  0.09708199 -1.00425605  0.70243096 -0.35847252
 -0.01202783 -2.2033744   2.04678372 -2.17939486 -0.32497662  2.9023742
 -1.16218223  0.0802606  -0.61231491]
[ 1.         -0.92260025 -1.39387785 -0.12318485  0.72396336 -0.16201079
 -0.26849371  1.07589234 -1.02696513 -0.5834409  -1.14399903  0.48468576
 -0.84703243  1.83790081  0.06513873  0.87822722  1.44410609  1.03280731
  0.8038713   0.87604505  0.79533396]
[ 1.         -0.90752926 -1.2844006   0.05078476  1.20545063 -0.38261785
  0.54916861 -1.28502372  1.8397431   0.07497338 -0.12506237 -0.74607331
  0.23009485  0.48122363  0.9645253   0.05373111  0.93200161 -0.03288236
  1.53551239  0.95517518  0.7476568 ]
[ 1.         -0.94516346  0.94066749  0.10940376 -0.64206021 -0.11236453
  0.5715854  -2.05748488  1.04639385  0.40258302 -0.99621833 -1.4989106
 -1.53962789 -0.08674524  1.25867073  0.21734954 -1.29565736  1.15304895
  0.89246064 -1.25953086  1.76298145]
[ 1.         -0.91317284 -1.29483028 -0.10625526  1.99607173 -0.49178983
 -0.24099071  0.1818674  -0.45158634 -0.3013223  -0.21269267 -0.02201393
 -0.75899769  0.6286654   0.36788986  0.29814616 -0.22426801 -0.173103
  0.86222507 -0.57807056  0.58446128]
[ 1.         -0.91948453 -1.88861628  0.07026447  0.91136457 -0.0466004
  0.02305165 -0.36968356 -1.56620625 -0.21437806 -0.61840199 -0.91915721
 -0.18129865  0.16212434  0.93691281 -0.28124476 -0.12316867 -0.29222196
 -1.39752579  1.67454216  0.49184563]
[ 1.         -0.92711631  2.09146694 -0.03662278 -0.81580374  0.65591519
  0.14712701  0.75071345  0.78268941 -0.50336473  0.10700159  0.73709624
  1.1740064   1.36711899 -0.63682556  0.38317679  1.46972447 -1.57908882
 -0.15365661 -0.80553623  0.09724889]
[ 1.         -0.93743081  0.27554161  0.04502406  1.2167313   0.06360266
 -0.45622493  1.34310744 -0.94418718 -0.27950766  0.99092712  1.74110232
  0.92157802  1.89257695 -0.8501993   1.75236447  0.71575242  0.06408113
 -1.08031977 -0.23898624 -0.27485886]
[ 1.          1.12977537 -0.03773562  0.03775667 -0.33551332  0.92243483
 -1.45157123 -1.19190983  0.1130867  -2.38205502 -0.84324301  3.67473911
 -1.01097945  0.33946965  0.38348175 -2.18321084 -0.35657478  0.59893578
  0.97010582  1.11232757  1.05365499]
[ 1.         -0.71906594 -1.14274406 -0.25527082  2.02237128 -0.63443889
  0.77533635 -0.7586041   3.43287056  0.17738563  0.63492514  0.62989933
 -1.08227428  0.8093737   2.07651221  0.42652723  1.17942638  1.73698881
  2.18248378 -0.69978287  0.39359012]
[ 1.         -0.93748196  0.69315884  0.02731416  1.20927939 -0.44271837
 -0.30074526 -1.00041567 -0.94360207  0.33034086 -0.02067827  0.38437992
  0.17527855  0.14265222  0.16452333  0.50493115  0.62111213 -1.14320123
  1.05032743 -0.46569392  0.46881931]
[ 1.          0.719049   -0.24049837 -0.39736304 -0.84257741 -2.57670639
  1.56005724  0.84942597  0.20892444 -0.58503342  1.64738245 -0.83515611
 -1.60634912 -0.24632487 -0.54417117  0.68203151 -0.64183325  0.6383751
  1.69706495  3.29714162 -1.95488257]
[ 1.         -0.92375573  1.05829469  0.05271035 -0.67450845 -0.2301439
  0.36536205  0.20029901  0.41844097 -0.82374196 -1.30332679 -1.09446705
 -1.79994046  1.06541235 -0.0540374   0.45602869 -2.35638693  0.43562869
 -0.39262973  0.34553444 -0.96393885]
[ 1.         -0.07413791 -0.60816669 -0.05684914 -3.21585461 -1.46768213
 -1.63165252  0.90901903 -0.5105897  -2.91612461 -0.92657485 -0.44171574
 -1.4283758  -1.59260433 -5.13066905 -0.05308068 -0.1491377  -1.5457222
 -1.20415808  0.81359724  3.58256349]
[ 1.          1.14420291  0.1268249   1.16887129  0.07256168  0.3104183
 -0.36224546 -0.10591157  0.45624031 -0.76467279 -1.01258777  0.99126365
 -0.02229957 -1.69673048  1.69348435  1.93551055  0.56102771 -0.81008307
 -0.95313525 -0.6974826  -0.28158276]
[ 1.          1.09374662  0.02962366 -1.5212293  -0.39427376 -0.99176514
  0.16271929  0.68718487 -0.90316967 -0.35668845  0.50374972 -3.21427841
  2.30697788  0.2936075   0.03098578  0.71332985 -0.12071315  0.65900701
  0.17638584 -2.11775625  0.05015059]
[  1.00000000e+00  -9.24997970e-01  -2.23773183e-03   1.90234833e-01
  -6.99317926e-01   6.92258603e-01   6.31970108e-01  -5.61336192e-03
   4.57262337e-01   4.65768612e-01  -1.56354819e+00  -4.54555418e-01
  -1.75464632e+00   6.26312710e-01  -6.04587601e-01   8.49528185e-01
   2.98362052e+00   2.30400802e+00   6.95968436e-01  -2.54146375e+00
  -3.25427744e-01]
[ 1.          0.94274853 -0.33458422  0.05116829 -1.14062129 -1.74345565
 -2.38537931 -0.49465796 -0.54638132 -1.35420726  2.75518659 -1.28282526
 -0.83192705  0.70868029 -1.45621869 -0.44816657 -0.22199422  0.80308089
  0.74476537 -0.55102387 -0.30430411]
[ 1.          1.12848585 -0.01186547 -3.80757492 -0.17418401  0.41302514
  2.67583381 -0.5050541  -0.06404815 -2.16350012  1.03523844  1.02730911
 -1.68924606 -2.36921836  1.34695801  3.14812755  1.09309259 -1.18175828
 -0.59742307  0.93757249 -1.54740168]
[ 1.         -0.91474559  0.26458393 -0.05010078 -0.18124126  0.21034449
 -0.02548299  0.20114032 -0.61311094 -0.08766622  0.62603807  0.03688298
  1.04429406 -0.16978966  0.74236282 -0.50755105 -0.20312481 -1.11654602
  0.5825754   0.72880293  0.39228913]
[ 1.          1.13625615 -0.00692797  2.26606269 -0.55486297 -1.2710628
 -0.96384039  0.42494654 -0.04188374 -1.07312167 -0.28480337 -0.41213093
  0.36193173 -1.17374378  0.1029935   1.49807882  0.39405708 -0.37098465
  0.54727976 -0.32040924  0.8533259 ]
[ 1.         -0.88225574 -1.88188158  0.28486229  0.87809733 -0.03440054
  0.05819719 -0.60742871 -1.08589651  0.04421409  0.01121226 -0.01859134
  0.36566615  0.73415856  0.88917747 -0.39385175  0.12939266 -3.93027252
  0.68656699 -1.78642195 -0.41947968]
[ 1.         -0.92917756 -0.96937176  0.14795955 -1.57377893  0.8217978
  0.26357953 -0.46785641  0.71549878  0.52414644  0.89909917 -0.24447692
  0.81722976 -0.97852226 -0.00205834 -0.25679501 -0.31345414  0.44715981
  0.93135532  0.3947829   0.87416863]
