Cluster centers 

[ 1.40471858  0.66609735 -0.46475915  0.73627399]
[-0.78117117  0.64896319  0.7798524  -0.16921519]
[-0.77538853 -0.03787159 -1.00146881  0.25206936]
[ 1.46415397 -0.65844257  0.68237461 -0.56708187]
[  1.21063335 -11.21989444   0.41620864  -0.20266929]
[ 1.45426593  0.81500057 -0.66676084 -0.8355523 ]
[-0.79584495 -0.55092229  1.47330861 -0.83732009]
[-0.77466877 -0.98786017 -1.67766444 -0.77283716]
[-0.19877731  0.09614231  1.27987732  1.91312979]
[-0.66302326  1.18472519 -0.4306232  -1.76775741]
[-0.58860579  0.20124925 -0.48653633  1.44392518]
[-0.73851375 -2.05916285 -1.54153388  0.56570718]
[ 0.97930603 -0.6082534   1.25194562  1.66253416]
[-0.78906206  0.99996668 -0.22874848 -0.57089183]
[ 1.4635258  -0.03038152  0.27757289 -0.97881697]
[-0.72520487  0.15809558  1.24306614  0.28235311]
[ 1.46054172  0.67200367 -0.31312531  0.05322709]
[ 1.30988517 -0.10473372  0.67177101  0.89175055]
[-0.74254697  0.74498435 -0.2207026   0.54439696]
[-0.41158755 -1.68227748  2.12722867  1.07618046]
[ 0.52324135  0.28914889 -0.09797854  2.5564583 ]
[ 1.15802023 -0.10493321 -1.03911787  1.87145345]
[-0.71061113  0.26905591  0.81790171 -1.91372442]
[-0.79209403 -2.40020201 -1.80655951 -0.26074378]
[-0.78867467  0.52172979 -0.73994147 -0.07070437]
[-0.74296937  0.261518   -1.29170421 -1.08262636]
[-0.71573834 -1.25179242  1.88429077  0.01442479]
[-0.78623133  0.37317783  0.91357275 -1.07850547]
[-0.62344904 -1.61049497 -1.28394133  1.29842195]
[-0.78194197  0.80182685  0.52691291 -1.01413871]
[ 1.42278974  0.03951018  0.15880245 -1.51500822]
[ 1.44807209  0.02415455  0.38819773 -0.03599021]
[-0.36158018 -0.75688645  1.8042002   1.39937642]
[ 1.46406594  0.66332665 -1.00007806  0.18446551]
[-0.67277119 -0.95012976 -1.93465781 -1.58871599]
[-0.70074978 -0.74375978 -1.11687358  0.92179864]
[ 1.31883193  0.63122335 -1.80994746 -1.60930562]
[ 1.47299672 -0.19253185 -1.87342167 -0.08348066]
[-0.6901785   0.81499965  0.23789866  0.85259849]
[-0.70582651  0.78346273 -1.00906979 -1.34172739]
[-0.70517607 -0.65645997  1.68049888  0.21173809]
[-0.7669327  -0.26762437 -1.45360161 -0.82465994]
[ 1.448862    0.44134541  0.04598634  0.10471475]
[-0.78876455 -0.06247614  1.16792302 -1.19510853]
[ 1.39411384 -1.51497269  0.75099042 -1.89992761]
[-0.77101241  0.34481145 -0.74446197  0.30823947]
[ 1.34563341 -1.23997887  1.16635292  0.42427878]
[-0.78876171 -1.43679216 -1.61431913 -0.17708218]
[ 0.29841298 -0.86766854  1.72602761  2.04446511]
[-0.78196735  0.85715758 -0.26638749  0.05959681]
[-0.71587732  0.65750972  0.78867753  0.51773161]
[ 1.46998666  0.50810883 -0.08548993 -0.36327521]
[ 1.16602189  0.44353205  0.17587113  1.6482036 ]
[-0.5989198   0.48364274  0.9727914   1.07682832]
[-0.79194047 -0.94451513 -1.51709946 -0.28620911]
[ 1.35836579  0.38978467 -0.10619893 -1.86575271]
[-0.78892469 -0.41500524 -1.27831644 -0.08931478]
[-0.77299919 -0.72453191  1.40174661 -1.53508284]
[-0.63934749 -0.22270931  1.5122922   0.66803775]
[ 1.28644752 -0.28368678  0.2316383  -2.39888558]
[-0.44911697  0.62619104  0.53404872  1.68802326]
[-0.79079387  0.05166506 -1.12423396 -0.28049311]
[-0.77488279 -3.38059066 -2.10046548 -0.99406444]
[ 1.28578983  0.96073773 -0.73122316 -1.98321529]
[ 1.29054975  0.55430403 -0.22065687  1.31653297]
[ 1.45064762  0.71658097 -0.51623686  0.30234868]
[ 1.46609525 -0.38225163  0.48008887 -0.95220834]
[-0.76992793 -0.8843151  -1.3221729   0.32909138]
[-0.40609237 -1.30043942 -1.08497082  1.94527582]
[-0.78159744  0.50680444 -0.94996758 -0.63252984]
[ 1.45972962  0.37835024 -0.01662525 -0.94715287]
[-0.77289726 -0.71098298  1.62191334 -0.37643253]
[-0.79530961  0.12538937  1.14081942 -0.71309731]
[-0.79262573  0.8286855   0.53501728 -0.4875153 ]
[-0.77266457  0.35019581  1.06202004 -0.13427743]
[ 1.38561935  0.18096838 -1.23296903  1.0212996 ]
[ 1.42313602 -0.78675097  0.85918963 -0.01045337]
[ 0.3829395   0.06794948  1.10545682  2.32310965]
[ 1.39662646 -0.2649507  -1.5635705   0.92025587]
[-0.4654251  -0.43271277 -0.75884722  1.8561869 ]
[-0.67523354 -1.82063164  2.07754702  0.16174814]
[ 1.37383596  0.55121114 -0.74171454  1.01603933]
[-0.78666182 -1.64806624  1.86762652 -0.81039595]
[ 1.41907771  0.11056827  0.38695338  0.30575622]
[ 1.39325771  0.59535211 -0.15334827  0.72572726]
[-0.78571616  0.96650298  0.12363097 -0.12411722]
[-0.7235361  -2.07735878 -2.08626806 -1.35314112]
[ 1.46934516 -0.02105677  0.3287632  -0.59908907]
[ 1.43632247 -0.60465849  0.49287953 -1.51483919]
[-0.76759311 -0.11188833  1.35877596 -0.18608559]
[-0.70953588  0.17759462 -0.67791611  0.86929892]
[-0.72385745 -1.28732951 -1.33213252  0.74604353]
[-0.64601342 -0.2991229  -0.85630023  1.22305544]
[-0.68300435  0.83790883  0.36912034 -1.88800192]
[-0.76167432  1.08360005 -0.21030299 -1.07160928]
[ 1.4713834   0.68622324 -1.20787126 -0.37067139]
[-0.74937635  0.86958341  0.37172342  0.36054041]
[ 1.36941479  0.34547281  0.24409973  0.7409378 ]
[ 1.07044428  0.09845978  0.72088708  1.70534755]
[ 1.05801585 -1.46957654 -1.5477292   2.07290337]

Populations

0.00676180461079
0.0150994734793
0.0200094164589
0.0138352002549
0.0157265337893
0.010718635072
0.0101613401771
0.0048253252256
0.00327560747913
0.00893391159961
0.00521625847589
0.00328322260889
0.0138125146171
0.0120046491318
0.0146679501687
0.0144296171599
0.013273261142
0.0123136801436
0.00254368440566
0.00935104462751
0.0139023565515
0.00431638835888
0.00305800466485
0.0142145169755
0.00896272625644
0.00743462892364
0.0111614455284
0.00309986869113
0.0124766111116
0.012473566995
0.0175871034432
0.00528706223757
0.0100377834518
0.00437941148879
0.0103938548172
0.00323218585692
0.00402695683498
0.0117354801737
0.00660109191555
0.0128882515334
0.0122208360279
0.0180533799559
0.00725048582188
0.010043805425
0.0128369051264
0.00165742194245
0.00966628786931
0.00185563359108
0.0133920142925
0.0134894068906
0.0224047930174
0.0137013943002
0.0101747115085
0.0108556171012
0.0108382499564
0.0155311875775
0.00299085161889
0.0132911887081
0.00946046741431
0.00790026652434
0.0138648254405
0.000318282984557
0.00502295555161
0.012499822669
0.00884518013356
0.0136881967545
0.0147273352268
0.002092572206
0.0132218829177
0.0220822426034
0.0108093567761
0.0125740585338
0.0140305344275
0.0139787683732
0.0062303817259
0.00832936060163
0.0111635364722
0.00627099141884
0.00379920426999
0.00462096359497
0.00955994764876
0.00503364816438
0.0134598911192
0.0117077628247
0.0126937540077
0.00201130106188
0.0192054656688
0.0166462079118
0.0158680032205
0.0140777418389
0.00647140859181
0.00768821107272
0.00351338549242
0.00898636146003
0.00641487718061
0.0116790295593
0.0160481949983
0.00995446856839
0.00568255582051

State labels

0
1
2
3
5
6
7
8
9
10
11
12
13
14
15
16
17
18
19
20
21
22
23
24
25
26
27
28
29
30
31
32
33
34
35
36
37
38
39
40
41
42
43
44
45
46
47
48
49
50
51
52
53
54
55
56
57
58
59
60
61
62
63
64
65
66
67
68
69
70
71
72
73
74
75
76
77
78
79
80
81
82
83
84
85
86
87
88
89
90
91
92
93
94
95
96
97
98
99

Eigen values

1.0
0.95111948156
0.227733677504
0.110691529409
0.108538249627
0.0986085194964
0.0926755203397
0.083912523837
0.0818458801016
0.0805903941894
0.0759239879558
0.074158477936
0.0733096477142
0.0711760410887
0.0686939974536
0.0680184671457
0.0655386599876
0.0629441281622
0.0616662366889
0.0569858042227
0.0563021834024

Left eigenvectors

[  6.76180461e-03  -7.94412915e-03  -2.23404712e-04  -1.75253551e-02
  -9.83660157e-03  -9.69229368e-03  -9.63433076e-04  -9.98874536e-03
   1.60373139e-02   1.46077458e-02   3.19134124e-03   1.62025681e-03
  -2.04310242e-03   3.68539370e-03   2.57041567e-03   1.06809104e-02
   5.18482102e-03  -8.76486749e-03  -1.39830027e-05   1.03446687e-02
   5.47929757e-03]
[ 0.01509947  0.01322917  0.02147762 -0.00062203  0.00156343  0.00268033
 -0.02919885  0.00778377 -0.0141469   0.01346736 -0.00561164 -0.00135342
  0.00621027  0.00961644 -0.00316996 -0.00080926  0.02086426 -0.00318806
 -0.00388419 -0.00634244  0.00835939]
[ 0.02000942  0.01832648 -0.02725439  0.00064165 -0.00109068 -0.00084011
  0.0213957   0.00462225 -0.00538625  0.00519753  0.00191187  0.00694396
  0.00423752  0.02428066  0.01909051 -0.00218355 -0.02163613 -0.00130204
  0.01726186 -0.0099675   0.0015954 ]
[ 0.0138352  -0.01617468 -0.00097485  0.00843825  0.00825718  0.0274061
 -0.00105063 -0.01096625  0.02538132  0.03130523  0.00966048  0.00224644
 -0.00680257 -0.00256186 -0.00131406  0.00454645  0.00688769 -0.00954464
 -0.00613235 -0.00253438  0.00300367]
[  1.57265338e-02  -1.85120402e-02  -1.27606275e-03   1.08905143e-02
   7.28756296e-03  -9.63958046e-03  -3.44790455e-03  -4.96100170e-03
   1.39276064e-02   1.09072993e-02  -2.10606516e-02   4.99605510e-03
   1.99826987e-03   6.28719708e-03  -1.09089907e-02   1.27705022e-05
  -4.16806377e-03  -1.23121111e-03   1.95770579e-03  -7.63084920e-03
   1.26398843e-03]
[  1.07186351e-02   9.46658147e-03   1.21050881e-02   6.97144743e-05
  -1.39220479e-03  -1.80778026e-04   3.25842889e-02  -5.60813010e-03
  -1.35358428e-02   1.24129145e-02  -1.37285397e-02  -5.74430226e-03
  -1.84758291e-02   1.03023113e-02   7.57962810e-03  -2.64639956e-02
   4.52047729e-03  -9.15853835e-03   6.55101172e-04   1.68699051e-02
  -1.66020224e-02]
[ 0.01016134  0.00901777 -0.01846237  0.00100631  0.00167364 -0.00468699
  0.00514139 -0.01201479 -0.00438809  0.00339943 -0.01070813 -0.01743999
 -0.01245966 -0.01221148  0.02041759  0.00100057 -0.00419657  0.00235416
 -0.01616245 -0.00162313 -0.00370666]
[ 0.00482533  0.00293784  0.00666725 -0.00358269  0.00096401  0.00260846
  0.00418089  0.00437469  0.00042121  0.00107159  0.00499128 -0.00886913
  0.00588928  0.00378996 -0.00889466  0.00252267 -0.00752147  0.00841993
  0.00257952 -0.0138665  -0.004127  ]
[ 0.00327561  0.00304005  0.00172782  0.00081671  0.00033446 -0.00088618
 -0.00940457 -0.00039988  0.00309945 -0.00294307 -0.00150871 -0.00332361
 -0.00142732 -0.00596189 -0.00010046 -0.00623046 -0.00107739 -0.00963389
  0.00543029  0.00461796 -0.00421814]
[ 0.00893391  0.00760022 -0.00266561  0.00122224  0.00440496 -0.00167503
 -0.01627504 -0.0084898   0.0127191  -0.01091595  0.00035508 -0.00463537
 -0.0112124   0.00403084  0.01582006 -0.0140188  -0.00627442 -0.00403241
  0.01169154 -0.00208431 -0.02059222]
[ 0.00521626  0.0046495  -0.00753688 -0.00308685 -0.00171432  0.00058155
  0.00527779  0.01268919  0.00209576 -0.00085321  0.00135549  0.01246413
 -0.00324698 -0.00454941 -0.00688647  0.01017063 -0.01060913  0.00317436
  0.00586943  0.01033347  0.00483642]
[ 0.00328322 -0.00277358  0.00214874 -0.00046951  0.00306496 -0.0012312
 -0.00035059  0.00136605 -0.00069307 -0.00569379 -0.00342745 -0.00796961
 -0.00641143  0.00290455 -0.00088981 -0.0115678  -0.00557388  0.01703825
 -0.00238536  0.00379149  0.01214733]
[ 0.01381251  0.01258916 -0.00725462  0.00171685 -0.00119265 -0.00012452
  0.00312932 -0.02210537  0.00240684 -0.01154191  0.00528312 -0.00519184
 -0.00098658 -0.01545136 -0.01721616  0.00138801  0.0116818   0.00858509
  0.01032763 -0.00337844  0.00331354]
[ 0.01200465 -0.01406594  0.0001772  -0.00516472 -0.00668495  0.00716985
  0.0001941  -0.00739976  0.01034229  0.00340564 -0.02246299  0.00530469
  0.00034492 -0.0016855   0.000561    0.00495049  0.00768757 -0.00429296
  0.01068559 -0.01010886 -0.00489744]
[  1.46679502e-02   1.26020481e-02   1.99480303e-02  -2.97107007e-04
  -1.95160917e-03   1.71546376e-03   3.58238327e-05   1.10616317e-04
   2.25486691e-03  -4.57986295e-03   1.29973878e-02   1.65351934e-02
   2.13038826e-02   1.74073203e-02  -1.15840551e-02  -9.35513762e-04
   1.23603367e-02   5.74651299e-03   5.55060216e-03  -8.39650591e-03
   1.02002801e-02]
[ 0.01442962 -0.01682667 -0.00114037  0.01907856 -0.03303959 -0.00399695
 -0.0008685   0.00835115  0.00448496  0.01211489  0.03053247  0.00667064
 -0.01282286 -0.01586818  0.01234913  0.00033761  0.02270831 -0.0006009
  0.00094405  0.01042036  0.00992956]
[ 0.01327326 -0.01477109  0.00040789 -0.00883272  0.01001191  0.01027544
 -0.00395815 -0.00202553  0.00140834  0.02582585  0.04831002 -0.02538293
 -0.00488325  0.01073299 -0.00383586 -0.00141373 -0.0171972  -0.00523494
 -0.00513493  0.00262398 -0.00318461]
[ 0.01231368  0.01090576 -0.00526275 -0.00106108 -0.00347742  0.00479544
  0.00396992  0.0069736  -0.01814092  0.0166585  -0.00552671  0.00924278
 -0.00529671 -0.00521197 -0.00432744  0.01151043 -0.01469279  0.00443386
  0.01154564  0.00054316  0.00111539]
[  2.54368441e-03   2.11268008e-03   2.28170157e-03  -5.98396425e-04
  -1.34416751e-03   6.79713143e-04   1.87569039e-03   4.13782183e-03
  -1.02314025e-03   1.57533370e-03   2.84866484e-03   6.89930057e-03
   5.30825925e-04   5.29926659e-03  -1.16644772e-03  -6.57074208e-05
  -2.92215684e-03   1.31511665e-03   6.50120670e-03   4.44821008e-03
  -8.39036984e-04]
[  9.35104463e-03  -5.45901461e-03   2.49985913e-03  -1.51247919e-02
   1.26768964e-02  -3.32997251e-03   6.83301125e-03   2.14221323e-04
   6.99752029e-03  -4.02266648e-03  -6.11369022e-05  -1.24400695e-02
  -1.01728278e-02   3.08539094e-03   1.20242085e-02   1.26884113e-02
   1.45315793e-02   1.40051080e-02   7.22886754e-04   1.60755784e-03
   1.48378730e-02]
[ 0.01390236 -0.01531441  0.00062789 -0.0578025  -0.00685783 -0.02716568
 -0.0020773  -0.00479568 -0.01313679 -0.01383062  0.00538363  0.01384533
  0.01842754 -0.00078812 -0.00570707 -0.00151082 -0.01439332 -0.01921462
 -0.01302331 -0.00860938 -0.02313694]
[  4.31638836e-03   3.71621550e-03   4.09371393e-03  -2.21691763e-03
  -4.51476637e-04  -3.11300177e-04   7.50545457e-03   1.43694845e-02
   8.27775232e-03   6.67075254e-05   6.02616036e-04  -1.32756668e-03
   2.94029094e-03  -3.97197004e-03  -3.57534114e-03   1.64686547e-03
  -2.39593683e-04   6.02351152e-03  -1.15731042e-02  -2.97659454e-03
  -1.15464061e-02]
[  3.05800466e-03   2.76204229e-03  -6.64075445e-03  -3.06537899e-03
  -1.04349050e-03   2.52650990e-03   6.64325605e-03   1.80133875e-02
   3.25055812e-04   8.76595608e-03  -2.56462168e-03  -5.58977817e-03
   1.43580336e-02  -1.11862903e-02  -1.04028766e-02   2.70232240e-05
   9.58590608e-04  -3.45972358e-03   5.40304768e-03  -6.20781470e-04
   8.97544806e-03]
[ 0.01421452  0.01295908 -0.01400397  0.00109017 -0.00055181 -0.00129754
  0.00634185 -0.01531762 -0.00890163  0.00361702 -0.00794266 -0.0220699
  0.00421546 -0.0117648  -0.00392009 -0.00786685  0.00448472 -0.01024183
 -0.01203419 -0.00718343  0.00937927]
[  8.96272626e-03   8.29572341e-03  -1.23387136e-02   8.70700703e-04
  -8.18854701e-05   4.47576729e-04   1.25844413e-02  -1.73899135e-02
  -5.23814292e-03  -7.43966094e-03   1.02798531e-02   2.15584251e-02
  -2.24496646e-02   2.43308014e-02  -2.11015354e-02  -2.68463718e-03
   2.46195363e-03  -1.19544201e-03   7.74274005e-03  -1.50923405e-02
  -1.76708503e-03]
[  7.43462892e-03   6.50784109e-03   1.61216670e-02   1.89886416e-03
   2.43788751e-03  -8.81674852e-04   4.88822847e-03  -2.23321219e-03
   9.50687638e-03  -9.27358267e-03   6.01692432e-03   3.80835970e-03
  -2.09800970e-03  -9.10953828e-05   1.78562380e-04   8.99384259e-03
   7.66318915e-03   4.10786771e-03  -1.22757120e-02   3.89672746e-03
   4.65288085e-03]
[ 0.01116145  0.00996289  0.01481147  0.00272407 -0.00046297 -0.00123593
 -0.0152864  -0.00330464 -0.00581247  0.00478895  0.00467999  0.00314524
  0.02503165  0.0093616   0.00776139  0.01109248  0.00811092 -0.00571224
  0.00245559  0.01103507  0.00725322]
[  3.09986869e-03   2.84155257e-03  -3.76658663e-03   1.43385150e-03
  -7.84227166e-05  -2.76573772e-04   7.17749700e-03  -1.10842522e-02
  -6.95026079e-03   2.51117746e-03   3.71679733e-03   2.63560444e-03
  -1.77917747e-03   8.47743090e-03  -3.11399648e-03   3.46905419e-03
  -5.85568265e-03   1.59242377e-03  -1.54905180e-04  -1.07582717e-02
   1.15505993e-03]
[ 0.01247661  0.01121204  0.00755826  0.00059884  0.00144898  0.00130653
 -0.00255737  0.00460777  0.00297043 -0.00051065 -0.00061738  0.00238762
 -0.00409604  0.01162744  0.00695137 -0.01080943  0.00737831  0.00849979
 -0.00618663 -0.00438931 -0.01521804]
[ 0.01247357 -0.01470782 -0.00112808  0.00738759  0.01405275  0.01333792
  0.00498628 -0.00944975  0.00720976  0.01368328  0.0032684   0.00801785
  0.00474692 -0.008547    0.01036235 -0.0051001   0.00052345  0.00048394
  0.01121941 -0.00421212 -0.00634231]
[ 0.0175871  -0.02037518 -0.00085     0.0005101   0.00431523  0.02222354
  0.00327013 -0.00314559  0.00668015  0.00509733 -0.0094652   0.00219852
 -0.01417677 -0.00974607  0.02017472  0.0192024   0.02693488  0.00767972
  0.02879474  0.00719566  0.00546052]
[ 0.00528706  0.00391818  0.00972481 -0.00211659  0.00022171  0.00140805
 -0.00245061  0.00474599  0.001462    0.00299048  0.00439427 -0.00937904
  0.0097915  -0.0056576  -0.01131069 -0.0011959   0.01071234  0.01043794
 -0.00477334 -0.00755986 -0.00750167]
[  1.00377835e-02  -1.15923129e-02   2.95194737e-05  -1.60950239e-02
   1.82224028e-02  -1.00938417e-02  -1.58756952e-03  -3.12044060e-03
  -6.77083069e-03  -1.09117623e-03   1.35599325e-02   6.04855375e-03
   7.36785528e-03  -5.82361156e-04  -3.98781061e-03  -6.91525344e-03
  -9.87827391e-03  -1.05350483e-02  -1.20919380e-02   1.54553697e-02
   2.26221163e-05]
[ 0.00437941  0.00399617 -0.00639423  0.0012009  -0.00092337 -0.00290914
  0.00826266 -0.00940405 -0.00265949  0.0020789  -0.00465283 -0.01207038
  0.00168413 -0.01019269  0.00909047  0.00305978 -0.01093365 -0.0017729
 -0.00688183 -0.00325407  0.00333534]
[ 0.01039385  0.00948381 -0.01468277  0.00120605  0.00055264  0.0012339
 -0.01823611 -0.00764966 -0.00302724 -0.00346925  0.00806567  0.02130236
 -0.00752089  0.00861319 -0.00367041  0.00972385  0.00523354  0.00764775
 -0.004477    0.01197305  0.00087823]
[  3.23218586e-03  -3.75438882e-03  -7.05263392e-05   5.12724897e-03
   1.84701841e-03  -1.53414351e-02  -1.39912384e-03   2.09437166e-04
   1.14575817e-02   1.08815371e-02  -8.82227748e-03  -3.47650850e-03
  -4.93300159e-03   5.42908232e-03  -4.56160512e-03   1.15669719e-02
   4.55518135e-03  -1.60395005e-03   7.28015324e-03  -4.87421055e-03
  -4.94572238e-03]
[ 0.00402696 -0.00464    -0.00101364  0.01103708  0.02463794 -0.02761625
  0.00335588  0.0122118  -0.01645615 -0.00536058  0.01250865 -0.00531949
 -0.00605067 -0.00478252  0.00802961  0.01060986  0.01320972 -0.00029945
  0.01090472 -0.0084707  -0.00385553]
[ 0.01173548  0.01030033  0.00313483  0.00341716 -0.00141901 -0.00370895
 -0.0030556  -0.01228342  0.01743281 -0.01920725  0.01151719 -0.00360122
  0.01590783  0.00113731  0.01104795 -0.00621276 -0.00366738 -0.01339192
  0.01858501  0.0185333   0.01271725]
[ 0.00660109  0.00606328 -0.00875399  0.00177554  0.00116908 -0.00217797
 -0.01245604 -0.01380639 -0.00356687 -0.00199033 -0.00335875 -0.00614381
 -0.00680176 -0.00248154  0.00695923 -0.00556889  0.00401384 -0.00812128
 -0.0117825  -0.00074366  0.00943879]
[ 0.01288825  0.01104674  0.02155152  0.00237971 -0.00077752 -0.00303214
  0.03633357 -0.00030601  0.00639881 -0.00164978 -0.00633689 -0.00412831
 -0.01504573  0.00464838  0.01389911 -0.01216424  0.00774272 -0.01518597
  0.00083282  0.02984843 -0.01515507]
[ 0.01222084  0.01108214 -0.01783072 -0.00314684  0.00025574  0.00100526
  0.00684956  0.02170844 -0.00050343  0.01070359 -0.00677761 -0.01518326
  0.02080683  0.01264756  0.0009715  -0.02398845  0.01443336 -0.0252576
  0.0111049  -0.01348207  0.01544343]
[  1.80533800e-02  -2.09820838e-02  -2.46281319e-03   3.61716913e-03
  -2.62791218e-02   1.30232899e-02   3.05465138e-03   1.20673624e-02
  -1.73599512e-02  -3.05248836e-02  -1.56873785e-02   5.79905087e-03
   7.38321872e-05  -4.94918327e-03   4.42706049e-03   2.56194231e-02
   3.10129456e-02  -3.95383850e-02  -9.50797468e-03  -3.18664342e-02
  -1.57055343e-02]
[  7.25048582e-03   6.39552843e-03   8.24125385e-03   3.01843248e-03
  -2.61670714e-03  -4.65873807e-04  -6.79044247e-03  -3.30379362e-03
  -1.01855472e-02   1.02425388e-02  -4.57062847e-03  -2.82001996e-04
   1.79951487e-02   4.61169144e-03   1.23679871e-02   7.17590380e-04
   6.39077732e-03   3.60965038e-05   2.20788300e-03   1.30351142e-02
  -3.19061758e-03]
[ 0.01004381 -0.01196112 -0.00071015  0.00816554 -0.00582345  0.00662053
 -0.0008803   0.00786752 -0.01689844 -0.03205618 -0.02217477 -0.01718364
  0.00306046  0.02143832 -0.0088904   0.01364831 -0.01247568  0.00374722
 -0.00326625  0.02942263  0.00817189]
[  1.28369051e-02   1.15891600e-02  -1.64267612e-02   2.98993308e-03
  -2.52717455e-03  -1.29581518e-03   1.87387618e-03  -3.96375674e-03
   4.57704635e-03  -4.74213063e-03  -2.15341740e-05   3.86077525e-03
   7.15170175e-03  -2.37134298e-02   7.48908759e-03   2.50734586e-02
  -2.01342909e-02   4.53738351e-03   1.89215048e-03   1.41693800e-03
   2.49913360e-02]
[  1.65742194e-03  -1.94187876e-03  -3.40883643e-04   7.52760768e-03
   6.76259496e-03  -1.38254234e-03  -1.17029933e-03   1.31811290e-03
   6.21697722e-04  -3.95341302e-04  -7.52301818e-03   3.61214354e-03
   1.25647299e-03   1.34638266e-04  -4.00952558e-03  -1.65824343e-03
  -8.04602638e-04   1.31682418e-04   4.04099285e-05   1.41875931e-03
   7.59053333e-05]
[ 0.00966629  0.00874963 -0.01614229 -0.0021323  -0.00052291 -0.0006431
  0.00569548 -0.00900632 -0.01523605  0.00996322 -0.00733247 -0.0074842
 -0.01168882 -0.00410031 -0.01235928  0.00022286 -0.00362346 -0.00500028
  0.00327419 -0.00553425  0.00393391]
[ 0.00185563 -0.00062138  0.00164601 -0.00471496 -0.00460011  0.00322052
  0.00251482 -0.00229869 -0.00142364 -0.00148093 -0.00162397  0.00079896
 -0.00222745 -0.0036539   0.00572919 -0.00133884  0.00408414  0.00875814
  0.00876426 -0.00163006  0.00414853]
[ 0.01339201  0.01199939 -0.00268051  0.00017023 -0.00075745 -0.00164268
  0.01520356 -0.00737341  0.0167552  -0.0177031   0.01601015 -0.0013068
  0.01153575 -0.00370886 -0.01899218  0.00602295 -0.00115182  0.0109409
  0.01011343  0.0010401  -0.00595222]
[ 0.01348941  0.01172704  0.01557653  0.00238271  0.00087608 -0.00157354
  0.01861868  0.0146543   0.00271393  0.01038926 -0.00476702  0.01005419
 -0.00125731  0.00705186  0.01916936  0.01416904 -0.00854831 -0.00152565
 -0.02797655 -0.01076744  0.00125349]
[ 0.02240479 -0.02625239 -0.00217387  0.02678938  0.00781796  0.02167329
 -0.00220331  0.01024524 -0.01543513 -0.00846168  0.01617403 -0.0214934
 -0.00388731  0.0117288  -0.01053674  0.0079918  -0.01123417 -0.01172298
 -0.01273956  0.01870606  0.00320429]
[ 0.01370139 -0.0150445   0.0011663   0.00713848 -0.00150408 -0.00473836
  0.00160542 -0.00721656  0.01121129  0.00956175 -0.0152673  -0.00320613
  0.00617583  0.00361627 -0.00055421  0.00188208 -0.00642489  0.0119137
  0.00674345 -0.0073441  -0.00389595]
[  1.01747115e-02   8.65057521e-03   1.27334914e-02  -8.94036309e-04
  -6.65464823e-05  -7.14929647e-04  -2.28228004e-03  -3.92839394e-03
  -9.59344999e-04  -2.50305701e-04  -5.42695683e-03  -8.05420619e-03
   1.03495965e-02   7.73642006e-03   4.51176539e-03  -1.23676707e-02
   1.75724139e-02   1.44774624e-02  -3.23726547e-03   1.05193463e-02
   2.43027871e-03]
[ 0.01085562  0.00992358 -0.02544558 -0.00261746  0.00101667  0.00033327
 -0.01398597  0.01100278  0.01635173 -0.01090243  0.00258599  0.00649385
  0.00417688  0.00624627  0.01774746 -0.00191469 -0.00766628  0.00788457
  0.01517645  0.00231777 -0.00105618]
[ 0.01083825 -0.01286909 -0.00058212  0.01526804 -0.01526545 -0.00490126
 -0.0008366   0.00802058 -0.00718478 -0.00811746 -0.00099378 -0.01061435
 -0.00364234  0.0061282  -0.0036685   0.00436098 -0.00111835 -0.00984774
  0.00068696 -0.01435421 -0.01080005]
[ 0.01553119  0.01396243 -0.02416809 -0.00557224  0.00239077  0.00046167
  0.0037207   0.03181761  0.01501397 -0.00101664 -0.00291416  0.0086159
 -0.00570462  0.01754287  0.02394198 -0.0103918  -0.00052886  0.00048925
 -0.01495815  0.00571798  0.00330338]
[ 0.00299085  0.00257263  0.0059168  -0.00045896  0.00141799  0.00173926
 -0.01413586  0.01058791  0.00160059  0.00116782 -0.00243849  0.00603652
 -0.01062027 -0.00056602  0.00581575  0.0011156  -0.01332639 -0.00557365
  0.00010776 -0.00848396 -0.00313005]
[ 0.01329119  0.01137863  0.01752723 -0.00022996  0.00116687 -0.00047897
  0.01326386  0.02024561  0.0222999  -0.00475073 -0.00333787 -0.00780065
 -0.01235031 -0.02511176 -0.00856049  0.00655721 -0.00612906  0.0054459
 -0.01001071  0.00376472 -0.02949145]
[ 0.00946047 -0.01128576 -0.0010201  -0.00028722  0.00240991 -0.03368653
  0.0006528  -0.00507016  0.01150982  0.01098982 -0.00665029  0.00512098
  0.00200399  0.0049592  -0.00155548  0.00498699 -0.00057599  0.00528172
  0.00342728  0.00995959  0.00512498]
[ 0.00790027  0.00593021  0.00502886 -0.00186565  0.00082925  0.00208681
 -0.01458547  0.00324496 -0.00838214  0.00383411 -0.00474997  0.00665549
 -0.01628605 -0.00558286 -0.00262057 -0.00277137  0.0090979   0.0009632
 -0.00747565  0.00971736  0.01555873]
[ 0.01386483  0.01278862 -0.02432362 -0.00247742 -0.00090567  0.00376825
 -0.00706783  0.02291774  0.00231019  0.00676057 -0.00356026  0.00783022
 -0.00888719 -0.0155512  -0.02496553 -0.00505943  0.01642323  0.0006431
 -0.01486991  0.02395984 -0.02535763]
[  3.18282985e-04   2.96123342e-04  -1.14746625e-03  -5.58566730e-05
   3.40563790e-04   3.82888533e-05   6.17640404e-04   4.10680346e-04
   1.93279174e-03  -1.50772550e-03   1.12441559e-03   1.76391361e-04
  -5.16978034e-04   4.00747482e-03   9.33015412e-04  -2.57684560e-03
   6.18112901e-04  -5.19174358e-04   1.63385012e-03  -1.84981255e-03
  -1.75566858e-03]
[ 0.00502296 -0.00582537 -0.00063178  0.01541086  0.00292652 -0.00974817
 -0.00049674  0.00239847 -0.00037596 -0.00177333 -0.00947482  0.00827342
  0.00494376 -0.0006157  -0.00746149 -0.00814369 -0.00512888  0.00343168
 -0.0085433   0.00399743  0.00670717]
[ 0.01249982 -0.01417107  0.00113673 -0.01833523 -0.01916356  0.01041642
  0.00459076  0.00095202 -0.01159047 -0.01730362  0.01008845 -0.0111763
 -0.00698351 -0.00161403  0.01639372  0.01416584  0.00905689 -0.00106883
  0.01595056  0.00460431 -0.00141073]
[ 0.00884518 -0.01021979 -0.00061496 -0.0021618   0.0055436  -0.00242078
 -0.00252982  0.00286795  0.00105644 -0.00971414 -0.01050892 -0.02003423
  0.00064344  0.02764554 -0.01330948  0.01896711 -0.01052991 -0.00256995
 -0.00716016  0.01300971 -0.00031783]
[ 0.0136882  -0.01616802 -0.00056806  0.01653517 -0.04706836 -0.01653627
 -0.00275297  0.0056379  -0.00593606 -0.00510073  0.00884169 -0.00158812
 -0.00431355 -0.00358193 -0.00012873 -0.0208828  -0.00600051  0.0174954
 -0.00180279 -0.00859583  0.00484924]
[ 0.01472734  0.01336705 -0.02214001 -0.00093533  0.00114256 -0.00290157
 -0.02038894 -0.01067052  0.01431808 -0.01587622  0.00175905 -0.01428127
  0.00847571 -0.02046648 -0.00700041  0.00278121  0.00337548  0.00369864
  0.00888654  0.00773982 -0.00727351]
[ 0.00209257  0.00131197 -0.0027853  -0.0002502  -0.00022928  0.00256453
  0.00301598  0.00388476  0.00174244 -0.00253823  0.00106448  0.00746604
 -0.00627928 -0.0030704   0.00078026  0.00653648  0.00403828 -0.0004305
 -0.0080408   0.00085187  0.00604316]
[ 0.01322188  0.01174981 -0.01374433 -0.00104053 -0.00031968 -0.00151412
  0.00298029  0.0028742  -0.00315342  0.00640262  0.00403459 -0.00526905
  0.00159035 -0.00325749 -0.00172571 -0.00012307 -0.00353526 -0.01937064
 -0.00390416 -0.00321557  0.01097389]
[ 0.02208224 -0.02587133 -0.00141155  0.02532375  0.0384285   0.01141415
  0.00426153 -0.00319897 -0.00385559  0.0006648  -0.00213387  0.01938926
  0.01043284 -0.01841215  0.0015891  -0.03840468 -0.01349865  0.02054213
  0.00291381 -0.00509884  0.00162143]
[ 0.01080936  0.00961041  0.02000275  0.00315642 -0.00146614 -0.00021621
  0.01888876 -0.00845437 -0.00514653 -0.00164017  0.00340945  0.00634534
 -0.00471959 -0.00431314 -0.01413935  0.00311393 -0.0166717  -0.01208668
  0.01907109 -0.00186745  0.01557499]
[ 0.01257406  0.01103357  0.02576008  0.00250808  0.00092896 -0.0012941
 -0.00669058  0.00027435  0.00491675 -0.00913672  0.00343828  0.00988137
 -0.00334006  0.001024   -0.00748866 -0.00859181  0.00243556 -0.01790421
  0.01187839  0.00337141  0.00757385]
[ 0.01403053  0.01263279  0.01182757  0.00111534 -0.00209254  0.00332051
 -0.00828394 -0.00597024 -0.02488745  0.01671339 -0.00326468  0.01462269
  0.00709125  0.01100031  0.0098753   0.01078741  0.0110784   0.01437128
 -0.01897112 -0.00998077  0.01253627]
[ 0.01397877  0.01235973  0.01870399  0.00922398  0.00202573 -0.00360114
  0.00542769 -0.02137529  0.01021656 -0.01642151  0.00396012  0.00190812
 -0.00821572 -0.01148119  0.00298479  0.0161683  -0.01277243  0.01266364
 -0.02177208 -0.00614173 -0.00427928]
[  6.23038173e-03  -7.31940842e-03  -1.10532146e-03   7.60686066e-03
   1.11399378e-02  -8.03173273e-03  -7.72680028e-04   4.47740843e-03
  -8.72703110e-03   1.61286085e-03   2.89554942e-02  -1.39050511e-03
  -2.23697782e-03  -5.21433169e-03   2.24834897e-03  -7.03752461e-03
   7.34627805e-05  -5.71544944e-03  -9.11965586e-03   8.47058530e-03
   4.71293450e-03]
[ 0.00832936 -0.00964362 -0.00062319  0.01194096  0.00480728  0.01387374
 -0.00125954 -0.00399112  0.00793994  0.00305376 -0.01200056  0.00615333
  0.00546672  0.00369795 -0.00771506  0.00130151  0.00162993 -0.00814319
 -0.00949431  0.00174126  0.00408772]
[ 0.01116354 -0.00588201  0.01061642 -0.02747572 -0.0009414   0.00139993
 -0.01382241  0.02018414 -0.00927608  0.00710012 -0.00747827 -0.02517134
 -0.02666948  0.00295045 -0.00810175 -0.00846341 -0.00276795  0.02625193
  0.01679407 -0.00870245  0.01085119]
[ 0.00627099 -0.00720784 -0.00023966 -0.01060533  0.01270588  0.0065383
  0.00450822  0.00062238 -0.01007083 -0.01232385  0.00125193  0.00447215
  0.00382285 -0.00464894  0.00129091 -0.00130456 -0.0007082   0.0002842
 -0.00546101  0.00143107  0.00079821]
[ 0.0037992   0.00275726 -0.00239611  0.00060334  0.00345364  0.00200528
 -0.00515938  0.0004772   0.01143617 -0.009864    0.00690833 -0.00341892
  0.00514784  0.01001155 -0.00248543 -0.00137416  0.00633173  0.0053073
 -0.00463582 -0.01302404  0.00417462]
[ 0.00462096  0.00383904  0.01034695  0.00094122  0.00063134 -0.00120402
 -0.01078149  0.00771766  0.00067828  0.00015652 -0.00266409  0.00087915
 -0.00504768 -0.00210935  0.00304622 -0.00408275 -0.01414192 -0.01346115
  0.00823052 -0.00317005  0.00672127]
[ 0.00955995 -0.01067366  0.00075897 -0.01342294 -0.02556567 -0.01808402
  0.0020251  -0.00142706  0.00064411 -0.00159847  0.00286087  0.01112253
  0.00220796 -0.00970966  0.00089853 -0.01936746  0.00130671  0.00367762
 -0.01519972 -0.00045413  0.01077637]
[ 0.00503365  0.00449645  0.00752843  0.0009418   0.00087536 -0.00056114
 -0.01747367 -0.00040243 -0.00016582 -0.00208584 -0.0040942  -0.0039484
 -0.00865501 -0.00596609  0.00587754 -0.00332834 -0.00942203 -0.00745517
 -0.00533365 -0.01133255  0.0032452 ]
[ 0.01345989 -0.01578218 -0.00073916 -0.01089551  0.02270348 -0.00999506
  0.0055811  -0.00263436 -0.01025843 -0.01726393 -0.02312378  0.0291005
  0.01354237 -0.01925779  0.00834309 -0.01498839  0.00824369  0.00930635
  0.0092752  -0.00945489 -0.00313232]
[ 0.01170776 -0.0133167  -0.00056875 -0.00202935 -0.00192712  0.02012726
  0.00164137 -0.00511473 -0.00075088  0.00143077  0.00590802 -0.00375405
  0.00624264  0.00247015  0.00331437  0.00064765 -0.00858577  0.00439885
  0.00476858  0.00474739 -0.00797259]
[ 0.01269375  0.01118386  0.0068008   0.00033728  0.00036631  0.00111781
  0.01184628  0.00146849  0.00881578 -0.00452972 -0.00046615 -0.00461288
  0.00130357 -0.00791062  0.00186828  0.00647922 -0.00429795  0.00669151
 -0.0016447  -0.01560507  0.00609847]
[ 0.0020113   0.00151204 -0.00157004  0.00157845 -0.0017952   0.00231298
 -0.00341521  0.00398027 -0.00261908  0.00460329  0.00254319  0.00569504
  0.00516102  0.00085658  0.00736422  0.00678446 -0.0075329   0.0083125
  0.00539188  0.00632404 -0.01212772]
[ 0.01920547 -0.02239315 -0.00091895  0.0099029  -0.03458157 -0.01353342
 -0.00287962  0.00390203 -0.0058765  -0.00162006  0.00261599  0.00758707
  0.0071712  -0.00264637 -0.0019522  -0.01436204 -0.01433957  0.01299624
  0.00739373  0.0029103  -0.00822889]
[ 0.01664621 -0.01985523 -0.0016256   0.00891257 -0.00359575  0.0213481
  0.00244761 -0.00490589 -0.00349021 -0.00163686  0.00443415  0.00897624
  0.01101975 -0.00582003  0.00062339 -0.01184472 -0.00762862 -0.00781776
 -0.009007   -0.00962745 -0.01067413]
[ 0.015868    0.01423142  0.02388216  0.00396222  0.00051232  0.00028875
 -0.0096633  -0.00358819  0.0046724  -0.01046794  0.00327507  0.00065562
 -0.01012008 -0.01939321 -0.02277015  0.0021073  -0.00715356 -0.01465881
  0.01711475  0.00052854  0.00408984]
[ 0.01407774  0.01283338 -0.01881933 -0.00028963 -0.00039687  0.00096974
 -0.0210858  -0.01638168 -0.01523007  0.00561889 -0.00237331 -0.00584119
 -0.01119578 -0.00144965 -0.0202839  -0.00742394  0.0182217   0.00579516
  0.00103039  0.01074341 -0.03047461]
[ 0.00647141  0.00593518 -0.0083308   0.00057587  0.00095726  0.00025635
 -0.00151908  0.00701116  0.01048257 -0.00788325  0.00100819  0.00050704
  0.0063343   0.01305682  0.01291792 -0.00105025  0.00410239  0.00521307
 -0.0136845  -0.00751789  0.00207952]
[ 0.00768821  0.0068137  -0.00809669 -0.0036829  -0.00016229  0.00320891
  0.00213767  0.00578852 -0.00692258  0.00268107  0.0020612   0.01113266
 -0.00940349  0.00717736 -0.01943371 -0.00120109  0.00950415  0.00322394
  0.00153748  0.00189719  0.00288594]
[ 0.00351339  0.00319211  0.00144902  0.00068643 -0.00012571 -0.0008221
  0.00721464  0.00151629  0.00314694 -0.00052408 -0.00114449 -0.00603769
  0.00818777  0.00227911  0.00409911 -0.00463451  0.00234316 -0.00596957
  0.00460944  0.00010006  0.00384325]
[ 0.00898636  0.00818818  0.00415341  0.00458507 -0.00229221 -0.00267366
 -0.0061421  -0.01393767 -0.00831834  0.00527481 -0.00021341 -0.01386976
  0.02370583 -0.00666405 -0.00137166  0.00469533 -0.00047738  0.01002582
 -0.00160822 -0.00137698 -0.01762104]
[ 0.00641488 -0.00742642 -0.00048438  0.00359892 -0.00684726 -0.01501154
 -0.00203843 -0.00301397  0.01385392  0.01367836 -0.00065947 -0.00334795
 -0.0034058   0.00702437 -0.00613132 -0.00342254 -0.00511313  0.0043463
 -0.00560318 -0.00436344  0.00268529]
[ 0.01167903  0.01031502  0.0053566  -0.00023036 -0.00279837  0.00033599
 -0.00501572 -0.00552816 -0.02626647  0.02250662 -0.00543099  0.00486717
  0.00890026  0.00454547  0.01048614  0.01251769 -0.0105552   0.0074522
  0.0032336  -0.00245011 -0.00790027]
[ 0.01604819 -0.01818947 -0.00075325  0.00823001  0.00556015  0.02555508
 -0.00226225  0.00192362  0.00031313 -0.00562321  0.00073083 -0.00516673
 -0.00038076  0.00198847  0.00219782  0.00674864  0.00336552 -0.00517405
  0.00171583 -0.00861965 -0.0064401 ]
[ 0.00995447 -0.01015387  0.00203475 -0.03259889  0.02003577  0.02106764
  0.00079285 -0.00255179  0.00419158  0.00448953 -0.00333367  0.00269243
 -0.00314968 -0.00416081 -0.00193443 -0.00712432 -0.00140008  0.00409069
 -0.00499483 -0.00398405  0.00397427]
[  5.68255582e-03  -5.98317815e-03   2.68061093e-05  -1.52154087e-02
   7.43601084e-03  -1.04835821e-02  -4.00221632e-03  -6.29145451e-03
   7.69928614e-03   5.17797591e-03  -8.43636130e-03   2.32035548e-03
   1.41421151e-03   3.36941358e-03  -2.37838029e-03   7.56964764e-03
   1.69071485e-03  -7.84186337e-03  -9.19314450e-04   7.56998372e-03
   1.92926402e-03]

Right eigenvectors

[  1.00000000e+00  -1.17485340e+00  -3.30392144e-02  -2.59181626e+00
  -1.45473023e+00  -1.43338861e+00  -1.42481650e-01  -1.47723070e+00
   2.37175057e+00   2.16033243e+00   4.71965906e-01   2.39618992e-01
  -3.02153424e-01   5.45031085e-01   3.80137526e-01   1.57959466e+00
   7.66780663e-01  -1.29623200e+00  -2.06793947e-03   1.52986803e+00
   8.10330656e-01]
[ 1.          0.87613469  1.42240859 -0.04119542  0.10354229  0.17751154
 -1.933766    0.51549935 -0.93691345  0.89190914 -0.37164479 -0.08963369
  0.41129047  0.63687251 -0.20993816 -0.05359518  1.38178754 -0.21113691
 -0.25724042 -0.42004349  0.55362109]
[ 1.          0.91589267 -1.36207799  0.03206722 -0.05450842 -0.04198595
  1.06928134  0.23100389 -0.26918552  0.25975402  0.09554836  0.34703456
  0.21177628  1.21346174  0.95407638 -0.10912614 -1.08129731 -0.06507124
  0.862687   -0.49814026  0.07973257]
[ 1.         -1.16909607 -0.07046135  0.60991175  0.59682429  1.98089644
 -0.07593895 -0.79263426  1.83454639  2.26272332  0.69825336  0.16237164
 -0.49168545 -0.18516956 -0.0949792   0.32861457  0.49783815 -0.68988074
 -0.44324279 -0.18318374  0.21710374]
[  1.00000000e+00  -1.17712144e+00  -8.11407501e-02   6.92492984e-01
   4.63392827e-01  -6.12950100e-01  -2.19241226e-01  -3.15454236e-01
   8.85611956e-01   6.93560285e-01  -1.33917949e+00   3.17683170e-01
   1.27063592e-01   3.99782759e-01  -6.93667838e-01   8.12035406e-04
  -2.65033848e-01  -7.82887780e-02   1.24484252e-01  -4.85221302e-01
   8.03729831e-02]
[ 1.          0.88318908  1.12934977  0.00650404 -0.12988639 -0.01686577
  3.03996625 -0.52321308 -1.26283269  1.15806858 -1.28081044 -0.53591733
 -1.72371099  0.96115888  0.7071449  -2.46897067  0.42174001 -0.85445006
  0.06111797  1.57388557 -1.54889333]
[ 1.          0.88745857 -1.81692277  0.09903328  0.16470687 -0.46125751
  0.50597528 -1.18240222 -0.43184139  0.334545   -1.05381037 -1.7163084
 -1.22618228 -1.20175838  2.00933986  0.09846794 -0.41299398  0.23167796
 -1.59058266 -0.15973549 -0.36478036]
[ 1.          0.60883867  1.38172033 -0.74247596  0.199782    0.54057806
  0.86644824  0.9066101   0.08729083  0.22207615  1.03439195 -1.83803686
  1.22049406  0.78543163 -1.84332934  0.5227977  -1.55874956  1.74494649
  0.53457864 -2.8736925  -0.85527853]
[ 1.          0.92808866  0.52748227  0.24933145  0.10210482 -0.27053809
 -2.87109306 -0.12207956  0.94622242 -0.89848008 -0.46059018 -1.01465365
 -0.43574094 -1.82008829 -0.03066949 -1.90207891 -0.32891218 -2.94110165
  1.65779544  1.40980245 -1.28774254]
[ 1.          0.85071617 -0.29837026  0.13680855  0.49306075 -0.18749139
 -1.82171541 -0.95028944  1.4236875  -1.22185544  0.03974547 -0.51885083
 -1.2550379   0.45118399  1.77078771 -1.5691675  -0.70231542 -0.45136001
  1.3086695  -0.23330285 -2.3049504 ]
[ 1.          0.89134676 -1.4448816  -0.59177459 -0.32864975  0.11148702
  1.01179635  2.43262317  0.40177495 -0.16356676  0.25985791  2.38947686
 -0.62247224 -0.87215972 -1.32019324  1.94979351 -2.03385757  0.60855166
  1.12521917  1.98101234  0.92718207]
[ 1.         -0.8447724   0.65445967 -0.1430018   0.93352248 -0.37499641
 -0.10678088  0.41607036 -0.21109505 -1.73420805 -1.04392891 -2.42737509
 -1.95278549  0.88466549 -0.27101607 -3.52330653 -1.69768617  5.18948821
 -0.72652899  1.15480759  3.69982039]
[ 1.          0.9114312  -0.52522096  0.12429681 -0.08634583 -0.00901505
  0.22655722 -1.60038733  0.17425086 -0.83561242  0.38248817 -0.37587957
 -0.0714268  -1.11864937 -1.24641773  0.10048945  0.84574     0.62154431
  0.74770094 -0.24459284  0.23989409]
[ 1.         -1.17170753  0.01476118 -0.43022625 -0.55686307  0.59725608
  0.01616846 -0.61640807  0.86152344  0.28369369 -1.8711907   0.44188611
  0.02873239 -0.14040429  0.04673192  0.41238076  0.64038258 -0.35760802
  0.89012065 -0.84207892 -0.40796167]
[ 1.          0.85915537  1.35997396 -0.02025552 -0.13305262  0.1169532
  0.00244232  0.00754136  0.15372747 -0.31223606  0.88610799  1.1273009
  1.45241035  1.18675889 -0.78975282 -0.06377945  0.84267649  0.39177342
  0.37841703 -0.57243894  0.69541279]
[ 1.         -1.16612037 -0.07903012  1.32218075 -2.28970636 -0.2769966
 -0.06018903  0.57875091  0.31081634  0.83958497  2.1159585   0.46228841
 -0.88864895 -1.09969545  0.85581847  0.023397    1.5737289  -0.04164369
  0.06542458  0.7221508   0.68813767]
[ 1.         -1.11284579  0.03073002 -0.66545187  0.75429187  0.77414593
 -0.2982051  -0.15260248  0.10610359  1.9457049   3.63964999 -1.91233582
 -0.3679011   0.8086171  -0.28899174 -0.10650964 -1.29562733 -0.39439706
 -0.38686309  0.19768953 -0.23992677]
[ 1.          0.88566171 -0.42739047 -0.08617076 -0.28240279  0.38943974
  0.32239882  0.5663291  -1.4732328   1.35284493 -0.44882675  0.75061068
 -0.43014861 -0.42326695 -0.35143371  0.93476797 -1.19320907  0.36007556
  0.93762727  0.04411016  0.09058142]
[ 1.          0.83055904  0.89700655 -0.2352479  -0.52843329  0.26721599
  0.73739116  1.62670409 -0.40222767  0.61931177  1.11989712  2.71232569
  0.20868388  2.08330348 -0.45856621 -0.02583159 -1.14878907  0.5170125
  2.55582284  1.74872719 -0.32985105]
[ 1.         -0.58378661  0.26733474 -1.6174441   1.35566634 -0.35610701
  0.7307217   0.02290881  0.74831429 -0.43018365 -0.00653798 -1.33034009
 -1.08788143  0.32995147  1.28586794  1.35689774  1.55400598  1.49770518
  0.07730545  0.17191211  1.58676101]
[ 1.         -1.10156957  0.045164   -4.1577487  -0.49328541 -1.95403415
 -0.14942105 -0.34495438 -0.94493241 -0.99483994  0.38724603  0.99589842
  1.32549729 -0.05668972 -0.41051122 -0.10867369 -1.03531479 -1.38211239
 -0.93677    -0.61927487 -1.66424619]
[ 1.          0.86095485  0.94841187 -0.51360476 -0.10459593 -0.07212052
  1.73882745  3.32905273  1.91774966  0.01545448  0.13961117 -0.30756423
  0.6811924  -0.92020683 -0.82831776  0.38153784 -0.05550791  1.39549805
 -2.68120087 -0.68960304 -2.67501558]
[ 1.          0.90321716 -2.17159723 -1.00241148 -0.34123248  0.82619557
  2.17241528  5.890569    0.1062967   2.86656073 -0.83865852 -1.82791682
  4.69522946 -3.65803573 -3.40185112  0.00883688  0.31346931 -1.13136635
  1.76685397 -0.20300213  2.93506683]
[ 1.          0.91167893 -0.98518779  0.07669392 -0.03882022 -0.09128239
  0.44615299 -1.07760429 -0.62623539  0.25445971 -0.5587707  -1.55263068
  0.29656002 -0.82766104 -0.27578087 -0.55343758  0.31550269 -0.72051923
 -0.84661283 -0.50535857  0.65983751]
[ 1.          0.92558036 -1.3766697   0.09714686 -0.00913622  0.04993757
  1.40408632 -1.9402482  -0.58443634 -0.83006674  1.14695604  2.40534235
 -2.5047808   2.71466524 -2.35436571 -0.29953355  0.27468803 -0.13337928
  0.86388224 -1.68390064 -0.19715932]
[ 1.          0.87534175  2.16845617  0.25540806  0.32790978 -0.1185903
  0.65749461 -0.30037978  1.2787291  -1.24734977  0.80931064  0.5122461
 -0.28219427 -0.01225285  0.02401766  1.20972313  1.03074265  0.55253164
 -1.65115328  0.52413207  0.62583902]
[ 1.          0.89261648  1.32702086  0.24406078 -0.04147929 -0.11073204
 -1.36957176 -0.29607644 -0.52076359  0.4290615   0.41929948  0.28179521
  2.24268929  0.8387442   0.69537513  0.99382068  0.7266906  -0.51178319
  0.22000605  0.9886779   0.64984562]
[ 1.          0.91666869 -1.21507941  0.46255234 -0.02529872 -0.08922112
  2.31541969 -3.57571667 -2.24211458  0.81009156  1.19901767  0.85023099
 -0.57395253  2.73477097 -1.00455755  1.11909714 -1.8890099   0.51370685
 -0.04997153 -3.47055722  0.37261576]
[ 1.          0.89864485  0.60579407  0.04799708  0.11613578  0.10471861
 -0.20497309  0.36931233  0.23807996 -0.04092863 -0.04948273  0.19136795
 -0.32829761  0.93193928  0.55715224 -0.86637517  0.59137151  0.68125783
 -0.49585829 -0.35180272 -1.21972561]
[ 1.         -1.17911885 -0.09043734  0.59225985  1.12660232  1.06929443
  0.3997476  -0.75758235  0.57800344  1.09698201  0.26202571  0.64278711
  0.38055802 -0.68520909  0.83074471 -0.4088725   0.04196512  0.03879684
  0.89945502 -0.33768381 -0.50846   ]
[ 1.         -1.15852989 -0.04833062  0.02900439  0.24536318  1.26362711
  0.18593913 -0.17885773  0.3798324   0.28983356 -0.53818983  0.12500741
 -0.80608899 -0.55416007  1.14713164  1.09184554  1.53151335  0.43666796
  1.63726432  0.4091444   0.31048421]
[ 1.          0.74108772  1.83936027 -0.40033354  0.04193455  0.26631947
 -0.46351131  0.8976604   0.27652383  0.56562316  0.83113674 -1.77396145
  1.85197418 -1.0700845  -2.13931496 -0.22619386  2.02614189  1.97424116
 -0.9028332  -1.42987937 -1.41887213]
[ 1.         -1.1548678   0.00294084 -1.60344403  1.81538114 -1.00558472
 -0.15815937 -0.31086949 -0.67453444 -0.10870689  1.35088912  0.60257863
  0.73401218 -0.05801691 -0.39728    -0.68892236 -0.98410909 -1.04953931
 -1.20464225  1.53971937  0.0022537 ]
[ 1.          0.91249072 -1.46006619  0.27421468 -0.21084236 -0.66427751
  1.88670656 -2.14733145 -0.60727023  0.47469952 -1.06243164 -2.75616531
  0.38455703 -2.32741056  2.07572976  0.6986739  -2.49660258 -0.40482546
 -1.57140513 -0.74303904  0.76159613]
[ 1.          0.9124438  -1.41263955  0.11603506  0.0531697   0.11871477
 -1.75450885 -0.73597873 -0.29125292 -0.33377881  0.7760034   2.04951463
 -0.72358996  0.82868089 -0.35313259  0.93553858  0.50352215  0.73579543
 -0.43073575  1.15193544  0.08449466]
[ 1.         -1.16156341 -0.02182001  1.58631007  0.57144561 -4.74645822
 -0.43287234  0.06479738  3.54483999  3.36661864 -2.7295081  -1.07559053
 -1.52621223  1.67969373 -1.41130656  3.57868403  1.40931913 -0.49624314
  2.25239314 -1.50802298 -1.53014789]
[ 1.         -1.15223468 -0.25171424  2.74079914  6.11825163 -6.85784534
  0.83335458  3.03251395 -4.08649881 -1.33117434  3.10622987 -1.32097062
 -1.50254162 -1.18762724  1.99396498  2.63470943  3.28032393 -0.0743622
  2.70793033 -2.10349837 -0.95743111]
[ 1.          0.87770817  0.26712385  0.29118169 -0.12091664 -0.31604585
 -0.26037296 -1.04669055  1.48547936 -1.63668237  0.98139921 -0.30686613
  1.35553282  0.09691183  0.94141447 -0.52939966 -0.3125033  -1.14114794
  1.5836598   1.57925363  1.08365857]
[ 1.          0.91852754 -1.32614325  0.26897688  0.17710402 -0.3299406
 -1.88696621 -2.09153064 -0.54034502 -0.30151523 -0.50881659 -0.93072695
 -1.03039854 -0.37592895  1.05425436 -0.84363208  0.60805737 -1.23029373
 -1.78493239 -0.11265734  1.42988326]
[ 1.          0.85711719  1.67218346  0.18464182 -0.0603282  -0.23526351
  2.81912352 -0.0237431   0.49648394 -0.12800619 -0.49167942 -0.32031591
 -1.16739867  0.36066767  1.07843221 -0.94382394  0.60075828 -1.17827976
  0.06461855  2.31594061 -1.17588222]
[ 1.          0.90682318 -1.45904286 -0.25749782  0.0209267   0.08225764
  0.56048233  1.77634686 -0.04119432  0.87584755 -0.55459435 -1.2424079
  1.70257024  1.03491753  0.07949518 -1.96291424  1.18104515 -2.06676567
  0.90868565 -1.10320345  1.26369646]
[ 1.         -1.16222468 -0.1364184   0.20035966 -1.45563445  0.72137682
  0.16920108  0.66842677 -0.96159009 -1.69081267 -0.86894413  0.32121691
  0.00408966 -0.27414164  0.24522059  1.41909289  1.71784706 -2.19008214
 -0.52665898 -1.76512289 -0.8699498 ]
[ 1.          0.88208274  1.1366485   0.41630762 -0.36090094 -0.06425415
 -0.93655    -0.45566514 -1.40480892  1.41266932 -0.63038927 -0.03889422
  2.48192317  0.63605275  1.70581495  0.09897135  0.88142746  0.00497849
  0.30451518  1.79782631 -0.4400557 ]
[ 1.         -1.19089508 -0.0707055   0.81299299 -0.57980562  0.65916525
 -0.08764595  0.78332093 -1.68247373 -3.19163715 -2.20780591 -1.71086909
  0.30471163  2.1344814  -0.88516272  1.35887819 -1.24212671  0.37308794
 -0.32520048  2.92943093  0.81362473]
[  1.00000000e+00   9.02800160e-01  -1.27965121e+00   2.32916973e-01
  -1.96867900e-01  -1.00944516e-01   1.45975697e-01  -3.08778222e-01
   3.56553726e-01  -3.69413857e-01  -1.67752070e-03   3.00755923e-01
   5.57120402e-01  -1.84728559e+00   5.83402893e-01   1.95323237e+00
  -1.56846925e+00   3.53463975e-01   1.47399273e-01   1.10380032e-01
   1.94683498e+00]
[ 1.         -1.17162607 -0.20567101  4.54175698  4.08018911 -0.83415231
 -0.7060962   0.79527902  0.37509925 -0.23852786 -4.53898792  2.17937476
  0.75808878  0.08123355 -2.41913388 -1.00049564 -0.48545432  0.07945015
  0.0243812   0.8560037   0.04579723]
[ 1.          0.90516963 -1.66995793 -0.22059162 -0.05409672 -0.06653014
  0.58921035 -0.93172511 -1.57620509  1.03071843 -0.75856112 -0.77425837
 -1.20923594 -0.42418629 -1.27859627  0.02305491 -0.37485506 -0.5172902
  0.33872301 -0.57253097  0.40697179]
[ 1.         -0.33485934  0.88703491 -2.54088892 -2.47899562  1.73553803
  1.35523358 -1.23876498 -0.76719802 -0.79807347 -0.8751557   0.43055702
 -1.2003695  -1.96908597  3.08745573 -0.72149903  2.20094047  4.71975982
  4.72305686 -0.87844018  2.23563814]
[ 1.          0.896011   -0.20015762  0.01271111 -0.05656015 -0.12266144
  1.13527033 -0.55058226  1.25113337 -1.32191454  1.19550007 -0.09758037
  0.86139035 -0.27694549 -1.41817217  0.4497422  -0.08600789  0.81697182
  0.75518337  0.07766543 -0.44446062]
[ 1.          0.86935178  1.15472288  0.17663583  0.06494602 -0.11664988
  1.38024483  1.08635624  0.2011895   0.77017947 -0.35339016  0.74533938
 -0.09320753  0.52276997  1.42106794  1.05038292 -0.6337056  -0.11310015
 -2.07396451 -0.79821426  0.09292396]
[ 1.         -1.17173096 -0.09702711  1.19569841  0.34894132  0.96735068
 -0.0983411   0.45727887 -0.68892078 -0.37767259  0.72190067 -0.9593217
 -0.17350361  0.52349509 -0.4702896   0.35670026 -0.50141812 -0.52323537
 -0.56860871  0.83491322  0.14301815]
[ 1.         -1.0980272   0.08512289  0.52100401 -0.10977549 -0.34583064
  0.11717196 -0.52670238  0.8182591   0.69786671 -1.11428838 -0.23400032
  0.4507444   0.26393417 -0.04044936  0.13736386 -0.46892267  0.86952455
  0.49217262 -0.53601126 -0.28434711]
[ 1.          0.85020349  1.25148427 -0.08786847 -0.00654038 -0.07026535
 -0.22430907 -0.38609389 -0.09428719 -0.02460077 -0.53337697 -0.79159062
  1.0171882   0.76035768  0.44342932 -1.21553035  1.72706753  1.42288677
 -0.31816779  1.0338717   0.2388548 ]
[ 1.          0.91414217 -2.34400097 -0.24111556  0.09365406  0.03069982
 -1.28836248  1.01355665  1.50629243 -1.00431222  0.2382167   0.59820216
  0.38476706  0.57539517  1.63486445 -0.17637804 -0.70620353  0.72631248
  1.39802721  0.21350866 -0.09729364]
[ 1.         -1.18737689 -0.05370951  1.40871843 -1.40847917 -0.45221912
 -0.07718976  0.74002544 -0.6629096  -0.74896389 -0.09169172 -0.97934155
 -0.33606347  0.56542379 -0.33847721  0.40236949 -0.10318583 -0.90860969
  0.06338318 -1.32440318 -0.99647527]
[ 1.          0.89899295 -1.55610047 -0.35877722  0.15393376  0.02972508
  0.23956331  2.04862668  0.96669832 -0.0654578  -0.187633    0.55474844
 -0.36730121  1.12952565  1.54154235 -0.66909252 -0.03405174  0.03150115
 -0.96310392  0.36816131  0.21269328]
[ 1.          0.86016673  1.97830083 -0.15345601  0.4741081   0.58152745
 -4.72636642  3.54009953  0.53516271  0.39046541 -0.81531677  2.01832912
 -3.55091775 -0.18925093  1.94451141  0.3730046  -4.45571778 -1.86356656
  0.03603067 -2.83663569 -1.04654123]
[ 1.          0.85610316  1.31871065 -0.01730166  0.08779253 -0.03603675
  0.99794382  1.52323523  1.67779575 -0.35743456 -0.25113406 -0.58690403
 -0.92921069 -1.8893537  -0.64407239  0.49335033 -0.46113739  0.40973759
 -0.75318412  0.28324933 -2.21887211]
[ 1.         -1.1929391  -0.10782763 -0.03036008  0.25473522 -3.56076849
  0.06900294 -0.53593089  1.21662314  1.16165734 -0.70295534  0.54130282
  0.21182829  0.52420224 -0.16441876  0.52713959 -0.06088351  0.55829356
  0.3622735   1.05275838  0.54172551]
[ 1.          0.75063364  0.63654368 -0.23615048  0.10496513  0.26414418
 -1.84620023  0.41074015 -1.06099438  0.48531346 -0.60124128  0.84243904
 -2.06145559 -0.70666733 -0.33170705 -0.35079466  1.1515935   0.12192005
 -0.94625254  1.23000434  1.9693935 ]
[ 1.          0.92237876 -1.75434024 -0.17868392 -0.06532165  0.2717851
 -0.50976686  1.6529411   0.16662251  0.48760606 -0.25678391  0.56475403
 -0.64098839 -1.1216298  -1.80063756 -0.36491114  1.18452471  0.0463839
 -1.0724917   1.72810235 -1.82891778]
[  1.           0.93037755  -3.60517624  -0.17549375   1.07000313
   0.12029815   1.94053856   1.29029941   6.07255753  -4.73705969
   3.53275433   0.55419664  -1.62427167  12.59091756   2.93140211
  -8.09608345   1.94202308  -1.63117221   5.13332536  -5.81184871
  -5.5160617 ]
[ 1.         -1.15974979 -0.12577944  3.06808579  0.5826294  -1.94072365
 -0.09889374  0.47750183 -0.07484925 -0.35304465 -1.8863046   1.64712163
  0.98423373 -0.12257779 -1.48547743 -1.62129402 -1.02108781  0.68319836
 -1.70085068  0.79583306  1.33530271]
[ 1.         -1.13370203  0.09093989 -1.46683935 -1.53310671  0.83332543
  0.36726599  0.07616265 -0.92725086 -1.38430936  0.80708753 -0.89411655
 -0.55868899 -0.12912436  1.31151634  1.13328346  0.72456153 -0.08550779
  1.27606296  0.36835006 -0.11286014]
[ 1.         -1.15540773 -0.06952534 -0.24440469  0.62673639 -0.27368323
 -0.28601148  0.32423877  0.11943692 -1.09824065 -1.18809579 -2.26498867
  0.07274513  3.12549185 -1.50471586  2.14434427 -1.19046911 -0.29054768
 -0.80949879  1.47082424 -0.03593283]
[ 1.         -1.18116487 -0.04150034  1.20798723 -3.43860958 -1.20806806
 -0.2011199   0.41188058 -0.43366284 -0.37263675  0.6459356  -0.11602115
 -0.31512901 -0.2616799  -0.00940416 -1.52560612 -0.43837125  1.27813793
 -0.13170433 -0.62797418  0.35426407]
[ 1.          0.90763537 -1.5033275  -0.06350982  0.07758073 -0.1970194
 -1.38442855 -0.72453848  0.97221113 -1.0780101   0.11944117 -0.96971151
  0.57550881 -1.38969302 -0.47533413  0.18884683  0.22919805  0.25114106
  0.60340439  0.52554135 -0.49387833]
[ 1.          0.62696528 -1.33104288 -0.11956536 -0.1095682   1.22553722
  1.44127869  1.85644982  0.83267851 -1.21297073  0.5086946   3.56787851
 -3.00074753 -1.46728572  0.37287048  3.12365947  1.92981857 -0.20572836
 -3.8425449   0.40709314  2.88791179]
[ 1.          0.88866375 -1.03951396 -0.07869761 -0.024178   -0.11451658
  0.2254055   0.21738172 -0.23849975  0.48424421  0.30514471 -0.3985096
  0.12028134 -0.2463714  -0.1305196  -0.00930833 -0.26737969 -1.46504396
 -0.29527997 -0.24320063  0.82997946]
[ 1.         -1.17158984 -0.06392249  1.14679244  1.7402443   0.51689248
  0.19298426 -0.14486606 -0.17460137  0.03010552 -0.09663287  0.87804739
  0.47245379 -0.83379878  0.07196293 -1.73916579 -0.61128996  0.93025572
  0.1319526  -0.23090242  0.07342673]
[ 1.          0.88908229  1.85050309  0.29200803 -0.13563628 -0.02000249
  1.74744509 -0.78213414 -0.47611792 -0.15173595  0.31541671  0.58702259
 -0.43662037 -0.39901941 -1.30806614  0.28807701 -1.54233958 -1.11816812
  1.76431288 -0.17276281  1.4408806 ]
[ 1.          0.87748701  2.04866907  0.1994649   0.07387912 -0.10291846
 -0.5320938   0.02181903  0.39102335 -0.72663289  0.27344216  0.78585355
 -0.26563137  0.08143767 -0.59556416 -0.68329678  0.19369743 -1.42390077
  0.94467423  0.26812429  0.60233951]
[ 1.          0.90037846  0.84298773  0.07949377 -0.14914221  0.23666318
 -0.59042203 -0.42551784 -1.77380608  1.19121564 -0.2326839   1.04220509
  0.50541531  0.78402663  0.70384324  0.76885223  0.78959194  1.02428609
 -1.35213094 -0.71136048  0.89349935]
[ 1.          0.88417845  1.33802814  0.65985627  0.14491464 -0.25761484
  0.38828117 -1.52912517  0.73086252 -1.17474632  0.28329505  0.13650139
 -0.58772838 -0.82133079  0.2135228   1.15663296 -0.91370183  0.90591969
 -1.55751053 -0.43936163 -0.30612708]
[ 1.         -1.17479293 -0.17740831  1.22093011  1.78800244 -1.2891237
 -0.12401809  0.71864111 -1.40072173  0.25887031  4.64746712 -0.22318137
 -0.35904346 -0.8369201   0.36086857 -1.12954951  0.01179106 -0.91735141
 -1.4637395   1.35956121  0.75644394]
[ 1.         -1.15778671 -0.0748188   1.43359831  0.57714829  1.66564285
 -0.15121718 -0.47916304  0.95324738  0.36662586 -1.44075372  0.73875163
  0.6563195   0.44396529 -0.92624891  0.15625626  0.19568534 -0.97764882
 -1.13986074  0.20905054  0.49076065]
[ 1.         -0.52689466  0.95099087 -2.46120241 -0.08432814  0.12540221
 -1.23817516  1.80804139 -0.83092681  0.63601037 -0.66988351 -2.25478187
 -2.38898155  0.26429365 -0.72573307 -0.75812947 -0.24794564  2.35157863
  1.50436792 -0.77954202  0.9720211 ]
[ 1.         -1.14939381 -0.03821653 -1.69117338  2.02613537  1.04262558
  0.71890069  0.09924757 -1.60593949 -1.96521523  0.19963815  0.7131486
  0.60960795 -0.74134063  0.20585407 -0.20803105 -0.11293258  0.04531951
 -0.87083718  0.22820445  0.1272865 ]
[ 1.          0.7257463  -0.6306871   0.15880736  0.9090437   0.52781701
 -1.35801699  0.12560546  3.01014763 -2.59633296  1.81836186 -0.89990316
  1.35497855  2.63516982 -0.65419809 -0.36169621  1.66659327  1.39695018
 -1.22020713 -3.42809567  1.0988147 ]
[ 1.          0.83078703  2.23913204  0.20368378  0.13662461 -0.26055604
 -2.33316947  1.67014059  0.14678261  0.03387139 -0.5765228   0.19025202
 -1.09234405 -0.45647373  0.65921755 -0.8835285  -3.0603833  -2.91306119
  1.78112662 -0.68601581  1.45451791]
[ 1.         -1.11649733  0.07939061 -1.40408068 -2.67424759 -1.89164376
  0.21183159 -0.14927519  0.06737556 -0.1672046   0.29925579  1.16345144
  0.23095957 -1.01566042  0.09398888 -2.02589605  0.13668568  0.38469043
 -1.58993765 -0.04750355  1.12724196]
[ 1.          0.8932791   1.49562026  0.18710096  0.17390162 -0.11147759
 -3.47137257 -0.07994854 -0.03294291 -0.41437997 -0.81336732 -0.78440129
 -1.71943082 -1.18524246  1.1676511  -0.66121826 -1.87180942 -1.48106707
 -1.05959992 -2.25136001  0.644701  ]
[ 1.         -1.1725339  -0.05491572 -0.80947946  1.68675048 -0.74258095
  0.41464689 -0.19571892 -0.76214807 -1.28262016 -1.71797674  2.16201569
  1.00612768 -1.43075362  0.61984802 -1.11355937  0.61246335  0.69141343
  0.68909925 -0.70244945 -0.23271525]
[ 1.         -1.13742478 -0.0485792  -0.17333374 -0.16460223  1.7191384
  0.14019535 -0.43686649 -0.06413565  0.12220704  0.50462415 -0.32064628
  0.53320561  0.2109843   0.28309185  0.05531761 -0.73333958  0.37572096
  0.4073004   0.40549042 -0.68096632]
[ 1.          0.88105241  0.53575957  0.02657083  0.0288576   0.08805984
  0.9332373   0.1156861   0.69449744 -0.35684621 -0.03672251 -0.36339793
  0.10269365 -0.62319019  0.14718095  0.51042567 -0.33858785  0.52714983
 -0.12956776 -1.22935052  0.48043061]
[ 1.          0.75177425 -0.78060836  0.78479257 -0.89255506  1.14999155
 -1.69800852  1.97895089 -1.30218353  2.28871478  1.26444985  2.83152142
  2.56601311  0.42588184  3.6614192   3.3731705  -3.74528795  4.13289873
  2.68079324  3.14425093 -6.02978897]
[ 1.         -1.16597818 -0.04784815  0.51562942 -1.80061068 -0.70466525
 -0.14993762  0.20317281 -0.30598047 -0.0843543   0.1362105   0.39504745
  0.37339351 -0.1377923  -0.10164794 -0.74780987 -0.74664018  0.67669495
  0.38498029  0.15153474 -0.42846622]
[ 1.         -1.19277773 -0.09765607  0.53541134 -0.21601028  1.28246054
  0.14703712 -0.29471542 -0.20966999 -0.09833211  0.26637601  0.53923651
  0.66199784 -0.34963097  0.0374494  -0.71155677 -0.45827959 -0.46964202
 -0.54108435 -0.57835708 -0.64123519]
[ 1.          0.89686243  1.5050511   0.24969848  0.03228632  0.01819709
 -0.60897995 -0.22612732  0.29445396 -0.65968868  0.20639465  0.04131706
 -0.63776634 -1.22215847 -1.43497275  0.1328018  -0.45081645 -0.9237965
  1.07856963  0.03330839  0.25774153]
[ 1.          0.91160796 -1.33681482 -0.02057379 -0.02819121  0.06888463
 -1.49781151 -1.16365842 -1.08185444  0.39913261 -0.16858629 -0.41492347
 -0.79528255 -0.10297455 -1.44084924 -0.52735326  1.29436258  0.41165413
  0.07319254  0.76314867 -2.16473731]
[ 1.          0.91713828 -1.2873247   0.08898636  0.1479215   0.03961199
 -0.23473736  1.08340622  1.6198283  -1.21816609  0.15579158  0.07835051
  0.97881349  2.01761616  1.99615287 -0.16229004  0.63392612  0.80555342
 -2.11460975 -1.16170786  0.32133974]
[ 1.          0.88625264 -1.05313048 -0.4790327  -0.02110922  0.41738075
  0.27804487  0.75290871 -0.90041469  0.34872456  0.26809814  1.44801641
 -1.22310554  0.93355418 -2.52772838 -0.15622425  1.23619736  0.41933586
  0.19997898  0.24676579  0.37537147]
[ 1.          0.90855569  0.4124296   0.19537476 -0.0357807  -0.23398968
  2.05347163  0.43157582  0.89570091 -0.14916708 -0.32575213 -1.71848072
  2.33045071  0.64869376  1.16671334 -1.31910068  0.66692353 -1.69909413
  1.31196552  0.02847878  1.09388721]
[ 1.          0.91117824  0.46219024  0.51022544 -0.25507646 -0.29752455
 -0.68349162 -1.55098047 -0.92566242  0.58697954 -0.02374784 -1.54342375
  2.63797838 -0.74157337 -0.15263823  0.52249509 -0.0531222   1.11567109
 -0.1789623  -0.15323009 -1.96086453]
[ 1.         -1.15768765 -0.07550942  0.56102715 -1.06740327 -2.34011279
 -0.3177657  -0.46984121  2.15965423  2.13228726 -0.10280337 -0.52190364
 -0.53092254  1.09501182 -0.9557963  -0.53353132 -0.79707297  0.67753378
 -0.87346576 -0.68020649  0.41860289]
[ 1.          0.88320836  0.45865147 -0.01972461 -0.2396064   0.02876865
 -0.42946346 -0.47334093 -2.24902864  1.92709661 -0.4650208   0.41674434
  0.76207219  0.38919945  0.89786062  1.07180913 -0.90377338  0.63808352
  0.27687213 -0.20978716 -0.67644928]
[ 1.         -1.13342808 -0.04693682  0.51283109  0.34646557  1.59239614
 -0.14096598  0.119865    0.01951177 -0.35039525  0.04553996 -0.32195065
 -0.02372611  0.12390631  0.13695146  0.42052331  0.20971327 -0.32240691
  0.10691758 -0.53711032 -0.40129726]
[ 1.         -1.02003161  0.20440591 -3.27479937  2.01274096  2.11640015
  0.07964764 -0.25634652  0.42107566  0.45100647 -0.33489226  0.27047453
 -0.3164084  -0.41798398 -0.19432755 -0.71569092 -0.14064858  0.41093973
 -0.50176805 -0.4002276   0.39924444]
[ 1.         -1.05290266  0.00471726 -2.67756431  1.30856802 -1.84487094
 -0.70429864 -1.10715226  1.35489846  0.91120546 -1.48460685  0.40832955
  0.24886892  0.59293981 -0.41854059  1.33208505  0.29752719 -1.3799888
 -0.16177834  1.33214419  0.33950639]
