Cluster centers 

[-0.97293671  0.87098238  0.56632315  0.39113257]
[ 0.9496253  -0.54172962  0.99103198 -0.24837051]
[ 1.05735019 -0.23004624 -0.83698859  0.24562138]
[-1.03646838 -0.98819782  0.12312163  0.8029192 ]
[-1.02461507 -1.45675588  0.58378223 -1.98089   ]
[-1.07344202  1.53521552 -0.13530494 -0.4819305 ]
[ 0.97892277 -0.46382535 -1.36579074 -1.24993282]
[ 1.00519785  1.81393655  0.68956915 -0.04097387]
[ 1.05892666  0.03247327  0.10820214  0.79378114]
[-0.93625047  1.83273718  0.88844771 -1.1565194 ]
[ 0.37734276 -0.2803188   2.16430492  0.88357185]
[-0.95598051 -1.4552735   0.8826298  -1.44791972]
[-1.08324761  0.79492812 -0.43176175  0.60768494]
[ 1.06424638 -0.42858856 -0.07512542 -0.32771297]
[ 0.89128997 -0.40622137 -1.56131554 -3.48190184]
[-0.89547183  2.22732075 -1.16382017 -1.42181306]
[ 0.96143147  0.17277563  0.88655266  0.93569582]
[-0.94556814 -0.84661112  0.64511144  0.95659679]
[-1.04760901 -1.38033938  0.23168519 -0.59425118]
[-1.0906094  -0.0473335  -1.01121081  1.28414419]
[ 0.93775056 -0.36988794 -1.72485033 -0.40824995]
[ 1.07208865 -0.02271848 -0.57755369  0.68508481]
[ 0.98771863  0.82050525  0.77141931  0.89238795]
[-1.07810481 -0.92551965 -1.41075673  0.78716117]
[ 0.28351781  0.9803458   2.27291916  0.37996882]
[-1.07989951  0.09834379 -0.44817835  1.18399669]
[-0.56487347 -1.1750936   1.83382657  0.070271  ]
[-1.09219777  1.81614706 -0.79340916 -0.84348836]
[-0.92076612 -1.45231803  1.14538912 -2.41204109]
[-1.11347673 -1.39086078 -0.59601379 -1.48422449]
[ 1.02317771 -0.50112038 -0.83451558 -2.28213303]
[ 0.92202632  0.45296996 -1.95155577  1.08246698]
[-1.07771091  2.67983049  0.01615125 -2.91788463]
[ 0.5650011   2.02893246  1.9415288  -0.82518533]
[ 1.07211017  0.75746297 -0.03636258  0.99385183]
[-0.79780861 -1.39258724  1.37868453 -0.84282035]
[-1.08834225  1.48223583 -0.96784075 -0.22987805]
[ 0.83639848  1.1098998   1.43502228  0.5436949 ]
[-1.00493922  1.0706576  -1.94391119  0.56764129]
[-1.09541061 -0.63563424 -0.82101068  1.17979722]
[ 1.05280845 -0.37149024 -0.80116931 -0.2830968 ]
[-1.03596521 -0.45455764  0.03797667  1.23763771]
[ 1.00763644 -0.59530771  0.64107106 -0.95043152]
[-1.04684233  1.66848083  0.15750527 -0.75932983]
[-1.08737312 -1.27205917 -0.26701304 -0.02498621]
[-0.99000973  0.12268509  0.3785386   1.08643086]
[-0.82454915 -0.08319221  1.09608     1.12051519]
[ 0.61174171 -0.83304814  1.96605874 -0.73779973]
[-0.60842128 -1.3895966   2.03249295 -2.78586838]
[-1.05219158  1.12572002  0.02935951  0.12489115]
[-1.08368248  0.53850932 -1.18668909  0.97484806]
[ 1.08089189  0.810613   -0.50854254  1.02149663]
[-1.01960309  1.8513486  -1.76472736 -0.64506981]
[ 0.86912257 -0.4396625  -1.96388642 -0.95612705]
[-1.04284428  0.60264899  0.03182714  0.75495518]
[ 1.03869818 -0.50471407 -0.76221362 -1.60753047]
[-0.95373103 -1.3879419   0.79533012 -0.60769062]
[-0.82755151  0.73447827  1.14871214  0.50297797]
[ 0.92030921 -0.31234529  1.0874853   0.47504808]
[-1.10817136 -1.34439216 -0.96295326 -1.09676873]
[ 1.06523104 -0.45639691 -0.35472249 -0.62521454]
[ 0.85258013 -0.21311802 -2.19135627  0.2653189 ]
[ 1.02034999  0.15695283  0.51735684  0.91981283]
[-1.0223794   2.298265    0.53295084 -2.09216617]
[ 0.64878366 -0.56797019  1.8601066   0.283698  ]
[-1.08510163  2.47966679 -0.9820307  -2.15532984]
[ 0.85007665 -0.47110859 -1.87385732 -2.42081473]
[ 1.0691611  -0.25849825 -0.25341364  0.24770462]
[-0.02789213 -0.17272115  2.28136653  0.95749267]
[-0.88454007  1.36870701  1.02206846 -0.34801205]
[ 0.75818327  1.59443239 -2.55047334  0.68304587]
[-1.07473067 -1.43334511  0.10612334 -1.40245208]
[-1.03264889 -1.37415874  0.61678907 -3.34522581]
[ 1.0818291   1.57621451 -0.44063854  0.47051013]
[ 1.01364556 -0.40795855 -1.20355264 -0.60377501]
[ 0.80292318 -0.0487374   1.48257782  0.84376842]
[-0.8325616  -0.78644957  1.08894783  0.98431134]
[-0.81113576 -1.17536085  1.23896136  0.28788003]
[ 1.07063694  1.16434664 -0.83048993  0.87178262]
[ 1.03726048 -0.41610732  0.3579625  -0.06431861]
[-1.1031994  -1.2103139  -0.89320651  0.06164603]
[ 1.05718465 -0.54291913  0.00162491 -1.19334511]
[-1.08816853  1.15494033 -0.51958696  0.17200585]
[ 1.05133506  1.27610016  0.29959709  0.63458783]
[ 1.04774023 -0.46911623 -0.75947494 -0.9881865 ]
[-1.08802228 -1.43606023  0.05921182 -2.00139434]
[ 1.07324838  0.22360484 -0.16748974  0.95179262]
[ 1.05050388 -0.56718969  0.05714166 -2.26211625]
[-1.07185108  2.01734914 -0.01623634 -1.39602006]
[ 1.01880814 -0.07755113 -1.33257584  0.56612758]
[ 0.17378654 -0.77937455  2.30562711  0.3354997 ]
[ 1.0516691   0.378537   -1.0700703   1.02537068]
[ 1.02213802 -0.26556848  0.49695847  0.407963  ]
[-1.08739182 -1.05620808 -0.38855583  0.65325522]
[-1.1026495  -1.36484262 -0.39501613 -0.71021387]
[-1.08267835  1.12792268 -1.14657491  0.31954163]
[ 1.01060638 -0.29432311 -1.3081293  -0.0201781 ]
[-0.56765142 -0.72312392  1.75459143  0.92595458]
[ 0.85506604 -0.53833289  1.37265155  0.03947275]
[-1.0038334  -1.18540769  0.40132551  0.35104453]

Populations

0.0135136355889
0.0102019633418
0.0216327914257
0.0144028238175
0.0060370875051
0.00921608766559
0.0124438385143
0.0117077131195
0.0238487465137
0.00754139643216
0.0054925726877
0.00566967266101
0.00902730392996
0.0192239791744
0.00364256182605
0.00574023357894
0.0144406283956
0.00872157763298
0.0107747983483
0.0127430208807
0.00826510006835
0.0200611256929
0.0123040966767
0.0097662670828
0.00733877320945
0.0119300385864
0.00642637206932
0.00865745739443
0.00406986798872
0.00236898795031
0.00768340699262
0.00782431241795
0.00235137639239
0.015112715354
0.0108859429447
0.00493343826867
0.00716285182273
0.0153138905197
0.00317511863261
0.0171826116547
0.0217158819809
0.0155639277973
0.0108928756232
0.010305330355
0.0116190459844
0.0103518319848
0.00759001664751
0.00864763745519
0.00247674238297
0.0121746921309
0.0103510632663
0.0107695184
0.00159748559341
0.00671646910547
0.0099348622397
0.0144301525217
0.00847140014938
0.00638534174455
0.013495535858
0.00362973217606
0.0159724337075
0.00579312780528
0.0134347577109
0.00513040721631
0.0091217499331
0.00249170182813
0.00259724622816
0.0279023200265
0.00271515792633
0.00913901075183
0.00206010528523
0.00911189016015
0.00449176445471
0.0061426097271
0.0128421060702
0.0162819627428
0.00440607996535
0.00365194299007
0.00413298287331
0.015435016242
0.0127973987038
0.0145354087367
0.00796259314374
0.00620599053295
0.0165144525174
0.00292597742276
0.0178144038133
0.00930242629974
0.0145365925632
0.0103479940272
0.0097076267362
0.0114325997028
0.0174212871939
0.0179133361509
0.00895269248758
0.00826116358863
0.0118580092097
0.00437473954587
0.00505580415826
0.0132694016643

State labels

0
1
2
3
4
5
6
7
8
9
10
11
12
13
14
15
16
17
18
19
20
21
22
23
24
25
26
27
28
29
30
31
32
33
34
35
36
37
38
39
40
41
42
43
44
45
46
47
48
49
50
51
52
53
54
55
56
57
58
59
60
61
62
63
64
65
66
67
68
69
70
71
72
73
74
75
76
77
78
79
80
81
82
83
84
85
86
87
88
89
90
91
92
93
94
95
96
97
98
99

Eigen values

1.0
0.944614723098
0.287995829366
0.284374371519
0.26848172468
0.260989173012
0.254448147087
0.24437070644
0.237490826784
0.22990681511
0.224069247618
0.217044780383
0.214238892778
0.203811082079
0.199064695908
0.192071935419
0.188298152344
0.175063590882
0.173380462281
0.170231705698
0.167851648261

Left eigenvectors

[ 0.01351364 -0.01608994 -0.02603918 -0.00704633 -0.00840672  0.00498324
  0.00177233  0.0076731   0.0113947  -0.00958837  0.00916758 -0.00410172
  0.01564246 -0.03190275 -0.00640394 -0.00981558 -0.00538247 -0.01131463
  0.01684046 -0.02525876  0.01462608]
[  1.02019633e-02   8.46780035e-03  -5.16711678e-05  -1.35166656e-03
  -1.19298915e-02  -5.80096271e-03  -3.35364840e-04   1.74290211e-02
   7.07955256e-04  -6.15818783e-03  -1.11956936e-02   2.54090723e-02
   6.81564275e-03   2.22620544e-03   3.04618730e-02   7.17336648e-04
   1.14878937e-02  -1.94791485e-03   1.14411654e-02  -5.34247672e-03
  -8.94797749e-03]
[ 0.02163279  0.01876468 -0.00246948 -0.00773595 -0.00133278 -0.00776658
  0.00855328  0.01979019 -0.01021943  0.00331973  0.00458151 -0.01396252
 -0.01064849  0.01122531 -0.03283303  0.01313742 -0.00427033 -0.00559428
  0.00484623 -0.00293566 -0.01571718]
[ 0.01440282 -0.01714228  0.01425104  0.01329839  0.00185657 -0.01420987
 -0.02534447 -0.00201283 -0.01322777 -0.01652974 -0.01687026 -0.0176379
  0.00963137  0.01981946 -0.00196481 -0.00496266  0.01439289  0.01013437
  0.00791182  0.01163676  0.00139789]
[ 0.00603709 -0.00697072  0.00164359 -0.00225272  0.00676814 -0.01576232
 -0.01297194  0.00083109 -0.00345484 -0.00256786 -0.00190835  0.00873284
 -0.00339076 -0.01173292  0.00782593 -0.01202229 -0.01616178 -0.01944417
 -0.00391035  0.023472   -0.00491076]
[ 0.00921609 -0.0113814   0.01773959 -0.01491894  0.01237304 -0.01489137
  0.00133958 -0.00227509  0.02450205  0.00135293 -0.00356562 -0.00296679
 -0.01203894  0.01290251  0.00702192 -0.0027676  -0.00157719 -0.00178633
 -0.01141749  0.00880171 -0.02767317]
[ 0.01244384  0.01146638 -0.00260136  0.00613654  0.00680587  0.00877124
 -0.01198915 -0.00796352  0.0055088   0.01813436 -0.01307859 -0.0132379
 -0.02153088 -0.01461248 -0.00870676 -0.00543823 -0.0058368   0.00222442
  0.00819943 -0.00549589  0.00786345]
[ 0.01170771  0.00990741 -0.00460098  0.00012963 -0.01996112 -0.03325735
  0.03128911 -0.00614539 -0.01810886 -0.01914925 -0.02849302  0.01119309
 -0.02206228  0.00405134 -0.02570611 -0.00046285 -0.01878203 -0.00508167
 -0.01239005 -0.00385498  0.0195241 ]
[ 0.02384875  0.02156943 -0.00100332 -0.00357054 -0.00121564  0.00574851
 -0.01381689  0.01746362  0.00498112  0.01707751  0.002575    0.00507614
  0.00901842  0.0017762   0.00190996  0.00371295  0.00256431  0.01568796
 -0.02386543  0.00745284  0.00340189]
[  7.54139643e-03  -9.41683817e-03  -6.57959305e-03  -7.10320471e-03
  -2.62527184e-03  -3.61645873e-03  -1.36205260e-03  -4.78122834e-04
   1.66863091e-02  -7.72111514e-03   2.24558720e-03  -1.08234506e-02
  -8.49198807e-03   2.84028921e-04   7.13715658e-03   1.77066794e-02
  -1.55065840e-05   1.37651715e-02  -5.69278960e-03  -5.23347176e-03
   4.82222841e-03]
[ 0.00549257  0.00367322  0.00292772  0.00224161  0.00548086  0.00406149
 -0.00859517  0.01982688 -0.00113272  0.00954413  0.00011254  0.00243202
  0.00703942  0.00454973 -0.00757725  0.00621729 -0.01740895 -0.0044618
 -0.00574938 -0.0090856  -0.00076549]
[ 0.00566967 -0.00679676 -0.01107077  0.0017887  -0.00354195  0.00289098
  0.00052742  0.00219191  0.00458066 -0.00671168  0.00159089 -0.01081198
 -0.00434728 -0.00311438  0.00494276  0.01190734 -0.00059475  0.00515648
 -0.00831356 -0.00168398 -0.00375603]
[ 0.0090273  -0.01149479 -0.00258154 -0.01877937  0.00093439  0.00456287
  0.00337065 -0.0073475   0.00205505  0.01747292 -0.00577369  0.01143359
 -0.00109288  0.01182823 -0.01207577 -0.0124507   0.01902439  0.00281138
 -0.00050868 -0.01803901 -0.00488243]
[  1.92239792e-02   1.71862796e-02  -4.31644063e-03  -4.88015344e-03
  -2.28011438e-02  -2.19697173e-02   2.24201545e-02   1.07600940e-02
  -1.67020130e-02  -1.89458869e-02  -1.90316765e-02   1.16431835e-03
  -3.18735575e-02   9.10222479e-04  -1.74174188e-02  -2.53907699e-03
   1.42257040e-05   6.84170185e-03  -7.30776658e-03   6.98608568e-04
   5.28180874e-03]
[ 0.00364256  0.00337548 -0.00031947 -0.00090688  0.00158303  0.00105029
 -0.00093087  0.00112638 -0.00038825  0.00204681  0.00166764 -0.00466398
 -0.00481464 -0.00069155  0.00503968 -0.00509072  0.00552158  0.0009512
 -0.0031635   0.00042003  0.01435894]
[ 0.00574023 -0.00522532 -0.00632673 -0.00642325 -0.00035899  0.01143068
  0.00368578 -0.00476512 -0.00716648 -0.00186349 -0.00994413 -0.00571531
  0.00399128  0.00659551 -0.00352459 -0.00244364  0.00305324  0.00302035
 -0.00518698  0.00991296  0.00247745]
[  1.44406284e-02   1.27566865e-02  -1.00820446e-04  -2.73260873e-03
   2.53039186e-03   9.50074839e-04   3.48513004e-03   2.85095553e-03
  -2.12929109e-03  -6.06772191e-03   5.39634180e-03  -5.92816606e-03
  -2.71231529e-03   5.31969591e-03  -6.00727781e-05   9.99265698e-04
   6.66803788e-03  -1.18083451e-02   2.68048198e-03  -3.94290071e-04
   1.65737627e-02]
[ 0.00872158 -0.01088397  0.0094638  -0.00297386 -0.00506865  0.00981108
  0.00322282 -0.00234486 -0.00992843  0.00369571  0.00381894  0.0064982
 -0.00105056 -0.00430579 -0.00794078 -0.00481839  0.00852693  0.0043838
 -0.00120187 -0.00248858  0.00317524]
[ 0.0107748  -0.01311684 -0.00080891 -0.01110648 -0.0022136   0.01044653
  0.00079811  0.00059824 -0.01620352 -0.00692606  0.00272763 -0.00346102
 -0.00046024 -0.01513551 -0.00274663  0.00836378  0.0053355   0.01220042
 -0.00248981 -0.00538476  0.00289928]
[ 0.01274302 -0.01599719 -0.02202946  0.00262367 -0.00109586 -0.00547904
  0.00203457  0.00547386  0.01559089  0.00148555  0.01661614  0.00421997
 -0.00855501 -0.00749281 -0.00088143  0.00333377 -0.00038725  0.00436013
  0.00672693  0.00221506  0.00068643]
[ 0.0082651   0.00756698  0.0013318  -0.00414026 -0.0112546  -0.0246256
  0.01419979  0.00911633 -0.01027298  0.01815931  0.00367462 -0.01603749
  0.00972694 -0.00846114 -0.00019399  0.01437822  0.01589402 -0.00227298
  0.02561425 -0.00755363 -0.02658174]
[ 0.02006113  0.0173203  -0.00279653  0.00464249 -0.00928212 -0.01480495
  0.00668972 -0.02967413  0.00089565 -0.00080835 -0.00921372  0.00364166
  0.00221192 -0.00988435 -0.0088695  -0.007524   -0.01673552  0.02121637
  0.00222294 -0.00544832 -0.00315422]
[ 0.0123041   0.01063435  0.0021352   0.00335882  0.00436152  0.00439478
 -0.00434537 -0.03291436  0.00669354 -0.00230171  0.01582295 -0.00091395
  0.01691177 -0.00334427 -0.00670836  0.00539204  0.00203731 -0.01007372
  0.00632523 -0.00409367 -0.01085172]
[ 0.00976627 -0.0111811  -0.02194486  0.04716105  0.01395445 -0.00227859
  0.01009774  0.0015611  -0.01059333  0.0069311  -0.00349651  0.00738917
  0.0062211   0.01670714 -0.0008276   0.00033324  0.01553114  0.00518051
 -0.00974594  0.00512632 -0.01005382]
[ 0.00733877  0.00327146  0.00692583  0.00614986  0.00669919 -0.00550252
  0.00017355 -0.01332497  0.00242215  0.00176042 -0.0159873   0.00755771
 -0.0065694  -0.01060504  0.02145947 -0.01120458 -0.00269093  0.00801786
  0.00496245 -0.00542327 -0.00059128]
[ 0.01193004 -0.01405455 -0.00552658 -0.01254327  0.01120511 -0.00665394
 -0.01149379 -0.00172405 -0.01632057 -0.00050423 -0.0024259   0.00780803
  0.00130342 -0.00941868 -0.00032093 -0.00464987 -0.00044739 -0.01255463
 -0.00836541  0.00823321 -0.00071219]
[ 0.00642637 -0.00350208 -0.00627697  0.00888667  0.0002499  -0.00467113
  0.01008459  0.00233746 -0.00298091  0.00024165 -0.01038865  0.00633638
  0.00507957  0.00513115  0.00281166 -0.00657161 -0.00642183 -0.00835359
 -0.01287941  0.0056213   0.00524341]
[  8.65745739e-03  -1.06110842e-02  -4.17855129e-03  -2.21573870e-02
   9.35116896e-03  -1.12471816e-03   5.11947247e-03  -3.94116155e-03
   9.40359686e-03   1.03268178e-02  -6.53758342e-03   8.87021727e-03
  -9.11819052e-05   2.11562859e-02  -1.36241543e-02  -1.18062785e-02
   1.66920868e-02   1.50663698e-02   1.36292327e-02   3.08139445e-03
   5.57226158e-03]
[ 0.00406987 -0.00446141 -0.00181804 -0.00045819 -0.00063305  0.01132691
  0.01020302  0.0074036   0.00666541 -0.00915586 -0.00814535 -0.00292591
  0.01053031 -0.01353371 -0.00121561  0.00403589  0.00356969  0.00621343
  0.00438093  0.00670049  0.00270078]
[ 0.00236899 -0.00288647 -0.00035488  0.00280137  0.00340381 -0.00346734
 -0.00630612 -0.00030808 -0.00500324 -0.00658019 -0.00734108 -0.00875243
  0.00740543  0.00674551 -0.00314444 -0.00219722  0.00568577  0.00491504
  0.0028005   0.00270962  0.00380159]
[ 0.00768341  0.00618169 -0.00343412  0.00082486  0.00628304  0.01792347
  0.00095263 -0.00699419 -0.00015775 -0.02086733  0.001708   -0.0096536
 -0.01721901  0.00466415 -0.0144472  -0.00739092 -0.00636045 -0.00383226
  0.01103226  0.00218482 -0.01954197]
[ 0.00782431  0.00717431 -0.00044996  0.0027851   0.00361817  0.00838411
 -0.01299751  0.01619484  0.00241735  0.01261589 -0.01295266  0.00428558
 -0.01086906 -0.00179983  0.00121378 -0.00387072 -0.01097907  0.00433396
 -0.00436844 -0.01103219  0.00652291]
[ 0.00235138 -0.00282747 -0.00309448 -0.00233966 -0.00330272  0.00134403
  0.00101628  0.00015818  0.00259498  0.00066651 -0.00176222  0.00108669
  0.00390219 -0.00491695 -0.00171178 -0.00434672 -0.00216211 -0.01144401
 -0.00296836 -0.0087648   0.0020764 ]
[ 0.01511272  0.01096969  0.00090657 -0.00560289  0.01343595 -0.00375866
  0.01129322 -0.00871067 -0.00487674 -0.01536489  0.02405275 -0.00615399
  0.00842488  0.00825361  0.0237924  -0.01195098  0.00172609 -0.00254927
 -0.00024914 -0.00866545  0.01331507]
[ 0.01088594  0.00990695 -0.00132668 -0.00015105  0.00026874 -0.00064729
  0.00153649  0.00595946 -0.00139865  0.0020022  -0.00310834 -0.00315651
 -0.00442129  0.00158502 -0.01003795  0.01283248  0.00106644 -0.019331
  0.00939002 -0.00150824 -0.00622384]
[ 0.00493344 -0.00476652  0.01834486 -0.00090383  0.000757    0.00263677
  0.01439173  0.00121962  0.00838909  0.00575044 -0.00564075 -0.00232214
  0.00442628  0.00110141  0.00229254 -0.01178832 -0.0065029  -0.00236442
 -0.00266255  0.00478092 -0.00337366]
[ 0.00716285 -0.00895589 -0.01017324  0.00243138  0.00083236 -0.0115884
 -0.01389976  0.00679231  0.00698209 -0.01255785 -0.00494647 -0.01358302
  0.01087216 -0.00251084 -0.00434999 -0.00082708  0.00189178  0.00429905
  0.01180976 -0.0013591   0.01229285]
[ 0.01531389  0.01290661  0.00418886 -0.00065329 -0.00427454 -0.01541857
  0.01594073  0.00032073 -0.00292188  0.01164283  0.01178389 -0.01461039
  0.01037927  0.00021399  0.02178368  0.00185944  0.0181555  -0.02055033
  0.00051146  0.00390712  0.00124056]
[ 0.00317512 -0.00397993  0.00498096  0.00109251 -0.00318179  0.00360678
  0.00303445  0.00098451 -0.00266129  0.00501647  0.00517452  0.00514569
 -0.00179971  0.00085299 -0.0018951   0.00024657 -0.0047938   0.00304126
  0.01325342  0.00701578  0.00613966]
[ 0.01718261 -0.01998735 -0.00788447 -0.01401352  0.01313633 -0.00159989
  0.01315013  0.00519365  0.00626234 -0.00650987  0.01549709  0.01044362
 -0.01139198 -0.02622785  0.00059804  0.01454888  0.00041574  0.00491059
 -0.01211949 -0.00252942  0.00072036]
[ 0.02171588  0.01900825 -0.00092653  0.00036168  0.00089979  0.01257643
 -0.0149028  -0.01070449  0.00565906  0.01799533  0.01382299 -0.01994284
  0.00344834 -0.00340606 -0.02697981 -0.01161218 -0.01673533  0.01519683
 -0.02040372  0.01306198 -0.01042091]
[ 0.01556393 -0.01663608  0.02995655  0.0025668  -0.00645397 -0.00171838
  0.01874702  0.00045513  0.03458677 -0.0005667  -0.00691273 -0.00998271
  0.00173796  0.0118387   0.01001973 -0.00358071 -0.01368815 -0.01008786
 -0.00290832  0.00509592 -0.00351007]
[  1.08928756e-02   9.87635918e-03  -7.99643989e-05   3.53273979e-05
   3.67591900e-03   5.78124553e-03  -3.44626104e-03   8.04758197e-03
  -1.18550629e-03   3.29782962e-04  -1.17398783e-03  -3.23799064e-03
  -1.52119943e-02   2.87320328e-03   1.77996391e-02  -1.85216895e-02
   3.90867912e-03   3.54948671e-03  -5.82792051e-03  -9.42953386e-03
   2.28385708e-02]
[ 0.01030533 -0.01240988  0.00410341  0.00593525  0.00483904  0.00163126
  0.00738033 -0.00140437 -0.00388562  0.01565879  0.01020442  0.02157497
 -0.00863088  0.0019086  -0.00922478 -0.00527283  0.00744533  0.00056002
  0.00152348 -0.00749652 -0.00031492]
[ 0.01161905 -0.01386085  0.01014898  0.01842507 -0.00926857 -0.00996704
 -0.0196769   0.00141233  0.00241051 -0.01586949 -0.00962853 -0.01430163
  0.00898259 -0.00255031 -0.00691389 -0.00502486  0.00670524 -0.00057912
  0.00218396 -0.00426596  0.01102343]
[ 0.01035183 -0.01232817  0.01262462 -0.00535159 -0.00704029  0.03207329
  0.03145489  0.00254141  0.00705785  0.00821127 -0.03000812 -0.00692439
  0.02712814  0.0009154  -0.00296742  0.00291615 -0.00935131 -0.00442136
  0.00893442  0.01357678  0.01513648]
[  7.59001665e-03  -8.76027365e-03  -1.17607758e-02   1.34230160e-02
   1.17653593e-02  -9.98069446e-03  -9.41067411e-03   8.59464495e-03
  -1.68171720e-02   2.82757486e-05   5.58240412e-03   4.42200848e-03
   1.07702165e-02  -1.19520716e-03  -9.58605766e-03  -1.04603988e-02
   6.56240060e-04   5.05196101e-03   1.59764493e-02   5.63467642e-03
   1.81512511e-03]
[ 0.00864764  0.0060406  -0.0011494   0.01750339  0.02439636  0.0088525
  0.00382718 -0.01936895  0.00107335  0.007769   -0.00972139 -0.01039119
 -0.01500373 -0.00779352  0.00760084 -0.00257527 -0.0056943  -0.00712268
  0.01769419 -0.01282117 -0.01107364]
[  2.47674238e-03  -2.12656980e-03   8.22888665e-03  -2.19263598e-03
  -8.13646519e-05   3.81582506e-03  -2.69689885e-03  -1.47589182e-03
  -4.71121804e-03  -3.11048197e-03   2.31369434e-03   2.66037683e-03
  -2.27287874e-04  -2.42339219e-04  -2.66729241e-03  -2.31186425e-03
   6.03490414e-03   2.53322800e-03  -6.79369867e-04  -2.28186809e-03
   1.14874860e-03]
[  1.21746921e-02  -1.49926238e-02  -2.46242415e-02   1.72334652e-03
  -8.19437592e-03   3.96491173e-03  -2.86796102e-03  -1.69223437e-04
  -2.91594728e-03   5.06894268e-03  -9.32543536e-04   2.12524532e-05
   7.30018808e-03  -4.04646470e-03  -9.76612648e-04  -8.11243054e-03
  -2.99225907e-03  -1.46039494e-02  -2.86454442e-03  -6.71902311e-03
   1.94764080e-03]
[ 0.01035106 -0.01176969 -0.01710494 -0.00012222 -0.01617466  0.00905344
  0.00558993 -0.00866423 -0.01231984  0.0123159   0.02320419  0.00221444
 -0.01798271  0.02235618  0.01805129  0.01017384 -0.02030212  0.01253001
  0.01604173  0.01006291  0.00528768]
[ 0.01076952  0.00934943 -0.00251844  0.00386967  0.0001421  -0.00154577
 -0.00610982 -0.02215145  0.007069    0.00461489 -0.00906876  0.00905356
  0.00367976 -0.01073296  0.00204621  0.00687977 -0.0002517  -0.00553704
  0.01001085 -0.00374769 -0.00211067]
[  1.59748559e-03  -2.06513205e-03  -2.07001197e-03   1.43733061e-03
  -2.31997742e-03  -3.49104834e-03  -2.78551512e-03   1.26053711e-03
   1.04394650e-02  -4.18310086e-03  -5.56195111e-04  -8.03244682e-03
  -2.39899665e-03   3.36547745e-03   2.51486533e-03   6.72543791e-03
  -9.46562931e-04   4.31992388e-03  -2.74064390e-03  -2.07438292e-03
   8.38181847e-05]
[ 0.00671647  0.00612206 -0.000221   -0.00174487 -0.00250347  0.00217728
 -0.00338892 -0.00444078  0.00249935 -0.0076094   0.00225952  0.00824077
  0.0058639   0.00271811 -0.00627339  0.00759792  0.00403352 -0.00462429
 -0.0030274   0.00849959  0.0023771 ]
[ 0.00993486 -0.01184632 -0.0251323   0.01009372 -0.01373305 -0.0003803
  0.00474512 -0.00131129  0.01582258  0.00883024  0.00134953 -0.00183497
  0.00135534  0.01477622  0.00560933 -0.0207824  -0.00774819 -0.00474274
 -0.00075682  0.01285116 -0.01780578]
[ 0.01443015  0.01259791  0.00311739 -0.00090466  0.0021966   0.01634331
 -0.01422554 -0.00489617  0.00610946 -0.01686411  0.01369399  0.0213296
  0.01661996  0.01599784 -0.01088711  0.00339075 -0.01529249  0.00429973
 -0.01495819 -0.00787745 -0.00437575]
[  8.47140015e-03  -1.01931604e-02   1.49817567e-02   1.96669823e-02
  -9.32009792e-03   2.41437926e-05  -2.75993994e-03   5.23836306e-03
   1.45442752e-02   3.80107435e-03   2.19956501e-03  -3.03904107e-03
  -5.08784482e-03   1.31179785e-02  -3.50064781e-03   2.20189928e-02
  -5.59843785e-03  -5.27811672e-03   1.32309013e-03  -1.51878184e-02
   1.43956802e-02]
[ 0.00638534 -0.00693547 -0.00361855 -0.01845565  0.00863417 -0.0039838
  0.00474679 -0.00119802  0.00281556  0.01111946  0.00824797  0.01104158
 -0.00911592  0.01019898 -0.00624291 -0.00358657 -0.00111583  0.00981591
  0.01560563  0.01104492  0.010337  ]
[ 0.01349554  0.0119095  -0.00269413 -0.00115725  0.00808713  0.0196111
 -0.00712925  0.01703198  0.00418407 -0.01382795 -0.0088336   0.00707427
 -0.01297613  0.00465023  0.0047382   0.00334357  0.00651996 -0.01165879
  0.01582355  0.00127633 -0.00722688]
[ 0.00362973 -0.00439038  0.00984722  0.00734775  0.00400998 -0.00049501
  0.00203925  0.00163159 -0.00134642  0.00265503  0.00188183  0.00416982
 -0.00063601 -0.00100773 -0.00373226  0.00614674 -0.00144133 -0.00510486
 -0.00406181 -0.0097509   0.00339863]
[ 0.01597243  0.01389175  0.00388996 -0.00325509  0.00355152 -0.00518271
  0.00297729  0.00506135 -0.00154616  0.00289906  0.01102916 -0.00195931
  0.01507721  0.00300506  0.00956861  0.005998    0.00428884  0.00071729
 -0.00315738 -0.00445356  0.01240413]
[ 0.00579313  0.00489721 -0.0014332  -0.00210487 -0.0015561   0.01260696
 -0.00489052  0.01643387  0.00483149 -0.01502009 -0.00855584  0.01535203
  0.00101183  0.00256371  0.00470921  0.00367303  0.00349355  0.00554786
  0.01136252  0.00146461 -0.0180276 ]
[  1.34347577e-02   1.18546429e-02  -4.03032452e-03  -2.88368834e-03
  -3.74815416e-03   1.03985766e-02  -4.79139657e-03  -5.43478203e-03
   5.58151996e-03  -2.14592140e-02   6.91075923e-03   1.57117954e-02
   2.74290567e-03   9.75476973e-03  -2.21479155e-03   5.20442168e-03
   6.05362481e-03  -1.56092334e-02   4.25148327e-03   4.20166834e-03
   8.10819839e-05]
[ 0.00513041 -0.00651463 -0.00526643 -0.01662311 -0.01075093  0.01572099
 -0.00701483 -0.01353567 -0.03184877  0.00672041 -0.01524386 -0.01088663
  0.00448485  0.00829458  0.018234    0.01185949 -0.00898278 -0.00455364
 -0.01067534 -0.00511606 -0.01019359]
[ 0.00912175  0.00665051  0.00077828 -0.00113178  0.00136724 -0.00038151
 -0.00807716  0.02325324 -0.00417611  0.01278878  0.00682509 -0.00747983
  0.0096683   0.00249268 -0.00551842 -0.01128034 -0.0189892   0.01318069
 -0.00567941 -0.00749478 -0.01262275]
[  2.49170183e-03  -2.12390039e-03   6.25900391e-04  -7.43351320e-03
   1.66700680e-02  -6.17193143e-03   7.34062453e-04   2.08751709e-04
  -2.95775379e-03  -3.44840937e-03  -3.02802345e-03  -2.73905687e-03
   3.84772122e-03   5.47219059e-03  -1.34031205e-05   2.70508361e-03
   2.07967281e-04   4.13620067e-03   2.58027336e-03   3.47746250e-03
   1.69380116e-03]
[  2.59724623e-03   2.35806957e-03   5.64641518e-04  -5.62276470e-04
   7.89157473e-05   9.68847682e-04  -2.95650247e-03   7.51104914e-03
  -7.19831761e-05   1.43841940e-03   9.52814065e-04   4.22779602e-03
   3.42045215e-03   4.01895753e-03   1.64247046e-03   9.66443475e-04
  -3.85072551e-03   1.47304293e-03  -4.79081148e-03  -5.55322584e-03
   3.24691539e-03]
[ 0.02790232  0.02577411  0.00030083 -0.00498248 -0.01325757 -0.00286981
 -0.01695889  0.00245918  0.01108922  0.03189008  0.00022576  0.00057681
  0.01687843 -0.01672149 -0.00276301  0.03052344  0.03809962 -0.01293662
 -0.01130672  0.04456393  0.0100803 ]
[ 0.00271516 -0.00041129 -0.00181173  0.000828   -0.00183649  0.00247516
  0.00579729  0.00251105 -0.00422251 -0.00805859  0.00561564 -0.00870003
 -0.00779617 -0.00364115 -0.00025809 -0.00413104  0.00025346  0.00614701
 -0.00563541  0.00183559 -0.0041874 ]
[ 0.00913901 -0.01071667 -0.02136768 -0.00996619 -0.00923186 -0.00289779
 -0.01048338 -0.00369074  0.00321436  0.00512446 -0.00470672 -0.00729975
  0.00873826  0.00521152  0.00238595 -0.01714736 -0.00871148 -0.01485381
  0.00255786 -0.01461147 -0.00761005]
[  2.06010529e-03   1.88042467e-03  -1.54873403e-04  -6.59526545e-04
   2.63032772e-04   9.12995101e-04   7.79429552e-04   3.33995290e-03
  -1.14456839e-03  -2.61802112e-03  -1.71072312e-03  -1.44107275e-04
  -5.08059651e-03   9.73739563e-04   5.76193042e-03  -3.13955434e-03
   4.88655115e-03  -2.87650396e-03   1.66530370e-03  -5.84162281e-05
   4.26275618e-03]
[ 0.00911189 -0.01142987  0.01323021  0.00291315 -0.00567362 -0.00217952
 -0.00529549 -0.00094624  0.00263364 -0.00158768 -0.00448252 -0.01001162
 -0.00020177  0.01073959  0.00435427  0.00334924 -0.00686966 -0.00329541
  0.00269932  0.00258629 -0.00404388]
[ 0.00449176 -0.00483805  0.0167967  -0.00082165  0.00440165  0.004496
  0.00677389  0.00228228 -0.00843197 -0.00306648  0.00607281  0.00013477
  0.00152908 -0.01025982 -0.00323968 -0.00105041 -0.00227462  0.00395417
  0.00161635 -0.00607954 -0.00213611]
[ 0.00614261  0.00496805  0.00235501  0.00590599 -0.00101761 -0.00492213
 -0.00799344 -0.02451099  0.00782822  0.00443963 -0.01100422  0.00777551
  0.00782896 -0.0160426   0.00264552 -0.00332049 -0.00812579  0.02602819
  0.00131366 -0.00258903  0.00653543]
[ 0.01284211  0.01071619  0.00110326  0.00512894  0.00247351 -0.00193826
  0.00384808 -0.01103563  0.00041937 -0.00272591  0.0100228   0.00466836
  0.01075378  0.00663115  0.008556   -0.00562327 -0.00649957  0.00907302
 -0.01149421 -0.00716288  0.01158568]
[  1.62819627e-02   1.28033124e-02   1.73763764e-03  -4.83491055e-03
  -1.00788421e-02  -1.19399055e-02   1.53321694e-02  -1.73927398e-02
  -1.71504937e-03  -2.02840465e-02   2.64578694e-02   7.03760120e-03
   1.99484922e-02   1.48903278e-02   8.65483725e-03   3.00600388e-03
  -2.07420157e-03  -8.12194033e-03   1.03336379e-03  -8.73313403e-04
  -3.11325695e-05]
[ 0.00440608 -0.00551289  0.0073019  -0.00312993  0.00701374 -0.01090882
 -0.00930419  0.00066327  0.00124486 -0.00116364  0.00104269  0.00503988
 -0.00619957 -0.00088916 -0.00145215  0.00138988 -0.00080367 -0.0061668
 -0.00274574  0.00607868 -0.00293514]
[ 0.00365194 -0.00397638  0.0046756  -0.00104084  0.01458391 -0.0023726
 -0.00150427  0.00621608 -0.01025902  0.00139124 -0.00061625  0.00565712
  0.00516898 -0.00610546 -0.00456297  0.00576702 -0.00877652 -0.00462804
  0.00175787  0.00451954  0.00283945]
[ 0.00413298  0.00372015  0.00081153  0.00014769 -0.00587307 -0.00898754
  0.00328115  0.00479373 -0.00186459  0.0031152  -0.01007675  0.00786386
  0.00021361 -0.00400292  0.01512971 -0.00066332  0.00568842  0.00462131
  0.00519333 -0.00393663 -0.00085484]
[  1.54350162e-02   1.32968579e-02  -1.90777193e-03  -1.69125202e-03
  -5.66890719e-03   4.75896224e-03   5.91544283e-05  -8.97224838e-03
   1.82753756e-03  -1.14711574e-02  -5.01376142e-03   2.07668794e-03
  -6.97714485e-03   6.20528130e-03  -2.36204676e-02   6.02009535e-03
  -3.66954774e-03  -2.06615213e-03  -1.00293615e-02   1.87448119e-02
   1.38818453e-03]
[ 0.0127974  -0.01571264  0.02803908  0.00780005 -0.00988101  0.00080164
 -0.01657399 -0.00663365 -0.02183591 -0.00472762  0.00122872 -0.0010461
 -0.01001096 -0.00247257  0.00413749  0.00342352  0.01487311  0.00541038
 -0.00912954 -0.00288927 -0.01530698]
[ 0.01453541  0.01346992 -0.00136214  0.00013144 -0.00974345 -0.01081406
 -0.00256568  0.00222164  0.00046877  0.02421089 -0.01043652 -0.00783798
 -0.00164668 -0.01603439 -0.01005089  0.0117166   0.00660296  0.00351345
  0.00615115  0.00738661 -0.00720567]
[  7.96259314e-03  -9.61470382e-03   1.04392510e-02  -1.12599948e-03
  -5.77321206e-03   2.21202309e-03  -7.10565261e-03  -5.05126494e-03
   3.86864816e-04   1.52847624e-03  -9.47129134e-05   6.76945485e-03
  -5.25705911e-04  -3.62732159e-03  -1.25198556e-02  -3.86459067e-03
   1.77505826e-02  -1.26792011e-02  -8.02726825e-03  -2.30832760e-02
   6.81210622e-04]
[  6.20599053e-03   5.65342670e-03  -4.78198699e-04  -4.27446972e-05
  -2.30866563e-03   2.69680507e-03  -6.49171091e-03  -9.37353784e-03
   5.64646396e-03  -5.16137194e-03   2.60533568e-03   1.29632581e-02
   1.37928119e-02   9.33770386e-04  -3.35150182e-03   4.43650164e-03
  -6.04658537e-03   8.37476784e-03  -2.72310334e-03   1.52607598e-03
  -7.46166098e-03]
[ 0.01651445  0.01466052 -0.00159716  0.00190588  0.00464722  0.00594105
 -0.00809097 -0.00786654  0.00597584  0.01251305 -0.00327038 -0.0044328
  0.00209814 -0.00922633 -0.00492837  0.00787936  0.00240518  0.00395451
 -0.00475017  0.01553555 -0.0071    ]
[ 0.00292598 -0.00233515 -0.00433233  0.01737236  0.00966811  0.00083138
  0.00757254 -0.00196206 -0.00360704  0.00595533  0.0001116   0.00593872
 -0.0023928   0.00680751  0.00385026  0.01111429 -0.0012829  -0.00028688
 -0.00446544 -0.00360206  0.00139725]
[ 0.0178144   0.01451412  0.00222602  0.00053388  0.01278997  0.02263694
 -0.00652746  0.00227455  0.00049971 -0.01396189  0.00701893 -0.00187367
 -0.0097403   0.00804921  0.02651915 -0.01873106  0.02309202 -0.0150135
 -0.00516417  0.00860206  0.01811913]
[ 0.00930243  0.00822698  0.00097612 -0.0027208  -0.00659495 -0.00129408
 -0.00250036  0.02105708 -0.00125391 -0.00767878 -0.00976495  0.01528465
  0.00231768  0.00243154  0.0073584  -0.00707005 -0.01034087  0.02770517
  0.00209341 -0.01019591 -0.01591574]
[ 0.01453659 -0.01649268 -0.0146625  -0.03166521  0.03128276 -0.01601812
 -0.00147562 -0.00458764  0.00530213 -0.00599397 -0.00453484  0.00232204
 -0.00988064 -0.01253383  0.01091032  0.02672456 -0.00075121  0.00204668
 -0.02256987 -0.01739681 -0.00275516]
[ 0.01034799  0.00935806 -0.00183254  0.00317926  0.00780212  0.00995191
 -0.00464164 -0.0026886   0.00226435  0.00342716 -0.00546463 -0.01162397
 -0.01816422 -0.00703683  0.00152647 -0.00725686  0.00483992 -0.00221341
  0.01363136 -0.00067989 -0.00312167]
[ 0.00970763  0.00401317  0.01239337  0.00064915  0.01768964 -0.00441632
  0.01832431  0.00376311 -0.00996729 -0.01163592  0.01637584 -0.02117057
  0.01010041  0.00423492  0.00299209 -0.01495389 -0.01574301  0.00384971
  0.01347016 -0.02075815 -0.00796085]
[  1.14325997e-02   1.05128784e-02  -8.84832168e-04   9.84112660e-04
   5.43315528e-03   1.28491232e-02  -6.76831311e-03   1.04493873e-02
   1.54037429e-03   3.42537483e-03  -4.24026742e-03  -8.83180121e-03
  -1.85172553e-02   1.66716524e-03  -5.03627835e-03  -3.64406417e-05
   7.02739477e-03  -1.64334275e-02   1.45230180e-03   3.36419353e-03
   7.93552043e-03]
[ 0.01742129  0.0148121   0.00130012 -0.00690115  0.00060763 -0.00890146
  0.0015061   0.0055555  -0.00412666  0.01450147  0.01735884 -0.01066793
  0.01048494  0.00126755  0.00807542 -0.00861556  0.00540315  0.01161045
 -0.01351505  0.00151671  0.01997486]
[ 0.01791334 -0.022568    0.01867832  0.00841085 -0.02742027  0.01000028
 -0.01261755 -0.00022692 -0.01525941 -0.00210993  0.02596894  0.00602857
 -0.02072006 -0.01666658  0.01169483  0.02154198 -0.01467676  0.01211082
  0.02568044  0.02020808  0.01282432]
[ 0.00895269 -0.01034367 -0.00377337  0.01436103 -0.00391574  0.00932855
  0.01693305  0.00529921 -0.0012016  -0.00911658  0.01019515  0.00553057
 -0.0021969  -0.02694972 -0.00105234 -0.01554611  0.01794075  0.00800149
 -0.02385522  0.01107224 -0.01994112]
[  8.26116359e-03  -1.05175735e-02   4.17519794e-03   4.20455080e-03
  -8.36525328e-03   2.27487869e-03  -2.40357699e-03  -4.02577017e-03
   6.00261451e-03   7.10869494e-03  -3.04246916e-05   3.74580964e-03
  -6.27133346e-03   1.33192141e-02  -7.76730679e-03   3.22865433e-04
   1.89451426e-02   1.32323076e-03  -5.53331988e-03  -1.48304328e-02
  -5.37888752e-03]
[ 0.01185801  0.01071557 -0.0010797  -0.00111317 -0.00334021 -0.00511989
  0.00572797 -0.01245474 -0.0007576  -0.01282996  0.00497966  0.008268
  0.00870096  0.00449061 -0.0028933   0.00925526 -0.00014976 -0.01153698
  0.00824215 -0.00297025 -0.00463902]
[ 0.00437474 -0.0027469  -0.00493704  0.00215641  0.01841604  0.00468999
  0.01067184  0.00283101  0.00132747 -0.00015237 -0.00767423 -0.00018286
  0.00446224 -0.00403119  0.00340194  0.01534417 -0.00209088 -0.00163699
 -0.00134967  0.00595836  0.00067154]
[ 0.0050558   0.00389987  0.00299617 -0.00091231 -0.00268647 -0.00192881
  0.00361281  0.00646995 -0.00103629  0.01065218  0.00764688 -0.01353547
  0.00279651 -0.0027639   0.0017266  -0.00867556  0.00171979  0.00452209
 -0.0142964   0.00901501 -0.00019779]
[ 0.0132694  -0.01475225  0.00972748  0.00492195 -0.01698304 -0.00707904
 -0.01202255  0.00297274  0.00522504  0.00241133  0.00697404  0.00603088
 -0.00346174 -0.00640094  0.00587384 -0.01124993 -0.01875171 -0.02045577
  0.00723012  0.01083016  0.0019773 ]

Right eigenvectors

[ 1.         -1.19064462 -1.92688194 -0.52142382 -0.62209184  0.36875612
  0.13115143  0.56780434  0.84320016 -0.70953272  0.67839481 -0.3035243
  1.15753179 -2.36078223 -0.47388715 -0.72634631 -0.39829926 -0.83727479
  1.24618259 -1.86913148  1.08232   ]
[ 1.          0.83001674 -0.00506483 -0.13249083 -1.16937212 -0.56861238
 -0.03287258  1.70839872  0.06939402 -0.60362772 -1.09740579  2.49060611
  0.66807168  0.21821343  2.9858834   0.07031359  1.12604734 -0.19093529
  1.12146701 -0.52367143 -0.87708387]
[ 1.          0.86741812 -0.11415458 -0.35760308 -0.06160923 -0.35901901
  0.39538491  0.91482373 -0.47240446  0.15345831  0.21178556 -0.6454329
 -0.49223837  0.51890236 -1.5177434   0.60729207 -0.19740078 -0.25860176
  0.22402244 -0.13570406 -0.72654419]
[ 1.         -1.19020246  0.98946133  0.92331821  0.1289035  -0.98660293
 -1.75968726 -0.13975236 -0.91841511 -1.14767351 -1.17131619 -1.2246141
  0.66871392  1.37608133 -0.13641857 -0.34456157  0.99931035  0.70363786
  0.54932443  0.80794983  0.09705659]
[ 1.         -1.15464939  0.27224869 -0.37314694  1.12109286 -2.6109151
 -2.14870834  0.13766488 -0.57226865 -0.42534747 -0.31610463  1.44653133
 -0.56165435 -1.94347438  1.2963081  -1.99140481 -2.67708248 -3.2207868
 -0.64772076  3.88796675 -0.81343258]
[ 1.         -1.23494883  1.92485053 -1.61879295  1.34254781 -1.61580211
  0.14535191 -0.24686119  2.6586174   0.14680105 -0.38689031 -0.32191394
 -1.30629642  1.39999839  0.76192032 -0.30030107 -0.17113487 -0.19382716
 -1.2388653   0.95503731 -3.00270239]
[ 1.          0.92145063 -0.20904816  0.49313902  0.54692665  0.70486649
 -0.96346065 -0.63995715  0.44269332  1.45729592 -1.05100896 -1.06381187
 -1.73024422 -1.17427409 -0.69968476 -0.43702172 -0.46905168  0.17875693
  0.65891496 -0.44165563  0.63191547]
[ 1.          0.84622936 -0.39298669  0.01107186 -1.70495452 -2.84063624
  2.67252137 -0.52490075 -1.54674624 -1.63560944 -2.43369683  0.95604414
 -1.88442274  0.3460399  -2.19565611 -0.03953351 -1.60424428 -0.43404468
 -1.05828132 -0.32926881  1.66762682]
[ 1.          0.90442607 -0.04207031 -0.14971586 -0.05097307  0.24104045
 -0.57935501  0.73226584  0.20886285  0.71607581  0.10797224  0.21284729
  0.37815071  0.07447792  0.0800862   0.15568725  0.107524    0.65781047
 -1.00069974  0.31250463  0.14264434]
[  1.00000000e+00  -1.24868627e+00  -8.72463490e-01  -9.41895148e-01
  -3.48114818e-01  -4.79547623e-01  -1.80610132e-01  -6.33997746e-02
   2.21262856e+00  -1.02383096e+00   2.97768088e-01  -1.43520510e+00
  -1.12604982e+00   3.76626430e-02   9.46397215e-01   2.34793112e+00
  -2.05619532e-03   1.82528152e+00  -7.54872079e-01  -6.93965874e-01
   6.39434414e-01]
[ 1.          0.66876189  0.53303332  0.40811668  0.99786799  0.73945072
 -1.56487209  3.60976152 -0.2062267   1.73764231  0.02048923  0.44278407
  1.28162523  0.82834281 -1.37954566  1.13194569 -3.16954316 -0.8123342
 -1.04675464 -1.6541608  -0.13936877]
[ 1.         -1.19879267 -1.95262884  0.31548568 -0.62471788  0.50990303
  0.09302441  0.38660284  0.80792379 -1.18378552  0.28059612 -1.90698448
 -0.76676016 -0.54930467  0.87178868  2.10018129 -0.10489998  0.90948514
 -1.46632168 -0.29701583 -0.66247779]
[ 1.         -1.27333539 -0.28597076 -2.08028586  0.10350744  0.50545228
  0.37338432 -0.8139196   0.22764842  1.93556394 -0.63958112  1.26655686
 -0.12106425  1.31027324 -1.337694   -1.37922677  2.10742802  0.3114306
 -0.0563493  -1.99827209 -0.54085169]
[  1.00000000e+00   8.94002195e-01  -2.24534192e-01  -2.53857612e-01
  -1.18607826e+00  -1.14282881e+00   1.16625982e+00   5.59722515e-01
  -8.68811437e-01  -9.85534096e-01  -9.89996731e-01   6.05659391e-02
  -1.65801041e+00   4.73482868e-02  -9.06025680e-01  -1.32078638e-01
   7.39997887e-04   3.55894156e-01  -3.80138082e-01   3.63404768e-02
   2.74751064e-01]
[ 1.          0.92667652 -0.0877052  -0.24896672  0.43459216  0.28833708
 -0.25555357  0.30922661 -0.10658769  0.56191459  0.45782068 -1.28041281
 -1.32177383 -0.18985145  1.38355353 -1.39756559  1.51585026  0.26113353
 -0.86848296  0.11531056  3.94199023]
[ 1.         -0.91029793 -1.10217367 -1.11898746 -0.06253889  1.99132743
  0.64209496 -0.83012637 -1.24846473 -0.32463661 -1.73235654 -0.99565741
  0.69531593  1.14899766 -0.6140156  -0.42570478  0.53190235  0.52617159
 -0.90361841  1.72692666  0.43159419]
[ 1.          0.8833886  -0.00698172 -0.1892306   0.17522727  0.06579179
  0.24134199  0.197426   -0.14745142 -0.42018406  0.37369162 -0.41051995
 -0.18782529  0.36838396 -0.00415998  0.06919821  0.46175538 -0.81771684
  0.18562087 -0.02730422  1.14771756]
[ 1.         -1.24793571  1.0851014  -0.34097786 -0.58116154  1.12492063
  0.36952217 -0.2688575  -1.13837557  0.42374279  0.4378724   0.74507163
 -0.12045533 -0.4936935  -0.91047513 -0.55246825  0.97768154  0.50263809
 -0.13780441 -0.28533564  0.36406732]
[ 1.         -1.21736293 -0.07507437 -1.03078316 -0.20544232  0.96953384
  0.07407157  0.05552195 -1.50383547 -0.64280144  0.25314891 -0.32121426
 -0.04271439 -1.4047144  -0.25491284  0.77623528  0.49518357  1.1323107
 -0.23107743 -0.49975549  0.2690802 ]
[ 1.         -1.25536868 -1.72874728  0.20589088 -0.08599687 -0.42996419
  0.15966114  0.4295575   1.22348445  0.11657776  1.30394012  0.33115895
 -0.67134858 -0.58799331 -0.06916969  0.26161497 -0.03038903  0.34215795
  0.52789113  0.17382546  0.05386739]
[ 1.          0.91553443  0.16113485 -0.50093278 -1.3617015  -2.97946754
  1.71804192  1.10299063 -1.24293465  2.19710649  0.44459449 -1.94038715
  1.17686959 -1.02371842 -0.02347046  1.73963079  1.92302841 -0.27500949
  3.09908549 -0.91391825 -3.21614289]
[ 1.          0.86337634 -0.13940064  0.23141704 -0.46269198 -0.73799179
  0.33346704 -1.4791858   0.04464584 -0.04029425 -0.45928218  0.18152811
  0.1102588  -0.49271163 -0.44212379 -0.37505396 -0.83422651  1.05758611
  0.11080824 -0.2715858  -0.15723053]
[ 1.          0.86429362  0.17353539  0.27298415  0.35447685  0.35718032
 -0.35316434 -2.67507363  0.54400945 -0.18706896  1.28599012 -0.07428008
  1.37448326 -0.27180107 -0.54521384  0.43823157  0.16558014 -0.81872854
  0.51407491 -0.33270763 -0.88195957]
[ 1.         -1.14486965 -2.24700628  4.82897367  1.42884207 -0.23331236
  1.03394066  0.15984614 -1.08468596  0.70969786 -0.35801948  0.75660172
  0.63699918  1.71069834 -0.08474036  0.03412189  1.59028446  0.53044919
 -0.99791883  0.52490043 -1.02944322]
[ 1.          0.44577781  0.94373109  0.83799572  0.91284857 -0.74978749
  0.02364877 -1.81569446  0.33004784  0.23987963 -2.17847059  1.02983227
 -0.89516263 -1.44506924  2.92412182 -1.52676414 -0.36667237  1.0925346
  0.67619667 -0.73898902 -0.08056926]
[ 1.         -1.17808058 -0.46324895 -1.05140203  0.93923517 -0.55774672
 -0.96343284 -0.14451351 -1.36802323 -0.04226569 -0.20334354  0.65448524
  0.10925559 -0.78949304 -0.026901   -0.38976166 -0.03750137 -1.0523544
 -0.70120526  0.69012451 -0.05969757]
[ 1.         -0.54495453 -0.97675131  1.38284339  0.03888659 -0.72686863
  1.56925064  0.3637294  -0.46385533  0.03760243 -1.61656568  0.98599631
  0.7904262   0.79845172  0.43751872 -1.02259976 -0.99929245 -1.29989141
 -2.00414945  0.8747233   0.81592021]
[ 1.         -1.22565827 -0.48265341 -2.55934116  1.08012879 -0.12991322
  0.59133672 -0.45523314  1.0861846   1.1928234  -0.75513897  1.02457533
 -0.01053218  2.44370661 -1.57369002 -1.36371199  1.92805878  1.74027651
  1.57427661  0.35592372  0.64363719]
[ 1.         -1.09620402 -0.44670628 -0.11258142 -0.15554613  2.78311458
  2.50696476  1.81912506  1.63774526 -2.24967084 -2.00137948 -0.71892036
  2.5873848  -3.32534468 -0.29868539  0.99165234  0.87710161  1.52669038
  1.07643099  1.64636559  0.66360354]
[ 1.         -1.2184413  -0.14980156  1.18251677  1.43682093 -1.46363574
 -2.66194863 -0.13004585 -2.11197469 -2.77763924 -3.09882332 -3.69458679
  3.12598822  2.84742459 -1.32733627 -0.92749193  2.40008361  2.07474295
  1.18215177  1.14379006  1.60472977]
[ 1.          0.80455043 -0.44695271  0.10735617  0.8177408   2.33275088
  0.12398536 -0.9102982  -0.020531   -2.71589595  0.22229714 -1.25642137
 -2.24106488  0.60704126 -1.88031222 -0.96193264 -0.82781614 -0.49877112
  1.43585509  0.28435555 -2.54339915]
[ 1.          0.91692539 -0.05750785  0.35595467  0.46242648  1.0715465
 -1.66116935  2.06980984  0.30895426  1.61239658 -1.65543692  0.54772558
 -1.38913877 -0.23003037  0.15512902 -0.49470372 -1.40319972  0.55390907
 -0.55831607 -1.40998792  0.83367177]
[ 1.         -1.20247264 -1.31602743 -0.995016   -1.4045913   0.57159442
  0.43220755  0.06726927  1.10359865  0.28345347 -0.74944238  0.46215254
  1.65953349 -2.09109282 -0.72799222 -1.84858359 -0.9195097  -4.86693993
 -1.26239273 -3.7275171   0.88305532]
[ 1.          0.72585846  0.05998728 -0.37073995  0.88904923 -0.24870841
  0.74726633 -0.57638041 -0.3226915  -1.01668639  1.5915573  -0.40720586
  0.55746958  0.54613687  1.5743297  -0.7907894   0.11421427 -0.16868366
 -0.01648546 -0.57338776  0.88105056]
[ 1.          0.91006797 -0.12187101 -0.01387548  0.02468691 -0.05946115
  0.14114476  0.54744562 -0.12848244  0.18392494 -0.28553706 -0.28996168
 -0.40614649  0.14560232 -0.92210216  1.17881221  0.09796525 -1.77577628
  0.86258195 -0.13854948 -0.57173195]
[ 1.         -0.96616634  3.71847265 -0.18320455  0.1534433   0.53446809
  2.91718127  0.24721434  1.70045458  1.16560516 -1.14337169 -0.47069328
  0.8972      0.22325462  0.46469355 -2.38947272 -1.31812665 -0.47926469
 -0.5396947   0.96908476 -0.68383515]
[ 1.         -1.25032427 -1.42027841  0.33944355  0.1162051  -1.61784707
 -1.94053382  0.94826954  0.97476421 -1.7531907  -0.69057327 -1.89631463
  1.517853   -0.35053686 -0.60729893 -0.11546819  0.26410925  0.60018677
  1.64875166 -0.18974351  1.71619494]
[ 1.          0.84280419  0.27353369 -0.04265982 -0.27912841 -1.00683534
  1.04093255  0.02094392 -0.19079951  0.76027907  0.76949024 -0.95406149
  0.67776847  0.01397353  1.42247865  0.12142178  1.18555755 -1.34194031
  0.03339872  0.25513561  0.08100891]
[ 1.         -1.25347358  1.56874754  0.34408557 -1.00210062  1.1359511
  0.95569647  0.31006889 -0.83816899  1.57993255  1.62970867  1.62062844
 -0.566817    0.2686468  -0.59685812  0.0776576  -1.50980101  0.95784269
  4.17414815  2.20961232  1.93367805]
[ 1.         -1.16323124 -0.45886357 -0.81556431  0.76451294 -0.09311102
  0.76531586  0.30226219  0.36445776 -0.37886396  0.90190561  0.60780183
 -0.66299477 -1.52641791  0.03480468  0.84672129  0.02419558  0.28578821
 -0.70533456 -0.14720804  0.04192365]
[ 1.          0.87531575 -0.04266579  0.01665505  0.04143455  0.57913489
 -0.68626255 -0.49293372  0.26059544  0.82867161  0.63653808 -0.91835298
  0.15879347 -0.15684668 -1.24240002 -0.53473221 -0.7706495   0.69980258
 -0.93957575  0.60149456 -0.47987493]
[ 1.         -1.06888674  1.92474198  0.16491974 -0.41467507 -0.11040795
  1.20451705  0.02924254  2.22223939 -0.03641093 -0.44415082 -0.6414005
  0.1116657   0.76064974  0.64377915 -0.23006471 -0.87947887 -0.64815621
 -0.18686312  0.32741852 -0.22552616]
[ 1.          0.90668062 -0.00734098  0.00324317  0.33746084  0.53073639
 -0.31637753  0.73879316 -0.10883318  0.03027511 -0.10777575 -0.29725765
 -1.39650859  0.26376903  1.63406245 -1.70034894  0.35882895  0.32585396
 -0.5350213  -0.86566066  2.09665212]
[ 1.         -1.20421982  0.39818332  0.57594022  0.46956651  0.15829279
  0.71616603 -0.13627591 -0.37704922  1.51948459  0.99020801  2.09357361
 -0.83751647  0.18520498 -0.8951465  -0.51166083  0.72247405  0.05434315
  0.14783401 -0.72744095 -0.03055849]
[ 1.         -1.19294222  0.87347807  1.58576453 -0.79770486 -0.85781929
 -1.69350384  0.12155306  0.20746176 -1.36581737 -0.82868465 -1.23087775
  0.77309178 -0.21949414 -0.59504785 -0.43246713  0.5770901  -0.04984199
  0.18796348 -0.36715271  0.94873801]
[ 1.         -1.19091629  1.21955381 -0.51697047 -0.68010041  3.09831989
  3.03858152  0.24550315  0.68179674  0.79321875 -2.89882247 -0.66890473
  2.62061261  0.08842835 -0.28665634  0.28170366 -0.9033482  -0.42710916
  0.8630767   1.31153359  1.4622035 ]
[ 1.         -1.15418372 -1.54950593  1.76850942  1.55010982 -1.31497662
 -1.23987529  1.1323618  -2.21569633  0.00372539  0.735493    0.58260854
  1.41899775 -0.15747095 -1.26298243 -1.37817863  0.08646095  0.66560605
  2.10492942  0.74237998  0.23914639]
[ 1.          0.69852645 -0.13291483  2.02406632  2.82115846  1.02368944
  0.44256889 -2.23979654  0.12412049  0.89839566 -1.12416664 -1.20162197
 -1.73500922 -0.90123144  0.8789499  -0.29780072 -0.65848035 -0.82365629
  2.0461297  -1.48262166 -1.28053885]
[ 1.         -0.85861566  3.3224637  -0.88529029 -0.03285148  1.54066288
 -1.08888953 -0.59590042 -1.90218332 -1.25587626  0.93416835  1.07414354
 -0.09176888 -0.09784595 -1.07693575 -0.93342944  2.43662974  1.02280642
 -0.27429977 -0.9213183   0.46381433]
[  1.00000000e+00  -1.23145815e+00  -2.02257611e+00   1.41551548e-01
  -6.73066377e-01   3.25668336e-01  -2.35567437e-01  -1.38996071e-02
  -2.39508913e-01   4.16350790e-01  -7.65968885e-02   1.74562551e-03
   5.99619933e-01  -3.32366902e-01  -8.02166197e-02  -6.66335580e-01
  -2.45776981e-01  -1.19953336e+00  -2.35286805e-01  -5.51884437e-01
   1.59974542e-01]
[ 1.         -1.13705101 -1.65248133 -0.01180726 -1.56260892  0.87463817
  0.54003482 -0.83703747 -1.1902005   1.18981973  2.2417205   0.21393313
 -1.73728118  2.15979555  1.74390728  0.98287917 -1.96135601  1.21050446
  1.54976614  0.97216203  0.51083427]
[ 1.          0.86813798 -0.23384889  0.35931663  0.01319457 -0.14353211
 -0.56732573 -2.05686532  0.65638948  0.42851376 -0.84207646  0.84066562
  0.3416829  -0.99660561  0.19000013  0.63881891 -0.02337106 -0.51413986
  0.92955427 -0.34799083 -0.19598556]
[ 1.         -1.29273907 -1.29579383  0.89974559 -1.45226814 -2.18533948
 -1.74368716  0.78907573  6.53493532 -2.61855311 -0.34816909 -5.02818107
 -1.50173289  2.10673415  1.57426479  4.21001475 -0.592533    2.70420209
 -1.71559851 -1.29852997  0.05246882]
[ 1.          0.91150012 -0.03290435 -0.25979028 -0.37273673  0.32417068
 -0.50456911 -0.66117736  0.37212297 -1.13294669  0.33641455  1.22694969
  0.87306277  0.40469299 -0.93403112  1.13123768  0.60054236 -0.68850011
 -0.45074238  1.26548471  0.35392123]
[ 1.         -1.19239942 -2.52970788  1.01599002 -1.38230909 -0.03827931
  0.47762312 -0.13198858  1.59263236  0.88881343  0.13583799 -0.18469996
  0.13642271  1.48731027  0.56461055 -2.09186626 -0.77989912 -0.47738328
 -0.07617786  1.29354205 -1.79225242]
[ 1.          0.87302709  0.21603326 -0.06269263  0.15222276  1.13258061
 -0.98582078 -0.33930138  0.42338157 -1.16867148  0.94898464  1.47812719
  1.1517522   1.10863976 -0.7544698   0.23497656 -1.05975961  0.29796854
 -1.03659244 -0.54590232 -0.30323623]
[ 1.         -1.20324388  1.76851009  2.321574   -1.10018388  0.00285004
 -0.32579501  0.61835859  1.71686793  0.44869494  0.25964598 -0.3587413
 -0.60059078  1.54850181 -0.41323131  2.5992153  -0.66086335 -0.62305128
  0.15618317 -1.79283449  1.69932714]
[ 1.         -1.08615471 -0.56669691 -2.89031501  1.35218535 -0.6238984
  0.74338883 -0.18761966  0.44094148  1.74140347  1.29170451  1.72920725
 -1.42763195  1.5972493  -0.97769411 -0.56168855 -0.17474831  1.53725617
  2.44397719  1.72972982  1.61886378]
[ 1.          0.88247704 -0.19963152 -0.08575057  0.59924494  1.45315478
 -0.5282671   1.26204571  0.31003346 -1.0246317  -0.6545571   0.52419357
 -0.96151251  0.34457514  0.35109384  0.24775381  0.48311956 -0.86389988
  1.17250289  0.0945739  -0.53550122]
[ 1.         -1.20956007  2.71293185  2.02432395  1.1047579  -0.13637769
  0.56181837  0.44950697 -0.37094245  0.73146821  0.51844887  1.14879662
 -0.17522096 -0.27763146 -1.02824741  1.69344129 -0.39708881 -1.40640159
 -1.11903759 -2.68639717  0.93633155]
[ 1.          0.86973263  0.24354185 -0.20379423  0.22235305 -0.32447863
  0.18640195  0.31688023 -0.09680207  0.18150409  0.69051247 -0.12266808
  0.94395176  0.18814044  0.59907028  0.37552189  0.268515    0.04490807
 -0.19767664 -0.27882779  0.77659593]
[ 1.          0.8453474  -0.24739654 -0.36333955 -0.26861197  2.17619187
 -0.84419291  2.83678673  0.83400308 -2.59274335 -1.47689511  2.65004141
  0.17466062  0.44254303  0.81289516  0.63403305  0.60305071  0.95766303
  1.96137858  0.25281854 -3.11189492]
[ 1.          0.88238606 -0.29999235 -0.21464387 -0.27898934  0.77400552
 -0.35664183 -0.40453145  0.41545371 -1.59729073  0.51439403  1.16948856
  0.20416488  0.72608453 -0.16485534  0.38738486  0.45059427 -1.16185448
  0.31645403  0.31274612  0.00603524]
[ 1.         -1.26980669 -1.02651301 -3.24011538 -2.09553179  3.06427636
 -1.36730486 -2.63832311 -6.20784472  1.30991776 -2.97127696 -2.12198121
  0.87417019  1.61674922  3.55410343  2.31160816 -1.75088936 -0.88757875
 -2.08079828 -0.99720398 -1.98689684]
[ 1.          0.72908227  0.08532165 -0.12407495  0.14988775 -0.04182475
 -0.8854837   2.5492087  -0.45781924  1.40201003  0.7482215  -0.81999925
  1.05991729  0.27326747 -0.60497382 -1.23664257 -2.08174944  1.4449739
 -0.62262285 -0.82163816 -1.38380833]
[  1.00000000e+00  -8.52389467e-01   2.51193937e-01  -2.98330768e+00
   6.69023387e+00  -2.47699438e+00   2.94602847e-01   8.37787680e-02
  -1.18704163e+00  -1.38395748e+00  -1.21524310e+00  -1.09927153e+00
   1.54421415e+00   2.19616590e+00  -5.37910287e-03   1.08563697e+00
   8.34639516e-02   1.65999022e+00   1.03554660e+00   1.39561743e+00
   6.79776825e-01]
[ 1.          0.90791144  0.21740007 -0.21648947  0.03038439  0.37302881
 -1.13832198  2.89192802 -0.02771519  0.55382481  0.3668555   1.62779947
  1.31695336  1.54739181  0.6323892   0.37210314 -1.48261858  0.56715567
 -1.84457347 -2.13812067  1.25013768]
[ 1.          0.92372629  0.01078163 -0.17856881 -0.47514207 -0.10285218
 -0.60779515  0.08813526  0.39743011  1.14291869  0.00809095  0.02067246
  0.60491138 -0.5992869  -0.09902455  1.0939393   1.36546436 -0.46363956
 -0.40522524  1.59714055  0.36127088]
[ 1.         -0.15148083 -0.66726677  0.30495572 -0.67638407  0.91160802
  2.13515918  0.92482595 -1.55516204 -2.96800064  2.06825396 -3.20424331
 -2.87135014 -1.34104689 -0.09505506 -1.52147265  0.09335078  2.26396188
 -2.0755354   0.67605133 -1.54223047]
[ 1.         -1.17262935 -2.33807332 -1.09051086 -1.01015992 -0.31707956
 -1.14710175 -0.40384425  0.35171854  0.56072361 -0.51501435 -0.79874591
  0.95614992  0.57024939  0.26107338 -1.87628168 -0.95321881 -1.62531892
  0.27988314 -1.59880202 -0.83269935]
[ 1.          0.91278086 -0.07517742 -0.32014215  0.12767929  0.44317885
  0.37834452  1.6212535  -0.55558733 -1.27081909 -0.83040568 -0.06995141
 -2.46618294  0.47266495  2.79691065 -1.52397762  2.37199098 -1.39628978
  0.80835854 -0.02835594  2.06919336]
[ 1.         -1.25439035  1.45197216  0.3197091  -0.6226612  -0.23919465
 -0.58116255 -0.10384691  0.28903298 -0.17424263 -0.49194172 -1.09874284
 -0.02214406  1.17863477  0.47786642  0.36756854 -0.75392304 -0.36165994
  0.2962412   0.28383728 -0.44380293]
[ 1.         -1.07709273  3.73944391 -0.18292427  0.97993892  1.0009426
  1.50806984  0.50810301 -1.87720723 -0.68268974  1.35198866  0.03000397
  0.34041831 -2.28413928 -0.72124905 -0.2338514  -0.50639731  0.88031506
  0.35984826 -1.35348568 -0.47556096]
[ 1.          0.80878457  0.3833887   0.96147963 -0.1656633  -0.80130896
 -1.30130991 -3.99032252  1.27441338  0.72275988 -1.79145669  1.26583127
  1.27453387 -2.61169059  0.43068309 -0.54056589 -1.32285606  4.23731821
  0.21386018 -0.42148779  1.06394938]
[ 1.          0.83445762  0.08590979  0.39938426  0.19260939 -0.15092999
  0.29964529 -0.85933146  0.03265556 -0.21226385  0.7804639   0.36352
  0.83738455  0.51635983  0.66624552 -0.43787769 -0.50611403  0.70650557
 -0.8950411  -0.55776517  0.90216369]
[ 1.          0.78634945  0.10672163 -0.29694888 -0.61901886 -0.73332102
  0.94166592 -1.06822133 -0.10533431 -1.2457986   1.62498035  0.43223298
  1.22518965  0.91452904  0.53155982  0.18462171 -0.1273926  -0.49883054
  0.06346678 -0.05363686 -0.00191209]
[ 1.         -1.25119962  1.65723196 -0.71036592  1.59183327 -2.4758561
 -2.11167056  0.1505356   0.28253236 -0.26409929  0.23664742  1.14384664
 -1.40704933 -0.20180266 -0.32957814  0.31544684 -0.18240077 -1.39961252
 -0.62317021  1.37961282 -0.66615732]
[ 1.         -1.08883958  1.28030473 -0.28501018  3.99346478 -0.64968264
 -0.4119103   1.70213017 -2.80919379  0.38096012 -0.16874519  1.54907077
  1.41540464 -1.67183865 -1.24946401  1.57916617 -2.40324693 -1.26728068
  0.48135098  1.23757021  0.77751777]
[ 1.          0.90011152  0.1963551   0.0357344  -1.42102424 -2.17459039
  0.79389309  1.15987128 -0.45114956  0.7537414  -2.43812997  1.90270765
  0.05168538 -0.96853151  3.66072394 -0.16049329  1.37634659  1.11815321
  1.25655807 -0.95249122 -0.20683447]
[ 1.          0.86147353 -0.12360025 -0.10957242 -0.36727575  0.30832246
  0.00383248 -0.5812918   0.11840205 -0.7431905  -0.32483033  0.13454394
 -0.45203353  0.40202622 -1.53031699  0.39002844 -0.23774175 -0.13386135
 -0.64977978  1.21443422  0.08993735]
[ 1.         -1.22779971  2.19099832  0.60950256 -0.77211087  0.0626407
 -1.29510603 -0.51835888 -1.70627709 -0.36942031  0.09601355 -0.08174285
 -0.78226502 -0.1932088   0.32330696  0.26751711  1.16219793  0.42277164
 -0.71339055 -0.22576973 -1.19610065]
[ 1.          0.92669732 -0.09371171  0.00904298 -0.67032519 -0.74398011
 -0.17651263  0.15284308  0.03224996  1.66564879 -0.71800658 -0.53923366
 -0.11328739 -1.10312641 -0.69147636  0.8060733   0.45426749  0.2417166
  0.42318409  0.50818027 -0.49573233]
[ 1.         -1.207484    1.3110366  -0.14141115 -0.7250417   0.27780185
 -0.89237921 -0.63437436  0.04858528  0.19195709 -0.01189473  0.85015707
 -0.06602195 -0.45554526 -1.57233396 -0.48534323  2.22924646 -1.59234571
 -1.00812237 -2.89896465  0.08555135]
[ 1.          0.91096283 -0.07705437 -0.00688765 -0.37200599  0.43454869
 -1.04603945 -1.51040157  0.90984089 -0.83167577  0.41980981  2.08882982
  2.22249967  0.15046275 -0.54004301  0.71487406 -0.97431431  1.34946513
 -0.43878625  0.24590369 -1.20233199]
[ 1.          0.88773872 -0.09671258  0.11540676  0.28140344  0.35974877
 -0.48993243 -0.47634292  0.36185514  0.75770302 -0.19803122 -0.26841915
  0.12704879 -0.55868245 -0.29842787  0.47711884  0.14564088  0.23945732
 -0.28763716  0.94072473 -0.42992616]
[ 1.         -0.79807443 -1.48064416  5.93728571  3.30423103  0.28413836
  2.58803663 -0.67056409 -1.23276289  2.03533014  0.03814     2.02965289
 -0.81777748  2.32657788  1.31588729  3.79848782 -0.43845332 -0.09804456
 -1.52613754 -1.23106141  0.47753236]
[ 1.          0.81474075  0.12495634  0.02996925  0.71795659  1.27071016
 -0.36641487  0.12768061  0.02805103 -0.78374166  0.39400312 -0.1051771
 -0.54676557  0.4518374   1.48863536 -1.05145599  1.29625565 -0.84277309
 -0.28988718  0.482871    1.01710563]
[ 1.          0.88439049  0.10493219 -0.29248234 -0.70894942 -0.13911229
 -0.2687861   2.26361146 -0.13479355 -0.82545977 -1.04972085  1.64308174
  0.24914806  0.26138728  0.79101995 -0.76002167 -1.11163159  2.97827341
  0.22503875 -1.09604795 -1.71092351]
[ 1.         -1.1345632  -1.00866151 -2.17831065  2.15200112 -1.10191677
 -0.10151039 -0.3155927   0.36474359 -0.41233698 -0.31196016  0.15973768
 -0.6797079  -0.86222637  0.75054172  1.83843359 -0.05167686  0.14079472
 -1.55262461 -1.19676014 -0.1895328 ]
[ 1.          0.90433561 -0.17709144  0.30723431  0.7539743   0.9617239
 -0.448555   -0.25981889  0.21882059  0.3311911  -0.52808611 -1.12330682
 -1.75533761 -0.68001924  0.14751336 -0.70128188  0.46771575 -0.21389768
  1.31729534 -0.06570306 -0.30166952]
[ 1.          0.41340405  1.27666283  0.06687012  1.82224154 -0.45493322
  1.88761967  0.38764448 -1.02674887 -1.19863648  1.68690421 -2.1808179
  1.04046171  0.43624702  0.30822104 -1.54042748 -1.62171555  0.3965655
  1.38758579 -2.13833386 -0.8200615 ]
[ 1.          0.91955274 -0.07739553  0.08607952  0.47523358  1.12390214
 -0.59201873  0.91399923  0.13473526  0.29961469 -0.37089267 -0.77251032
 -1.61968894  0.14582556 -0.44051908 -0.00318743  0.61468038 -1.43741825
  0.12703163  0.29426321  0.69411338]
[ 1.          0.85023017  0.07462827 -0.39613346  0.0348786  -0.51095286
  0.08645144  0.31889151 -0.23687443  0.83239973  0.99641547 -0.61235
  0.60184641  0.07275894  0.46353751 -0.49454199  0.31014666  0.66645208
 -0.77577776  0.08706075  1.14657757]
[ 1.         -1.25984351  1.04270467  0.46952995 -1.53071815  0.55825895
 -0.70436654 -0.01266768 -0.8518465  -0.11778519  1.44969846  0.33654104
 -1.15668367 -0.93040065  0.65285595  1.20256663 -0.81932006  0.67607823
  1.43359322  1.12810274  0.71590903]
[ 1.         -1.15536969 -0.42147882  1.60410133 -0.4373812   1.04198265
  1.89139138  0.5919129  -0.13421645 -1.01830586  1.13878002  0.61775536
 -0.24539014 -3.01023663 -0.11754483 -1.7364735   2.00395022  0.89375181
 -2.66458574  1.23674924 -2.22738849]
[ 1.         -1.27313464  0.50540071  0.50895382 -1.01259988  0.27537025
 -0.29094896 -0.48731273  0.72660642  0.8604956  -0.00368286  0.45342398
 -0.7591344   1.61226853 -0.94021946  0.03908232  2.29327774  0.16017486
 -0.66979909 -1.79519902 -0.65110531]
[ 1.          0.90365696 -0.09105208 -0.09387523 -0.28168394 -0.43176633
  0.48304616 -1.05032342 -0.06388951 -1.08196613  0.41994025  0.69725047
  0.73376234  0.37869867 -0.24399506  0.7805068  -0.01262953 -0.97292733
  0.69507007 -0.2504849  -0.39121383]
[ 1.         -0.62790057 -1.12853308  0.49292324  4.20963068  1.072062
  2.4394223   0.6471262   0.30344011 -0.03482949 -1.75421349 -0.04179826
  1.02000023 -0.92146882  0.7776333   3.50744689 -0.47794461 -0.37419062
 -0.30851463  1.36199121  0.15350295]
[ 1.          0.77136438  0.59261912 -0.18044795 -0.53136339 -0.38150498
  0.71458662  1.27970797 -0.20497039  2.10692169  1.51249531 -2.67721367
  0.55312795 -0.54667794  0.34150828 -1.71596102  0.34016227  0.89443626
 -2.82772115  1.78310203 -0.03912087]
[ 1.         -1.11174915  0.73307582  0.37092444 -1.27986505 -0.53348613
 -0.9060356   0.22402952  0.39376637  0.18172073  0.52557284  0.45449513
 -0.26088114 -0.48238382  0.44266054 -0.84780984 -1.41315417 -1.54157432
  0.54487151  0.81617524  0.14901227]
