Cluster centers 

[ 0.62230869  0.38529987  2.42317139  0.72000811]
[-0.79836442 -1.05823994 -0.25049509  0.39571366]
[ 1.3897032  -0.33449698  0.18657913  0.02436178]
[-0.79114361  1.56557878  0.51008911 -1.02132828]
[-0.79459565  0.55555768  0.1147381   0.79444944]
[ 1.29627882 -0.1142089  -1.99645155 -0.50913501]
[-0.76338836 -1.52851123  0.20137737 -1.90679606]
[ 1.40969783 -0.2542479  -1.0809424  -0.57617312]
[ 0.55676732 -0.95478941  2.24970963  0.25923913]
[-0.69594828 -0.48791144  0.6827038   1.17243119]
[-0.70894618 -0.45032645 -1.99354052  0.88268843]
[ 1.30350155  0.08260626  0.88177761  0.8783654 ]
[ 1.39238076 -0.3315619  -1.27893711 -1.28800698]
[-0.81615759  1.42010718 -0.12276137 -0.42984472]
[ 1.04285637  1.69889162  2.20011279 -0.82382047]
[-0.76120967 -1.30178521  0.15103461 -0.22487228]
[-0.7817182   1.1650796   0.48377745 -0.20063068]
[-0.76899931  2.01985462 -0.90360039 -1.31281753]
[ 1.40230826  0.22560475 -1.17279457  0.70291026]
[-0.79999169 -1.15674872 -1.3078984  -0.8698356 ]
[ 1.32091026  2.50689765 -1.18509239 -0.71212254]
[ 1.38672313 -0.58644361  0.17368361 -1.09777345]
[-0.46984426  0.90443144  1.92966606 -0.17052172]
[-0.79565302 -0.21829878 -1.21628248  1.26407395]
[ 1.19967012  0.67109171 -2.2848365   0.83270491]
[ 1.2746434  -0.32506544 -1.94163713 -3.19219351]
[-0.71345577 -1.60315966  0.56925972 -2.64892025]
[-0.80432903  1.26719447 -0.71426302  0.10100286]
[ 1.32348847  1.45478402  1.06769652  0.18845271]
[-0.44535691 -1.64831316  1.49570956 -1.88123659]
[-0.81306983  2.30138424  0.15620245 -2.7827636 ]
[ 0.88959374 -1.08737848  1.92114101 -0.93958724]
[-0.58790144  0.43691061  1.39136904  0.62497828]
[ 1.12271299 -0.18561418  1.54430033  0.77986656]
[-0.81474154 -1.43692259 -0.44801357 -2.41641687]
[-0.67452541 -1.47657028  0.70695796 -0.78084554]
[ 1.41969016 -0.40151908 -0.36820461 -0.6662161 ]
[-0.56298752 -0.95063658  1.1898067   0.81778075]
[-0.78584274  0.05194478  0.08136919  1.18110652]
[-0.74663192 -1.07132566  0.27267185  0.52406209]
[ 1.42442394 -0.29542221 -0.4580196  -0.27431866]
[-0.78999568  0.92176821 -1.03626767  0.7084212 ]
[-0.78199084 -0.52527703  0.01450981  1.16681065]
[-0.75236794  1.91154766  0.99706186 -2.12714363]
[-0.67597847 -1.59873002  0.75074089 -3.75711517]
[ 1.42621106 -0.08788746 -0.40959208  0.34941362]
[-0.6940915   0.87158153  1.05517995  0.11069747]
[ 1.34676011  2.05441503  1.04586337 -0.796798  ]
[-0.81614059 -1.11193922 -0.7487829  -0.02627896]
[ 1.42582044  0.22159444 -0.3052148   0.83563439]
[ 1.11875912 -0.69795767  1.46468158 -0.0624898 ]
[-0.77930297 -1.41117192  0.01927048 -0.93146723]
[-0.54783182 -0.15816686  1.38113526  1.07766131]
[ 1.41673558 -0.49236563 -0.7363186  -2.13602577]
[ 1.41504859  1.76687552  0.04818435  0.14960803]
[-0.81083292 -0.67198852 -0.52306668  1.0076792 ]
[ 1.42260854 -0.43533588 -0.62190588 -1.20344224]
[-0.81196415 -0.09195822 -0.48463242  1.27547958]
[-0.81581783 -1.3682863  -0.53909276 -1.38045554]
[ 1.37360205  1.09611592 -1.30256386  0.98671453]
[-0.7036487   1.24283897  1.11692331 -0.57424147]
[-0.81048282 -0.81325449 -1.00923897  0.67508904]
[ -8.16689887e-01   2.00215621e+00  -1.05500553e-03  -1.82329383e+00]
[ 1.34521639 -0.34636427 -1.63854432 -2.16837908]
[ 1.25113425 -0.22271034 -2.17862549 -1.37841666]
[ 1.29728111 -0.35303265  0.83434762  0.34115082]
[-0.78087463 -0.91770595 -1.52869891  0.10405402]
[-0.49019212 -1.51644075  1.37025735 -0.73707901]
[-0.7621855   0.74206689  0.53328077  0.45356137]
[-0.70551117 -1.53421782  0.55617271 -1.36197686]
[ 1.36710727 -0.0304826  -1.54203968  0.04636162]
[ 1.37295129 -0.69311911  0.25391166 -1.96870483]
[ 1.32201284 -0.58588457  0.66420522 -0.46303934]
[-0.80893277  1.0733522   0.00608675  0.13422143]
[-0.70963983 -0.8954997   0.53627875  0.87736229]
[-0.68528334  1.47996086 -1.67550299  0.17697123]
[-0.6762597   0.53416378 -1.98077492  1.23452038]
[ 1.09933156  0.89771348  1.85145958  0.51562048]
[ 0.49752022  1.45487508  2.81157565 -0.97901053]
[ 0.31080742 -1.22937676  2.24520841 -0.2063911 ]
[ 1.36805165  0.41352236  0.5299349   0.96514136]
[-0.80244766  0.36838495 -0.96452459  1.19311863]
[ 1.39600799 -0.04541968  0.17039891  0.61546734]
[ 1.411304    0.68487975  0.12230085  0.99009426]
[-0.16057464 -0.85269577  2.0609892   0.80346885]
[ 1.41600173  1.30456241  0.08657968  0.68167749]
[-0.81482088 -1.27939691 -0.55404087 -0.67172815]
[ 1.42779278  0.70696446 -0.62987726  1.02741495]
[-0.46449521 -1.31964356  1.43980174  0.10088462]
[ 1.27946438  0.70387025  1.13057027  0.86112432]
[-0.72042093  0.26708876  0.71559499  0.92531867]
[-0.81453782  0.88755824 -0.35002685  0.53169993]
[ 1.42189423 -0.09190379 -0.88720265  0.13877732]
[-0.78737847  1.67242309 -0.87477821 -0.56611792]
[-0.61011463  1.47845289  1.61703055 -1.25462159]
[-0.6656253  -1.29837626  0.74658426  0.03422639]
[ 0.73787889 -0.41082969  2.17234123  0.78751394]
[ 0.42152734  0.93794895  2.66776887 -0.04286877]
[-0.81378637  0.51972162 -0.43328794  0.9642897 ]
[-0.81790135  1.7349261  -0.15524358 -1.07973601]

Populations

0.00503048161933
0.0204666069376
0.0199134142326
0.0154531744667
0.0123882917566
0.00843253548099
0.00753595149802
0.0213015435265
0.0079394370587
0.00971179685973
0.0046517848342
0.0153441791027
0.014144860759
0.0141422584157
0.00530591485767
0.0170932669579
0.0136928053615
0.0065697034242
0.0146685857527
0.00633077329214
0.0020655237425
0.00938840063901
0.00361736384556
0.0130681996265
0.00611205639811
0.00306042623635
0.00476727144726
0.0119670107008
0.00682807389093
0.00393148537566
0.00489896595994
0.00424576442043
0.00594478818532
0.0162126636151
0.00401156633467
0.00969148078316
0.0142390939735
0.00631139767588
0.0122411493695
0.0127277370818
0.0180187690105
0.0103220853752
0.0144342696517
0.00764806866612
0.00328257518122
0.0216480168012
0.0083771801689
0.00291023128489
0.0165158778356
0.0170083209463
0.00980177899791
0.0117161097258
0.00637864390793
0.00811891766918
0.00289763015636
0.0158701434846
0.0137021917594
0.0145035399695
0.00914975606629
0.00457556825984
0.00821236972825
0.0139204014122
0.00930013187476
0.00662568182348
0.00646704061963
0.0158248445326
0.00850615114045
0.00500632504258
0.0122790337884
0.00689331262919
0.0133942625845
0.00475598668778
0.0130275122658
0.0149815726862
0.00937368585158
0.0052192519159
0.00480333290716
0.0103405774835
0.00262955707986
0.00569266084214
0.0120843638003
0.0111055322467
0.0253665338998
0.0116445647442
0.00499655185509
0.00628365962569
0.0114957198244
0.0126318197481
0.00483008170027
0.0108474503142
0.0112131603653
0.0115990767216
0.0191935780595
0.00797399899962
0.00418731180715
0.00920869849041
0.00750854998985
0.00273740830222
0.0119274255149
0.0135833606798

State labels

0
1
2
3
4
5
6
7
8
9
10
11
12
13
14
15
16
17
18
19
20
21
22
23
24
25
26
27
28
29
30
31
32
33
34
35
36
37
38
39
40
41
42
43
44
45
46
47
48
49
50
51
52
53
54
55
56
57
58
59
60
61
62
63
64
65
66
67
68
69
70
71
72
73
74
75
76
77
78
79
80
81
82
83
84
85
86
87
88
89
90
91
92
93
94
95
96
97
98
99

Eigen values

1.0
0.952598843061
0.232326769689
0.143172052748
0.137996723053
0.129396041954
0.125021527569
0.112159197907
0.110149102047
0.102082875259
0.101494320786
0.0980021728914
0.0941174125819
0.088234797525
0.0850454707594
0.0817257786688
0.079791095422
0.0786374807226
0.0771135541988
0.0734140695299
0.0699899846554

Left eigenvectors

[ 0.00503048  0.00367957  0.00370628  0.00817607 -0.00927422  0.00409222
  0.0103948  -0.00829975 -0.01295408  0.00690675 -0.00151997 -0.0125687
  0.01509323 -0.01474515 -0.0121632   0.00732544 -0.0137989   0.01026785
 -0.00441499 -0.00476614 -0.00364672]
[ 0.02046661 -0.01868928  0.02805588 -0.00563562 -0.0049622   0.00284982
  0.00428077  0.00743352 -0.01741742 -0.01572666 -0.02022099 -0.00694151
  0.0061027  -0.00721968 -0.00383137 -0.01520242 -0.01120299 -0.01116883
  0.00099679  0.00096024 -0.02201115]
[ 0.01991341  0.02222009 -0.00111661  0.00011364  0.00083087 -0.00222999
 -0.00399577  0.0022418  -0.03893007  0.01905171  0.01064309 -0.00596609
  0.02808857  0.01986699  0.02474527 -0.0135195   0.02180096 -0.00193327
  0.01482957 -0.01551131 -0.00251557]
[ 0.01545317 -0.01449568 -0.02748524  0.01501131  0.0293233  -0.00455136
  0.0065044  -0.01024403  0.01340335  0.01066507  0.0171048   0.00030127
 -0.00028198  0.01310975 -0.00889486 -0.0018536  -0.00297556  0.00961378
 -0.00633876 -0.0019573   0.00346722]
[ 0.01238829 -0.01179417 -0.00733007 -0.00578866 -0.01031028  0.00421979
  0.00044818  0.01201689  0.00407077  0.00939182  0.01006552 -0.00425038
  0.00277948 -0.02865278  0.02098563  0.00682489 -0.00887257 -0.00176942
 -0.00831537 -0.02839194  0.0122159 ]
[ 0.00843254  0.00964704 -0.0004808  -0.00644179  0.00018821 -0.00773431
 -0.00037003 -0.00038249 -0.00538829  0.0022746   0.00171197 -0.00365834
  0.00245669 -0.00533663 -0.01591296  0.02033734 -0.02487242  0.01275568
 -0.0115094   0.02173334  0.00383069]
[ 0.00753595 -0.00682333  0.0168929   0.00188583  0.00178861  0.00296245
 -0.00292602 -0.01210583  0.00303379  0.00162698  0.00015452  0.0069617
  0.00126117 -0.00712486  0.00736243  0.00079985 -0.00641286  0.00529736
  0.00676996 -0.00946143  0.01854534]
[ 0.02130154  0.02406846 -0.00232676  0.00827085 -0.003301    0.00869056
  0.00395538  0.00752892 -0.01446977  0.01045531  0.00233857  0.01554783
 -0.00856689  0.02168107  0.01972154  0.03535801  0.02353279 -0.01656211
  0.02878477  0.0013738   0.00196538]
[ 0.00793944  0.00591183  0.00327169  0.01355126 -0.00524199  0.00305234
  0.00982452  0.00121363  0.00185719 -0.01295608  0.00344477 -0.01131177
  0.00446743  0.00269651  0.00894837 -0.01417683  0.00521101  0.00750874
 -0.01017255  0.01491454  0.01493254]
[ 0.0097118  -0.00863595 -0.00105457  0.00969229  0.0137441  -0.00206381
  0.00092858 -0.02192913  0.00029894 -0.00064511  0.00662426  0.00837329
 -0.00030416 -0.00103517  0.00804535  0.00084311 -0.00441589  0.00277233
  0.01383517  0.01098663  0.0092601 ]
[ 0.00465178 -0.00440763 -0.00114261 -0.00077229 -0.00038038 -0.00028457
 -0.00044975  0.00339357  0.00736444  0.00623906  0.01038277 -0.00301691
 -0.00242256 -0.00447395  0.00314677  0.00378228 -0.00031632  0.00280056
  0.00423321  0.00029848  0.01637134]
[ 0.01534418  0.01681796 -0.00059148 -0.01557203 -0.00195129 -0.022113
  0.01108735 -0.00998995  0.01224406  0.00339944 -0.00250804 -0.00515087
  0.01377991  0.00457386 -0.00856495  0.00975282  0.03316126 -0.01144954
  0.01629365 -0.01429141 -0.002147  ]
[  1.41448608e-02   1.61425663e-02  -1.22015051e-03  -1.19342810e-02
  -3.62224887e-03  -1.26210704e-02   1.43654880e-02  -4.16557926e-03
   1.13988161e-03   7.54735904e-04  -1.52298050e-05  -2.67165707e-03
   2.11097589e-02   1.84382053e-02   1.58721475e-02   1.81411239e-02
  -8.50610468e-03  -1.57961917e-03   3.11404040e-03  -7.08881096e-03
  -7.46347210e-03]
[ 0.01414226 -0.01327398 -0.02050949 -0.004647   -0.01978933  0.00132021
 -0.00512261 -0.01206435 -0.0254976  -0.02191643 -0.02787301 -0.00210897
 -0.00598258 -0.01108377  0.00387407 -0.00320659  0.00415418 -0.00310861
  0.01792737  0.01343997 -0.02932811]
[ 0.00530591  0.00580881 -0.00040587  0.0142764  -0.00875414  0.01318728
  0.01987139 -0.00764295 -0.0014402   0.00716788  0.00672609  0.00225965
 -0.00799651  0.00520326 -0.00803053 -0.00724774 -0.00272642 -0.0101604
  0.00203552 -0.00569956 -0.00278736]
[ 0.01709327 -0.01581158  0.02240221 -0.00467843 -0.00591216  0.00768408
 -0.00625598 -0.00852621 -0.00223029 -0.00140433 -0.01597959  0.0255745
  0.00762671  0.01471679 -0.0100611  -0.00367864 -0.0031336   0.00497987
  0.00616815 -0.00392334  0.00882101]
[ 0.01369281 -0.01301453 -0.01324351 -0.00590392 -0.01285642  0.00675399
 -0.00302839  0.00767125 -0.00360534 -0.00057149 -0.02564027  0.01979435
  0.0145973   0.00734524 -0.008777   -0.00170107  0.00166471 -0.00214596
 -0.0020681  -0.00422831  0.01931909]
[ 0.0065697  -0.00619875 -0.01013253 -0.00037034 -0.0072039   0.00233158
 -0.00503034 -0.00218318  0.00389766  0.00326857  0.00887492 -0.00223428
 -0.00081461 -0.00709186  0.00692648  0.00093788 -0.00178269  0.00999053
 -0.00439963 -0.0108007   0.00410199]
[ 0.01466859  0.01675949 -0.00173361 -0.02959526  0.01631724 -0.00282343
 -0.01807262  0.00054143 -0.01026158  0.01625941  0.00356376  0.01129707
 -0.023307    0.00088223 -0.00477129 -0.03873394 -0.0088261  -0.01982763
  0.00012826 -0.01892035 -0.00124791]
[ 0.00633077 -0.00590567  0.00881969 -0.00248358  0.00456214  0.00280657
  0.00424059  0.01260527  0.00270473  0.00584513 -0.00245758 -0.00246222
  0.00383617  0.00541043 -0.00599881  0.00700085  0.00406963 -0.01678788
 -0.02415244 -0.00409333  0.00545343]
[ 0.00206552  0.00231483 -0.00038151  0.00760852  0.00086697 -0.00605189
 -0.01373269  0.00430242 -0.00053715  0.00380657 -0.00113686 -0.0011277
  0.00299877  0.00175815 -0.00280259 -0.00333126 -0.00173651 -0.00444538
 -0.00012869 -0.00413673 -0.0020228 ]
[ 0.0093884   0.01066276 -0.00085439 -0.01532419  0.00084807  0.0017558
  0.00948928 -0.00664413  0.00853519  0.00289045 -0.00459297 -0.00631492
  0.00305285  0.00033013  0.00114451 -0.00482305 -0.02987461  0.00196215
 -0.01443557 -0.00263319 -0.00681455]
[ 0.00361736 -0.00312426 -0.00662025 -0.0023547  -0.00615975 -0.00065068
 -0.00015913  0.00200632  0.00026475 -0.00510932 -0.00465126  0.00099461
  0.00450536  0.00179746 -0.00624304 -0.00571971 -0.00488702 -0.00403168
  0.01238324  0.00047633  0.00547021]
[ 0.0130682  -0.01224011  0.00710325  0.00289169  0.01423564 -0.00763805
  0.00594186  0.00867388 -0.00761071 -0.00876295 -0.00676887 -0.01730907
 -0.01288407  0.00906592 -0.00387183 -0.00124587  0.00523205  0.00186752
 -0.00974846 -0.01886241 -0.00689075]
[ 0.00611206  0.00697125 -0.00040873 -0.00756642  0.00865514  0.01418732
 -0.00463784  0.0015598  -0.01497947 -0.00297229  0.01083141 -0.00307923
  0.0064262  -0.00554976 -0.00535439 -0.0029098  -0.00156262  0.00399515
 -0.00031895 -0.00129667  0.0009075 ]
[  3.06042624e-03   3.52559181e-03  -5.20873338e-04  -7.13644915e-04
   1.07070039e-03   5.40148734e-03   1.51389906e-03  -4.38415746e-03
  -4.09140754e-06   8.26979790e-03  -2.24018121e-03  -3.69720492e-03
  -1.89888910e-03  -2.03799169e-03  -4.48216977e-03  -8.94588779e-03
   1.05322591e-02  -2.18717534e-03   2.31663309e-03  -2.93210038e-03
  -4.49285937e-04]
[ 0.00476727 -0.00377401  0.0098413   0.0006549   0.00294151 -0.00104322
 -0.00025424 -0.00706717 -0.00600188 -0.00118432  0.00150239 -0.0066066
 -0.01134968 -0.00354716  0.00835219  0.0067342   0.00229251  0.00608166
 -0.00294122 -0.00217102 -0.00664719]
[ 0.01196701 -0.01129923 -0.01573777 -0.00516291 -0.01358477  0.00479943
 -0.00644129  0.00359089 -0.00559314 -0.0089809  -0.0117254  -0.01694075
 -0.01486608  0.02434634 -0.01079222 -0.00039095  0.00983386  0.01694012
 -0.00762765  0.00377101 -0.01676226]
[ 0.00682807  0.00719899 -0.00016965  0.00654976 -0.00252462 -0.02773423
 -0.02197226 -0.00564333  0.00799843  0.03229807 -0.02760232 -0.01148894
  0.00346645  0.00183722  0.00633607  0.00068436 -0.006332   -0.00850582
 -0.00143363 -0.00404052  0.00242164]
[ 0.00393149 -0.00300557  0.00570488 -0.00346348 -0.01096777  0.00188371
  0.00121048  0.01093023 -0.00010236 -0.00389914 -0.00122645 -0.00563027
  0.00373461 -0.00165145 -0.00444081 -0.00586017 -0.00647106  0.00119132
  0.00524931 -0.00459032  0.00558452]
[ 0.00489897 -0.0046274  -0.01399935 -0.00321237 -0.01123285  0.00023726
 -0.00034683  0.00803997 -0.00308968 -0.00765482 -0.0061529  -0.01678784
 -0.01104908  0.00610598 -0.00359827 -0.00075193 -0.00402956  0.00511135
  0.01828418 -0.00198542  0.02311397]
[  4.24576442e-03   3.62822409e-03   2.02008871e-03   1.50036178e-03
  -3.18186173e-04  -6.18956117e-05  -2.21118268e-03  -3.58068412e-03
   1.42046479e-03  -8.63276642e-04  -1.98508112e-03   2.29477311e-03
  -3.42151311e-03  -1.14515881e-02  -8.43560903e-03   8.82276179e-03
   1.18190906e-02  -1.25823845e-03   7.72371109e-03  -1.79575700e-03
   2.12216022e-03]
[ 0.00594479 -0.00534905 -0.00297777  0.00494371  0.00878034 -0.0027045
 -0.00111636 -0.01184638 -0.00426267 -0.00567795 -0.00529635  0.00694505
  0.00426083 -0.0084112   0.00589321 -0.00509778 -0.00020411  0.00361038
  0.00204393 -0.00303705 -0.00600341]
[ 0.01621266  0.01742948  0.00072814  0.00434525 -0.00345483  0.00552089
  0.01198057 -0.0006713  -0.02109797  0.00606839  0.0065821   0.01115326
 -0.01202601 -0.00081285 -0.01506284  0.0184053  -0.01360374 -0.01078037
  0.00833567 -0.00433902  0.0024072 ]
[ 0.00401157 -0.0036431   0.00381337  0.00472544  0.01614118 -0.00275772
  0.00844427  0.00420447 -0.00220275 -0.00043892 -0.00137459 -0.0083106
 -0.00298237  0.00233511 -0.00063021  0.00315729 -0.00060845 -0.00953732
 -0.00537335  0.00365511 -0.00227637]
[ 0.00969148 -0.00873834  0.01082524 -0.00405679 -0.01330377  0.00208837
 -0.00814668  0.00498681  0.01343631  0.00595155  0.01913544 -0.00216363
  0.00802108  0.00024959 -0.00566072 -0.01400628 -0.00706982 -0.00370476
  0.01556332  0.01481917 -0.01178832]
[ 0.01423909  0.01608478 -0.00098289 -0.0086898  -0.00349509  0.00140296
  0.0173655  -0.01095907  0.02165846 -0.01084492 -0.00561414 -0.00676933
  0.01265677  0.01512673  0.02516175  0.00550655 -0.00176858 -0.00122174
  0.00275834 -0.00392423 -0.00074689]
[ 0.0063114  -0.00550875  0.01138159  0.00176588  0.00580068  0.00488225
 -0.00125382 -0.00017901  0.00400387  0.00243668 -0.00713673  0.01459333
  0.00258715 -0.00187901  0.00143668  0.00096845 -0.00242666  0.011914
  0.00420181 -0.01096884  0.00788205]
[ 0.01224115 -0.01137735 -0.0029257  -0.00454232 -0.01774382  0.0006909
 -0.01688356 -0.02849274 -0.00409472 -0.00667819  0.01890101 -0.00592012
 -0.01582693  0.01082074  0.0005326   0.01110716  0.00764243  0.0037305
 -0.02219942 -0.00467653 -0.00403658]
[ 0.01272774 -0.01143689  0.01770268  0.00067471 -0.00068274 -0.00390358
 -0.00353372 -0.01820228 -0.00857359 -0.00860084 -0.00598395  0.00910713
  0.00259375  0.01016907 -0.00235281 -0.00677966 -0.00130442  0.01706654
  0.00713102 -0.01053174  0.00274295]
[  1.80187690e-02   2.02614876e-02  -1.71214316e-03  -2.29094724e-02
   1.71760670e-02   2.13695293e-02  -1.79996741e-02  -6.81846158e-03
   1.90285411e-02  -3.50775399e-03  -1.10969261e-02  -3.11471405e-03
  -1.02257508e-02  -1.29871215e-02  -7.10996584e-03  -8.56140326e-03
   1.94970650e-02  -1.24691967e-03   7.04665299e-03  -8.31964997e-05
  -9.73521267e-04]
[ 0.01032209 -0.00957825 -0.01619985  0.0039253   0.00569479 -0.00081044
 -0.00238567 -0.0188462  -0.00144547  0.00190555 -0.00628347  0.01666623
  0.00257262 -0.01127451  0.00783105  0.00334192 -0.00025278 -0.01500198
  0.00314825  0.02189235  0.00684227]
[  1.44342697e-02  -1.32564338e-02   4.70631886e-03  -3.49105077e-03
  -3.81056166e-03   2.11455728e-03   3.77973060e-03   2.17444557e-02
   7.95285689e-05   3.30801225e-03   1.04280271e-03  -5.16294425e-03
   8.73498837e-03   3.69391537e-03  -1.22483352e-03   3.57304970e-04
   8.19113409e-03  -1.14570209e-02  -2.44374427e-02   3.10455951e-04
  -5.80845924e-03]
[ 0.00764807 -0.00723413 -0.00836051 -0.00093928 -0.01228834 -0.00023036
 -0.01603251 -0.0270419   0.00118233 -0.00365059  0.02006386  0.00892252
 -0.00082724  0.01401234 -0.00658657  0.00754881  0.00431526 -0.01026653
 -0.02507806 -0.00980225  0.00116995]
[ 0.00328258 -0.00286995  0.01098081  0.00175038  0.00612721 -0.00428095
  0.00150008 -0.00508192 -0.00652256 -0.00578971 -0.00323839 -0.00337237
 -0.00665232 -0.00240793  0.00379061  0.00110319  0.00262448  0.0051613
  0.00180709 -0.00414613  0.00291911]
[ 0.02164802  0.02433552 -0.00314102 -0.01329119  0.00010301 -0.0038708
  0.0093888   0.00631544  0.0110377   0.00050983 -0.01198941  0.02989114
 -0.03518172  0.01479137  0.00738975  0.01017731 -0.02378316 -0.01959501
  0.00308552 -0.01021837 -0.00910098]
[ 0.00837718 -0.00794354 -0.01137065  0.0013015   0.00284197 -0.00051289
  0.00385907  0.00285747 -0.00557256 -0.00758733 -0.0045736  -0.01381778
 -0.00472594  0.00966632 -0.00303014 -0.00295707  0.00211186 -0.01509053
 -0.00261315  0.02066917 -0.00235502]
[  2.91023128e-03   3.24146773e-03   1.76306116e-05   1.58280442e-02
  -7.98519258e-04   3.64687179e-03  -7.49417723e-03   9.51701790e-03
  -5.26277295e-03  -6.91829712e-03   6.03025301e-03   4.82149943e-03
   1.09747472e-03   2.46875547e-03   3.75921798e-03  -2.64271112e-03
   2.04160409e-03   5.84891361e-04  -1.24877234e-03  -1.36348566e-03
  -4.23583007e-04]
[ 0.01651588 -0.01517254  0.03304579  0.01403915  0.03667539 -0.0054345
  0.00821644 -0.01169387 -0.01068752 -0.01189092 -0.01286125 -0.01473325
 -0.01457377 -0.00052073  0.00630769  0.00101365 -0.01355122  0.00356983
  0.01649075 -0.01894285 -0.00446328]
[  1.70083209e-02   1.90560060e-02  -1.09135714e-03  -5.67908802e-03
   1.13597026e-02   7.79354675e-03  -2.10584642e-02  -2.36702038e-03
   1.35268617e-02  -5.95014901e-03  -8.50553879e-03  -2.60410142e-02
   2.67121224e-02  -1.61915532e-03  -7.38632876e-04   1.89094822e-04
   1.46116794e-02   4.50295221e-03  -4.68506642e-05  -2.88985030e-04
   2.45015857e-03]
[ 0.00980178  0.00977495  0.00203778  0.00365319 -0.01054681 -0.01474472
  0.01332383  0.01025945 -0.0053442  -0.00594915  0.00647436  0.01695078
 -0.01598208  0.00359101  0.01452297 -0.01611472 -0.00760376  0.00681274
 -0.00864774  0.00820006  0.0055953 ]
[ 0.01171611 -0.01108614  0.02096942 -0.00714937 -0.01410954  0.00662928
 -0.0076618  -0.00096015  0.00434535  0.00468204  0.00583263  0.01050765
  0.0086011   0.00083637 -0.00126286  0.00121487 -0.00230819 -0.00579584
 -0.00533892 -0.00458955  0.00442976]
[ 0.00637864 -0.00555656  0.00483215 -0.00222905 -0.00069896  0.00017151
  0.00549101  0.01979138  0.00637579  0.00672307  0.00631675 -0.00232138
  0.00238522 -0.01004591  0.00734866 -0.00453503  0.00266797  0.00273093
  0.00096214 -0.00115268 -0.02001992]
[  8.11891767e-03   9.02788680e-03   4.87805906e-04  -9.62664751e-03
   2.53068952e-04  -1.83313246e-03   5.94929780e-03  -2.92174532e-03
   4.21126381e-03  -3.92752901e-05   1.23983636e-03   2.23749347e-04
  -1.31144202e-02  -1.62420140e-02  -1.89505495e-02  -1.13359707e-02
  -1.25880897e-02   4.52858416e-03  -1.42368417e-02   8.08570659e-03
   4.97456946e-03]
[ 0.00289763  0.00317915  0.00029988  0.00719684 -0.00170622 -0.00303846
 -0.01003424  0.00171652  0.00378606  0.00419814 -0.00834365 -0.00224065
 -0.00490179 -0.00324926  0.00105329 -0.0014733  -0.00736297  0.00679286
 -0.00562631  0.00738481 -0.00028992]
[ 0.01587014 -0.01499746  0.01897201 -0.01198865 -0.01775342  0.00921559
 -0.00086234  0.02096711  0.00653432  0.01361831 -0.0114224   0.0212546
  0.01668756 -0.00157152  0.00752616  0.00103845  0.0149205  -0.00127377
 -0.00526157  0.01452237 -0.00457825]
[  1.37021918e-02   1.52597680e-02   1.07530996e-04  -7.38465778e-03
   1.30465335e-03   1.50530899e-03   3.58507901e-03   6.17055175e-03
   1.37286798e-02  -2.94246263e-02   3.53278620e-03   1.40614326e-02
  -8.47885300e-03  -5.87272185e-03  -1.81305059e-03   3.70213937e-03
  -1.40426748e-02  -4.80432985e-03   5.14966248e-05  -1.25319630e-02
  -4.77686262e-03]
[ 0.01450354 -0.01337253 -0.001679    0.00223984  0.00661315 -0.00185973
  0.00352754  0.00147933  0.00576999  0.00044756  0.00224732  0.00954902
  0.01440092  0.01009998 -0.02125543 -0.00754296 -0.00220248 -0.0032462
 -0.00316054  0.00122777 -0.0027293 ]
[ 0.00914976 -0.00850853  0.007084   -0.00014622  0.00536089 -0.00350706
  0.00122813  0.00076059  0.00667466  0.00691947  0.01967523 -0.01157975
 -0.00911891 -0.01534662  0.01460483  0.00891347 -0.00518664 -0.00797919
  0.01394004  0.01520675 -0.00398257]
[  4.57556826e-03   4.95489441e-03  -6.14616822e-05   5.37294876e-03
  -3.56530098e-03  -5.17378388e-03   1.11269674e-03   1.75324372e-03
  -5.76587084e-03   5.76419890e-03   2.91057342e-03   3.68136323e-03
  -6.56216296e-03  -5.95869688e-03  -8.28006912e-03  -1.49503924e-02
  -1.39812871e-04  -1.21481941e-03  -3.27266382e-03  -5.59088587e-03
  -3.86563201e-03]
[ 0.00821237 -0.00785588 -0.00742942 -0.00326047 -0.00067441  0.00337342
  0.00148528  0.01102133  0.00461781  0.01164487  0.0024723   0.00453363
 -0.00307169  0.00191142  0.00059773  0.00373227  0.00501143  0.02452055
 -0.00983281 -0.01718731 -0.01235776]
[ 0.0139204  -0.01288149  0.00856783 -0.00392898 -0.00259118  0.00106968
  0.00545477  0.01766634  0.00302422  0.00667435 -0.01232021  0.01397193
  0.00941454  0.00240217 -0.00492971 -0.00313964  0.01649995  0.02156171
 -0.001013    0.00407331 -0.0035709 ]
[ 0.00930013 -0.008801   -0.0135784   0.00119621 -0.00049601 -0.00131463
 -0.00392423 -0.01374293  0.00260438  0.00037507  0.00848128  0.01292945
  0.00747294 -0.02150487  0.01539742  0.00017045  0.00595933 -0.01145083
 -0.0133758   0.00806168 -0.00101153]
[ 0.00662568  0.00764387 -0.00124079 -0.01688775  0.01162979  0.01677226
 -0.00126145 -0.00153797 -0.00675622 -0.00467601  0.00910201 -0.00751605
  0.00782227  0.01020312  0.01846664 -0.01948739  0.00157663  0.0062252
 -0.00811279  0.01393106  0.01212593]
[ 0.00646704  0.00734419 -0.00029061  0.00013984  0.00249069  0.00601484
 -0.00604648  0.00070536 -0.01400576  0.01407182  0.00239267  0.00186159
 -0.00795203 -0.01050124 -0.01224895  0.00316222  0.01093612  0.00101328
  0.00697431  0.00418773  0.00515043]
[ 0.01582484  0.01728667 -0.00170812  0.0061766  -0.00137679  0.01499114
  0.00924456 -0.00074456  0.00617427 -0.01756322  0.00629577 -0.00652011
  0.02355612  0.01577698  0.01865526 -0.00280324 -0.00673722 -0.00776576
  0.00056451 -0.01678967 -0.00512158]
[ 0.00850615 -0.00779894  0.01114686 -0.00027274 -0.01084104  0.00407415
 -0.01025556 -0.0171987  -0.00096714 -0.00462879  0.00739089  0.0023032
 -0.00037424  0.01044397 -0.00713888 -0.00344155 -0.00749157 -0.00596637
  0.00546468  0.00225992  0.00135406]
[  5.00632504e-03  -4.11056077e-03   8.99538118e-03  -1.28149380e-03
   1.47417385e-04  -1.89715571e-03  -2.08074459e-03  -2.44977892e-03
  -2.94890966e-03  -1.64385908e-03  -3.50180565e-03  -8.59726787e-03
  -1.24803765e-02   7.77399223e-03   6.15813929e-04   4.82314205e-03
   5.61434070e-03   8.86673268e-05  -8.58874209e-03  -5.77270674e-04
   5.26807663e-04]
[ 0.01227903 -0.01168758 -0.01978965  0.00068758  0.00997985 -0.00241045
  0.00509364  0.012444    0.01193515  0.0124539   0.01261212 -0.00789666
 -0.00903049  0.01420782 -0.00685906  0.00596652  0.00543073  0.01932523
  0.00204738 -0.00267915  0.00618138]
[  6.89331263e-03  -5.94511757e-03   1.00989101e-02   4.06458933e-04
  -2.94217818e-03   6.01221210e-04  -4.85652644e-03   2.62591887e-04
   8.39305039e-03   3.33287215e-03   1.40530935e-02  -5.35647965e-03
   2.02670071e-03  -1.39601171e-03  -8.57390292e-03   6.68361179e-05
  -7.12958195e-03  -1.17006860e-02   5.06269280e-03   1.68414924e-03
   1.82439314e-03]
[ 0.01339426  0.01522856 -0.00070143 -0.00179181 -0.00201504 -0.01762477
 -0.00492608  0.00023369  0.00979346 -0.00384555 -0.00817086 -0.00133998
  0.00969224  0.00810224  0.00745512  0.01861527 -0.01007116  0.00955727
 -0.00205521  0.00641982 -0.01086762]
[  4.75598669e-03   5.36333834e-03  -1.32603934e-04  -1.13811283e-02
   6.07818888e-03   1.72030048e-04  -5.97258764e-03   2.17239509e-03
  -1.24620820e-02   1.59742454e-03   3.47813197e-03  -6.40336198e-04
   3.87363533e-03   2.46027192e-03   8.70006188e-03  -6.35550804e-03
  -7.78186473e-03   6.51099501e-03  -2.40804392e-03   3.53446443e-03
   2.98809306e-05]
[ 0.01302751  0.01422159 -0.00091638  0.01991545  0.00496912  0.0033365
 -0.02420752  0.0136198   0.00181078 -0.01445625 -0.00440901 -0.00102896
  0.00476557 -0.00945394 -0.00705059  0.02256866  0.00198041  0.00915907
 -0.00208356  0.01200033 -0.000264  ]
[ 0.01498157 -0.01449492 -0.0227496  -0.00195946 -0.00872554  0.0034203
 -0.00189736  0.00873475  0.00225659  0.00064996  0.00795633 -0.01482876
 -0.00352623 -0.00579214  0.00352855  0.00243494 -0.01278327 -0.0121182
  0.01113717 -0.0085325   0.02274215]
[ 0.00937369 -0.008353    0.0098305  -0.00328911 -0.01207432  0.0057279
 -0.00258152  0.00439864  0.00459443  0.00722279  0.00446562 -0.00388801
  0.00488607 -0.00759292  0.00332452 -0.00591158 -0.00945585  0.0011415
  0.00820381  0.0147178  -0.01033539]
[ 0.00521925 -0.00498521 -0.00822144  0.00402165  0.00743065 -0.00262062
  0.00122664 -0.00641665 -0.00122363 -0.00132021  0.00309724  0.00400559
  0.00468864 -0.0019357  -0.00064708 -0.00499882 -0.0030515  -0.00881143
  0.00276614  0.01128512 -0.01661873]
[ 0.00480333 -0.00464273 -0.00166241  0.00425391  0.01573013 -0.00069399
  0.00497257 -0.00223972  0.0038289   0.00593819 -0.00038118  0.01197625
  0.00359855  0.00043696  0.00050724 -0.00059042 -0.00394982  0.011666
  0.00711515 -0.00186052 -0.00865477]
[ 0.01034058  0.01065161  0.00152197  0.03431175 -0.02318542 -0.00193798
  0.02460986 -0.00368046  0.00517523  0.01186586 -0.00509131  0.00191064
 -0.00629713  0.01211813  0.01744015 -0.00928233  0.00498919  0.0017353
 -0.00223178  0.00750751  0.00045114]
[  2.62955708e-03   1.67514122e-03  -5.91962034e-05   8.58818143e-03
   2.49522349e-03   4.99690122e-03  -6.89065170e-03  -5.69106353e-03
   1.25952352e-02   2.27371557e-04  -7.54216451e-03  -7.05887713e-03
   1.83637714e-03  -3.55903871e-03   5.59369003e-03  -1.04299876e-02
   2.42845986e-03   4.87523024e-03  -3.07239162e-03   3.32005692e-03
   2.62987880e-03]
[ 0.00569266  0.00137648  0.00516888  0.00429851  0.00369175 -0.025006
  0.00136366  0.00268631 -0.006293   -0.01431205  0.01131201 -0.00464194
  0.00679598 -0.01106796 -0.00442227 -0.01512378  0.0174511   0.00683733
 -0.00559692  0.00447494  0.00697701]
[ 0.01208436  0.01338568  0.00048634  0.02207626 -0.01171986  0.01917905
  0.02211441 -0.01348883 -0.00764565  0.01898472 -0.00369513 -0.01359123
  0.00712155 -0.01291174 -0.0159133   0.00738371  0.00538226  0.00836895
 -0.00292592  0.00279055 -0.00212862]
[ 0.01110553 -0.01013702 -0.01129368  0.0028132   0.0085886  -0.00816276
  0.00778543  0.00938018 -0.00887835 -0.01175689 -0.00887883 -0.01484173
 -0.00067098 -0.01153452  0.00162637 -0.003097   -0.00463139 -0.03338746
  0.00111589 -0.00494284  0.00015893]
[ 0.02536653  0.02836179 -0.0012804  -0.01386662  0.00189437  0.01492319
  0.01388343 -0.01414017  0.04426142 -0.02456772 -0.01359252 -0.0072572
 -0.0105747  -0.01223548 -0.01292486 -0.0016292  -0.00142189  0.01057905
 -0.00917585  0.00971566 -0.00784599]
[ 0.01164456  0.0129446   0.00014258  0.00244071 -0.00475028 -0.00117823
  0.00271634  0.00181494 -0.01163365  0.02404036 -0.00016562  0.00752379
 -0.02623385 -0.00337922 -0.00050092 -0.02221139  0.01017851  0.00467191
 -0.00589432  0.00997421  0.00414115]
[ 0.00499655 -0.00140616  0.00069959 -0.0008807  -0.0041595  -0.00578939
  0.00467547  0.00304472  0.00432622  0.00079614  0.00361964  0.00320363
 -0.0047772  -0.0146278   0.01027018  0.00351769  0.00568148 -0.00017892
  0.00326614 -0.00089624  0.01248836]
[ 0.00628366  0.0069423   0.0003767   0.02255455 -0.00112875 -0.00029423
 -0.01494232  0.01891738  0.00457553 -0.0191075   0.00139236  0.01735581
 -0.0130394   0.00114476  0.00521957  0.00324936 -0.0090854   0.00030753
 -0.00430304  0.00063958 -0.00043188]
[ 0.01149572 -0.01064103  0.01842913 -0.00732655 -0.00642935  0.00077008
 -0.00448308  0.00595486  0.00696073  0.0086214   0.01273864 -0.01020705
 -0.01584343  0.00227931  0.00760682  0.01637861  0.01830438 -0.00671385
 -0.00058019  0.01964118 -0.02033048]
[ 0.01263182  0.01420365 -0.00052071  0.00798042  0.00727289  0.02727623
 -0.01295909  0.00914836  0.00277265 -0.01841732  0.00962553  0.00226162
  0.00419226 -0.01380881 -0.02057997  0.01222137  0.01578919 -0.00185726
  0.0093956  -0.00930583 -0.0076502 ]
[ 0.00483008 -0.00394684  0.00623868 -0.0010911  -0.01167243 -0.00221661
 -0.00858338 -0.00658233  0.001574   -0.00179006  0.00298721 -0.00994713
 -0.00998315  0.00878105  0.00074242 -0.00085206 -0.0013577   0.00649821
  0.01234023  0.00224839  0.001353  ]
[ 0.01084745  0.0117786   0.00016009 -0.00340529  0.00229544  0.00580207
 -0.00353252 -0.00078282  0.0210884  -0.00422506 -0.01102404  0.0003391
 -0.0114458  -0.0080201  -0.00327163  0.00183013  0.01433614 -0.00762339
 -0.00116232 -0.00108066  0.00270348]
[  1.12131604e-02  -1.04637575e-02  -8.68027308e-03   2.63752886e-03
   1.57340176e-02  -5.10598156e-03   7.44876298e-03   1.53757661e-03
   5.13114622e-03   5.64769929e-03  -7.46588134e-04   1.42352882e-02
   6.70001497e-03   1.18824855e-02  -1.34170812e-02   1.54781717e-05
   1.04649294e-02   1.18371172e-02   3.20872077e-03   1.84421329e-02
   1.07035949e-02]
[ 0.01159908 -0.01108817 -0.01925343  0.00070602  0.00799813  0.00109585
  0.00476341  0.00392874  0.00306105  0.00444599 -0.00494733  0.01118339
  0.00610531  0.01301084 -0.01587436 -0.00604045 -0.00548677  0.01219954
  0.00751312  0.00341381 -0.01025493]
[ 0.01919358  0.02137902 -0.00064226 -0.01452699  0.00982401 -0.01740962
 -0.01695627  0.01278998 -0.04146031  0.00877883  0.0168374   0.00442759
  0.00978411  0.00629398  0.00258149  0.02720582 -0.01194001  0.01355953
  0.00077579  0.02183943  0.01042486]
[ 0.007974   -0.00756639 -0.01376478 -0.00122309 -0.00119606 -0.00112738
  0.00082568  0.00041187 -0.00114402  0.00064531 -0.00035686  0.00506583
  0.00570373 -0.01471756  0.00988133 -0.00241126 -0.00498347 -0.00566806
  0.00983765  0.0010331  -0.00865356]
[ 0.00418731 -0.00377346 -0.00533774 -0.00283545 -0.00891867  0.00272943
 -0.00026466  0.00036383 -0.00754978 -0.00188542 -0.00742597  0.00219785
  0.00206207 -0.00577999  0.00523497  0.0013651   0.00189697  0.00090159
 -0.00511981  0.00184576 -0.00164689]
[ 0.0092087  -0.008218    0.01273676  0.00284761  0.01093715  0.00375002
  0.01070554  0.00250923 -0.0056584  -0.0008417  -0.0161196   0.0037462
  0.00647229  0.00395694 -0.00791506  0.00816422  0.00233345 -0.020882
 -0.0171814   0.0129646   0.03227186]
[ 0.00750855  0.00670156  0.00211586 -0.00650672 -0.01145628 -0.04456336
  0.01245357 -0.00232067  0.0068583  -0.01574171  0.01339899  0.00494817
  0.00888426 -0.00572954 -0.01709681 -0.00550475  0.0106518   0.00290286
  0.00317134 -0.00498691  0.00023169]
[ 0.00273741  0.00117549 -0.00027061  0.01457045  0.0006345   0.00011595
 -0.00908093 -0.00018912  0.000663   -0.00043168  0.00641163 -0.0052659
  0.00907169  0.00341147 -0.0046604  -0.00584929 -0.00550535 -0.0069478
 -0.00047158 -0.00683325 -0.00119405]
[ 0.01192743 -0.01139977 -0.00742552  0.00456056  0.01780444 -0.00109493
  0.00596807  0.01159237  0.01309574  0.01124074  0.01461719 -0.01245713
 -0.00681171  0.01018042 -0.00462389  0.00375796 -0.010686    0.00130045
  0.0134733  -0.00493011 -0.00354262]
[ 0.01358336 -0.01267935 -0.02760874  0.00033145  0.00142759 -0.00272746
  0.00557285  0.00052786 -0.01521235 -0.00555307 -0.01230546 -0.00195577
 -0.0047836  -0.01905556  0.01356978  0.00673626  0.00746806  0.00872435
 -0.02134064 -0.02556626 -0.00235283]

Right eigenvectors

[ 1.          0.73145479  0.7367645   1.62530465 -1.84360511  0.81348392
  2.06636188 -1.64989143 -2.57511773  1.37298084 -0.30215171 -2.4985082
  3.00035391 -2.93115984 -2.41790029  1.45621009 -2.74305674  2.04112761
 -0.877647   -0.94745133 -0.72492516]
[ 1.         -0.91315962  1.37081269 -0.2753568  -0.24245368  0.13924223
  0.20915883  0.36320238 -0.85101652 -0.76840581 -0.98799932 -0.33916255
  0.29817854 -0.35275436 -0.18720112 -0.74279121 -0.54737908 -0.54570975
  0.04870343  0.04691725 -1.0754667 ]
[ 1.          1.11583547 -0.05607305  0.00570695  0.04172415 -0.11198425
 -0.20065732  0.11257727 -1.954967    0.95672737  0.53446838 -0.29960137
  1.41053535  0.99766874  1.24264345 -0.67891411  1.09478765 -0.09708391
  0.74470272 -0.77893764 -0.12632541]
[ 1.         -0.93803924 -1.7786143   0.97140614  1.89755819 -0.2945262
  0.42091011 -0.66290796  0.86735244  0.69015396  1.10687907  0.01949551
 -0.01824713  0.84835351 -0.5756008  -0.11994946 -0.19255312  0.62212354
 -0.41019114 -0.12666029  0.22436971]
[ 1.         -0.95204182 -0.59169335 -0.46726871 -0.8322597   0.34062694
  0.03617785  0.9700203   0.32859838  0.75812048  0.8125027  -0.34309677
  0.22436321 -2.31289219  1.69398929  0.55091471 -0.71620637 -0.14282997
 -0.67122784 -2.29183633  0.98608404]
[ 1.          1.14402619 -0.05701706 -0.76392071  0.02231938 -0.91719921
 -0.0438814  -0.0453589  -0.63898849  0.26974057  0.20301994 -0.4338366
  0.29133455 -0.63286157 -1.88709042  2.41177007 -2.94957819  1.51267421
 -1.36488011  2.57731983  0.45427549]
[ 1.         -0.90543761  2.24164163  0.2502439   0.23734306  0.39310866
 -0.38827492 -1.60641089  0.40257577  0.21589516  0.02050388  0.92379849
  0.16735436 -0.94544935  0.97697362  0.10613853 -0.85096902  0.70294557
  0.89835549 -1.25550566  2.4609156 ]
[ 1.          1.12989264 -0.10922951  0.38827448 -0.15496528  0.40797806
  0.18568524  0.35344503 -0.67928281  0.49082385  0.10978418  0.72989207
 -0.40217206  1.01781685  0.92582669  1.65988001  1.10474596 -0.77750753
  1.35129954  0.06449286  0.09226462]
[ 1.          0.74461584  0.4120805   1.70682907 -0.66024711  0.38445318
  1.23743289  0.15286047  0.23391952 -1.63186361  0.43388114 -1.42475679
  0.56268818  0.33963488  1.12707853 -1.78562206  0.65634532  0.94575163
 -1.2812679   1.87853902  1.88080564]
[ 1.         -0.88922268 -0.10858674  0.99799117  1.41519625 -0.21250498
  0.09561322 -2.25798849  0.03078077 -0.06642533  0.68208377  0.86217684
 -0.03131819 -0.10658848  0.82841032  0.08681298 -0.45469312  0.28545954
  1.4245732   1.13126666  0.95348965]
[ 1.         -0.94751348 -0.2456285  -0.16602001 -0.08177097 -0.06117484
 -0.09668382  0.72952028  1.58314385  1.3412191   2.23199795 -0.64854947
 -0.52078018 -0.96177136  0.67646437  0.81308185 -0.06799963  0.60203905
  0.91001804  0.06416405  3.51936771]
[ 1.          1.09604816 -0.03854721 -1.01484936 -0.12716808 -1.44113284
  0.7225767  -0.65105783  0.79796125  0.22154558 -0.16345198 -0.33568892
  0.89805452  0.29808439 -0.55818915  0.6356041   2.16116206 -0.74618163
  1.06187848 -0.93139    -0.13992272]
[  1.00000000e+00   1.14123190e+00  -8.62610475e-02  -8.43718524e-01
  -2.56082328e-01  -8.92272512e-01   1.01559770e+00  -2.94494187e-01
   8.05862731e-02   5.33576058e-02  -1.07670237e-03  -1.88878287e-01
   1.49239779e+00   1.30352681e+00   1.12211408e+00   1.28252404e+00
  -6.01356551e-01  -1.11674423e-01   2.20153486e-01  -5.01158059e-01
  -5.27645498e-01]
[ 1.         -0.93860418 -1.45022769 -0.3285899  -1.39930502  0.09335183
 -0.36222015 -0.85307084 -1.80293658 -1.54971226 -1.97090238 -0.14912555
 -0.42302883 -0.78373421  0.27393595 -0.226738    0.29374226 -0.21981021
  1.26764546  0.95034112 -2.07379233]
[ 1.          1.09478027 -0.07649457  2.69065788 -1.64988239  2.48539255
  3.74513965 -1.44045899 -0.27143289  1.35092237  1.26765927  0.42587345
 -1.50709418  0.98065312 -1.51350456 -1.36597317 -0.51384584 -1.91491927
  0.38363244 -1.07419059 -0.52533037]
[ 1.         -0.9250179   1.31058653 -0.27369992 -0.34587647  0.4495382
 -0.36599076 -0.49880505 -0.13047747 -0.08215715 -0.93484716  1.49617388
  0.44618199  0.86097011 -0.58860025 -0.21520969 -0.18332356  0.29133546
  0.36085269 -0.22952555  0.51605155]
[ 1.         -0.95046451 -0.96718715 -0.43116924 -0.9389176   0.49325127
 -0.22116671  0.56023915 -0.26330144 -0.0417366  -1.87253574  1.44560193
  1.06605642  0.53643064 -0.64099358 -0.12423125  0.12157518 -0.15672151
 -0.1510352  -0.30879801  1.41089352]
[ 1.         -0.94353519 -1.54231205 -0.05637156 -1.09653425  0.35489955
 -0.76568811 -0.33231088  0.5932772   0.49752171  1.35088599 -0.34008779
 -0.12399456 -1.07947973  1.05430697  0.1427588  -0.27135026  1.52069683
 -0.66968423 -1.64401618  0.62437929]
[ 1.          1.14254307 -0.1181854  -2.01759467  1.1123937  -0.19248152
 -1.2320628   0.03691053 -0.69956184  1.10845097  0.24295215  0.77015414
 -1.58890583  0.06014441 -0.32527256 -2.64060523 -0.60170105 -1.35170668
  0.00874403 -1.28985481 -0.08507384]
[ 1.         -0.93285183  1.3931457  -0.39230272  0.72062871  0.44332147
  0.66983751  1.99111043  0.42723568  0.92328774 -0.38819595 -0.38892915
  0.60595549  0.85462334 -0.94756362  1.10584384  0.64283287 -2.65179011
 -3.81508539 -0.6465768   0.86141641]
[ 1.          1.12069847 -0.18470408  3.68357999  0.41973543 -2.92995278
 -6.64852839  2.08296657 -0.26005752  1.84290827 -0.55039744 -0.54596335
  1.45182273  0.85118967 -1.35684453 -1.6127925  -0.84071333 -2.15218198
 -0.06230401 -2.00274931 -0.97931748]
[ 1.          1.13573776 -0.09100462 -1.63224706  0.09033215  0.18701853
  1.01074517 -0.70769565  0.90912039  0.3078742  -0.48921736 -0.67263037
  0.32517231  0.03516321  0.12190697 -0.51372464 -3.1820768   0.20899769
 -1.53759662 -0.28047249 -0.72584727]
[ 1.         -0.86368291 -1.83013087 -0.65094242 -1.70282772 -0.17987699
 -0.04399137  0.554635    0.07318783 -1.41244308 -1.28581348  0.27495321
  1.24548116  0.49689847 -1.72585363 -1.58118171 -1.35098989 -1.1145349
  3.42327724  0.13167979  1.51220973]
[ 1.         -0.93663344  0.54355222  0.22127719  1.08933462 -0.58447643
  0.45468071  0.66373972 -0.5823841  -0.67055559 -0.51796476 -1.32451822
 -0.98590973  0.69373914 -0.2962784  -0.09533632  0.40036466  0.14290539
 -0.74596815 -1.44338264 -0.52729142]
[ 1.          1.14057339 -0.066873   -1.23794965  1.4160759   2.32120199
 -0.75880238  0.25520023 -2.45080714 -0.48629875  1.77213877 -0.50379543
  1.05139684 -0.90800199 -0.87603755 -0.47607544 -0.25566246  0.6536506
 -0.05218417 -0.21214987  0.14847629]
[  1.00000000e+00   1.15199372e+00  -1.70196338e-01  -2.33184812e-01
   3.49853355e-01   1.76494610e+00   4.94669351e-01  -1.43253165e+00
  -1.33687507e-03   2.70217194e+00  -7.31983402e-01  -1.20806863e+00
  -6.20465568e-01  -6.65917600e-01  -1.46455736e+00  -2.92308558e+00
   3.44143537e+00  -7.14663636e-01   7.56964196e-01  -9.58069285e-01
  -1.46805021e-01]
[ 1.         -0.79164943  2.06434713  0.1373735   0.61702073 -0.21882883
 -0.0533303  -1.48243481 -1.25897617 -0.24842656  0.31514677 -1.38582337
 -2.38074882 -0.74406513  1.75198626  1.41259084  0.48088575  1.27571048
 -0.61696094 -0.45540105 -1.39433831]
[ 1.         -0.94419837 -1.31509612 -0.43142854 -1.13518518  0.40105528
 -0.53825396  0.30006598 -0.4673799  -0.75047144 -0.97981001 -1.41562105
 -1.24225503  2.03445493 -0.90183115 -0.0326689   0.82174732  1.41556781
 -0.63738974  0.315117   -1.4007053 ]
[ 1.          1.05432181 -0.02484578  0.9592399  -0.36974068 -4.0617948
 -3.21792967 -0.82648881  1.171403    4.73018748 -4.04247554 -1.68260362
  0.5076758   0.26906823  0.92794396  0.10022734 -0.9273472  -1.24571345
 -0.20996115 -0.59175054  0.35465894]
[ 1.         -0.76448634  1.45107403 -0.88095842 -2.78972685  0.47913403
  0.30789488  2.78017851 -0.02603583 -0.99177293 -0.31195593 -1.43209658
  0.94992424 -0.42005775 -1.12955016 -1.49057473 -1.64595874  0.30301966
  1.33519729 -1.16758019  1.42045956]
[ 1.         -0.94456591 -2.85761398 -0.65572499 -2.29290285  0.04843164
 -0.0707958   1.64115558 -0.63068067 -1.56253714 -1.25595981 -3.42681206
 -2.25538933  1.24638209 -0.73449683 -0.15348697 -0.82253248  1.04335339
  3.73225345 -0.40527356  4.71813297]
[ 1.          0.85455144  0.47578917  0.35337848 -0.07494202 -0.0145782
 -0.52079731 -0.8433544   0.33456043 -0.20332655 -0.46754387  0.54048527
 -0.80586504 -2.69717935 -1.98682927  2.07801491  2.78373677 -0.29635145
  1.81915677 -0.42295258  0.49982995]
[ 1.         -0.89978738 -0.50090483  0.83160439  1.47698162 -0.45493569
 -0.18778734 -1.99273425 -0.71704286 -0.95511411 -0.89092356  1.16825815
  0.71673436 -1.41488588  0.9913237  -0.85752115 -0.03433351  0.60731783
  0.34381887 -0.51087616 -1.00986088]
[ 1.          1.07505373  0.04491155  0.26801573 -0.21309457  0.34052948
  0.73896396 -0.04140581 -1.30132678  0.37429962  0.40598527  0.6879349
 -0.7417666  -0.0501368  -0.92907866  1.13524224 -0.83908105 -0.66493496
  0.51414543 -0.26763136  0.14847658]
[ 1.         -0.90814794  0.95059404  1.17795501  4.02366033 -0.68744214
  2.10497978  1.04808606 -0.54910074 -0.10941465 -0.3426578  -2.07165863
 -0.74344281  0.58209515 -0.15709876  0.78704616 -0.15167365 -2.37745614
 -1.33946432  0.91114339 -0.56745139]
[ 1.         -0.90165189  1.11698531 -0.41859387 -1.3727286   0.21548527
 -0.84060203  0.51455654  1.3864047   0.61410139  1.97445968 -0.2232506
  0.82764229  0.02575354 -0.58409257 -1.44521616 -0.72948763 -0.38226931
  1.6058761   1.52909271 -1.21635907]
[ 1.          1.12962133 -0.06902751 -0.61027748 -0.24545715  0.09852887
  1.21956512 -0.76964671  1.52105589 -0.76163004 -0.39427662 -0.47540458
  0.88887448  1.06233821  1.76708936  0.38672087 -0.1242061  -0.08580171
  0.19371565 -0.27559541 -0.05245317]
[ 1.         -0.87282584  1.80333878  0.27979274  0.91908045  0.7735602
 -0.19865925 -0.02836255  0.6343875   0.38607668 -1.1307679   2.31221841
  0.40991705 -0.2977171   0.22763301  0.15344407 -0.3844882   1.88769652
  0.66574988 -1.73794205  1.24886046]
[ 1.         -0.92943449 -0.23900558 -0.37106974 -1.44952231  0.05644074
 -1.37924603 -2.32761931 -0.33450451 -0.54555263  1.54405534 -0.48362424
 -1.29292811  0.88396411  0.04350881  0.90736236  0.62432262  0.30475106
 -1.81350777 -0.38203378 -0.32975482]
[ 1.         -0.89857983  1.3908738   0.05301126 -0.05364169 -0.30669901
 -0.27763936 -1.43012667 -0.67361447 -0.67575571 -0.4701505   0.71553426
  0.20378728  0.79896899 -0.18485685 -0.53266828 -0.10248615  1.34089335
  0.56027405 -0.82746396  0.21550925]
[ 1.          1.12446569 -0.09501998 -1.27142272  0.95323199  1.18595944
 -0.99894028 -0.37840885  1.05604002 -0.19467223 -0.61585373 -0.17285943
 -0.56750552 -0.7207552  -0.39458666 -0.47513808  1.08204201 -0.06920116
  0.39107294 -0.00461721 -0.05402818]
[ 1.         -0.92793758 -1.56943542  0.38028159  0.55170926 -0.07851466
 -0.23112308 -1.82581286 -0.14003685  0.18460906 -0.60874024  1.61461884
  0.24923497 -1.09227035  0.75866943  0.32376436 -0.02448969 -1.45338645
  0.3050015   2.12092335  0.66287631]
[ 1.         -0.91840004  0.32605175 -0.2418585  -0.26399407  0.14649562
  0.26185811  1.50644655  0.00550971  0.22917767  0.07224492 -0.35768656
  0.60515624  0.25591287 -0.08485594  0.02475393  0.56747825 -0.79373748
 -1.69301553  0.02150825 -0.40240756]
[ 1.         -0.94587624 -1.09315331 -0.1228132  -1.60672511 -0.03011988
 -2.09628273 -3.53578125  0.15459259 -0.47732127  2.62338929  1.16663662
 -0.10816282  1.8321411  -0.86120748  0.98702123  0.56422867 -1.34236904
 -3.27900614 -1.28166386  0.15297331]
[ 1.         -0.87429697  3.34518284  0.53323312  1.86658594 -1.30414385
  0.45698146 -1.54815135 -1.98702614 -1.7637713  -0.98654039 -1.02735534
 -2.02655562 -0.7335493   1.15476571  0.33607484  0.79951804  1.57233315
  0.55050968 -1.26307185  0.88927543]
[ 1.          1.12414538 -0.1450949  -0.61396781  0.00475827 -0.1788061
  0.43370247  0.29173295  0.50987128  0.02355071 -0.5538341   1.38077976
 -1.62517066  0.68326669  0.34135921  0.47012653 -1.09863019 -0.90516425
  0.1425312  -0.47202324 -0.42040714]
[ 1.         -0.94823564 -1.35733594  0.15536303  0.3392508  -0.0612246
  0.46066477  0.34110192 -0.66520738 -0.90571442 -0.54595898 -1.64945425
 -0.56414422  1.15388665 -0.3617134  -0.35299167  0.25209735 -1.80138563
 -0.31193625  2.46731847 -0.28112281]
[ 1.          1.11381791  0.00605815  5.43875817 -0.27438344  1.25312095
 -2.57511397  3.27019297 -1.80836931 -2.37723275  2.0720872   1.65674098
  0.37710911  0.84830216  1.29172482 -0.90807598  0.70152641  0.20097762
 -0.42909728 -0.46851454 -0.1455496 ]
[ 1.         -0.91866364  2.00084974  0.85003935  2.22061391 -0.32904701
  0.49748723 -0.70803781 -0.64710597 -0.71996893 -0.77872011 -0.89206599
 -0.8824098  -0.03152899  0.38191682  0.06137444 -0.82049673  0.21614561
  0.99847848 -1.14694795 -0.27024206]
[ 1.          1.12039313 -0.06416607 -0.33390057  0.66789089  0.45821964
 -1.23812717 -0.13916837  0.79530847 -0.34983753 -0.50008104 -1.53107495
  1.57053259 -0.09519783 -0.04342774  0.01111778  0.85909005  0.26474996
 -0.00275457 -0.0169908   0.14405646]
[ 1.          0.99726304  0.20789948  0.37270698 -1.07601022 -1.50429023
  1.35932766  1.04669315 -0.54522796 -0.60694613  0.66052915  1.72935711
 -1.63052899  0.36636332  1.48166723 -1.64406047 -0.77575293  0.6950511
 -0.88226207  0.83658894  0.57084524]
[ 1.         -0.94623055  1.78979373 -0.61021695 -1.20428511  0.56582604
 -0.65395414 -0.08195166  0.37088697  0.39962423  0.49783007  0.89685463
  0.73412573  0.07138592 -0.1077882   0.10369241 -0.19701003 -0.49468941
 -0.4556908  -0.39172996  0.37809159]
[ 1.         -0.87111866  0.75755062 -0.34945527 -0.10957866  0.02688748
  0.86084266  3.10275649  0.99955207  1.05399714  0.9902974  -0.36392937
  0.37393917 -1.57492906  1.15207305 -0.7109714   0.41826624  0.42813628
  0.1508379  -0.18070996 -3.13858562]
[ 1.          1.11195693  0.06008263 -1.18570577  0.03117028 -0.22578532
  0.73276982 -0.35986882  0.51869769 -0.0048375   0.15270956  0.02755901
 -1.61529168 -2.00051468 -2.33412264 -1.39624161 -1.55046401  0.55778176
 -1.75353936  0.99590942  0.61271338]
[ 1.          1.0971536   0.10349203  2.4836975  -0.58883216 -1.04860169
 -3.46291316  0.59238702  1.30660546  1.44881992 -2.87947547 -0.77326987
 -1.69165428 -1.12135163  0.36350144 -0.50844932 -2.54103034  2.34428095
 -1.94169485  2.54856959 -0.10005485]
[ 1.         -0.94501085  1.19545268 -0.75542169 -1.11866818  0.58068697
 -0.05433696  1.3211669   0.41173696  0.85810908 -0.71974136  1.33928223
  1.05150628 -0.09902357  0.47423401  0.06543402  0.94016187 -0.08026201
 -0.33153893  0.91507466 -0.28848181]
[ 1.          1.11367351  0.00784772 -0.53893989  0.09521494  0.10985899
  0.26164274  0.45033319  1.00193313 -2.14743939  0.25782636  1.02621777
 -0.61879538 -0.42859726 -0.13231829  0.27018593 -1.0248488  -0.35062492
  0.00375828 -0.91459551 -0.34862033]
[ 1.         -0.92201812 -0.11576518  0.15443389  0.45596777 -0.12822574
  0.24321921  0.10199764  0.39783288  0.03085861  0.15494948  0.6583926
  0.9929245   0.69638041 -1.46553422 -0.52007722 -0.151858   -0.22382119
 -0.21791498  0.08465329 -0.18818183]
[ 1.         -0.92991828  0.77422851 -0.01598101  0.5859051  -0.38329512
  0.13422552  0.0831266   0.72949079  0.75624629  2.15035614 -1.26557996
 -0.99662919 -1.67727097  1.59619859  0.97417582 -0.56686051 -0.87206547
  1.52354199  1.66198436 -0.43526512]
[ 1.          1.08290252 -0.01343258  1.17426917 -0.77920398 -1.13074127
  0.2431822   0.38317508 -1.26014311  1.25977771  0.6361119   0.80456962
 -1.43417442 -1.30228565 -1.8096264  -3.26743949 -0.0305564  -0.26550132
 -0.71524751 -1.22189978 -0.84484195]
[ 1.         -0.95659063 -0.90466243 -0.39701897 -0.08212089  0.4107734
  0.18085862  1.3420406   0.56229959  1.41796659  0.3010453   0.55204855
 -0.37403263  0.23274906  0.07278403  0.45446912  0.61022985  2.98580706
 -1.19731733 -2.09285608 -1.50477402]
[ 1.         -0.9253674   0.61548723 -0.28224595 -0.18614241  0.07684272
  0.39185443  1.26909702  0.21725075  0.47946501 -0.88504701  1.0037013
  0.67631261  0.17256499 -0.35413533 -0.22554206  1.18530732  1.54892885
 -0.07277114  0.29261468 -0.25652249]
[ 1.         -0.94633098 -1.46002236  0.1286234  -0.05333339 -0.14135562
 -0.4219545  -1.47771387  0.28003712  0.04032995  0.91195237  1.39024384
  0.80353001 -2.31231859  1.65561286  0.018328    0.64077903 -1.23125409
 -1.43823818  0.86683552 -0.10876499]
[ 1.          1.15367282 -0.18726989 -2.54883147  1.7552594   2.53140135
 -0.19038746 -0.23212264 -1.01970213 -0.70574007  1.37374674 -1.13438179
  1.18059903  1.53993467  2.78712978 -2.94119014  0.23795808  0.93955653
 -1.2244466   2.10258554  1.83014081]
[ 1.          1.13563307 -0.04493653  0.02162318  0.38513532  0.93007646
 -0.93496809  0.1090702  -2.16571412  2.17592823  0.36997872  0.28785771
 -1.22962459 -1.62380988 -1.8940581   0.48897437  1.69105527  0.15668371
  1.0784398   0.64754934  0.79641257]
[ 1.          1.09237544 -0.10793908  0.39031051 -0.08700165  0.94731682
  0.58418041 -0.04705026  0.39016323 -1.1098512   0.39784119 -0.41201759
  1.48855287  0.99697545  1.17885926 -0.17714164 -0.42573659 -0.49073244
  0.03567216 -1.06096921 -0.32364185]
[ 1.         -0.91685917  1.31044693 -0.03206431 -1.27449387  0.47896472
 -1.20566452 -2.02191298 -0.11369856 -0.54416934  0.86888754  0.27076821
 -0.0439966   1.22781413 -0.83926064 -0.40459558 -0.88072347 -0.70141863
  0.64243911  0.26568024  0.15918545]
[ 1.         -0.82107349  1.79680327 -0.25597495  0.02944623 -0.37895176
 -0.41562315 -0.48933677 -0.58903679 -0.32835644 -0.69947629 -1.7172812
 -2.49292173  1.5528341   0.12300718  0.96340969  1.1214495   0.01771106
 -1.7155782  -0.11530827  0.10522842]
[ 1.         -0.95183199 -1.61166196  0.05599586  0.81275494 -0.1963059
  0.41482393  1.0134345   0.97199418  1.01424117  1.02712628 -0.6431012
 -0.73543961  1.1570798  -0.55859964  0.48591123  0.44227704  1.57383995
  0.16673763 -0.21818866  0.50340955]
[ 1.         -0.86244711  1.46503005  0.05896424 -0.4268163   0.08721804
 -0.70452723  0.03809372  1.21756416  0.48349354  2.03865605 -0.77705451
  0.29400969 -0.20251681 -1.2438001   0.00969579 -1.03427515 -1.69739669
  0.7344354   0.24431639  0.26466131]
[ 1.          1.13694627 -0.05236819 -0.13377455 -0.1504406  -1.31584442
 -0.3677755   0.01744674  0.73116803 -0.28710444 -0.610027   -0.10004098
  0.72361145  0.60490408  0.5565903   1.38979435 -0.7519012   0.71353492
 -0.15343955  0.47929638 -0.81136363]
[ 1.          1.12770255 -0.02788148 -2.39301096  1.27800797  0.03617126
 -1.25580411  0.45677064 -2.6202937   0.33587658  0.73131659 -0.13463793
  0.81447565  0.5173      1.82928642 -1.33631746 -1.63622509  1.36901035
 -0.50631847  0.74316113  0.0062828 ]
[ 1.          1.09165839 -0.07034204  1.52872261  0.38143308  0.2561122
 -1.85818444  1.0454646   0.13899672 -1.10967073 -0.33843861 -0.0789836
  0.36580787 -0.72569006 -0.54120786  1.73238465  0.15201763  0.70305565
 -0.15993554  0.92115287 -0.02026498]
[ 1.         -0.96751626 -1.51850575 -0.13079153 -0.58241815  0.22830024
 -0.12664625  0.58303306  0.15062471  0.04338403  0.53107414 -0.98979992
 -0.23537095 -0.38661747  0.23552603  0.16252881 -0.85326602 -0.80887339
  0.74339125 -0.56953289  1.51800792]
[ 1.         -0.89111191  1.04873412 -0.35088775 -1.28810825  0.61106208
 -0.27540043  0.46925387  0.49014082  0.77053845  0.47639986 -0.41477934
  0.52125362 -0.8100255   0.35466508 -0.6306564  -1.00876557  0.12177706
  0.8751959   1.57011924 -1.10259588]
[ 1.         -0.95515769 -1.57521437  0.77054108  1.42370014 -0.50210709
  0.2350229  -1.22941862 -0.23444502 -0.2529506   0.59342621  0.76746353
  0.89833509 -0.37087738 -0.12397953 -0.95776615 -0.58466291 -1.68825532
  0.52998846  2.16221005 -3.18412143]
[ 1.         -0.96656452 -0.34609453  0.88561564  3.27483736 -0.14448157
  1.03523359 -0.46628462  0.79713451  1.23626525 -0.07935759  2.49332002
  0.74917804  0.0909707   0.10560072 -0.12291813 -0.82230902  2.42872965
  1.48129363 -0.38733952 -1.80182556]
[ 1.          1.03007874  0.14718469  3.31816576 -2.24217859 -0.1874147
  2.37993083 -0.35592364  0.50047752  1.14750437 -0.49236249  0.18477141
 -0.60897233  1.17190114  1.68657422 -0.8976604   0.48248645  0.1678149
 -0.21582778  0.7260239   0.04362812]
[ 1.          0.63704311 -0.02251185  3.26601826  0.94891399  1.90028247
 -2.62046097 -2.16426697  4.78986947  0.08646763 -2.8682262  -2.68443579
  0.69835987 -1.3534746   2.12723659 -3.96644276  0.9235243   1.85401195
 -1.16840651  1.26259169  1.00012235]
[ 1.          0.2417997   0.90798932  0.75509668  0.64851081 -4.39267401
  0.23954749  0.47188951 -1.10545861 -2.51412244  1.98712111 -0.81542476
  1.19381354 -1.9442505  -0.77683783 -2.65671621  3.06554283  1.2010776
 -0.98318215  0.78608909  1.22561418]
[ 1.          1.10768627  0.04024499  1.82684487 -0.9698371   1.58709671
  1.83000166 -1.11622139 -0.63268954  1.57101562 -0.30577765 -1.12469524
  0.58931941 -1.06846694 -1.3168505   0.61101375  0.44539061  0.6925441
 -0.24212477  0.23092222 -0.17614702]
[ 1.         -0.91278989 -1.01694183  0.25331492  0.77336246 -0.73501774
  0.70104114  0.84464059 -0.79945247 -1.05865157 -0.79949652 -1.33642631
 -0.0604182  -1.03862839  0.14644688 -0.27887    -0.4170345  -3.00638125
  0.10048019 -0.44507889  0.0143109 ]
[ 1.          1.11807896 -0.05047593 -0.54665019  0.07468003  0.58830216
  0.54731305 -0.5574341   1.74487472 -0.96850904 -0.53584476 -0.28609364
 -0.41687622 -0.4823473  -0.50952413 -0.06422641 -0.05605365  0.4170475
 -0.36173069  0.38301094 -0.30930473]
[ 1.          1.11164272  0.01224454  0.20960093 -0.40793999 -0.10118248
  0.23327067  0.15586141 -0.99906284  2.06451328 -0.01422324  0.64611991
 -2.25288361 -0.29019733 -0.04301774 -1.90744719  0.87409987  0.40120988
 -0.50618622  0.85655521  0.35562956]
[ 1.         -0.28142527  0.14001545 -0.17626099 -0.83247345 -1.15867707
  0.93574006  0.60936428  0.86584178  0.15933852  0.72442767  0.64116854
 -0.95609886 -2.9275797   2.05545437  0.70402391  1.13708065 -0.03580949
  0.65367831 -0.1793712   2.49939476]
[ 1.          1.10481732  0.05994858  3.58939653 -0.179632   -0.04682462
 -2.37796435  3.01056649  0.72816373 -3.04082278  0.22158406  2.76205415
 -2.07512875  0.18217987  0.83065812  0.51711198 -1.44587741  0.04894096
 -0.68479813  0.10178451 -0.06873032]
[ 1.         -0.92565121  1.60312953 -0.63732882 -0.55928228  0.06698818
 -0.3899781   0.51800693  0.60550581  0.74996621  1.10812049 -0.88789983
 -1.37820252  0.19827506  0.66170928  1.42475721  1.59227826 -0.5840303
 -0.05047049  1.70856463 -1.76852613]
[ 1.          1.12443438 -0.04122245  0.63177094  0.57575968  2.15932744
 -1.02590803  0.72423164  0.21949695 -1.45801038  0.76200686  0.17904182
  0.33188119 -1.09317669 -1.62921679  0.9675069   1.24995402 -0.14703066
  0.74380387 -0.73669744 -0.60562931]
[ 1.         -0.81713726  1.29163002 -0.22589618 -2.41661177 -0.45891715
 -1.77706718 -1.36277741  0.32587522 -0.37060564  0.61846017 -2.05941193
 -2.0668706   1.81799117  0.15370688 -0.17640693 -0.28109352  1.3453633
  2.55486931  0.46549652  0.28011903]
[ 1.          1.08584006  0.01475869 -0.31392528  0.21161108  0.53487904
 -0.32565484 -0.07216613  1.94408798 -0.38949844 -1.01627924  0.03126034
 -1.05516065 -0.7393537  -0.30160404  0.16871562  1.32161375 -0.70278134
 -0.10715127 -0.09962377  0.24922737]
[  1.00000000e+00  -9.33167563e-01  -7.74114772e-01   2.35217261e-01
   1.40317423e+00  -4.55356152e-01   6.64287563e-01   1.37122503e-01
   4.57600360e-01   5.03667040e-01  -6.65814195e-02   1.26951615e+00
   5.97513524e-01   1.05969104e+00  -1.19654770e+00   1.38035765e-03
   9.33272070e-01   1.05564505e+00   2.86156682e-01   1.64468645e+00
   9.54556484e-01]
[ 1.         -0.95595284 -1.65991052  0.06086843  0.68954894  0.09447734
  0.41067173  0.33871136  0.26390463  0.38330527 -0.42652758  0.96416193
  0.52636201  1.12171381 -1.36858826 -0.52077016 -0.47303549  1.05176799
  0.64773398  0.29431742 -0.88411604]
[ 1.          1.11386344 -0.03346229 -0.75686708  0.51183854 -0.90705465
 -0.88343437  0.66636745 -2.16011388  0.45738354  0.87724153  0.23068067
  0.50975982  0.32792111  0.13449766  1.41744394 -0.62208337  0.70646187
  0.0404193   1.13785068  0.54314329]
[ 1.         -0.94888299 -1.72620752 -0.15338494 -0.14999554 -0.14138231
  0.10354652  0.05165206 -0.14346847  0.08092669 -0.04475265  0.63529327
  0.71529127 -1.84569426  1.23919437 -0.30239089 -0.62496447 -0.71081817
  1.23371598  0.12955811 -1.08522149]
[ 1.         -0.90116561 -1.27474035 -0.67715352 -2.12992814  0.65183385
 -0.06320523  0.08688848 -1.80301438 -0.45027021 -1.77344625  0.52488396
  0.49245635 -1.38035798  1.25019797  0.32600831  0.45302852  0.21531539
 -1.22269514  0.4407983  -0.39330521]
[ 1.         -0.8924171   1.38312291  0.30923031  1.18769804  0.4072259
  1.16254596  0.2724853  -0.61446275 -0.09140253 -1.75047561  0.40681048
  0.70284504  0.42969593 -0.85952048  0.88657698  0.25339637 -2.26763859
 -1.86577927  1.40786417  3.50449707]
[ 1.          0.89252342  0.2817931  -0.86657524 -1.52576477 -5.93501502
  1.6585856  -0.30907073  0.91339862 -2.09650406  1.78449796  0.65900477
  1.18321946 -0.76306831 -2.27697911 -0.73313144  1.41862218  0.38660665
  0.42236364 -0.6641647   0.03085669]
[ 1.          0.42941893 -0.09885675  5.32271632  0.2317883   0.04235681
 -3.31734666 -0.06908787  0.2421992  -0.15769548  2.34222485 -1.92368208
  3.31397155  1.24624191 -1.7024856  -2.13679939 -2.01115353 -2.53809246
 -0.17227204 -2.49624706 -0.43619719]
[ 1.         -0.95576085 -0.62255816  0.3823595   1.49273126 -0.09179971
  0.50036527  0.97190855  1.09795192  0.94242819  1.22551067 -1.04441027
 -0.57109653  0.85353074 -0.38766904  0.31506901 -0.89591856  0.10902982
  1.12960631 -0.41334206 -0.29701455]
[ 1.         -0.93344734 -2.03254119  0.02440132  0.10509852 -0.20079436
  0.41027011  0.03886089 -1.11992553 -0.40881442 -0.90592142 -0.143983
 -0.35216644 -1.40286045  0.99900047  0.49592027  0.54979475  0.64228227
 -1.57108672 -1.88217502 -0.17321449]
