Cluster centers 

[-0.79859757  0.70782921  0.67979239 -0.23301062]
[ 1.44659935  0.35865517  0.05520703 -0.49478843]
[-0.67853098 -0.34920392 -0.93980907  1.1103109 ]
[  1.08833258e+00  -1.05191883e+01   4.08997060e-01   1.38756144e-03]
[-0.79429158  0.11842687 -0.95310016  0.14816035]
[ 1.14221371  0.41796538  0.2371197   1.61597631]
[-0.70480945 -0.52032558  1.62964143  0.32583141]
[ 1.44336676 -0.10368653  0.35160549 -0.83079777]
[-0.79820384 -2.16098007 -1.84847574 -0.29741799]
[-0.77635629 -0.25256636  1.17519231 -1.63070911]
[ 1.3873954   0.23023466  0.30781171  0.40274726]
[-0.78557175  0.79952435 -0.21801762  0.20866677]
[ 1.34425704  0.44302438 -0.9264677   1.07348471]
[ 1.31925495  0.71745955 -1.56035842 -1.54888146]
[-0.67242876  0.35659765 -1.40649212 -1.60470998]
[ 1.39277912 -0.07546402  0.22892405 -1.59393255]
[-0.79299515 -1.6028569   1.86808039 -0.67280546]
[-0.80474443 -0.6051665  -1.42417317 -0.24138187]
[-0.78454596 -0.28355118  1.43921971 -0.26169241]
[-0.80537523  0.96587387  0.11309727 -0.47276667]
[-0.60710112  0.04848719 -0.62170249  1.42702842]
[-0.70116795  0.77913142  0.35740077  0.81119431]
[-0.80429027  0.60325015 -0.70128192 -0.26055709]
[ 0.43513287 -0.15619231  1.25300307  2.23858639]
[ 0.55196551  0.91597675 -1.50405076 -2.80163403]
[ 1.43932468  0.56962032 -0.14574773 -0.07162855]
[-0.72256505 -0.81825641 -1.2085362   0.845198  ]
[-0.80393308  0.2959327   1.05391774 -0.47780841]
[-0.80973868 -1.034795    1.63136869 -0.99299726]
[-0.71026678  0.3012532  -0.57412993  0.91580593]
[ 0.65748418 -0.68290391 -1.06738928  2.58489142]
[ 1.38372694 -0.3362346  -1.67063591  0.84718026]
[ 1.10162428  0.07676879 -0.92369024  1.97078228]
[ 1.0650223  -0.27693029  0.97407882  1.52962193]
[ 1.42709613 -0.59681679  0.53037259 -1.30386208]
[-0.7843248   0.32169347 -1.13858196 -0.80554603]
[ 0.67874903  0.31979579 -0.20583747  2.49106561]
[-0.1936607  -1.11233212  1.90863286  1.56716279]
[-0.61494366  0.09071201  1.32644679  0.91971772]
[ 1.43714868 -0.44872887  0.60872586 -0.45007361]
[-0.80511946 -1.20061839 -1.64546279 -0.33736901]
[ 1.37693083 -0.72413444  0.86951634  0.17177673]
[-0.59531461  0.54340156  0.88170878  1.1658163 ]
[-0.80985495 -0.02499461  1.20174084 -0.89517812]
[-0.58553377 -1.87147967  2.11423158  0.54356378]
[-0.79221812 -0.25721158 -1.15063924  0.18130718]
[-0.78171624 -1.53309935 -1.56659587  0.28525646]
[-0.78899207  0.80721027 -0.66490743 -0.77822935]
[ 1.4430941   0.03066131 -1.85509318 -0.30745243]
[ 1.29555958  0.57509007 -0.29233267 -1.99260999]
[-0.80364797  0.90269727 -0.2003945  -0.23151458]
[ 1.38156069  0.49357739  0.02230785  0.56756731]
[ 1.30964591  0.57594677 -0.17861593  1.09308527]
[-0.50568203 -1.10538077 -1.12773416  1.71192346]
[-0.71725446  0.70041679  0.49478163 -1.78704774]
[ 1.14101757 -0.83558818 -1.51515428  1.86821161]
[-0.62355509  0.60508847 -0.06256929  1.2864683 ]
[ 1.4262231   0.36088245 -0.0142678  -1.11415306]
[-0.72309105  0.49758744  0.95459971  0.49542874]
[-0.33430071 -0.02652351  1.39867001  1.68434163]
[-0.80400512  0.67172243  0.67438049 -0.85884103]
[-0.79744534 -0.20772199 -1.36466164 -0.59341373]
[ 1.43113238  0.76855468 -0.51294802 -0.85492055]
[-0.77407258 -1.10253664 -1.80327973 -0.96432452]
[ 1.44507064  0.73308061 -1.15477218 -0.42715713]
[-0.73072625  1.0488611  -0.4120078  -1.4065542 ]
[-0.73994129  0.00611556  1.33493801  0.22281856]
[-0.74521269 -0.381242   -1.63209325 -1.17869413]
[ 0.18813282  0.39159223  0.72559642  2.44104208]
[ 1.40746592  0.67380445 -0.48794639  0.5082662 ]
[-0.753814    0.7688576   0.55390455  0.38860497]
[-0.69101686 -1.70956286 -1.44433094  0.97767065]
[-0.78489    -0.82693096 -1.35561877  0.2859062 ]
[-0.4287907   0.59760601  0.62745647  1.74252514]
[ 1.3199895  -1.39537275  0.66048736 -2.31405579]
[ 1.28835272 -0.63996301 -2.5215764  -1.59910395]
[-0.79577375  0.42426152 -0.74104269  0.10717536]
[-0.77563415  0.37858901  1.0423957   0.01474645]
[-0.62878317 -1.10463884  1.89200603  0.56825245]
[-0.80499835  0.09371424 -1.10395632 -0.284433  ]
[-0.78715303  0.88461014  0.26396068  0.0838568 ]
[-0.80738713 -0.55044316  1.49168477 -0.73748157]
[ 1.43761321 -1.16561525  0.82448076 -0.91731074]
[-0.75793141 -1.02719013  1.77370942 -0.14874363]
[-0.79793972  0.94717626  0.25859912 -0.84969896]
[  1.44418543e+00   7.42291164e-01  -6.74960381e-01  -1.01377351e-03]
[-0.42448443 -0.49332463 -0.82630174  1.96900841]
[ 1.29435338 -0.43430125  0.32762652 -2.26962899]
[ 0.85163931  0.1979269   0.72694584  2.08739601]
[-0.4200285   0.34523049 -0.20616849  1.93005958]
[ 1.42110602  0.36676873 -1.28293946  0.50920019]
[ 1.2840108  -0.02836644  0.62325282  0.91957335]
[-0.74065634  0.65887877 -0.2613785   0.67266502]
[-0.58535754 -0.40835868  1.62519181  0.90269197]
[-0.75611441 -0.0824877  -0.93229894  0.60878267]
[-0.72023922 -2.68847491  2.18342701 -0.21388379]
[ 1.41797808 -0.04206797  0.4519094  -0.00192456]
[-0.77383347  0.41634996 -0.63915301  0.41968989]
[ 1.19630825  0.46516214 -0.55797151  1.6504214 ]
[-0.78948698  0.37978743  0.8701909  -1.28838574]

Populations

0.0166461003307
0.0266716467519
0.0078124337295
0.0103831599327
0.0144302087101
0.0111411547802
0.0257399787279
0.00496940734536
0.00597837806929
0.0188070851372
0.0103455449518
0.00974772408153
0.00358454963042
0.00595734681083
0.0162417138869
0.00386888104492
0.0149758081758
0.0152411660687
0.0100998238785
0.00514077432998
0.0100235208425
0.0129887997307
0.00854566699206
0.00084988005718
0.0245715824422
0.0103903229478
0.01547595356
0.00445069591861
0.0101287408762
0.00511024641164
0.00639182124815
0.00853561879338
0.00585288870682
0.0185583516327
0.0105536023057
0.0067501068736
0.00283465464003
0.00871238097783
0.0144230874438
0.0119304781721
0.00929991951569
0.0071158216359
0.0111371125348
0.00336990336276
0.0143422042941
0.00843184056715
0.012660440564
0.00276593125003
0.0107726734245
0.0111608136658
0.0173203455453
0.0166987517615
0.00259856035355
0.00549606449801
0.00560244844778
0.00738824387236
0.0210495290024
0.0112471492904
0.00520085404226
0.0119595120092
0.0109179221475
0.0171606059729
0.00927779092264
0.0080982598374
0.00849762191913
0.0144156284907
0.00735460738323
0.00472153064159
0.0153168107493
0.0088083339002
0.00507363377501
0.0143328078985
0.00487052208085
0.0068833965838
0.00150673665477
0.00908531589039
0.014223029073
0.00618924946537
0.0118714911235
0.0126592384901
0.0108607558845
0.00899960019236
0.0108424014296
0.0104721448455
0.0130276144464
0.00312482287575
0.0104837432448
0.00866068212118
0.00284929282073
0.00756151678405
0.014744611771
0.00878667669034
0.00780040021272
0.0110449499321
0.00157186626794
0.0204065592155
0.00839833958746
0.00892765014398
0.00969243194944

State labels

0
1
2
4
5
6
7
8
9
10
11
12
13
14
15
16
17
18
19
20
21
22
23
24
25
26
27
28
29
30
31
32
33
34
35
36
37
38
39
40
41
42
43
44
45
46
47
48
49
50
51
52
53
54
55
56
57
58
59
60
61
62
63
64
65
66
67
68
69
70
71
72
73
74
75
76
77
78
79
80
81
82
83
84
85
86
87
88
89
90
91
92
93
94
95
96
97
98
99

Eigen values

1.0
0.951343013709
0.227326881208
0.133447892776
0.108657541899
0.103310840238
0.0948374349165
0.0931422882457
0.088542618487
0.0880933939264
0.0827089651648
0.0821307023362
0.0797327008906
0.0740287793029
0.0726409236537
0.0701074095147
0.0685433393618
0.0657751679564
0.0632638096472
0.0595542357337
0.0577085761986

Left eigenvectors

[ 0.0166461   0.01514946 -0.02027276 -0.00448411 -0.00760651  0.00192331
 -0.02006732 -0.00985274  0.00578928 -0.0256528  -0.00510732  0.0036604
 -0.02185459 -0.01707247 -0.00025611 -0.00100116  0.00610286  0.01789817
  0.01200193  0.00541748  0.01137603]
[ 0.02667165 -0.03099476  0.00394933 -0.03051691  0.0027301  -0.00699266
  0.02015132 -0.01552862  0.01673294 -0.02025001 -0.01621745  0.01500701
 -0.00907006  0.00549438 -0.01081205 -0.00536204 -0.00614684 -0.00490749
 -0.01046472 -0.00767273 -0.00559967]
[  7.81243373e-03   7.14783696e-03   6.91533126e-03  -8.66886682e-05
  -3.13488654e-04   2.65939365e-03   6.47064052e-04   3.04320153e-04
   7.54672707e-03  -4.98251720e-03   7.79715033e-03  -4.51066199e-03
  -6.32936928e-03  -1.68643764e-02  -2.19444927e-03   4.49411273e-03
   1.40451724e-04   5.38911003e-03   2.03183730e-03   8.33503471e-03
  -6.74793568e-03]
[ 0.01038316  0.00975022  0.01330603 -0.00166657 -0.00761513  0.00287014
  0.00792095  0.00798409 -0.00024917  0.00324769  0.00135655 -0.00437585
  0.00139378  0.00788134 -0.00777723  0.00369541 -0.00108381  0.00056584
  0.01553445 -0.01433662  0.01572008]
[ 0.01443021 -0.01574458 -0.00153969 -0.00792409  0.00261315 -0.01004967
  0.00338745  0.00159514  0.00802632  0.00050454 -0.0151155  -0.00213323
 -0.00207453 -0.00830439 -0.0069205   0.0115417  -0.01077292  0.00660392
 -0.01708264 -0.02799208 -0.0169119 ]
[ 0.01114115  0.00959952 -0.01735399  0.00126286  0.02955417  0.00546192
  0.02461797  0.00603393 -0.00528139  0.01450269  0.00181967  0.01438091
 -0.01572917  0.00885148 -0.00159774  0.01375215  0.00680534  0.00324868
 -0.00848611  0.00855902 -0.00430665]
[ 0.02573998 -0.02974779  0.00041988 -0.01285966  0.0004599   0.02218077
 -0.01191649  0.0228264   0.00446556 -0.00401219  0.00070527  0.00117734
  0.00021241 -0.00578072  0.04473214 -0.00548236  0.00013337 -0.00574573
 -0.01223562 -0.04331235 -0.02878364]
[ 0.00496941  0.00451587  0.01073942  0.00356206  0.01995951 -0.00825686
 -0.0118683   0.00181571 -0.00120826 -0.00883797 -0.0101114  -0.00844837
 -0.00257828  0.00131975  0.00695194 -0.00693904 -0.00177536 -0.00595825
  0.00407214  0.00159352  0.00199264]
[ 0.00597838  0.00538232 -0.00978399 -0.00426882 -0.00957501  0.00410127
  0.00620286 -0.00388447  0.00318654  0.00795475 -0.00489699 -0.00289546
  0.00036626 -0.00235819  0.00259816  0.00362014  0.00141973 -0.00613412
 -0.01480302  0.01386168 -0.00737866]
[ 0.01880709 -0.02162039  0.00070253  0.0014535  -0.00433159 -0.00629372
 -0.00187236  0.01176682  0.01235086  0.00983695  0.01120438 -0.00132115
  0.00319533 -0.0026536   0.05471025  0.02436443  0.01059896  0.01769344
 -0.00011621 -0.00346041  0.01828028]
[ 0.01034554  0.00933081  0.00169427  0.00073281  0.01980876  0.00017958
 -0.00029762 -0.00888075 -0.00079433  0.00618153 -0.00715641  0.01115928
  0.00336169 -0.01792199 -0.00036291 -0.0042156   0.00938276  0.00955331
  0.00720964  0.00571537 -0.00688774]
[ 0.00974772 -0.0111544   0.0008817   0.00273148 -0.00181161  0.01137263
  0.00399194 -0.01566927 -0.00307889 -0.00316064  0.00418288 -0.00225827
 -0.00731556  0.01154067  0.00091929 -0.017599    0.00085102 -0.01108396
  0.00682968  0.00768805 -0.00353932]
[ 0.00358455 -0.00417781  0.00036565 -0.0095876   0.0025324   0.00388204
 -0.00480644 -0.00156336 -0.00951535  0.00325879  0.00814601 -0.00644704
  0.00118102  0.00120387  0.00606374 -0.00129949 -0.00190606  0.00296336
  0.00220779  0.00290159 -0.00366799]
[  5.95734681e-03   5.55860188e-03   7.98405733e-03  -9.47939456e-05
   1.21670303e-03  -3.96466559e-03  -4.70060228e-03   1.80711715e-03
  -4.82818074e-03   1.88501235e-03  -3.96973935e-03   1.50888662e-03
   2.40054425e-03   1.50406531e-02   2.37240136e-04   4.29137851e-03
  -2.37216034e-03  -2.05372224e-03  -9.62778595e-03  -4.12601749e-03
   1.41717516e-02]
[ 0.01624171 -0.01899497  0.00148258 -0.00344203 -0.00089393 -0.01456863
  0.00778295 -0.00655161  0.00048119  0.00023765 -0.01179782 -0.00319895
  0.00389154 -0.00736068 -0.01749846  0.01427791 -0.00489146  0.00543512
 -0.00293364 -0.00809761  0.00168361]
[ 0.00386888  0.00340058 -0.00665446 -0.00155274 -0.01437009 -0.00016847
 -0.00217155  0.00282898 -0.00689611  0.00261591 -0.00177473  0.0011956
 -0.0035965  -0.00883915  0.00095922 -0.00373993 -0.00530665  0.00525563
 -0.01618825  0.01030767  0.00043188]
[ 0.01497581  0.01383116  0.0303386   0.00081947 -0.02373661 -0.00427012
 -0.00872639 -0.00690683 -0.00588731  0.01130624 -0.01092403  0.00978008
  0.00863302  0.00676392 -0.00365414  0.00411994  0.01404759 -0.00580661
  0.00113844 -0.00300123  0.00068611]
[ 0.01524117  0.01373329 -0.02439928 -0.00838219 -0.01438916  0.01033924
 -0.00148424 -0.00550385  0.02135603 -0.01202033 -0.00858655 -0.02608461
  0.03037219  0.01077465 -0.01301725  0.00474848  0.02884151  0.00918947
  0.02933111 -0.01002599 -0.00407896]
[ 0.01009982  0.00927291 -0.00229778 -0.0025005  -0.01000733  0.0024577
  0.00425578  0.00424718  0.00850751 -0.00851109  0.01759948 -0.00980523
  0.00694736  0.01678004 -0.00419488  0.01437245  0.00070793 -0.01672694
  0.01585936 -0.00708417 -0.00584713]
[  5.14077433e-03   4.60738121e-03   2.72172733e-05   2.26397511e-03
   2.70922641e-03   1.28746334e-03  -8.94225672e-04   7.55398006e-03
  -5.43676870e-04  -1.07074726e-02   3.81764968e-03  -9.16194403e-03
  -8.35203279e-03   1.11146474e-02  -6.46798790e-04   1.33834592e-02
  -4.45043611e-04  -3.42787064e-03   2.84670567e-03   3.95782875e-03
   2.09414199e-03]
[ 0.01002352  0.00855052  0.00045601  0.00235276  0.00517484  0.0052257
  0.00439005  0.00583258 -0.00561155 -0.00224288  0.00316762  0.00732858
  0.00397812  0.00191706 -0.00695558  0.01535497 -0.0088245   0.00935285
  0.00016708 -0.00626298 -0.00644808]
[  1.29887997e-02   1.18921106e-02   1.20079961e-02   2.34085930e-04
   9.52731822e-03   1.00617064e-04   3.63791739e-03   1.13159389e-02
   8.71769776e-03  -1.16837947e-02   1.09564194e-03  -2.19503511e-02
   1.65416825e-03   7.40680181e-03  -2.38785771e-03  -1.90219680e-03
  -6.03148542e-03   9.42817688e-05   8.70211887e-03  -4.49543996e-03
   9.87518944e-03]
[ 0.00854567 -0.00422428 -0.0079718   0.00848443 -0.00125183 -0.01766447
  0.00015372  0.03009385 -0.01664456 -0.01633526  0.02557023  0.00057532
  0.01089241 -0.00829639  0.01937004 -0.02046742  0.01838934 -0.0100604
 -0.00605747  0.00100808 -0.00968691]
[  8.49880057e-04  -4.86595654e-04   8.84375688e-04  -3.26444193e-04
   8.70934492e-04   5.45113074e-03   1.79990411e-03  -2.72247777e-04
  -3.68454194e-03  -4.89285757e-03  -2.45930858e-03   2.42147893e-03
   3.63138348e-03  -2.19433257e-04   6.23376276e-04   3.18846512e-05
  -5.30749548e-03   2.98514710e-03  -1.50492299e-03  -4.95981669e-04
  -3.76911379e-03]
[ 0.02457158 -0.02853744  0.00154256  0.00224191  0.00172582  0.00356397
 -0.00765864  0.01694095  0.00505135  0.00470575 -0.01355024  0.00126666
  0.00563459 -0.0151767  -0.03713541  0.00431826  0.00145771 -0.01257606
 -0.00635377 -0.01171335  0.00103006]
[  1.03903229e-02   9.69987889e-03   1.94669322e-02  -2.06733914e-03
  -3.59790753e-02   1.23016898e-03  -1.43512503e-02  -6.65573184e-03
  -9.96847430e-05  -1.52820187e-03  -6.57355083e-03   5.61268906e-03
  -1.14827085e-02  -3.45349422e-03  -4.04223703e-03   5.59247660e-03
   1.39159109e-02   8.62770609e-03  -1.13610194e-02   1.01127210e-02
  -4.86425829e-03]
[ 0.01547595  0.01364511 -0.02650145 -0.00385712 -0.01131866 -0.00259476
 -0.00983619 -0.00770301 -0.00124699  0.00122433  0.00286755  0.00183629
  0.01361695  0.02236052  0.00425946 -0.00497732 -0.00887115 -0.0162171
 -0.00898356 -0.01495829  0.01728192]
[ 0.0044507   0.00375365 -0.00355057 -0.00050815 -0.00547666 -0.00498423
  0.00347162  0.00215683 -0.00428345  0.01290395 -0.00736099 -0.00450001
  0.01264492 -0.00314511  0.00073678 -0.01169229 -0.01579452 -0.00231659
 -0.00780764 -0.00365714  0.01388928]
[ 0.01012874  0.00933105  0.01167128 -0.00161809 -0.0121789   0.00669526
  0.02069114  0.01975508 -0.00499579 -0.00178592  0.00225615 -0.00243206
 -0.02188816 -0.01963637  0.0033272  -0.00226308 -0.01418727  0.00290587
  0.00606273  0.00597138  0.01195509]
[  5.11024641e-03  -4.10763775e-03  -1.47011149e-03   2.94534694e-02
  -2.88216718e-03   1.32348742e-02  -1.53961008e-03  -9.48237010e-03
   7.90648862e-03   1.41674218e-02   8.64115503e-03  -9.80707301e-03
  -2.42346129e-02   5.71399264e-03  -1.26368389e-03  -1.39069567e-02
   6.07678041e-03  -6.08374779e-05  -8.94061079e-03  -1.47867766e-02
   2.08860540e-04]
[ 0.00639182 -0.00717452 -0.00014248  0.0081038   0.00025718 -0.00430544
 -0.00235897 -0.00642192 -0.00497198  0.00705478 -0.00078106 -0.008209
  0.00051488 -0.00440651  0.00014292  0.0074785   0.00497433  0.00328916
  0.00103643 -0.00099423  0.0048482 ]
[ 0.00853562 -0.0092936  -0.00145974  0.0394768  -0.00696263 -0.00622934
  0.01587864 -0.01314409 -0.01357984 -0.01220198 -0.01318638 -0.00486672
  0.00916402 -0.01406845  0.00652906  0.02119604  0.0085011   0.00204623
 -0.00390616 -0.02201552 -0.00166053]
[ 0.00585289 -0.00539675 -0.0023319   0.00947921 -0.00479854 -0.02731444
  0.00076444 -0.00259604  0.00110413  0.00727867  0.01126441 -0.00117736
  0.00554207  0.00913693  0.00922138 -0.00733697 -0.01360829  0.01379929
  0.01154096  0.01935395  0.00012953]
[ 0.01855835 -0.02168148  0.0004085  -0.01440418  0.0002624  -0.02253696
 -0.00676949  0.01555944  0.02560958  0.00875086  0.00231129  0.00894579
 -0.00509333  0.00344002  0.0015114  -0.00418831  0.00815437  0.00126592
  0.00809946  0.01334874  0.00119394]
[  1.05536023e-02   9.64305617e-03   1.25325379e-02  -1.09277040e-03
  -6.77088685e-03   3.09190445e-03   6.88380521e-03  -3.19792046e-03
   4.04596666e-04   7.64366218e-03  -1.00718032e-03   1.22999078e-02
   7.02474541e-03  -1.01861879e-02   8.34002410e-04  -7.60795508e-03
  -1.13799433e-03   8.75157770e-05   2.09542125e-02  -8.31760706e-03
   1.81896654e-03]
[ 0.00675011 -0.0054258  -0.00314385  0.01864904  0.00166046  0.00042813
 -0.00890054  0.00633081 -0.01394025  0.00745288  0.00950508 -0.00301765
  0.01283474 -0.0031273  -0.01915286  0.007733    0.00094699  0.00285685
  0.00423587  0.02033751  0.00359713]
[ 0.00283465  0.0015318  -0.0040959   0.00169425  0.00153228 -0.00628799
 -0.00555101  0.00708033 -0.00206235 -0.01134615  0.01001005  0.00237644
 -0.00189266  0.00607373 -0.00487765 -0.00510509 -0.00327333  0.00335243
  0.00256064 -0.00335511  0.0017526 ]
[ 0.00871238  0.00759254 -0.01268964 -0.00096462  0.00517925 -0.00388464
  0.01032908  0.00843477  0.00054994  0.00180353 -0.0066035  -0.01590485
  0.00445155  0.00708493  0.01238595 -0.01541417 -0.00284261 -0.01716194
 -0.00639964  0.00810692 -0.00723714]
[ 0.01442309 -0.01693187  0.00110653 -0.00824819 -0.00254187 -0.01498178
  0.00802895  0.00552318  0.03506131 -0.00867424 -0.02251252  0.01928638
 -0.00744821  0.0052334  -0.0032813  -0.00053443 -0.01696639 -0.00027936
 -0.00581027 -0.0200613  -0.02871069]
[ 0.01193048  0.0109271   0.01854089 -0.00124063 -0.01123339 -0.00126356
  0.01453354  0.00844503 -0.01144493  0.0148145   0.00580753  0.01614813
 -0.00995469  0.00817144  0.00420633 -0.00140652 -0.00446538 -0.01226329
  0.00395964 -0.01190641  0.00850482]
[  9.29991952e-03  -1.07400102e-02   4.55132283e-04  -1.61189574e-02
   3.53686118e-05  -8.67056704e-03  -6.14819340e-03   6.22054240e-03
   2.48646943e-03   9.27399850e-03   6.16126432e-03  -3.91828313e-03
   1.33266885e-04  -5.28390923e-03  -3.02518611e-05   5.85914431e-03
   9.19469975e-04   2.39661208e-03   7.73230982e-04   7.57495379e-04
  -1.86737579e-03]
[ 0.00711582  0.0059594  -0.01087414  0.00324551  0.00223994 -0.00508081
 -0.01276367 -0.00692726 -0.00331022 -0.00110201  0.01530327  0.01626206
 -0.00560669 -0.00494439  0.00212437 -0.0030863  -0.00697368 -0.00124592
  0.01084916 -0.00676123 -0.0060421 ]
[ 0.01113711  0.00996529 -0.01386746 -0.00358816 -0.00747283  0.00217509
  0.00295752  0.00362267 -0.00960501  0.00581647 -0.02118507 -0.00116804
 -0.00358235 -0.01772229  0.00272802 -0.01501406  0.00019995  0.01424742
  0.00764971  0.0059174  -0.01501825]
[ 0.0033699   0.00291965 -0.00443076 -0.00213928 -0.00733806  0.00067535
 -0.00533893 -0.00023314 -0.00542154 -0.00226439 -0.00307012  0.00757355
 -0.00059402  0.00021766  0.00012215 -0.00530883  0.00721376  0.00418355
  0.01160694 -0.00593878  0.00616217]
[ 0.0143422   0.01300845  0.02069328 -0.00021098  0.00904457 -0.01197945
 -0.00860269  0.00208657 -0.02695936  0.01563085 -0.01516012  0.01237179
 -0.00213934  0.02198395  0.00480907 -0.00026875  0.00554737 -0.0069615
  0.00688727 -0.00704103 -0.01277164]
[ 0.00843184  0.00767444  0.01282159  0.00204335  0.01051979  0.00458701
  0.00126847 -0.00954381  0.01384987  0.00339039  0.00541447 -0.00298004
  0.0154648  -0.007925   -0.00054236 -0.0099807   0.01675229  0.00930813
  0.00775689  0.00082017 -0.00506088]
[ 0.01266044  0.01117937  0.01320641  0.00442928  0.00121483 -0.00255913
 -0.00623102  0.00998048  0.00303273 -0.02656918  0.0119512  -0.01168983
 -0.01651944  0.0014902   0.00062928  0.01014455 -0.01787433 -0.00273298
 -0.01504115  0.00935701  0.00545648]
[ 0.00276593 -0.00311722  0.00122039 -0.00442843  0.00114692  0.00271722
  0.00890618 -0.01569769 -0.01815715 -0.00863841  0.00461896 -0.0072592
 -0.00083196  0.001661   -0.00152518 -0.0032707  -0.00039281 -0.00057625
 -0.00165128 -0.00364107 -0.00334454]
[ 0.01077267 -0.01261611  0.00144978 -0.02209656  0.00217398 -0.00619793
  0.00378367 -0.00153042  0.00472988  0.00375919  0.00341625 -0.00435934
 -0.00978095 -0.00351461  0.0084056   0.00750618  0.01294874  0.00291741
 -0.00432598 -0.00984256  0.01467756]
[  1.11608137e-02   1.01125408e-02   3.82594383e-03   2.18873552e-03
   1.20477664e-02   4.20860294e-03   7.72515388e-03   4.78433802e-03
   4.98484494e-03  -5.87580696e-04  -2.70548077e-05  -1.60724999e-02
  -1.05593185e-02  -1.82437637e-02   4.30325428e-03   2.16330873e-02
  -9.38388030e-03  -1.95222637e-02   2.56209808e-02   8.33306723e-03
  -5.88998288e-03]
[ 0.01732035 -0.02003379  0.0016617  -0.00049383  0.00327171  0.02503019
 -0.01500109  0.01008982  0.01464517  0.00968267 -0.0053826   0.00717818
 -0.00653834  0.01306875 -0.02834692 -0.01293367 -0.0043726  -0.01039086
  0.00733959  0.02026719  0.00944644]
[ 0.01669875 -0.01859352 -0.00209373  0.02358314  0.00107208  0.01238544
 -0.01119347  0.0203118  -0.00799969  0.00290363  0.0005743   0.0012051
  0.01612571 -0.01256737 -0.00338806  0.0130284   0.02600841 -0.00330977
 -0.00623004  0.00537863  0.02234372]
[ 0.00259856  0.00212068  0.00140879  0.0005602   0.00286197 -0.00596496
 -0.00955466 -0.00690362 -0.00263308  0.00393761  0.00066018  0.00707122
  0.00032441 -0.00417503  0.00183869 -0.00071321  0.00105083 -0.00168486
  0.00401219  0.00038621 -0.00473739]
[ 0.00549606  0.00485916 -0.0034303  -0.00011482  0.01020764  0.00138345
  0.01342724  0.00679672  0.00113601  0.00777544 -0.00633501 -0.00524935
  0.00419085  0.00504039 -0.00032088 -0.0102232   0.00519093  0.00255975
  0.01071876 -0.00578786 -0.00258481]
[ 0.00560245 -0.0063022  -0.00015977  0.00426632 -0.00019642  0.00917512
 -0.00777771  0.00264934 -0.00424823  0.00714754  0.00194069 -0.00368902
  0.00603689  0.00164955  0.00578287  0.00107449 -0.01230981  0.00785287
  0.00327763  0.00046147 -0.01571038]
[ 0.00738824  0.00649508 -0.00090839 -0.00188378 -0.01326521  0.0003306
 -0.00288268  0.00913852 -0.00329243 -0.00654546 -0.00732867 -0.01430813
 -0.00273604  0.01273036 -0.00288049  0.00906485  0.00305343  0.00041092
  0.00561668 -0.00353773 -0.00697378]
[ 0.02104953 -0.02464108  0.00092081 -0.00451865 -0.00451076 -0.04817446
  0.02238766 -0.01866404  0.00849886 -0.00527411 -0.00289179 -0.00282651
 -0.0004252  -0.00289456 -0.01137911  0.0158675   0.00200786  0.00930693
  0.00965528  0.01945736  0.02568796]
[  1.12471493e-02   9.73744186e-03  -1.81203861e-02   8.53321417e-04
   2.74454626e-03   1.95530959e-03  -8.81699840e-03  -9.01560923e-03
  -2.18053338e-04  -4.79370434e-03  -2.96162679e-03   1.01298493e-02
  -1.52223107e-02  -9.62848614e-05   2.87351876e-03   1.95242090e-03
  -7.28485231e-03   7.27421968e-04  -2.30855708e-02  -1.26372029e-03
   2.30800935e-02]
[ 0.00520085  0.00317001 -0.00611618  0.00311837  0.01077829 -0.00464478
 -0.00955554 -0.00581478 -0.00027852  0.0005085  -0.01333401 -0.00582126
  0.00292855 -0.0008705  -0.0023176   0.00067849 -0.00225143 -0.00961639
  0.00091811 -0.00451893  0.00283693]
[ 0.01195951  0.01079356 -0.01190009 -0.00244355 -0.01614745  0.00039546
  0.0004442   0.00468333 -0.00778735 -0.00484057  0.00105228  0.00442699
 -0.01766834 -0.00318456  0.00447391  0.00327191  0.00261286 -0.00842561
  0.01178821  0.00875044 -0.01681854]
[ 0.01091792  0.01006787  0.01386174 -0.0023276   0.00233077 -0.00809311
 -0.01169073  0.00344744 -0.01581841  0.00233224 -0.0338252   0.00190318
 -0.00952141  0.01066059  0.00721646 -0.01094797  0.01725276  0.00723128
  0.0068551   0.0007231   0.00805594]
[ 0.01716061 -0.02019854  0.0017624  -0.0260329   0.00167889 -0.00471524
  0.00382314 -0.00938987 -0.00277929 -0.00128118  0.01473934 -0.00628148
 -0.00646432 -0.00112172  0.03280683 -0.00024655  0.01050521  0.00333105
 -0.00227741 -0.00418859  0.00875052]
[ 0.00927779  0.0083622   0.01674058  0.00462147  0.0037322  -0.00056657
 -0.0016117  -0.00485332  0.00221778 -0.00124415  0.02430374  0.00403173
  0.00208603  0.00114069 -0.01339767  0.00036508 -0.00392654  0.00657737
 -0.01123257 -0.01187126 -0.01167658]
[ 0.00809826 -0.00931272  0.00136767  0.00308152 -0.00200491  0.00911153
  0.00128257 -0.0105349  -0.0035045  -0.00029525 -0.00118016 -0.00126945
  0.00183801  0.01388658  0.01599313  0.00269065 -0.01933461  0.01502555
  0.01005417  0.01025465  0.00170162]
[  8.49762192e-03   7.93252698e-03   9.26346110e-05  -4.90396636e-03
  -1.75680585e-02   7.27786067e-03   1.02810777e-02   2.96118329e-05
   2.50157508e-04   9.73927591e-03  -5.17352353e-03  -4.94361642e-03
   4.30597213e-03  -8.86151582e-03  -7.39525441e-04   1.17563233e-03
   1.24339649e-03   2.97225949e-03  -7.10103007e-03   9.76864007e-03
  -1.37701700e-02]
[  1.44156285e-02   1.27049846e-02  -1.73607234e-02  -5.90632803e-05
   8.44303205e-03  -2.39974302e-03  -1.39861958e-02  -4.10969788e-03
  -1.63560579e-03  -7.18454860e-03  -3.91036848e-03   3.64447734e-03
  -1.47507670e-02  -9.45507865e-03   6.12291547e-03   2.02439924e-03
  -1.66446040e-02  -1.18245558e-02   2.54020433e-02  -1.53686299e-02
   1.12283711e-02]
[ 0.00735461  0.00676739  0.01408329  0.00056764  0.00443185 -0.00031825
 -0.00644066  0.0036204  -0.0073849  -0.00996019 -0.00147978  0.00354371
 -0.00583342  0.00972414 -0.00742463  0.00701602 -0.00365515  0.01918272
 -0.01283334 -0.00641798 -0.00063292]
[ 0.00472153 -0.00138302 -0.00502432  0.00684484  0.00266343 -0.00966236
 -0.01149254  0.01386063 -0.01289063  0.009288   -0.00371545 -0.01700516
  0.00426129 -0.00884075 -0.01101983  0.00210796 -0.01329917  0.00893784
 -0.00343128 -0.00994406 -0.0078088 ]
[ 0.01531681 -0.01765245  0.00222653  0.00398604  0.00171763  0.04356808
 -0.01699527  0.00282785 -0.00832228  0.00054527 -0.00533918  0.01039798
  0.01778832  0.01044016  0.0200264   0.00547319 -0.02423871  0.00984874
  0.0156911   0.0146936  -0.00970843]
[ 0.00880833  0.00774132 -0.01151134 -0.00185826 -0.00581774 -0.00055609
 -0.00229886 -0.00458274  0.00124343  0.00234794  0.01472479  0.01175144
 -0.00011724 -0.00525948 -0.0053955   0.00297448 -0.00654179 -0.00275315
 -0.00037337 -0.00820591 -0.00017136]
[ 0.00507363  0.00466902  0.00506332  0.00105732  0.01521465  0.00161783
  0.00407262 -0.00492996  0.00781682 -0.00073891  0.00416346  0.00453081
  0.00947594 -0.00874448  0.00050602 -0.00909994  0.00180169  0.00960003
 -0.00819499  0.00268311  0.00968345]
[ 0.01433281  0.01302945  0.02046807  0.00265939 -0.00339849  0.0120808
  0.02248902  0.00147842  0.01452441  0.01327611  0.00641745 -0.01750196
  0.01404432 -0.0230973   0.00156099 -0.01184638 -0.01464114 -0.00814025
  0.00557363  0.00208046  0.00230736]
[ 0.00487052  0.00354916 -0.00246234  0.00042492 -0.00699007 -0.00559963
 -0.00290968 -0.00166083 -0.00010472 -0.00689276  0.00522305  0.00521426
 -0.00457771 -0.00094777  0.00182448 -0.00493585  0.00270809  0.00156998
 -0.00300358  0.00480942 -0.0115619 ]
[ 0.0068834  -0.00817167  0.00103762 -0.00705068  0.00282419  0.01583709
 -0.00536679  0.00870354 -0.00701311 -0.00632232 -0.00074011  0.00423618
  0.00890357 -0.01119564  0.00564695  0.00539211  0.01388519 -0.00907398
 -0.0064838  -0.00200972  0.01446903]
[ 0.00150674 -0.00172298  0.00051613 -0.00130744  0.00127812  0.00569059
 -0.00210473 -0.00444911 -0.00518052  0.00439337  0.00411432 -0.00620812
 -0.00561874  0.00165655 -0.00013943 -0.00361048  0.00481221 -0.00119954
 -0.0021249  -0.00454266  0.00075387]
[  9.08531589e-03   8.34829943e-03   1.23950220e-02  -7.52455887e-04
  -9.83581670e-03  -7.26958569e-04  -5.34503083e-03  -1.39223267e-02
   1.37905790e-02   2.17923329e-05   1.83132871e-02   2.80114283e-03
   2.48936918e-02  -1.80588847e-03  -4.43273758e-03  -5.68930238e-03
   1.42706967e-03  -6.22754707e-04  -3.63237310e-03  -1.12125333e-02
  -2.80588571e-03]
[ 0.01422303  0.01226921 -0.01896163 -0.00322224 -0.01160638 -0.00343755
 -0.01670049 -0.01571646  0.00466574  0.00555318  0.01369288  0.0088782
  0.0226962   0.01554946 -0.00108537  0.01825469 -0.00182231 -0.01105179
 -0.01758696 -0.00057626 -0.01041148]
[ 0.00618925  0.00527215 -0.0108995  -0.00120578 -0.00112703  0.00325152
  0.00484502  0.00806896  0.00210088 -0.00517406 -0.00441274 -0.01001996
 -0.00767766  0.00313209 -0.00444532 -0.00413112  0.00969427  0.01365758
 -0.0013275  -0.00114559 -0.00881454]
[ 0.01187149  0.01091698  0.02240484  0.00239031  0.01058406 -0.00147391
 -0.00696601 -0.00813072  0.0111661  -0.00897426 -0.00241766 -0.01145651
  0.00432138 -0.00666137  0.00979119 -0.01658566 -0.00344443  0.00079512
 -0.01638108  0.01216168 -0.00659209]
[ 0.01265924  0.01117597 -0.00594832 -0.00018365  0.01195464  0.00345572
  0.02641965  0.00909267 -0.00121415  0.01211893  0.00559543  0.00739023
 -0.0017653   0.00942793  0.00327587  0.01741789  0.00781117 -0.00934985
 -0.00825134  0.0105597  -0.00261505]
[ 0.01086076  0.00972786 -0.0177317  -0.00475133  0.01602721  0.00680099
  0.0257243   0.01206857 -0.00893472  0.00359948  0.00247304  0.01390254
  0.00774696  0.02409292 -0.00918826 -0.00200351  0.01851698  0.0350434
 -0.0087764   0.00110226 -0.0012679 ]
[ 0.0089996  -0.01050725  0.00065674 -0.01672716  0.0051517   0.00026933
 -0.00529401 -0.00455168 -0.00266082  0.00982501  0.00215527 -0.00792386
 -0.00811918  0.00682025 -0.02306171 -0.00478541 -0.01394884  0.00705428
  0.0027926   0.00678267 -0.00179407]
[ 0.0108424   0.00946114 -0.01996008  0.00068849  0.02292173 -0.00246532
 -0.00936409 -0.01730432 -0.00200692  0.0131214   0.00037281  0.01386267
  0.00104267 -0.00782127  0.00073208  0.00748742 -0.00818748 -0.01127366
  0.00314474 -0.00565183  0.00594962]
[ 0.01047214  0.00965853 -0.0069116  -0.00295734 -0.00444919  0.00303784
  0.00157653 -0.00417036  0.0147634  -0.01114698  0.00535234 -0.01212748
  0.01217817  0.00947739 -0.00180199 -0.01033442 -0.00495873  0.01013552
 -0.00900082  0.00014414  0.01384959]
[ 0.01302761 -0.01501276  0.00070902 -0.01365804  0.00324338  0.0159487
 -0.00946763  0.01041636 -0.0003878  -0.00362619  0.00709154  0.00841135
 -0.00559215 -0.00153401 -0.0238384  -0.02391868  0.01323068 -0.02717696
 -0.00163639  0.00588142 -0.00438084]
[ 0.00312482  0.00247976  0.00458669  0.00135681  0.00111733  0.00125889
 -0.0037792  -0.00082279  0.00390623 -0.00248151 -0.00175345 -0.00613495
  0.00256674  0.00899334  0.00104226  0.00830899  0.00104033 -0.00447626
 -0.00983498  0.00886336  0.00305747]
[  1.04837432e-02  -1.24505250e-02   1.63324529e-03  -7.83406636e-03
   7.55799685e-05   3.21811560e-03   1.13919104e-02  -2.84661737e-02
  -1.93057041e-02  -5.43845750e-03   5.30340877e-03  -1.37341357e-02
  -5.67054185e-03   7.26995041e-03  -2.01314788e-05  -4.36777691e-03
  -7.54593211e-03   4.32137094e-03   6.62973572e-03   2.78056841e-03
  -4.93588345e-04]
[  8.66068212e-03  -8.07354497e-03  -3.65594406e-03   1.73211708e-02
  -5.18743254e-04  -1.50691841e-02  -8.80742849e-06   1.01332476e-02
   5.88935150e-03   3.76842023e-03  -1.91904912e-03   5.32478697e-04
  -4.75821048e-03   3.80418947e-03  -1.26400633e-02  -1.28822704e-02
   3.21446461e-03  -7.55000478e-03  -1.99141508e-03   1.66725531e-03
  -1.64181944e-02]
[  2.84929282e-03   2.21346956e-03   1.79232940e-03  -2.18039478e-03
  -9.47122647e-03  -2.54640884e-03   4.82137453e-03   1.92712350e-03
  -7.43449896e-03   1.04902535e-02  -1.93017878e-03   8.20146334e-03
  -7.61296466e-04   1.85689986e-03   9.70843216e-04  -3.74667038e-04
  -9.77651511e-04  -6.15378363e-03   3.38926323e-03   8.42894401e-05
   4.13446646e-03]
[ 0.00756152 -0.00845863 -0.00088621  0.01950537 -0.00537479 -0.01265305
  0.01731607 -0.01686468 -0.00010882 -0.0078852  -0.00082609  0.00065437
 -0.00637526  0.00693008 -0.00069733 -0.01055444  0.00863156 -0.01033981
  0.00401944  0.00626367 -0.00502171]
[ 0.01474461 -0.01612033  0.00115382  0.02177622 -0.00358127  0.01516602
  0.01635897  0.0029153  -0.0062193  -0.04300316 -0.0184334   0.0346524
  0.01882498  0.00073189 -0.00687319 -0.008278   -0.0134538  -0.01997545
  0.00247035  0.01795309  0.01101351]
[ 0.00878668  0.00779752  0.00904449  0.00151482  0.00595892 -0.00348567
  0.0083426   0.0106285  -0.00304178  0.00016371  0.00980542  0.00413155
 -0.00602008 -0.00324194 -0.00284378 -0.01231541 -0.01367828 -0.00075104
 -0.00898737 -0.01002155  0.01333122]
[ 0.0078004   0.00681779 -0.01137074  0.00172519  0.0018559   0.00399438
 -0.00057768 -0.00793641  0.0072928   0.00568268 -0.00420759 -0.0106117
 -0.00830781 -0.00782115  0.00512992  0.01281473 -0.00344706 -0.0193711
 -0.00504378  0.00944301 -0.00241758]
[ 0.01104495  0.01004936  0.01347792  0.00224653  0.01774096 -0.00677476
 -0.01551649 -0.00880179 -0.00041367 -0.00147314 -0.01355513  0.00051676
  0.0005741   0.00778652  0.01096576  0.00357416  0.01652454 -0.00388594
 -0.01418008  0.01897845 -0.01750574]
[  1.57186627e-03   1.34292601e-03  -5.13359800e-03  -1.44812013e-03
  -2.01894454e-03  -9.73061177e-04   9.11626790e-05  -7.72290653e-04
   4.02500936e-04   1.38465673e-03  -6.60727675e-03  -5.11826094e-03
   6.54588863e-03   1.55549715e-03   3.72483267e-03  -8.59937265e-03
  -2.67647303e-03  -3.28687869e-03  -4.75123196e-03  -9.35116873e-04
   3.38455620e-03]
[ 0.02040656 -0.0234668   0.0025749  -0.01758674  0.00369629 -0.00179042
 -0.00609288 -0.00606598 -0.02477198  0.01214861  0.01398593 -0.01584269
  0.00148157 -0.01492192 -0.02526397  0.00428234  0.01606717 -0.00481039
 -0.00057931  0.01335982  0.01224891]
[ 0.00839834  0.00755852  0.00487538 -0.00038994  0.00971862 -0.00063595
  0.00573383 -0.00673607  0.00396573  0.00788647  0.01315554  0.01373084
  0.0069685  -0.00830477 -0.00013934  0.0092421  -0.00114344 -0.0071906
 -0.00401512 -0.00062883 -0.00961185]
[ 0.00892765 -0.01007636 -0.00050819  0.02455852 -0.00424755  0.01272048
 -0.00683094  0.00445188  0.02438622  0.0176231  -0.00138315  0.00745264
 -0.01046685  0.01502477  0.01036789 -0.0010958  -0.0028042   0.0135125
  0.00636369  0.0036916   0.00812035]
[ 0.00969243  0.00859092 -0.01172559  0.00255768  0.00149116  0.00676593
 -0.00451272 -0.0073494   0.00729934 -0.01190426 -0.00102338  0.00146834
 -0.00779175 -0.02117818 -0.00290734 -0.00920582  0.00390374  0.02033751
 -0.00080922  0.00198981  0.01417335]

Right eigenvectors

[ 1.          0.91009091 -1.21786851 -0.26937881 -0.45695454  0.11554114
 -1.20552682 -0.59189459  0.34778604 -1.54106992 -0.30681784  0.21989524
 -1.31289577 -1.02561382 -0.01538552 -0.06014369  0.36662408  1.07521709
  0.72100527  0.32545048  0.68340533]
[ 1.         -1.1620866   0.14807237 -1.1441704   0.10235945 -0.26217575
  0.75553322 -0.5822146   0.62736791 -0.75923356 -0.60804078  0.56265777
 -0.34006372  0.20600073 -0.40537599 -0.20103881 -0.23046344 -0.18399662
 -0.39235367 -0.28767363 -0.20994843]
[ 1.          0.91493089  0.88516991 -0.01109624 -0.04012689  0.34040527
  0.0828249   0.03895331  0.96598926 -0.63776761  0.99804371 -0.57736963
 -0.81016614 -2.15865849 -0.28089189  0.57525131  0.01797797  0.68981194
  0.26007738  1.06689349 -0.86374309]
[ 1.          0.93904187  1.28150123 -0.16050672 -0.73341151  0.27642302
  0.76286462  0.76894639 -0.02399719  0.31278403  0.13064859 -0.42143739
  0.13423445  0.75905024 -0.74902367  0.35590373 -0.10438154  0.05449632
  1.49611954 -1.3807571   1.51399784]
[ 1.         -1.09108436 -0.10669894 -0.54913202  0.1810886  -0.69643301
  0.23474697  0.11054193  0.55621672  0.03496411 -1.04748991 -0.14783102
 -0.14376332 -0.57548652 -0.47958433  0.79982902 -0.74655357  0.45764528
 -1.18381094 -1.93982488 -1.17197859]
[ 1.          0.86162736 -1.55764772  0.11335106  2.65270225  0.49024747
  2.20964264  0.54158903 -0.4740433   1.30172249  0.1633288   1.2907919
 -1.41180759  0.79448478 -0.14340885  1.23435631  0.61082921  0.29159317
 -0.76169006  0.76823436 -0.38655321]
[ 1.         -1.15570356  0.01631236 -0.49959874  0.01786714  0.86172467
 -0.46295644  0.88680725  0.1734875  -0.15587397  0.02739964  0.0457399
  0.00825196 -0.22458143  1.737847   -0.21298993  0.0051814  -0.22322201
 -0.47535461 -1.68268774 -1.11824628]
[ 1.          0.90873389  2.16110718  0.71679737  4.0164767  -1.66153862
 -2.38827195  0.36537761 -0.24313994 -1.77847479 -2.03472931 -1.70007607
 -0.51882956  0.26557414  1.39894672 -1.39635231 -0.35725808 -1.19898608
  0.81944204  0.32066576  0.4009807 ]
[ 1.          0.90029756 -1.63656226 -0.71404283 -1.60160638  0.68601636
  1.03754831 -0.64975335  0.53301025  1.33058704 -0.81911663 -0.48432177
  0.06126355 -0.39445366  0.43459323  0.60553847  0.23747727 -1.02605165
 -2.47609222  2.31863606 -1.23422438]
[ 1.         -1.14958765  0.03735479  0.07728487 -0.23031692 -0.33464648
 -0.09955628  0.62565893  0.65671312  0.52304479  0.5957533  -0.07024727
  0.16990029 -0.14109598  2.90902361  1.29549219  0.56356203  0.94078608
 -0.00617901 -0.183995    0.97198919]
[ 1.          0.9019155   0.16376764  0.07083361  1.91471398  0.01735852
 -0.02876828 -0.85841269 -0.07677986  0.5975062  -0.6917381   1.07865605
  0.32494131 -1.73233936 -0.03507902 -0.4074795   0.90693686  0.9234226
  0.69688389  0.55244756 -0.66576851]
[ 1.         -1.14430786  0.09045151  0.28021736 -0.18584992  1.16669582
  0.40952497 -1.60747978 -0.31585686 -0.32424348  0.42911311 -0.23167139
 -0.75048943  1.18393498  0.09430796 -1.80544721  0.08730405 -1.13708139
  0.70064391  0.78870209 -0.36309156]
[ 1.         -1.16550536  0.10200835 -2.67470176  0.70647594  1.08299201
 -1.34087627 -0.43613894 -2.65454578  0.90912068  2.27253359 -1.79856277
  0.32947399  0.3358498   1.69163273 -0.36252536 -0.53174194  0.82670295
  0.61591757  0.80947102 -1.02327909]
[ 1.          0.93306669  1.34020355 -0.01591211  0.20423572 -0.66550861
 -0.78904291  0.30334261 -0.81045823  0.3164181  -0.66636029  0.25328165
  0.40295526  2.52472343  0.03982312  0.72035063 -0.39819074 -0.34473773
 -1.61611977 -0.69259313  2.37886966]
[ 1.         -1.16951742  0.09128242 -0.21192517 -0.05503913 -0.89698842
  0.47919488 -0.40338138  0.02962664  0.01463206 -0.72639034 -0.19695871
  0.23960174 -0.45319608 -1.07737762  0.87908873 -0.30116666  0.33463946
 -0.18062357 -0.49856891  0.10365971]
[ 1.          0.878956   -1.71999616 -0.40134209 -3.71427613 -0.0435444
 -0.56128721  0.73121516 -1.78245535  0.67614095 -0.45871813  0.30902973
 -0.92959639 -2.28467915  0.24793337 -0.96667069 -1.37162432  1.35843792
 -4.18422015  2.66425219  0.11162976]
[ 1.          0.92356708  2.02584047  0.05471974 -1.58499677 -0.2851348
 -0.5826991  -0.46119943 -0.39312135  0.75496683 -0.72944527  0.65305887
  0.57646406  0.4516565  -0.24400264  0.2751061   0.93801909 -0.38773242
  0.07601884 -0.20040513  0.04581467]
[ 1.          0.90106568 -1.60088022 -0.54997017 -0.94409856  0.6783762
 -0.0973835  -0.36111768  1.40120736 -0.7886751  -0.56337869 -1.7114577
  1.9927737   0.7069441  -0.85408502  0.31155652  1.89234259  0.60293731
  1.92446617 -0.65782321 -0.26762779]
[ 1.          0.9181258  -0.22750695 -0.24757813 -0.99084246  0.24334093
  0.42137154  0.42051995  0.84234268 -0.84269688  1.74255296 -0.97083221
  0.68786972  1.66141953 -0.41534231  1.42303956  0.07009367 -1.6561614
  1.57026115 -0.70141535 -0.57893399]
[ 1.          0.89624265  0.00529439  0.44039574  0.52700746  0.25044152
 -0.17394766  1.46942456 -0.10575778 -2.08285209  0.74262153 -1.7822109
 -1.62466435  2.16205705 -0.12581739  2.60339364 -0.08657132 -0.66680045
  0.55375037  0.76988961  0.40735925]
[ 1.          0.85304524  0.04549421  0.23472422  0.51626938  0.52134351
  0.43797474  0.5818892  -0.55983831 -0.22376146  0.31601859  0.73113852
  0.39687846  0.19125598 -0.69392536  1.53189372 -0.88037888  0.93308991
  0.01666901 -0.62482812 -0.64329449]
[ 1.          0.91556656  0.92448851  0.01802214  0.73350259  0.00774645
  0.28008111  0.87120744  0.67117039 -0.89952844  0.08435282 -1.68994453
  0.12735343  0.57024529 -0.18383975 -0.146449   -0.46436049  0.0072587
  0.66997098 -0.34610126  0.76028499]
[ 1.         -0.49431893 -0.93284753  0.99283446 -0.14648767 -2.06706778
  0.0179884   3.52153371 -1.94771887 -1.91152591  2.9921865   0.06732353
  1.2746118  -0.97083026  2.26665103 -2.39506453  2.15189107 -1.17725202
 -0.70883548  0.11796347 -1.13354643]
[ 1.         -0.57254627  1.04058882 -0.38410619  1.02477342  6.41400006
  2.11783309 -0.32033671 -4.33536699 -5.7571154  -2.89371254  2.84920079
  4.27281879 -0.25819321  0.73348736  0.03751665 -6.24499355  3.51243341
 -1.7707475  -0.5835902  -4.43487732]
[ 1.         -1.16140009  0.0627781   0.09124008  0.07023642  0.14504453
 -0.31168669  0.6894528   0.20557688  0.19151178 -0.55145995  0.05154985
  0.22931329 -0.61765252 -1.51131538  0.17574218  0.05932494 -0.51181328
 -0.25858207 -0.47670318  0.04192071]
[ 1.          0.93354932  1.87356373 -0.19896775 -3.46274851  0.11839564
 -1.38121311 -0.64057026 -0.009594   -0.14707934 -0.63266088  0.54018427
 -1.1051349  -0.33237602 -0.38903863  0.53823896  1.33931456  0.83035976
 -1.09342313  0.97328264 -0.46815275]
[ 1.          0.88169744 -1.71242765 -0.24923297 -0.73137071 -0.16766415
 -0.63557908 -0.49774059 -0.08057617  0.0791116   0.18529046  0.11865444
  0.87987816  1.44485582  0.27523081 -0.32161656 -0.57322124 -1.04789016
 -0.58048483 -0.96655037  1.11669518]
[ 1.          0.84338392 -0.79775539 -0.11417291 -1.23051842 -1.11987662
  0.78001788  0.48460521 -0.96242303  2.89930999 -1.65389695 -1.01108046
  2.84111017 -0.70665499  0.16554246 -2.62706911 -3.54877648 -0.5204998
 -1.75425167 -0.82170143  3.12069757]
[ 1.          0.92124517  1.15229367 -0.15975245 -1.20241002  0.66101603
  2.04281477  1.95039859 -0.49322961 -0.17632181  0.22274755 -0.24011517
 -2.16099547 -1.93867842  0.32849097 -0.22343105 -1.40069439  0.28689396
  0.59856661  0.58954782  1.18031358]
[ 1.         -0.80380424 -0.28767918  5.76361041 -0.56399769  2.58987007
 -0.30127903 -1.85556025  1.54718344  2.77235591  1.69094684 -1.91909983
 -4.74235702  1.11814425 -0.24728434 -2.72138673  1.18913648 -0.011905
 -1.74954593 -2.89355452  0.04087093]
[ 1.         -1.12245385 -0.02229109  1.26783913  0.04023537 -0.67358651
 -0.3690612  -1.00470862 -0.77786667  1.10372014 -0.12219739 -1.28429681
  0.08055337 -0.68939817  0.02236056  1.17001106  0.77823328  0.51458864
  0.16214973 -0.15554768  0.75850045]
[ 1.         -1.08880246 -0.17101798  4.62494883 -0.81571518 -0.72980483
  1.86027998 -1.53991087 -1.59096189 -1.42953676 -1.54486499 -0.57016656
  1.07362142 -1.64820489  0.76491938  2.4832464   0.9959561   0.23972856
 -0.45763041 -2.57925265 -0.19454132]
[ 1.         -0.92206595 -0.39841787  1.61957735 -0.81985917 -4.66683072
  0.13060877 -0.44354915  0.18864742  1.24360252  1.92459043 -0.20115805
  0.94689433  1.5610971   1.57552549 -1.25356331 -2.3250559   2.35768818
  1.97184024  3.30673501  0.02213043]
[ 1.         -1.1682871   0.02201144 -0.77615638  0.01413932 -1.21438365
 -0.36476804  0.83840657  1.3799493   0.47153198  0.12454204  0.4820359
 -0.27444975  0.18536253  0.08144056 -0.22568354  0.43939092  0.06821309
  0.43643194  0.71928486  0.06433444]
[ 1.          0.91372177  1.1875128  -0.10354478 -0.64157116  0.29297148
  0.65227067 -0.30301696  0.0383373   0.72427044 -0.09543474  1.16547009
  0.66562537 -0.96518588  0.07902538 -0.72088704 -0.10782994  0.0082925
  1.98550333 -0.78812967  0.17235504]
[ 1.         -0.80380931 -0.46574873  2.76277656  0.24599041  0.06342615
 -1.31857754  0.93788339 -2.06519006  1.10411228  1.40813731 -0.44705254
  1.90141334 -0.46329609 -2.83741554  1.14561105  0.14029279  0.42323065
  0.62752639  3.01291742  0.5328992 ]
[ 1.          0.54038481 -1.4449366   0.59769092  0.5405532  -2.21825788
 -1.958266    2.49777384 -0.72754815 -4.00265841  3.53131136  0.83835087
 -0.66768728  2.14267046 -1.72072185 -1.80095777 -1.154756    1.18265949
  0.90333314 -1.18360432  0.61827671]
[ 1.          0.87146559 -1.45650652 -0.11071875  0.59447005 -0.44587615
  1.18556344  0.96813627  0.06312155  0.20700826 -0.7579444  -1.82554529
  0.51094536  0.81320236  1.42164944 -1.76922581 -0.32627301 -1.96983366
 -0.73454588  0.93050586 -0.83067276]
[ 1.         -1.1739422   0.07671925 -0.57187411 -0.17623628 -1.03873608
  0.55667354  0.38294054  2.43091584 -0.60141319 -1.56086684  1.33718808
 -0.51640876  0.36284855 -0.22750309 -0.03705353 -1.17633546 -0.01936875
 -0.40284478 -1.39091606 -1.99060651]
[ 1.          0.91589816  1.55407796 -0.10398798 -0.94157096 -0.10591053
  1.21818596  0.70785335 -0.95930154  1.24173523  0.4867809   1.35351903
 -0.83439192  0.68492143  0.35256989 -0.11789286 -0.37428304 -1.02789552
  0.33189274 -0.99798275  0.71286463]
[ 1.         -1.1548498   0.04893938 -1.73323623  0.00380311 -0.93232711
 -0.66110179  0.66888132  0.26736462  0.99721277  0.66250727 -0.42132441
  0.0143299  -0.5681672  -0.00325292  0.63002097  0.09886859  0.25770245
  0.08314384  0.08145182 -0.20079483]
[ 1.          0.83748522 -1.52816436  0.45609733  0.31478374 -0.71401614
 -1.79370359 -0.97350047 -0.4651915  -0.1548671   2.1505976   2.28533848
 -0.78791874 -0.69484428  0.29854129 -0.4337239  -0.98002519 -0.17509198
  1.52465284 -0.95016826 -0.84910745]
[ 1.          0.89478179 -1.24515779 -0.32218023 -0.67098466  0.19530062
  0.26555517  0.32527909 -0.86243293  0.52226019 -1.90220494 -0.10487788
 -0.32165914 -1.59128224  0.24494833 -1.34811052  0.01795357  1.27927386
  0.6868668   0.53132284 -1.34848695]
[ 1.          0.86638915 -1.31480251 -0.63482011 -2.17752915  0.20040539
 -1.58429888 -0.06918207 -1.60881175 -0.6719453  -0.911042    2.24740743
 -0.17627245  0.06458942  0.0362475  -1.57536587  2.14064235  1.241445
  3.44429535 -1.7623009   1.82858898]
[ 1.          0.90700485  1.4428244  -0.01471046  0.63062654 -0.83525888
 -0.59981659  0.14548462 -1.8797224   1.08984998 -1.0570286   0.86261403
 -0.14916405  1.53281501  0.33530879 -0.01873861  0.38678662 -0.48538564
  0.48020968 -0.49093097 -0.8904934 ]
[ 1.          0.91017378  1.52061557  0.2423378   1.24762648  0.54401001
  0.15043794 -1.1318778   1.642568    0.40209341  0.6421454  -0.35342728
  1.83409496 -0.93988953 -0.06432274 -1.18369175  1.98678866  1.10392576
  0.91995176  0.09727063 -0.6002102 ]
[ 1.          0.88301595  1.04312442  0.34985185  0.09595497 -0.20213586
 -0.49216436  0.78831982  0.23954407 -2.0985986   0.94398007 -0.92333497
 -1.30480746  0.1177051   0.04970459  0.80127943 -1.41182548 -0.21586768
 -1.18804337  0.73907451  0.43098624]
[ 1.         -1.12700613  0.44122106 -1.60106319  0.41466055  0.98238969
  3.21995764 -5.67537313 -6.56457062 -3.12314782  1.66994732 -2.62450359
 -0.30078839  0.60051985 -0.55141778 -1.18249406 -0.14201727 -0.20833942
 -0.59700695 -1.31639768 -1.20919197]
[ 1.         -1.17112125  0.13457943 -2.05116795  0.20180538 -0.57533853
  0.35122811 -0.1420654   0.43906247  0.34895622  0.31712162 -0.40466603
 -0.90794042 -0.32625194  0.78027083  0.69677998  1.20199838  0.27081571
 -0.40157005 -0.91366004  1.36248088]
[ 1.          0.90607559  0.34280151  0.19610896  1.07947025  0.37708747
  0.69216762  0.42867287  0.44663813 -0.05264676 -0.00242409 -1.44008317
 -0.94610652 -1.63462667  0.38556815  1.93830736 -0.84078819 -1.74917925
  2.29561944  0.74663618 -0.52773777]
[ 1.         -1.15666221  0.09593946 -0.02851163  0.18889382  1.44513228
 -0.86609648  0.58254156  0.845547    0.55903456 -0.31076742  0.41443648
 -0.37749475  0.75453176 -1.63662531 -0.74673273 -0.25245448 -0.59992225
  0.42375527  1.17013802  0.54539555]
[ 1.         -1.11346745 -0.12538259  1.41226936  0.06420093  0.74169839
 -0.67031765  1.21636642 -0.47905899  0.17388295  0.03439191  0.0721671
  0.96568328 -0.75259315 -0.20289314  0.7802022   1.55750652 -0.19820485
 -0.37308403  0.32209798  1.33804715]
[ 1.          0.81609904  0.54214295  0.21558031  1.1013663  -2.29548514
 -3.67690496 -2.65670794 -1.013283    1.51530466  0.25405427  2.7212062
  0.12484331 -1.60666917  0.70757918 -0.27446199  0.40438805 -0.64838364
  1.5440056   0.148623   -1.82308277]
[ 1.          0.88411609 -0.62413769 -0.02089104  1.85726266  0.25171703
  2.44306509  1.23665183  0.20669512  1.41472884 -1.15264464 -0.95511059
  0.76251772  0.91709122 -0.05838306 -1.86009426  0.944481    0.46574259
  1.95026125 -1.05309227 -0.47030243]
[ 1.         -1.12490054 -0.02851791  0.76150909 -0.03505906  1.63769799
 -1.38826914  0.47288994 -0.7582807   1.27578785  0.34640075 -0.65846647
  1.07754465  0.29443448  1.03220373  0.19178928 -2.1972189   1.40168598
  0.58503563  0.08236998 -2.80419934]
[ 1.          0.87911026 -0.12295086 -0.2549706  -1.79544812  0.04474709
 -0.3901713   1.23689999 -0.44563114 -0.88592962 -0.99193638 -1.93660806
 -0.3703239   1.7230567  -0.38987441  1.22692853  0.41328175  0.05561838
  0.76021793 -0.47883267 -0.94390215]
[ 1.         -1.17062361  0.04374508 -0.21466767 -0.21429258 -2.28862404
  1.06357082 -0.8866728   0.40375518 -0.25055698 -0.13738004 -0.13427919
 -0.0201998  -0.13751208 -0.54058754  0.75381744  0.09538736  0.44214436
  0.45869356  0.92436064  1.22035812]
[ 1.          0.86576977 -1.61110924  0.07587002  0.2440215   0.17384935
 -0.78393184 -0.80159061 -0.01938743 -0.42621505 -0.26332244  0.90065928
 -1.35343724 -0.00856082  0.25548863  0.17359251 -0.64770655  0.06467612
 -2.05257085 -0.11235916  2.05208386]
[ 1.          0.60951765 -1.17599481  0.59958784  2.07240826 -0.89308109
 -1.83730138 -1.11804379 -0.05355215  0.09777267 -2.56381186 -1.11928947
  0.5630899  -0.16737575 -0.44561912  0.13045753 -0.4328956  -1.84900234
  0.17653107 -0.86888147  0.54547388]
[ 1.          0.90250861 -0.99503147 -0.20431828 -1.35017614  0.03306648
  0.03714165  0.39159913 -0.65114258 -0.40474628  0.08798717  0.37016491
 -1.4773461  -0.2662788   0.37408822  0.27358254  0.21847514 -0.70451123
  0.98567652  0.73167235 -1.40628963]
[ 1.          0.92214165  1.2696315  -0.21319057  0.21348117 -0.74126838
 -1.07078311  0.31576011 -1.4488478   0.21361543 -3.09813553  0.17431685
 -0.87208975  0.97643055  0.66097399 -1.00275196  1.58022414  0.66233101
  0.62787627  0.06623073  0.73786403]
[ 1.         -1.17702942  0.10270058 -1.51701519  0.09783379 -0.27477097
  0.22278608 -0.54717585 -0.16195767 -0.0746581   0.85890576 -0.36604067
 -0.37669536 -0.065366    1.91175259 -0.01436729  0.61217024  0.19411023
 -0.13271154 -0.24408155  0.50991895]
[ 1.          0.90131355  1.80437182  0.49812165  0.40227298 -0.0610671
 -0.17371633 -0.52311195  0.23904154 -0.13409967  2.61956065  0.43455664
  0.22484138  0.12294858 -1.44405774  0.0393499  -0.42321958  0.70893658
 -1.2106941  -1.27953471 -1.25855139]
[ 1.         -1.14996549  0.16888458  0.38051631 -0.24757253  1.12512195
  0.15837557 -1.3008849  -0.43274718 -0.03645803 -0.14573007 -0.15675599
  0.22696319  1.71476145  1.97488431  0.3322505  -2.38750134  1.85540456
  1.24152184  1.26627774  0.21012115]
[ 1.          0.93349964  0.01090124 -0.57709868 -2.06740882  0.85645852
  1.20987704  0.00348472  0.02943853  1.14611782 -0.60882016 -0.58176469
  0.50672673 -1.04282303 -0.08702734  0.13834839  0.14632288  0.34977544
 -0.8356491   1.14957339 -1.62047336]
[ 1.          0.88133408 -1.20429875 -0.00409717  0.58568602 -0.16646815
 -0.97021061 -0.28508628 -0.1134606  -0.49838608 -0.27125897  0.25281432
 -1.02324827 -0.65589084  0.42474149  0.14043087 -1.15462215 -0.82025947
  1.76211834 -1.0661089   0.77890264]
[ 1.          0.92015665  1.91489346  0.07718178  0.60259438 -0.04327193
 -0.87573097  0.49226284 -1.00411866 -1.35427845 -0.20120415  0.48183508
 -0.79316606  1.32218348 -1.00952103  0.95396289 -0.49698825  2.60825941
 -1.74493864 -0.87264701 -0.0860577 ]
[ 1.         -0.29291864 -1.06412981  1.44970741  0.56410342 -2.04644712
 -2.434071    2.93562187 -2.73018048  1.96715801 -0.78691683 -3.60161957
  0.90252387 -1.87243283 -2.33395289  0.44645641 -2.81670759  1.89299649
 -0.7267313  -2.10611026 -1.6538709 ]
[ 1.         -1.15248854  0.14536536  0.26023929  0.1121401   2.84446149
 -1.10958269  0.18462372 -0.54334261  0.03559972 -0.34858301  0.67886064
  1.16135957  0.68161472  1.30747835  0.35733233 -1.5824906   0.64300219
  1.02443636  0.95931176 -0.63384177]
[ 1.          0.87886284 -1.30686926 -0.21096632 -0.66048146 -0.06313183
 -0.26098732 -0.52027364  0.14116528  0.266559    1.67168807  1.33412724
 -0.01331065 -0.59710231 -0.61254543  0.33768935 -0.7426818  -0.31256249
 -0.04238775 -0.93160771 -0.01945438]
[ 1.          0.92025116  0.99796778  0.20839544  2.99876791  0.3188696
  0.80270267 -0.97168242  1.54067515 -0.14563749  0.82060702  0.8930102
  1.86768378 -1.72351431  0.09973433 -1.7935735   0.35510769  1.89214006
 -1.61521095  0.52883327  1.90858196]
[ 1.          0.90906446  1.42805704  0.18554541 -0.23711262  0.84287714
  1.56905872  0.10314913  1.01336798  0.9262742   0.44774515 -1.22111158
  0.97987214 -1.61149847  0.10891029 -0.82652204 -1.02151255 -0.56794521
  0.38887208  0.14515385  0.16098471]
[ 1.          0.72870152 -0.50555932  0.08724332 -1.435178   -1.14969765
 -0.59740598 -0.34099711 -0.02150165 -1.41519993  1.07238014  1.07057603
 -0.93987993 -0.19459291  0.37459721 -1.0134131   0.55601535  0.32234427
 -0.61668629  0.98745437 -2.37385179]
[ 1.         -1.18715668  0.15074193 -1.024302    0.41029014  2.30076737
 -0.77967145  1.26442469 -1.0188449  -0.91848835 -0.10752109  0.61541949
  1.29348446 -1.62647051  0.82037325  0.78334975  2.01719969 -1.31824187
 -0.94194768 -0.29196694  2.10201913]
[ 1.         -1.14351727  0.34254515 -0.86773275  0.84826978  3.77676521
 -1.3968792  -2.95281455 -3.43823966  2.91581637  2.73061825 -4.12024087
 -3.7290792   1.09943189 -0.09253704 -2.39622335  3.1937994  -0.79611827
 -1.41026743 -3.01489931  0.50033015]
[  1.00000000e+00   9.18878279e-01   1.36429181e+00  -8.28211034e-02
  -1.08260591e+00  -8.00146718e-02  -5.88315354e-01  -1.53239875e+00
   1.51789758e+00   2.39863238e-03   2.01570174e+00   3.08315403e-01
   2.73999188e+00  -1.98770026e-01  -4.87901316e-01  -6.26208537e-01
   1.57074304e-01  -6.85451903e-02  -3.99807023e-01  -1.23413797e+00
  -3.08837441e-01]
[ 1.          0.86262977 -1.33316401 -0.2265511  -0.81602698 -0.24168899
 -1.17418635 -1.10500066  0.32804108  0.39043611  0.96272595  0.62421328
  1.59573576  1.09325972 -0.07631107  1.28345977 -0.12812391 -0.77703484
 -1.23651281 -0.04051567 -0.7320156 ]
[ 1.          0.85182406 -1.76103811 -0.19481804 -0.1820951   0.52535022
  0.78281293  1.30370589  0.33943958 -0.83597535 -0.71296799 -1.61892999
 -1.24048298  0.50605368 -0.71823203 -0.66746706  1.56630723  2.20666243
 -0.21448515 -0.18509277 -1.42416927]
[ 1.          0.91959613  1.88728071  0.20134877  0.89155245 -0.1241552
 -0.58678439 -0.68489474  0.94058077 -0.75595039 -0.20365294 -0.96504402
  0.3640132  -0.56112296  0.82476516 -1.39709985 -0.29014337  0.06697689
 -1.37986723  1.02444393 -0.55528784]
[ 1.          0.88283127 -0.46987988 -0.01450687  0.94434081  0.27297994
  2.08698565  0.71826347 -0.0959104   0.95731943  0.44200361  0.58378152
 -0.13944764  0.74474722  0.25877346  1.37590343  0.61703354 -0.73857918
 -0.6518042   0.83414978 -0.2065722 ]
[ 1.          0.89568911 -1.63263934 -0.43747692  1.47569917  0.62619833
  2.36855538  1.11120882 -0.82266073  0.33142086  0.22770433  1.28007125
  0.71329854  2.21834624 -0.8460057  -0.18447248  1.70494437  3.22660771
 -0.80808357  0.10149049 -0.11674155]
[ 1.         -1.16752359  0.07297483 -1.85865629  0.57243634  0.02992734
 -0.58824915 -0.50576443 -0.29565962  1.09171585  0.23948458 -0.88046854
 -0.90217081  0.75783959 -2.56252608 -0.53173545 -1.54993948  0.78384405
  0.31030237  0.7536638  -0.19934997]
[ 1.          0.87260557 -1.84092813  0.06350023  2.11408208 -0.22737758
 -0.86365454 -1.59598547 -0.18509916  1.21019274  0.03438416  1.27856084
  0.09616584 -0.72135961  0.06751999  0.69056881 -0.75513514 -1.03977495
  0.29004073 -0.5212707   0.54873631]
[ 1.          0.92230714 -0.65999818 -0.28240052 -0.42485938  0.29008761
  0.15054486 -0.39823408  1.40977758 -1.06444086  0.51110217 -1.1580707
  1.16291111  0.90500978 -0.1720747  -0.98684864 -0.47351629  0.96785529
 -0.85950134  0.01376383  1.32251707]
[ 1.         -1.15237961  0.05442463 -1.04839158  0.24896208  1.22422268
 -0.72673546  0.7995601  -0.02976738 -0.27834656  0.54434679  0.6456558
 -0.42925395 -0.11775083 -1.82983579 -1.83599879  1.01558754 -2.08610384
 -0.12560922  0.45145779 -0.33627348]
[ 1.          0.7935679   1.46782245  0.43420481  0.35756562  0.4028677
 -1.20941376 -0.26330693  1.25006447 -0.79412951 -0.56113718 -1.96329523
  0.82140417  2.87803281  0.33354336  2.65902633  0.33292293 -1.43248512
 -3.14737165  2.83643578  0.97844692]
[  1.00000000e+00  -1.18760301e+00   1.55788372e-01  -7.47258510e-01
   7.20925406e-03   3.06962459e-01   1.08662623e+00  -2.71526811e+00
  -1.84148960e+00  -5.18751497e-01   5.05869768e-01  -1.31004121e+00
  -5.40889043e-01   6.93449872e-01  -1.92025675e-03  -4.16623797e-01
  -7.19774601e-01   4.12197327e-01   6.32382496e-01   2.65226680e-01
  -4.70813080e-02]
[  1.00000000e+00  -9.32206592e-01  -4.22131191e-01   1.99997766e+00
  -5.98963507e-02  -1.73995350e+00  -1.01694397e-03   1.17002881e+00
   6.80010121e-01   4.35118179e-01  -2.21581753e-01   6.14823047e-02
  -5.49403663e-01   4.39248250e-01  -1.45947664e+00  -1.48744293e+00
   3.71156056e-01  -8.71756366e-01  -2.29937440e-01   1.92508544e-01
  -1.89571609e+00]
[ 1.          0.77684875  0.6290436  -0.76524068 -3.32406217 -0.89369854
  1.69213024  0.67635151 -2.60924357  3.68170426 -0.6774238   2.87842067
 -0.26718787  0.65170552  0.34073129 -0.13149475 -0.34312076 -2.15975823
  1.18951032  0.02958258  1.45105004]
[ 1.         -1.11864238 -0.11719959  2.57955763 -0.71080848 -1.67334828
  2.29002643 -2.23033064 -0.0143916  -1.04280689 -0.10924986  0.08654014
 -0.84311948  0.91649333 -0.09222072 -1.39581025  1.14151119 -1.36742574
  0.53156507  0.82836168 -0.66411473]
[ 1.         -1.09330296  0.07825339  1.47689369 -0.24288639  1.02858042
  1.10948805  0.19771948 -0.42180122 -2.91653363 -1.25017901  2.35017361
  1.27673652  0.04963761 -0.46614902 -0.56142525 -0.91245543 -1.3547626
  0.16754253  1.21760336  0.74695129]
[ 1.          0.88742594  1.02934096  0.17240014  0.67817723 -0.3966993
  0.94946042  1.20961583 -0.34618123  0.01863171  1.11594137  0.47020609
 -0.68513747 -0.36896058 -0.32364705 -1.40160063 -1.55670642 -0.08547475
 -1.02284043 -1.14053883  1.51720831]
[ 1.          0.87403084 -1.45771215  0.22116669  0.2379237   0.51207313
 -0.07405838 -1.01743633  0.93492697  0.72851132 -0.53940652 -1.36040397
 -1.06504873 -1.00266027  0.65764856  1.6428299  -0.44190782 -2.48334716
 -0.646605    1.21057973 -0.30992966]
[ 1.          0.90985993  1.22027879  0.2033987   1.60625127 -0.61338122
 -1.40484896 -0.79690638 -0.03745353 -0.13337688 -1.22726952  0.04678736
  0.05197859  0.70498505  0.9928303   0.32360138  1.49611744 -0.3518297
 -1.28385229  1.71829189 -1.58495451]
[ 1.          0.85435131 -3.26592542 -0.92127438 -1.28442513 -0.61904832
  0.05799646 -0.49132084  0.25606564  0.88089983 -4.20345985 -3.25616819
  4.16440556  0.98958619  2.36968802 -5.47080425 -1.70273584 -2.09106764
 -3.02266933 -0.59490867  2.15320875]
[ 1.         -1.14996371  0.12617993 -0.86181799  0.18113222 -0.08773753
 -0.29857443 -0.29725616 -1.21392264  0.59532859  0.68536427 -0.77635273
  0.07260275 -0.73123171 -1.2380318   0.20985124  0.78735321 -0.23572757
 -0.02838858  0.65468276  0.60024376]
[ 1.          0.90000168  0.58051716 -0.04643011  1.15720687 -0.07572373
  0.68273343 -0.80207124  0.47220433  0.93905084  1.56644485  1.63494758
  0.8297475  -0.9888588  -0.01659174  1.10046759 -0.13615115 -0.85619283
 -0.47808501 -0.07487605 -1.1444941 ]
[ 1.         -1.12866847 -0.05692291  2.75083813 -0.47577513  1.42484095
 -0.76514425  0.49866213  2.73153887  1.97399066 -0.15492825  0.83478184
 -1.17240809  1.68294822  1.16132345 -0.12274257 -0.3141029   1.51355658
  0.71280684  0.41350211  0.90957323]
[ 1.          0.88635303 -1.20976729  0.26388461  0.15384837  0.69806359
 -0.46559224 -0.75826184  0.75309686 -1.22820171 -0.10558585  0.15149318
 -0.80390049 -2.18502182 -0.2999601  -0.94979489  0.40276197  2.09828766
 -0.0834895   0.20529527  1.46231129]
