Cluster centers 

[-0.83760464 -1.28096646  0.05321208 -0.14649904]
[ 1.32759641 -0.10745396 -0.29498147  0.45785864]
[-0.86028466  1.09616841  0.03999578  0.0796697 ]
[-0.57047562  1.02558104  1.6856071  -0.49135456]
[ 1.22532356 -0.30469617 -1.9139448  -0.67147141]
[-0.85789156 -0.31325685  0.02477161  1.26415633]
[ 0.82789659 -0.80479272  1.89024869 -0.32069445]
[-0.79236261 -1.58990601  0.09077054 -3.22585596]
[-0.87282555  1.85097033 -0.58854309 -1.17031769]
[ 1.16210168  0.00847281  1.19357783  0.65697285]
[-0.87599743 -0.92079294 -0.78772268  0.72460161]
[-0.7574154   0.41403113 -1.74835052  1.58108209]
[ 0.77628575  1.80000399  2.12011233 -1.40206914]
[-0.87149879  0.62995424 -0.54343191  0.99564786]
[ 1.32505303 -0.40596509 -0.721412   -0.63065224]
[-0.87516324 -1.24318737 -1.07586104 -0.52125682]
[ 1.28141091 -0.46050253 -1.6376162  -1.93454878]
[ 1.29923237  0.91327514 -0.95518861  1.18411681]
[-0.5411798  -1.43595852  1.35162166 -0.69864989]
[ 1.23371162 -0.52740493  0.58209434 -0.37787309]
[ 1.32272357  0.72068546  0.09634395  1.01576734]
[-0.63537796 -0.37564214  1.37980893  0.86915441]
[ 0.7971211   1.81993143 -2.65775145  1.09098539]
[-0.78805039  2.08334835  0.66991113 -2.65626267]
[ 1.30085999  0.14614046  0.30390384  0.80778168]
[ 1.27745031  2.02862882  0.65562765 -0.676897  ]
[ 1.31392487 -0.29255996 -1.07321587 -0.27542245]
[ 1.32326446 -0.26956667 -0.26020688  0.07751112]
[ 1.30783507 -0.60718351 -0.65376402 -2.07748161]
[-0.66601188 -1.54041548  0.89910573 -1.29300637]
[-0.86721077 -1.47962494 -0.4922323  -1.82594191]
[-0.85903719  1.53391262  0.08916284 -0.82305631]
[ 0.64197913 -0.28101568  2.36120344  0.5401605 ]
[-0.80494137  1.65478574 -1.37712442 -0.17595199]
[-0.86594116  1.25106947 -0.71666775  0.20047625]
[ 1.27154987 -0.64134871  0.16167823 -1.22855803]
[ 1.29761384  2.15874966 -0.86095382 -0.12048798]
[-0.75708523 -1.45321997  0.5409551  -0.81830801]
[-0.87647333  2.24128576 -0.38249488 -2.46103245]
[-0.79121819  1.61711507  0.72210159 -1.36392119]
[ 1.1723162   1.23374154  1.2701832   0.21651645]
[-0.76100125  0.46066003  0.92139579  0.60804072]
[-0.87737404 -1.13458303 -0.85884502  0.10310812]
[-0.75361537 -0.75507668  0.79895477  0.8819746 ]
[-0.64261487 -1.63415935  0.77964416 -2.6678338 ]
[-0.86691332 -0.41928845 -0.87080652  1.36723597]
[ 0.34364266 -0.70683472  2.38595925  0.22137911]
[-0.83733518  0.68775497  0.37031406  0.54942113]
[ 0.91625074  1.29154558  2.04325076 -0.30581111]
[-0.84520788 -0.79102552  0.10940638  0.94672846]
[-0.49216199  1.50700899  1.87064085 -1.57257948]
[ 1.29556565 -0.25326713  0.21663105  0.22620035]
[-0.87377023  1.54389465 -0.41097031 -0.55497033]
[ 1.3271039  -0.17883529 -0.68116163  0.22144756]
[ 0.99832931  0.48771881 -2.52309056  1.50272576]
[ 1.09443277  0.56968028  1.55749348  0.64090636]
[ 0.85705653 -0.99990566  1.69622897 -1.1756626 ]
[ 1.2995125  -0.40501135 -1.37586269 -1.06746919]
[-0.84277402  0.11615177 -1.1342991   1.53609462]
[-0.87997848 -1.49234502 -0.69126231 -2.55541201]
[-0.68146908  0.70978273  1.29587092  0.15077601]
[-0.86531644 -1.06756152 -0.23047507  0.45480235]
[-0.10952777 -1.2610214   2.15478467 -0.41812389]
[-0.8344498   1.20093107  0.40194115 -0.28908509]
[ 0.94867673  1.6392057   1.97329176 -0.85971874]
[-0.87067848  0.77619485 -0.17424733  0.66107101]
[ 1.3144652   1.44368265  0.22562601  0.45636262]
[ 1.19874011 -0.41764769 -2.32960595 -3.31200914]
[-0.87441282 -1.37947491 -0.588947   -0.9853011 ]
[-0.82071512  0.03244282  0.47145292  1.08985291]
[-0.87098939  0.10486788 -0.27704568  1.28326205]
[-0.7924373  -1.52670441  0.24329683 -1.49431158]
[ 1.31298036 -0.01701456 -0.98613159  0.55903455]
[-0.6491497   1.64765132  1.39410361 -1.76625244]
[-0.41910721 -0.77092812  1.88615316  0.64279173]
[-0.82445952  1.10411065 -1.22730063  0.71673732]
[ 1.18710608  0.17638619 -1.92869797  0.93376987]
[-0.85769686  1.87663803  0.0889848  -1.68537403]
[ 1.09323685 -0.33750196 -2.65131711 -1.3956431 ]
[-0.8406632  -1.39797631 -0.03297006 -0.73023615]
[-0.76238415 -1.31459267  0.58201969 -0.19163469]
[-0.83353636 -1.00547087 -1.57420752  0.22355052]
[ 1.24328003  0.28767469  0.82473018  0.81964971]
[ 1.07058852 -0.68977263  1.30096846 -0.45206319]
[ 1.32978462  0.26827528 -0.35450166  0.94770818]
[ 1.32168505 -0.48927048 -0.91876877 -1.29209584]
[ 1.23354129 -0.30253924  0.70599051  0.25566861]
[-0.81429322 -0.67405845 -1.59137677  1.06288327]
[ 0.51260417  0.55702698  2.44441058  0.24764889]
[-0.7598859   1.3166117   0.91683434 -0.76678285]
[ 1.31372462 -0.42472104 -0.18453708 -0.40699009]
[ 1.21694397 -0.21456839 -1.90549331 -0.17314927]
[-0.82815612  0.68018623 -1.20757006  1.22663245]
[-0.4602489   0.56291375  1.94446674  0.15254179]
[ 0.98921729 -0.45028799  1.62273758  0.2430136 ]
[-0.87477311 -0.70467439 -0.45167216  1.0872123 ]
[ 0.99211714 -0.02519661  1.76365175  0.63151983]
[-0.56664982 -1.26795472  1.36590169 -0.08055372]
[-0.82899157  2.12825744 -1.27878786 -1.40114586]
[-0.80458571 -1.1289803   0.39264789  0.35613652]

Populations

0.014566951672
0.0164428953731
0.0159124278465
0.0039411733633
0.00955207219578
0.0166181778427
0.00779066961232
0.00426687618044
0.012967929781
0.0124660230508
0.0108593387668
0.00310338822074
0.0052950727461
0.0120196411694
0.020746501379
0.0073888601421
0.00805441700276
0.0110473247114
0.00460382431549
0.015719710932
0.0150187658382
0.00792602162046
0.00129945718234
0.00408248071453
0.0251728756693
0.00484306175147
0.0197410078134
0.0151888814861
0.00827940221952
0.00639480291569
0.00852705793116
0.0139150669027
0.00587050982571
0.00616577806155
0.0138328360935
0.0125547746043
0.00298093731557
0.00896663084014
0.00635598362692
0.00492852762141
0.00923017774645
0.0104475641812
0.0118217394773
0.0141859852408
0.00508695576304
0.0121371018376
0.00682047121618
0.0149333663773
0.00607744027085
0.0155749642708
0.00209254469855
0.0153062973813
0.0128361712693
0.0161434507745
0.00138227368719
0.0112548221183
0.0047077796233
0.0137364455071
0.00675970564974
0.00326446371079
0.00845552161264
0.0180167286208
0.00523339997622
0.0132540647824
0.00345471314132
0.0133606315835
0.00990514590624
0.0027506088288
0.0121763781128
0.0144444365442
0.0172528541905
0.00908088089342
0.0208166084274
0.00211685080568
0.00436194309899
0.00970791696124
0.00950450216245
0.0110469076385
0.00353966749641
0.0104828488284
0.0086554369593
0.0063621062419
0.0186249193514
0.00639289130781
0.0223225966756
0.0113643165656
0.0163003875353
0.00635975695655
0.00595962287117
0.00830109596813
0.017200384298
0.0116285450655
0.00551791146353
0.00226277726614
0.0101264261767
0.0122409582962
0.00813720552228
0.00676274562324
0.00477838534878
0.0125310637556

State labels

0
1
2
3
4
5
6
7
8
9
10
11
12
13
14
15
16
17
18
19
20
21
22
23
24
25
26
27
28
29
30
31
32
33
34
35
36
37
38
39
40
41
42
43
44
45
46
47
48
49
50
51
52
53
54
55
56
57
58
59
60
61
62
63
64
65
66
67
68
69
70
71
72
73
74
75
76
77
78
79
80
81
82
83
84
85
86
87
88
89
90
91
92
93
94
95
96
97
98
99

Eigen values

1.0
0.951631429283
0.237268712176
0.180574699799
0.171365427408
0.165729387662
0.159345640321
0.157302431448
0.148762500994
0.14238534729
0.133973312049
0.131909180151
0.126326567951
0.123439694058
0.118775828984
0.116517065114
0.114857748614
0.11021604366
0.101422539511
0.0994518837048
0.0983733622018

Left eigenvectors

[ 0.01456695  0.01408461 -0.02099824 -0.00303547 -0.00145071  0.00345612
  0.00791975  0.00393733 -0.00936021  0.00121749  0.00637079  0.01253681
  0.00192845 -0.00222651  0.00197066 -0.00224347  0.00055335  0.0066044
 -0.0130381  -0.01219608 -0.00071841]
[ 0.0164429  -0.01779797  0.00181878 -0.02568679 -0.0119008  -0.0014926
  0.00277976  0.01531105  0.00691595  0.009909    0.00634662  0.01129853
 -0.0061939   0.00791675 -0.01081545 -0.00308971  0.00651205 -0.01192379
 -0.00406968 -0.00227649  0.00765106]
[ 0.01591243  0.01602512  0.03233645  0.00194857  0.00166313  0.0010744
 -0.00704655  0.00804847 -0.00645205  0.00137011 -0.00741163 -0.00861418
 -0.00926259 -0.00598773 -0.00211188  0.0249931   0.04072514  0.01125697
 -0.00367555  0.01445786  0.01109147]
[ 0.00394117  0.0029042   0.00334564  0.00514342 -0.00179779  0.00731251
 -0.01101893  0.00062275  0.00785039  0.00160876 -0.00248967 -0.00849947
  0.00835291  0.00818458  0.00116982 -0.00764637 -0.00225774 -0.00213131
  0.00138198 -0.00194061  0.00533091]
[  9.55207220e-03  -1.00851350e-02   1.43600843e-04  -1.55068572e-03
  -8.93312563e-03  -1.68193504e-02  -1.40848953e-02   1.15096187e-03
  -4.14539233e-05  -1.56416081e-02   5.41542844e-03  -6.60008266e-03
  -2.44300425e-03  -4.70534145e-03   1.12094999e-03  -9.06874594e-04
   3.61391981e-03  -1.26910320e-03   6.80919491e-03  -1.74487861e-03
  -7.13707426e-03]
[ 0.01661818  0.01571087 -0.01407337 -0.0052747   0.00543057  0.00141129
  0.00486326  0.01808    -0.0357355  -0.00722512  0.00347764 -0.01071084
  0.01309308  0.00665948 -0.00900549  0.01649794 -0.00220413 -0.0037941
 -0.00312414  0.01434421 -0.00470864]
[ 0.00779067 -0.00720016 -0.00252529 -0.01250521  0.0196088  -0.0063525
  0.00127783  0.01004035  0.01077987  0.00737828 -0.0115365  -0.00699129
  0.01103469 -0.00580619  0.00572997  0.00924535 -0.01350589  0.00748356
 -0.00681558  0.02271938 -0.01588607]
[ 0.00426688  0.0040091  -0.01347349 -0.00453643  0.00373798 -0.00892259
  0.00276304 -0.01539041  0.00740282  0.00199313 -0.00676981 -0.00565977
 -0.00291914 -0.00417504 -0.00111101 -0.00984228  0.01187968  0.01216863
 -0.01018778  0.00978784  0.00121098]
[ 0.01296793  0.01280312  0.02689162 -0.01152731  0.00665377 -0.022454
  0.02561987 -0.02499734 -0.00370731  0.00120324  0.01059808 -0.01097282
 -0.00361069 -0.00050757 -0.00011855 -0.01143129  0.01390542  0.0073545
 -0.01336748  0.00796358 -0.0014453 ]
[ 0.01246602 -0.01298443  0.00166657  0.00580582  0.00500513  0.01976576
 -0.0001873  -0.01660608 -0.00913621 -0.00050894 -0.00203549  0.00806464
 -0.00844891 -0.00079388 -0.004134   -0.00483748  0.0099433  -0.02707885
  0.00083981  0.02132225 -0.01444548]
[ 0.01085934  0.01081757 -0.01159622 -0.00418943 -0.00112675 -0.0102771
  0.01275974 -0.01650776  0.01531577 -0.00321674  0.00633364  0.00763221
 -0.00025657  0.00269485  0.01118923  0.0017547  -0.00610142 -0.01608609
  0.01580756  0.01104802 -0.01614791]
[ 0.00310339  0.00306791 -0.00372436 -0.00277025  0.00195006 -0.00612313
  0.00346627 -0.00597904 -0.0008249  -0.00127318 -0.00273537  0.00585493
 -0.00983052 -0.00714778  0.00388733 -0.00657759 -0.00148497 -0.00236871
 -0.00875179 -0.00061458  0.00330138]
[ 0.00529507 -0.00482139  0.00012133 -0.00807685  0.01044836  0.00905438
 -0.00670448 -0.00219104 -0.00648487  0.01203457  0.00443278  0.00791881
 -0.00844176  0.00364415  0.00177495 -0.00883601 -0.00085466  0.01426933
  0.020338   -0.00100746 -0.00584793]
[ 0.01201964  0.01167984  0.00865942  0.00124679 -0.00131494  0.00165786
 -0.01290048  0.00671477 -0.0016478   0.00094189 -0.02655167  0.00095971
 -0.02739976 -0.00361924  0.00500117 -0.00553337 -0.01435316 -0.02215734
 -0.00432385 -0.00089349  0.00149024]
[  2.07465014e-02  -2.22706123e-02  -9.46204530e-07   1.39808889e-02
   2.85893307e-02  -9.94445060e-03   5.99304531e-03   1.73692753e-02
   1.96734309e-02   1.08354839e-02   5.30853235e-03  -2.60794142e-03
   1.18101603e-02  -1.87344608e-02  -2.37984147e-02  -2.99483363e-03
   3.05404632e-03  -3.02165137e-03  -6.39419013e-04  -2.81372341e-02
   6.52681315e-03]
[ 0.00738886  0.00709605 -0.01077037  0.0020494  -0.00313133  0.00386085
 -0.00102733  0.00455574 -0.00033095 -0.0095806   0.00862158  0.01595003
  0.0180526   0.00094261 -0.00209479  0.01602031 -0.00300028 -0.00845668
  0.00456569  0.00186723  0.00172366]
[  8.05441700e-03  -8.85035267e-03   9.34411292e-04   1.10357320e-02
   3.81811002e-03  -1.27422790e-02   2.90186329e-03   8.37177750e-03
   5.05579034e-03  -4.38826654e-03   6.67240740e-04   8.37889958e-03
  -9.25662145e-03   2.34054418e-02   4.77729345e-03   2.84388398e-05
  -6.30691353e-03   9.15683540e-03   6.11561734e-03   1.64182629e-02
  -7.02226236e-03]
[ 0.01104732 -0.01126684  0.00196814 -0.00227979  0.0181867  -0.01002548
 -0.02878533 -0.01203314 -0.00780449 -0.01139616  0.01487642 -0.00839882
  0.00666464 -0.00741677  0.02311183  0.00030956  0.02378705 -0.02069505
  0.00433822 -0.02960618 -0.00148267]
[ 0.00460382  0.00402702 -0.00563138 -0.00275032  0.00219968 -0.00220182
  0.00431279 -0.0017386  -0.00898474 -0.00524553 -0.00228455  0.0009711
  0.00879179  0.00034977 -0.00356661 -0.01517859  0.00291445  0.00212084
 -0.00741097  0.00217347  0.01394108]
[ 0.01571971 -0.01705359  0.00070881  0.00859927 -0.03368561 -0.00739276
 -0.0065355  -0.01392858 -0.01540615  0.00648883 -0.00296358 -0.00618759
  0.00787494 -0.00718124 -0.00101262  0.00342694 -0.00462244  0.00142174
 -0.0024428   0.0108152  -0.00499504]
[  1.50187658e-02  -1.59986130e-02   1.43323234e-03  -1.68777356e-02
  -2.23916582e-02  -3.30964729e-03   3.10070440e-03   9.49939827e-03
   4.43399532e-03  -1.63028171e-02  -2.26443485e-05   2.17796617e-04
  -1.88132108e-02   1.24495106e-02   3.72908162e-03  -4.44825671e-03
  -3.86391704e-03   5.37983816e-03   1.53884664e-02   5.70583014e-03
  -6.85147998e-03]
[ 0.00792602  0.00763967  0.00273948  0.0025867  -0.00250126  0.003223
 -0.00121749 -0.00192471  0.01634762  0.01301074  0.00128893 -0.00980984
 -0.00774513 -0.00018894  0.00903835  0.00384083  0.00081186 -0.00053023
  0.00247376  0.00295783 -0.0167491 ]
[  1.29945718e-03  -1.05354140e-03   1.40355088e-03   1.20207518e-03
   5.68302279e-03  -2.31742833e-03  -8.66104727e-03  -8.71372837e-04
  -2.75784092e-03  -9.78284127e-05   3.70461769e-03  -9.17543958e-05
   9.37508533e-04  -3.93567662e-03   7.51008248e-03  -3.84339142e-03
   9.90946971e-03  -3.18759562e-03   5.43531308e-03  -4.71715079e-03
  -2.44909947e-03]
[ 0.00408248  0.00420637  0.00707262 -0.00178272  0.00190347 -0.00333947
  0.00738909 -0.0005082  -0.00622458  0.00031879  0.00522018 -0.00808003
 -0.00078354  0.00135248 -0.00026129  0.00181003  0.01126988  0.0010495
  0.0054266   0.01120215  0.00598434]
[ 0.02517288 -0.0264059   0.00234503  0.03837987  0.01727348  0.03561645
  0.00844897 -0.0336517  -0.01592405 -0.00419073 -0.00331235  0.00188293
 -0.0012181  -0.00659929 -0.01732373 -0.01417258  0.00586168 -0.00841409
 -0.00262071  0.00087041 -0.00702256]
[ 0.00484306 -0.00505562 -0.00043103 -0.02073523 -0.01407348  0.0015178
 -0.00174494  0.00096484 -0.00421425  0.006113   -0.00479844 -0.00295221
  0.00580141 -0.00837213  0.0042534  -0.00221873  0.00202687 -0.00346486
  0.004069   -0.00215549  0.00078446]
[ 0.01974101 -0.02109688 -0.00060929 -0.00953773 -0.00856882 -0.00030285
 -0.00776508 -0.00294626 -0.01169037  0.04034895 -0.00147795  0.00860277
  0.01354935 -0.01573086 -0.01285237 -0.00980918  0.00489489 -0.00189521
 -0.00576659  0.00561859 -0.00311531]
[ 0.01518888 -0.01690167  0.00259478  0.003289   -0.00524658 -0.00184943
  0.01897928  0.01387576  0.00136114  0.01753191 -0.00449623  0.02426138
 -0.00480402  0.02916373  0.01746821 -0.00159229  0.01285636 -0.00716127
  0.00149162  0.00156618  0.01718216]
[  8.27940222e-03  -9.02116290e-03   3.55502854e-04   1.78699858e-02
   3.88296396e-03   1.06263365e-03   5.38738101e-03  -6.39387644e-03
  -2.15610265e-03  -1.16079451e-02  -3.49306356e-03  -5.34814355e-03
   4.62907828e-05   3.74733035e-03   1.26701723e-02   6.75730348e-03
  -6.86602568e-03   1.49544530e-02  -2.93480944e-03  -5.94239164e-03
   5.64388204e-03]
[ 0.0063948   0.00602578 -0.00805133  0.00299344 -0.00233681  0.00940567
 -0.00562765  0.0049309   0.00497418  0.0046273   0.00638628 -0.00490209
  0.00653734  0.00169541 -0.00049765  0.00304906  0.00042494  0.00600791
 -0.0045251  -0.00080106  0.00131139]
[ 0.00852706  0.00785454 -0.00876498  0.00547577 -0.00352873  0.0051441
 -0.01565345 -0.00102165  0.01540491 -0.00184968 -0.00859448  0.00987922
 -0.00539598 -0.01417665 -0.0008307  -0.00382083  0.00817703  0.01457236
  0.00125314  0.01046379  0.00984222]
[ 0.01391507  0.01402497  0.01336708 -0.00486146  0.00020785 -0.00497971
  0.00714856 -0.00555771 -0.00139791 -0.00940566 -0.00260848  0.02820576
  0.00490599 -0.00368111  0.00304861 -0.00253967 -0.00454652 -0.00105824
 -0.00497639 -0.01289047 -0.02302664]
[ 0.00587051 -0.00426416 -0.00032286 -0.00851887  0.00610404 -0.01050095
 -0.00820183 -0.00072914  0.00195937 -0.02027869 -0.00462172 -0.00474606
  0.00194533 -0.00221379  0.01041087  0.00518614 -0.0020106  -0.00936411
 -0.00021694  0.01010084 -0.00855398]
[ 0.00616578  0.0062689   0.01067532  0.0035959  -0.00301657  0.00893498
 -0.00758787  0.00744328  0.00183241  0.00616107 -0.00385872 -0.00715414
  0.00238573  0.00820092 -0.00093993  0.00051301 -0.00578589 -0.00090248
 -0.00084504 -0.00962039 -0.00757773]
[ 0.01383284  0.01368151  0.02134348  0.0001973  -0.00374487  0.00519988
  0.00298401  0.00030464  0.00717448 -0.00114409  0.01842394  0.01515194
  0.01429203 -0.00938787  0.00027266  0.000461   -0.00963915  0.01187173
  0.01405355  0.00800178 -0.00279875]
[ 0.01255477 -0.01359487  0.00076941 -0.00184481 -0.00120027 -0.00397512
  0.00883929  0.01007396  0.01252536 -0.02300165  0.00336626 -0.00834741
 -0.00810683  0.01175654  0.00545018  0.00151444 -0.00188607  0.00777518
  0.0036536  -0.01600453  0.00331768]
[ 0.00298094 -0.00331475  0.00056456 -0.00177367 -0.00949025  0.00377488
  0.00543978 -0.00617305 -0.00942164  0.00483794 -0.01488073 -0.0030421
  0.01136818 -0.00965988  0.02358101  0.00500692 -0.00251805  0.00428551
  0.00061128 -0.00611882  0.00615557]
[  8.96663084e-03   8.57477575e-03  -9.89483674e-03   4.71090858e-03
   8.80539824e-04   3.21565508e-03   8.41096843e-05   2.11248569e-02
  -2.22184919e-02   1.88774954e-03  -6.80519356e-04  -8.63550449e-03
  -1.11576059e-02  -4.97808676e-03  -9.08910489e-03   2.17716293e-02
   4.25403524e-03   6.54939064e-03   1.02421625e-02  -7.77485864e-04
  -8.33054733e-03]
[ 0.00635598  0.0060495   0.01115413  0.00092927  0.00281892  0.0039696
 -0.01000154  0.00593446 -0.00499797 -0.00092812 -0.0067875  -0.00100725
  0.00644159  0.00095564 -0.00452427 -0.01877907 -0.01842426  0.00059117
  0.0091216   0.00160776  0.00454491]
[ 0.00492853  0.00488103  0.01545493 -0.00099846 -0.00222277  0.00240536
 -0.00255371 -0.00436573  0.00939674  0.0006016   0.00229045  0.00228747
  0.00629732  0.00294499 -0.00079433  0.01405261  0.00674281  0.00631937
 -0.00876974 -0.00570652 -0.00613304]
[ 0.00923018 -0.01018567  0.00110145 -0.02329198 -0.00760518  0.01347135
  0.02058429  0.01854908  0.01385078  0.00375906 -0.01154036 -0.00231019
  0.00114287 -0.01393229 -0.00300903 -0.00958615  0.00400757 -0.00176956
  0.00588929  0.00038551 -0.00302496]
[  1.04475642e-02   1.03212528e-02   8.68702644e-03  -3.79490638e-03
   3.23576576e-03  -3.23394837e-03  -1.19741947e-02  -7.50261115e-03
   6.33633990e-03  -5.45852980e-03  -3.63992054e-02  -9.70022529e-05
   6.97134317e-03   2.08428032e-02  -2.20827782e-02  -1.65948250e-04
  -8.72646694e-03  -8.29729764e-03   2.17249217e-02  -8.99349025e-03
   1.64866315e-02]
[ 0.01182174  0.01189288 -0.02554688  0.00244721 -0.00493109 -0.00065015
  0.00086634 -0.01599162  0.02259119  0.00415421 -0.01466619 -0.00258025
  0.003416    0.01225934 -0.00199399 -0.00104319  0.03330854  0.00595247
  0.01293962 -0.00304513  0.01617721]
[ 0.01418599  0.01350677 -0.01249957 -0.00209554  0.00243488 -0.00489736
  0.00285726 -0.00513665 -0.00733256  0.01001095 -0.00266046  0.00317182
 -0.02529785 -0.00362097  0.00426013 -0.00573088 -0.01786844 -0.01019517
 -0.00639271 -0.02765091 -0.00088767]
[ 0.00508696  0.00392938 -0.01195707  0.00551383 -0.00327141 -0.00162469
 -0.0015279   0.00255925 -0.00015933  0.00275177  0.00282285  0.00039079
 -0.01081918 -0.00461595  0.00167694  0.00405523 -0.00303914  0.0028471
 -0.0018359  -0.00326649 -0.00421834]
[ 0.0121371   0.01213278 -0.00698822 -0.00339496  0.00043402 -0.00599602
  0.00287526 -0.00651366 -0.00165269 -0.00405799 -0.009563    0.0143772
  0.00055062  0.00101551 -0.00127968 -0.01592452 -0.00603348  0.00302985
 -0.00806348 -0.00738487 -0.0251107 ]
[  6.82047122e-03  -2.98351048e-03  -4.71369365e-03   7.64293328e-03
   7.93224866e-03   1.97039602e-03  -4.10938292e-03  -9.17994390e-05
   3.54402510e-04   1.09309784e-02   7.52033060e-03  -1.08253657e-02
   4.53403777e-03  -1.73827572e-02  -1.35730530e-02  -4.41011232e-03
  -5.62151647e-03   1.64768206e-02   1.91968475e-02  -4.35209888e-04
  -6.61747314e-03]
[ 0.01493337  0.01478618  0.01310096 -0.00101196 -0.00093556 -0.00410021
  0.00360009  0.00294873 -0.00539691 -0.0041577   0.0001354   0.01901144
 -0.01661615 -0.01694726  0.00159304  0.01886094 -0.00679934 -0.0102663
 -0.00110612 -0.00032269  0.01033017]
[ 0.00607744 -0.0056297  -0.00290433 -0.02834367  0.00977102  0.00911458
 -0.01475732 -0.00894234 -0.01109311  0.01453258  0.00240883  0.00247075
  0.00028357  0.00288242  0.00846857  0.00612023 -0.00964773  0.01632191
 -0.0013806  -0.00341645  0.00297727]
[ 0.01557496  0.01531377 -0.01834542  0.00184954 -0.00415688  0.00101042
  0.00627077  0.00154502 -0.00064696 -0.0070138   0.02104271  0.03103492
  0.00353608 -0.02528541 -0.00117107  0.03477157 -0.00547922  0.00477705
  0.02068606  0.00234737  0.00954157]
[ 0.00209254  0.00126251  0.00019975  0.00131213  0.00309769 -0.00028422
  0.00276873  0.00403948 -0.00405254  0.00079013 -0.00086239 -0.00314633
 -0.00255617 -0.0027101  -0.0007542   0.00452693 -0.00223263 -0.0029841
 -0.00055297 -0.00384593  0.00569707]
[ 0.0153063  -0.01655409  0.00085294  0.00074055  0.03287229 -0.00812158
  0.02031286  0.02976161  0.0142761   0.03878831 -0.01721477  0.02026352
  0.01965391 -0.00337585  0.01545719  0.00399767  0.01110007 -0.01732565
 -0.00819591  0.00872206  0.00643592]
[ 0.01283617  0.01269767  0.02862702 -0.00178404 -0.00083471 -0.004872
  0.00918227 -0.01411187  0.01101791  0.01055242  0.01539234 -0.01564421
  0.00104439  0.00336708 -0.00397426  0.01218792 -0.00686189 -0.00214359
 -0.01212444 -0.00192803  0.0145668 ]
[ 0.01614345 -0.01672673 -0.00058367  0.02719683 -0.01473022 -0.04564222
 -0.00913796  0.0196658   0.00826061  0.010244    0.0037651   0.0014117
 -0.00206395  0.0106854  -0.01188477 -0.00886842 -0.0125999   0.02140509
  0.00023068  0.01218593 -0.00663445]
[  1.38227369e-03  -1.52235737e-03   2.89199936e-04   1.91601979e-03
   4.24682585e-06  -5.36961090e-03  -2.77654436e-03   2.28833151e-03
   1.02938164e-03   3.06871100e-03   2.71710688e-03   3.05300010e-03
  -7.36613884e-05   3.36372792e-03  -1.71828521e-03  -1.84058132e-03
   3.14635550e-03  -1.51826361e-03  -3.78022352e-03  -1.03074469e-03
   2.03341466e-03]
[ 0.01125482 -0.01156064 -0.00111494 -0.0056177   0.00572543  0.01505832
 -0.00893101 -0.01509665 -0.00448649 -0.00418001  0.01301157  0.00313119
 -0.00915474  0.00622454 -0.01743286  0.00931901 -0.00268501 -0.0105055
 -0.01240183  0.00363825  0.00611671]
[  4.70777962e-03  -4.03431060e-03   7.98901008e-05   5.94653070e-03
  -2.46811920e-03   6.35164699e-04  -8.95678147e-03  -8.63666915e-03
   8.75719630e-04  -4.31399858e-04   1.34608689e-03  -2.91111349e-04
  -6.03584538e-04  -3.13829623e-03  -1.12367566e-02   4.85972323e-03
  -4.34155876e-03   2.20779540e-03  -1.32729065e-02   3.09549879e-03
   3.49265618e-03]
[  1.37364455e-02  -1.49901058e-02   9.40888116e-04   5.88493889e-03
   1.28584285e-02   5.96506290e-03   7.28296934e-03   2.58947317e-03
   5.59542810e-03   1.17426955e-02   1.81506019e-03   1.03059154e-02
   8.17198657e-04  -7.20071682e-05  -1.27673896e-02   9.16838471e-04
   8.07599867e-03  -2.44744496e-02  -1.17686686e-02   5.78426365e-03
  -5.29899970e-04]
[ 0.00675971  0.00689705 -0.00403466 -0.00185389  0.00047032  0.00150565
  0.00400257  0.00261246 -0.00610806 -0.00185371 -0.00335482 -0.00924532
  0.0200151   0.02413381 -0.00417892  0.00199262  0.0044921  -0.0105713
  0.00956599 -0.00237335 -0.01187885]
[ 0.00326446  0.00313783 -0.0071991  -0.00334871  0.00160643 -0.0050414
  0.00412722 -0.00310766 -0.00313617 -0.00842146 -0.00111932  0.0122125
  0.00633508 -0.00081454  0.00091272 -0.00112675 -0.00439695 -0.00505693
  0.00318827 -0.00081692 -0.00655845]
[ 0.00845552  0.00836734  0.00538584 -0.00289451  0.00458996 -0.00374004
  0.00099375  0.0032382  -0.01261353 -0.00014933 -0.02138648 -0.00188482
 -0.01007417  0.00523863 -0.0117502   0.00387893  0.01865946  0.00860874
  0.02383931 -0.0005759  -0.01285484]
[ 0.01801673  0.01694604 -0.02750494  0.00124271 -0.00909207  0.0056261
 -0.00159129 -0.01325354  0.02365423  0.00089133  0.00178362  0.00329904
  0.02226272  0.01975139 -0.0001513  -0.00552099  0.0031125   0.00419709
 -0.00673066 -0.01958447 -0.01875922]
[  5.23339998e-03   8.25903760e-04  -4.67423418e-03  -1.46788148e-02
   1.39902718e-02  -1.08417381e-02  -1.03158152e-02  -7.98845596e-03
  -1.88927691e-04  -4.91521218e-03  -1.00597528e-02  -9.16980359e-03
   5.37899227e-03  -1.97416030e-03   2.15116887e-06   8.67221358e-03
  -1.09780585e-02   7.62776840e-04  -8.63050480e-03   1.57975737e-02
  -6.92583402e-03]
[ 0.01325406  0.01299152  0.01389545  0.00311727 -0.00115861  0.00242501
  0.00518704 -0.00436538  0.01079868  0.01144705  0.02784542 -0.01313861
  0.0048695  -0.00853954  0.00671434  0.00107106 -0.0169838  -0.0060814
  0.02301532  0.01190522  0.02168938]
[ 0.00345471 -0.00343313  0.00015757 -0.01260309  0.00398727  0.01515678
  0.00936994  0.00676238  0.01112996 -0.02160851  0.00124183 -0.00930651
 -0.00721113 -0.00158748  0.0020953  -0.00496374  0.0003217   0.00913718
 -0.0018008  -0.00431549 -0.00069002]
[ 0.01336063  0.01362885  0.01422025  0.00428199 -0.00481597  0.01242251
 -0.00130156  0.01315728 -0.0044238  -0.00026054  0.01268307  0.00071606
  0.02180462  0.01354505  0.01089613 -0.0144784  -0.00932624 -0.00790034
 -0.02139025 -0.01519723 -0.0111171 ]
[  9.90514591e-03  -1.03649158e-02  -2.81150018e-05  -1.15396347e-02
  -4.54278220e-02  -8.93671192e-03  -5.76660022e-03  -4.98234152e-04
  -5.14988391e-03   3.93936679e-03  -9.10455109e-04  -9.25097992e-03
   8.51672514e-03  -1.38510722e-02  -1.09006956e-02  -3.41631744e-03
   3.14236523e-03  -1.06000748e-02   1.48441500e-05   9.11455695e-04
  -2.96924820e-03]
[ 0.00275061 -0.00299434  0.00037919  0.00822671  0.00394909  0.01031091
  0.00390128 -0.00803145 -0.00410219  0.00110338 -0.00133902  0.00121528
 -0.001821   -0.00265597 -0.00638452 -0.00401701  0.00144402 -0.00352061
  0.00309968  0.00362864 -0.00511706]
[ 0.01217638  0.01202696 -0.02092307  0.00633637 -0.00283577 -0.00033268
  0.00375189  0.0100714  -0.00903567  0.01144507 -0.00354414 -0.01336249
 -0.02462666 -0.00440315 -0.00296658  0.01157704  0.00961547  0.00527567
 -0.00400266 -0.01453813 -0.00764396]
[ 0.01444444  0.01393487  0.00713412 -0.00040908  0.00706729 -0.00741419
  0.00465902  0.0179624  -0.0384153  -0.01179305 -0.00016109 -0.00411974
  0.00794332  0.00117342 -0.01192911 -0.02872619  0.00079542  0.0171871
 -0.01837242  0.00394282  0.00540907]
[ 0.01725285  0.0164956   0.01268273  0.01068071 -0.00914102  0.02075183
 -0.0265306   0.01254928  0.01861459  0.00066985 -0.01034849  0.00965534
 -0.00884854 -0.00641936  0.01181745  0.00100863 -0.00280305 -0.00217256
 -0.0126905   0.00687448 -0.0078355 ]
[ 0.00908088  0.00865833 -0.01386285  0.00336281 -0.00068054  0.00227623
 -0.00100656  0.01026424 -0.006106   -0.0093322  -0.00146594  0.01001785
 -0.00476252 -0.01007191  0.00523792 -0.00489673  0.00052144 -0.00377498
 -0.00640264  0.00468624  0.01695469]
[ 0.02081661 -0.02267372  0.00252641  0.00688638 -0.01488613  0.00012591
  0.00316971 -0.01081778 -0.01060977  0.00651428 -0.00515036 -0.000164
  0.00329095  0.00232614  0.00109972 -0.00484546  0.00010599  0.00287648
 -0.00782908  0.00726704 -0.00280206]
[ 0.00211685  0.0021346   0.0025721  -0.00037511  0.0005567  -0.00290838
  0.00530541 -0.00233969 -0.00250986  0.00290843  0.008784   -0.00206699
 -0.00189075 -0.00286386 -0.00022436 -0.00350147 -0.00806927 -0.00061062
  0.00222849 -0.00210613  0.00410407]
[ 0.00436194  0.00228639 -0.0038111   0.00534617 -0.00064795 -0.00235028
 -0.00828305  0.00073451  0.00525687  0.00130248  0.0004598   0.00676076
 -0.01300055 -0.00664741  0.00033489 -0.00697338 -0.0082125  -0.00046009
 -0.0010247   0.00156785  0.00426953]
[  9.70791696e-03   9.86277495e-03   1.28791430e-02  -4.16638127e-05
  -3.58170244e-04  -2.63206532e-03   1.06817088e-02   5.09796626e-04
  -3.80358695e-03   7.30051882e-03   5.74791303e-03  -7.35131658e-03
  -1.18263105e-02  -1.63708619e-03   2.22132624e-03   8.63474701e-03
   1.19725364e-02   5.86142208e-03  -7.92314302e-03  -5.89783132e-03
  -2.38941295e-02]
[  9.50450216e-03  -1.04721446e-02   1.51022143e-03   2.52651574e-02
  -6.10796239e-03   5.82786418e-03   1.07868014e-02  -1.48856261e-02
  -1.23020658e-02  -7.02124288e-03  -1.02845241e-02   4.05897438e-03
  -2.48101579e-03   1.21645783e-02   2.51980750e-02   8.22093156e-03
  -2.08100324e-03   4.27062304e-03   9.09711556e-05   5.02843912e-03
   3.63194479e-03]
[ 0.01104691  0.01074348  0.01468269  0.00639665 -0.00184853  0.01580193
 -0.02131516  0.01968109  0.00565132 -0.01396162  0.00361905  0.00783198
  0.00074403 -0.01541916  0.02239275 -0.02161763  0.01025905  0.00726091
 -0.00142703  0.02831193  0.00569762]
[ 0.00353967 -0.00387652  0.00047565  0.00041364 -0.01029637  0.00229053
 -0.00030387 -0.00350842 -0.00251766 -0.00448655  0.001486   -0.00018558
 -0.00346712  0.00238856 -0.00346606 -0.00206464  0.00146029 -0.00209427
 -0.00094061  0.00768093 -0.00388358]
[ 0.01048285  0.0101449  -0.02032655  0.00193763 -0.00104105  0.00383546
  0.00201143  0.00233604 -0.00112912  0.00443829  0.009743   -0.0201971
  0.00364654  0.00997374  0.0026874   0.00447522  0.00341732 -0.00638295
  0.01161439  0.01287434  0.00095366]
[ 0.00865544  0.00814375 -0.00577622  0.00042113  0.00254995 -0.00236374
  0.00725228 -0.00149571 -0.00616086 -0.00262779  0.01331791  0.00267658
  0.01676927 -0.0022544  -0.00406    -0.01499617 -0.00562526  0.00257959
  0.01485065  0.00095085  0.00891018]
[ 0.00636211  0.00627971 -0.00581584 -0.00120352 -0.00136952  0.00331942
  0.0069555  -0.00084927  0.00471348 -0.00266682  0.01289531 -0.00687026
  0.00861181  0.00544829  0.00533136 -0.00736003  0.00980841  0.00485001
 -0.00685105  0.00600201  0.00679039]
[ 0.01862492 -0.01911028 -0.00163651 -0.00145881  0.01041877 -0.00098566
 -0.00418509  0.00212314  0.00661761 -0.02160995  0.0139577  -0.00038397
  0.00085506 -0.00311951 -0.0118446   0.01382983  0.0031591  -0.01932616
 -0.0031127   0.00324204  0.00058108]
[ 0.00639289 -0.00554382 -0.00190452 -0.00778143  0.01588948 -0.00385772
 -0.00865802 -0.00416187 -0.00136028 -0.00248609  0.00110629 -0.00438079
  0.00244845  0.00158997 -0.00257846  0.00604204 -0.00854665  0.0024783
 -0.00321849 -0.00861817  0.00550243]
[ 0.0223226  -0.02378663 -0.00050632  0.02233225  0.01090815  0.00075292
  0.03120547  0.01240183  0.01931848 -0.02361257 -0.02019901 -0.02407637
  0.01451021 -0.0291563  -0.00400609  0.0134419  -0.01587588  0.01029512
 -0.01259806 -0.01909116  0.0073852 ]
[  1.13643166e-02  -1.23166095e-02   9.66190221e-05  -1.36852420e-02
  -2.02105703e-02  -1.05897241e-02  -6.75415184e-03   7.63736465e-03
   2.39997578e-03  -7.72364926e-03   1.29619000e-02   1.05704939e-03
  -8.68145051e-03   8.71671764e-03  -8.52690173e-03  -2.92618934e-03
   7.11101101e-03  -4.89710387e-03  -3.95996482e-03  -7.92457073e-03
   6.62350986e-03]
[  1.63003875e-02  -1.67625019e-02   5.69144922e-04   8.52348253e-03
   5.00260108e-05   3.17315634e-02   1.15073618e-02  -1.59020528e-02
  -3.88617848e-03  -8.81487560e-03  -8.10466031e-03  -9.69744901e-03
  -1.00263780e-03  -6.40945290e-03  -7.62803899e-03  -9.74230200e-03
  -4.06234513e-03   3.20689579e-03   9.22179450e-03   4.01933007e-03
  -1.19569285e-02]
[  6.35975696e-03   6.13402395e-03   5.92254216e-03   2.63219480e-05
  -1.24867741e-03   2.80310819e-03  -1.14774872e-02  -1.75082489e-04
   4.58345750e-03  -5.99045259e-03  -1.75469144e-02   8.74846559e-03
   8.33278983e-03   3.35373918e-03  -1.20804157e-02   1.48004621e-02
   6.28898378e-03   2.92568193e-03  -2.96571866e-03  -3.76262431e-03
   1.28608199e-02]
[ 0.00595962 -0.00371107 -0.00317897 -0.00334918 -0.00407024  0.00477015
 -0.00938827 -0.00756301 -0.0001317  -0.00308803  0.00804702 -0.00412099
  0.0037966  -0.00052734 -0.00852508  0.01527078 -0.00646998 -0.00095632
 -0.00969462  0.00689743  0.00443661]
[ 0.0083011   0.00834916  0.01132666 -0.00115926 -0.00404835 -0.001467
  0.00693027 -0.00571005  0.01053442  0.00293922  0.00655937  0.00483893
 -0.00328505  0.00223127  0.00747058  0.00158098 -0.00469705 -0.00276519
  0.00108041 -0.00604886 -0.02027753]
[  1.72003843e-02  -1.82502036e-02   1.97855759e-03   4.91314941e-03
  -5.52877364e-03  -1.06290247e-02   4.56945817e-03   7.21098079e-03
   4.40473523e-03  -1.12839219e-02  -1.69042086e-06  -7.32195207e-03
  -2.57637271e-03  -1.05945757e-02   1.68357645e-03  -2.14958736e-03
   1.66318060e-03   4.44804505e-03   2.38085862e-02  -2.56763764e-02
   6.19164318e-03]
[ 0.01162855 -0.01265409  0.00040849  0.00037309 -0.00230748  0.00068644
 -0.0029233  -0.00879504 -0.01094772  0.00581295  0.00338694  0.00990423
 -0.0081266   0.03178254  0.02018562  0.01365498 -0.01435241  0.02682781
  0.00131829  0.00122285  0.01431285]
[ 0.00551791  0.00524843  0.00881365 -0.00533327  0.00505438 -0.00994089
  0.00295983 -0.0095854   0.00039281 -0.00690549 -0.00863615  0.00658931
  0.00011573 -0.00073183 -0.00612596 -0.0043814  -0.00675137 -0.00319052
  0.01343749  0.00247394  0.00548577]
[  2.26277727e-03   2.15186799e-03   6.79652970e-03  -2.99297753e-03
   9.18595748e-04  -6.31429274e-03   5.50125582e-03  -9.23406982e-03
   2.23513231e-03  -4.96240947e-05  -2.61954247e-03   4.09160817e-03
  -3.13911984e-03  -2.27533789e-03  -4.89131668e-03   1.22470632e-03
   1.59366654e-03   2.05981068e-03   3.64909926e-03  -5.79882008e-03
   7.91312449e-03]
[ 0.01012643 -0.00944666 -0.00123159  0.01093286  0.00937195 -0.02208848
 -0.0177313   0.00343726 -0.00149887 -0.00194647  0.00703281 -0.00421022
  0.00294164  0.00092451  0.00816698 -0.00716089  0.00125919  0.00909059
 -0.00052181 -0.00249685 -0.00250246]
[ 0.01224096  0.01206492 -0.01134397  0.00099932  0.00322935 -0.00073511
 -0.00012806 -0.00251985  0.00808548  0.0165852  -0.00184118 -0.03908395
 -0.02172423  0.00831155  0.01508397 -0.00518634 -0.01900911 -0.03382947
  0.00676125  0.00708649  0.01735442]
[ 0.00813721 -0.00828662 -0.00155559 -0.02075288  0.01067626  0.0180579
 -0.00230997  0.00111197  0.00025331  0.00015164  0.01322066  0.0103625
 -0.01575374  0.0174346  -0.0029448  -0.00175499  0.00357234  0.00540685
 -0.00326073 -0.00139915  0.00836276]
[ 0.00676275  0.00578799 -0.00629595  0.00164769 -0.00481761  0.00473611
 -0.00738899 -0.00863653  0.01337717  0.01074825 -0.00123667  0.0002089
  0.00271306 -0.00048668 -0.00622106 -0.0040775  -0.00264165  0.01332738
 -0.00766782 -0.01250361 -0.00592315]
[  4.77838535e-03   4.81740978e-03   4.38250606e-03   2.94678779e-04
   1.73541905e-03  -1.76048085e-03   1.22396914e-03   5.69756154e-03
  -1.25922169e-02   3.89983530e-04  -4.47635779e-03  -5.03908144e-03
  -2.58835991e-03   4.52604900e-03  -5.04003009e-03  -4.75987213e-03
  -3.24261766e-03   5.73124717e-05  -1.15384437e-02  -8.48504144e-03
  -5.36797157e-03]
[ 0.01253106  0.01157267 -0.01541124  0.00046098  0.00110387  0.00154152
  0.00172325  0.00716293 -0.00414395 -0.00514097  0.00011767 -0.0040405
  0.000197    0.0090275   0.00603083 -0.00667683  0.00876136 -0.00857115
 -0.01093578  0.00213872  0.01211602]

Right eigenvectors

[ 1.          0.96688802 -1.44149848 -0.20838072 -0.09958931  0.23725729
  0.5436793   0.27029197 -0.64256504  0.08357894  0.43734538  0.86063399
  0.13238509 -0.15284698  0.13528316 -0.15401095  0.03798633  0.45338221
 -0.89504681 -0.83724284 -0.04931787]
[ 1.         -1.08241087  0.11061208 -1.56218188 -0.72376569 -0.0907745
  0.16905528  0.93116479  0.4206044   0.6026313   0.38597946  0.6871374
 -0.37669139  0.48146945 -0.65775852 -0.18790525  0.39604022 -0.7251637
 -0.24750388 -0.13844819  0.4653113 ]
[ 1.          1.00708187  2.03215079  0.12245609  0.10451741  0.06751947
 -0.44283286  0.50579744 -0.40547259  0.08610295 -0.46577629 -0.54134921
 -0.58209809 -0.37629273 -0.13271872  1.57066537  2.55932914  0.70743232
 -0.23098629  0.90858917  0.6970317 ]
[ 1.          0.73688599  0.84889475  1.30504685 -0.45615516  1.85541328
 -2.79584944  0.15801081  1.99189155  0.40819284 -0.63170888 -2.15658341
  2.11939602  2.0766871   0.29682083 -1.9401241  -0.57285956 -0.54077973
  0.35065158 -0.49239511  1.35261911]
[ 1.         -1.05580599  0.01503348 -0.16234024 -0.9352029  -1.76080646
 -1.4745382   0.12049342 -0.00433978 -1.63750941  0.56693755 -0.69095821
 -0.25575647 -0.49259903  0.1173515  -0.09494009  0.37833883 -0.13286156
  0.71285003 -0.18267017 -0.74717549]
[ 1.          0.9454025  -0.84686583 -0.3174053   0.326785    0.08492443
  0.29264685  1.08796503 -2.15038618 -0.43477209  0.20926732 -0.64452525
  0.78787708  0.40073491 -0.54190587  0.99276464 -0.13263349 -0.22831015
 -0.18799518  0.86316368 -0.2833426 ]
[ 1.         -0.92420293 -0.32414259 -1.60515226  2.51695929 -0.81539801
  0.16402117  1.28876657  1.38369025  0.94706562 -1.48080929 -0.89739297
  1.41639767 -0.74527433  0.73549133  1.18672063 -1.73359778  0.96057956
 -0.87483934  2.91622929 -2.03911443]
[ 1.          0.9395861  -3.15769386 -1.06317357  0.87604534 -2.09113052
  0.64755471 -3.60695004  1.73495172  0.46711655 -1.58659675 -1.32644245
 -0.68414071 -0.97847626 -0.2603812  -2.30667088  2.78416433  2.8518836
 -2.38764353  2.29391353  0.2838088 ]
[ 1.          0.98729113  2.07370202 -0.88890928  0.5130946  -1.73150229
  1.9756329  -1.92762798 -0.28588312  0.09278574  0.81725289 -0.84615067
 -0.27843247 -0.03914019 -0.00914205 -0.88150427  1.07229261  0.56712969
 -1.03081057  0.61409764 -0.11145211]
[ 1.         -1.04158569  0.13368925  0.46573132  0.40150208  1.58557061
 -0.01502496 -1.33210761 -0.73288901 -0.0408258  -0.16328328  0.64692944
 -0.67775522 -0.06368342 -0.33162104 -0.38805294  0.79763194 -2.1722127
  0.06736765  1.71042935 -1.15878808]
[ 1.          0.99615399 -1.06785714 -0.38579007 -0.10375871 -0.94638325
  1.1750018  -1.52014381  1.41037803 -0.29621846  0.58324341  0.70282452
 -0.02362665  0.2481593   1.03037815  0.1615846  -0.5618593  -1.48131365
  1.45566475  1.01737467 -1.48700648]
[ 1.          0.98856879 -1.20009397 -0.89265436  0.62836624 -1.97304622
  1.11693204 -1.92661763 -0.26580769 -0.41025614 -0.88141554  1.8866261
 -3.16767476 -2.30321902  1.25260798 -2.11948743 -0.47850098 -0.76326421
 -2.82007485 -0.19803526  1.06379748]
[ 1.         -0.91054232  0.02291453 -1.52535298  1.97322249  1.70996395
 -1.26617379 -0.41378771 -1.22469963  2.27278716  0.83715245  1.49550609
 -1.5942677   0.68821479  0.33520742 -1.66872229 -0.16140701  2.69483138
  3.84092977 -0.19026287 -1.10441013]
[ 1.          0.97172975  0.72043927  0.10372932 -0.10939889  0.13792929
 -1.07328302  0.55865006 -0.13709225  0.07836263 -2.20902342  0.07984555
 -2.27958191 -0.30111034  0.41608355 -0.4603607  -1.19414225 -1.843428
 -0.35973193 -0.07433565  0.12398381]
[  1.00000000e+00  -1.07346351e+00  -4.56079082e-05   6.73891401e-01
   1.37803142e+00  -4.79331450e-01   2.88870166e-01   8.37214670e-01
   9.48277038e-01   5.22280054e-01   2.55876027e-01  -1.25705119e-01
   5.69260332e-01  -9.03017836e-01  -1.14710496e+00  -1.44353671e-01
   1.47207776e-01  -1.45646310e-01  -3.08205707e-02  -1.35623996e+00
   3.14598256e-01]
[ 1.          0.96037149 -1.4576501   0.27736342 -0.42379038  0.52252375
 -0.13903728  0.61656853 -0.04479036 -1.29662771  1.16683441  2.15865936
  2.44321815  0.12757185 -0.283506    2.16817055 -0.40605506 -1.14451738
  0.61791527  0.2527093   0.23327795]
[ 1.         -1.09881977  0.11601228  1.37014659  0.47403928 -1.58202376
  0.36028223  1.03940204  0.62770407 -0.54482733  0.08284159  1.04028629
 -1.14926027  2.90591384  0.59312716  0.00353084 -0.78303787  1.13687128
  0.7592874   2.03841729 -0.87185235]
[ 1.         -1.01987075  0.17815561 -0.20636621  1.64625363 -0.90750312
 -2.60563798 -1.08923545 -0.70645931 -1.03157601  1.34660849 -0.76025797
  0.60328116 -0.67136367  2.09207471  0.02802151  2.15319546 -1.87330833
  0.39269383 -2.67994136 -0.13421107]
[ 1.          0.87471204 -1.22319588 -0.59739889  0.47779408 -0.4782579
  0.93678433 -0.37764177 -1.95158273 -1.13938585 -0.49622838  0.21093393
  1.90966996  0.0759736  -0.7747049  -3.29695286  0.63304892  0.46066912
 -1.60974134  0.47209998  3.02815307]
[ 1.         -1.08485411  0.04509035  0.54703725 -2.14288985 -0.47028576
 -0.4157518  -0.88605835 -0.98005324  0.41278317 -0.18852662 -0.39361956
  0.50095954 -0.45683005 -0.06441703  0.21800267 -0.29405361  0.09044291
 -0.15539734  0.68800217 -0.31775647]
[ 1.         -1.06524152  0.09542943 -1.12377646 -1.490912   -0.22036746
  0.20645534  0.63250192  0.29523034 -1.08549646 -0.00150774  0.01450163
 -1.25264693  0.82893033  0.24829481 -0.29617991 -0.25727261  0.35820774
  1.02461591  0.37991338 -0.45619461]
[ 1.          0.96387156  0.34563146  0.32635538 -0.31557591  0.40663533
 -0.15360664 -0.24283424  2.0625257   1.64152206  0.16262055 -1.23767477
 -0.97717806 -0.02383755  1.14033894  0.48458434  0.10243002 -0.06689768
  0.31210576  0.37317993 -2.11317832]
[ 1.         -0.81075499  1.08010553  0.92505948  4.37338211 -1.78338183
 -6.66512709 -0.67056679 -2.12230227 -0.07528406  2.85089631 -0.07060979
  0.72146166 -3.0287082   5.77939972 -2.95768993  7.6258532  -2.45302089
  4.18275658 -3.63009328 -1.88470964]
[ 1.          1.03034573  1.73243088 -0.43667587  0.4662521  -0.81800066
  1.80995068 -0.12448374 -1.52470537  0.07808767  1.27867943 -1.97919551
 -0.19192762  0.3312877  -0.06400313  0.44336472  2.7605463   0.2570752
  1.32924121  2.7439565   1.46585898]
[ 1.         -1.04898224  0.09315691  1.52465165  0.68619435  1.41487414
  0.33563766 -1.33682394 -0.63258748 -0.16647819 -0.13158424  0.07480015
 -0.04838948 -0.26215858 -0.68819019 -0.56300984  0.23285687 -0.33425234
 -0.10410868  0.03457728 -0.27897333]
[ 1.         -1.04388976 -0.08899949 -4.28143097 -2.90590519  0.31339715
 -0.36029751  0.19922096 -0.87016333  1.26221737 -0.99078732 -0.609575
  1.19788058 -1.72868448  0.87824647 -0.458126    0.41850962 -0.71542799
  0.84017106 -0.44506787  0.16197586]
[ 1.         -1.06868288 -0.03086393 -0.48314315 -0.43406217 -0.01534133
 -0.3933478  -0.1492458  -0.59218728  2.0439152  -0.07486709  0.43578159
  0.68635544 -0.79686206 -0.65104936 -0.49689343  0.24795567 -0.09600379
 -0.2921124   0.28461513 -0.15780919]
[ 1.         -1.11276604  0.17083432  0.21654011 -0.34542265 -0.12176216
  1.24955082  0.91354735  0.08961425  1.15425921 -0.29602143  1.59731155
 -0.3162855   1.92007126  1.1500658  -0.10483271  0.84643222 -0.47148109
  0.09820472  0.1031135   1.13123288]
[ 1.         -1.08959109  0.04293823  2.15836667  0.46899086  0.12834666
  0.65069686 -0.77226305 -0.26041767 -1.40202695 -0.42189804 -0.64595769
  0.00559108  0.45260881  1.53032453  0.81615838 -0.82929003  1.80622375
 -0.35447118 -0.71773197  0.68167748]
[ 1.          0.94229259 -1.25904305  0.4681046  -0.3654231   1.4708299
 -0.88003533  0.77107916  0.77784732  0.72360279  0.99866703 -0.76657453
  1.02228944  0.26512305 -0.07782041  0.47680315  0.06645033  0.9394995
 -0.70762164 -0.12526755  0.20507069]
[ 1.          0.92113109 -1.02790212  0.64216427 -0.41382695  0.6032676
 -1.83573871 -0.11981299  1.8065909  -0.21691908 -1.00790662  1.15857332
 -0.63280689 -1.66254898 -0.09741978 -0.44808322  0.95895132  1.70895488
  0.14696062  1.22712825  1.15423353]
[ 1.          1.00789805  0.96061938 -0.34936677  0.0149373  -0.35786472
  0.51372791 -0.39940201 -0.10045984 -0.67593364 -0.18745735  2.02699387
  0.35256643 -0.26454164  0.21908694 -0.18251227 -0.32673328 -0.07604988
 -0.35762615 -0.92636808 -1.65479886]
[ 1.         -0.72636902 -0.05499726 -1.45112904  1.03978034 -1.78876288
 -1.39712315 -0.12420415  0.33376463 -3.45433165 -0.78727776 -0.80845874
  0.33137262 -0.37710304  1.77341795  0.88342271 -0.34249185 -1.59511036
 -0.03695398  1.72060719 -1.45711091]
[ 1.          1.01672425  1.73138234  0.58320249 -0.48924322  1.44912479
 -1.23064291  1.20719226  0.29719034  0.99923668 -0.62582893 -1.16029801
  0.38693156  1.33007132 -0.15244244  0.08320346 -0.9383884  -0.14636863
 -0.13705386 -1.56028838 -1.22899743]
[ 1.          0.9890604   1.54295798  0.0142629  -0.27072293  0.37590854
  0.21571953  0.02202285  0.51865587 -0.08270797  1.33189911  1.09536022
  1.03319562 -0.6786654   0.01971115  0.03332681 -0.69683085  0.85822825
  1.01595586  0.57846276 -0.2023262 ]
[ 1.         -1.0828448   0.06128444 -0.14694089 -0.09560275 -0.31662231
  0.7040583   0.80240075  0.99765711 -1.83210417  0.26812549 -0.66487907
 -0.64571716  0.93641988  0.43411249  0.12062654 -0.15022735  0.61930031
  0.2910131  -1.27477661  0.26425644]
[ 1.         -1.11198367  0.18939176 -0.59500366 -3.18364662  1.26633983
  1.8248546  -2.07084181 -3.16062951  1.62295808 -4.99196451 -1.02051772
  3.81362453 -3.24055186  7.91060283  1.67964751 -0.84471713  1.43764
  0.2050631  -2.05264966  2.06497863]
[ 1.          0.95629851 -1.1035178   0.52538224  0.09820186  0.35862468
  0.0093803   2.35594141 -2.47790862  0.21053053 -0.07589466 -0.96307126
 -1.24434764 -0.55517918 -1.01365887  2.42807244  0.47442962  0.73041823
  1.14225316 -0.08670881 -0.92906104]
[ 1.          0.95178017  1.75490206  0.14620457  0.44350706  0.62454525
 -1.57356314  0.93368059 -0.78634032 -0.14602332 -1.06789132 -0.15847269
  1.01346813  0.15035279 -0.71181275 -2.95454951 -2.89872613  0.09301051
  1.43511984  0.25295182  0.71506018]
[ 1.          0.9903631   3.13581101 -0.20258782 -0.45100121  0.48804747
 -0.51814931 -0.88580876  1.9066014   0.12206434  0.46473224  0.46412823
  1.27772932  0.59754005 -0.16116931  2.85127942  1.36811891  1.28220327
 -1.77938352 -1.15785415 -1.2443962 ]
[ 1.         -1.10351821  0.11933165 -2.52345953 -0.82394769  1.45949018
  2.23010766  2.0096122   1.50059695  0.40725747 -1.25028576 -0.25028651
  0.12381845 -1.50942832 -0.32599901 -1.0385662   0.43418163 -0.19171496
  0.63804696  0.04176649 -0.32772514]
[ 1.          0.98790997  0.83148821 -0.3632336   0.30971485 -0.3095409
 -1.14612311 -0.71812061  0.60648968 -0.52246913 -3.48398964 -0.00928468
  0.66726971  1.99499164 -2.1136772  -0.01588392 -0.8352633  -0.79418489
  2.07942457 -0.86082173  1.57803591]
[ 1.          1.00601803 -2.16100821  0.2070092  -0.41712043 -0.05499588
  0.07328357 -1.35273017  1.9109871   0.35140405 -1.24061179 -0.21826324
  0.28895955  1.03701647 -0.16867174 -0.08824325  2.81756682  0.50351929
  1.09456119 -0.25758761  1.36842884]
[ 1.          0.95212104 -0.88112078 -0.14771894  0.17164012 -0.34522496
  0.2014143  -0.3620936  -0.51688751  0.70569262 -0.18754155  0.22358839
 -1.78329909 -0.25525008  0.30030526 -0.40398185 -1.25958396 -0.71867904
 -0.45063588 -1.94917066 -0.06257347]
[ 1.          0.77244242 -2.35053504  1.08391568 -0.64309743 -0.31938444
 -0.30035632  0.50309983 -0.03132162  0.54094574  0.55491988  0.07682131
 -2.12684857 -0.90740902  0.32965409  0.79718133 -0.59743861  0.55968632
 -0.36090255 -0.64213049 -0.82924712]
[ 1.          0.99964377 -0.57577357 -0.27971764  0.03576001 -0.49402402
  0.23689878 -0.53667331 -0.13616861 -0.33434585 -0.78791456  1.18456614
  0.04536662  0.08367016 -0.10543503 -1.31205298 -0.49711038  0.24963545
 -0.66436651 -0.6084538  -2.06892076]
[ 1.         -0.43743466 -0.69110968  1.12058728  1.16300596  0.28889441
 -0.60250719 -0.0134594   0.05196159  1.60267203  1.10261159 -1.58718736
  0.66476899 -2.54861528 -1.99004623 -0.64659936 -0.82421233  2.41578919
  2.81459255 -0.06380936 -0.97023694]
[ 1.          0.99014354  0.87729451 -0.0677648  -0.06264914 -0.27456702
  0.24107663  0.19745941 -0.3613993  -0.27841662  0.00906694  1.2730845
 -1.11268631 -1.13485848  0.10667652  1.26300639 -0.45531196 -0.68747372
 -0.07407042 -0.02160858  0.69175112]
[ 1.         -0.92632808 -0.47788663 -4.66375069  1.60775239  1.49973923
 -2.42821331 -1.47139873 -1.82529249  2.39123361  0.39635563  0.40654429
  0.04665897  0.47428113  1.39344314  1.0070412  -1.58746657  2.685655
 -0.2271677  -0.56215279  0.48988947]
[ 1.          0.98322997 -1.17787897  0.11875096 -0.26689497  0.06487455
  0.40261878  0.09919918 -0.04153831 -0.4503252   1.35105983  1.99261605
  0.22703629 -1.62346522 -0.07518899  2.2325296  -0.35179669  0.30671347
  1.32816074  0.15071404  0.61262252]
[ 1.          0.60333864  0.09545979  0.62704967  1.48034821 -0.13582369
  1.32313865  1.93041515 -1.93665621  0.37759243 -0.41212554 -1.50358824
 -1.22156275 -1.29512312 -0.36042299  2.16335985 -1.06694659 -1.4260648
 -0.26425539 -1.83791811  2.72255429]
[ 1.         -1.08152165  0.05572493  0.04838179  2.14763198 -0.53060406
  1.32709175  1.94440272  0.93269479  2.5341406  -1.12468556  1.3238679
  1.28404076 -0.22055287  1.0098582   0.2611778   0.72519602 -1.13192967
 -0.53545979  0.56983449  0.42047535]
[ 1.          0.98921033  2.23018347 -0.13898552 -0.06502761 -0.37955266
  0.71534309 -1.0993828   0.85834855  0.82208491  1.19913821 -1.21875963
  0.08136325  0.26231151 -0.30961407  0.94949809 -0.5345743  -0.16699579
 -0.94455247 -0.15020306  1.13482455]
[ 1.         -1.03613096 -0.03615504  1.6846973  -0.91245787 -2.82729042
 -0.56604762  1.21819054  0.51170032  0.63456104  0.23322775  0.0874471
 -0.12785063  0.66190287 -0.73619759 -0.54935089 -0.78049638  1.32593008
  0.01428954  0.75485304 -0.41096873]
[  1.00000000e+00  -1.10134294e+00   2.09220460e-01   1.38613634e+00
   3.07234804e-03  -3.88462209e+00  -2.00867917e+00   1.65548367e+00
   7.44701755e-01   2.22004588e+00   1.96567938e+00   2.20867989e+00
  -5.32900171e-02   2.43347461e+00  -1.24308610e+00  -1.33156070e+00
   2.27621746e+00  -1.09838133e+00  -2.73478658e+00  -7.45687850e-01
   1.47106516e+00]
[ 1.         -1.02717242 -0.09906292 -0.49913735  0.50870924  1.33794363
 -0.79352713 -1.3413494  -0.39862825 -0.37139739  1.15608829  0.27820901
 -0.81340631  0.55305539 -1.54892343  0.82800197 -0.23856549 -0.93342227
 -1.10191234  0.32326158  0.54347464]
[ 1.         -0.85694551  0.0169698   1.26312852 -0.52426396  0.1349181
 -1.90254901 -1.83455256  0.18601543 -0.09163553  0.28592819 -0.06183623
 -0.12821002 -0.66661919 -2.38684846  1.032275   -0.92220943  0.46896745
 -2.81935595  0.6575284   0.74189033]
[ 1.         -1.09126526  0.06849575  0.42841788  0.93608121  0.43425083
  0.53019315  0.18851115  0.40734178  0.85485692  0.13213463  0.75026071
  0.05949127 -0.00524205 -0.92945366  0.06674496  0.58792492 -1.78171636
 -0.85674774  0.42108882 -0.03857621]
[ 1.          1.02031784 -0.59686899 -0.27425619  0.06957769  0.22273835
  0.59212146  0.38647586 -0.90359918 -0.27422881 -0.49629725 -1.36770996
  2.96094283  3.57024642 -0.61821044  0.2947795   0.66454058 -1.56387014
  1.41514855 -0.35110259 -1.75730337]
[ 1.          0.9612092  -2.20529438 -1.02580655  0.49209468 -1.54432647
  1.26428786 -0.95196733 -0.96070001 -2.57973653 -0.34288033  3.7410429
  1.94061856 -0.24951775  0.27959198 -0.34515494 -1.3469147  -1.54908573
  0.97666023 -0.25024503 -2.00904438]
[ 1.          0.98957075  0.63696081 -0.34232207  0.54283529 -0.44231959
  0.11752696  0.38296882 -1.49175038 -0.01766064 -2.52929153 -0.22291001
 -1.19143105  0.61955154 -1.389648    0.45874577  2.20677791  1.01812053
  2.81937777 -0.06810912 -1.52028942]
[ 1.          0.9405726  -1.52663344  0.06897539 -0.50464607  0.31227109
 -0.08832287 -0.73562424  1.31290384  0.04947226  0.09899789  0.18310969
  1.23566928  1.09628081 -0.00839792 -0.30643688  0.17275591  0.2329553
 -0.37357862 -1.08701581 -1.04121131]
[  1.00000000e+00   1.57813996e-01  -8.93154393e-01  -2.80483335e+00
   2.67326629e+00  -2.07164332e+00  -1.97114978e+00  -1.52643712e+00
  -3.61003730e-02  -9.39200559e-01  -1.92222129e+00  -1.75216946e+00
   1.02781983e+00  -3.77223278e-01   4.11046141e-04   1.65708977e+00
  -2.09769148e+00   1.45751680e-01  -1.64912004e+00   3.01860622e+00
  -1.32339092e+00]
[ 1.          0.98019133  1.04839125  0.23519364 -0.0874157   0.18296321
  0.39135501 -0.32936176  0.81474468  0.86366331  2.10089687 -0.99128925
  0.36739661 -0.64429561  0.50658756  0.08081016 -1.28140347 -0.4588329
  1.73647278  0.89823174  1.63643228]
[ 1.         -0.99375397  0.04560945 -3.6480854   1.15415296  4.38727573
  2.71221835  1.95743724  3.22167543 -6.25479253  0.35945836 -2.69385944
 -2.08733016 -0.45951188  0.60650337 -1.43680167  0.09311774  2.64484441
 -0.52125801 -1.24915978 -0.19973429]
[ 1.          1.02007506  1.06433932  0.32049294 -0.36045949  0.92978469
 -0.09741771  0.98477956 -0.33110686 -0.01950094  0.94928666  0.05359461
  1.63200549  1.01380332  0.81554013 -1.08366157 -0.69803869 -0.59131472
 -1.60099104 -1.13746369 -0.83207901]
[  1.00000000e+00  -1.04641727e+00  -2.83842379e-03  -1.16501411e+00
  -4.58628499e+00  -9.02229205e-01  -5.82182259e-01  -5.03005364e-02
  -5.19920046e-01   3.97709112e-01  -9.19173849e-02  -9.33956956e-01
   8.59828338e-01  -1.39837134e+00  -1.10050833e+00  -3.44903293e-01
   3.17245729e-01  -1.07015837e+00   1.49863012e-03   9.20184018e-02
  -2.99768244e-01]
[ 1.         -1.08860984  0.13785844  2.99086924  1.43571322  3.74859121
  1.41833315 -2.9198804  -1.49137561  0.40113968 -0.48680694  0.44182268
 -0.66203363 -0.96559428 -2.32112819 -1.4604079   0.52498353 -1.27993725
  1.12690635  1.31921307 -1.86033604]
[ 1.          0.98772914 -1.71833242  0.52038199 -0.23289126 -0.02732213
  0.30812841  0.82712604 -0.74206549  0.93994005 -0.29106649 -1.09741058
 -2.02249483 -0.36161404 -0.24363431  0.95077829  0.78968188  0.43327103
 -0.32872354 -1.19396147 -0.62776937]
[ 1.          0.96472217  0.49390091 -0.02832118  0.4892744  -0.51329006
  0.32254763  1.24355132 -2.65952225 -0.81644213 -0.01115209 -0.28521271
  0.5499225   0.08123695 -0.82586162 -1.98873708  0.05506777  1.18987673
 -1.27193753  0.27296442  0.37447444]
[ 1.          0.95610832  0.73510884  0.61906938 -0.52982652  1.20280585
 -1.53775153  0.72737414  1.07892787  0.03882519 -0.59981303  0.55963711
 -0.51287409 -0.37207529  0.68495596  0.05846152 -0.16246873 -0.12592465
 -0.73555926  0.39845443 -0.45415646]
[ 1.          0.95346837 -1.52659742  0.37031741 -0.07494153  0.25066173
 -0.11084379  1.13031358 -0.67240188 -1.02767548 -0.16143107  1.10318041
 -0.52445527 -1.10913311  0.5768077  -0.53923528  0.0574215  -0.41570632
 -0.70506867  0.51605514  1.86707565]
[ 1.         -1.08921293  0.12136534  0.33081189 -0.71510818  0.00604831
  0.15226842 -0.51967064 -0.50967802  0.31293658 -0.24741602 -0.00787837
  0.1580925   0.11174426  0.05282898 -0.23276903  0.00509155  0.13818192
 -0.37609778  0.34909805 -0.13460714]
[ 1.          1.00838283  1.21505872 -0.17720004  0.26298423 -1.37391922
  2.50627364 -1.10527093 -1.18565704  1.37394332  4.14956099 -0.97644622
 -0.89319063 -1.35288735 -0.10598941 -1.65409261 -3.81192133 -0.28845791
  1.05273961 -0.99493447  1.93876322]
[ 1.          0.52416888 -0.87371684  1.22564055 -0.1485455  -0.53881565
 -1.89893653  0.16839043  1.20516622  0.29860131  0.10541141  1.54994258
 -2.98044861 -1.52395629  0.07677527 -1.59868677 -1.8827623  -0.10547902
 -0.2349178   0.35943784  0.97881484]
[ 1.          1.01595172  1.32666391 -0.00429174 -0.03689465 -0.27112565
  1.10030904  0.05251349 -0.39180258  0.75201702  0.5920851  -0.75724964
 -1.21821299 -0.16863414  0.22881595  0.88945415  1.23327553  0.60377753
 -0.81615274 -0.60752799 -2.46130345]
[ 1.         -1.10180885  0.15889537  2.65823049 -0.64263886  0.6131688
  1.13491493 -1.56616579 -1.2943409  -0.73872811 -1.08206868  0.42705807
 -0.26103585  1.27987538  2.65117253  0.86495131 -0.21894921  0.44932633
  0.00957138  0.52905865  0.38212888]
[ 1.          0.97253265  1.32912248  0.57904441 -0.16733489  1.43043902
 -1.92951363  1.78159313  0.51157497 -1.26384849  0.32760742  0.70897529
  0.06735214 -1.39578965  2.02706078 -1.95689381  0.92868057  0.6572799
 -0.12917887  2.56288328  0.51576599]
[ 1.         -1.09516403  0.13437789  0.1168586  -2.90885344  0.64710212
 -0.08584802 -0.99117311 -0.71126908 -1.26750529  0.41981353 -0.05242725
 -0.97950345  0.67479726 -0.97920535 -0.58328624  0.41255087 -0.59165659
 -0.26573452  2.16995824 -1.0971592 ]
[ 1.          0.96776184 -1.93902951  0.1848384  -0.09930972  0.36587933
  0.19187852  0.22284357 -0.10771144  0.42338612  0.92942269 -1.92668015
  0.34785786  0.95143375  0.25636129  0.42690862  0.32599127 -0.60889484
  1.10794178  1.22813331  0.09097297]
[ 1.          0.94088308 -0.66735145  0.04865538  0.29460675 -0.27309356
  0.83788765 -0.17280605 -0.71179125 -0.30359952  1.53867559  0.30923731
  1.93742597 -0.2604611  -0.46906899 -1.73257279 -0.64991107  0.29803084
  1.71575991  0.1098554   1.02943112]
[ 1.          0.98704932 -0.91413824 -0.18917038 -0.21526255  0.52174871
  1.09326978 -0.13348831  0.74086712 -0.41917216  2.02689372 -1.07987131
  1.35361059  0.85636512  0.83798729 -1.15685405  1.54169277  0.76232827
 -1.07685288  0.94340011  1.0673178 ]
[ 1.         -1.02605966 -0.0878665  -0.07832558  0.55939921 -0.05292131
 -0.22470369  0.11399473  0.3553094  -1.16027103  0.74940989 -0.02061571
  0.04590941 -0.167491   -0.63595447  0.74254465  0.16961676 -1.03765066
 -0.16712551  0.17406986  0.03119892]
[ 1.         -0.867185   -0.29791162 -1.21720066  2.48549135 -0.6034389
 -1.35431996 -0.65101542 -0.21277968 -0.38888346  0.17304997 -0.6852591
  0.38299617  0.24870904 -0.40333222  0.94511895 -1.3368983   0.38766532
 -0.50344753 -1.34808665  0.86071048]
[ 1.         -1.06558546 -0.02268193  1.00043231  0.48865946  0.0337289
  1.3979318   0.55557303  0.86542255 -1.057788   -0.90486808 -1.07856476
  0.65002317 -1.30613391 -0.17946364  0.60216582 -0.71120242  0.46119722
 -0.56436359 -0.85523931  0.33083957]
[ 1.         -1.08379676  0.00850197 -1.20422922 -1.77842373 -0.93183994
 -0.59432979  0.67204786  0.21118523 -0.67964045  1.14057892  0.09301478
 -0.76392192  0.76702524 -0.75032244 -0.25748925  0.62573151 -0.43091935
 -0.34845605 -0.69732048  0.58283398]
[ 1.         -1.0283499   0.03491604  0.52290061  0.00306901  1.9466754
  0.70595633 -0.97556287 -0.23841019 -0.54077706 -0.4972066  -0.59492138
 -0.06151006 -0.39320862 -0.46796673 -0.59767303 -0.2492177   0.1967374
  0.56574081  0.2465788  -0.73353645]
[ 1.          0.96450603  0.93125291  0.00413883 -0.19634043  0.44075713
 -1.80470532 -0.02752975  0.72069696 -0.94193106 -2.75905424  1.37559747
  1.31023715  0.52733763 -1.89950901  2.32720562  0.98887172  0.46003046
 -0.46632579 -0.5916302   2.02221878]
[ 1.         -0.62270133 -0.53341844 -0.56197828 -0.68296872  0.80041208
 -1.57531333 -1.26904222 -0.02209791 -0.51815905  1.35025612 -0.69148478
  0.63705401 -0.08848594 -1.43047298  2.56237351 -1.08563614 -0.16046689
 -1.62671636  1.15736034  0.74444465]
[ 1.          1.00579007  1.36447825 -0.13965193 -0.48768887 -0.17672366
  0.83486165 -0.68786662  1.26903919  0.35407565  0.79018064  0.58292618
 -0.39573694  0.26879186  0.89995084  0.19045402 -0.56583449 -0.33311187
  0.13015257 -0.72868239 -2.44275302]
[  1.00000000e+00  -1.06103464e+00   1.15029848e-01   2.85641839e-01
  -3.21433146e-01  -6.17952748e-01   2.65660237e-01   4.19233702e-01
   2.56083536e-01  -6.56027312e-01  -9.82780869e-05  -4.25685377e-01
  -1.49785765e-01  -6.15949941e-01   9.78801648e-02  -1.24973217e-01
   9.66943859e-02   2.58601493e-01   1.38418920e+00  -1.49277923e+00
   3.59971212e-01]
[ 1.         -1.0881924   0.03512837  0.03208441 -0.19843213  0.05903023
 -0.2513902  -0.75633228 -0.94145199  0.49988604  0.29126101  0.85171686
 -0.6988493   2.73314807  1.73586784  1.17426386 -1.23423981  2.30706511
  0.1133665   0.10515898  1.23083769]
[ 1.          0.95116274  1.59727919 -0.9665383   0.91599527 -1.8015676
  0.5364048  -1.73714308  0.07118907 -1.25146754 -1.56511164  1.19416709
  0.02097362 -0.13262803 -1.11019624 -0.79403311 -1.22353806 -0.57821226
  2.43525015  0.44834751  0.99417563]
[ 1.          0.95098533  3.00362294 -1.3227009   0.40595942 -2.79050565
  2.43119634 -4.08085672  0.98778273 -0.02193061 -1.15766696  1.80822401
 -1.38728627 -1.00555098 -2.16164302  0.54124033  0.70429669  0.910302
  1.61266392 -2.56270034  3.49708503]
[ 1.         -0.9328718  -0.12162164  1.07963634  0.92549437 -2.18127135
 -1.75099289  0.33943448 -0.1480159  -0.19221648  0.69450036 -0.41576573
  0.29049127  0.09129712  0.8065018  -0.7071491   0.12434647  0.89770957
 -0.05152957 -0.24656775 -0.24712167]
[ 1.          0.98561913 -0.92672228  0.0816371   0.26381523 -0.06005333
 -0.01046133 -0.20585364  0.66052658  1.35489403 -0.15041133 -3.19288323
 -1.77471631  0.6789947   1.23225433 -0.42368762 -1.55291052 -2.76362938
  0.55234622  0.57891589  1.41773367]
[ 1.         -1.01836197 -0.19116968 -2.55036954  1.31203002  2.2191776
 -0.28387718  0.13665245  0.03112986  0.01863577  1.62471708  1.27347216
 -1.93601308  2.14257859 -0.36189297 -0.21567418  0.43901263  0.66445981
 -0.40071914 -0.17194455  1.02771893]
[ 1.          0.85586445 -0.93097494  0.24364288 -0.71237505  0.70032391
 -1.09260273 -1.27707465  1.97806838  1.58933232 -0.18286541  0.03088984
  0.40117694 -0.07196547 -0.91990085 -0.60293566 -0.39061772  1.97070596
 -1.13383223 -1.8488948  -0.87584929]
[ 1.          1.00816687  0.91715208  0.06166911  0.36318106 -0.36842588
  0.25614702  1.19236125 -2.63524517  0.08161408 -0.93679297 -1.05455736
 -0.54168086  0.94719213 -1.05475589 -0.99612563 -0.67860112  0.01199411
 -2.41471604 -1.77571309 -1.12338608]
[ 1.          0.9235189  -1.22984264  0.03678712  0.08809095  0.12301559
  0.13751853  0.57161385 -0.33069434 -0.41025799  0.00939013 -0.32243895
  0.01572125  0.72040939  0.48127028 -0.53282229  0.69917115 -0.6839921
 -0.87269342  0.17067308  0.96687915]
