Cluster centers 

[-0.89862288 -1.23395266 -1.22468806 -1.00018087]
[ 1.30004927  1.55527981 -0.11653907  0.58117474]
[-0.72552118  1.24871573  1.1430345  -0.66262213]
[-0.88576535 -1.07675882 -0.22819226  0.43216075]
[ 1.26674772 -0.34685004 -1.35974221 -1.14995058]
[ 0.7298798  -0.64556948  2.07960579  0.09011397]
[-0.88026876  0.47540132  0.05410664  0.9200519 ]
[-0.89610399  2.05191563 -0.47740443 -1.43855837]
[-0.82845539 -1.21216774  0.33695548  0.11067855]
[ 1.29244436 -0.19853598 -0.21534414  0.27987627]
[ 1.26636053 -0.49232892 -0.06254571 -0.79161279]
[ 0.95201366  1.30599739  1.89913408 -0.26227934]
[ 1.08479394  0.14447438 -2.19744783  0.97256172]
[-0.87871733 -0.12885355  0.04625861  1.25167638]
[-0.89000888  1.34526256 -0.58366068  0.09592185]
[-0.84106845 -0.91016803 -1.67346142  0.4385699 ]
[ 1.14457861 -0.52406902  0.93814646 -0.20960773]
[-0.73015738 -0.72791179  1.05259407  0.85350218]
[-0.04873621 -0.96775378  2.23957521  0.11491152]
[ 1.05789765  0.74640443  1.60121154  0.48237118]
[-0.89013996  0.04034882 -0.44020199  1.36781919]
[-0.8969381   2.46239687 -0.71131023 -2.35368742]
[-0.63898604  0.64504454  1.49984841  0.11916409]
[-0.9015733  -1.34784175 -0.88457122 -2.43213582]
[-0.8112944   1.57832485  0.69991429 -1.09727405]
[ 1.15272573 -0.25688051 -2.35796278 -2.59089938]
[ 1.16843767  0.58491904 -1.70628269  1.4402494 ]
[-0.79726909  1.2109863  -1.45377623  0.83115606]
[ 0.85728164  1.88851506  1.92941647 -1.31978764]
[ 1.23082761  2.59923019 -1.11073367 -0.56795644]
[ 1.20817094 -0.68134447  0.10576671 -2.61643768]
[-0.67080037 -1.53308697  0.67600724 -2.69598455]
[ 1.20168666  0.24813779  0.93157345  0.78585817]
[ 1.16355116 -0.62674143  0.71491256 -0.73492079]
[ 1.27810013 -0.41319887 -1.18326046 -1.85410737]
[ 0.51672906 -1.00839692  2.15689427 -0.55578104]
[-0.7936933   0.91197764  0.84690861  0.0313141 ]
[ 1.11971258 -0.20656576 -2.32641858 -0.64892535]
[ 1.27227994 -0.13774948 -1.17627182  0.23546657]
[ 1.27186849  0.07887893  0.32732426  0.76777989]
[-0.89422891 -0.96324439 -0.86471019  0.60764856]
[-0.89245116 -1.33680491 -0.46793091 -0.90461911]
[-0.82973689  2.21562548 -1.44023487 -1.09633185]
[-0.84914174  1.65173217 -1.19457689 -0.06871384]
[-0.88479826  1.20066519 -0.01958007  0.0159696 ]
[-0.66345829 -1.3917763   1.03674046 -0.58333384]
[ 1.27868411  0.07799751 -1.00185456  0.80378139]
[-0.62435634  1.67589973  1.4655244  -1.6862798 ]
[ 0.97214743 -0.70732678  1.49760917 -0.40104516]
[ 1.24775521  0.9688229   0.69884149  0.73561309]
[-0.81181006 -1.29171081  0.42131055 -0.16550246]
[ 0.3884747   0.75175813  2.50541654 -0.1432954 ]
[-0.88616961 -0.47438171 -0.80511523  1.35542966]
[-0.8067506   0.21811572  0.76203412  0.84804376]
[-0.81291737 -1.42674473  0.27591627 -1.02773647]
[ 0.97312158  1.85139689 -2.14434782  1.12210011]
[ 0.9028248  -0.96243377  1.41960105 -1.60319586]
[-0.89176471  1.89234944 -0.65634927 -0.9361515 ]
[-0.89568903 -1.15766005 -1.10567656 -0.26632968]
[ 1.22681711 -0.18676479 -1.64163396 -0.13214067]
[ 1.29348308 -0.20086286 -0.7984984   0.10967929]
[-0.82076343 -1.4131898  -0.10199484 -3.73840651]
[-0.80550328 -1.03674623  0.57476694  0.55661832]
[-0.84381291 -1.46321089 -0.05081447 -2.03061898]
[-0.88980591  0.96858869 -0.18716948  0.46056697]
[ 1.30000659  0.02809165 -0.44124494  0.72505156]
[-0.84266564 -0.84230599  0.34956372  0.87525965]
[ 1.22511009  1.68678574  0.82190087 -0.11918372]
[ 1.29946087  0.52342058 -0.03754486  1.06138414]
[-0.85150246  2.63698366  0.09437328 -3.50768004]
[-0.3170777  -1.2815208   1.87790243 -0.36796158]
[-0.82048424  0.53381042 -1.36831613  1.47741918]
[-0.87547036  1.18589473 -0.86671948  0.51544722]
[-0.87070119 -1.27898108 -0.1142102  -0.28172015]
[ 0.51197965  0.00409976  2.41147686  0.43168991]
[ 1.285581   -0.33690269 -0.99468824 -0.65159274]
[ 1.12377059 -0.13495     1.22543476  0.53184911]
[-0.88730684  0.61486941 -0.56689334  1.06128429]
[ 1.22221144 -0.26840335  0.61691905  0.308412  ]
[-0.65519234 -1.10596713  1.23160371  0.30061603]
[ 1.27328897 -0.54022069 -0.40104697 -1.74061737]
[-0.89323034  1.57664132 -0.39930154 -0.4410967 ]
[ 1.25197494 -0.40257302  0.25301831 -0.16438781]
[ 1.2957311   0.6563901  -0.62699428  1.22596015]
[-0.88870365 -0.79652147 -0.24471529  0.98954537]
[-0.64465875 -0.09677207  1.46855284  0.77669325]
[-0.88077748  2.19397515 -0.00781207 -2.13852012]
[-0.86974302  0.98560023  0.23395947  0.21979518]
[-0.89653297 -1.37264765 -0.62692159 -1.6344392 ]
[-0.86546779  1.83298937  0.23212643 -1.38963552]
[-0.86343228  1.35442903  0.28877182 -0.42574482]
[-0.84462711 -0.36887189  0.41841624  1.1459312 ]
[-0.66974073 -1.50516166  0.85262625 -1.49631345]
[ 1.29328709 -0.3347746  -0.52757878 -0.31306455]
[ 0.98191225 -0.15548677  1.71779771  0.50719065]
[-0.8369189   0.64426044  0.55321544  0.52661625]
[-0.8136638   2.15623014  0.59313709 -2.4267868 ]
[ 1.2217086  -0.62747313  0.2524622  -1.32875586]
[-0.88091967  1.65225248  0.02810614 -0.86142066]
[-0.81781047 -0.2559293  -1.52877232  1.52636441]

Populations

0.00412019083502
0.00614887335413
0.0074599308624
0.0200082866761
0.0193502674313
0.00782287088327
0.0130137485186
0.00728739168611
0.00775150187253
0.026910418495
0.0151838718024
0.00803328345572
0.00534507022859
0.013685962475
0.00899881515879
0.00689314579571
0.0103706380485
0.00830166716357
0.00598815353097
0.0125804498802
0.0141939690065
0.00382334420102
0.00607569997764
0.00324849902838
0.00641891102211
0.00617677381273
0.005693479952
0.00475185732177
0.00931120933716
0.00219546500579
0.00199790190092
0.00513770495381
0.0188592889055
0.00868451815059
0.0105036814275
0.00804106298618
0.00961896068109
0.0101318965018
0.01428170048
0.027290026361
0.015476365227
0.013377220678
0.00398406147737
0.00593288948212
0.00974662062418
0.00826852351898
0.0136282500286
0.00404768971698
0.00722679204167
0.0126960344132
0.0067514077134
0.00464587244006
0.0144006902084
0.0113630932599
0.0134534607196
0.00174624773314
0.00332301443875
0.00946854217539
0.00985852062752
0.016191106985
0.0178435648592
0.00325986982364
0.00835592488427
0.00819582112779
0.0100854483214
0.0230043187188
0.0119482444729
0.00825726918296
0.0185893307258
0.000759360035431
0.00538234387531
0.0057998512135
0.00902285200981
0.015815423535
0.00726804605808
0.0211293933287
0.0142209198779
0.0127125327076
0.0163468241997
0.00608950401847
0.00834039241604
0.00841176834158
0.0184433766622
0.0126400146932
0.0168122689917
0.00606643339727
0.00445125328402
0.00736725618003
0.0071052596688
0.00705184056146
0.0104095911255
0.012581742888
0.00794095531413
0.0231028945279
0.0125551276245
0.0102295321556
0.00307048895345
0.00462806891705
0.0108331356661
0.00659486297855

State labels

0
1
2
3
4
5
6
7
8
9
10
11
12
13
14
15
16
17
18
19
20
21
22
23
24
25
26
27
28
29
30
31
32
33
34
35
36
37
38
39
40
41
42
43
44
45
46
47
48
49
50
51
52
53
54
55
56
57
58
59
60
61
62
63
64
65
66
67
68
69
70
71
72
73
74
75
76
77
78
79
80
81
82
83
84
85
86
87
88
89
90
91
92
93
94
95
96
97
98
99

Eigen values

1.0
0.952283071268
0.241038675682
0.205150594338
0.192276606206
0.177688213502
0.170357254803
0.166037117241
0.15588588174
0.14961608199
0.144355147908
0.143276883328
0.138618837818
0.135900075736
0.129958453006
0.122337101819
0.119537834492
0.116071534423
0.113871929376
0.107007979547
0.105265049545

Left eigenvectors

[  4.12019084e-03  -4.36335237e-03   2.78642455e-05  -1.65635049e-04
  -6.85152520e-04   9.74829025e-03  -1.83891484e-03  -1.49604627e-03
  -6.00985659e-03  -1.51054118e-03   8.78345123e-04  -4.70505900e-03
  -7.91419296e-03  -7.42113555e-04   3.67287385e-03   2.32118669e-03
  -5.22778669e-03   1.07656028e-02  -3.00634502e-03  -7.37596936e-03
   3.46177924e-03]
[ 0.00614887  0.00623306  0.00268683  0.00411859 -0.03497615  0.00588128
  0.00369852  0.00841678  0.02130917 -0.00594276 -0.0012188  -0.01124173
  0.01046728  0.01231888  0.01646094  0.00208842 -0.00039867  0.00157724
 -0.00690503 -0.00161995 -0.01123234]
[ 0.00745993 -0.00762435  0.01817959 -0.00154449  0.00379909  0.01193158
 -0.00735113 -0.00782049  0.00556799 -0.01076099 -0.00608762  0.00821804
  0.00651196 -0.00186546 -0.00031318  0.01425441 -0.01107191 -0.00467157
 -0.00582915 -0.01005559  0.01109644]
[ 0.02000829 -0.01998249 -0.02067532 -0.00266955 -0.00722129  0.01819269
 -0.01045666 -0.00405965 -0.00115815 -0.01060415 -0.0005197   0.02203929
 -0.01089395  0.02284179  0.01276045  0.03615937 -0.01815564 -0.0005958
  0.00098017  0.01369816  0.0251295 ]
[ 0.01935027  0.02015364 -0.00115136 -0.00989058  0.00896897 -0.00334568
 -0.00256446 -0.01369605 -0.00071956  0.01075516  0.00472748  0.00996232
 -0.01718461 -0.0235984   0.00407777 -0.00193274 -0.00282008 -0.00601492
  0.00027048  0.01080986  0.00399559]
[ 0.00782287  0.00666702 -0.00256164 -0.01247967  0.02561601  0.00675518
 -0.00087525 -0.02717465  0.01016555  0.0068948   0.00749329 -0.0027033
  0.01872891  0.01855941  0.02560626 -0.00383334 -0.00293365 -0.00419097
  0.01377704 -0.01083205 -0.01127565]
[ 0.01301375 -0.01363585  0.00835652 -0.00059338 -0.00397072 -0.00980852
 -0.0275321   0.00228193  0.00517529  0.03143309 -0.00876914  0.0103049
 -0.00496075  0.01731468 -0.01041193 -0.00761065 -0.00312128  0.01826982
 -0.00961283  0.02608649 -0.00706289]
[ 0.00728739 -0.00727986  0.0034858  -0.00111664 -0.00155716 -0.0208898
 -0.01488509  0.00101015  0.00052222  0.01780844  0.00066899 -0.00033873
  0.00505349  0.00190104  0.00014714 -0.01383478  0.00627986  0.01498092
 -0.01221951  0.00406696 -0.00412308]
[ 0.0077515  -0.00742996 -0.00979683 -0.00035911  0.00503927  0.01691251
  0.00695024 -0.00185293  0.00810281  0.01773387 -0.01568725 -0.003004
  0.01529804 -0.00516819 -0.00854816  0.00137166  0.00475011 -0.00084279
 -0.00264043  0.0112545  -0.00181175]
[ 0.02691042  0.02837263  0.00578548 -0.05595584 -0.01313688 -0.00269922
  0.00455796 -0.01122751  0.02966181 -0.01277105 -0.00140952 -0.02667467
 -0.01634263  0.01979133 -0.04508831  0.00905957  0.00490557  0.01988554
  0.01285187  0.00283101  0.01428984]
[ 0.01518387  0.01582087 -0.00023191 -0.01832062  0.0124397   0.00034949
 -0.00066895 -0.02407649 -0.01441035  0.0098328   0.004788    0.00873875
  0.00674168  0.00224675  0.00550431 -0.00521775 -0.02085018 -0.00533845
  0.01313003 -0.0063515  -0.02408716]
[  8.03328346e-03   7.94966096e-03   9.55112382e-05   2.25455801e-02
  -9.73690171e-03  -1.29087609e-03   4.93569834e-03  -8.15233050e-03
  -1.65632598e-02  -7.77221770e-03  -1.23155676e-03  -2.36224465e-03
   2.44248872e-02   2.45445526e-02  -6.51976653e-03  -1.82994856e-02
  -1.12624012e-02   3.72669442e-03   3.33472512e-03   6.33246850e-04
   9.84009113e-03]
[ 0.00534507  0.00551097  0.00141905 -0.02973006 -0.00914461  0.00239598
  0.00171287  0.01995289 -0.01135092 -0.0016528  -0.00432267  0.002024
  0.00343939 -0.00664686 -0.00192681 -0.01178867 -0.01302867 -0.01054243
 -0.00072341  0.00461654  0.00805831]
[ 0.01368596 -0.01341618 -0.00238313  0.00079186  0.00048475  0.01486283
 -0.00013014 -0.00188869 -0.01292835  0.00324796  0.0290601  -0.02126706
  0.01730817 -0.01452219  0.00336092  0.01822114 -0.00146243  0.01224173
 -0.00113837  0.01887741  0.00141764]
[ 0.00899882 -0.0095163   0.01698468 -0.00061899  0.00183219  0.00560442
 -0.00342283 -0.00538137 -0.00615064 -0.00126649  0.01176506 -0.00501441
 -0.0031228   0.00281348  0.00705274 -0.00083531 -0.00041723 -0.00454032
 -0.02609941 -0.00116212  0.01444501]
[ 0.00689315 -0.00703542  0.00302831  0.00129894 -0.00016321  0.00476434
  0.00097566  0.00208271 -0.00097355  0.00365646  0.00889694 -0.00303026
 -0.00622446  0.00582148 -0.00313151  0.00024923 -0.00376974 -0.00131416
  0.00431352  0.00550615 -0.00469752]
[ 0.01037064  0.00996842 -0.00225369  0.00025976  0.02221609  0.0028177
 -0.00403703  0.02673302  0.02284222 -0.00165084  0.00329958 -0.01074307
 -0.0075502   0.0010643   0.00492356 -0.00438968 -0.01670178  0.00350539
 -0.00226164  0.0104115   0.00644415]
[ 0.00830167 -0.00838743 -0.00699674 -0.00101384  0.0017322  -0.00262963
  0.01168521 -0.00515581 -0.00010577 -0.02152301 -0.00430603  0.00055234
  0.00198057 -0.0056136   0.00095774 -0.01980249  0.01061802 -0.0011563
 -0.01139196  0.01941595 -0.01265486]
[ 0.00598815 -0.00087841 -0.01230912  0.00241767  0.00654871 -0.00392172
  0.01119484  0.00025595  0.00136257 -0.01040626  0.01005204 -0.00320558
  0.00125528 -0.01016884 -0.00422741 -0.00863741  0.00207031  0.00685886
 -0.00475613  0.00012024 -0.00313205]
[ 0.01258045  0.01239367 -0.00300266  0.02333937  0.01390854  0.00122849
 -0.00255038  0.01245826 -0.00505919 -0.0014621  -0.00193562  0.00431866
  0.00122456 -0.0017135   0.00230429 -0.00749154 -0.00306895  0.00117642
  0.00400239 -0.00632782  0.00249456]
[ 0.01419397 -0.01449541  0.01064231 -0.00050287 -0.0028466  -0.003546
 -0.01521967  0.00159865  0.00865997 -0.01545554  0.01008996  0.01854649
  0.01397407 -0.00691335 -0.00913583  0.00221421  0.01578978 -0.0216606
  0.02146623 -0.00247671 -0.0026921 ]
[ 0.00382334 -0.00375539  0.00627847  0.00149544  0.00089763 -0.00068917
  0.0030721  -0.00121985 -0.00271242 -0.01183295  0.02074785  0.00466426
  0.00299643 -0.00103217  0.00076964  0.00684325  0.00061131 -0.00675645
 -0.00644607  0.00966107  0.00597315]
[ 0.0060757  -0.00546096  0.00983798  0.00052346  0.00145342 -0.02243642
  0.01003444  0.00168295  0.00167059  0.00477335 -0.01010028 -0.01548175
  0.00539711 -0.00319044 -0.00376721  0.01320636  0.00279138 -0.02305835
  0.01352645 -0.00635554  0.00385023]
[ 0.0032485  -0.00325178 -0.00334633  0.00034899 -0.00127401 -0.00396228
 -0.00207914 -0.00073576 -0.00729343 -0.00736505 -0.011447   -0.00524953
 -0.01047844  0.00077465  0.01026215  0.00034422 -0.00280258  0.01029642
  0.00810712 -0.00079168  0.00050211]
[ 0.00641891 -0.006693    0.01202278  0.00047764 -0.00044167 -0.00458696
 -0.00270491  0.00080159  0.00317326 -0.00359582 -0.0043947   0.0046836
 -0.0008918   0.00386978  0.00417345  0.00185512 -0.00372087 -0.00102335
  0.00211242  0.0051832   0.00238367]
[ 0.00617677  0.00655536  0.0008128  -0.00860841  0.01035984 -0.00036946
 -0.00330402  0.00489481  0.00210889 -0.00297589 -0.00103868 -0.00100555
 -0.0026767   0.00544844 -0.00273254  0.01586779  0.02290729  0.00734388
 -0.00428763 -0.00934582 -0.00491643]
[ 0.00569348  0.00583827  0.00039954 -0.00799865  0.00546964 -0.00072219
 -0.00276149  0.01328716 -0.00344336  0.00201426  0.00103373  0.00416803
 -0.00106986 -0.00396493  0.01099788  0.0096365   0.002459   -0.00374546
 -0.01156137  0.0028127  -0.01222574]
[  4.75185732e-03  -4.90584030e-03   5.98465010e-03  -5.74186587e-04
   9.73173114e-04  -1.23971561e-02   6.50739544e-03   4.34036195e-04
  -4.77952963e-04   2.08125661e-03  -2.64999474e-03  -9.29533543e-04
  -9.10837377e-06   2.41913033e-03   6.25044698e-03   3.01822645e-03
   1.62557829e-06   1.23989120e-03  -3.60914208e-03  -4.09176308e-03
   7.36441940e-03]
[  9.31120934e-03   8.11996250e-03   1.83068493e-03   2.50896656e-02
   4.20060108e-03  -1.08383666e-03  -1.00089832e-03   4.85388571e-03
  -1.31761687e-02  -1.05168192e-02  -6.02186719e-03  -6.76713712e-03
   3.07897256e-03   1.35002275e-02  -2.03267753e-02   8.12350523e-03
  -8.55396562e-03  -9.18165891e-03  -2.24096922e-03   1.70180091e-05
  -1.31306353e-02]
[ 0.00219547  0.0023242   0.00071907  0.00502717 -0.01275533  0.00042464
  0.00243814 -0.00326215  0.00613224  0.00012562  0.0001937  -0.0023612
 -0.00053906 -0.00094721  0.00322289  0.00262294  0.00508608  0.00240843
 -0.00525484  0.00114845 -0.00264487]
[ 0.0019979   0.00212704  0.00136163 -0.01597496 -0.00926096  0.00127272
  0.00128429  0.0100275  -0.0115791   0.00015865 -0.00298487  0.00288428
  0.00465996 -0.0032291   0.00015288 -0.0022561  -0.0092548  -0.00565284
 -0.00367622  0.00123144 -0.00719594]
[ 0.0051377  -0.00471158 -0.00918341 -0.00451841  0.00110062  0.00438184
  0.0119486  -0.00068856 -0.00533682 -0.00680759  0.00045314 -0.00358378
 -0.00881094  0.00522309  0.0049589  -0.00984256  0.00372552 -0.00495262
 -0.00650419 -0.00388419 -0.00225236]
[ 0.01885929  0.01856946 -0.00297214  0.02004839  0.03177139 -0.00482308
 -0.01119626  0.00542668  0.00525973 -0.00342549 -0.0047843  -0.0034297
 -0.01111805 -0.00152012 -0.00839147 -0.00871055 -0.02179845 -0.00595826
  0.00446674  0.0092402   0.00207012]
[ 0.00868452  0.00857472  0.00169532 -0.00061102 -0.01575161  0.00211671
  0.00312606  0.00625088  0.01412095 -0.00167549  0.00264433 -0.00329265
 -0.00165916 -0.0010079   0.00886512  0.01281347  0.02351548  0.01182331
 -0.00215518 -0.00993331 -0.00217103]
[ 0.01050368  0.0107743  -0.00122391  0.00659143  0.01304038  0.00023069
 -0.0040228   0.01155707  0.00122032  0.00025093 -0.00014598  0.00044488
 -0.00317271 -0.00222735  0.00730736  0.00356896  0.00130208  0.00145798
 -0.00744653  0.0048276  -0.00768683]
[ 0.00804106  0.00594339  0.00019827  0.0114068  -0.00519705  0.00280121
  0.00129355  0.00219329 -0.04284258  0.01143176 -0.00348734  0.01486257
  0.01490324 -0.00491684  0.0146166   0.00732844  0.01279018  0.01209275
  0.00472367 -0.00732234 -0.00326503]
[ 0.00961896 -0.00986814  0.01101332 -0.00046875  0.0037652   0.01513019
  0.00140954 -0.00592557 -0.00283442  0.00136078 -0.01208646 -0.00286521
 -0.00651547  0.0009397   0.00303042 -0.00178913 -0.00608269 -0.00087071
 -0.00831381 -0.015912    0.00165735]
[  1.01318965e-02   1.05942924e-02   4.13680984e-05   4.67596401e-03
   6.37227966e-03   2.04132493e-03  -2.68674296e-03   1.09446201e-02
   7.48508178e-03  -8.55771266e-03  -2.82700162e-03  -7.21778559e-03
   1.56438582e-02   2.39165831e-02   9.79742365e-03  -1.25994684e-02
  -1.45632831e-02  -5.57595929e-03  -2.47042971e-03   1.07156509e-03
  -3.43893948e-04]
[  1.42817005e-02   1.49044456e-02   1.56816776e-04   2.20489422e-03
  -9.20359901e-03   3.00867972e-05   4.04457237e-03  -1.99178053e-02
   4.52037015e-03   1.62953658e-03   2.63290603e-03   2.42738336e-03
   4.61385440e-03   3.43682344e-05   4.29643143e-03  -1.22098526e-02
   7.17453554e-03   2.10648444e-03   9.21385273e-03  -7.80652127e-03
   1.78763097e-02]
[  2.72900264e-02   2.74339994e-02  -9.92796730e-04   5.64934735e-03
   2.15888764e-02  -4.92782115e-03  -9.83020178e-03   3.98439934e-02
  -6.48269676e-03  -3.89050003e-03  -4.77139658e-03  -7.86345910e-05
  -1.66290764e-02  -2.09845351e-02  -2.42803651e-02   1.48520573e-03
   1.50712397e-02  -2.84009387e-03  -1.46656831e-03   9.03258245e-03
   4.08569773e-02]
[ 0.01547637 -0.01583904 -0.0217663  -0.00127167 -0.00452577 -0.00861572
  0.00667886  0.00308903 -0.00283162 -0.02178706 -0.01777184  0.01565961
 -0.00898027  0.00440896  0.01861563  0.01262217  0.0007168   0.01894381
  0.03374051  0.02976946  0.00013349]
[ 0.01337722 -0.01386942 -0.00999047 -0.00283347 -0.00341666  0.0080056
  0.0104077  -0.0011333  -0.01050998 -0.00282462  0.00784954  0.00276577
 -0.03794836  0.02465544  0.00776538 -0.02119626  0.01214117 -0.01690208
 -0.01426479 -0.01078762 -0.00206384]
[  3.98406148e-03  -4.10214230e-03   4.43526875e-03   6.03282066e-04
   1.31773917e-03  -4.54144784e-03   6.94605768e-03   2.76793360e-03
  -2.14943872e-05   1.05929614e-02   7.73475198e-03  -9.82281138e-03
   2.13981956e-03  -8.45408053e-04  -3.61761249e-03   1.90310641e-03
  -4.95540330e-04  -4.96382080e-03   1.61608442e-03   7.52307950e-04
  -2.08207318e-03]
[ 0.00593289 -0.00626493  0.00956468 -0.00077527 -0.00109484  0.00048342
 -0.01596707 -0.00366216  0.0047616  -0.00664419  0.0056514   0.00798235
  0.00722831 -0.00297573 -0.00652459  0.00014451 -0.00056667 -0.00918387
 -0.00466953 -0.00525995 -0.00085435]
[ 0.00974662 -0.01032437  0.01106708 -0.00123384 -0.0015116  -0.00781148
 -0.01758714 -0.0029471   0.0046802   0.0057676  -0.01005104  0.00844602
 -0.00049332  0.00324844 -0.00460934 -0.01533718  0.00254388  0.00525898
 -0.01123541  0.00346064 -0.01003396]
[ 0.00826852 -0.00794152 -0.0148754  -0.00048787 -0.00339078 -0.00168456
 -0.00654267  0.00340194 -0.00562807  0.00701895  0.02029208 -0.01441569
  0.00422093 -0.00822053 -0.00558953  0.00338292 -0.00419152  0.01143847
  0.00115777 -0.00332634  0.00220494]
[  1.36282500e-02   1.42301585e-02  -3.04420407e-06  -1.25539998e-02
   4.59392866e-03   1.59829338e-03   3.82864505e-04   5.97116960e-04
   5.81661127e-03  -2.25027472e-03   1.26743625e-03  -2.54717540e-03
   1.39710601e-02   1.25052794e-02   1.59076176e-02  -1.30837841e-02
   4.61851262e-03  -9.71556028e-05  -3.60684962e-05   3.46844084e-03
   1.84762837e-02]
[ 0.00404769 -0.0037352   0.00229617  0.00053915  0.00275835 -0.00027852
  0.01142    -0.0008461  -0.00048488 -0.00110011  0.00834987 -0.00111046
  0.00474928 -0.00213849  0.00061017 -0.00540626  0.00510418 -0.00052643
 -0.01347304  0.00778134  0.00289076]
[  7.22679204e-03   6.35823020e-03  -3.54851336e-03   4.11884802e-03
   1.30142704e-02   6.84033009e-05   4.20439818e-04  -4.73063775e-03
   1.89794075e-03   6.85837804e-04   5.20024491e-03  -6.43297241e-04
   6.30782572e-03   4.14300515e-03   7.00635820e-03  -2.08325761e-04
  -1.10982818e-03  -1.03977012e-03  -6.26835741e-04   5.02385106e-03
  -4.01795047e-03]
[ 0.01269603  0.01295994  0.00295585 -0.00343498 -0.02500963  0.00159725
  0.00468006 -0.00957534  0.00816895  0.00132944  0.00120224 -0.00416995
 -0.00088396 -0.00274748 -0.0014558   0.00013003  0.01121755  0.01103955
  0.01042952 -0.00249504  0.01400544]
[ 0.00675141 -0.00666267 -0.00726993  0.00027227  0.00247101  0.00244787
  0.00560568 -0.00400379 -0.00270456 -0.01182065 -0.00302488 -0.00995164
 -0.00309319 -0.01038983  0.00120013 -0.00507411 -0.00763148  0.0128573
 -0.00707906  0.00300979 -0.00775757]
[ 0.00464587  0.00180879  0.00059003  0.00783083 -0.00903213  0.00708421
 -0.00294079  0.02440705  0.01021001  0.00024165  0.00214566 -0.00263204
  0.00519026 -0.00308336  0.00662231 -0.00369202 -0.00137212  0.00349741
  0.01293796 -0.00450851  0.00149138]
[ 0.01440069 -0.01485348  0.00197588 -0.00088064  0.00602876 -0.00288408
  0.0257204  -0.00323055 -0.00178876  0.00644147 -0.01834145 -0.01790288
  0.01714933 -0.00967811  0.00207044  0.01684813  0.01126558 -0.01675759
  0.00710988  0.03453191  0.00096848]
[ 0.01136309 -0.01145897  0.0054934   0.00267838  0.00351974  0.00660338
  0.02195632  0.01120302  0.00187914  0.01490663  0.01996948 -0.01279417
 -0.00169335 -0.0055438  -0.00772484  0.00911304 -0.02589533  0.02898252
  0.00859499 -0.00017763 -0.00548794]
[ 0.01345346 -0.01325437 -0.01954465 -0.00134304 -0.0015416   0.0163773
 -0.00356603 -0.0003445   0.0029732   0.00407184  0.00847187 -0.00572395
  0.02315766 -0.01619094 -0.00943883 -0.0012088   0.00986161 -0.00142612
 -0.00083027 -0.01795013  0.00153066]
[ 0.00174625  0.00183153  0.0008145   0.00701815 -0.00623703  0.00039978
  0.00016057  0.00420527  0.00069774 -0.00345361 -0.00304963 -0.00252544
  0.00190497  0.00364454 -0.00106752  0.00180452 -0.00244669 -0.00476681
 -0.00485897  0.00018798 -0.00519516]
[ 0.00332301  0.00255444 -0.00298885  0.00525564  0.00566034  0.00044723
 -0.00089417  0.00716361  0.00241186 -0.00203616 -0.00010735  0.00337161
  0.00333477 -0.00413979  0.00220414 -0.00792396 -0.00112908  0.00140784
  0.00420994 -0.00461576  0.00693089]
[ 0.00946854 -0.0097622   0.02239997  0.00121673  0.00437504 -0.02010781
  0.02141491  0.00490637  0.00862421 -0.00052821  0.00057896  0.01950869
  0.00632249 -0.00154402  0.00096766 -0.00180603  0.00389699  0.00036243
  0.00702423 -0.00068229  0.00040769]
[ 0.00985852 -0.01000528 -0.02849047 -0.00294254 -0.00456748 -0.03072952
 -0.01713827 -0.00444524  0.00224715 -0.01116553 -0.01942269 -0.00988917
  0.00159732 -0.00383037  0.00750584  0.00874995 -0.01208398 -0.00571578
  0.00388106 -0.011603    0.00144269]
[ 0.01619111  0.01658838 -0.00036988  0.01590583 -0.0113477   0.00134992
 -0.00069329 -0.01478221  0.02771408  0.00716548  0.00633854 -0.00244175
 -0.01811416 -0.01300014  0.01762168  0.00340847 -0.0180133  -0.01468026
 -0.01027737  0.00867527 -0.02000375]
[ 0.01784356  0.01755768 -0.00290657  0.01098522  0.00127916  0.00117154
  0.00029624 -0.01809028  0.01541381  0.01562141  0.0009544   0.00947768
 -0.02288627 -0.02675583  0.0159374  -0.00115798  0.0112019  -0.00223316
 -0.00471229  0.00717303  0.0058538 ]
[  3.25986982e-03  -3.25227073e-03  -1.52521761e-02  -1.21681881e-03
  -2.00517633e-03  -1.72124806e-02  -1.21859967e-03  -4.55216015e-04
   1.07017164e-03  -5.08938333e-03   5.00569639e-03  -3.05706584e-03
   1.38552308e-03  -2.40939114e-03   4.30313109e-04   2.48842206e-03
  -2.09975475e-03  -7.83264421e-03  -5.34682918e-04  -9.14806563e-03
   2.73026905e-06]
[ 0.00835592 -0.00816163 -0.00804596  0.00211278 -0.00333899  0.01818727
  0.00463013  0.00724278  0.00468576  0.01354373  0.00259982  0.01413718
 -0.01310284  0.018178   -0.01073479  0.00628056 -0.00849355 -0.0083304
  0.0061559  -0.00672581  0.00320179]
[ 0.00819582 -0.00819675 -0.01164123  0.00039389 -0.00374422  0.00997676
 -0.01307127  0.00140413  0.00587984  0.01931545 -0.01361003  0.00850903
  0.00109325  0.01175812 -0.00687929 -0.00105518  0.01023653 -0.01336499
 -0.00437282  0.00742986  0.00916554]
[ 0.01008545 -0.01039838  0.01849227 -0.00051626  0.00378463  0.0085775
 -0.00606958 -0.00595106  0.00842973 -0.01384908 -0.01471015  0.01022422
  0.00775256 -0.01442737 -0.00559822  0.00023691 -0.0118775   0.00927754
 -0.00576139 -0.02091091  0.00085922]
[ 0.02300432  0.02360614  0.00352366 -0.01598955 -0.00782407 -0.00079344
 -0.00307736 -0.02325411  0.00156817  0.01422969  0.00123271  0.01359492
 -0.01836814 -0.02546334  0.00509784  0.01234084 -0.00682201 -0.00632098
  0.00097086 -0.00837314 -0.03128527]
[ 0.01194824 -0.0123168  -0.01163162 -0.00269441 -0.000858   -0.00655282
 -0.00423296 -0.00591074  0.00062855 -0.00305291 -0.01260487 -0.00376602
  0.00366394 -0.00324136  0.00298339 -0.00351451 -0.00259431 -0.00367316
 -0.02112737 -0.01189483  0.00442264]
[ 0.00825727  0.00828512  0.0021507  -0.00127693 -0.02073248 -0.00187569
  0.00309623 -0.01853932 -0.01408971  0.00696289  0.00467825  0.00584074
  0.0070871  -0.00192241 -0.00300571 -0.00346434 -0.01376483 -0.00104282
  0.00990312 -0.00455257 -0.00824271]
[ 0.01858933  0.01899432  0.00175647 -0.01080262  0.0173923  -0.00096507
 -0.00191219 -0.00234827 -0.00574583 -0.01698356 -0.00361488 -0.01004322
  0.0119861   0.04397099 -0.02708544  0.01648653  0.01372789  0.02040227
 -0.00366838 -0.0138969  -0.01802406]
[  7.59360035e-04  -7.80812627e-04   1.75334885e-03   2.35194881e-04
   1.68853522e-03   1.09592549e-03   5.24808398e-03  -2.01883251e-05
   1.07926633e-03   4.47664262e-03  -5.53426594e-03  -3.09250229e-03
   2.59183850e-03  -1.93076112e-03  -9.13045286e-04   2.78529911e-03
  -1.21123350e-03  -1.96473659e-03   4.28605268e-04  -3.28628651e-03
   1.50781439e-03]
[  5.38234388e-03  -3.33250339e-03   1.58573406e-03   1.43017834e-03
  -1.70267417e-03  -7.40930040e-03   1.83931169e-04  -1.75723673e-03
  -3.98785258e-03   5.01374371e-03   1.55859179e-02   8.58507231e-05
   2.49539530e-03   5.74935453e-03   4.28503060e-03   1.27325797e-02
  -9.31658119e-03  -8.09049631e-03  -2.10862196e-03   3.73420293e-03
   5.11747007e-04]
[ 0.00579985 -0.0059293   0.00387078  0.00083577  0.00130553  0.00561123
  0.00436874 -0.00124108 -0.00045699 -0.01446836 -0.01167421  0.00414434
 -0.00679203 -0.00315942  0.00209514  0.00435958 -0.01066847  0.01626699
  0.01070818  0.00475501 -0.00589825]
[ 0.00902285 -0.00947112  0.00805819 -0.00103105 -0.00100316 -0.0063462
 -0.00663342 -0.00038488 -0.00326494  0.00094712  0.00014093  0.00095263
  0.00322499 -0.00346459  0.00372999 -0.01367853  0.0122235   0.00793457
 -0.00264981  0.00548226 -0.00678191]
[ 0.01581542 -0.01598783 -0.02417758  0.00062891 -0.00403944  0.02786884
  0.00080279  0.00388892  0.00328353  0.01446581 -0.00283421  0.01094574
  0.00493846  0.00530929 -0.01539353  0.0023831   0.01263461 -0.01383572
  0.01518483  0.01104184 -0.00666049]
[ 0.00726805  0.0033685  -0.00361823  0.0016008   0.00856383 -0.00261394
  0.00034591  0.00154015 -0.00674371  0.00200298  0.00269639  0.00062937
  0.01561314  0.00402555  0.01430692 -0.0039616   0.01125702  0.00641207
 -0.00297943  0.0047884   0.00902461]
[ 0.02112939  0.02203841  0.00011507 -0.00941342 -0.00842732 -0.00510971
  0.0068771  -0.02849128 -0.0070806  -0.00040537  0.00146898 -0.00055684
 -0.01210867 -0.00905568 -0.03798577 -0.01237469  0.00478532  0.01294294
  0.01628171  0.00611341  0.03402266]
[ 0.01422092  0.0144035   0.00144596 -0.01331151  0.00352475  0.00048812
 -0.00155812  0.01456894 -0.0082131  -0.00475225 -0.0025516   0.00545646
  0.01049848  0.00314688  0.00822344 -0.0012646   0.02332495  0.0007399
  0.00214428 -0.01128244  0.01855331]
[  1.27125327e-02  -1.28077554e-02   1.49930465e-02  -1.34031080e-03
   2.99585793e-04  -6.69378909e-03   1.95656408e-02  -1.54130458e-05
  -7.88616909e-05  -1.86807681e-02   6.19839271e-03   6.62207316e-03
  -7.03472336e-03   4.01069438e-03   5.81437858e-03   7.57524414e-03
   8.48655786e-03  -1.67592424e-02   7.56368036e-03   2.87796953e-03
   3.40004279e-03]
[  1.63468242e-02   1.64240143e-02   6.53250393e-04   9.90360297e-03
   4.72542544e-03  -2.76963449e-03  -1.08054497e-03   1.96997890e-03
  -1.12271454e-02  -3.43737465e-03  -3.65129630e-03   2.71608102e-05
  -8.40272102e-03  -2.51953228e-03  -1.50071062e-02   3.05135377e-02
   1.71506303e-02  -1.39389274e-03  -1.22356593e-02  -6.93422088e-03
  -2.50083804e-02]
[ 0.0060895  -0.00552606 -0.01020446  0.00101514  0.00466328  0.00675476
  0.00470284 -0.00333629  0.00724825  0.00385991 -0.01882692 -0.00257384
  0.01189827 -0.00733637 -0.00598439 -0.00376346  0.0031722  -0.00825378
  0.00120708  0.00082112 -0.0068369 ]
[  8.34039242e-03   8.51874018e-03  -4.19818404e-04  -1.54910574e-02
   4.32822726e-03   2.71862822e-03  -1.02956083e-03  -3.33267250e-03
   1.13917584e-02   6.19357747e-03   3.65698050e-03   3.05393824e-05
  -1.26147804e-03  -2.22730730e-03   1.90811961e-02  -4.94945236e-03
  -9.05956004e-03  -5.53348099e-03   2.52948304e-03   7.88681656e-03
   3.78237588e-03]
[ 0.00841177 -0.00869713  0.01148782  0.00124576 -0.00048242 -0.01849619
  0.01262241  0.01173512  0.00837976  0.01093423  0.0116749   0.01532235
 -0.00198361  0.00554723 -0.00310554 -0.0010827  -0.00862568  0.01410045
  0.01479301 -0.01683989 -0.00269954]
[ 0.01844338  0.01888198  0.00241898  0.00833721 -0.02420514 -0.00530186
  0.00842836 -0.01298403 -0.00420994 -0.00318115 -0.00259024 -0.00596087
  0.00448763  0.0026032  -0.01680342 -0.01372059 -0.00246486 -0.00041641
 -0.00722663  0.01665552  0.02332574]
[ 0.01264001  0.01275482  0.00049517  0.01815785  0.00228542  0.00144688
 -0.00272545  0.01725734 -0.00128109  0.0039151  -0.00233682  0.01417994
 -0.00077818 -0.01217506  0.01808558 -0.00523742 -0.00175421 -0.01158522
  0.00170388 -0.00848315  0.00021135]
[ 0.01681227 -0.01744434 -0.01752233 -0.00134448 -0.00241861  0.00338036
  0.02186601  0.00378327 -0.00337642 -0.00609111  0.00930086  0.00941983
 -0.02547258  0.01347816 -0.00203668 -0.01706884  0.01492092 -0.01750166
  0.00885956 -0.01929359 -0.01010114]
[ 0.00606643 -0.00578283  0.00383496  0.00017726 -0.00219976 -0.00085972
 -0.00283228  0.00034588 -0.00385817  0.00194625 -0.00113499  0.01969461
 -0.00449718  0.01196428  0.00502004  0.00642705  0.00517567  0.00407699
  0.00549478  0.01037452  0.00357699]
[ 0.00445125 -0.00460094  0.00621622  0.00044329  0.00073459  0.01341881
 -0.00842616 -0.00225858 -0.0088448  -0.00552192  0.00337056 -0.01713561
 -0.00560322 -0.00232636  0.00588153 -0.00350584  0.00714652 -0.00505799
  0.00797179  0.00421376  0.00025183]
[ 0.00736726 -0.0075322   0.01451016  0.00178379 -0.00040003  0.00056516
 -0.00708719  0.00472105 -0.00163284  0.00327549  0.01002478 -0.00973141
 -0.0105478   0.00315307 -0.00520702 -0.0126639   0.00294043 -0.00741458
  0.01605198  0.00326388 -0.01703232]
[ 0.00710526 -0.00699082 -0.01445652  0.00022906 -0.00376617 -0.00205775
 -0.01425162 -0.00056923  0.00216171  0.00016245  0.01525738  0.00440274
  0.00197626 -0.00067384 -0.00415583  0.00787378 -0.00806142 -0.00392291
 -0.01301242 -0.01846216  0.01621587]
[ 0.00705184 -0.00723794  0.01610072  0.00211838 -0.00256672  0.00701262
 -0.03009588  0.00050621 -0.00962254 -0.00533191  0.00246561 -0.02830591
 -0.0067414  -0.00564224  0.00373121 -0.00881784  0.00992547 -0.00912196
  0.02266647 -0.00503051 -0.00330629]
[ 0.01040959 -0.01053642  0.00170872  0.00080904  0.00395248  0.00222877
  0.01198502  0.00393155  0.01282331 -0.01207928  0.004233    0.01618747
  0.00705968 -0.01382441 -0.01332966 -0.02562909  0.00333557  0.00959216
 -0.0001774  -0.01748776 -0.01658821]
[ 0.01258174 -0.01202071  0.00238367  0.00233609  0.0033699   0.00965308
  0.0205157   0.00513625 -0.01041123  0.02897698 -0.01383635 -0.01823894
 -0.01217563  0.00252591  0.00808009 -0.00438153 -0.00201632  0.00948107
 -0.01112324 -0.02782248  0.00962121]
[ 0.00794096 -0.00759656 -0.01749488 -0.00041174 -0.00361509 -0.00834573
 -0.00896189  0.00367239  0.00342561  0.00573952  0.01225213  0.00206369
  0.00799361 -0.00156748 -0.00448746  0.00545088 -0.0051153   0.00724127
  0.00735216  0.00678103 -0.0058778 ]
[ 0.02310289  0.02415042  0.00225109  0.02051637 -0.01419662 -0.00071867
 -0.00174977  0.00412132 -0.01948936  0.00804963 -0.00641204  0.01488078
 -0.00928669 -0.02417941  0.00282901  0.01127787  0.0086342  -0.00461088
 -0.00421951 -0.00462156 -0.00836487]
[ 0.01255513  0.01227296 -0.0008672   0.02146044 -0.00104049 -0.00140804
  0.00299895 -0.00842411 -0.00630991 -0.00176439 -0.00352301 -0.00089063
 -0.01314387 -0.0002997  -0.02170608 -0.00133305 -0.01809867 -0.01250815
 -0.00893389  0.00796648 -0.0049134 ]
[ 0.01022953 -0.01051864  0.01029064 -0.00146619  0.00149048  0.01729797
 -0.00977697 -0.00690046  0.00701942 -0.01654171 -0.0078182   0.00825204
  0.01429428 -0.01687113 -0.00572169  0.00436972 -0.00468393  0.00906059
 -0.00834368  0.00295949 -0.00106589]
[ 0.00307049 -0.00329025  0.00264558 -0.00031751 -0.00066154 -0.00702334
 -0.00296774  0.00138604  0.00128252  0.00786621  0.00012963 -0.00124769
 -0.00047556  0.00242892 -0.00258088 -0.00687544  0.00461057  0.00048907
 -0.0008786   0.0010357  -0.00375943]
[  4.62806892e-03   4.77942620e-03  -1.97407177e-05  -1.18187691e-02
   7.47155857e-03  -1.40116303e-03  -7.19095496e-04   7.56651908e-03
  -3.62493461e-03  -5.23728767e-03   1.81865036e-04  -2.74652389e-03
   1.82727787e-03   8.22960059e-03  -6.13347862e-03   9.42801743e-03
   3.49754656e-03   4.88978192e-03  -9.75561569e-03   2.53247741e-04
  -1.44926174e-02]
[ 0.01083314 -0.01114009  0.01812811  0.00053216  0.00300807 -0.01600086
  0.00230541 -0.00380216 -0.00596157  0.0050582  -0.01593616 -0.01544188
 -0.00782206  0.00647191  0.01225732  0.00457219 -0.00876434  0.00440865
 -0.01753969  0.00510159  0.01260279]
[ 0.00659486 -0.00688145 -0.00932096 -0.00112265 -0.0029593  -0.01305269
 -0.01157691 -0.00200874 -0.00182546 -0.00246726 -0.00038979 -0.0057433
  0.00061169 -0.00472637  0.00118659 -0.0028233  -0.00010854  0.00445099
 -0.00422037 -0.00182656 -0.0007658 ]

Right eigenvectors

[ 1.         -1.05901706  0.00676285 -0.04020082 -0.16629145  2.36598028
 -0.44631788 -0.36310121 -1.45863549 -0.36661923  0.21318069 -1.14195172
 -1.92083165 -0.18011631  0.89143295  0.56336873 -1.26882149  2.61288936
 -0.7296616  -1.7902009   0.84019876]
[ 1.          1.01369064  0.43696313  0.66981188 -5.68822147  0.95648148
  0.60149607  1.36883271  3.46553982 -0.9664788  -0.19821575 -1.82825901
  1.70230807  2.00343659  2.67706668  0.33964304 -0.06483558  0.25650902
 -1.12297421 -0.26345417 -1.82673119]
[ 1.         -1.02203973  2.43696507 -0.2070376   0.50926582  1.59942172
 -0.98541544 -1.04833266  0.74638573 -1.44250561 -0.8160418   1.10162357
  0.87292526 -0.25006422 -0.04198104  1.91079633 -1.484184   -0.62622102
 -0.78139501 -1.34794669  1.48747197]
[ 1.         -0.99871074 -1.03333795 -0.13342213 -0.36091508  0.90925772
 -0.52261639 -0.20289832 -0.05788349 -0.52998785 -0.02597448  1.10150817
 -0.54447193  1.14161654  0.63775822  1.8072196  -0.90740621 -0.02977786
  0.0489884   0.68462458  1.25595479]
[ 1.          1.04151715 -0.05950092 -0.51113387  0.46350641 -0.17290104
 -0.13252862 -0.70779619 -0.0371863   0.5558144   0.24431066  0.51484148
 -0.88808134 -1.21953892  0.21073456 -0.09988164 -0.14573867 -0.31084416
  0.01397815  0.55864137  0.20648761]
[ 1.          0.852247   -0.32745462 -1.5952797   3.27450282  0.86351661
 -0.1118834  -3.47374363  1.29946502  0.88136447  0.95786907 -0.34556428
  2.39412207  2.37245503  3.27325657 -0.49001764 -0.3750096  -0.53573347
  1.76112341 -1.38466373 -1.44136947]
[ 1.         -1.04780343  0.64213029 -0.04559615 -0.30511696 -0.75370431
 -2.11561679  0.17534783  0.3976789   2.41537531 -0.67383689  0.79184717
 -0.38119321  1.3304912  -0.80007141 -0.58481643 -0.23984502  1.40388597
 -0.7386673   2.00453301 -0.54272523]
[ 1.         -0.99896608  0.47833284 -0.15322954 -0.2136782  -2.86656734
 -2.04258077  0.13861663  0.07166103  2.44373249  0.091801   -0.04648133
  0.69345662  0.26086759  0.02019046 -1.89845487  0.86174324  2.05573191
 -1.67680155  0.55808219 -0.56578255]
[ 1.         -0.9585182  -1.26386263 -0.04632766  0.65010271  2.18183627
  0.89663097 -0.23904179  1.04532153  2.28779828 -2.02376942 -0.3875373
  1.97355869 -0.66673419 -1.10277513  0.17695384  0.61279894 -0.10872644
 -0.34063498  1.45191157 -0.23372899]
[ 1.          1.05433623  0.21499037 -2.07933735 -0.48817063 -0.1003039
  0.16937525 -0.41721801  1.10224275 -0.47457655 -0.05237825 -0.9912396
 -0.6072974   0.73545241 -1.67549625  0.33665661  0.18229247  0.7389531
  0.47757963  0.10520136  0.53101525]
[ 1.          1.04195203 -0.01527326 -1.2065845   0.81927065  0.02301718
 -0.04405685 -1.58566207 -0.94905666  0.64758203  0.31533465  0.57552834
  0.44400268  0.1479696   0.36251016 -0.34363778 -1.37317931 -0.35158715
  0.86473558 -0.41830548 -1.58636453]
[ 1.          0.9895905   0.01188944  2.80652117 -1.21206998 -0.16069097
  0.6144061  -1.01481923 -2.06182937 -0.96750199 -0.15330677 -0.29405718
  3.04046126  3.05535747 -0.81159423 -2.27795841 -1.40196736  0.46390675
  0.41511359  0.0788279   1.22491522]
[ 1.          1.03103754  0.26548691 -5.56214645 -1.71085017  0.44826003
  0.32045857  3.73295269 -2.12362367 -0.30921937 -0.80872163  0.37866658
  0.64347001 -1.24354949 -0.36048382 -2.20552248 -2.43751222 -1.97236536
 -0.13534102  0.86370049  1.50761502]
[ 1.         -0.98028795 -0.17412927  0.05785903  0.0354197   1.08599053
 -0.00950903 -0.13800228 -0.9446432   0.23732077  2.12335116 -1.55393205
  1.26466569 -1.06110087  0.24557435  1.33137476 -0.10685604  0.89447366
 -0.08317822  1.37932679  0.10358336]
[ 1.         -1.0575055   1.88743482 -0.06878595  0.20360327  0.62279504
 -0.38036461 -0.59800904 -0.68349442 -0.14074006  1.30740149 -0.55723009
 -0.3470235   0.31264997  0.78374127 -0.09282476 -0.04636456 -0.50454673
 -2.9003159  -0.12914131  1.60521257]
[ 1.         -1.02064058  0.43932127  0.18843892 -0.02367667  0.69117123
  0.1415406   0.30214194 -0.14123454  0.53044827  1.29069302 -0.43960422
 -0.90299261  0.84453124 -0.45429351  0.03615671 -0.54688219 -0.19064774
  0.62577011  0.79878643 -0.68147674]
[ 1.          0.96121546 -0.21731455  0.02504749  2.14221079  0.27170006
 -0.38927462  2.57776051  2.20258592 -0.15918428  0.31816581 -1.03591168
 -0.72803654  0.10262631  0.47475956 -0.42327919 -1.61048713  0.33801149
 -0.21808146  1.0039402   0.62138454]
[ 1.         -1.01033023 -0.84281157 -0.12212543  0.20865694 -0.31675966
  1.4075737  -0.62105661 -0.01274134 -2.5926127  -0.51869443  0.06653311
  0.23857519 -0.67620141  0.11536704 -2.38536353  1.27902315 -0.13928555
 -1.37224964  2.33880179 -1.52437515]
[ 1.         -0.14669183 -2.05557787  0.40374256  1.09361113 -0.65491345
  1.86949749  0.04274311  0.22754422 -1.73780728  1.67865491 -0.5353197
  0.20962734 -1.69815885 -0.70596185 -1.44241608  0.34573443  1.14540486
 -0.79425658  0.02007916 -0.52304084]
[ 1.          0.98515325 -0.23867707  1.85520973  1.10556807  0.09765097
 -0.2027258   0.99028703 -0.40214721 -0.11622024 -0.15385908  0.34328368
  0.09733814 -0.13620362  0.18316461 -0.59549061 -0.2439461   0.09351187
  0.31814345 -0.5029887   0.19828862]
[ 1.         -1.02123729  0.74977672 -0.03542846 -0.20054983 -0.24982437
 -1.07226283  0.11262879  0.61011584 -1.0888807   0.71086272  1.30664559
  0.98450747 -0.48706247 -0.64364188  0.1559966   1.11242893 -1.52604258
  1.51234837 -0.17448999 -0.1896654 ]
[ 1.         -0.98222557  1.64214149  0.39113323  0.23477545 -0.18025335
  0.80351125 -0.31905314 -0.70943641 -3.09492262  5.42662448  1.21994332
  0.78372004 -0.26996519  0.20130093  1.78986094  0.15988774 -1.76715644
 -1.68597683  2.52686351  1.56228523]
[ 1.         -0.89881941  1.61923446  0.08615704  0.23921773 -3.69281299
  1.65156922  0.2769961   0.27496191  0.78564529 -1.6624052  -2.54814305
  0.8883109  -0.52511553 -0.62004599  2.17363653  0.45943346 -3.7951756
  2.22631956 -1.04605857  0.63371029]
[ 1.         -1.00101117 -1.0301165   0.10743163 -0.39218283 -1.21972608
 -0.64003248 -0.22649097 -2.24516811 -2.26721756 -3.52378202 -1.61598507
 -3.2256256   0.23846281  3.15904427  0.10596184 -0.86273188  3.16959299
  2.49565007 -0.24370608  0.15456818]
[ 1.         -1.0427007   1.87302461  0.0744107  -0.06880787 -0.71460035
 -0.42139753  0.12488013  0.49436046 -0.56019089 -0.68464849  0.72965631
 -0.13893335  0.60287107  0.65018086  0.28900785 -0.57967371 -0.15942771
  0.32909272  0.80748974  0.37135082]
[ 1.          1.06129208  0.13159002 -1.39367417  1.67722524 -0.05981468
 -0.53490953  0.79245446  0.34142338 -0.48178739 -0.16815902 -0.16279604
 -0.43334897  0.88208543 -0.44238889  2.56894459  3.70861713  1.18895118
 -0.69415302 -1.51305767 -0.79595361]
[ 1.          1.02543045  0.07017539 -1.40487975  0.96068401 -0.12684578
 -0.48502713  2.33375002 -0.60478921  0.35378321  0.18156296  0.73207147
 -0.1879092  -0.69639767  1.9316619   1.69255072  0.43189692 -0.65785057
 -2.03063349  0.49402178 -2.14732295]
[  1.00000000e+00  -1.03240480e+00   1.25943388e+00  -1.20834139e-01
   2.04798471e-01  -2.60890748e+00   1.36944252e+00   9.13403256e-02
  -1.00582347e-01   4.37988027e-01  -5.57675569e-01  -1.95614784e-01
  -1.91680287e-03   5.09091534e-01   1.31536925e+00   6.35167735e-01
   3.42093246e-04   2.60927700e-01  -7.59522400e-01  -8.61087108e-01
   1.54979809e+00]
[  1.00000000e+00   8.72063145e-01   1.96610865e-01   2.69456573e+00
   4.51133781e-01  -1.16401278e-01  -1.07493912e-01   5.21294875e-01
  -1.41508672e+00  -1.12947941e+00  -6.46733091e-01  -7.26773169e-01
   3.30673756e-01   1.44988981e+00  -2.18304353e+00   8.72443625e-01
  -9.18673967e-01  -9.86086616e-01  -2.40674346e-01   1.82769053e-03
  -1.41019655e+00]
[ 1.          1.05863837  0.32752679  2.28979696 -5.80985292  0.19341647
  1.11053627 -1.48585998  2.79314058  0.05721796  0.08822629 -1.07548756
 -0.24553216 -0.43143975  1.46797583  1.19470645  2.31662772  1.09700163
 -2.39349922  0.52310081 -1.20469915]
[ 1.          1.06463882  0.68152912 -7.99586751 -4.63534297  0.63702697
  0.6428183   5.01901604 -5.79562978  0.07940659 -1.49400105  1.44365583
  2.33242864 -1.61624668  0.07651825 -1.12923671 -4.63225808 -2.8293891
 -1.84003894  0.6163671  -3.60174967]
[ 1.         -0.91705996 -1.78745451 -0.87946138  0.214225    0.85287814
  2.32566967 -0.13402123 -1.03875489 -1.32502591  0.08819817 -0.69754452
 -1.71495554  1.01661948  0.96519712 -1.91575105  0.72513404 -0.96397546
 -1.26597209 -0.75601574 -0.43839823]
[ 1.          0.98463189 -0.15759553  1.06305129  1.68465465 -0.25574008
 -0.59367358  0.28774583  0.27889345 -0.18163401 -0.25368395 -0.18185713
 -0.58952628 -0.08060299 -0.44495177 -0.46187042 -1.15584665 -0.31593229
  0.23684568  0.48995471  0.10976661]
[ 1.          0.98735668  0.19521179 -0.07035784 -1.81375792  0.2437335
  0.3599582   0.71977268  1.62599127 -0.192928    0.30448748 -0.3791403
 -0.1910477  -0.11605712  1.02079537  1.47543859  2.70774685  1.36142368
 -0.24816324 -1.1437953  -0.24998874]
[ 1.          1.02576428 -0.11652206  0.6275353   1.24150525  0.02196301
 -0.38298985  1.1002879   0.11618048  0.02389013 -0.01389791  0.04235454
 -0.30205656 -0.21205379  0.69569465  0.33978154  0.12396424  0.13880702
 -0.70894432  0.45961061 -0.73182276]
[ 1.          0.73913027  0.02465668  1.41856843 -0.6463132   0.34836346
  0.16086777  0.272761   -5.32797486  1.42167263 -0.43369186  1.84833378
  1.8533914  -0.61146704  1.81774512  0.91137739  1.59060824  1.50387492
  0.58744382 -0.91061858 -0.40604431]
[ 1.         -1.02590535  1.144959   -0.04873177  0.39143557  1.57295505
  0.14653748 -0.61602996 -0.2946698   0.14146887 -1.25652466 -0.29787061
 -0.67735725  0.09769282  0.31504621 -0.18600072 -0.63236488 -0.09051973
 -0.86431428 -1.65423315  0.17230082]
[ 1.          1.04563764  0.00408296  0.46150926  0.62893257  0.20147511
 -0.26517671  1.08021436  0.73876414 -0.84463088 -0.27901999 -0.71238248
  1.54402073  2.36052382  0.96698813 -1.24354492 -1.43736991 -0.55033717
 -0.24382698  0.10576155 -0.03394172]
[ 1.          1.04360441  0.01098026  0.15438597 -0.64443299  0.00210667
  0.28319964 -1.39463821  0.31651484  0.11409962  0.18435522  0.16996459
  0.32306058  0.00240645  0.30083472 -0.85492989  0.50235863  0.14749535
  0.64515096 -0.54661007  1.25169336]
[ 1.          1.00527567 -0.03637947  0.20701143  0.79109034 -0.18057224
 -0.36021225  1.46002033 -0.2375482  -0.14256124 -0.17484031 -0.00288144
 -0.60934629 -0.76894521 -0.88971571  0.05442302  0.55226182 -0.10407076
 -0.05374008  0.33098475  1.49713953]
[ 1.         -1.02343408 -1.40642212 -0.08216834 -0.29243121 -0.55670192
  0.43155215  0.19959667 -0.18296408 -1.40776358 -1.14832131  1.01184046
 -0.58025691  0.28488331  1.20284248  0.81557746  0.04631607  1.22404768
  2.18013166  1.92354311  0.00862547]
[ 1.         -1.03679367 -0.74682735 -0.21181306 -0.2554088   0.59844999
  0.77801635 -0.08471832 -0.78566218 -0.21115137  0.58678437  0.20675231
 -2.83678938  1.84309124  0.58049315 -1.58450417  0.90760045 -1.26349702
 -1.06634955 -0.80641711 -0.15428013]
[ 1.         -1.0296383   1.11325309  0.15142388  0.33075272 -1.13990406
  1.74346147  0.69475173 -0.00539509  2.65883483  1.94142385 -2.46552706
  0.53709501 -0.21219754 -0.90802125  0.47767998 -0.12438069 -1.24591973
  0.40563742  0.1888294  -0.52260067]
[ 1.         -1.05596587  1.61214463 -0.13067404 -0.18453779  0.0814814
 -2.6912797  -0.61726452  0.80257733 -1.11989073  0.95255456  1.34544061
  1.21834577 -0.50156584 -1.09973198  0.02435755 -0.09551394 -1.54795881
 -0.78705749 -0.88657539 -0.14400181]
[ 1.         -1.05927703  1.13547831 -0.1265914  -0.15508954 -0.80145499
 -1.80443463 -0.30237197  0.48018707  0.59175431 -1.03123325  0.86655928
 -0.05061482  0.33328863 -0.47291683 -1.57358954  0.26100162  0.53956921
 -1.15274968  0.35506087 -1.02948076]
[ 1.         -0.96045196 -1.79903957 -0.05900376 -0.4100828  -0.20373112
 -0.79127456  0.41143244 -0.68066212  0.84887528  2.45413584 -1.74344239
  0.5104818  -0.99419564 -0.67600087  0.40913262 -0.5069254   1.38337557
  0.14002129 -0.40228902  0.26666728]
[  1.00000000e+00   1.04416624e+00  -2.23374539e-04  -9.21174748e-01
   3.37088669e-01   1.17277961e-01   2.80934459e-02   4.38146467e-02
   4.26805441e-01  -1.65118391e-01   9.30006604e-02  -1.86904070e-01
   1.02515437e+00   9.17599792e-01   1.16725314e+00  -9.60048725e-01
   3.38892566e-01  -7.12898593e-03  -2.64659778e-03   2.54503758e-01
   1.35573413e+00]
[ 1.         -0.9227989   0.56727953  0.13319948  0.6814624  -0.06881062
  2.82136317 -0.20903268 -0.11979138 -0.2717881   2.06287415 -0.27434395
  1.17333166 -0.52832366  0.15074413 -1.33564085  1.2610117  -0.13005625
 -3.32857563  1.92241485  0.71417528]
[ 1.          0.87981364 -0.49102193  0.56994141  1.80083643  0.00946524
  0.05817793 -0.65459719  0.26262562  0.09490211  0.7195786  -0.0890156
  0.87283897  0.57328412  0.96949769 -0.02882687 -0.15357135 -0.14387713
 -0.08673776  0.69517028 -0.55597981]
[ 1.          1.02078621  0.23281678 -0.27055523 -1.96987763  0.12580725
  0.36862369 -0.75419955  0.64342541  0.10471264  0.09469385 -0.32844546
 -0.06962486 -0.21640424 -0.11466559  0.01024149  0.88354758  0.86952761
  0.82147874 -0.1965216   1.10313527]
[ 1.         -0.98685711 -1.07680229  0.04032857  0.36599944  0.36257237
  0.83029853 -0.59303099 -0.40059207 -1.7508427  -0.44803638 -1.47400951
 -0.45815518 -1.53891303  0.17775965 -0.75156296 -1.1303546   1.90438846
 -1.04853076  0.44580159 -1.1490305 ]
[ 1.          0.38933336  0.12700057  1.68554581 -1.94411823  1.52484052
 -0.63298964  5.25349154  2.19765274  0.05201468  0.46184224 -0.56653271
  1.1171775  -0.66367829  1.42541739 -0.79468856 -0.29534272  0.75280007
  2.78482921 -0.97043434  0.32101233]
[ 1.         -1.03144198  0.13720748 -0.06115238  0.41864387 -0.20027355
  1.78605331 -0.22433277 -0.12421347  0.44730296 -1.27365067 -1.243196
  1.19086886 -0.67205883  0.14377364  1.16995271  0.78229428 -1.16366598
  0.49371773  2.39793459  0.06725246]
[ 1.         -1.00843776  0.48344197  0.23570888  0.30975153  0.58112481
  1.93224879  0.98591307  0.16537256  1.31184572  1.75739804 -1.12594067
 -0.14902192 -0.48787812 -0.67981823  0.8019862  -2.27889786  2.55058324
  0.75639523 -0.01563233 -0.48296141]
[ 1.         -0.98520162 -1.45275975 -0.09982857 -0.11458783  1.21732969
 -0.2650643  -0.0256065   0.2209988   0.30266143  0.62971677 -0.42546306
  1.72131633 -1.20347782 -0.70159122 -0.08985083  0.73301648 -0.10600383
 -0.06171418 -1.33423877  0.11377427]
[ 1.          1.0488401   0.4664277   4.01898626 -3.57167393  0.22893808
  0.09195217  2.40817543  0.39956408 -1.97773367 -1.74639108 -1.44620689
  1.09089135  2.08707017 -0.61131943  1.03336773 -1.4011118  -2.72974157
 -2.78252154  0.10764702 -2.97504383]
[ 1.          0.76871308 -0.89943949  1.58158732  1.70337492  0.13458621
 -0.26908251  2.15575553  0.72580519 -0.61274509 -0.0323048   1.01462296
  1.00353621 -1.24579324  0.66329679 -2.38456967 -0.33977512  0.42366339
  1.26690402 -1.38902847  2.0857232 ]
[ 1.         -1.03101379  2.3657252   0.128502    0.46206045 -2.12364404
  2.26169055  0.51817606  0.91082774 -0.05578614  0.06114613  2.06036883
  0.6677367  -0.16306828  0.10219729 -0.19074041  0.41157275  0.03827772
  0.74184916 -0.07205899  0.04305711]
[ 1.         -1.01488699 -2.88993323 -0.29847686 -0.46330239 -3.117052
 -1.73842228 -0.4509038   0.22793962 -1.13257655 -1.97014206 -1.00310875
  0.16202396 -0.38853378  0.76135574  0.88755167 -1.22573972 -0.57978031
  0.3936761  -1.17695176  0.14633977]
[ 1.          1.02453627 -0.02284433  0.98238075 -0.70086006  0.08337387
 -0.04281911 -0.91298339  1.71168528  0.44255631  0.39148286 -0.15080809
 -1.11877228 -0.80291861  1.08835523  0.21051506 -1.1125428  -0.90668638
 -0.63475422  0.53580473 -1.2354774 ]
[ 1.          0.98397827 -0.16289191  0.6156405   0.07168757  0.06565595
  0.0166022  -1.01382651  0.8638303   0.87546452  0.05348686  0.53115413
 -1.28260643 -1.49946649  0.89317372 -0.06489595  0.62778347 -0.12515211
 -0.26408906  0.40199509  0.32806203]
[  1.00000000e+00  -9.97668896e-01  -4.67876844e+00  -3.73272209e-01
  -6.15109326e-01  -5.28011287e+00  -3.73818507e-01  -1.39642390e-01
   3.28286618e-01  -1.56122287e+00   1.53555101e+00  -9.37787704e-01
   4.25024053e-01  -7.39106551e-01   1.32003157e-01   7.63350130e-01
  -6.44122269e-01  -2.40274754e+00  -1.64019715e-01  -2.80626716e+00
   8.37539287e-04]
[ 1.         -0.97674821 -0.96290526  0.25284789 -0.39959576  2.17657147
  0.5541137   0.86678347  0.56077057  1.62085364  0.3111351   1.69187521
 -1.56808985  2.17546294 -1.28469186  0.75163006 -1.01647089 -0.99694484
  0.73671115 -0.80491542  0.38317592]
[ 1.         -1.00011299 -1.42038583  0.04806045 -0.45684484  1.21729899
 -1.59486951  0.1713221   0.71741923  2.35674349 -1.66060606  1.03821581
  0.13339156  1.43464851 -0.83936516 -0.12874647  1.2489942  -1.63070762
 -0.53354211  0.90654253  1.11831871]
[ 1.         -1.03102792  1.83355939 -0.05118832  0.37525674  0.85048253
 -0.60181598 -0.59006382  0.83583142 -1.37317489 -1.45855174  1.01375938
  0.76868816 -1.43051363 -0.55507928  0.02349065 -1.17768643  0.91989413
 -0.57125727 -2.07337459  0.08519451]
[ 1.          1.02616126  0.15317405 -0.69506717 -0.34011296 -0.0344911
 -0.13377298 -1.01085842  0.06816856  0.61856621  0.05358581  0.59097246
 -0.79846496 -1.10689374  0.22160351  0.53645774 -0.29655351 -0.2747736
  0.04220351 -0.36398104 -1.35997384]
[ 1.         -1.03084617 -0.97350019 -0.22550637 -0.07180943 -0.54843329
 -0.35427485 -0.49469492  0.05260624 -0.25551088 -1.05495562 -0.31519479
  0.30665109 -0.27128367  0.2496929  -0.29414412 -0.21712932 -0.30742232
 -1.7682408  -0.9955293   0.37014961]
[ 1.          1.00337336  0.26046105 -0.15464359 -2.51081575 -0.22715681
  0.37497002 -2.24521187 -1.70633974  0.84324364  0.56656118  0.70734531
  0.85828585 -0.23281436 -0.36400757 -0.41955072 -1.66699519 -0.12629172
  1.19932132 -0.55134091 -0.99823666]
[ 1.          1.02178598  0.09448826 -0.58111916  0.9356067  -0.05191542
 -0.10286471 -0.12632378 -0.30909297 -0.91361874 -0.19445977 -0.54026806
  0.64478359  2.36538836 -1.4570425   0.8868811   0.73848206  1.09752589
 -0.19733799 -0.74757391 -0.96959154]
[ 1.         -1.02825088  2.30898226  0.30972776  2.2236293   1.4432225
  6.91119329 -0.02658597  1.42128408  5.89528341 -7.28806585 -4.07251125
  3.41318792 -2.54261619 -1.20238786  3.66795588 -1.59507143 -2.58735844
  0.56442958 -4.32770538  1.98563833]
[ 1.         -0.61915468  0.29461775  0.26571664 -0.31634437 -1.37659365
  0.03417306 -0.32648169 -0.74091375  0.93151679  2.89574918  0.01595043
  0.46362614  1.06818789  0.79612724  2.36561989 -1.73095243 -1.50315485
 -0.39176649  0.69378751  0.09507884]
[ 1.         -1.02231878  0.66739326  0.14410222  0.22509709  0.96747822
  0.75325041 -0.21398467 -0.07879304 -2.49460832 -2.01284694  0.71455895
 -1.17106955 -0.54474204  0.36123965  0.7516702  -1.83943802  2.80472506
  1.8462846   0.8198496  -1.01696651]
[ 1.         -1.04968183  0.89308654 -0.11427079 -0.11117995 -0.70334772
 -0.73517964 -0.04265586 -0.3618521   0.10496909  0.01561901  0.10557976
  0.35742423 -0.38397973  0.41339423 -1.51598778  1.35472665  0.8793857
 -0.29367774  0.60759722 -0.75163723]
[ 1.         -1.0109014  -1.52873429  0.03976537 -0.25541143  1.76213045
  0.05076015  0.24589388  0.20761595  0.91466481 -0.17920519  0.6920929
  0.31225599  0.33570316 -0.97332399  0.15068187  0.798879   -0.87482451
  0.96012785  0.69816897 -0.42113909]
[ 1.          0.46346668 -0.49782736  0.22025154  1.17828512 -0.35964884
  0.04759286  0.21190674 -0.92785782  0.27558657  0.37099231  0.08659403
  2.1481898   0.55386934  1.96846913 -0.54507133  1.54883695  0.88222724
 -0.40993529  0.65882852  1.24168243]
[ 1.          1.04302161  0.00544611 -0.44551283 -0.39884337 -0.24182938
  0.32547567 -1.34841922 -0.33510669 -0.01918491  0.06952315 -0.02635369
 -0.57307214 -0.42858216 -1.79776902 -0.58566257  0.226477    0.61255612
  0.77057146  0.28933205  1.61020532]
[ 1.          1.0128385   0.10167823 -0.93605123  0.24785672  0.03432419
 -0.10956548  1.02447237 -0.57753682 -0.33417332 -0.17942561  0.38369227
  0.73824199  0.22128536  0.57826361 -0.08892524  1.64018603  0.0520287
  0.15078372 -0.79336943  1.30464928]
[  1.00000000e+00  -1.00749045e+00   1.17939099e+00  -1.05432240e-01
   2.35661768e-02  -5.26550393e-01   1.53908283e+00  -1.21242920e-03
  -6.20346022e-03  -1.46947650e+00   4.87581260e-01   5.20909036e-01
  -5.53369145e-01   3.15491372e-01   4.57373736e-01   5.95887878e-01
   6.67574122e-01  -1.31832443e+00   5.94978242e-01   2.26388368e-01
   2.67455972e-01]
[  1.00000000e+00   1.00472203e+00   3.99619146e-02   6.05842631e-01
   2.89072996e-01  -1.69429515e-01  -6.61012170e-02   1.20511414e-01
  -6.86808967e-01  -2.10277825e-01  -2.23364260e-01   1.66153437e-03
  -5.14027735e-01  -1.54129771e-01  -9.18044145e-01   1.86663399e+00
   1.04917200e+00  -8.52699416e-02  -7.48503754e-01  -4.24193764e-01
  -1.52986171e+00]
[ 1.         -0.90747237 -1.67574622  0.16670363  0.76578961  1.10924562
  0.77228637 -0.54787527  1.19028617  0.63386251 -3.09170029 -0.42266843
  1.95389732 -1.20475668 -0.98273923 -0.61802446  0.52092884 -1.35541112
  0.19822354  0.13484145 -1.12273559]
[ 1.          1.02138362 -0.05033557 -1.85735355  0.51894768  0.32595927
 -0.12344273 -0.39958222  1.36585401  0.74260025  0.43846624  0.00366162
 -0.15124924 -0.26705066  2.28780555 -0.59343159 -1.08622707 -0.66345571
  0.30328106  0.94561696  0.45350095]
[ 1.         -1.03392461  1.36568402  0.14809765 -0.05735075 -2.19884722
  1.50056541  1.39508399  0.99619535  1.29987345  1.38792451  1.82153747
 -0.2358142   0.65946041 -0.3691903  -0.12871194 -1.02542968  1.67627696
  1.75860856 -2.00194419 -0.32092458]
[ 1.          1.02378096  0.13115696  0.45204384 -1.3124026  -0.28746684
  0.45698555 -0.70399414 -0.22826312 -0.17248217 -0.1404428  -0.32319856
  0.24331942  0.14114531 -0.91108169 -0.74393035 -0.1336447  -0.02257789
 -0.39182815  0.90306256  1.26472172]
[ 1.          1.0090826   0.0391745   1.4365372   0.18080824  0.11446854
 -0.21562098  1.365294   -0.101352    0.30973874 -0.1848747   1.1218292
 -0.0615648  -0.96321591  1.43081981 -0.41435207 -0.13878209 -0.91655115
  0.13480055 -0.67113455  0.01672079]
[ 1.         -1.03759599 -1.0422349  -0.07997    -0.14385966  0.20106503
  1.30059837  0.22503011 -0.20083064 -0.36230138  0.55321867  0.56029489
 -1.51511872  0.80168579 -0.12114253 -1.01526109  0.88750168 -1.04100551
  0.52697013 -1.14758968 -0.60081951]
[ 1.         -0.95325084  0.63216132  0.02921955 -0.36261158 -0.14171736
 -0.46687711  0.05701615 -0.6359869   0.32082218 -0.18709427  3.24648902
 -0.74132231  1.97221006  0.82751093  1.05944506  0.85316573  0.67205724
  0.9057673   1.71015173  0.58963708]
[ 1.         -1.0336286   1.39650991  0.09958656  0.16502961  3.01461424
 -1.89298587 -0.50740339 -1.98703658 -1.24053139  0.75721642 -3.84961502
 -1.25879593 -0.52263     1.3213189  -0.78760763  1.60550659 -1.13630758
  1.79090799  0.94664489  0.05657467]
[ 1.         -1.02238919  1.96954719  0.2421245  -0.05429773  0.07671276
 -0.96198484  0.64081495 -0.22163412  0.44460123  1.36072079 -1.32089984
 -1.43171372  0.42798409 -0.70677831 -1.71894445  0.3991215  -1.00642331
  2.17882761  0.44302524 -2.3118952 ]
[ 1.         -0.98389425 -2.03462279  0.03223769 -0.53005403 -0.28960933
 -2.0057848  -0.08011413  0.3042402   0.02286284  2.14733625  0.61964571
  0.27814022 -0.0948364  -0.58489488  1.10816227 -1.13457071 -0.55211306
 -1.83137848 -2.5983794   2.28223433]
[ 1.         -1.02639044  2.28319469  0.30040108 -0.36397871  0.99443828
 -4.26780538  0.07178385 -1.36454315 -0.7561024   0.34964112 -4.01397439
 -0.95597789 -0.80010924  0.52911182 -1.25043038  1.40750102 -1.2935567
  3.21426268 -0.71336188 -0.46885498]
[ 1.         -1.01218433  0.16414908  0.07772064  0.37969632  0.21410695
  1.15134387  0.37768574  1.2318741  -1.1603995   0.40664397  1.55505355
  0.67818998 -1.32804548 -1.28051703 -2.46206537  0.3204328   0.92147335
 -0.0170416  -1.67996593 -1.59355104]
[ 1.         -0.95540885  0.18945441  0.18567287  0.26784022  0.76722909
  1.63059322  0.40823024 -0.8274868   2.3030972  -1.09971657 -1.44963538
 -0.96772168  0.20076029  0.6422079  -0.34824476 -0.16025762  0.75355807
 -0.88407792 -2.21133782  0.7646965 ]
[ 1.         -0.95663048 -2.20312027 -0.05185053 -0.45524573 -1.0509725
 -1.12856521  0.46246174  0.43138494  0.72277448  1.54290389  0.25987985
  1.00663118 -0.197392   -0.56510371  0.68642656 -0.64416649  0.91188948
  0.92585366  0.85393127 -0.74018762]
[ 1.          1.04534156  0.09743769  0.88804323 -0.61449527 -0.0311073
 -0.07573815  0.17838982 -0.84358947  0.34842536 -0.27754282  0.64410879
 -0.40197068 -1.04659661  0.12245273  0.4881583   0.37372813 -0.19958004
 -0.18263983 -0.20004227 -0.36207037]
[ 1.          0.97752589 -0.06907156  1.70929672 -0.08287373 -0.11214862
  0.2388622  -0.67096973 -0.50257658 -0.14053138 -0.2806034  -0.07093734
 -1.04689234 -0.02387035 -1.72886158 -0.10617551 -1.44153614 -0.99625866
 -0.71157323  0.6345204  -0.39134596]
[ 1.         -1.0282625   1.00597369 -0.14332955  0.14570404  1.69098311
 -0.95575933 -0.67456259  0.68619196 -1.61705471 -0.76427749  0.8066878
  1.39735456 -1.64925772 -0.55933095  0.42716678 -0.45788347  0.88572893
 -0.81564663  0.28930831 -0.10419756]
[ 1.         -1.07157045  0.86161534 -0.10340706 -0.21545107 -2.28736877
 -0.96653537  0.45140545  0.41769149  2.56187439  0.04221671 -0.40634875
 -0.15488235  0.79105419 -0.84054248 -2.2392      1.5015741   0.15928213
 -0.28614496  0.33730728 -1.22437388]
[ 1.          1.0327042  -0.00426543 -2.55371502  1.61440089 -0.30275328
 -0.15537701  1.63491927 -0.78324992 -1.13163563  0.0392961  -0.59344922
  0.39482512  1.77819318 -1.32527815  2.03713851  0.75572482  1.05654907
 -2.1079236   0.05471996 -3.13146103]
[ 1.         -1.02833474  1.67339496  0.04912361  0.27767281 -1.47702949
  0.21281104 -0.35097466 -0.55030848  0.46691892 -1.47105744 -1.42543041
 -0.72204904  0.59741796  1.13146593  0.42205569 -0.80903068  0.40695949
 -1.6190781   0.4709248   1.1633555 ]
[ 1.         -1.04345645 -1.41336649 -0.17023096 -0.44872748 -1.97922118
 -1.75544386 -0.30459157 -0.2767998  -0.37411858 -0.05910532 -0.87087509
  0.09275279 -0.71667465  0.17992567 -0.42810582 -0.01645812  0.67491723
 -0.63994876 -0.27696749 -0.11612131]
