Cluster centers 

[-0.98989316 -1.5153516   0.96459093 -2.46509491]
[ 1.03392396  0.45859172 -0.04845771  0.9977882 ]
[-1.11547357  0.61318894 -0.35855114  0.82460423]
[ 1.01434768 -0.47220319 -0.73202029 -0.82939622]
[-1.05701927 -1.20720915  0.31232072  0.29988894]
[-1.11481853  1.74008154 -0.20038927 -0.84714933]
[ 0.25884405  1.19265027  2.29904227  0.10565526]
[ 0.41011783 -0.85328786  2.11913207 -0.15081423]
[ 1.00364136 -0.18925824 -1.04031599  0.30838686]
[ 1.00459274  2.10964267  0.57254594 -0.47197502]
[ 0.7587017   0.05466115  1.50382474  0.90428767]
[-1.0912389  -0.43026932 -0.06818661  1.26000099]
[-1.11459627 -0.91608463 -1.50033779  0.74034519]
[-1.1296485  -1.24805556 -0.32261872  0.0718422 ]
[ 0.99224472 -0.46159513  0.45069146 -0.13444281]
[ 0.90786821 -0.47872181 -1.57839971 -1.35114234]
[ 1.02703387 -0.50471069 -0.16866626 -0.70120484]
[-1.08926156  2.46833928  0.17831168 -2.5442471 ]
[ 0.65001588  2.40116153  1.9578363  -1.60403549]
[ 1.0133908   1.70256079  0.39618375  0.14738693]
[-0.95434965 -1.4946025   0.97083106 -1.43133165]
[-1.0517008   1.29992854 -1.82093306  0.29734807]
[ 0.99766397 -0.54667614 -0.77458264 -2.0069693 ]
[-1.10395757 -0.14041393 -1.44398398  1.37580351]
[-0.97563533  0.75501815  0.70565344  0.51716602]
[ 1.02776617  0.17970954 -0.78910319  0.89539206]
[ 0.64301671 -0.93834223  1.92314527 -1.37607159]
[-1.03439733  1.61876264  0.54924639 -0.77352846]
[-1.00807916 -0.42881846  0.50537506  1.20468077]
[ 0.784367    1.27540424  1.52574436  0.34246403]
[ 0.37956759  0.5415073   2.12138066  0.79291441]
[-1.09462493  1.27444683 -0.00950304 -0.08244269]
[ 1.02903626 -0.43634801 -0.15812851 -0.3293102 ]
[-1.13905761 -0.85493463 -0.80402143  0.95621543]
[-0.59154238 -1.24572465  1.84302267 -0.11997741]
[ 1.01463433 -0.6268442   0.05909201 -2.19143236]
[ 0.97958556 -0.28378124  0.55103928  0.39201268]
[ 0.85539704 -0.21002808 -1.98531366  0.23112527]
[ 0.97137326  2.44627423  0.84245283 -1.1488229 ]
[-1.14184645 -1.22017421 -0.95092499 -0.039128  ]
[ 1.01410824 -0.60036889  0.14855361 -1.24542924]
[ 0.98171157 -0.48969041 -1.07447716 -1.21917601]
[-1.10336446 -1.43729164  0.11293135 -0.97325464]
[-1.13148259  0.08991733 -0.88864223  1.27410521]
[ 1.02570871 -0.01462344  0.04617916  0.7252823 ]
[ 0.2459686  -0.56982107  2.21201479  0.6036883 ]
[ 0.98256132 -0.39903755 -1.15984408 -0.50773103]
[-1.1091241  -1.47884319  0.13497174 -1.72045547]
[ 1.03450932 -0.19207815 -0.41453649  0.37802728]
[ 0.91347194  0.81504348  0.97912708  0.83667329]
[-1.10196907  2.05119141  0.03876515 -1.53525101]
[-0.97926499  1.10933422  0.76108173  0.04159847]
[ 1.02134154  1.08717177  0.24610354  0.78784437]
[ 0.82509262 -0.49948014 -1.85366487 -2.3538519 ]
[-1.11209408  2.18290388 -1.06979508 -1.50098321]
[ 1.04519758  1.60310421 -0.3779631   0.43363523]
[-1.12685856  1.49994003 -0.89586932 -0.25193218]
[ 0.75189989 -0.44942763 -2.26698885 -1.03308072]
[-0.76051726  1.02728333  1.50865214  0.06270561]
[-1.1169608  -0.99236747 -0.26491303  0.76116017]
[ 0.90346855 -0.55186227  1.01965692 -0.15688513]
[ 0.83021423 -0.4515055  -1.73788265 -3.49989808]
[ 0.86822816  1.70053309  1.30594232 -0.09908013]
[-0.57460795 -1.46698437  2.11206769 -2.7100468 ]
[ 1.01897008 -0.36809985 -0.74338276 -0.23300098]
[-1.09032965 -1.36843624  0.14912012 -0.40097939]
[-1.12798425 -1.4634805   0.11232302 -2.8573601 ]
[-0.52789649 -0.69148722  1.83086869  0.91586792]
[ 0.84042287 -0.39689701  1.2611285   0.38841914]
[-0.98454955  1.92227223  0.88149391 -1.43101578]
[ 0.92963467  0.38684092 -1.69307137  1.05103214]
[-1.12764066 -0.24852432 -0.58746768  1.30560406]
[ 1.03679289  0.77923818 -0.65929388  1.02258013]
[-1.1182738   1.04460688 -1.14231204  0.48533178]
[ 0.97461951 -0.61689398  0.61450756 -0.82371712]
[-0.82742073 -0.32786976  1.22354073  1.08929075]
[ 0.98246954 -0.5275362  -0.80036038 -3.02804821]
[ 1.02283749 -0.54518969 -0.41542992 -1.31305191]
[ 0.9153334  -0.34332356 -1.6446218  -0.29599921]
[-1.07154334  0.15497482  0.09872212  1.12366407]
[-0.84047403 -1.16048837  1.23668228  0.36522611]
[-0.93136749 -0.87048871  0.88194254  0.91355599]
[-1.14612779 -1.37152149 -0.68940272 -0.95167292]
[-0.97326027 -1.42524959  0.86271732 -0.66901902]
[-1.12531175  0.52619902 -1.12859882  1.03584532]
[ 0.82533083 -0.80654068  1.38476073 -1.31172138]
[-0.06928271  1.42614479 -2.59537458  0.70010935]
[-1.10270559  0.95401154 -0.15531415  0.40072334]
[ 0.90612435 -0.42426779 -1.64655631 -0.79183438]
[ 0.76775522 -0.21497262  1.48319506  0.72870551]
[-1.13452608 -0.6498224  -1.12894838  1.19167123]
[-0.98539739  0.26818251  0.62935296  0.98359971]
[ 0.96019411  0.07489252  0.68914791  0.85102872]
[ 1.02130768 -0.35495102  0.06797161  0.07128511]
[ 0.60347791 -0.52877742  1.87289385  0.42178373]
[ 0.94837974  2.52425578 -1.39720585 -0.79462801]
[-1.05531754 -0.93111314  0.2697462   0.87995941]
[-1.03328494 -1.40552168  0.89521045 -4.06684562]
[-0.5961599   1.75263558  1.90864105 -1.12539166]
[ 0.58786711  1.90275983  2.06060604 -0.72336066]

Populations

0.00648437538673
0.0252167281831
0.0105464266917
0.0166739797499
0.0141708766061
0.0135220369649
0.0047532311676
0.0118472533106
0.0303255943645
0.00284025722354
0.0129723933077
0.0118252026625
0.00518693226626
0.0112087791974
0.0126741303093
0.00462712426745
0.0114971931501
0.00597116395327
0.00453750696635
0.00731009017341
0.00697146963542
0.00464322887397
0.0121204661515
0.00515177391001
0.0118440534434
0.0210855956376
0.00208797168635
0.008185033501
0.00644411586903
0.0112825627118
0.00389135478932
0.0129610989742
0.0207536310915
0.0102628994041
0.0074262716471
0.00925809662601
0.0175867038428
0.00810371371182
0.00229031218937
0.0101886652358
0.0115059391652
0.0155222507894
0.00940235917353
0.00668644728898
0.030306574664
0.01102361079
0.013718438645
0.0108994939811
0.028588433428
0.0160642077606
0.0139170136264
0.00838217208395
0.0115051441374
0.00286449455155
0.00984480455545
0.00917644477229
0.0119530966431
0.00288375787145
0.00486243032152
0.018823404012
0.0123435349093
0.00288606993871
0.00516678713688
0.00228659573463
0.0235353114829
0.0102177156363
0.001747626302
0.00321222783667
0.0144988873915
0.00591581892563
0.0133586275569
0.0133848369918
0.0160013860114
0.00812498806253
0.00865358827685
0.00517144611786
0.00281699501716
0.0114811585962
0.0109346971959
0.00767988011948
0.00480374442477
0.00683606691894
0.00943334026426
0.00899157154912
0.00853271700705
0.00227888141508
0.00115098660266
0.0123318811955
0.00913255043593
0.0075467301263
0.00605966073683
0.00568066333867
0.0227975265635
0.0167460186753
0.00777717393127
0.00173792030409
0.0123585260287
0.00174430345096
0.00277444974886
0.00720629494628

State labels

0
1
2
3
4
5
6
7
8
9
10
11
12
13
14
15
16
17
18
19
20
21
22
23
24
25
26
27
28
29
30
31
32
33
34
35
36
37
38
39
40
41
42
43
44
45
46
47
48
49
50
51
52
53
54
55
56
57
58
59
60
61
62
63
64
65
66
67
68
69
70
71
72
73
74
75
76
77
78
79
80
81
82
83
84
85
86
87
88
89
90
91
92
93
94
95
96
97
98
99

Eigen values

1.0
0.947202464228
0.317114466987
0.295298542362
0.286469830656
0.267690127638
0.258347667004
0.251286229601
0.244978959672
0.240819001446
0.22406691325
0.214811528565
0.200965578265
0.195240321208
0.189696589316
0.182109341514
0.180983124261
0.173898671718
0.169784550927
0.165607482809
0.163160487635

Left eigenvectors

[ 0.00648438 -0.00780274 -0.00282963 -0.00600759 -0.00599424 -0.01598138
  0.01162835  0.01011302 -0.00306663  0.01537039  0.01062925  0.0020684
  0.00537683  0.00123494 -0.01220504 -0.00437768 -0.00577855  0.00501964
 -0.00055201 -0.01607243 -0.00299636]
[ 0.02521673  0.0214114   0.00408773  0.00319243  0.01148486  0.00856488
 -0.0089633  -0.00646102 -0.01574147  0.01022366  0.00110034  0.01344805
 -0.00199606  0.00897674 -0.02421144 -0.00451581  0.02432839  0.00522129
 -0.01734718  0.00922122  0.02430644]
[  1.05464267e-02  -1.36519352e-02   8.19641346e-04  -3.72270845e-03
   4.66392672e-03   1.01020950e-02   6.86136469e-03  -7.76637132e-05
   8.98023596e-03  -1.71406317e-04   1.82511370e-04   3.07424080e-04
  -2.69719547e-02   6.75748639e-03   1.78293839e-02   8.55954806e-03
  -4.97553228e-03   1.10334643e-02  -1.24816245e-02   1.86238503e-03
  -2.58467992e-03]
[ 0.01667398  0.01409656  0.00213488  0.00251351  0.00409212 -0.00661066
 -0.00477605  0.01383031  0.01112263 -0.00907246 -0.00230489 -0.00856744
 -0.01483375 -0.0357169  -0.02192437  0.00712637  0.01365534  0.00386334
 -0.00346989 -0.00901787 -0.0006483 ]
[ 0.01417088 -0.01713706 -0.00320087  0.00035838 -0.00709165 -0.01303934
 -0.00444964 -0.00219823 -0.00463246  0.00641321  0.0081275  -0.00590118
 -0.00876013  0.01025042 -0.00700463 -0.00900985  0.00775173 -0.01276449
 -0.01085423  0.00057017 -0.01050737]
[ 0.01352204 -0.01760729  0.00228174  0.00217212  0.00664794  0.0197619
  0.0023853   0.00104494  0.00823606 -0.01347381 -0.00662647  0.00688438
  0.00525072  0.00201026  0.00809282  0.02431331 -0.01078799  0.02820387
 -0.02097542  0.00090523  0.0062304 ]
[ 0.00475323  0.00147501  0.00916795  0.00407547  0.00138041  0.00699888
 -0.0050506  -0.00707586  0.00408511  0.01696501  0.00741427 -0.0085256
  0.00994038 -0.01378795  0.01105646  0.00313767  0.00203785 -0.00032134
 -0.00512273 -0.00082381 -0.01297037]
[ 0.01184725  0.00823445 -0.00298835  0.01587673  0.03166641 -0.00694817
  0.00435802  0.00162547 -0.00813406 -0.01104852  0.04217143 -0.01340895
  0.01995622  0.00364856  0.03270992  0.00165123 -0.00747698 -0.01035107
 -0.01275972  0.01269296 -0.00756525]
[ 0.03032559  0.02513221  0.01191024  0.00035491  0.00525361 -0.00258669
  0.0268315  -0.02505013 -0.0243236  -0.02836176  0.01898139 -0.00554556
 -0.01271353 -0.00351565 -0.01640109  0.0199569   0.00432622  0.00827061
  0.01348332 -0.03544055  0.00272222]
[  2.84025722e-03   2.34940190e-03  -3.09213514e-03   8.15781744e-04
  -8.34301000e-05   1.11764252e-02  -1.03656317e-02   2.42485857e-03
  -3.42668897e-03   1.24321553e-02   9.50860757e-03   3.08195675e-03
   1.86942387e-03  -1.81178891e-03   3.88323527e-03  -3.90536914e-03
   4.68620609e-03   5.87160253e-03   2.13224351e-03   6.13538794e-04
  -3.66565703e-03]
[ 0.01297239  0.00951596  0.0235983   0.00128395 -0.00169855  0.00425683
 -0.01372876  0.0137833  -0.01167366 -0.00023961  0.01058298  0.00386106
  0.00132222  0.01257881  0.00148102  0.00189239 -0.00039322 -0.02969856
  0.00247516  0.0042277   0.02915382]
[ 0.0118252  -0.01284358 -0.000704    0.00959734  0.00539858  0.00398064
 -0.00209775 -0.00114847  0.00052991 -0.00414092  0.00742017  0.01321688
  0.01131373 -0.02102544  0.02276781  0.0084756  -0.00698627 -0.00319066
 -0.0145441   0.00893789  0.00426877]
[ 0.00518693 -0.00627564  0.00059779  0.00680249 -0.00664196  0.00186016
  0.01141886  0.005026    0.00272727  0.0047181   0.00303815  0.00894655
 -0.02022858  0.00317645  0.0107621   0.00140543  0.00285796  0.00346728
 -0.01295268 -0.00225132 -0.00169018]
[ 0.01120878 -0.01356724 -0.0105187  -0.0172624  -0.01431928 -0.03171404
  0.00613543  0.00676628 -0.01405758  0.02800596  0.00741841 -0.00819934
  0.02366903 -0.00686279 -0.01081227 -0.01070816 -0.00443112  0.00454422
  0.01486955 -0.00278457  0.0023199 ]
[ 0.01267413  0.01071051 -0.01474387  0.00303181  0.00814759  0.00193032
 -0.00738429  0.00105146  0.01310977  0.00440719 -0.00104544  0.01333124
 -0.00528837 -0.00069787 -0.01503219  0.00230086 -0.02127565 -0.01906912
 -0.00117557 -0.00765897  0.01183913]
[ 0.00462712  0.00411625 -0.00640717 -0.00404188 -0.00575925  0.00343871
  0.00486612 -0.01033275 -0.00226097 -0.00106634 -0.00327105  0.00140801
  0.00366945 -0.00052202  0.00075865 -0.00098202  0.00444081 -0.00204746
 -0.00690546  0.00518892  0.00135693]
[ 0.01149719  0.00978723  0.00148327 -0.0066752  -0.0089123   0.00168328
  0.01417071 -0.0203333  -0.01565962 -0.00358884 -0.01430522  0.00154794
  0.00707984  0.01789443  0.00039394 -0.00473064  0.00954078  0.005658
 -0.00310126  0.0079662   0.00589727]
[ 0.00597116 -0.00765921  0.00167126  0.00211721 -0.00215567  0.00342726
  0.00147216 -0.00047795  0.00097371  0.00067778  0.00187535 -0.00493956
 -0.0019156   0.00276986 -0.01027286 -0.01109464 -0.00178979 -0.00992442
  0.01179202  0.0142146  -0.00363269]
[ 0.00453751  0.00351323  0.00464968  0.00397982  0.00502225  0.00180761
 -0.00434893  0.01306415 -0.01371426 -0.00046591 -0.00186695 -0.00716199
 -0.00332052 -0.00151137  0.00012737  0.00036294  0.00618946 -0.00794666
 -0.00677559  0.00467129  0.01533605]
[ 0.00731009  0.00560411  0.01778544 -0.00675747 -0.00973115 -0.00377247
  0.00433475 -0.0114331   0.00379404  0.00615812 -0.00189626  0.01573261
 -0.01093073  0.00158081 -0.0013017  -0.00013168 -0.02565584 -0.0018582
  0.00068451  0.00704891  0.00579728]
[ 0.00697147 -0.00811456 -0.00095923  0.00301579 -0.00233955  0.00282465
  0.01120269  0.00411318  0.00407157  0.00174129 -0.00344292 -0.00168602
 -0.00554945  0.00147238  0.00965029 -0.00978437  0.00966083 -0.00225398
  0.00496967 -0.00662087  0.00571644]
[ 0.00464323 -0.00612814  0.00060426 -0.0091794   0.00784792  0.00388698
 -0.00234776 -0.0011857   0.00112729 -0.00431173 -0.00074201 -0.00428094
 -0.00059998  0.00463237 -0.00182096 -0.00133199 -0.00248814  0.00755735
 -0.0131565  -0.00559069  0.0025222 ]
[  1.21204662e-02   1.04935311e-02  -3.46006702e-02   7.35023475e-03
   1.51980261e-02  -7.45430459e-04   2.35049694e-02  -1.81966764e-02
  -5.05378546e-03  -3.98981195e-05  -2.24438290e-03  -2.32280659e-03
   5.25653829e-03   2.07362704e-03   7.56687374e-03  -6.36312240e-04
  -1.71840092e-02  -1.96245049e-02   2.52283296e-03  -1.06179594e-03
   4.89638778e-03]
[ 0.00515177 -0.00673576 -0.00155764 -0.00216089  0.0021059   0.00282528
  0.00243086  0.00037797  0.00426572 -0.00137107  0.001674   -0.00039764
 -0.00139382  0.00208624  0.00773597  0.00665678  0.00471055  0.00401037
 -0.01444346 -0.0091927   0.00651746]
[ 0.01184405 -0.01560711  0.00108578 -0.02034961  0.01308508  0.01092769
  0.00768835  0.00508196  0.00649954 -0.00237911 -0.00092588 -0.00010258
  0.00942054  0.00192803 -0.00416943 -0.00541072 -0.00245309  0.00442228
 -0.00766402 -0.0094285   0.00148019]
[ 0.0210856   0.01683698 -0.00891308  0.01181514  0.01744174 -0.00820347
  0.01287479 -0.02929473  0.00712775  0.01349632 -0.01489661  0.00838619
  0.00627313  0.01047238  0.00080999  0.00244356 -0.00737023  0.00580631
  0.00377472 -0.00188442 -0.00498263]
[ 0.00208797  0.00027183 -0.00207657  0.00434942 -0.00606335  0.00053517
  0.00995311  0.00270998  0.00334272  0.00435838  0.00215123 -0.00244185
 -0.00370005 -0.00048972  0.00847676  0.00649911  0.01108534  0.00331859
  0.00469247 -0.00562383  0.01002389]
[ 0.00818503 -0.00991152  0.0021566  -0.00538544  0.00415639  0.00957577
 -0.00098156 -0.00145099  0.00675652 -0.001538    0.00126323  0.00078654
  0.00840478 -0.0048416   0.00148395  0.00548938  0.00487979 -0.00550995
 -0.00482539 -0.00357673 -0.00736634]
[  6.44411587e-03  -8.35572262e-03   1.52203542e-03   1.32162765e-02
  -8.13962456e-03   3.67210515e-03   1.34007053e-02   1.29684796e-02
  -8.95501980e-04  -8.26186398e-06   1.70958089e-03   2.03990529e-02
   2.17629385e-02  -4.23212563e-03  -1.28036345e-02  -3.71232676e-03
  -4.29521249e-03  -4.64317309e-03  -8.88152225e-03  -1.18350844e-02
  -1.07941111e-02]
[ 0.01128256  0.0086086  -0.00368019  0.00324265 -0.00045128  0.01108628
  0.00042602  0.0097102  -0.0155552   0.00506071  0.01208158 -0.00422755
 -0.01484481 -0.01874686  0.00543474  0.00531609  0.00388544  0.00235666
  0.00418297 -0.0008304   0.00636677]
[ 0.00389135  0.00219094 -0.00921276 -0.00215841 -0.00952924 -0.00309444
  0.01385089 -0.00309198  0.0021479   0.00512803 -0.0091773  -0.00767937
  0.00661625  0.00203802  0.01521621 -0.00339233  0.0074927   0.00104806
  0.00331926  0.00062351  0.00768069]
[ 0.0129611  -0.01683663  0.00064007  0.00280742  0.00044222  0.01045443
  0.0014339   0.0004606   0.00651896 -0.00528804 -0.0084527   0.00926811
 -0.0097606   0.00488764  0.0029573   0.00577665  0.02090443 -0.03678076
  0.02575249  0.01321947 -0.02103277]
[ 0.02075363  0.01770592  0.01656411 -0.01334832 -0.02865755  0.01237074
 -0.02894097  0.00899476  0.02030409  0.01763319 -0.00243535  0.01135578
 -0.001965    0.00417535  0.01010686  0.00497016 -0.03264114 -0.02795376
 -0.00612094 -0.01824923  0.02792701]
[ 0.0102629  -0.01322806 -0.00031762  0.02224101 -0.00532931  0.00896962
 -0.01086394 -0.01453749  0.00937868 -0.01872118 -0.00298024 -0.01402006
  0.01169935 -0.00585625 -0.00606727 -0.02050119 -0.00289647  0.00604414
  0.00899821 -0.00967362  0.0187473 ]
[ 0.00742627 -0.00450819  0.00592063 -0.00087538 -0.00379305 -0.00567223
  0.01241874  0.00765732 -0.00440693  0.01171662  0.00339596  0.01038753
 -0.01689465 -0.0086816   0.00386462 -0.00588039 -0.01807152  0.00557871
 -0.00299668  0.01682348  0.00462062]
[ 0.0092581   0.00776048  0.00659146  0.00017195 -0.00184426 -0.01111041
 -0.00928696  0.02352971  0.01107793 -0.00865558 -0.00052142 -0.01229913
  0.00749088  0.01946551  0.01701955  0.0006836  -0.01366688 -0.00935408
  0.00733116 -0.00971972  0.00370171]
[ 0.0175867   0.01391757  0.03174321 -0.00233951 -0.00155857  0.0079087
 -0.00015529 -0.01930177 -0.02055311  0.01045307 -0.01230591 -0.00315303
  0.00778819  0.0110973  -0.00356145 -0.00315423  0.00789129  0.00703615
  0.00195086 -0.00807738 -0.00463922]
[ 0.00810371  0.00651545  0.00152773  0.00114839  0.0050575  -0.01928845
  0.00725659  0.00465265  0.0175764  -0.01490454  0.01339066 -0.00242939
  0.00201631 -0.00181687  0.00046396  0.00273511 -0.00729915 -0.00058094
  0.0090868  -0.01054343 -0.0080533 ]
[  2.29031219e-03   2.01552680e-03   2.27038750e-03  -6.25020759e-03
  -1.00463023e-02   2.31603957e-03  -3.53710081e-03  -3.06866617e-04
   1.55125915e-03  -3.95925264e-03  -6.60749835e-05   8.80687336e-05
   3.38103117e-03  -6.12491832e-04   6.99211039e-04  -4.36699097e-04
   1.84346428e-03   6.82096653e-04  -4.98978018e-03   1.37717065e-03
  -3.34420754e-03]
[ 0.01018867 -0.01351545 -0.00443164  0.01222742 -0.00902816 -0.01189508
 -0.01980385 -0.01780372 -0.00226503 -0.00243064  0.003364   -0.01103445
 -0.01625346  0.00216747  0.0032647  -0.00958741  0.0064233  -0.00703364
 -0.0002264   0.00117859 -0.00069297]
[ 0.01150594  0.01003436  0.00116583 -0.01181754 -0.01669889  0.00261187
  0.00787912 -0.01788727 -0.00572052 -0.00892698  0.0083745   0.01222687
  0.00221429  0.00990785  0.00393758 -0.00636001  0.01284607  0.01286328
  0.00389962  0.012874    0.00278509]
[ 0.01552225  0.01342915 -0.00438145 -0.00132813  0.00470222 -0.01118636
  0.01210131 -0.0133062   0.00944173 -0.01060585  0.00113996  0.00994076
  0.0017353   0.0112142  -0.00872502 -0.0018624   0.01019412  0.01105291
  0.00276045  0.00841142 -0.00551823]
[  9.40235917e-03  -1.21131412e-02  -7.26958095e-04   8.11183294e-03
   2.62418637e-05  -1.62789107e-03  -9.48309300e-03  -2.78101657e-03
  -4.65455940e-03  -1.16694509e-02  -5.53746454e-03   5.76197200e-03
   1.84400331e-02  -5.26640441e-03  -6.00418647e-03   1.93667064e-03
  -4.71199335e-03   3.66232997e-03   8.24305749e-04  -1.49218286e-03
   7.22559884e-03]
[ 0.00668645 -0.00892052 -0.00216891 -0.02457619  0.013449   -0.0009506
 -0.00162577  0.00140486  0.00043232  0.00263453 -0.00077365  0.000609
  0.00913176 -0.00049396 -0.00248633  0.02168043  0.00848437 -0.00509887
 -0.00034866 -0.00086711  0.00567441]
[ 0.03030657  0.02438839  0.00379654  0.00935122  0.0071832  -0.01830435
 -0.00063563  0.01983066  0.02887105 -0.00629104  0.0040877  -0.01219585
 -0.01148573 -0.04415906 -0.00483464 -0.00388677  0.02076874  0.00728626
  0.00562279 -0.01329047  0.01366626]
[ 0.01102361  0.0033051   0.01261812  0.00904704  0.01624914 -0.00509986
  0.00339457  0.02089099 -0.03031087 -0.00711838 -0.01545732 -0.00787334
 -0.00069511  0.00296006  0.00103878 -0.00659507  0.00720474  0.00401948
 -0.00644494  0.00684208 -0.00461911]
[ 0.01371844  0.01130514 -0.0096863   0.00230337  0.00505081 -0.00089315
  0.00808906  0.00586438 -0.0118454  -0.0025366  -0.01390877 -0.00818986
 -0.01133434 -0.01583887 -0.00925014 -0.00134272  0.00759217 -0.00313673
 -0.01020372  0.0137615   0.00675668]
[ 0.01089949 -0.01269908 -0.00185205  0.00995998 -0.0166532  -0.00214529
  0.01160164  0.00329471  0.00216981  0.0228846   0.01616638 -0.02143322
  0.00472178  0.00337321 -0.01255318  0.02423897  0.00421041  0.00129926
  0.00843139  0.01652198  0.00608098]
[ 0.02858843  0.02406021 -0.01697464 -0.0125955  -0.01104677  0.01420086
 -0.01506184  0.00204424  0.00061411 -0.00912662 -0.01181738  0.01560978
 -0.01389332  0.00661927 -0.0396452   0.00396392  0.01265726  0.02932302
  0.00428215  0.00475196 -0.01689797]
[ 0.01606421  0.01322393 -0.00217707  0.00025217 -0.0037046  -0.00319581
 -0.00758699 -0.00295972  0.02820108  0.0035438   0.01713747  0.0204607
  0.00676263  0.01751637  0.00919369  0.00181068  0.01525897 -0.00244828
  0.00559884  0.0017646   0.01290813]
[ 0.01391701 -0.01676685  0.01150042  0.01028734  0.00028554  0.0383192
  0.01166551 -0.00794746  0.02212135 -0.00541777  0.00778919 -0.03518008
 -0.00087443  0.00878251 -0.02002933 -0.01747082 -0.01208285 -0.00200594
  0.00758824  0.01491295 -0.0050677 ]
[  8.38217208e-03  -1.08044062e-02  -1.95284132e-04  -2.12294191e-02
   1.53552079e-02   4.45843532e-03  -3.14634042e-03  -8.29663058e-05
   1.15690637e-03  -4.24976337e-03  -7.11195817e-03  -1.19235157e-03
   4.12622563e-03  -2.15874230e-03   1.33618839e-03   5.42875713e-03
   1.21468811e-02  -1.20338500e-02   1.33281282e-02   5.83259806e-04
   3.20898747e-04]
[ 0.01150514  0.00975087 -0.00364058 -0.00050026  0.00336734 -0.01651731
  0.004574    0.01478403  0.01798523 -0.01977799  0.00033846 -0.01021119
 -0.00858992 -0.02339506 -0.00743358  0.0014523  -0.00802958  0.00979172
  0.00647118  0.00872078 -0.03468749]
[ 0.00286449  0.00232002  0.00116639  0.00227333  0.00413327 -0.00365523
  0.00625099 -0.00427885 -0.00257348  0.00148789 -0.00638209 -0.001808
  0.00034908 -0.00182614  0.00094544 -0.00188777  0.0011806  -0.00070559
 -0.00180674  0.001561    0.00134774]
[ 0.0098448  -0.0118794   0.00751809 -0.00768006  0.00666025  0.01256102
  0.01082015  0.00832722  0.0012131   0.00127521 -0.01020665  0.00549041
 -0.00699133 -0.00708131  0.01000512 -0.01246491 -0.01109143  0.01445997
  0.02097969  0.00101461  0.00080303]
[ 0.00917644  0.00737945 -0.01787324 -0.01713309 -0.03130684  0.001435
  0.00112401  0.01433839  0.00080551 -0.0080962  -0.02076517 -0.02186171
  0.01341252 -0.00336477  0.01835856 -0.00854715 -0.00013376  0.00238082
 -0.0105557   0.01650222 -0.01417662]
[ 0.0119531  -0.01570106 -0.00308229 -0.02368755  0.00717542 -0.00766862
  0.00335163 -0.00035048  0.00195241  0.01499267  0.01095673 -0.01470281
 -0.0135177   0.00873583 -0.00958889  0.01005969 -0.00208852 -0.00587167
  0.00801284  0.01267139  0.00284669]
[  2.88375787e-03   2.55967763e-03  -6.45099016e-03   1.32447520e-03
   2.02875226e-03   6.02274703e-03  -1.00455358e-02   1.89837176e-03
   6.41430835e-03   1.04232062e-02   3.63561074e-03   9.40564211e-03
   2.79199111e-03   8.13393973e-03  -6.08412955e-04  -4.41201557e-03
   3.83522531e-03   6.81348695e-03   3.10617421e-03   4.11989908e-05
  -1.32501839e-03]
[ 0.00486243 -0.00490653  0.00331063 -0.00093279  0.00151287  0.00599356
  0.00139824  0.00300745 -0.00338829 -0.00483916 -0.00258776 -0.00083827
  0.01050027  0.00340169 -0.00969234 -0.00471332 -0.00376261  0.00816799
  0.00279803  0.00587051  0.00215275]
[ 0.0188234  -0.02447033 -0.01054769  0.00304225 -0.00932984 -0.0361714
 -0.02554002 -0.01441528 -0.0159436   0.00341479  0.00810708 -0.00273301
 -0.01907022  0.01268083 -0.00218725 -0.02198098  0.01669903 -0.01828682
 -0.03510006 -0.0339463  -0.01679153]
[  1.23435349e-02   9.04137674e-03   1.48700912e-02  -5.32755949e-03
  -7.69835146e-03  -4.77785120e-03  -9.95606422e-05   3.67175642e-03
  -3.85109081e-03   3.63733465e-03   2.92224597e-03   5.88911300e-03
  -5.45678665e-03  -8.20743681e-04   6.30806629e-03  -6.36442580e-03
  -9.47233621e-03  -8.37905650e-03  -1.14971434e-02   2.27623408e-02
   6.79856043e-03]
[ 0.00288607  0.00257183  0.00215198  0.00043379  0.00169036  0.00160001
 -0.00284217 -0.00187404 -0.00051568  0.0045296  -0.00358223  0.00158558
 -0.00081     0.00065056 -0.00737003 -0.00064397  0.00618816  0.00391993
 -0.0029642  -0.00383688  0.0038414 ]
[ 0.00516679  0.00445819 -0.01099345 -0.0009479   0.00061198  0.01582102
 -0.00449976 -0.00069985 -0.01875435  0.00015764  0.02784372  0.00657629
 -0.00051705 -0.00044655  0.00958872 -0.00633465  0.00187893  0.00862452
  0.01501245 -0.00089122 -0.01048204]
[ 0.0022866  -0.00199546 -0.00226176  0.00607128 -0.00155257 -0.00256572
 -0.00705938 -0.0033349  -0.00096804 -0.00176707 -0.00546774 -0.00024742
 -0.00560394  0.00551623  0.0023041   0.01420385 -0.00265468  0.0044345
  0.00143595  0.00079869 -0.00521867]
[ 0.02353531  0.01966328 -0.01336772  0.01006217  0.01922786 -0.01052272
 -0.00160494  0.00849622  0.01745587  0.00551409  0.00384567  0.00031953
 -0.01083961 -0.02507711 -0.01128497 -0.00491064  0.00394685 -0.01420266
 -0.01461368  0.02789954  0.01043942]
[ 0.01021772 -0.0133439  -0.00064905  0.00633112 -0.00047069  0.00184025
 -0.00401571 -0.00313674  0.00073827 -0.00867404 -0.00624922  0.00423279
 -0.00855392  0.00586533 -0.00010289 -0.01263367  0.00666812 -0.01094523
 -0.00921465 -0.01252415 -0.01021531]
[ 0.00174763 -0.00197836  0.00055554 -0.00276456  0.00400554 -0.00119187
 -0.0015649   0.00166802 -0.00398086 -0.00288726 -0.00366533  0.0013487
 -0.0017128   0.00092808  0.00200286 -0.00301029  0.00050378  0.00415983
 -0.00680621 -0.00553943 -0.00050483]
[ 0.00321223 -0.00272008 -0.00032024  0.0096191  -0.00582711  0.00392137
  0.00940523  0.00600775  0.00460669  0.00135097 -0.00227874 -0.00011696
  0.0010144   0.00169764  0.00329268  0.00670293  0.00898173  0.0021215
  0.00789669 -0.01062027  0.00689503]
[ 0.01449889  0.01240301 -0.00354277  0.00674887  0.01618645 -0.01260912
  0.00608162 -0.00124246  0.0065762  -0.0038005  -0.0010838   0.00185813
  0.00468144  0.02245488 -0.00050706 -0.00093434 -0.00273042  0.00848287
  0.00829092 -0.00508005 -0.00522267]
[  5.91581893e-03  -7.81219322e-03   1.03175747e-03  -3.78452001e-03
   5.30535255e-03   8.40167630e-03   2.88466763e-03   8.91137398e-04
   4.79115250e-03  -4.47027924e-03  -1.65612123e-04  -1.76207896e-04
   1.17833032e-03   1.98248834e-03  -1.70840998e-03  -1.69152956e-03
  -2.11726747e-03  -1.94015910e-03  -3.66559213e-03   3.18195444e-03
   4.92480500e-05]
[ 0.01335863  0.01147913 -0.00181442  0.00539567  0.01111153 -0.00955541
 -0.00493568  0.00225817  0.01649991  0.00934221 -0.01171781  0.00170301
  0.0186996   0.03611421  0.01757196 -0.00838492 -0.00784404  0.00189129
 -0.00088181  0.00726311 -0.00827738]
[ 0.01338484 -0.01593849  0.00741656  0.01039329 -0.00392266  0.01333936
  0.00714666  0.00145249  0.00281004 -0.00344919 -0.00251669  0.00088076
 -0.02042723  0.00714432 -0.00162237 -0.0174487  -0.00488938 -0.00011166
  0.00884298  0.01716145 -0.00485016]
[ 0.01600139  0.01334662 -0.0008837  -0.01551818 -0.02338235  0.00724578
 -0.0098968  -0.00343545  0.01359293 -0.00943815  0.01254089  0.00490984
  0.00728012 -0.01690894  0.00249617  0.00136266  0.00420198 -0.00354945
 -0.01801947  0.00689995 -0.01314759]
[ 0.00812499 -0.01021667 -0.00261438 -0.00043085 -0.00103452 -0.00749747
 -0.00499303 -0.00193858 -0.00177168 -0.0022154  -0.00374614  0.01411343
 -0.00511997 -0.00435926  0.00987355 -0.01433611  0.00970076 -0.01133853
  0.00328183 -0.00605916 -0.00222524]
[ 0.00865359  0.00726178  0.00737875  0.00600599  0.00864256 -0.00404094
  0.00108273 -0.00500266  0.00499411  0.01939876 -0.02060197 -0.00957034
  0.00582747 -0.00012805  0.00475013 -0.0023321   0.00385287  0.00306673
 -0.00325723 -0.00341955 -0.00631549]
[ 0.00517145 -0.0064843  -0.00110149 -0.00057145  0.00349236  0.00306912
 -0.00315448 -0.00708001  0.00588584 -0.00330587  0.00921581 -0.01762565
  0.00194314  0.00555679 -0.0045745  -0.00411763 -0.00551473  0.00575309
 -0.01178169 -0.00454593  0.00861372]
[ 0.002817    0.00209839  0.01008005  0.00333666  0.00520892 -0.00038034
  0.00078755 -0.00686424 -0.00085886  0.01185866 -0.00791975 -0.0040145
  0.00576575 -0.0024004   0.00531075  0.00013102 -0.00125669  0.00014634
 -0.00110494 -0.00243476 -0.0125426 ]
[  1.14811586e-02   8.92013792e-03  -9.35549233e-03   7.79779340e-03
   2.57013699e-03   3.03721374e-03  -1.39670262e-02   2.57014890e-02
   3.55288516e-04   8.53040098e-04  -1.86124321e-02  -1.27578474e-02
  -7.27719629e-03   1.48611959e-02  -4.32113490e-07   1.23704724e-02
  -8.18932041e-03   5.97814964e-03   1.22117089e-02  -1.75175830e-02
  -4.78851820e-03]
[ 0.0109347   0.00941036  0.02626619 -0.01689633 -0.02524062 -0.0084814
  0.00230635 -0.00612672  0.00356552 -0.03053527  0.01996743  0.00422736
  0.00240505  0.00701526  0.00227524  0.0050508   0.0041352   0.00347967
  0.01271966 -0.01153097 -0.0019562 ]
[  7.67988012e-03  -9.42260314e-03   7.90442331e-04  -1.56530199e-02
   5.62817895e-03  -8.49898802e-03   8.50380974e-03   1.07361298e-02
  -7.26521691e-03   7.49074968e-03   9.46341429e-05   1.04121217e-02
  -1.01513438e-02  -4.97604034e-04   3.87193477e-03  -7.83884346e-03
  -1.17877374e-02   1.42641111e-02   2.65141735e-03  -4.04662926e-03
  -7.52005114e-04]
[ 0.00480374 -0.00535429  0.00224003  0.01586374 -0.00808367  0.00033328
  0.00062441  0.00554538 -0.00551415 -0.00205349 -0.00304072  0.00753334
  0.00553749  0.00422248 -0.00672235  0.00807929  0.00633323 -0.01391373
  0.0036282   0.00430493 -0.01003085]
[ 0.00683607 -0.00906293 -0.00360603  0.0055598  -0.00268213 -0.00767526
 -0.01789635 -0.01244039 -0.00339609 -0.0074798  -0.00735787 -0.00091288
 -0.00367838 -0.00313965  0.00741486  0.00924748 -0.00753742  0.01672264
  0.01070703  0.00489722  0.00563298]
[ 0.00943334 -0.01206848 -0.00194771  0.00769134 -0.00432357 -0.00907696
 -0.0083256  -0.00274725 -0.00714543 -0.00356837 -0.00570172  0.00976798
  0.00848128 -0.01445864  0.00846067 -0.00604223 -0.00331509  0.0071391
  0.00556282 -0.00298096  0.00960096]
[ 0.00899157 -0.01123129 -0.00220245  0.00570707 -0.00195674 -0.0120529
 -0.01023079 -0.0009829  -0.01271913 -0.00334226 -0.00474024  0.0145752
  0.01115292 -0.0128564   0.00796607  0.0124839  -0.01091054  0.01158979
  0.00326397  0.01505332  0.00927219]
[ 0.00853272 -0.01016196  0.00290531 -0.01031528  0.00833525  0.00423123
 -0.00015565  0.00609783 -0.00246638 -0.00369049 -0.0033818   0.00658873
  0.02587639 -0.00768692 -0.01015892  0.00136284  0.00015486 -0.00310073
  0.00425538  0.00095849  0.01136506]
[ 0.00227888  0.00186389  0.0029574  -0.00082683 -0.00146447  0.0030195
  0.00061195 -0.00690087 -0.00181363  0.00138616  0.00260181 -0.00217746
  0.00267518 -0.00782422 -0.00153297  0.00298592  0.0065622   0.0010786
 -0.00596806 -0.00275988 -0.00402732]
[  1.15098660e-03   1.02583566e-03  -4.23597740e-03  -3.71040918e-03
  -6.63725494e-03   3.78024571e-03  -4.68424451e-04   3.18366773e-05
  -1.47711639e-03  -1.73060819e-03  -2.23957471e-03  -2.51272798e-03
   1.24829261e-03  -2.38671245e-03   3.12620998e-03   1.01354169e-03
  -7.09933126e-03  -5.46510064e-03  -2.73496271e-03  -2.77275616e-03
  -2.28090945e-03]
[ 0.01233188 -0.01550761 -0.00295773 -0.03123029  0.01823484 -0.00046768
 -0.00981934 -0.00541399  0.00289427 -0.0020751  -0.00925737  0.00751126
 -0.00565852 -0.00460243  0.01210887  0.01919957  0.01680675 -0.01580096
  0.01816711  0.00225362 -0.00792423]
[ 0.00913255  0.00723417 -0.00895772 -0.00355694 -0.00920449  0.00814681
 -0.00550522  0.01365277 -0.01363694 -0.0016861  -0.00782177 -0.01298712
  0.00081777  0.00224148 -0.00217212  0.0011502   0.00430249 -0.00335852
 -0.00927881  0.00864043  0.0065325 ]
[ 0.00754673  0.00667989 -0.02605652 -0.00250794 -0.00273356  0.01737866
  0.01103963 -0.01316377 -0.02382636 -0.00623824 -0.00111574 -0.00263698
 -0.00710766 -0.00301851 -0.00435148  0.00936801 -0.02358083 -0.01497311
  0.00715295 -0.02209641 -0.00209734]
[  6.05966074e-03  -8.01186803e-03  -1.21103058e-03   3.31868520e-03
  -5.69607549e-03  -2.98433546e-04   5.80576571e-03   1.57493901e-03
   3.75537084e-03   7.44099580e-03   1.12348915e-02  -9.77914648e-03
   1.36771779e-03   1.01723484e-02  -1.56810995e-02   1.32458575e-02
  -3.40161381e-03   4.39591446e-03  -1.34190741e-02   8.40182404e-05
   9.31415654e-04]
[ 0.00568066 -0.00683591  0.0025806   0.01326981 -0.00558747  0.00674158
  0.01258767  0.01262196 -0.00198182 -0.00295253 -0.00512867  0.01867363
  0.00615964  0.00143714 -0.00082889  0.00356595  0.00151367 -0.0039735
 -0.00744256 -0.0008976  -0.01177003]
[ 0.02279753  0.01872814  0.01662176  0.00124335  0.00796236 -0.01172178
  0.01229584 -0.02436414  0.01146722  0.00839422 -0.00591324  0.01432154
 -0.00240201 -0.01359974 -0.00840227  0.00223907 -0.00269253 -0.00740642
 -0.00360028  0.00981508 -0.0077239 ]
[ 0.01674602  0.01456463 -0.03005272  0.0011885   0.0009818   0.01855603
 -0.02679738  0.02078078  0.00927754  0.01784881 -0.00479487  0.00616016
 -0.00250178  0.0014052  -0.00638359 -0.0105337   0.00083476  0.0185626
  0.00759498 -0.00673407 -0.01261203]
[ 0.00777717  0.0046175   0.0091999   0.00039699  0.00687612 -0.00531534
  0.00063194  0.0163447  -0.02088795 -0.01457022  0.00637687 -0.00561115
  0.00057949  0.01756198  0.00203278 -0.00498198 -0.00021397  0.00758241
  0.00453951  0.00394666 -0.00535905]
[  1.73792030e-03   1.54871424e-03  -6.11457916e-03   1.99781378e-03
   4.11363126e-03   7.59813582e-04  -1.28980078e-05  -1.71392826e-03
   1.90470694e-03   3.22205961e-03  -1.36006876e-03   2.91071503e-03
  -5.24508624e-04  -1.50910604e-05  -3.54115950e-03  -1.22716710e-03
  -3.67160527e-03  -3.61604224e-03  -9.41040947e-04   6.32107550e-04
   3.12191884e-03]
[ 0.01235853 -0.01561813 -0.00275358  0.00475422 -0.00574739 -0.01360961
 -0.01610922 -0.01250051 -0.00456425  0.00568225  0.00197742 -0.0099973
 -0.006197   -0.00662075  0.00283582 -0.00487919 -0.00877592  0.00833903
  0.01178927  0.00518885  0.00205222]
[  1.74430345e-03  -2.21101281e-03  -1.28684244e-03   8.10461481e-03
  -4.88339092e-03  -4.01941972e-03  -4.98675202e-03  -1.89538464e-03
  -3.22517686e-03  -5.49956387e-05  -1.07043027e-03   1.57365168e-05
   1.95241409e-03   2.29659332e-03  -3.06990181e-03   1.49726659e-02
  -1.75804230e-03   2.08560039e-03   1.27271559e-03   5.42089096e-03
  -1.30854740e-03]
[ 0.00277445 -0.00193439 -0.0002182   0.00586915  0.00013315 -0.0006549
 -0.00200574 -0.00283331  0.00334909 -0.0040989  -0.0024043   0.00036796
  0.00349584 -0.00966911  0.00332804 -0.01079347  0.0014303   0.00151983
  0.00652783 -0.00330888  0.01028545]
[ 0.00720629  0.00472074  0.02956056  0.00116548 -0.00055316  0.00992417
 -0.00379585 -0.00274558 -0.01072656  0.0142534  -0.00684394 -0.01282601
 -0.00297049 -0.0089946   0.00429372  0.00518715 -0.01043609 -0.00290317
  0.01144592 -0.0201602  -0.00954623]

Right eigenvectors

[ 1.         -1.2033134  -0.43637671 -0.926471   -0.92441211 -2.46459777
  1.79328828  1.55959876 -0.4729263   2.37037383  1.63920984  0.31898227
  0.82919708  0.19044901 -1.88222248 -0.67511264 -0.89115021  0.77411292
 -0.08512936 -2.47864028 -0.46208851]
[ 1.          0.84909508  0.16210393  0.12659982  0.45544608  0.33965086
 -0.35545043 -0.25621977 -0.62424697  0.40543176  0.04363521  0.53329867
 -0.07915631  0.3559834  -0.96013419 -0.17907984  0.96477189  0.20705644
 -0.68792339  0.36567868  0.96390157]
[ 1.         -1.29446073  0.07771745 -0.35298292  0.44222815  0.95786899
  0.65058668 -0.00736398  0.8514956  -0.01625255  0.01730552  0.0291496
 -2.5574496   0.64073706  1.6905616   0.81160646 -0.47177423  1.04618034
 -1.18349322  0.1765892  -0.24507637]
[ 1.          0.84542278  0.12803665  0.15074468  0.24541959 -0.39646586
 -0.28643736  0.8294545   0.66706515 -0.54410912 -0.1382326  -0.51382082
 -0.88963475 -2.1420738  -1.3148851   0.42739442  0.81896102  0.23169852
 -0.20810233 -0.54083511 -0.03888081]
[ 1.         -1.2093157  -0.22587695  0.02528971 -0.50043819 -0.92015031
 -0.31399862 -0.15512275 -0.32690024  0.45256294  0.57353557 -0.41643041
 -0.61817851  0.72334408 -0.49429787 -0.63580014  0.54701812 -0.90075496
 -0.76595309  0.04023512 -0.74147646]
[ 1.         -1.30211823  0.1687421   0.16063572  0.49163778  1.46145893
  0.17640082  0.07727696  0.60908464 -0.9964331  -0.49004967  0.50912326
  0.38830851  0.14866564  0.59849136  1.79805114 -0.79780833  2.08577098
 -1.55120299  0.06694474  0.46075907]
[ 1.          0.3103182   1.92878166  0.85741097  0.29041419  1.47244628
 -1.06256051 -1.48864135  0.85943811  3.56915373  1.55983832 -1.79364295
  2.09128888 -2.90075321  2.32609253  0.66011307  0.4287302  -0.06760464
 -1.07773684 -0.173315   -2.72874845]
[ 1.          0.69505182 -0.25224025  1.34011927  2.67289078 -0.58647924
  0.36785025  0.13720259 -0.68657752 -0.93258052  3.55959575 -1.13181953
  1.68445982  0.3079668   2.76097091  0.13937639 -0.63111536 -0.87371037
 -1.07701951  1.07138405 -0.63856548]
[ 1.          0.8287457   0.39274542  0.01170326  0.1732401  -0.0852972
  0.88478058 -0.82603907 -0.80208154 -0.93524178  0.62591979 -0.18286721
 -0.41923432 -0.11593012 -0.54083324  0.6580877   0.14265909  0.27272713
  0.4446184  -1.16866779  0.08976628]
[ 1.          0.82717927 -1.08868138  0.28722108 -0.02937414  3.93500458
 -3.64953979  0.85374612 -1.20647135  4.37712303  3.34779804  1.08509776
  0.65818823 -0.63789607  1.36721253 -1.37500544  1.64992313  2.06727844
  0.75072198  0.21601522 -1.29060741]
[ 1.          0.73355469  1.8191166   0.09897564 -0.13093539  0.32814497
 -1.05830588  1.06250984 -0.89988445 -0.01847084  0.8158079   0.29763677
  0.10192578  0.96965994  0.11416672  0.14587823 -0.03031238 -2.28936666
  0.190802    0.32590012  2.24737409]
[ 1.         -1.08611931 -0.05953428  0.81160075  0.45653161  0.3366236
 -0.17739613 -0.09712073  0.04481183 -0.35017786  0.62748782  1.11768749
  0.95674763 -1.77801952  1.92536309  0.71674055 -0.59079456 -0.26981904
 -1.22992396  0.75583437  0.36098935]
[ 1.         -1.20989375  0.11524912  1.31146689 -1.28051765  0.35862359
  2.20146755  0.96897446  0.52579709  0.909613    0.58573224  1.72482542
 -3.89991186  0.612395    2.07484954  0.27095519  0.55099163  0.66846403
 -2.4971752  -0.43403675 -0.32585391]
[ 1.         -1.21041172 -0.93843429 -1.54007807 -1.27750558 -2.82939291
  0.54737691  0.60365904 -1.25415781  2.49857373  0.66183959 -0.73151008
  2.11165117 -0.61226926 -0.96462485 -0.95533695 -0.39532551  0.40541606
  1.32659842 -0.24842766  0.20697136]
[ 1.          0.84506855 -1.16330464  0.23921212  0.64285208  0.15230412
 -0.58262657  0.08296103  1.03437225  0.34773106 -0.08248578  1.05184639
 -0.4172569  -0.05506223 -1.18605279  0.18154025 -1.6786671  -1.50457018
 -0.09275335 -0.60429928  0.93411754]
[ 1.          0.88959042 -1.38469866 -0.87351965 -1.24467123  0.74316264
  1.0516509  -2.23308186 -0.48863381 -0.23045365 -0.70692865  0.30429443
  0.79303104 -0.11281786  0.16395759 -0.21223122  0.95973327 -0.44249053
 -1.49238605  1.12141435  0.29325475]
[ 1.          0.85127158  0.12901181 -0.58059353 -0.77517144  0.14640766
  1.23253678 -1.76854449 -1.36203892 -0.31214959 -1.24423606  0.13463616
  0.61578826  1.55641703  0.03426404 -0.41146027  0.82983528  0.49211973
 -0.26974089  0.69288177  0.51293147]
[ 1.         -1.28270037  0.27988897  0.35457224 -0.36101317  0.57396779
  0.2465448  -0.0800429   0.16306932  0.11350804  0.3140677  -0.82723617
 -0.3208089   0.46387237 -1.72041215 -1.8580357  -0.29973936 -1.66205736
  1.97482734  2.38054101 -0.60837177]
[ 1.          0.77426343  1.02472063  0.87709367  1.10683032  0.3983709
 -0.95843994  2.87914639 -3.02242285 -0.1026801  -0.41144866 -1.57839722
 -0.73179498 -0.33308342  0.02806953  0.07998568  1.36406598 -1.75132788
 -1.49324152  1.02948298  3.37984134]
[ 1.          0.76662667  2.43299938 -0.92440272 -1.33119455 -0.5160628
  0.59298131 -1.56401564  0.51901407  0.84241311 -0.25940302  2.1521779
 -1.49529406  0.21624997 -0.17806877 -0.01801401 -3.50964755 -0.25419625
  0.09363963  0.96427061  0.79305167]
[ 1.         -1.16396643 -0.13759352  0.43259095 -0.33558974  0.40517214
  1.6069337   0.59000245  0.58403369  0.24977346 -0.49385858 -0.24184564
 -0.79602369  0.21120027  1.38425531 -1.40348697  1.38576683 -0.32331434
  0.71285849 -0.94970946  0.81997639]
[ 1.         -1.31980052  0.13013868 -1.97694226  1.69018541  0.83712779
 -0.5056318  -0.25536054  0.24278252 -0.92860547 -0.15980502 -0.92197418
 -0.12921702  0.99766222 -0.3921761  -0.28686737 -0.5358638   1.62760568
 -2.83348138 -1.20405222  0.54320058]
[ 1.          0.8657696  -2.85473098  0.60643169  1.25391432 -0.0615018
  1.93927932 -1.5013182  -0.41696296 -0.0032918  -0.18517299 -0.19164334
  0.4336911   0.17108476  0.62430551 -0.05249899 -1.41776801 -1.6191213
  0.20814653 -0.08760356  0.40397685]
[ 1.         -1.30746357 -0.30234939 -0.41944545  0.40877229  0.5484095
  0.47184976  0.07336694  0.82801026 -0.26613596  0.32493695 -0.07718447
 -0.27055139  0.40495643  1.501612    1.29213338  0.91435405  0.77844491
 -2.80358874 -1.7843766   1.26509142]
[ 1.         -1.317717    0.0916733  -1.71812924  1.10478058  0.92263096
  0.64913163  0.42907295  0.54876004 -0.20086982 -0.07817258 -0.00866053
  0.79538141  0.16278449 -0.35202762 -0.45683003 -0.20711592  0.37337548
 -0.6470774  -0.79605367  0.12497316]
[ 1.          0.79850607 -0.42270938  0.56034186  0.82718723 -0.38905562
  0.61059628 -1.38932435  0.33803877  0.64007302 -0.70648268  0.3977213
  0.29750765  0.49666058  0.03841428  0.1158878  -0.34953879  0.27536833
  0.17901879 -0.08937007 -0.23630489]
[ 1.          0.13018831 -0.99454043  2.08308264 -2.90394102  0.25630962
  4.76688158  1.29790079  1.60094265  2.08737435  1.03029785 -1.16948479
 -1.77208095 -0.23454362  4.05980604  3.11264168  5.30914273  1.58938393
  2.24738229 -2.69344352  4.80077816]
[ 1.         -1.21093163  0.26348044 -0.65796215  0.50780395  1.16991183
 -0.119921   -0.17727324  0.82547245 -0.18790367  0.1543336   0.09609447
  1.02684696 -0.59151896  0.18130037  0.67066091  0.59618406 -0.67317399
 -0.58953775 -0.43698395 -0.8999772 ]
[  1.00000000e+00  -1.29664376e+00   2.36189952e-01   2.05090609e+00
  -1.26310959e+00   5.69838474e-01   2.07952581e+00   2.01245289e+00
  -1.38964289e-01  -1.28207874e-03   2.65293319e-01   3.16553167e+00
   3.37717989e+00  -6.56742634e-01  -1.98687217e+00  -5.76080076e-01
  -6.66532473e-01  -7.20529113e-01  -1.37823752e+00  -1.83657225e+00
  -1.67503367e+00]
[ 1.          0.76300022 -0.32618412  0.2874035  -0.0399979   0.98260309
  0.03775883  0.86063797 -1.37869364  0.44854292  1.07081911 -0.37469797
 -1.31573033 -1.66157805  0.48169363  0.47117752  0.34437556  0.20887632
  0.37074661 -0.07360041  0.56430196]
[ 1.          0.5630269  -2.36749545 -0.55466865 -2.44882261 -0.7952092
  3.55939974 -0.79457739  0.55196722  1.31780123 -2.3583813  -1.97344348
  1.7002429   0.52373117  3.91025904 -0.87176038  1.92547308  0.26933098
  0.85298294  0.16022887  1.97378274]
[ 1.         -1.29901231  0.0493842   0.21660389  0.03411913  0.80660034
  0.110631    0.0355368   0.50296365 -0.40799347 -0.65215956  0.71507108
 -0.75306902  0.37710049  0.22816722  0.44569126  1.61285967 -2.83778134
  1.98690667  1.01993432 -1.62276131]
[ 1.          0.85314801  0.79813058 -0.6431802  -1.3808453   0.59607608
 -1.39450159  0.43340661  0.97833901  0.84964346 -0.11734551  0.54717094
 -0.09468231  0.20118625  0.48699217  0.23948393 -1.5727919  -1.34693336
 -0.29493333 -0.87932714  1.3456446 ]
[ 1.         -1.28892017 -0.03094807  2.16712746 -0.5192792   0.87398501
 -1.05856459 -1.41650887  0.913843   -1.82416073 -0.29039009 -1.36609153
  1.1399653  -0.57062341 -0.59118493 -1.99760194 -0.282227    0.5889313
  0.87677113 -0.9425816   1.82670641]
[ 1.         -0.60705981  0.79725418 -0.11787585 -0.51076123 -0.76380616
  1.67227177  1.0311125  -0.59342463  1.57772556  0.45729036  1.39875502
 -2.27498443 -1.16903841  0.52039866 -0.79183654 -2.43345797  0.75121283
 -0.40352419  2.26540013  0.62219922]
[ 1.          0.83823734  0.71196745  0.01857338 -0.19920508 -1.20007479
 -1.00311721  2.54152795  1.19656624 -0.93491972 -0.05631997 -1.32847267
  0.80911705  2.10253884  1.83834231  0.07383858 -1.47620837 -1.01036723
  0.79186484 -1.04986166  0.39983524]
[ 1.          0.79136873  1.80495497 -0.13302692 -0.08862187  0.44969745
 -0.00882988 -1.09752049 -1.16867306  0.59437335 -0.69972779 -0.17928499
  0.44284508  0.63100491 -0.20250837 -0.17935284  0.44870779  0.40008345
  0.11092792 -0.45928893 -0.2637916 ]
[ 1.          0.80400834  0.18852248  0.14171179  0.62409658 -2.38019848
  0.89546534  0.57413848  2.16893157 -1.83922403  1.65240976 -0.29978774
  0.24881299 -0.22420228  0.05725301  0.33751322 -0.90071658 -0.0716883
  1.12131254 -1.3010618  -0.99377878]
[ 1.          0.88002274  0.99130045 -2.72897626 -4.38643357  1.01123313
 -1.54437497 -0.13398462  0.67731341 -1.72869562 -0.02884977  0.03845272
  1.47623157 -0.26742722  0.30529071 -0.1906723   0.8048965   0.2978182
 -2.1786463   0.60130259 -1.46015358]
[ 1.         -1.32651823 -0.4349578   1.20010068 -0.8860984  -1.16748195
 -1.94371373 -1.74740415 -0.22230885 -0.23856283  0.33017034 -1.08301247
 -1.59524957  0.2127337   0.32042499 -0.94098791  0.63043554 -0.69033937
 -0.02222039  0.11567683 -0.06801375]
[ 1.          0.87210244  0.1013246  -1.02708156 -1.45132799  0.22700199
  0.68478752 -1.55461219 -0.49717986 -0.77585835  0.7278418   1.06265762
  0.19244733  0.86110773  0.3422211  -0.55275908  1.11647299  1.11796838
  0.33892274  1.11890068  0.24205684]
[ 1.          0.86515504 -0.28226878 -0.0855629   0.30293423 -0.72066641
  0.7796102  -0.85723374  0.60827078 -0.68326729  0.07344063  0.64042019
  0.11179449  0.72245973 -0.56209736 -0.1199828   0.6567421   0.71206905
  0.17783852  0.54189417 -0.35550438]
[ 1.         -1.28830871 -0.07731656  0.86274442  0.00279099 -0.17313645
 -1.00858655 -0.29577859 -0.49504165 -1.24111945 -0.58894416  0.61282194
  1.96121343 -0.56011521 -0.63858297  0.2059771  -0.50115011  0.38951181
  0.0876701  -0.15870303  0.76848786]
[ 1.         -1.33412024 -0.32437431 -3.67552226  2.01138179 -0.14216754
 -0.24314385  0.21010488  0.06465642  0.39401085 -0.11570403  0.09108014
  1.36571198 -0.07387543 -0.3718468   3.24244379  1.26889079 -0.76256837
 -0.05214363 -0.12968118  0.84864325]
[ 1.          0.80472275  0.12527127  0.30855415  0.23701779 -0.60397302
 -0.02097319  0.65433541  0.95263322 -0.20758002  0.13487822 -0.40241605
 -0.37898475 -1.4570786  -0.1595244  -0.12824857  0.68528838  0.24041861
  0.18553021 -0.43853421  0.45093379]
[ 1.          0.29982008  1.14464462  0.82069672  1.47403038 -0.46263061
  0.30793613  1.89511312 -2.7496317  -0.64573948 -1.40220156 -0.71422557
 -0.06305644  0.26851989  0.0942323  -0.59826722  0.65357371  0.36462503
 -0.58464869  0.62067525 -0.41901999]
[ 1.          0.82408364 -0.70607909  0.16790302  0.3681764  -0.06510557
  0.58964856  0.42748154 -0.86346595 -0.18490422 -1.01387393 -0.59699644
 -0.8262122  -1.15456823 -0.67428484 -0.09787675  0.55342841 -0.22865102
 -0.74379581  1.00313891  0.49252526]
[ 1.         -1.16510715 -0.1699205   0.91380218 -1.52788742 -0.19682483
  1.06442037  0.30228128  0.19907401  2.09960161  1.48322321 -1.96644137
  0.4332111   0.30948285 -1.15172149  2.22386186  0.38629439  0.11920384
  0.77355751  1.51584849  0.55791364]
[ 1.          0.84160655 -0.59375885 -0.44058025 -0.38640715  0.49673463
 -0.52685072  0.07150602  0.02148124 -0.31924172 -0.41336219  0.54601734
 -0.48597689  0.23153676 -1.38675681  0.13865474  0.44274044  1.0256951
  0.14978607  0.16621968 -0.59107727]
[ 1.          0.82319205 -0.13552278  0.01569754 -0.23061182 -0.19894007
 -0.47229184 -0.18424314  1.75552238  0.2206022   1.06681056  1.2736824
  0.42097482  1.09039712  0.57230915  0.11271519  0.94987399 -0.15240581
  0.34852896  0.10984688  0.80353349]
[ 1.         -1.2047738   0.82635669  0.73919151  0.02051703  2.75340653
  0.83821968 -0.5710608   1.58951847 -0.38929097  0.55968803 -2.52784685
 -0.06283207  0.63106275 -1.43919764 -1.25535688 -0.86820708 -0.14413597
  0.54524914  1.07156232 -0.36413679]
[ 1.         -1.28897451 -0.02329756 -2.53268709  1.83188889  0.53189499
 -0.37536099 -0.00989795  0.13801988 -0.50700025 -0.84846244 -0.14224852
  0.4922621  -0.25753973  0.15940837  0.64765518  1.44913287 -1.43564817
  1.59005662  0.06958337  0.03828348]
[ 1.          0.84752267 -0.31643077 -0.04348156  0.29268134 -1.43564577
  0.39756128  1.28499285  1.56323381 -1.71905618  0.02941798 -0.8875322
 -0.74661559 -2.03344334 -0.64610889  0.12623032 -0.69791199  0.85107354
  0.56245996  0.75799005 -3.01495456]
[ 1.          0.8099234   0.40718827  0.79362313  1.44293179 -1.27604823
  2.18223285 -1.49375424 -0.89840622  0.51942359 -2.22799869 -0.63117502
  0.12186478 -0.63750836  0.33005551 -0.65902297  0.4121485  -0.24632383
 -0.63073451  0.54494835  0.47049826]
[ 1.         -1.20666688  0.76366102 -0.78011308  0.67652483  1.27590301
  1.09907232  0.84584961  0.12322188  0.12953129 -1.03675469  0.55769571
 -0.71015379 -0.71929394  1.01628416 -1.26614085 -1.12662754  1.46879154
  2.13104149  0.10306041  0.08156861]
[ 1.          0.80417265 -1.94773011 -1.86707241 -3.41165208  0.15637887
  0.12248822  1.56252164  0.08777989 -0.8822809  -2.2628773  -2.38237248
  1.46162456 -0.36667511  2.00061825 -0.93142253 -0.01457602  0.25944892
 -1.15030348  1.79832373 -1.54489269]
[ 1.         -1.31355614 -0.25786534 -1.98170814  0.6002981  -0.64155897
  0.28039867 -0.02932092  0.16333926  1.25429137  0.91664361 -1.23004198
 -1.13089498  0.73084278 -0.8022095   0.84159662 -0.17472648 -0.49122578
  0.6703567   1.06009278  0.23815517]
[ 1.          0.88761877 -2.23700825  0.45928794  0.70350992  2.08850649
 -3.48348794  0.6582979   2.22428811  3.61445262  1.26071983  3.26159217
  0.96817806  2.82060426 -0.21097921 -1.52995354  1.32994013  2.36271118
  1.07712726  0.01428656 -0.4594763 ]
[ 1.         -1.00906927  0.68085944 -0.19183646  0.31113412  1.23262732
  0.28755956  0.61850664 -0.69683075 -0.99521355 -0.5321948  -0.17239638
  2.15946879  0.69958542 -1.99331154 -0.96933424 -0.77381303  1.67981557
  0.57543935  1.20732037  0.44273136]
[ 1.         -1.29999474 -0.56034967  0.16162062 -0.49565125 -1.92161853
 -1.35682285 -0.76581704 -0.84700938  0.18141172  0.43069141 -0.14519231
 -1.0131123   0.67367359 -0.11619856 -1.16774753  0.88714206 -0.9714938
 -1.86470304 -1.8034093  -0.89205584]
[ 1.          0.73247873  1.20468661 -0.43160728 -0.62367478 -0.38707317
 -0.00806581  0.29746393 -0.31199254  0.29467528  0.23674304  0.47710101
 -0.44207649 -0.06649179  0.51104212 -0.51560804 -0.76739251 -0.67882147
 -0.93143038  1.84406987  0.55077905]
[ 1.          0.8911192   0.74564291  0.15030454  0.58569516  0.55439091
 -0.98478935 -0.64934068 -0.17867886  1.56946983 -1.24121268  0.54939229
 -0.28065964  0.2254147  -2.55365765 -0.22312914  2.14414871  1.35822437
 -1.02707019 -1.32944951  1.33101547]
[ 1.          0.86285575 -2.12771569 -0.18345931  0.11844475  3.06206195
 -0.87090086 -0.13545084 -3.62978913  0.0305111   5.38898116  1.27280144
 -0.1000727  -0.08642686  1.8558383  -1.22603273  0.36365574  1.66922282
  2.90556698 -0.17249095 -2.02873462]
[ 1.         -0.87267655 -0.98913902  2.65516236 -0.6789859  -1.12207042
 -3.08728732 -1.45845695 -0.42335322 -0.77279644 -2.3912133  -0.10820543
 -2.45077688  2.41241988  1.00765605  6.21178843 -1.1609768   1.93934417
  0.62798477  0.3492914  -2.28228613]
[ 1.          0.83548012 -0.56798574  0.42753488  0.81697909 -0.44710363
 -0.068193    0.36099898  0.74168861  0.23428987  0.16339979  0.01357669
 -0.46056787 -1.06550998 -0.47949104 -0.20864983  0.16769894 -0.60346153
 -0.62092563  1.18543305  0.4435642 ]
[ 1.         -1.30595745 -0.06352251  0.61962226 -0.04606629  0.1801036
 -0.39301445 -0.30699081  0.07225433 -0.84892212 -0.61160598  0.41425967
 -0.83716539  0.5740356  -0.01006949 -1.23644763  0.65260396 -1.07120118
 -0.90183053 -1.22572866 -0.99976462]
[ 1.         -1.13202408  0.31788252 -1.58189664  2.29198881 -0.68199263
 -0.89544209  0.95444901 -2.27786628 -1.65210402 -2.09732076  0.77173403
 -0.98007252  0.53105352  1.14604584 -1.72250369  0.28826365  2.38027294
 -3.89454573 -3.16968903 -0.28886567]
[ 1.         -0.84678972 -0.09969256  2.99452577 -1.81404139  1.22076225
  2.92794689  1.8702752   1.43411181  0.42057122 -0.70939563 -0.03641173
  0.31579345  0.52849154  1.02504697  2.08669172  2.79610619  0.66044456
  2.45832204 -3.30620195  2.14649621]
[ 1.          0.85544573 -0.24434766  0.4654752   1.11639254 -0.86966135
  0.41945456 -0.08569346  0.45356554 -0.26212335 -0.07475082  0.12815654
  0.3228825   1.54873127 -0.03497263 -0.06444217 -0.18831935  0.58507034
  0.57183163 -0.35037489 -0.36021158]
[ 1.         -1.3205599   0.17440653 -0.63972885  0.8968078   1.42020512
  0.48761933  0.15063635  0.80988829 -0.75564842 -0.02799479 -0.02978588
  0.19918296  0.33511647 -0.28878673 -0.28593329 -0.3578993  -0.32796121
 -0.61962548  0.53787218  0.00832481]
[ 1.          0.85930476 -0.13582402  0.40390894  0.83178663 -0.71529864
 -0.36947516  0.16904215  1.23515032  0.69933896 -0.87717192  0.12748381
  1.39981444  2.70343746  1.31540146 -0.62767856 -0.5871888   0.1415781
 -0.06601021  0.54370151 -0.61962817]
[ 1.         -1.19078687  0.55410197  0.77649735 -0.29306757  0.99660244
  0.53393668  0.10851749  0.20994226 -0.25769387 -0.18802548  0.06580265
 -1.52614673  0.53376232 -0.12120981 -1.30361684 -0.3652921  -0.0083426
  0.66067178  1.2821561  -0.36236263]
[ 1.          0.83409166 -0.05522665 -0.96980248 -1.46127033  0.45282213
 -0.61849652 -0.21469678  0.84948463 -0.58983354  0.78373748  0.30683844
  0.45496794 -1.05671705  0.15599722  0.08515914  0.26260097 -0.22182162
 -1.12611936  0.4312093  -0.82165343]
[ 1.         -1.2574385  -0.32177003 -0.05302773 -0.12732626 -0.9227667
 -0.61452734 -0.23859428 -0.21805339 -0.2726647  -0.46106361  1.73704019
 -0.63015129 -0.53652457  1.2152084  -1.76444671  1.19394129 -1.39551322
  0.40391752 -0.74574378 -0.27387548]
[ 1.          0.83916361  0.85268145  0.69404653  0.99872572 -0.46696704
  0.12511904 -0.5781028   0.57711493  2.241701   -2.38074358 -1.10593909
  0.67341649 -0.01479765  0.5489206  -0.26949481  0.44523352  0.35438839
 -0.37640263 -0.39516001 -0.72981156]
[ 1.         -1.25386635 -0.2129937  -0.11050178  0.67531642  0.59347358
 -0.60997935 -1.3690584   1.13814141 -0.63925533  1.78205638 -3.4082637
  0.37574404  1.07451455 -0.88456919 -0.7962249  -1.06638004  1.11247147
 -2.27822008 -0.87904358  1.66563137]
[ 1.          0.74490454  3.57830043  1.18447407  1.84910537 -0.13501539
  0.27956978 -2.4367232  -0.30488387  4.20968567 -2.81141776 -1.42509961
  2.04677356 -0.85211473  1.88525421  0.04651065 -0.4461098   0.05194769
 -0.39223987 -0.8643103  -4.4524743 ]
[  1.00000000e+00   7.76937088e-01  -8.14856118e-01   6.79181751e-01
   2.23856936e-01   2.64538958e-01  -1.21651714e+00   2.23857974e+00
   3.09453539e-02   7.42991302e-02  -1.62112839e+00  -1.11119861e+00
  -6.33838147e-01   1.29439863e+00  -3.76367495e-05   1.07745854e+00
  -7.13283450e-01   5.20692192e-01   1.06363036e+00  -1.52576788e+00
  -4.17076217e-01]
[ 1.          0.86059659  2.40209611 -1.54520287 -2.30830557 -0.77564061
  0.21092059 -0.56030074  0.32607402 -2.79251182  1.82606171  0.38660015
  0.21994637  0.64155943  0.20807566  0.4619056   0.3781725   0.31822289
  1.16323801 -1.05452999 -0.17889837]
[ 1.         -1.2269206   0.10292379 -2.03818545  0.73284724 -1.10665634
  1.10728418  1.39795539 -0.94600655  0.97537326  0.01232235  1.35576617
 -1.32181019 -0.0647932   0.50416604 -1.02069867 -1.53488559  1.85733513
  0.34524202 -0.52691308 -0.09791886]
[ 1.         -1.11460699  0.46630901  3.30236892 -1.68278471  0.06937915
  0.12998333  1.1543879  -1.14788633 -0.42747677 -0.63299056  1.56822172
  1.15274532  0.87899739 -1.39939879  1.68187425  1.31839539 -2.89643498
  0.75528539  0.89616149 -2.08813219]
[ 1.         -1.32575165 -0.52750102  0.81330461 -0.39234938 -1.12276009
 -2.61793056 -1.81981686 -0.49679017 -1.09416712 -1.0763311  -0.13353828
 -0.53808485 -0.45927753  1.08466817  1.35274863 -1.10259598  2.44623683
  1.56625587  0.71637937  0.82400919]
[ 1.         -1.27934335 -0.20647084  0.81533606 -0.45832853 -0.96222073
 -0.88257212 -0.29122822 -0.75746556 -0.37827266 -0.60442234  1.03547411
  0.89907531 -1.53271732  0.89689024 -0.64051808 -0.3514226   0.75679399
  0.58969773 -0.3160031   1.01776875]
[ 1.         -1.24909106 -0.24494553  0.63471281 -0.21761957 -1.3404662
 -1.13782005 -0.10931364 -1.41456115 -0.37171069 -0.52718728  1.62098462
  1.24037499 -1.42982778  0.88594873  1.38840021 -1.21341868  1.28896206
  0.36300375  1.67415848  1.03120864]
[ 1.         -1.19094111  0.34049006 -1.20890866  0.97685747  0.49588347
 -0.01824174  0.71464056 -0.28905036 -0.43251015 -0.39633381  0.77217229
  3.03260901 -0.90087549 -1.19058456  0.15971957  0.01814886 -0.363393
  0.49871307  0.11233173  1.33193865]
[ 1.          0.81789514  1.29774247 -0.36282462 -0.64262667  1.32499406
  0.26852949 -3.02818128 -0.7958425   0.60826141  1.14170425 -0.95549365
  1.17390176 -3.43336115 -0.67268418  1.31025781  2.87957095  0.47330116
 -2.61885471 -1.21106623 -1.76723676]
[ 1.          0.89126637 -3.68030122 -3.22367712 -5.7665788   3.28435248
 -0.40697646  0.02766034 -1.28334803 -1.50358674 -1.94578695 -2.18310793
  1.08454139 -2.07362314  2.71611326  0.88058514 -6.16803987 -4.74818789
 -2.37618987 -2.40902557 -1.98169939]
[ 1.         -1.25752172 -0.23984401 -2.53248376  1.47867467 -0.03792474
 -0.79625653 -0.43902382  0.23469853 -0.16827091 -0.75068562  0.60909263
 -0.45885257 -0.37321434  0.98191585  1.55690493  1.36286978 -1.28131017
  1.47318232  0.18274765 -0.64258098]
[ 1.          0.7921299  -0.98085652 -0.38947947 -1.00787769  0.89206247
 -0.60281279  1.49495715 -1.493224   -0.18462549 -0.8564713  -1.42206949
  0.0895441   0.24543881 -0.23784421  0.12594539  0.47111631 -0.36775236
 -1.01601486  0.94611364  0.71529861]
[ 1.          0.88513698 -3.45268982 -0.33232162 -0.36221841  2.30280622
  1.46283683 -1.74430117 -3.15717676 -0.82661431 -0.1478437  -0.34941961
 -0.94181993 -0.3999756  -0.57660474  1.24133303 -3.12464204 -1.98405252
  0.94782049 -2.92794439 -0.27791377]
[ 1.         -1.32216445 -0.19985122  0.54766848 -0.93999908 -0.04924922
  0.95810079  0.25990548  0.61973285  1.22795584  1.85404629 -1.61381089
  0.22570864  1.67869933 -2.58778505  2.18590745 -0.56135384  0.72543904
 -2.21449264  0.01386517  0.15370756]
[ 1.         -1.20336457  0.45427755  2.33596189 -0.98359503  1.18675915
  2.21588113  2.22191666 -0.34887085 -0.5197503  -0.90282961  3.28722783
  1.08431759  0.25298811 -0.14591387  0.62773481  0.26645953 -0.69947814
 -1.31015705 -0.15801006 -2.07194679]
[ 1.          0.82149893  0.72910381  0.0545387   0.34926416 -0.51416901
  0.53934963 -1.06871835  0.50300303  0.36820729 -0.25938059  0.62820569
 -0.10536282 -0.5965444  -0.36856054  0.0982155  -0.11810614 -0.32487842
 -0.15792414  0.43053246 -0.33880422]
[ 1.          0.86973701 -1.79461872  0.07097189  0.05862885  1.10808626
 -1.60022419  1.24093852  0.55401472  1.06585414 -0.28632875  0.36785822
 -0.14939538  0.0839126  -0.38120033 -0.62902709  0.04984846  1.10847833
  0.45353936 -0.40212986 -0.75313616]
[ 1.          0.5937246   1.18293567  0.05104566  0.88414141 -0.68345437
  0.08125559  2.10162408 -2.68580221 -1.87345886  0.81994725 -0.72148929
  0.074511    2.25814409  0.2613773  -0.64058957 -0.02751241  0.97495641
  0.58369661  0.50746696 -0.68907467]
[ 1.          0.89113076 -3.51833116  1.1495428   2.36698498  0.43719702
 -0.00742152 -0.98619497  1.09596909  1.85397432 -0.78258408  1.67482653
 -0.30180246 -0.0086834  -2.03758451 -0.70611241 -2.11264306 -2.08067207
 -0.54147532  0.36371492  1.79635328]
[ 1.         -1.26375365 -0.22280846  0.38469171 -0.46505442 -1.10123215
 -1.30349067 -1.01148836 -0.36931982  0.45978413  0.16000421 -0.80893942
 -0.50143519 -0.53572334  0.22946231 -0.39480354 -0.7101108   0.67475909
  0.95393794  0.41986014  0.16605669]
[ 1.         -1.26756202 -0.73774001  4.64633307 -2.79962235 -2.3043122
 -2.85887872 -1.08661405 -1.84897694 -0.03152871 -0.61367205  0.00902166
  1.11930873  1.31662488 -1.75995857  8.58375067 -1.00787641  1.19566374
  0.72964116  3.10776829 -0.75018335]
[ 1.         -0.69721693 -0.0786451   2.11542864  0.04799136 -0.23604527
 -0.72293358 -1.02121558  1.20712043 -1.47737337 -0.86658783  0.13262384
  1.26001189 -3.48505655  1.19953198 -3.89031013  0.51552626  0.54779374
  2.35283668 -1.19262423  3.70720528]
[ 1.          0.6550858   4.10204695  0.16173127 -0.07676015  1.37715317
 -0.52674089 -0.38099813 -1.48849864  1.97790931 -0.94971729 -1.77983483
 -0.41220795 -1.24815899  0.59582976  0.71980845 -1.44819011 -0.40286552
  1.58832303 -2.79758222 -1.32470737]
