Cluster centers 

[ 1.38174903 -0.62258535  0.22461748 -1.35657896]
[-0.68717236  0.28612299  0.88409152  0.90214397]
[-0.8033263  -1.13051224 -0.32599814  0.1246092 ]
[ 1.43542401  0.60082994 -0.42194331  0.99243543]
[-0.8135305   1.5847664  -0.20599995 -0.68569663]
[ 0.69983126  1.19983968  2.63711675 -0.25061612]
[-0.80910035 -0.39718972 -0.53007755  1.22056296]
[ 1.13884564 -0.25121731  1.4518623   0.76758886]
[ 1.32108657 -0.08666114 -1.86531571 -0.42986418]
[-0.80691388 -1.45549011 -0.15957472 -2.54380796]
[ 1.409257   -0.58653562 -0.21017972 -2.40733557]
[ 1.4031412   0.37942239  0.19703092  0.96281378]
[-0.80328783  1.09838458  0.11238829  0.07162574]
[ 1.41562794 -0.3223399  -0.10957873 -0.1292061 ]
[-0.78709903  0.51883249 -1.13928632  1.09642535]
[-0.74284359 -1.5349501   0.41996869 -1.8322587 ]
[-0.74875338  2.10592808  1.11172678 -2.62597015]
[-0.5591477  -0.27247301  1.28418317  1.14826034]
[ 1.3459519   2.44403655 -1.0553555  -0.64806323]
[-0.77559872  1.15217728 -1.10829727  0.42310339]
[ 0.93532928 -1.01253377  1.84351534 -0.63440005]
[-0.69533955  1.15351103  1.15166612 -0.36740811]
[ 0.58864449 -1.12642605  2.25980741 -0.110665  ]
[ 1.29693536  0.32839744 -2.01007892  0.58511124]
[-0.56636568 -1.39233827  1.12490687 -0.17830524]
[-0.79077551 -1.43471727 -0.031532   -1.4032911 ]
[ 1.42638581 -0.35051568 -0.74047126 -0.87308557]
[-0.64791831 -1.62653904  0.97883547 -2.83648921]
[ 0.71864446 -0.69916597  2.08977762  0.59336886]
[ 1.1146495   1.04708535  1.83606549  0.39968432]
[-0.80978924 -0.82156116 -1.01968184  0.6023834 ]
[ 1.41262567  1.12093292  0.20240421  0.78466902]
[ 1.43178957 -0.09682116 -0.52108692  0.27415037]
[ 1.27331834 -0.29345568 -1.86231007 -3.31854512]
[-0.81043704  1.75485519  0.21811824 -1.25303685]
[-0.44031654  0.88998554  1.99469375 -0.09673958]
[-0.80638964  0.82935798 -0.69926172  0.70381084]
[ 1.34490541 -0.32573114 -1.58378486 -2.24599123]
[-0.75390795  0.67549729  0.56302382  0.54981788]
[-0.81646356 -1.09836885 -0.81050041 -0.10071284]
[-0.74367741 -1.37183541  0.31685454 -0.48150698]
[-0.74701068 -0.64557947 -1.76991429  0.6056322 ]
[ 1.40527043 -0.0122619  -1.24889781  0.14748521]
[-0.70369661 -0.59930156  0.58074438  1.14223187]
[-0.80280557  0.75501189 -0.03058987  0.60665517]
[-0.76896151  0.12117147 -1.47337041  1.28644385]
[-0.80743916  2.00875451  0.38193487 -1.96183212]
[-0.80570144  1.38015233 -0.56779821 -0.14199818]
[ 1.31784896  0.16825486  0.8052274   0.93699513]
[-0.80409596 -0.27251912 -1.04684478  1.20858466]
[ 1.11589109  1.73814679 -2.25857403  0.59991233]
[ 1.41665408 -0.41678281 -0.85715356 -1.65741855]
[ 0.32387365 -1.17783746  2.25329359  0.04787166]
[ 0.33563363  1.46653148  2.85814655 -1.06288379]
[-0.78039031 -0.54142175 -0.01649096  1.15618372]
[-0.73595758 -1.02152382  0.32840032  0.65208833]
[-0.62079684  0.61613794  1.30558105  0.44773663]
[ 1.40801199 -0.47496397 -0.04267647 -0.73610708]
[ 1.25036093 -0.65603831  1.01484844 -0.31504716]
[ 1.41038861  0.78164701 -1.10578667  0.96676576]
[-0.81218751 -1.33678769 -0.39645316 -1.04515239]
[ 1.43101546  0.17768933 -0.72159618  0.70160286]
[-0.79815828 -0.96801111 -0.27889138  0.58964091]
[-0.7916606   1.3940527   0.43294432 -0.57524172]
[ 1.26896513 -0.20287922 -2.07577508 -1.38216081]
[-0.61198539  1.16098646 -2.06726571  0.72897195]
[ 1.41357796  1.88759855  0.38727734 -0.19470653]
[-0.54091721  1.37027594  1.90125647 -1.03176951]
[-0.29886336 -1.02034703  1.7943688   0.71360105]
[-0.7374351  -1.50631591  0.62756382 -4.45078307]
[ 1.31239558 -0.33189437  0.75301865  0.39971791]
[-0.05721602  0.12930579  2.34661023  0.8287976 ]
[-0.60715175 -1.00678748  0.98875988  0.77487927]
[-0.79114482  0.43396676  0.06845313  0.92653384]
[ 1.37418207 -0.37990809  0.35331501  0.02722524]
[-0.81093247 -0.73795975 -0.59728503  0.90667084]
[-0.68892126 -1.49129369  0.66280876 -0.96151192]
[ 1.13534221  1.82837382  1.98498833 -0.8690592 ]
[-0.77472503  1.94846877 -0.79373301 -1.16224562]
[ 1.34947648  1.46045997  0.93899682  0.23946791]
[-0.74050505  1.5620528   1.03098213 -1.17622414]
[-0.81081061  0.47921312 -0.5383159   1.00723625]
[-0.81253054  1.08518273 -0.35805916  0.25548445]
[-0.73806326  1.60229034 -1.27743403 -0.21903627]
[ 1.40451624 -0.0544941   0.09152713  0.59923833]
[-0.80046796 -1.29483105 -0.23004364 -0.53360366]
[-0.80487121  0.03854507 -0.34428811  1.23531362]
[-0.78035459 -0.93508711 -1.51507349 -0.07116516]
[-0.75535476  0.04248745  0.34901943  1.14944598]
[-0.76706111  1.05437517  0.58365997 -0.01079656]
[-0.81067698 -1.25025332 -1.00481411 -1.4894285 ]
[ 1.42683509 -0.23677865 -0.77839817 -0.3215521 ]
[-0.66237556  0.1544806  -2.13531513  1.2226452 ]
[ 1.39280465 -0.2689837  -1.3133853  -1.02394807]
[ 1.25169534  0.65631581  1.22358099  0.89254996]
[-0.7556032  -1.21857408  0.19489472  0.10422957]
[ 0.76553254  0.27188147  2.28253406  0.8547447 ]
[-0.44120971 -1.61835562  1.5211003  -1.50381827]
[-0.81172699 -1.17089696 -1.02097855 -0.72752438]
[-0.80615057  2.30672195 -0.24733016 -2.40657239]

Populations

0.00974361827823
0.00852791022088
0.0119419681428
0.0141563936985
0.0133284110504
0.00431022750172
0.0100907490353
0.0174542742788
0.0124033515059
0.0056164421992
0.00540853351064
0.0177654479461
0.0142205233012
0.0184961428719
0.00882203553036
0.00828570437768
0.00575702580067
0.00697756122234
0.00239802232128
0.00900489934002
0.00566597871408
0.00805027117314
0.00510281226286
0.00949619630307
0.0105976753355
0.00946723452449
0.0177228574643
0.00496863094126
0.0114720573585
0.00793822556667
0.0121563399671
0.0108139606722
0.0226193446914
0.00292445715332
0.0139900305714
0.00302066425019
0.00845703121139
0.00752530718127
0.0112867484285
0.0126893799472
0.0114406592383
0.00637923216981
0.0182729347637
0.0110985682602
0.0124343363327
0.00624182263806
0.00743906364388
0.0109257464146
0.0195132646808
0.0123176609495
0.00145893940306
0.0138872708044
0.00576337124922
0.00209424858546
0.0137392843924
0.0112543218093
0.00724956327226
0.0152125939747
0.0129589550148
0.01000425843
0.00934335647784
0.0186392619849
0.0146990569691
0.0138451325031
0.00812346236031
0.00274863273357
0.00309524207105
0.00285596425561
0.00543964368164
0.00114965557615
0.0160313832799
0.00340251684538
0.0083613843865
0.0103436915598
0.0156323785999
0.0114843540472
0.011929850549
0.00534210300171
0.0102717073922
0.00613974210756
0.00857830320502
0.0105627722863
0.00899429114707
0.00636639361513
0.0247051325345
0.0123082356925
0.0135571649959
0.00725514455025
0.0102527981938
0.0108223237722
0.00479871015077
0.0220746724959
0.00354220497513
0.0141631767519
0.0139970958008
0.0139743113212
0.00734053836974
0.0056095960439
0.00653609870747
0.00532197312878

State labels

0
1
2
3
4
5
6
7
8
9
10
11
12
13
14
15
16
17
18
19
20
21
22
23
24
25
26
27
28
29
30
31
32
33
34
35
36
37
38
39
40
41
42
43
44
45
46
47
48
49
50
51
52
53
54
55
56
57
58
59
60
61
62
63
64
65
66
67
68
69
70
71
72
73
74
75
76
77
78
79
80
81
82
83
84
85
86
87
88
89
90
91
92
93
94
95
96
97
98
99

Eigen values

1.0
0.950955385913
0.234569439701
0.148187681381
0.124633807653
0.123493218233
0.114021758365
0.108905824755
0.10859875318
0.104663784851
0.0990860080105
0.0950031984904
0.0904084841657
0.0886144625337
0.0826817894525
0.0800441204862
0.0790180146831
0.0783139952157
0.0764852203563
0.07527987118
0.0709176623808

Left eigenvectors

[ 0.00974362 -0.01098858 -0.00063334  0.01051819  0.01052101 -0.0059544
 -0.0008333  -0.0144627   0.00139321  0.00060943 -0.00465174 -0.0143863
  0.00529373  0.00040858 -0.01399705  0.00835293 -0.00689756  0.00205916
 -0.01830403 -0.01447965  0.00633913]
[ 0.00852791  0.00787459  0.00035202  0.00295165  0.00416172  0.00605351
 -0.00264181 -0.00303297 -0.00114982 -0.01434833 -0.01278137  0.01848571
  0.01754903 -0.01381969 -0.00707296  0.01466207  0.00486973  0.00244052
  0.00292171  0.00206046 -0.00126335]
[ 0.01194197  0.01063685  0.02079124  0.0016036   0.00694525  0.01019359
 -0.00908833  0.00232285 -0.0078679  -0.0075788   0.00676468 -0.00483151
 -0.01787701  0.00288459 -0.00254283  0.00460511  0.00260465  0.00570863
 -0.00217718  0.0072562   0.00528466]
[ 0.01415639 -0.01584478 -0.00179361  0.02119888 -0.00950366  0.00771349
 -0.01251964 -0.01296608 -0.01335207  0.00737194 -0.03486585 -0.01418696
 -0.00976139 -0.00716247  0.02205798 -0.01274362 -0.00148179  0.01697655
 -0.00422739  0.00998727  0.02319165]
[ 0.01332841  0.01257702 -0.02611983 -0.0035902   0.00068359 -0.00729239
 -0.00938405  0.00268035 -0.00484168 -0.02488381 -0.00596175  0.00999467
  0.01886001  0.00382546  0.00522071 -0.00048353  0.01061326  0.00794567
  0.00408232 -0.00771197  0.00726365]
[ 0.00431023 -0.00331048  0.00178876 -0.02792178 -0.01338477  0.00207803
  0.01100428  0.01054696 -0.01767202 -0.0068496   0.00914474 -0.00984232
  0.00188945 -0.007096    0.00523534 -0.00268541 -0.00874613  0.00757853
 -0.00782291  0.00252734  0.01708635]
[ 0.01009075  0.00929113  0.00899997  0.0027965   0.00423435  0.01307287
  0.01124929 -0.0027097   0.00682173 -0.00012741  0.00122553  0.00161828
 -0.0112283  -0.02408933 -0.00112638  0.01781681 -0.00878405  0.00733219
  0.01384543  0.00175812 -0.00816503]
[ 0.01745427 -0.01896545  0.00056752  0.00467424  0.00483288 -0.00397332
  0.00825892  0.00641495 -0.0088094   0.00260964  0.01817669  0.00797541
  0.00146236  0.00066376 -0.00508945 -0.00521481  0.00228059  0.00384027
  0.01984749  0.0157618   0.00062169]
[ 0.01240335 -0.01420181 -0.00122371  0.01307565 -0.0003079  -0.00463537
  0.01702735  0.01298375 -0.01399635 -0.0104141   0.00434634 -0.01755227
  0.00505584 -0.00308973  0.00328077  0.00275656 -0.00461816 -0.00596223
 -0.01212275 -0.01480746 -0.03119704]
[ 0.00561644  0.00519349  0.00460619  0.0005974   0.00877069  0.01181558
 -0.00495359  0.0058132  -0.00415308  0.00052043  0.0017282  -0.00232388
  0.00499113  0.00074499  0.00019303 -0.01422627 -0.01289599  0.00615181
 -0.00739737  0.00420382 -0.01133307]
[  5.40853351e-03  -6.17202334e-03   1.73338887e-04   5.19023974e-03
   6.69391276e-03  -5.35374553e-03   5.15889735e-03   9.64680461e-03
  -5.08658836e-04  -1.27278101e-03   6.43639098e-03   1.34852028e-02
  -5.05563276e-03   1.87065092e-03   6.98207267e-03  -4.46467426e-03
   4.41679779e-03  -2.10692956e-03   6.11610468e-05  -4.14462386e-03
  -1.11068960e-02]
[ 0.01776545 -0.01979895 -0.0011552  -0.00330599 -0.00906678  0.00838001
 -0.00754583  0.02465554  0.03727015 -0.00657244  0.00690566  0.00725611
  0.00442957 -0.00261227  0.00757579 -0.00105685  0.0122656   0.00585069
  0.01649104  0.02189246  0.01521063]
[ 0.01422052  0.01361346 -0.0229062  -0.0022671   0.0014857  -0.00519519
 -0.0089599   0.00116286 -0.00058187 -0.00293015  0.00387971 -0.00599049
 -0.00276239 -0.00491087 -0.00240427 -0.02056106 -0.00473005 -0.01322716
  0.02180492 -0.02246348  0.00291721]
[ 0.01849614 -0.02099468 -0.00421028  0.02832992 -0.02355762  0.00918828
  0.00215691  0.02089204 -0.01989158  0.00567337 -0.01636647  0.01932019
 -0.01691566  0.01655429 -0.00779803  0.00180105  0.00106475 -0.0126478
  0.00313143 -0.01101409 -0.01109675]
[ 0.00882204  0.00819371 -0.01107849 -0.00119041  0.01197953  0.01446354
 -0.01648221  0.00480622 -0.01228327 -0.01611714 -0.00101071 -0.00149913
 -0.00636003 -0.00726718 -0.00459699 -0.00661767 -0.00572543 -0.01351656
 -0.00145578  0.00180431 -0.00034815]
[ 0.0082857   0.00743881  0.01840033  0.00158626 -0.01181628 -0.00109593
  0.01196487 -0.00589369  0.00520132 -0.00270845 -0.00037225 -0.0008032
  0.00068879  0.00803189 -0.00273317 -0.02223375  0.01208839 -0.00917617
  0.00017769 -0.00991472  0.0100846 ]
[ 0.00575703  0.0053339  -0.00995075 -0.00234289 -0.00247779 -0.00850435
  0.00265309 -0.00419782 -0.00158055  0.00222812 -0.00196456  0.00305698
 -0.00431773 -0.00146995  0.00964418  0.00372057 -0.0056083  -0.01425275
  0.00117324 -0.00066964  0.00540531]
[ 0.00697756  0.00593201  0.00453957 -0.00176829  0.00724767 -0.0041963
 -0.01958868  0.00504293 -0.00154742  0.00600203  0.00470004 -0.00571556
  0.00298186  0.0132977   0.00997775 -0.00890607 -0.00934161 -0.01655057
  0.01418719 -0.00808105 -0.00350114]
[ 0.00239802 -0.00277939 -0.00049389 -0.00248351 -0.01151793  0.00382367
  0.00123669  0.00316415 -0.01179908  0.00105654 -0.00130898  0.00168643
 -0.00177567  0.00170739 -0.00023659 -0.00014299 -0.00191533  0.00362326
  0.00604374  0.00199657 -0.00317446]
[ 0.0090049   0.00851681 -0.01060343  0.00295067  0.0016693   0.01725422
  0.01662256 -0.00690256  0.00806099  0.01053192  0.01249064 -0.0110456
 -0.00100813  0.02243508  0.01175082  0.00823068  0.01448573  0.00945585
 -0.00215742 -0.00051425  0.00716809]
[  5.66597871e-03  -5.35173639e-03   1.46369996e-03  -4.92722823e-03
   5.80588103e-03   1.78251004e-03  -5.99698602e-04   5.74677473e-03
   9.50402458e-03  -9.18517504e-04  -1.31212973e-02  -8.73583090e-04
  -6.01612688e-03  -2.73275658e-03   8.35193474e-03  -6.91053445e-03
  -1.55534318e-03  -2.19268910e-05  -3.31234831e-03   1.75521305e-03
   6.47388461e-03]
[  8.05027117e-03   7.72164955e-03  -8.21897145e-03   1.21139628e-03
  -4.38962619e-03  -1.37849476e-02  -6.35782086e-03   3.15365453e-03
   3.65822868e-05   1.52925918e-02   1.67340026e-03  -6.92242379e-03
   2.71778677e-04   4.24574927e-03   9.35397725e-03   9.31935169e-03
  -5.01476952e-03  -8.65179029e-03  -1.30578770e-03   8.87217365e-03
  -2.55804327e-03]
[  5.10281226e-03  -3.97527774e-03   5.04900286e-03  -2.02279256e-02
   2.81377798e-02  -1.09959671e-02   6.68772611e-03   2.03096415e-04
  -1.07563024e-02   1.09855449e-02  -1.34262624e-02   1.88775280e-02
  -8.62281610e-03   1.62758866e-02  -9.98653311e-03  -6.87225499e-05
  -9.68844364e-06   5.22111860e-03  -1.41371439e-03  -4.15686672e-03
   9.30611845e-03]
[ 0.0094962  -0.01089405 -0.00089192  0.01604408  0.00484209 -0.00698158
  0.00813713  0.00906529 -0.00564703 -0.00278591  0.02440592  0.01364257
  0.00171049  0.00374966 -0.01081941  0.00093968 -0.00431248 -0.00694014
  0.00068236  0.00073254  0.00057507]
[ 0.01059768  0.00924973  0.01533991 -0.00158313 -0.00767271 -0.01303508
  0.00653607  0.0003777   0.00529866  0.00235067 -0.01410931  0.00765689
 -0.00878086 -0.00834846 -0.01590745 -0.00427529 -0.01580077 -0.0139709
 -0.00930247  0.02242334 -0.00367346]
[ 0.00946723  0.00861325  0.01902785  0.00075152 -0.00122373 -0.0019988
 -0.00355679  0.00120762 -0.00423144 -0.00201935  0.00214001 -0.00522425
  0.00792258  0.01613452  0.00882598 -0.01272742 -0.01235811 -0.00748542
 -0.0084955   0.01179855  0.00206281]
[ 0.01772286 -0.01999454 -0.00064697  0.00199082  0.00119797  0.00182504
 -0.00852382  0.01955955  0.02323319  0.00391122 -0.0117607   0.00734908
 -0.0118434  -0.00234714  0.00079211  0.0007282  -0.01543123 -0.00675221
 -0.04591593 -0.03148193  0.03925098]
[ 0.00496863  0.00415809  0.00859364  0.00057913  0.00770538  0.0016493
 -0.01174534  0.0075457  -0.00301446  0.00515788  0.00038069 -0.00179116
 -0.00467327  0.00274581 -0.00602347 -0.00547572  0.00470686  0.00879443
 -0.01188396  0.00836519 -0.00776685]
[ 0.01147206 -0.00946499  0.00841799 -0.02744273  0.03192755 -0.0184828
  0.01797794 -0.01398685 -0.01152284 -0.00712173  0.00757626  0.00763797
 -0.00613201 -0.01235861  0.03642402 -0.01736428  0.018604   -0.00328093
 -0.00547288 -0.01014422 -0.0223142 ]
[ 0.00793823 -0.00831929  0.00172278 -0.04090484 -0.00306222  0.00799105
 -0.00983448 -0.01574048  0.00953612  0.00424033  0.00159119 -0.00678483
  0.00822357  0.00772573 -0.01931564  0.01030606 -0.00506895 -0.00915302
 -0.00122045 -0.00523112 -0.0001864 ]
[ 0.01215634  0.01122104  0.01330732  0.00200981 -0.00640206  0.00149744
  0.00158074  0.0037165   0.00430975  0.00185962  0.00141194 -0.00779153
 -0.00850383  0.00110829 -0.00741281  0.00395435  0.00853561  0.00556267
 -0.00435405  0.00116934 -0.0168239 ]
[  1.08139607e-02  -1.19675332e-02   3.74986705e-06  -1.46578404e-02
  -2.61168443e-02   1.29144263e-02  -1.69922409e-02  -2.81257913e-02
  -1.38145275e-02   1.00563153e-02   1.03936373e-02   1.14980993e-02
  -2.10977335e-03  -7.17570683e-03   6.94514787e-03   1.21744119e-04
   9.25897347e-04  -1.21803155e-03  -8.15086823e-03  -7.68211545e-03
  -2.62560047e-02]
[ 0.02261934 -0.0256144  -0.00352325  0.01813932  0.00578265 -0.00330823
 -0.01140971 -0.02065849  0.01442261  0.00361886  0.02041078 -0.00745075
  0.01092304 -0.0055614  -0.01694488  0.00861792 -0.00771415  0.00040369
 -0.01309813 -0.0010214   0.00447638]
[ 0.00292446 -0.00338917 -0.00050976  0.001497   -0.00363426  0.00082099
  0.00134466  0.01227519  0.00541894 -0.00262257  0.00751976  0.00739061
 -0.00032255  0.00248242 -0.00134232  0.00133871  0.00290578 -0.00192861
  0.00685487  0.00477275  0.00163229]
[ 0.01399003  0.01309296 -0.02666283 -0.00438321  0.00408995  0.01473554
  0.00994616  0.00552769 -0.00046597  0.02144024  0.00797341 -0.0112761
  0.00732709 -0.00330726 -0.00319561 -0.03472756 -0.00686485 -0.00210187
 -0.00173804  0.0009317   0.00241301]
[  3.02066425e-03   2.57556192e-03  -4.47959250e-03  -8.86464908e-04
   1.40626476e-03  -1.02889525e-03   1.04698487e-03  -5.79673503e-04
   6.79979430e-07  -4.66598087e-03  -4.54786056e-04   4.47725942e-03
   3.53062564e-03  -7.44957852e-03   3.86492128e-04   4.66215078e-03
   7.05666656e-03   1.59088467e-03  -1.18138035e-03   3.93357952e-03
   2.08606573e-03]
[ 0.00845703  0.00781504 -0.01200027 -0.00104121 -0.0056004  -0.00916592
  0.00249009 -0.0013076   0.00734491  0.00555033  0.00556827 -0.01069716
 -0.01552803 -0.00381828 -0.01490872 -0.00080777  0.01199828  0.01056802
  0.00148181 -0.00231734 -0.00370008]
[ 0.00752531 -0.00874283 -0.00108671  0.01374324  0.0083306  -0.0065171
  0.00416126 -0.01753596 -0.02126392  0.00681098  0.00319505  0.00087141
  0.00452851  0.00893899 -0.02339214  0.00508954 -0.00474954  0.00540631
  0.0057369  -0.00011949  0.01131398]
[ 0.01128675  0.01049957 -0.01328035  0.00051748  0.00502329 -0.00371688
  0.00365109  0.00175366  0.00235184  0.01842892 -0.00602751  0.00850347
  0.02003289 -0.00532852  0.0058486   0.01394804 -0.0063601   0.00694903
 -0.00293367  0.00898904 -0.00339702]
[ 0.01268938  0.01195253  0.02014745  0.00710377  0.00504955  0.01805294
 -0.02111291  0.00779928 -0.01130687 -0.00741711  0.00189377 -0.00464168
  0.01489701  0.00555047 -0.01277707 -0.01086234  0.02392276 -0.00377749
 -0.00864896 -0.00136506 -0.00321231]
[ 0.01144066  0.01059266  0.01434838  0.00204972 -0.00286183 -0.00301039
  0.00700386 -0.00476218  0.0052904  -0.00503259  0.00409886 -0.00257757
 -0.01173556 -0.01858621 -0.01073572 -0.00506203  0.02063628  0.01532435
  0.02083704 -0.0375525   0.01210475]
[ 0.00637923  0.00596417  0.0020956   0.00124131 -0.00353015 -0.00339722
  0.00573784 -0.00644481  0.00520322 -0.01071481 -0.00798958  0.01070899
  0.00614111 -0.01261391 -0.00653745 -0.00709729 -0.00557797  0.00169408
  0.00736888 -0.00109443 -0.00087346]
[ 0.01827293 -0.02081858 -0.00094285  0.00294852  0.0008079   0.00035553
  0.01019139  0.01265476  0.00718985 -0.00945795 -0.03325856 -0.03424995
  0.00510658 -0.00049387  0.00394129  0.00717605 -0.00090717 -0.00652951
 -0.01142185 -0.02061225 -0.03467928]
[ 0.01109857  0.00972623 -0.00111681  0.00231817  0.01470319  0.03534941
  0.01085971 -0.00608891  0.00011165 -0.01182738 -0.00092841  0.00523579
  0.0062701   0.01193501  0.00144251  0.00088968  0.00259113 -0.00381496
 -0.01272776  0.01342817 -0.00314168]
[ 0.01243434  0.01204748 -0.02011954  0.00158622  0.00272439  0.00258655
 -0.00481752  0.00704113 -0.0023838   0.01282441  0.00821382 -0.01241214
 -0.00058534  0.01186394 -0.00701708 -0.02051314  0.00908609  0.01922236
 -0.01691816  0.00775914 -0.00679922]
[  6.24182264e-03   5.82508480e-03   4.23088528e-03   2.15661418e-03
  -4.51339027e-05  -5.76311688e-03  -9.02684448e-03   1.35353638e-02
  -3.12239927e-03   2.13055623e-02  -1.23048542e-03  -9.96789740e-04
   2.40017268e-02  -6.10763293e-03  -1.01512079e-02  -4.70725087e-03
   8.72222648e-03   1.54376344e-02  -3.15351349e-03  -1.11044742e-02
  -1.62192242e-03]
[ 0.00743906  0.00704525 -0.01535139 -0.00154379  0.00072139 -0.00541097
 -0.00122717  0.0034422  -0.00124533  0.00612855  0.00514868 -0.00587112
  0.00170487  0.0058937   0.01271827  0.0108877   0.00723839  0.0031809
 -0.00250908  0.00282192  0.00544074]
[ 0.01092575  0.01025163 -0.01528413 -0.00122033 -0.01415349 -0.02742045
 -0.01200917 -0.00411013  0.00051961 -0.00745437 -0.0047908   0.00042931
 -0.00489485  0.01782229 -0.00284676  0.00129897  0.01455549 -0.00649784
  0.00073697 -0.00535861 -0.00982653]
[ 0.01951326 -0.02125297  0.00068241 -0.00928935  0.01010604  0.00083079
  0.00023789 -0.00706036  0.00756715 -0.00101195 -0.02104472 -0.01184195
  0.00896724  0.00221964  0.00627732 -0.00405171  0.01175641  0.01387293
  0.0286206   0.02279894  0.00353146]
[ 0.01231766  0.01162445 -0.00068168  0.00054955  0.00637067  0.01441702
  0.00108576  0.00365863 -0.00076455 -0.0006345   0.00160589 -0.00378668
 -0.03055117 -0.02035927 -0.01241362  0.01548521 -0.02025972 -0.00236318
  0.01009503  0.00637791 -0.0044069 ]
[  1.45893940e-03  -1.67554386e-03  -4.24108696e-04   8.30424563e-04
  -9.66673737e-03   4.49546931e-03  -4.85477616e-03  -2.57885567e-03
  -6.38257983e-03   4.84791872e-03   2.64537103e-03   1.06386511e-02
  -4.05911916e-03  -2.40610628e-04   2.24632028e-03  -2.22338500e-03
   6.97818095e-04   1.92809096e-03   6.71970312e-05  -1.01135943e-03
  -2.05285770e-03]
[ 0.01388727 -0.01563424 -0.00026879  0.01156974  0.0119001  -0.01401414
  0.02135378  0.00159639 -0.01477535 -0.01117976  0.03969376 -0.00313803
  0.01046033 -0.00330206 -0.01142916  0.00279228 -0.00581032 -0.01246681
 -0.00464071 -0.0009644  -0.01063269]
[ 0.00576337 -0.00076559  0.00439214 -0.00651402  0.01786696 -0.00155157
 -0.00678742  0.00057578 -0.0008205   0.00659848 -0.00976145  0.0130773
 -0.01068318 -0.00327874  0.0039751  -0.00155884  0.00360084 -0.00394521
  0.00075798  0.00225302  0.00153329]
[ 0.00209425 -0.00106803 -0.000796   -0.00198544 -0.00921589  0.00428936
  0.00042488 -0.00320194 -0.00749957  0.00287196 -0.00393578  0.00235699
 -0.00188868 -0.00050939 -0.00066391  0.00096766  0.00457748 -0.01035227
 -0.00613954 -0.00700327 -0.00521701]
[  1.37392844e-02   1.25531190e-02   6.85956345e-03  -9.75944277e-04
   5.19931213e-04  -4.79328056e-05   8.06088710e-03   5.19603681e-03
  -2.53288992e-03   1.79750967e-02  -1.39812346e-03   7.31717921e-03
   1.99781826e-02   6.70482096e-03   1.68782274e-02   1.06871130e-02
  -2.07985611e-02   2.46188820e-02   5.12893505e-03  -2.46760042e-02
  -1.73044155e-03]
[  1.12543218e-02   1.02488856e-02   1.70396267e-02  -1.61554690e-03
  -1.35594805e-02  -1.68667422e-02  -6.63252240e-03   3.61834543e-03
  -2.46957330e-03  -2.01783767e-02   6.69071864e-04  -8.22756620e-04
  -8.74096970e-03   1.03911790e-02  -1.05951675e-02  -7.64795388e-03
   7.82444815e-03   1.05490213e-02  -8.56658730e-03   2.34400335e-03
   7.97173789e-05]
[ 0.00724956  0.00674677 -0.0044683   0.00142437  0.00653319  0.02690098
  0.01008743 -0.00021806 -0.00578992  0.00705814 -0.00052664  0.00713895
  0.00480466 -0.00858196  0.00121593  0.0179782   0.01865931 -0.00976136
 -0.00566382 -0.00924576  0.0065222 ]
[ 0.01521259 -0.01701471 -0.00101266  0.00775217  0.01167162 -0.00474264
  0.00244017 -0.01062333  0.0071459  -0.00740755 -0.002807   -0.02044271
  0.01057298 -0.00480555  0.00275768 -0.00346661  0.00384051  0.00174449
  0.00996302  0.00966997 -0.00747772]
[ 0.01295896 -0.01333218  0.00047709 -0.00693122  0.0002715   0.0007168
 -0.01379684 -0.0331482  -0.00874568  0.00385098 -0.00335627 -0.013092
  0.00199476 -0.00747659  0.00514064  0.00292721  0.00481266  0.00219924
  0.00605065  0.00402865 -0.00901177]
[  1.00042584e-02  -1.10495459e-02  -2.47948264e-06  -6.26571673e-03
  -1.06202267e-03   2.17351527e-03  -2.28347426e-02   2.93605889e-03
   3.25477039e-02   3.58727815e-03   2.94933865e-02   3.11358875e-02
  -2.25535857e-03   6.79265827e-04   2.51479142e-03  -8.83824193e-04
  -5.75139162e-04   3.00173722e-03  -7.86334129e-03  -6.20688526e-03
  -7.70363446e-03]
[ 0.00934336  0.00887078  0.0089335   0.00624519 -0.00413301  0.0075577
  0.01242379 -0.01280876  0.00870206 -0.01017226  0.00062628  0.00612704
 -0.00355179  0.02663836  0.01795653  0.01932594 -0.02984282  0.01448169
  0.00963084 -0.01348264  0.00078961]
[ 0.01863926 -0.02137476 -0.00205109  0.0138332   0.00063866 -0.00668242
  0.01262814 -0.00283503 -0.02793378 -0.00011698 -0.00732226 -0.01250352
  0.00397333  0.00473727 -0.00620377  0.00054758  0.00146155  0.01056874
  0.0306816   0.02045448  0.00400687]
[  1.46990570e-02   1.35771127e-02   2.26819612e-02   4.66752138e-03
  -6.33197556e-03  -5.33746994e-03  -1.25361363e-02   7.78467920e-04
  -4.10439165e-03  -2.53299677e-02  -1.16767244e-03   9.59165940e-04
  -6.65744214e-03  -1.40678034e-02  -9.57331165e-03   1.26151576e-02
   6.99221777e-03   1.09635939e-02  -2.37388958e-03  -9.07128639e-05
   5.24253911e-03]
[ 0.01384513  0.01289003 -0.01508835 -0.00129242  0.00067748  0.00343864
  0.00362333  0.00307135 -0.00090366  0.00872515 -0.00790675  0.00756975
  0.00725837 -0.00609871 -0.00642754 -0.01227917 -0.0060677  -0.00070843
 -0.00425218  0.00648052 -0.00875453]
[ 0.00812346 -0.00931303 -0.00127456  0.00488546 -0.00556904  0.00589132
 -0.01220441 -0.00628216  0.01133111  0.00357002 -0.00525897  0.00370527
  0.00097841  0.00220707  0.00020994 -0.0030595   0.00472769  0.00163689
  0.0130802   0.00907252 -0.00211287]
[ 0.00274863  0.0026811  -0.00561842  0.00046528  0.00534981  0.00955763
 -0.00496231  0.00104271 -0.00371476 -0.009563    0.00194564 -0.00092627
 -0.00623     0.01122472  0.00179259  0.00624961 -0.00176913 -0.00336941
  0.00037362 -0.00014815 -0.00098083]
[  3.09524207e-03  -3.41847927e-03  -5.54858948e-04  -5.68830878e-03
  -5.28469366e-03   3.60701358e-03  -4.38939551e-03  -1.97440282e-03
   3.26997630e-03  -1.82197494e-05   3.00488812e-04  -3.63234390e-03
   1.45133044e-03   4.41978108e-04  -4.91678592e-03   1.44071673e-03
  -5.34196965e-03   7.20413832e-04   1.69235482e-03   8.58191902e-04
   4.34990788e-03]
[ 0.00285596  0.00256313 -0.00171808  0.00083178 -0.00370351 -0.00265537
  0.0043815  -0.00560875  0.00339053 -0.00206445  0.00096028 -0.00129335
 -0.00949038  0.01281438  0.00342623  0.00319643 -0.00019053  0.00719977
 -0.00433066  0.00365246 -0.0028407 ]
[ 0.00543964  0.00243982  0.00182889  0.00037608  0.00449122  0.00084682
 -0.00141073 -0.00811853  0.00429811 -0.00795505  0.0024962  -0.00538638
 -0.00697746 -0.00256434  0.00138063 -0.00437142 -0.00642279  0.00314421
 -0.00367319  0.00139962  0.00099809]
[ 0.00114966  0.00096245  0.00382028  0.0001072   0.00064584 -0.00226927
 -0.00328634  0.00263051 -0.00129497  0.00552195  0.00120266 -0.00217055
 -0.00237351 -0.00099574  0.00024713 -0.00230572 -0.00120751 -0.00756571
  0.00266047  0.0031351   0.00041399]
[ 0.01603138 -0.01743565 -0.00083365  0.00635406  0.00075318 -0.00269808
  0.00213038 -0.00339071 -0.00023486 -0.00660727  0.02455741 -0.00382501
  0.00262949 -0.01694024  0.00552671 -0.00170905 -0.01039556  0.00559138
 -0.02234163 -0.00254411  0.02036629]
[  3.40251685e-03   1.38034339e-03  -3.86028045e-04  -2.30124278e-03
   1.99939763e-03   4.60998697e-03   2.94926446e-04  -4.28105306e-03
   2.65915138e-04  -5.75297893e-03  -5.53798053e-05  -1.41794188e-03
   2.77286483e-03   1.74985856e-03  -7.66664723e-04  -9.28802255e-03
   8.77038997e-03  -6.02025313e-03   7.41059619e-03   6.50029438e-03
   2.79363587e-03]
[ 0.00836138  0.00742634  0.01313726  0.00305605 -0.00240024  0.00858503
  0.00837462 -0.00259571  0.00240645  0.01306144  0.00296521 -0.00397688
 -0.00465123 -0.00325265  0.00392631  0.00488391  0.01015475  0.00113785
  0.00293475 -0.01260957 -0.00351315]
[ 0.01034369  0.0098864  -0.00484744  0.00279581 -0.00730045  0.00659161
  0.0210765  -0.01223452  0.01153081 -0.00370168 -0.00357919  0.00925589
  0.00331529  0.00010574 -0.00907303 -0.03911165 -0.01860134 -0.01028897
  0.0134531  -0.01341624  0.00975732]
[ 0.01563238 -0.01755334  0.00015294 -0.01469747 -0.00209602  0.00325371
  0.00425181  0.00904401 -0.01236973  0.00977562  0.00099504  0.02227839
 -0.00298166  0.02150157 -0.02580403  0.01025614 -0.00226336  0.00231988
  0.01467423  0.00139366  0.01164127]
[ 0.01148435  0.01078248  0.00815384  0.00071747 -0.00033886 -0.00725613
 -0.01590881  0.00212074  0.00139881 -0.00309889  0.0075646  -0.01434226
 -0.01172691  0.01623798  0.00683593  0.00195915 -0.01868467  0.00124851
  0.01888312 -0.01461131  0.00302878]
[ 0.01192985  0.01061406  0.01965739  0.00260883 -0.01635692 -0.01138326
  0.01050914 -0.01287834  0.00143428 -0.01444176 -0.00485301  0.01481497
  0.03008691  0.0157635   0.01633099  0.00562765 -0.00103162 -0.01568904
 -0.01121131  0.01581806  0.00195292]
[  5.34210300e-03  -5.86861497e-03   6.56763839e-05  -5.54849189e-03
  -1.10848636e-02   5.92246211e-03  -4.27304185e-03  -6.16600166e-04
  -6.63329790e-03   4.24532552e-03  -3.60936657e-03   6.11146892e-03
  -4.11464946e-03  -5.05476607e-03   1.39195869e-02  -7.59451460e-03
  -3.48258302e-04   1.27820384e-02  -6.59008151e-04   2.64435379e-03
   4.23531440e-03]
[ 0.01027171  0.00973138 -0.0204443  -0.00275363 -0.00594308 -0.01187838
  0.0072104  -0.00448202  0.00695013 -0.00561192  0.00382992 -0.00067346
 -0.02117898 -0.00368689 -0.00977212 -0.00801542 -0.00568632  0.02505769
 -0.00676372  0.00110432 -0.00945214]
[  6.13974211e-03  -6.56709739e-03  -8.36318360e-05  -1.93941660e-02
  -7.73878256e-03   3.20158944e-03   7.71064653e-03   1.00784835e-02
   3.58690358e-03  -4.22020284e-03  -7.28401159e-03  -1.23210357e-02
   4.88979376e-03   7.08210161e-03  -1.79762884e-02   8.40504809e-03
  -2.25133983e-03  -1.39091870e-02   1.28009710e-03  -7.21949734e-04
  -6.70964684e-03]
[ 0.0085783   0.00811854 -0.0163212  -0.00458344  0.0062399   0.00651841
 -0.00718035  0.00837993 -0.01103022 -0.00866676  0.00535119 -0.00521418
  0.00227332 -0.00850414  0.00345236  0.00834518  0.00319956  0.00045478
  0.00136807 -0.00212134  0.01662266]
[ 0.01056277  0.00995308 -0.00741683  0.00154118  0.00147316 -0.00181841
 -0.00850153  0.00119377 -0.00318616 -0.00088282 -0.00179033  0.00160026
  0.01829363 -0.00044313  0.01321386  0.00439917 -0.00888798 -0.01642265
  0.0125641  -0.00788247  0.00805645]
[ 0.00899429  0.00851389 -0.01151706 -0.000623   -0.00738544 -0.01632798
  0.00098579  0.0022636  -0.00216653  0.01132657 -0.00298891  0.00225943
  0.00352997 -0.01451628  0.00565052  0.01033333 -0.00573694 -0.01514311
 -0.00324878  0.01265809  0.00180101]
[ 0.00636639  0.00609258 -0.01081825  0.00011916  0.00178595 -0.00089184
 -0.01016845  0.00293337 -0.00606216 -0.01399064 -0.00171907  0.00295246
  0.00172464  0.00281881 -0.00238867  0.00773052  0.00838206 -0.0043183
  0.00552007 -0.00870227  0.00206762]
[ 0.02470513 -0.02806223 -0.00255381  0.02119394 -0.00393693  0.00206124
  0.00180924  0.02844537  0.01796398 -0.00225789 -0.03938307 -0.00118766
 -0.01268351  0.00258431  0.011818    0.00107786  0.00437571 -0.01670104
 -0.02163646 -0.02353756  0.00899998]
[ 0.01230824  0.01128384  0.01959543  0.00337601  0.00973879  0.0018786
 -0.0167473   0.01263022 -0.0053075   0.01816427  0.00794843 -0.01420503
 -0.00803242 -0.00528058  0.00479146  0.01195376 -0.01076524 -0.00791153
  0.00622256  0.01094133 -0.00213899]
[ 0.01355716  0.01258143 -0.00338845  0.00045028 -0.00732106 -0.00351577
  0.01763092 -0.00150673  0.0163861   0.02322819 -0.00232434 -0.00099125
  0.00371014 -0.00434924 -0.00692636  0.00208764  0.00166266 -0.00422924
  0.0030152   0.00661293 -0.00167252]
[ 0.00725514  0.00664237  0.00939516 -0.00226962 -0.00858229 -0.01474594
 -0.00411013  0.00385921 -0.0045411  -0.00609388  0.00088646 -0.0028192
  0.00224301 -0.00557828 -0.00207718  0.00812351  0.00575976  0.00027318
 -0.00827048  0.00592796  0.01626651]
[ 0.0102528   0.00929349 -0.00760285 -0.00133178  0.00094459 -0.01619569
 -0.00411927 -0.00053163 -0.00242896 -0.0019597  -0.00721278  0.00986117
  0.00128886 -0.00282709  0.00276675  0.01164307 -0.00458103  0.01188246
 -0.01468759  0.01380743 -0.01129688]
[ 0.01082232  0.00986846 -0.00972578 -0.00341795 -0.00046915 -0.00715837
  0.00632397 -0.00486884  0.00320968  0.00014395  0.00179873 -0.00190385
 -0.01506241  0.0146261   0.00460493  0.00314687  0.01725282 -0.00495832
 -0.01066336  0.00601791  0.00416046]
[ 0.00479871  0.00420264  0.00637762 -0.00023421  0.00283567 -0.0027731
 -0.00576872 -0.00196124 -0.00352947 -0.01275443 -0.00138005  0.00447946
  0.00913171 -0.00484323  0.00581216 -0.00395207 -0.00475345  0.00700443
 -0.00076957 -0.004671   -0.00360866]
[ 0.02207467 -0.02438544 -0.00052701  0.02022617  0.00532457 -0.00353355
  0.000808   -0.0050987  -0.00937664  0.00351677 -0.00961968  0.00514693
 -0.00937231 -0.00092632  0.01344041 -0.00495578  0.00814599 -0.00089297
  0.01502183  0.01412125  0.01316583]
[  3.54220498e-03   3.36783828e-03   9.01183110e-05   1.42169788e-03
   4.69272557e-03   1.19750300e-02   6.94729608e-03  -1.86230527e-03
   2.42312847e-03   1.40913433e-03  -2.87352586e-03   4.85175698e-03
   1.86882356e-03  -3.20497682e-03  -3.18115144e-03  -2.99176629e-03
  -1.05059962e-02   7.81750315e-04  -5.55746054e-03   6.46431740e-03
  -5.00427928e-03]
[ 0.01416318 -0.01592226 -0.00038918 -0.00916658  0.00800505 -0.00049174
 -0.01944166 -0.02765314  0.02538054  0.00115888  0.00053629 -0.00959789
  0.01038123 -0.00074658 -0.004354    0.0046928   0.00240238  0.00267464
  0.00551681  0.000169   -0.00757646]
[  1.39970958e-02  -1.53535617e-02   6.56688592e-05  -5.85895872e-04
  -4.19374132e-03  -5.96935604e-04   1.87257681e-03   2.02683405e-03
   9.23922985e-03  -6.37466413e-03   2.47782137e-02  -2.06358861e-03
   3.32056544e-03  -1.26154749e-02   1.17237419e-02  -4.06589029e-03
  -4.31530272e-03  -5.49556900e-03  -7.94679963e-03   1.15934452e-02
   9.17176076e-03]
[ 0.01397431  0.01224014  0.01832607  0.00156218 -0.00650287  0.00538578
  0.02297069 -0.01218266  0.01011847  0.01506872  0.00635309 -0.00557614
 -0.00725769  0.00218064  0.0039442   0.00313331  0.03034796 -0.02144813
 -0.004483    0.0143313   0.01210815]
[ 0.00734054 -0.00677329  0.00120914 -0.01702163 -0.00451325  0.004135
  0.00974833  0.02843233  0.01064342 -0.00853469 -0.00827527 -0.00282104
  0.00268623  0.00297699  0.00583713  0.0027225   0.00490165  0.01063428
  0.01493242  0.00373327 -0.01897566]
[ 0.0056096   0.00429427  0.00849859 -0.00314651  0.00220269 -0.00661961
  0.00136629  0.00202604 -0.00206219  0.01070148  0.00382113 -0.00356586
 -0.00916301 -0.01582046  0.00884513  0.00956594 -0.00140373 -0.00582818
  0.00965055 -0.00867136 -0.00024106]
[ 0.0065361   0.00605376  0.01006244  0.00208099 -0.00375511 -0.00544935
  0.00286978  0.00286292  0.00276929  0.01038607 -0.0059496   0.00383704
  0.01691299  0.00139153 -0.00501648  0.00077288 -0.0031825   0.00862233
  0.00083446 -0.00367194 -0.00360304]
[ 0.00532197  0.00497042 -0.01037107 -0.00108067 -0.00174952 -0.00471804
  0.00280138 -0.00602989  0.00299151 -0.00693536 -0.00865421  0.00864372
 -0.01079861 -0.00735675 -0.00893679 -0.00282889 -0.00633122 -0.00605981
 -0.00298421  0.00566773 -0.006642  ]

Right eigenvectors

[ 1.         -1.12777229 -0.06500019  1.07949576  1.07978421 -0.6111076
 -0.08552252 -1.48432525  0.1429872   0.06254652 -0.47741449 -1.47648486
  0.54330182  0.04193293 -1.43653548  0.85727195 -0.70790588  0.21133379
 -1.87856643 -1.48606539  0.65059341]
[ 1.          0.92339091  0.04127867  0.34611622  0.48801184  0.70984651
 -0.30978433 -0.35565251 -0.13483017 -1.68251364 -1.49876955  2.16767119
  2.05783476 -1.62052472 -0.82938983  1.71930445  0.57103494  0.28618047
  0.34260506  0.24161376 -0.14814265]
[ 1.          0.89071161  1.74102283  0.13428296  0.58158302  0.85359399
 -0.76104133  0.19451122 -0.65884448 -0.63463587  0.56646257 -0.40458242
 -1.49699002  0.24155095 -0.2129319   0.38562423  0.21810929  0.47803063
 -0.18231316  0.60762193  0.44252874]
[ 1.         -1.1192666  -0.12669963  1.49747721 -0.67133344  0.54487684
 -0.88438083 -0.91591722 -0.94318282  0.52074956 -2.46290467 -1.00215906
 -0.68953904 -0.50595283  1.55816391 -0.90020238 -0.10467258  1.19921464
 -0.2986206   0.70549541  1.63824538]
[ 1.          0.94362495 -1.95971067 -0.26936432  0.05128791 -0.54713095
 -0.70406377  0.20110066 -0.36326    -1.86697467 -0.44729638  0.74987719
  1.41502304  0.28701579  0.39169782 -0.03627817  0.79628833  0.59614498
  0.30628681 -0.57861172  0.54497478]
[ 1.         -0.76805256  0.4150028  -6.47802931 -3.10535075  0.4821168
  2.55306337  2.44696045 -4.10001984 -1.58915024  2.12163826 -2.28347992
  0.43836468 -1.64631603  1.21463111 -0.62303259 -2.02915732  1.75826709
 -1.81496355  0.58635891  3.96414072]
[ 1.          0.92075716  0.8919035   0.27713483  0.41962723  1.29553057
  1.11481266 -0.26853307  0.67603803 -0.01262685  0.12145048  0.16037295
 -1.11273177 -2.3872686  -0.11162481  1.76565766 -0.87050491  0.72662524
  1.37209135  0.1742308  -0.80916022]
[ 1.         -1.08657907  0.03251495  0.26779938  0.27688814 -0.2276415
  0.47317478  0.36752897 -0.50471315  0.14951296  1.04138901  0.45693185
  0.08378255  0.0380284  -0.29158758 -0.29877003  0.1306609   0.22001888
  1.13711373  0.90303407  0.03561811]
[ 1.         -1.14499791 -0.09865927  1.05420321 -0.024824   -0.37371877
  1.37280247  1.04679393 -1.12843267 -0.8396201   0.35041696 -1.41512334
  0.40761888 -0.24910478  0.26450684  0.22224299 -0.37233133 -0.48069512
 -0.97737705 -1.1938277  -2.51521079]
[ 1.          0.92469399  0.8201265   0.10636713  1.56160969  2.10374729
 -0.8819801   1.03503163 -0.73945031  0.0926626   0.30770321 -0.41376415
  0.88866415  0.13264453  0.03436926 -2.53296889 -2.2961137   1.09532073
 -1.31709137  0.7484846  -2.01783708]
[ 1.         -1.14116393  0.03204915  0.95963901  1.23765763 -0.98987009
  0.95384402  1.78362667 -0.09404746 -0.2353283   1.19004365  2.49331963
 -0.93475112  0.34587026  1.29093638 -0.82548703  0.816635   -0.38955653
  0.01130825 -0.76631195 -2.05358736]
[ 1.         -1.11446398 -0.06502522 -0.18609072 -0.51036039  0.47170277
 -0.4247476   1.38783685  2.09790102 -0.36995621  0.38871282  0.40843923
  0.24933617 -0.14704204  0.42643402 -0.05948924  0.6904189   0.32932989
  0.92826482  1.23230545  0.85619163]
[ 1.          0.95731043 -1.61078431 -0.15942479  0.10447557 -0.36533044
 -0.63006825  0.08177333 -0.04091795 -0.20605066  0.27282477 -0.42125695
 -0.19425407 -0.34533696 -0.16907021 -1.44587244 -0.33262162 -0.9301461
  1.53334133 -1.57965179  0.20514062]
[ 1.         -1.13508409 -0.22763035  1.53166631 -1.27365044  0.49676759
  0.11661395  1.12953485 -1.07544461  0.30673268 -0.88485871  1.04455218
 -0.9145509   0.89501306 -0.42160298  0.09737429  0.05756602 -0.68380737
  0.16930198 -0.59548015 -0.59994922]
[ 1.          0.92877777 -1.25577458 -0.13493576  1.35790952  1.63947857
 -1.86829989  0.54479715 -1.39233966 -1.82691875 -0.11456605 -0.1699298
 -0.72092512 -0.82375314 -0.52108022 -0.75012951 -0.64899197 -1.53213585
 -0.16501605  0.20452349 -0.03946413]
[ 1.          0.89778803  2.22073232  0.19144551 -1.42610434 -0.13226739
  1.44403761 -0.71130861  0.62774654 -0.32688169 -0.04492694 -0.09693829
  0.08313019  0.96936762 -0.32986603 -2.68338661  1.45894489 -1.10747022
  0.02144548 -1.19660532  1.21710869]
[ 1.          0.92650267 -1.72845264 -0.40696119 -0.43039403 -1.47721306
  0.46084332 -0.7291645  -0.27454222  0.38702567 -0.34124573  0.53100067
 -0.74999243 -0.25533081  1.67520214  0.64626648 -0.97416628 -2.4757134
  0.20379241 -0.11631678  0.93890622]
[ 1.          0.85015483  0.65059536 -0.25342499  1.03871099 -0.60139988
 -2.80738164  0.72273492 -0.22177109  0.86019048  0.67359281 -0.81913394
  0.42735014  1.90578088  1.42997672 -1.27638775 -1.33880713 -2.37197121
  2.03325931 -1.15814798 -0.50177197]
[ 1.         -1.15903602 -0.20595709 -1.035648   -4.8030949   1.59450901
  0.51571167  1.31948318 -4.92033891  0.44058997 -0.54585646  0.70325684
 -0.74047243  0.71199905 -0.09865852 -0.05962915 -0.79871408  1.51093756
  2.52030219  0.83259014 -1.32378201]
[ 1.          0.94579782 -1.17751799  0.32767373  0.18537697  1.91609293
  1.84594608 -0.76653348  0.89517771  1.16957697  1.38709414 -1.22662062
 -0.1119531   2.49143093  1.30493578  0.91402254  1.60865031  1.05007816
 -0.23958319 -0.05710808  0.79602161]
[ 1.         -0.94453874  0.25833135 -0.86961644  1.02469164  0.31459879
 -0.10584201  1.01425985  1.67738445 -0.16211101 -2.3158042  -0.15418044
 -1.06179835 -0.48230971  1.47404979 -1.21965415 -0.27450565 -0.00386992
 -0.58460303  0.30978109  1.14258894]
[ 1.          0.95917881 -1.02095585  0.15047894 -0.54527681 -1.71235817
 -0.78976481  0.39174513  0.00454423  1.89963685  0.20786881 -0.85989945
  0.03376019  0.5274045   1.16194561  1.15764444 -0.62293175 -1.07472035
 -0.16220419  1.10209625 -0.31775865]
[  1.00000000e+00  -7.79036643e-01   9.89454951e-01  -3.96407403e+00
   5.51417107e+00  -2.15488373e+00   1.31059615e+00   3.98008793e-02
  -2.10791655e+00   2.15284129e+00  -2.63114960e+00   3.69943612e+00
  -1.68981645e+00   3.18959149e+00  -1.95706457e+00  -1.34675834e-02
  -1.89864787e-03   1.02318454e+00  -2.77046129e-01  -8.14622703e-01
   1.82372346e+00]
[ 1.         -1.14720121 -0.09392349  1.68952682  0.50989833 -0.73519713
  0.85688319  0.95462298 -0.5946619  -0.2933711   2.57007337  1.43663545
  0.1801238   0.39485868 -1.13934167  0.09895322 -0.45412757 -0.73083314
  0.07185609  0.07714018  0.0605577 ]
[ 1.          0.87280704  1.44747833 -0.14938484 -0.72399981 -1.22999412
  0.6167455   0.03564006  0.49998304  0.22180996 -1.33135896  0.72250644
 -0.82856443 -0.78776347 -1.50103203 -0.40341769 -1.49096554 -1.31829877
 -0.87778434  2.1158737  -0.34662857]
[ 1.          0.90979626  2.00986337  0.07938157 -0.12925938 -0.21112835
 -0.3756944   0.12755834 -0.44695671 -0.21329905  0.2260434  -0.55182427
  0.83684169  1.70424833  0.9322655  -1.34436548 -1.3053554  -0.79066573
 -0.89735858  1.24625054  0.21788888]
[ 1.         -1.12817795 -0.03650491  0.11233078  0.06759447  0.10297673
 -0.48095054  1.10363438  1.31091682  0.22068792 -0.66358966  0.41466649
 -0.66825542 -0.13243564  0.04469414  0.04108827 -0.87069673 -0.38098906
 -2.59077478 -1.77634623  2.2147093 ]
[ 1.          0.83686847  1.72957832  0.11655677  1.55080475  0.33194219
 -2.3638991   1.51866881 -0.60669834  1.03808887  0.07661866 -0.3604936
 -0.94055565  0.55262944 -1.21229918 -1.10205747  0.94731541  1.76999045
 -2.39179753  1.68359997 -1.56317656]
[ 1.         -0.82504761  0.73378169 -2.39213644  2.78307059 -1.61111447
  1.56710652 -1.21921069 -1.00442702 -0.620789    0.66041001  0.66578893
 -0.53451665 -1.07727934  3.17502078 -1.51361483  1.62167945 -0.28599329
 -0.47706166 -0.88425423 -1.94509141]
[ 1.         -1.04800355  0.21702374 -5.15289401 -0.38575651  1.00665466
 -1.23887637 -1.98287178  1.20129118  0.53416579  0.20044609 -0.85470408
  1.03594564  0.97323103 -2.4332436   1.29828218 -0.63854938 -1.15303152
 -0.15374374 -0.65897906 -0.02348093]
[ 1.          0.92306097  1.09468109  0.1653306  -0.52664346  0.1231815
  0.1300346   0.30572514  0.35452711  0.15297567  0.11614861 -0.64094349
 -0.69953851  0.09117006 -0.60978948  0.32529101  0.7021528   0.45759394
 -0.35817078  0.09619214 -1.38396091]
[  1.00000000e+00  -1.10667438e+00   3.46761669e-04  -1.35545531e+00
  -2.41510443e+00   1.19423648e+00  -1.57132446e+00  -2.60087790e+00
  -1.27747159e+00   9.29938214e-01   9.61131412e-01   1.06326439e+00
  -1.95097191e-01  -6.63559546e-01   6.42239053e-01   1.12580508e-02
   8.56205580e-02  -1.12635101e-01  -7.53735701e-01  -7.10388699e-01
  -2.42797302e+00]
[ 1.         -1.13241119 -0.15576261  0.80193828  0.25565057 -0.14625671
 -0.50442252 -0.9133106   0.6376229   0.15998972  0.90235939 -0.32939731
  0.48290685 -0.24586926 -0.74913213  0.38099772 -0.34104207  0.01784716
 -0.57906752 -0.04515591  0.19790067]
[ 1.         -1.15890735 -0.17430887  0.51188893 -1.24271149  0.28073219
  0.45979855  4.19742422  1.8529741  -0.89677299  2.5713365   2.527175
 -0.11029258  0.84884716 -0.45899728  0.4577651   0.99361507 -0.65947496
  2.34398107  1.63201244  0.55815145]
[ 1.          0.9358777  -1.90584482 -0.31330976  0.29234745  1.0532886
  0.71094653  0.39511655 -0.03330734  1.53253735  0.56993484 -0.80600976
  0.52373623 -0.23640115 -0.22842035 -2.48230754 -0.49069563 -0.1502404
 -0.12423436  0.0665972   0.17248053]
[  1.00000000e+00   8.52647531e-01  -1.48298259e+00  -2.93466878e-01
   4.65548187e-01  -3.40618871e-01   3.46607495e-01  -1.91902659e-01
   2.25109239e-04  -1.54468702e+00  -1.50558294e-01   1.48221022e+00
   1.16882425e+00  -2.46620541e+00   1.27949383e-01   1.54341906e+00
   2.33613072e+00   5.26667164e-01  -3.91099524e-01   1.30222335e+00
   6.90598345e-01]
[ 1.          0.92408775 -1.41896995 -0.12311826 -0.66221836 -1.08382202
  0.2944397  -0.15461634  0.86849742  0.65629768  0.65841956 -1.26488362
 -1.83610846 -0.4514918  -1.76287859 -0.09551434  1.41873413  1.24961313
  0.17521613 -0.27401326 -0.43751483]
[ 1.         -1.16179028 -0.14440794  1.82626911  1.10701075 -0.86602395
  0.55296913 -2.33026506 -2.82565418  0.90507651  0.42457429  0.11579684
  0.60177055  1.18785675 -3.10846305  0.67632323 -0.63114208  0.71841712
  0.76234714 -0.01587828  1.50345699]
[ 1.          0.93025659 -1.17663245  0.04584875  0.44506114 -0.32931328
  0.32348431  0.15537353  0.20837213  1.63279277 -0.53403386  0.75340268
  1.77490345 -0.47210396  0.5181832   1.23578939 -0.56350128  0.61568034
 -0.25992166  0.79642423 -0.30097418]
[ 1.          0.94193145  1.58774139  0.55981979  0.39793532  1.42268102
 -1.66382499  0.61463073 -0.89105008 -0.58451299  0.14924042 -0.36579249
  1.17397435  0.43741085 -1.00691052 -0.85601794  1.88525817 -0.29768904
 -0.68159071 -0.10757468 -0.25314937]
[ 1.          0.92587856  1.25415634  0.1791613  -0.25014534 -0.26313054
  0.61219008 -0.41625022  0.46242087 -0.43988599  0.35827145 -0.22529872
 -1.02577645 -1.62457476 -0.93838341 -0.44245938  1.8037665   1.33946433
  1.82131449 -3.28237247  1.05804632]
[ 1.          0.93493581  0.32850355  0.19458641 -0.5533815  -0.53254444
  0.89945577 -1.01028049  0.81564914 -1.67963967 -1.25243636  1.6787264
  0.96267162 -1.9773397  -1.02480194 -1.11256164 -0.87439558  0.26556115
  1.15513638 -0.17156137 -0.13692296]
[ 1.         -1.13931229 -0.0515982   0.16135981  0.04421297  0.01945658
  0.55773133  0.69254119  0.39347003 -0.51759357 -1.82009951 -1.87435418
  0.27946129 -0.02702745  0.21568988  0.39271465 -0.04964576 -0.35733222
 -0.62506948 -1.1280208  -1.89784968]
[ 1.          0.8763502  -0.10062659  0.20887098  1.32478301  3.18504263
  0.97847801 -0.54862134  0.01005958 -1.06566692 -0.08365117  0.4717539
  0.56494669  1.07536516  0.12997292  0.08016161  0.23346529 -0.34373467
 -1.14679274  1.20990155 -0.2830706 ]
[ 1.          0.96888802 -1.61806304  0.12756757  0.21910247  0.20801651
 -0.38743716  0.56626536 -0.19171077  1.03137098  0.66057552 -0.99821459
 -0.04707459  0.95412714 -0.56433104 -1.64971771  0.73072604  1.54590979
 -1.36060022  0.62400879 -0.54681015]
[ 1.          0.93323459  0.6778285   0.34551033 -0.00723089 -0.92330674
 -1.44618728  2.16849542 -0.50023838  3.41335594 -0.19713559 -0.1596953
  3.84530741 -0.97850152 -1.62632111 -0.75414685  1.39738454  2.47325746
 -0.50522318 -1.77904353 -0.25984757]
[ 1.          0.94706098 -2.06361864 -0.20752487  0.09697261 -0.7273721
 -0.16496286  0.46271914 -0.16740434  0.82383344  0.69211423 -0.78922811
  0.22917776  0.79226426  1.70966024  1.46358418  0.97302439  0.42759463
 -0.33728426  0.3793379   0.73137369]
[ 1.          0.9382998  -1.39890976 -0.11169326 -1.29542505 -2.50970932
 -1.09916286 -0.37618766  0.04755796 -0.68227553 -0.43848681  0.03929338
 -0.44801073  1.63121975 -0.26055505  0.11889042  1.33221893 -0.59472709
  0.06745263 -0.49045701 -0.89939251]
[ 1.         -1.08915502  0.03497156 -0.476053    0.51790593  0.04257575
  0.01219122 -0.3618234   0.38779541 -0.05185968 -1.07848301 -0.60686657
  0.4595461   0.11375055  0.32169497 -0.20763892  0.60248285  0.71094855
  1.46672551  1.1683816   0.18097738]
[ 1.          0.94372182 -0.05534167  0.04461474  0.51719803  1.17043466
  0.08814666  0.29702318 -0.06206955 -0.05151172  0.13037286 -0.30741905
 -2.48027364 -1.65285197 -1.00779064  1.25715505 -1.6447698  -0.19185286
  0.81955752  0.51778592 -0.35777054]
[ 1.         -1.14846707 -0.29069658  0.56919743 -6.62586627  3.08132695
 -3.32760644 -1.76762357 -4.37480804  3.32290616  1.81321515  7.29204454
 -2.78223972 -0.1649216   1.53969403 -1.52397351  0.47830506  1.32157028
  0.04605882 -0.69321552 -1.40708908]
[ 1.         -1.12579664 -0.01935491  0.83311842  0.85690731 -1.00913535
  1.53765135  0.11495382 -1.06394888 -0.80503619  2.85828363 -0.22596441
  0.7532317  -0.23777636 -0.82299525  0.20106727 -0.41839195 -0.89771504
 -0.33416995 -0.06944483 -0.76564315]
[ 1.         -0.13283748  0.76207813 -1.13024554  3.10008903 -0.26921305
 -1.17768142  0.0999037  -0.14236413  1.14489919 -1.69370403  2.26903723
 -1.85363413 -0.56889233  0.68971755 -0.27047402  0.6247806  -0.68453207
  0.13151604  0.39091979  0.26603999]
[ 1.         -0.50998256 -0.3800877  -0.94804545 -4.40057012  2.0481629
  0.20287836 -1.52892207 -3.58103247  1.37135795 -1.87932873  1.12545796
 -0.90184333 -0.24323342 -0.31701649  0.4620567   2.18573687 -4.94319061
 -2.93162072 -3.34404759 -2.49111338]
[ 1.          0.91366615  0.49926643 -0.07103312  0.03784267 -0.00348874
  0.58670356  0.37818831 -0.18435385  1.30829934 -0.10176101  0.53257353
  1.45409193  0.48800365  1.22846481  0.77785077 -1.51380236  1.79186057
  0.37330438 -1.79601816 -0.12594845]
[ 1.          0.91066222  1.51405185 -0.14354902 -1.20482431 -1.49869023
 -0.58933115  0.32150719 -0.21943333 -1.79294471  0.05945022 -0.07310584
 -0.77667672  0.92330565 -0.941431   -0.67955706  0.69523942  0.9373307
 -0.76118201  0.20827584  0.00708327]
[ 1.          0.93064463 -0.61635432  0.19647607  0.90118389  3.71070326
  1.39145313 -0.03007935 -0.79865822  0.97359529 -0.07264416  0.98474168
  0.66275132 -1.18378983  0.16772396  2.47990153  2.57385248 -1.34647535
 -0.78126399 -1.27535345  0.89966856]
[ 1.         -1.11846226 -0.06656727  0.50958923  0.76723389 -0.31175749
  0.16040428 -0.69832482  0.46973559 -0.48693519 -0.18451787 -1.34380181
  0.69501501 -0.31589302  0.18127622 -0.22787794  0.25245598  0.11467411
  0.65491919  0.63565525 -0.4915478 ]
[ 1.         -1.02880022  0.03681517 -0.53485924  0.02095075  0.055313
 -1.0646568  -2.55793772 -0.67487573  0.29716732 -0.25899225 -1.01026683
  0.1539292  -0.57694408  0.3966865   0.22588355  0.37137733  0.16970838
  0.46690894  0.31087788 -0.69540875]
[  1.00000000e+00  -1.10448425e+00  -2.47842722e-04  -6.26304966e-01
  -1.06157061e-01   2.17259009e-01  -2.28250227e+00   2.93480912e-01
   3.25338496e+00   3.58575118e-01   2.94808323e+00   3.11226341e+00
  -2.25439855e-01   6.78976689e-02   2.51372097e-01  -8.83447983e-02
  -5.74894347e-02   3.00045950e-01  -7.85999417e-01  -6.20424322e-01
  -7.70035532e-01]
[ 1.          0.94942076  0.95613414  0.66840927 -0.44234703  0.80888497
  1.32969292 -1.37089523  0.93136304 -1.08871617  0.06702926  0.65576486
 -0.38014085  2.85104866  1.9218495   2.0684148  -3.19401458  1.54994499
  1.03076848 -1.44301934  0.08451082]
[ 1.         -1.14676    -0.11004111  0.7421536   0.03426397 -0.35851309
  0.67750226 -0.15209999 -1.49865286 -0.00627593 -0.39284081 -0.67081644
  0.21316997  0.25415527 -0.33283333  0.02937752  0.07841227  0.56701517
  1.64607361  1.09738684  0.21496938]
[ 1.          0.92367237  1.54308955  0.31753883 -0.43077427 -0.36311649
 -0.8528531   0.0529604  -0.27922823 -1.7232376  -0.0794386   0.06525357
 -0.45291628 -0.95705483 -0.65128747  0.85822904  0.47569159  0.74587057
 -0.16149945 -0.00617134  0.35665819]
[ 1.          0.93101559 -1.08979457 -0.09334829  0.04893264  0.24836429
  0.26170409  0.22183617 -0.06526945  0.63019616 -0.57108496  0.54674439
  0.52425443 -0.44049517 -0.46424539 -0.88689419 -0.43825506 -0.05116791
 -0.3071248   0.4680719  -0.63231823]
[ 1.         -1.14643608 -0.1568988   0.60140134 -0.68554979  0.72522315
 -1.50236567 -0.77333526  1.394862    0.43946973 -0.64737984  0.45611983
  0.12044257  0.27169127  0.02584368 -0.37662573  0.58197985  0.20150114
  1.61017574  1.11682901 -0.26009459]
[ 1.          0.97543122 -2.04407672  0.16927691  1.94635345  3.47722943
 -1.80537391  0.37935576 -1.35149337 -3.47918409  0.70785819 -0.33699411
 -2.26657987  4.08374743  0.65217671  2.27371564 -0.6436407  -1.22585084
  0.13593003 -0.05389925 -0.35684126]
[ 1.         -1.10443035 -0.17926189 -1.83775894 -1.70736037  1.16534135
 -1.41811057 -0.63788317  1.05645253 -0.00588637  0.09708088 -1.17352498
  0.46889077  0.14279274 -1.58849803  0.46546173 -1.7258649   0.23274879
  0.54676008  0.27726164  1.40535305]
[ 1.          0.89746731 -0.60157726  0.29124384 -1.29676416 -0.92976446
  1.53415943 -1.96387437  1.18717452 -0.72285542  0.33623607 -0.45285823
 -3.32300364  4.48688339  1.19967602  1.11921324 -0.06671333  2.52096034
 -1.51635775  1.27888924 -0.99465444]
[ 1.          0.4485265   0.33621468  0.06913672  0.82564669  0.15567556
 -0.25934183 -1.49247408  0.79014568 -1.46242109  0.45889078 -0.99020802
 -1.28270605 -0.47141723  0.25380845 -0.80362267 -1.18073686  0.57801711
 -0.67526225  0.25729958  0.18348503]
[ 1.          0.837161    3.32297644  0.09324283  0.561771   -1.9738734
 -2.85854402  2.28808321 -1.12639422  4.80312993  1.04610102 -1.88800431
 -2.06454378 -0.86612123  0.21495998 -2.00557711 -1.05032342 -6.58084963
  2.31414252  2.72698649  0.36009963]
[ 1.         -1.08759486 -0.05200122  0.39635149  0.0469819  -0.16829961
  0.13288813 -0.21150462 -0.01465016 -0.41214588  1.53183367 -0.23859521
  0.16402157 -1.05669252  0.34474334 -0.10660662 -0.64845036  0.34877743
 -1.39361843 -0.15869569  1.27040107]
[ 1.          0.40568304 -0.11345368 -0.67633545  0.58762314  1.35487558
  0.08667891 -1.25820187  0.07815248 -1.69080101 -0.01627613 -0.41673324
  0.81494522  0.51428358 -0.22532283 -2.72975065  2.57761838 -1.76935292
  2.17797487  1.91043709  0.82104983]
[ 1.          0.8881709   1.57118246  0.36549521 -0.28706246  1.02674732
  1.00158275 -0.31043991  0.28780544  1.56211453  0.35463191 -0.47562488
 -0.55627563 -0.38900836  0.46957703  0.58410304  1.21448151  0.1360838
  0.35098797 -1.50807189 -0.42016324]
[ 1.          0.95579068 -0.46863776  0.27029157 -0.70578813  0.63725924
  2.03761876 -1.18280016  1.11476698 -0.35786815 -0.34602629  0.89483427
  0.3205134   0.01022236 -0.87715632 -3.78120778 -1.79832744 -0.99470948
  1.3006089  -1.29704528  0.94331102]
[ 1.         -1.12288372  0.00978371 -0.94019403 -0.13408193  0.20813918
  0.27198739  0.57854337 -0.79128882  0.62534441  0.06365225  1.42514394
 -0.19073592  1.37545082 -1.6506786   0.65608312 -0.14478668  0.14840216
  0.93870774  0.08915245  0.74468953]
[ 1.          0.93888455  0.70999569  0.06247361 -0.02950659 -0.63182741
 -1.38525977  0.18466305  0.12180136 -0.26983563  0.65868746 -1.24885185
 -1.02112074  1.41392214  0.59523846  0.17059308 -1.62696754  0.1087137
  1.64424766 -1.27227986  0.26373066]
[ 1.          0.88970561  1.64774828  0.21868112 -1.37109153 -0.9541828
  0.88091109 -1.07950515  0.12022614 -1.21055673 -0.40679571  1.24184073
  2.52198559  1.32134969  1.36891789  0.47172876 -0.08647361 -1.31510813
 -0.9397699   1.32592275  0.16370007]
[ 1.         -1.09855893  0.01229411 -1.03863439 -2.07499997  1.1086387
 -0.79988009 -0.11542274 -1.24170161  0.79469181 -0.67564526  1.1440193
 -0.77023027 -0.94621277  2.60563805 -1.42163388 -0.06519124  2.39269786
 -0.12336118  0.4950024   0.79281781]
[ 1.          0.9473969  -1.99035108 -0.26807906 -0.5785872  -1.15641693
  0.70196725 -0.4363459   0.67662885 -0.54634715  0.3728607  -0.06556469
 -2.06187573 -0.35893656 -0.95136316 -0.78033975 -0.55359079  2.43948593
 -0.65848107  0.10751115 -0.92021091]
[ 1.         -1.06960476 -0.01362139 -3.15879163 -1.26044098  0.52145341
  1.25585837  1.64151576  0.58421079 -0.68735832 -1.18637094 -2.00676762
  0.7964168   1.15348519 -2.92785724  1.36895784 -0.36668313 -2.26543505
  0.20849363 -0.11758633 -1.09282226]
[ 1.          0.94640444 -1.90261386 -0.53430596  0.72740456  0.75987212
 -0.83703667  0.9768746  -1.28582784 -1.01031176  0.62380482 -0.60783333
  0.2650079  -0.99135422  0.40245229  0.97282406  0.37298281  0.05301479
  0.15948017 -0.24729151  1.93775642]
[ 1.          0.94227915 -0.70216669  0.14590682  0.13946755 -0.17215255
 -0.8048575   0.11301707 -0.30164074 -0.08357811 -0.16949444  0.15149959
  1.73189682 -0.04195247  1.25098407  0.41647864 -0.84144427 -1.55476736
  1.18947033 -0.74625048  0.76272086]
[ 1.          0.9465885  -1.28048546 -0.06926605 -0.8211256  -1.81537168
  0.10960128  0.25167069 -0.24087783  1.25930624 -0.33231172  0.25120738
  0.39246754 -1.61394388  0.62823423  1.1488763  -0.63784262 -1.68363608
 -0.36120459  1.4073474   0.20023898]
[ 1.          0.9569915  -1.69927481  0.01871738  0.28052747 -0.14008488
 -1.59720701  0.46075805 -0.95221211 -2.19757654 -0.27002261  0.46375711
  0.27089695  0.44276425 -0.37520025  1.21426994  1.31661064 -0.67829596
  0.86706337 -1.36690715  0.32477164]
[ 1.         -1.13588645 -0.10337182  0.85787611 -0.1593569   0.08343375
  0.07323332  1.15139521  0.72713556 -0.09139347 -1.59412519 -0.0480733
 -0.51339587  0.10460608  0.47836218  0.04362888  0.17711738 -0.67601485
 -0.87578808 -0.95273949  0.36429591]
[ 1.          0.91677182  1.59205833  0.27428889  0.7912421   0.15262944
 -1.36065785  1.02616026 -0.43121552  1.4757814   0.64578126 -1.15410801
 -0.65260511 -0.42902821  0.38928914  0.97120009 -0.8746371  -0.64278342
  0.50556091  0.88894407 -0.1737849 ]
[ 1.          0.92802783 -0.24993801  0.03321372 -0.54001425 -0.25932909
  1.30048737 -0.11113918  1.20866733  1.71335162 -0.17144762 -0.07311633
  0.27366656 -0.32080745 -0.5109001   0.15398765  0.12264065 -0.31195614
  0.22240665  0.48778106 -0.12336771]
[ 1.          0.91553917  1.29496465 -0.31282971 -1.18292515 -2.0324805
 -0.56651202  0.53192802 -0.62591495 -0.83993855  0.12218303 -0.3885789
  0.30916151 -0.76887283 -0.28630399  1.1196896   0.79388573  0.03765305
 -1.13994755  0.81707054  2.24206572]
[ 1.          0.90643423 -0.74153862 -0.12989402  0.09212966 -1.57963611
 -0.40177078 -0.05185261 -0.23690741 -0.19113805 -0.70349352  0.96180246
  0.1257086  -0.2757388   0.26985339  1.13559891 -0.44680742  1.15894814
 -1.43254445  1.34669908 -1.10183414]
[ 1.          0.91186124 -0.89867798 -0.31582434 -0.04334993 -0.66144441
  0.58434478 -0.44988871  0.29657968  0.01330139  0.16620593 -0.17591866
 -1.39179078  1.35147503  0.42550247  0.29077614  1.59418832 -0.45815653
 -0.98531124  0.55606428  0.38443345]
[ 1.          0.87578634  1.32902837 -0.04880687  0.59092302 -0.57788393
 -1.20213898 -0.40870179 -0.73550328 -2.6578865  -0.28758723  0.93347223
  1.90295026 -1.00927842  1.21119168 -0.82357016 -0.99056816  1.45964783
 -0.16036961 -0.97338671 -0.75200597]
[ 1.         -1.10467973 -0.02387412  0.91626132  0.24120708 -0.16007279
  0.03660313 -0.23097509 -0.42476901  0.15931222 -0.43577917  0.23315976
 -0.42457314 -0.04196293  0.60886119 -0.22450079  0.36901971 -0.04045227
  0.68050071  0.6397035   0.59642239]
[ 1.          0.95077453  0.0254413   0.40135957  1.32480351  3.38067111
  1.96129138 -0.52574746  0.68407348  0.39781276 -0.81122518  1.36969967
  0.52758764 -0.90479711 -0.89807097 -0.84460564 -2.96594813  0.22069596
 -1.56892686  1.82494165 -1.41275824]
[ 1.         -1.12420141 -0.02747837 -0.64721215  0.56520133 -0.03471935
 -1.3726909  -1.95246757  1.79200903  0.08182364  0.03786518 -0.67766535
  0.73297346 -0.05271296 -0.30741697  0.33133803  0.16962122  0.18884497
  0.38951782  0.01193212 -0.53494037]
[ 1.         -1.09691052  0.00469161 -0.04185839 -0.2996151  -0.0426471
  0.13378324  0.1448039   0.66008192 -0.45542763  1.77023963 -0.14742977
  0.23723246 -0.90129232  0.83758389 -0.29048099 -0.30829986 -0.39262209
 -0.56774632  0.82827505  0.6552617 ]
[ 1.          0.87590316  1.31141161  0.11178936 -0.46534443  0.38540575
  1.64378002 -0.87178962  0.72407649  1.07831611  0.45462668 -0.39902803
 -0.51935943  0.15604628  0.28224614  0.22421918  2.17169593 -1.53482542
 -0.32080305  1.02554619  0.86645768]
[ 1.         -0.92272404  0.16472086 -2.31885362 -0.61483851  0.56331036
  1.32801312  3.87333016  1.44995118 -1.16267908 -1.1273378  -0.38430905
  0.36594505  0.40555468  0.79519159  0.37088611  0.66775128  1.44870568
  2.03424085  0.50858243 -2.58505012]
[ 1.          0.76552285  1.515009   -0.56091583  0.392665   -1.18005061
  0.24356295  0.36117389 -0.36761865  1.90770912  0.68117796 -0.63567199
 -1.6334524  -2.82024996  1.57678577  1.70528074 -0.25023694 -1.03896649
  1.72036446 -1.5458087  -0.04297362]
[ 1.          0.92620348  1.53951764  0.31838373 -0.57451873 -0.83373063
  0.43906605  0.438016    0.42369208  1.58903208 -0.91026815  0.58705366
  2.58762792  0.21289987 -0.76750368  0.11824828 -0.48691177  1.31918632
  0.12766984 -0.56179391 -0.55125298]
[ 1.          0.93394288 -1.94872581 -0.20305846 -0.32873444 -0.88652169
  0.52637921 -1.13301754  0.56210527 -1.30315595 -1.62612817  1.62415718
 -2.02906216 -1.38233563 -1.67922518 -0.53154822 -1.18963776 -1.13863906
 -0.56073399  1.06496856 -1.2480325 ]
