Cluster centers 

[ 1.12448092  0.49969891 -0.05285605  1.72229379]
[-0.8024263   0.61004786 -0.60356704  0.02096386]
[ 1.37489218  0.09553542  0.41273636  0.39851449]
[-0.79657091 -0.48729825  1.53256075 -0.39584579]
[  1.092819   -10.82612221   0.51288469  -0.11595252]
[-0.7931132  -0.85548956 -1.35509633  0.22971555]
[ 1.42983358  0.23828755  0.116276   -0.88468734]
[-0.5865898  -0.18912622  1.51171601  0.99240755]
[-0.80763242  0.99976563 -0.1834635  -0.56812487]
[-0.68276365  0.71168779  0.65113177  0.87663639]
[ 1.43598219  0.71207478 -0.4404566  -0.13043556]
[-0.69442978 -0.22183873 -0.87824769  1.04034023]
[-0.79965509  0.52729743  0.91061723 -0.21168152]
[-0.80072976 -0.12479825 -1.32167336 -0.63390497]
[ 1.36484289 -0.34331808 -1.64320275  0.85194409]
[-0.77007205 -1.04917165  1.78946656 -0.20165608]
[ 1.32452067 -1.69882968  0.77476336 -2.25360628]
[-0.76815072  1.09019445 -0.27845893 -1.17557766]
[-0.79627752 -1.18460494 -1.73216878 -0.7670212 ]
[ 0.97304656  0.1314852   0.6968609   1.87135068]
[-0.77401503 -0.50108121  1.29202552 -1.71187222]
[ 1.29530333 -0.63061201  0.43039775 -2.23658692]
[ 0.90120074 -1.03495342 -1.39052439  2.22460187]
[ 1.40326701  0.5197044  -0.04647401  0.31593105]
[-0.80620832 -2.20652307 -1.84343609 -0.4208929 ]
[ 1.43178557 -0.52758196  0.62346941 -0.58492557]
[ 1.29963381  0.08143836 -2.05100243 -1.38286962]
[-0.75086541  0.84565634  0.18253181  0.55061615]
[-0.01551919  0.46675302  0.54848774  2.33966876]
[-0.80851179  0.36899888 -0.95448835 -0.38216475]
[-0.81322721  0.2315016   1.07198292 -0.83579138]
[ 1.25307923  0.53079175 -0.25909622 -2.14659758]
[-0.7102379  -2.68757075  2.21891367 -0.13869714]
[-0.75726475  0.13615555 -0.78557832  0.62650009]
[-0.77263151 -0.16345899  1.41717709 -0.03898336]
[ 1.31445763  0.55597685 -0.55193665  1.11000794]
[-0.71947505  0.79937046  0.43332365 -1.76667168]
[-0.7029061   0.05127963 -1.52250145 -1.47908238]
[ 1.13176406  0.05364999 -0.96915784  1.84989032]
[ 0.93481911 -0.6787643   1.26928754  1.65401876]
[-0.71863847 -1.7677409  -1.46442462  0.79744915]
[ 1.37998091  0.12421897  0.1235937  -1.54620049]
[-0.80817196 -0.0452624  -1.12031887 -0.12122116]
[-0.81470585 -0.77963821  1.57164655 -0.9107884 ]
[-0.68207443  0.74983626  0.11334672  1.00727758]
[ 1.33470249  0.44288877  0.09713319  0.81886953]
[-0.68698253  0.32770992  1.13820909  0.69338476]
[ 0.58990522  0.07789817  0.9546793   2.30380262]
[-0.80820999  0.95819479  0.0020045  -0.2223388 ]
[-0.57693125  0.15567955 -0.51152934  1.52013138]
[ 1.38837882  0.72231702 -0.42912571 -1.26155914]
[-0.70745631 -0.18519478  1.47790528  0.43843407]
[ 1.25934863 -0.06344678  0.66166552  0.98959793]
[-0.76614389  0.87554529 -0.76124138 -1.10857503]
[-0.78868848  0.89724512  0.29596815  0.13340547]
[-0.44147005 -0.77235424 -0.94185622  1.89446607]
[ 1.43671171  0.51413277 -0.10610382 -0.54473081]
[-0.12315762 -0.99664338  1.85922955  1.72112592]
[ 1.30545929 -0.50287311  0.86455686  0.64791483]
[ 1.41379653  0.50645616 -1.12994887  0.41811717]
[-0.80576727 -1.59138055  1.86832968 -0.76904701]
[ 1.42927409  0.06918999  0.32183819 -0.28010491]
[-0.80008015  0.9674206   0.28535799 -0.90349285]
[-0.55746275  0.50717775  0.92464547  1.31960841]
[ 0.57434301  0.17845268 -0.34280077  2.56604384]
[-0.80605905 -1.30535142 -1.56695726 -0.07101657]
[-0.72937191  0.51707665 -0.41105448  0.79852997]
[-0.78038921  0.42717035 -1.10632096 -0.93018789]
[-0.78599666 -0.6001378  -1.58986388 -0.87235428]
[-0.38488018  0.05809363  1.33830613  1.64114531]
[-0.81007179 -0.57967522 -1.38718894 -0.23270478]
[-0.7252825  -0.83695731 -1.19440575  0.83629112]
[ 1.4244303  -1.02305822  0.73221324 -1.17538283]
[ 1.422585    0.38597245  0.0875939  -0.01014816]
[-0.6028153  -1.25625325 -2.03083687 -1.57100679]
[ 1.22583744  0.28121555  0.38792863  1.25415467]
[-0.80912973  0.64058985  0.74236622 -0.8381048 ]
[ 1.40273177  0.68298168 -0.48025539  0.456244  ]
[-0.50870819 -1.8985554   2.16311879  0.8575019 ]
[-0.80657737  0.78592568 -0.60891785 -0.49902775]
[-0.70357892 -1.55836502  2.00382809  0.16475023]
[ 1.40258835 -0.47929796  0.46265727 -1.46008076]
[-0.80373014  0.12628106  1.20208071 -0.38607691]
[-0.79642497  0.27827671 -0.82907274  0.17919113]
[-0.52101682  0.63737477  0.22364385  1.61257382]
[-0.70728648 -0.72411349  1.72650539  0.30935664]
[ 1.39855063 -1.15691301  0.96772784 -0.22351846]
[ 0.15376804 -0.165327    1.35522411  2.20121678]
[-0.76233461  0.27454916  1.15531247  0.16762763]
[ 1.4319258  -0.16921659  0.38381222 -0.89513396]
[-0.61712059  1.03695415 -0.84383616 -1.93362584]
[-0.80826822  0.82399848  0.54776222 -0.34018493]
[-0.79059968  0.81354065 -0.23960167  0.2033898 ]
[-0.78588637 -0.29108456 -1.10377535  0.33911585]
[ 1.4307845   0.79432877 -0.94033902 -0.57638191]
[-0.81337465 -0.23505809  1.32139178 -0.96344135]
[ 1.40118849 -0.36408199  0.64989569  0.01782272]
[-0.78146165  0.25748714  0.94054668 -1.48120817]
[-0.75860631  0.67703067  0.75733465  0.3313701 ]
[-0.56120554 -0.91262047  1.85412359  0.90947464]

Populations

0.0142215767406
0.0122052269589
0.0164847388596
0.0117814613763
0.0126484278015
0.0211434927087
0.00727444361604
0.00775247866421
0.00817314080464
0.017575318013
0.0107244473992
0.0143449360137
0.0113119250732
0.00970908272758
0.00794041827108
0.00571692172161
0.00605640811139
0.00962542996412
0.00876568212849
0.00278884191687
0.0111953636417
0.00774227332429
0.0164363798317
0.00537555645779
0.0130705119982
0.00411044991713
0.00834225392285
0.00515200829623
0.0113485294056
0.0112904936344
0.00893380781013
0.00190558386391
0.0127007535278
0.0112343648869
0.0195922414329
0.00560296737972
0.00654893693533
0.0129152412056
0.00354394609508
0.00866270379869
0.0178141888343
0.0128265739281
0.00667177202285
0.0070177834821
0.0177727352369
0.00877997664575
0.00845131616551
0.0111134595378
0.0072695896481
0.0143662845448
0.00998435901613
0.00900902804372
0.00666093620501
0.0105300538418
0.00545533741854
0.0217628090617
0.0022611041559
0.00651641913
0.0133289343001
0.00383126581994
0.0207771892573
0.0102776104093
0.00548644533098
0.00677129604292
0.0119676313627
0.0120458381387
0.00815891359555
0.00908756540312
0.00432824860378
0.0150864187074
0.0117947073734
0.0111371414805
0.0164808405056
0.00271487742783
0.00959893007148
0.01125334313
0.0138583438579
0.00210920404812
0.0102911920675
0.00416784946092
0.0157576532449
0.0117390163423
0.0126322232299
0.00532588641051
0.00902181031941
0.00509368333611
0.00439464637374
0.0126932068838
0.0203981057758
0.00346722502649
0.0134830448933
0.0100948211327
0.0153900886139
0.0133005225391
0.00887182611252
0.0111815478515
0.00808133750643
0.0124357000727
0.00587137478425

State labels

0
1
2
3
5
6
7
8
9
10
11
12
13
14
15
16
17
18
19
20
21
22
23
24
25
26
27
28
29
30
31
32
33
34
35
36
37
38
39
40
41
42
43
44
45
46
47
48
49
50
51
52
53
54
55
56
57
58
59
60
61
62
63
64
65
66
67
68
69
70
71
72
73
74
75
76
77
78
79
80
81
82
83
84
85
86
87
88
89
90
91
92
93
94
95
96
97
98
99

Eigen values

1.0
0.951810639582
0.226858140704
0.119593779453
0.107299581659
0.0985311921992
0.0919556497263
0.0914712263741
0.0888439267714
0.0861176079013
0.0815548637335
0.079816499304
0.0755663824549
0.07428996264
0.0689429230179
0.0683581979795
0.0652431267152
0.0633571415488
0.0607574096422
0.0592084867866
0.0568570248831

Left eigenvectors

[ 0.01422158 -0.0155722  -0.00102231  0.03898067  0.00717995 -0.00852809
 -0.00500924 -0.01888582  0.00557447 -0.0133284   0.01979252  0.04831857
  0.00610485  0.02288841  0.01281816 -0.00835186 -0.01067337  0.01412648
  0.02937611  0.0136777   0.0201122 ]
[ 0.01220523  0.01133781  0.01366269  0.0008484  -0.00060992  0.00537996
  0.00123784  0.00804731 -0.00028751  0.01769075  0.00318935  0.00473756
 -0.00480002  0.00373651 -0.00624438  0.00929146 -0.0138124   0.00867713
 -0.0059381   0.00783942  0.00684103]
[ 0.01648474 -0.01869456  0.00082376  0.01486984  0.00107837 -0.00408678
  0.00451018 -0.00765666  0.01432283  0.00338753  0.00390516  0.00576642
  0.00890024  0.00773377 -0.01594475 -0.00486119 -0.00824057 -0.00376971
 -0.0188076  -0.01918966 -0.02188959]
[ 0.01178146  0.01090876 -0.02056068 -0.00532041  0.00559707 -0.01623609
 -0.01685583 -0.00998379 -0.0031435   0.01440893 -0.00035658  0.00739121
 -0.01762957  0.00306018 -0.01634246  0.01885365  0.01840707  0.01592671
 -0.00622974  0.00187449  0.00534992]
[  1.26484278e-02   1.16799578e-02   2.11107584e-02   3.15213272e-03
   1.06681507e-03  -1.06794968e-02   4.57762690e-04  -1.86385002e-02
  -1.34206844e-02   2.01811664e-02   1.02284522e-02  -5.68287814e-03
  -5.13530020e-03  -1.00767347e-02  -4.72503219e-03  -1.37843818e-02
  -1.93811068e-03  -3.20646828e-03   7.09856911e-04   2.59728187e-05
   5.41520023e-03]
[  2.11434927e-02  -2.42007035e-02  -7.05390406e-05  -2.88418086e-02
  -5.22465402e-03   5.00473450e-03   5.68123258e-03  -7.55041044e-03
   1.86258097e-02   1.37439871e-02   4.57103671e-03   1.39264749e-02
   1.17823639e-02  -2.64703394e-02   1.03719254e-02   1.68334414e-03
  -5.18848782e-03   1.59745533e-03  -7.69254130e-03   2.37678989e-02
  -3.19477835e-02]
[ 0.00727444  0.00629431 -0.01451774  0.00029886  0.0012883  -0.00764896
 -0.00762378 -0.01578949 -0.00788657  0.00420455 -0.00801457 -0.00175117
  0.01233631 -0.00485286  0.00460429 -0.01159013  0.00656467 -0.0111508
 -0.0046587  -0.00468556  0.00953657]
[ 0.00775248  0.00714856  0.00273443  0.00211762  0.01314354  0.00843614
  0.00746732 -0.00201    -0.00853658  0.0128843   0.01493446 -0.0127914
 -0.00627189 -0.00988051 -0.00050617 -0.0119121  -0.01320273  0.01475246
  0.01958008 -0.01072682 -0.00350426]
[  8.17314080e-03   7.02693346e-03  -2.31564726e-03   1.93824390e-03
   1.11099183e-02  -1.28962692e-03  -8.80753620e-03  -6.61943994e-03
  -7.18758725e-03   5.58401817e-03  -3.65805405e-03  -2.45491015e-03
  -4.08742639e-03  -8.50161629e-06  -3.45255646e-03  -8.19418282e-03
   1.25328971e-02   2.99454097e-02  -3.65691208e-03   4.74043426e-03
  -1.39642166e-02]
[ 0.01757532 -0.02001088  0.00075614 -0.01993582 -0.00037691  0.01500932
  0.00631537  0.00846708 -0.05936136 -0.01473256 -0.01863056  0.01481451
 -0.01570426  0.0401892  -0.01910371 -0.01164712  0.00319228 -0.00920592
 -0.00299465 -0.0162427  -0.01430231]
[  1.07244474e-02   9.92140446e-03   1.23637497e-02   7.23024132e-04
  -4.50145341e-03  -8.31020030e-04   7.07200495e-03  -7.59181831e-03
  -5.30819839e-03   9.41410520e-03  -2.59115640e-03  -2.58605228e-05
  -1.19191326e-03  -7.47923835e-03  -9.77684481e-03  -9.95347312e-03
  -1.67230629e-02   9.75870879e-03  -2.47063186e-03   4.70009537e-03
  -2.54670940e-03]
[ 0.01434494  0.01283966 -0.02264194 -0.00122924 -0.0194345  -0.0110474
  0.01638604  0.01076176  0.00306885 -0.00212087  0.00277902  0.00875281
 -0.00741846 -0.00750852 -0.00508669 -0.01345052  0.002859   -0.00671655
  0.0094018  -0.01658801  0.0047458 ]
[ 0.01131193  0.01054844  0.01453142 -0.0032718   0.00155541  0.00525029
 -0.01337328  0.01016787  0.00827191 -0.00517029 -0.02141703  0.01101709
  0.00931136  0.00723244  0.00544491  0.01306462 -0.00823454 -0.00566665
 -0.00571697 -0.00744241  0.00635737]
[  9.70908273e-03  -1.08206407e-02   4.21211877e-04   1.76294981e-02
   1.27601254e-03   6.83373451e-05  -3.99962421e-04  -5.41376716e-03
   8.10211767e-03  -2.28457253e-03   4.67036074e-04   8.97815152e-03
   5.38829540e-04  -1.57151657e-02   6.99638984e-03   6.75576974e-03
  -1.06649673e-03   2.31341348e-03  -1.90049471e-02  -1.93981001e-02
  -4.52379579e-03]
[ 0.00794042  0.00714925 -0.01451926  0.00056669  0.02218063  0.01033361
  0.00641716  0.01948374  0.00716448  0.00702198  0.01195857  0.00485744
 -0.00268337  0.00660338 -0.00233061  0.00378854  0.00664128 -0.00223084
 -0.00844413  0.01624061 -0.00407925]
[ 0.00571692 -0.0067342   0.00084588 -0.00452492  0.00181831 -0.00987747
  0.00175483  0.00841401  0.00094883  0.00597031 -0.00981095 -0.02206949
 -0.00318107  0.02065304 -0.00265128 -0.00669582 -0.00139465 -0.00436386
  0.00580661  0.00420581  0.00455156]
[ 0.00605641  0.00561896 -0.00278118 -0.00307478  0.00662729 -0.0073514
  0.03172913 -0.01419535 -0.00237929 -0.01172311  0.00401263 -0.00568864
  0.00171055  0.00225485  0.00184242  0.01153004 -0.00362907  0.00051132
 -0.01000164  0.00307232  0.01217073]
[ 0.00962543  0.00862805  0.01175071  0.00318792 -0.00747285  0.00656646
 -0.02058775  0.00373656 -0.00168729 -0.00467786  0.01277439 -0.00714279
  0.00367198  0.00230637  0.01125085 -0.00178511 -0.00690225 -0.01577171
  0.0049507  -0.00593501  0.00046261]
[ 0.00876568 -0.00833328 -0.00300244  0.01950831 -0.00654987  0.02941791
  0.0012896  -0.02107969  0.00325079 -0.0033241   0.00436617 -0.00100198
 -0.0040093  -0.01046886 -0.02396217  0.01321506  0.00705297 -0.01241072
 -0.00097176  0.00352611  0.01505253]
[  2.78884192e-03   2.53072007e-03  -4.09767234e-03  -1.41579790e-03
  -7.82348471e-03  -1.23716331e-02   9.74376003e-03  -8.70647451e-03
   4.90256629e-04  -1.47417973e-02   2.33266377e-03   1.83825001e-05
  -3.72908780e-04   3.82289400e-03   3.17914805e-03   7.23059723e-04
   7.73620459e-03  -1.33747921e-03  -3.10473553e-03   4.78855500e-03
  -9.44883583e-04]
[ 0.01119536 -0.01307697  0.00109154 -0.00344136  0.00136281 -0.01177442
 -0.00151957  0.01084906 -0.00156559  0.00321536 -0.00243709 -0.00797769
 -0.00906947 -0.02195457  0.02479388  0.01092573 -0.00184647  0.00522757
  0.00163077  0.02334138  0.00524911]
[ 0.00774227 -0.00777336  0.00027973  0.03350272  0.00346048 -0.00830052
 -0.00287437  0.00084334 -0.00540225 -0.00340885  0.0099957   0.00754692
  0.01814239  0.00805339 -0.01330145 -0.00244179  0.00046817  0.00288175
  0.00111358 -0.00135352 -0.0015694 ]
[  1.64363798e-02  -1.87606177e-02   1.30813290e-03  -1.05276965e-02
   2.84326546e-03  -1.17458617e-02   3.37878445e-03   3.73076715e-03
   1.45753214e-02   9.13211187e-03   6.98998936e-04  -1.71607080e-02
   1.73454276e-02   1.52793547e-02  -1.72638258e-02  -4.39585191e-03
  -4.24332708e-03  -1.96534256e-05   2.94200270e-03   1.27268863e-03
   5.80690853e-03]
[  5.37555646e-03   4.88495284e-03   1.06896333e-02  -5.45612839e-05
   1.36557211e-02   8.87565280e-03   3.45793001e-03  -3.55825269e-03
  -1.06929522e-04  -5.07633864e-03  -1.23105804e-02  -4.10607649e-03
   1.42927548e-02  -1.47086490e-03   5.35018265e-03  -9.12229909e-04
   7.82705547e-03   2.80364817e-03   6.50973356e-03  -6.81450771e-03
   2.58107133e-03]
[  1.30705120e-02  -1.49550244e-02  -5.40563424e-05  -2.06203290e-02
  -4.64793024e-03   1.73407246e-02   1.51995542e-03  -6.04629410e-04
  -2.04848812e-02  -5.81820548e-03   2.48701141e-03   1.20732285e-02
   3.95286936e-03  -1.67570622e-02  -4.77479917e-03   5.61889952e-03
   4.60805205e-03  -2.42770068e-03   6.25468133e-03   1.49665475e-02
   1.15344666e-02]
[ 0.00411045 -0.00475451  0.00083443  0.00623626  0.00305665 -0.01479311
 -0.00282027  0.01099042 -0.00282791 -0.00242056  0.00903761 -0.00146524
  0.0199772  -0.00783923 -0.00674113  0.00305994 -0.00266822  0.00433583
 -0.00672618 -0.00988752 -0.0063849 ]
[  8.34225392e-03   7.39923374e-03   7.03018287e-04   1.97145507e-03
   1.41183923e-02   8.19450342e-03  -1.42163389e-02   7.03521285e-03
   2.03077191e-03  -8.84656884e-03   1.79091625e-02  -4.40029658e-03
  -2.60953794e-03   9.89916745e-03   6.84926173e-03  -8.74000848e-05
   2.10940378e-02  -5.13064842e-03   9.04286880e-03   4.87620816e-03
  -2.06073184e-02]
[ 0.00515201  0.0005646  -0.00234445  0.00133019 -0.00215564  0.01536495
 -0.01076205 -0.00600615  0.00304466 -0.00974131  0.0108896  -0.00951411
 -0.00107763  0.00460326 -0.00827795  0.00894735  0.01079031  0.00382712
  0.002342   -0.00628829  0.00719425]
[ 0.01134853  0.0106102   0.01695849 -0.00075305  0.00084002 -0.00388795
 -0.00779624 -0.00710716 -0.00738499  0.01562996  0.0043356  -0.0002336
 -0.00480615 -0.00786366 -0.00182006 -0.01664356 -0.02276121 -0.01136518
 -0.00047183 -0.00208554  0.00715821]
[ 0.01129049  0.0104841  -0.01844797 -0.00500406  0.00478938 -0.0033276
  0.00239599  0.0148736   0.01010544 -0.0139566  -0.00980957  0.0081691
 -0.00830273 -0.00530551 -0.01032801 -0.00987444 -0.01833124  0.0003692
  0.00151265 -0.00064973 -0.01166086]
[ 0.00893381 -0.01030951  0.00111271 -0.02261364  0.00027084 -0.00393097
 -0.00366044  0.00729118 -0.01276856 -0.00447205  0.00512754  0.00484052
 -0.00131983 -0.01407155  0.00366634  0.00626614  0.00278715  0.00450642
 -0.0044642  -0.00259213  0.00606246]
[  1.90558386e-03   1.67205156e-03  -6.86713162e-03  -6.78445513e-04
  -2.58455275e-03   1.85113105e-03  -3.00528145e-03   2.97592613e-03
  -1.91899692e-05   5.37535082e-03   4.07309753e-03   2.18477015e-03
  -1.32867052e-03   1.40833030e-03   6.04143116e-04   1.70709183e-03
  -2.89606595e-03  -7.83022862e-03  -1.96041644e-03  -1.45163252e-03
   2.26589229e-03]
[ 0.01270075  0.01175751  0.01955351 -0.00155252 -0.01004316 -0.0037036
  0.00697232 -0.00168377  0.00070713 -0.00166062 -0.00415805 -0.00072803
 -0.00209359 -0.00464603 -0.00818778 -0.00128473 -0.01015857  0.01233264
 -0.00779803  0.01043718  0.00876867]
[ 0.01123436  0.01034275 -0.01583153 -0.00571592  0.02230175 -0.01673175
 -0.01140022 -0.02062756 -0.00315196  0.00095693 -0.01491982  0.00604906
 -0.00107107 -0.00442414 -0.00774204  0.00148662 -0.00530671 -0.01755517
 -0.00725555  0.00875878 -0.0055076 ]
[ 0.01959224 -0.02167084 -0.00103302  0.02667509  0.00106147 -0.00148308
 -0.00036426  0.01352156 -0.02233962 -0.00121839 -0.02562977 -0.02724292
 -0.04047716 -0.0001062   0.01935298  0.00666334  0.00427303 -0.01049997
  0.01125071  0.01814762  0.00970957]
[ 0.00560297  0.00527413 -0.00094793 -0.00168297  0.00438027 -0.00118042
 -0.01337402 -0.00797377 -0.00452354  0.00522482 -0.00348302 -0.0034999
  0.00768462  0.00224713  0.01259095  0.00459959 -0.00791593 -0.00950503
 -0.00552064 -0.00190873  0.0078994 ]
[ 0.00654894  0.0060836   0.00936762  0.00106946 -0.00944609 -0.0051573
 -0.00490177 -0.00014555  0.00308119 -0.00292887  0.00239903  0.00404494
 -0.00754938  0.00207252 -0.00895465  0.01344627  0.0025394  -0.00697908
  0.02002588 -0.0021865  -0.02062322]
[ 0.01291524 -0.01398406 -0.00031489  0.03994398 -0.00150183  0.00121263
  0.0063468  -0.0055267   0.02213359  0.01104563 -0.02788721 -0.01470376
 -0.03520013 -0.00505807  0.02116046  0.0019171  -0.0017649  -0.00086948
 -0.02721158 -0.00892085 -0.01235412]
[  3.54394610e-03  -3.13732184e-03  -1.89375955e-03   1.36031207e-04
  -1.52082062e-03   8.60410107e-04   8.49587594e-05   1.39358637e-03
   8.11933852e-03   3.08013297e-03   1.49696856e-03  -2.64069390e-03
   1.64498712e-03  -3.52716031e-03   6.50134134e-03  -2.61583628e-03
  -1.11492373e-04  -1.41929434e-03   1.02362437e-02   1.25336621e-02
  -3.51343502e-03]
[ 0.0086627   0.00789949  0.01115592  0.00317992 -0.00465746 -0.00829155
  0.01323488  0.0011722  -0.00140516  0.0150352  -0.00231267  0.01241235
  0.00324759  0.00095475 -0.00458125 -0.00191547  0.04137959 -0.00421155
 -0.00554634  0.00590385  0.00844599]
[ 0.01781419 -0.02067159  0.00109515 -0.01081247 -0.00110721  0.00261041
 -0.00067237 -0.01991226  0.03305201  0.01012048  0.00706498  0.01633546
  0.00500444  0.01146247  0.00783013 -0.01290935 -0.0048879   0.00833892
  0.00647441  0.00235622 -0.0073879 ]
[  1.28265739e-02   1.20737114e-02   2.06140309e-02  -1.38372582e-04
   2.70030609e-05   1.04744016e-02   9.89647857e-04   6.90708059e-03
   1.17250085e-03   1.26958771e-03   8.79873332e-03  -1.73678085e-03
   6.29066054e-03   4.32413137e-03   8.64909081e-03  -2.60473923e-03
  -1.04274471e-02  -6.89454419e-03  -4.05568888e-03   4.19344298e-04
   9.43769695e-03]
[ 0.00667177  0.00579444 -0.00935335 -0.000718   -0.0130031   0.00166853
 -0.00951807  0.00167573  0.00287382  0.01210829 -0.00892727  0.00574279
  0.007067    0.0072566   0.00047119  0.02216735 -0.00463469 -0.00237613
  0.01048166 -0.00081003 -0.00544616]
[ 0.00701778  0.00641931  0.00144086 -0.00284254 -0.00077576 -0.00289442
 -0.01527948 -0.00272273  0.00449424 -0.01191123 -0.00691953  0.00068809
 -0.00510588  0.00131549 -0.00304029  0.00742127 -0.0130493  -0.00404808
 -0.00170895  0.00364221  0.00119365]
[ 0.01777274 -0.01969576  0.00050344  0.00157464  0.00358757 -0.00606619
  0.00734886  0.00103815 -0.01223583 -0.00470912  0.00219931  0.00285789
  0.013092    0.00997156 -0.01851173  0.00837413 -0.00542346 -0.00284835
  0.00253818  0.0073659   0.0079071 ]
[ 0.00877998  0.00761833 -0.01326694  0.00163238  0.00554357  0.0091109
  0.00927361  0.00581454 -0.01033855  0.01605262  0.01665199 -0.00085502
  0.00648104  0.01455887  0.02442678  0.00909723 -0.01614637 -0.01471394
 -0.01574058 -0.001164   -0.00667731]
[  8.45131617e-03  -5.83514775e-03  -7.37669756e-03   1.08586925e-02
  -1.36836950e-02   2.85557640e-02   8.79188518e-03  -5.75934907e-03
  -6.15536387e-03   9.93530208e-03  -1.36670637e-02  -3.97911041e-03
   2.42218540e-02   2.81532673e-03  -1.20451668e-02  -2.74545906e-03
  -7.99337945e-05  -7.65042352e-03  -3.48266190e-03   2.77793615e-02
  -2.06854021e-02]
[ 0.01111346  0.01013299 -0.00250365 -0.00282648  0.01067583 -0.00754969
 -0.00914491 -0.02576885 -0.0043922  -0.02206533  0.01142262 -0.01224939
 -0.00270965  0.00145766  0.0065385  -0.00300495 -0.0068134  -0.01288728
 -0.00872853  0.01209077 -0.00560658]
[ 0.00726959  0.00625063  0.0029718  -0.00064265  0.00598958  0.00459699
 -0.00299218 -0.00103602  0.00341035 -0.0206379   0.00863029 -0.00815452
 -0.00352951 -0.00484077  0.00018653 -0.01782426  0.00401274 -0.00339907
  0.00517945 -0.00233287 -0.02076661]
[  1.43662845e-02  -1.63904196e-02   1.14815304e-04  -6.12279475e-03
  -4.25363132e-04  -1.17281786e-02  -5.33416186e-03   6.27057404e-03
   2.56272653e-02   7.95057648e-03   1.18348443e-02  -2.49231513e-02
   2.36381401e-02  -9.73445921e-03  -1.03341420e-02   8.90570985e-05
   4.97712638e-03  -9.86159368e-04  -7.21500006e-04  -6.18726110e-03
  -9.99806393e-03]
[  9.98435902e-03   8.93114412e-03  -1.23525599e-02  -1.21659762e-06
   8.02514125e-03   2.41574607e-03  -9.43621325e-05  -3.14332671e-03
   8.31542400e-05  -5.43748416e-03   4.09084087e-03  -3.87897573e-03
   2.07416508e-03  -1.58136970e-03   3.07112083e-03  -5.82314681e-03
  -5.86490684e-03  -1.98498854e-02  -3.56982283e-03   9.00268515e-03
  -7.19960702e-03]
[  9.00902804e-03  -9.78161754e-03   5.61311086e-05   2.81718512e-03
  -1.70061432e-03   1.31097962e-02   1.28893400e-03  -3.16003096e-03
  -1.61109041e-02  -7.36343727e-03  -9.17764125e-03   1.86910838e-02
  -1.98095311e-02  -7.07250958e-03   1.73195801e-02  -5.13980906e-03
   2.14361978e-03  -1.62820394e-03  -3.70297525e-03  -1.84871995e-02
  -1.05155678e-02]
[ 0.00666094  0.00610926  0.00602204  0.00152795 -0.01078884 -0.00174511
 -0.00201722  0.00423306 -0.00151941  0.0007761   0.00417314 -0.00302552
  0.00056692 -0.00129404  0.00541153 -0.00419714 -0.00439301  0.00310447
  0.0147528  -0.00845206 -0.00540214]
[ 0.01053005  0.00943965 -0.00727459  0.00107096 -0.01376135 -0.00855975
  0.01313547 -0.01479465 -0.00934628  0.01437675 -0.00464994 -0.00451645
  0.00582617 -0.00147332  0.0055042   0.00413107 -0.00288839  0.00478334
  0.00676318 -0.00057645 -0.01599766]
[  5.45533742e-03   4.09086814e-03   5.30583389e-03   1.34292306e-03
  -2.36185942e-03  -3.95464155e-03   1.43908916e-02   3.39922561e-03
   5.36935242e-03   9.61985907e-04   1.51126433e-05   4.49427629e-03
  -7.24051854e-03  -8.42098602e-03  -1.10049340e-02  -1.04193771e-03
   8.86553982e-04  -1.38449548e-02   7.46790757e-03   1.06478676e-03
  -3.10386446e-03]
[ 0.02176281 -0.02510539  0.00181232 -0.01039673  0.00014428  0.00344357
 -0.00755083 -0.00938097  0.00600554 -0.00545452  0.01721933  0.02552828
  0.00436064 -0.00869271  0.01792549 -0.00614923  0.00180476  0.00796857
  0.01788931  0.00018567  0.01463863]
[ 0.0022611   0.00128189 -0.00313703  0.00118652 -0.0007363   0.01013015
  0.00029068  0.00238861 -0.00453533 -0.00119342 -0.00083104 -0.00160457
  0.00209353 -0.00214007  0.00422187 -0.00476061 -0.00235289  0.00037037
  0.00234609 -0.0069695   0.0012108 ]
[  6.51641913e-03  -7.33367262e-03   4.36211543e-05  -8.35234534e-04
  -6.39486914e-04  -1.55874654e-03  -1.07249056e-03   1.10218869e-02
  -1.56389015e-02  -2.64724041e-03  -2.43447750e-03  -1.03962693e-02
   3.68849067e-03  -4.67301862e-04  -8.63204802e-03   1.40433350e-03
   3.38675425e-03  -5.44260898e-03   3.32140669e-03   2.82208351e-03
  -3.28251149e-03]
[ 0.01332893 -0.01503754  0.00024043  0.02047207  0.0027546  -0.00972304
 -0.00212546  0.01055069 -0.01486978 -0.00510702  0.00324573  0.00153821
  0.00760491 -0.01438669 -0.01063523  0.00784958 -0.0013025  -0.00332414
 -0.03089319 -0.02911985 -0.01706597]
[ 0.00383127  0.00348612 -0.00666486 -0.00029683 -0.02110556 -0.00562326
  0.00144426 -0.00343501 -0.00258887 -0.00427532  0.00680401 -0.00434408
 -0.00167645  0.00387687  0.00193732 -0.00086055 -0.0014807   0.0060063
 -0.00406009  0.00269603 -0.00308508]
[ 0.02077719 -0.02407988  0.00268621 -0.01664284  0.00442183 -0.01695619
  0.00173795  0.01248482 -0.00888954  0.00419369 -0.00824009 -0.02142021
  0.00203601  0.03591078 -0.01476334 -0.0117798  -0.00046856 -0.00645374
  0.00831717 -0.0031383   0.00021281]
[  1.02776104e-02   9.55130069e-03  -5.08268651e-03  -2.47531384e-03
  -9.73708780e-03  -4.25490649e-04   1.11493961e-02   4.98809536e-03
  -3.20977658e-05   1.59603123e-02   2.14481374e-02   4.14684343e-03
  -1.13283619e-02   1.36039615e-02   5.80512629e-03   3.55256060e-02
  -1.14394220e-02  -6.97589179e-03   8.22397776e-03  -1.71299070e-02
   1.58331035e-04]
[ 0.00548645  0.00463498 -0.0083636   0.00204367  0.00292293  0.01210816
  0.00256994  0.01415338  0.00530106 -0.00321588  0.00392532 -0.00123517
  0.00329422 -0.00195106  0.00106572 -0.00939239 -0.00385372  0.00468852
  0.00231628 -0.00060906  0.0056117 ]
[ 0.0067713  -0.00445023 -0.00190787  0.01861646  0.00065724 -0.00264673
 -0.00285216  0.01091945 -0.00383033 -0.00418996 -0.00044592 -0.01394317
 -0.00875088 -0.01527125 -0.00077311  0.00285187  0.00561823 -0.00701931
  0.01544582  0.00168731  0.00243791]
[ 0.01196763  0.0110648   0.02164029  0.00240146 -0.00243959  0.00974312
 -0.01008084  0.01076775 -0.00181199  0.016466    0.01860724  0.00403435
 -0.00025748  0.01041984  0.00502586  0.00063705  0.00921552 -0.00961548
 -0.01506598  0.0072966   0.00883418]
[  1.20458381e-02   1.09829507e-02   8.33496382e-03   7.80859666e-04
  -2.31445821e-03   1.47384795e-06   1.54981998e-02  -2.01869796e-02
  -1.23623122e-02   2.14292260e-03   1.03562451e-03  -1.41637810e-02
   4.74591387e-03  -1.21531612e-02  -4.51681211e-03  -1.10671118e-02
  -1.07976298e-02   2.03502774e-03   7.92998812e-03  -1.93575277e-04
   7.95702922e-04]
[ 0.00815891  0.00744648  0.00973587  0.00165213 -0.00680624 -0.00468274
 -0.00793618  0.00509     0.00100547  0.01267353  0.00323021  0.01177829
 -0.01336845 -0.00294994 -0.01245066 -0.01274442  0.00968301 -0.00181492
 -0.00347058  0.00135821  0.00039353]
[ 0.00908757  0.00844131  0.01604244 -0.00219524  0.01323616  0.00417523
 -0.000437    0.00086935  0.00296507 -0.011173   -0.00757956 -0.00290353
  0.00048883 -0.00168858  0.00186044  0.00463901 -0.00667927  0.00469877
 -0.00539701 -0.00156302  0.0025885 ]
[ 0.00432825  0.00302509 -0.00482837  0.001334    0.01156802  0.00808701
  0.00778631  0.00314476  0.00480501  0.00298527 -0.01593914 -0.00040471
  0.01065166 -0.00458062  0.0019898   0.00386745  0.00590533  0.00713836
  0.00485084 -0.0015126   0.00095398]
[ 0.01508642  0.01398495  0.0250347   0.00164962 -0.02158122 -0.00519789
 -0.0088898   0.01936845  0.01515512 -0.00983335 -0.02232155  0.01525145
  0.00151166  0.00227509  0.00094889  0.00751958  0.01632897 -0.01362279
  0.00378747 -0.00383063 -0.00023212]
[ 0.01179471  0.01102997  0.01886194 -0.00143034 -0.00355814 -0.0045594
  0.01456158  0.0119621   0.01408497 -0.02570596  0.00414912  0.00670325
 -0.01550044 -0.0010903  -0.01854502  0.00160462 -0.00448239 -0.00327444
 -0.01165023  0.01400582  0.0106222 ]
[ 0.01113714 -0.01276712  0.00060674 -0.00656964  0.00173594 -0.0064772
 -0.00693687  0.00437669 -0.0032076  -0.00507552  0.01328609 -0.00647401
  0.00696183 -0.01043786 -0.00992647  0.01385829  0.00464456  0.00280964
  0.00266623 -0.00192056  0.01876135]
[ 0.01648084 -0.01861165  0.00287579 -0.01893471 -0.0007023   0.00288736
 -0.0025679  -0.01303843  0.03333726  0.00975469  0.00137442 -0.02570505
 -0.01705896  0.0164575  -0.00868706 -0.00444148  0.00766554 -0.00496946
 -0.00832766 -0.02629022  0.01301713]
[ 0.00271488  0.00230365  0.00380888 -0.00141922  0.01184582  0.00424913
  0.01257016 -0.00355492 -0.00034154 -0.00693721  0.0048059  -0.00533623
  0.00129875  0.00441866  0.00304115  0.01063031 -0.00086342 -0.00154698
  0.00115542 -0.00470113  0.00034179]
[  9.59893007e-03  -1.04465808e-02  -1.52681290e-04  -2.16261760e-02
  -3.14620239e-03   6.94455468e-03  -5.06293951e-05  -5.20117134e-03
   1.61294095e-02   5.52362435e-03  -3.97951102e-04   3.92829597e-03
   2.88453798e-03  -1.00091957e-02   9.98801707e-03  -4.38681459e-03
   4.73684104e-04   7.35085296e-04   1.69886669e-03   1.04229481e-04
  -1.27461405e-02]
[ 0.01125334  0.01029447 -0.01525801 -0.00089671 -0.01611494  0.001855
 -0.00804545  0.00253962  0.00187394 -0.01981957 -0.00610829 -0.00944843
  0.0050581  -0.00308234  0.00481215 -0.02103173 -0.0064073   0.01718918
 -0.01105296 -0.00988941  0.0201604 ]
[ 0.01385834 -0.01581522  0.00114157  0.01367002  0.00592504 -0.01855654
 -0.00146411  0.01760818 -0.01261574 -0.00266143 -0.00107465 -0.00044238
 -0.00046707 -0.00632708  0.02189253  0.0041353  -0.00662683  0.0093439
  0.0149303   0.02534054  0.01290895]
[  2.10920405e-03   1.80398101e-03  -2.15557768e-03  -4.37679411e-05
  -1.88315736e-03   2.40620003e-03   5.06653259e-04   4.97280998e-03
  -3.24788752e-04  -2.59501303e-03   9.35973954e-04  -2.65602543e-04
  -8.67310623e-04   5.10947393e-03   1.68754444e-03   6.13004086e-04
   9.73361427e-05   9.38252811e-03  -6.24567216e-03   8.23809263e-03
  -8.86111274e-03]
[ 0.01029119  0.00949357  0.00941089 -0.00254165  0.00134804  0.00212293
 -0.0120723  -0.0088752   0.0010405  -0.01281872 -0.01927805 -0.00249023
  0.00382986  0.00331363 -0.00688105  0.02714649 -0.01651185  0.02448889
  0.0190843  -0.0073608  -0.01336127]
[  4.16784946e-03   3.59179688e-03  -7.19365603e-03  -1.91756946e-03
   1.05090241e-03  -6.48355658e-03  -7.32317995e-04   2.15490875e-03
   3.85377589e-03  -4.22369068e-03  -3.30020137e-04   3.98342610e-03
   2.11093268e-05  -2.63397638e-03   1.93053164e-03  -3.11602166e-03
   4.24938768e-03  -1.79365993e-02   2.57292145e-03   2.77730790e-03
  -4.17311305e-03]
[ 0.01575765 -0.01817707  0.00103813 -0.00963016 -0.00051172  0.01373783
  0.00479234 -0.01715783  0.01085462  0.00209193 -0.00662338  0.01504862
 -0.01489796  0.00777181  0.00549079 -0.00113988 -0.00045933  0.00348505
 -0.00419855 -0.00021022  0.01049865]
[ 0.01173902  0.01052348 -0.01901582  0.00040701 -0.00462268 -0.00725183
 -0.00087082 -0.00146945 -0.00271665  0.00189787  0.00979523 -0.00354817
 -0.0049408   0.00318636  0.010228    0.00038006  0.01360781  0.00641707
  0.00609582 -0.00574288 -0.00968706]
[ 0.01263222  0.01187199  0.01856987  0.00095412  0.00150583 -0.00948702
  0.01021486 -0.01349477 -0.01186051  0.01860092 -0.00022744 -0.00045669
  0.00345853 -0.0009783   0.01219016 -0.004884    0.03217381  0.00729209
  0.01002169 -0.00892298 -0.010767  ]
[ 0.00532589  0.00419565 -0.00548619  0.00124295 -0.01698613  0.00481519
  0.00870382  0.00395472 -0.00022182  0.00287569 -0.00332287 -0.00066201
 -0.00094675 -0.00082718 -0.00970241  0.00484863 -0.01058077  0.00992682
 -0.00695226  0.00944264  0.00079022]
[ 0.00902181  0.00785672 -0.01497224 -0.0011012   0.01279485  0.00110779
 -0.02426538  0.00408735 -0.00101853  0.00776507 -0.00885603  0.00721488
 -0.00289426 -0.00360121 -0.01558084 -0.00282098 -0.00184713  0.00692952
 -0.00521646  0.00157697  0.01323207]
[ 0.00509368 -0.00580454  0.00033075 -0.0165974  -0.00267025  0.00891137
 -0.00035875 -0.00242637 -0.00843528 -0.00405387  0.00382991  0.01016992
 -0.00236812 -0.01256973 -0.00024895  0.00234331  0.00528379 -0.00206229
 -0.00366476 -0.00722767 -0.00421348]
[ 0.00439465 -0.0003891  -0.00571422  0.00490438 -0.01048567  0.01679289
 -0.00690545 -0.00655799 -0.00117826 -0.00375049  0.00530012 -0.01387354
 -0.00202841 -0.00675753 -0.00655273  0.00127217  0.00660169 -0.00056215
  0.00409134  0.00616026  0.00421816]
[ 0.01269321  0.01128642 -0.0133777  -0.00156717  0.03032099  0.00485199
  0.01364916  0.01640797  0.01335593 -0.00670288  0.01175648  0.0102566
 -0.02189447 -0.00392173 -0.01509904 -0.00867149  0.00047072  0.00455618
  0.00242051  0.00019654 -0.0007373 ]
[ 0.02039811 -0.02325996  0.00063929 -0.00614654  0.00162621 -0.00244762
  0.00369449 -0.00033494 -0.00899859 -0.00169761 -0.00832859  0.01506025
  0.00235376  0.03079713  0.0081514  -0.01710224 -0.01108277  0.00935001
  0.00403584  0.00208003  0.00103827]
[ 0.00346723  0.00328659  0.00100241 -0.00101727 -0.00031019 -0.00260448
 -0.01151758 -0.00094955 -0.00149248  0.00135097  0.00164085  0.00062587
 -0.00445316 -0.00086029 -0.00419822 -0.01001232 -0.00558807  0.00363045
 -0.00844794  0.00731986 -0.00299412]
[ 0.01348304  0.01237619 -0.01171214 -0.0011263  -0.00633416  0.00517846
  0.00330347  0.00648801  0.00025027  0.00142837  0.00695922 -0.0074465
 -0.00571708  0.00850116  0.00654718  0.00801168  0.0080417   0.03968133
 -0.00517382 -0.00911485  0.00142215]
[ 0.01009482  0.00925429  0.00560418 -0.00014659  0.02326891  0.00112032
  0.00370623 -0.00026962  0.00014757  0.00898633 -0.01662483  0.00378179
  0.00688228 -0.00378718  0.00042646  0.01011764  0.0107598  -0.00061277
 -0.00131932  0.00253041  0.00218547]
[ 0.01539009  0.01421924  0.01947154  0.00085005 -0.01458783  0.0101831
  0.00389549  0.017605    0.0098798  -0.02289784 -0.01054302  0.00082215
  0.0229478   0.00663194  0.01865285 -0.0103983   0.0091214  -0.00218994
 -0.01846015  0.00716577  0.00011841]
[ 0.01330052 -0.01519682  0.00168253 -0.01302712  0.00021339 -0.0112779
 -0.00338569  0.01328405 -0.00733553 -0.00234     0.0069058  -0.00761242
 -0.0009674  -0.02775499  0.00614649  0.01653835  0.00019839  0.0048235
 -0.00901086  0.00269307  0.00657648]
[ 0.00887183  0.0080588  -0.00659227 -0.00155021 -0.00022797 -0.00464539
 -0.01669096 -0.01403529 -0.00311903 -0.00756747 -0.00278393 -0.00683356
  0.00774023  0.00857185  0.01026386  0.00924243  0.01080653  0.00194216
 -0.00860956  0.00851526  0.00298898]
[  1.11815479e-02  -1.26185448e-02   1.02992553e-03  -7.55121535e-03
   1.31104162e-03   3.93408948e-03  -1.00535222e-03  -7.49847320e-03
   2.04528918e-02   3.48716553e-03  -2.38704109e-03  -8.59292987e-03
  -8.61122589e-03   1.36462392e-02   3.52610382e-04  -8.84914143e-03
   2.79615483e-03  -9.99826899e-05   4.55894201e-03  -1.01076633e-02
   8.91326194e-03]
[ 0.00808134  0.00724527 -0.01207575  0.00221886 -0.00392739  0.00701861
  0.0083135   0.00974838 -0.00194906  0.01060865 -0.00286282  0.00250104
  0.01172611 -0.00142186  0.00272422 -0.01387464  0.00551091  0.00022737
 -0.00375323 -0.0058708   0.02105362]
[ 0.0124357   0.01113051 -0.02148712 -0.00033876 -0.01604513 -0.00574132
  0.00561029  0.01065418  0.00730477 -0.00659625 -0.01280218  0.00236131
  0.01153881 -0.00372304  0.01269668 -0.00666177  0.00918824 -0.00379841
  0.01788896 -0.01946371  0.01145128]
[  5.87137478e-03   5.06828382e-03  -1.12551237e-02  -6.89653086e-04
   5.06936485e-03  -4.41446045e-03   5.54738486e-03  -3.16582160e-03
   3.14881634e-03   7.77867335e-04  -1.37873644e-02   5.76039228e-03
   2.69669597e-03  -8.68593266e-03  -1.05605409e-02   1.97245283e-03
  -9.96398746e-03  -9.14403556e-03   1.73354323e-02  -3.36484298e-03
  -2.80631086e-05]

Right eigenvectors

[ 1.         -1.09497008 -0.07188456  2.74095242  0.50486344 -0.59965888
 -0.35222849 -1.32796974  0.39197257 -0.93719531  1.39172488  3.39755358
  0.42926691  1.60941416  0.90131754 -0.58726655 -0.75050548  0.99331291
  2.0656018   0.96175703  1.41420306]
[ 1.          0.92893039  1.11941328  0.06951146 -0.04997222  0.44079131
  0.10141855  0.65933319 -0.02355595  1.44944084  0.26131007  0.38815846
 -0.3932758   0.30614016 -0.5116156   0.76126928 -1.13167907  0.71093555
 -0.48652067  0.64230022  0.56049979]
[ 1.         -1.13405272  0.0499709   0.90203661  0.0654162  -0.24791288
  0.27359745 -0.46446979  0.86885372  0.20549499  0.23689524  0.34980343
  0.53990757  0.46914723 -0.96724282 -0.2948901  -0.49989085 -0.22867897
 -1.14090971 -1.16408668 -1.3278697 ]
[ 1.          0.92592582 -1.74517235 -0.45159209  0.47507419 -1.37810508
 -1.43070822 -0.84741499 -0.26681768  1.22301693 -0.03026606  0.62735921
 -1.49638225  0.25974496 -1.38713344  1.60028084  1.56237599  1.35184512
 -0.52877442  0.15910533  0.45409639]
[ 1.          0.92343159  1.66904209  0.24921142  0.08434369 -0.84433394
  0.03619127 -1.47358237 -1.06105554  1.59554742  0.8086738  -0.44929522
 -0.40600304 -0.79667883 -0.37356676 -1.0898099  -0.15322937 -0.25350726
  0.05612215  0.00205344  0.42813228]
[ 1.         -1.14459346 -0.00333621 -1.36409859 -0.24710459  0.2367033
  0.26869887 -0.35710327  0.88092398  0.65003391  0.21619118  0.65866483
  0.55725722 -1.25193788  0.49054929  0.07961524 -0.24539407  0.07555305
 -0.36382548  1.12412359 -1.51099839]
[ 1.          0.8652639  -1.99571817  0.04108422  0.1770998  -1.05148435
 -1.04802246 -2.17054203 -1.08414741  0.57798857 -1.10174332 -0.24072881
  1.69584303 -0.66711052  0.63294019 -1.59326657  0.90242898 -1.53287291
 -0.64041962 -0.64411281  1.31096959]
[ 1.          0.92209961  0.35271678  0.27315352  1.69539788  1.08818641
  0.96321689 -0.25927247 -1.10114151  1.66195848  1.92641047 -1.64997526
 -0.80901685 -1.2744966  -0.06529185 -1.53655384 -1.70303324  1.90293401
  2.52565391 -1.3836637  -0.4520186 ]
[  1.00000000e+00   8.59759256e-01  -2.83324039e-01   2.37147988e-01
   1.35932055e+00  -1.57788414e-01  -1.07761954e+00  -8.09901615e-01
  -8.79415566e-01   6.83215707e-01  -4.47570174e-01  -3.00363129e-01
  -5.00104732e-01  -1.04018963e-03  -4.22427136e-01  -1.00257453e+00
   1.53342484e+00   3.66388032e+00  -4.47430451e-01   5.80001540e-01
  -1.70854961e+00]
[ 1.         -1.13857857  0.04302311 -1.13430774 -0.02144566  0.85399987
  0.35933181  0.48175947 -3.37754141 -0.83825279 -1.06004086  0.8429156
 -0.89354068  2.28668427 -1.08696242 -0.66269775  0.18163448 -0.52379834
 -0.1703893  -0.92417676 -0.81377235]
[ 1.          0.92512034  1.15285657  0.06741831 -0.41973756 -0.07748838
  0.65942838 -0.70789832 -0.49496242  0.87781728 -0.24161211 -0.00241136
 -0.11113983 -0.69740081 -0.91164089 -0.92811058 -1.55934028  0.9099498
 -0.23037381  0.43825991 -0.23746766]
[ 1.          0.89506581 -1.5783925  -0.08569176 -1.35479838 -0.77012556
  1.14228759  0.75021293  0.2139324  -0.14784798  0.19372863  0.61016746
 -0.51714866 -0.52342664 -0.3545982  -0.93764952  0.19930351 -0.46821768
  0.6554093  -1.15636709  0.3308345 ]
[ 1.          0.93250641  1.28461029 -0.28923464  0.13750197  0.46413797
 -1.18222889  0.89886313  0.7312553  -0.4570657  -1.89331408  0.973936
  0.82314533  0.63936435  0.48134287  1.15494194 -0.7279518  -0.5009444
 -0.50539303 -0.65792599  0.56200635]
[ 1.         -1.1144864   0.04338328  1.81577381  0.13142462  0.0070385
 -0.04119467 -0.55759821  0.83448848 -0.23530261  0.04810301  0.92471676
  0.05549747 -1.61860457  0.72060256  0.69581957 -0.10984526  0.23827313
 -1.95744002 -1.99793335 -0.46593442]
[ 1.          0.9003619  -1.82852592  0.07136833  2.79338251  1.30139372
  0.80816435  2.45374281  0.90227955  0.88433432  1.50603733  0.61173659
 -0.33793862  0.83161555 -0.29351202  0.47712042  0.83638893 -0.280948
 -1.0634364   2.04530863 -0.51373281]
[ 1.         -1.1779417   0.14796011 -0.79149623  0.3180573  -1.72776049
  0.30695348  1.47177267  0.16596916  1.04432174 -1.71612476 -3.86037957
 -0.55643062  3.61261507 -0.46376028 -1.1712284  -0.24395156 -0.76332333
  1.01568846  0.73567764  0.79615609]
[ 1.          0.92777149 -0.4592126  -0.50768989  1.09426055 -1.21382167
  5.23893464 -2.34385702 -0.39285474 -1.9356533   0.66254222 -0.93927656
  0.28243562  0.3723075   0.30420991  1.90377607 -0.59921238  0.08442573
 -1.65141402  0.50728357  2.00956161]
[ 1.          0.89638108  1.22079802  0.33119768 -0.77636551  0.68219928
 -2.13889099  0.38819624 -0.17529509 -0.48598964  1.32714993 -0.74207461
  0.38148756  0.23961216  1.1688668  -0.18545809 -0.71708446 -1.63854614
  0.51433502 -0.6165972   0.04806096]
[ 1.         -0.95067135 -0.3425222   2.2255324  -0.74721701  3.35603259
  0.14711923 -2.40479777  0.37085419 -0.37921748  0.49809785 -0.11430667
 -0.45738614 -1.194301   -2.7336339   1.50759096  0.80461155 -1.41583003
 -0.11085958  0.40226329  1.71721198]
[ 1.          0.90744479 -1.46930965 -0.50766517 -2.80528081 -4.43611845
  3.49383734 -3.12189603  0.17579219 -5.28599245  0.83642739  0.00659145
 -0.13371456  1.37078189  1.13995276  0.25926881  2.77398462 -0.4795823
 -1.11327054  1.71704067 -0.33880858]
[ 1.         -1.16806981  0.09749929 -0.30739163  0.1217299  -1.05172297
 -0.13573237  0.96906735 -0.13984257  0.28720465 -0.21768759 -0.71258865
 -0.81010988 -1.96104121  2.21465627  0.97591556 -0.1649314   0.46694024
  0.14566472  2.08491448  0.46886433]
[ 1.         -1.00401476  0.03612979  4.32724583  0.44695869 -1.07210375
 -0.37125627  0.10892716 -0.69775974 -0.44029107  1.29105478  0.97476769
  2.34328921  1.04018374 -1.71802862 -0.31538371  0.06046955  0.37221013
  0.14383072 -0.17482177 -0.20270477]
[ 1.         -1.14140814  0.07958765 -0.64051188  0.17298611 -0.71462584
  0.20556744  0.22698229  0.886772    0.5556036   0.04252755 -1.0440686
  1.05530705  0.92960584 -1.05034235 -0.26744648 -0.25816677 -0.00119573
  0.17899335  0.0774312   0.35329608]
[ 1.          0.90873436  1.98856311 -0.01014989  2.54033627  1.65111331
  0.64326922 -0.66193197 -0.01989181 -0.94433733 -2.29010345 -0.76384213
  2.65884192 -0.27362096  0.99527978 -0.16969962  1.45604563  0.52155497
  1.21098785 -1.26768415  0.48014961]
[ 1.         -1.14418046 -0.00413575 -1.57762213 -0.3556043   1.32670584
  0.1162889  -0.04625905 -1.56725928 -0.44513983  0.19027651  0.92369974
  0.30242651 -1.28205094 -0.3653108   0.42989131  0.35255329 -0.18573876
  0.47853377  1.14506206  0.88248009]
[ 1.         -1.15668966  0.20300105  1.5171729   0.74362812 -3.59890166
 -0.68612156  2.67377424 -0.68798103 -0.5888805   2.19869112 -0.35646774
  4.86010084 -1.90714613 -1.63999894  0.74442859 -0.64913108  1.05483117
 -1.63636103 -2.40545841 -1.55333325]
[ 1.          0.88695859  0.08427198  0.23632163  1.69239542  0.9822889
 -1.70413644  0.84332279  0.24343204 -1.06045308  2.14680142 -0.52747095
 -0.3128097   1.18662984  0.82103252 -0.0104768   2.52857777 -0.61501945
  1.08398388  0.58451927 -2.47023389]
[ 1.          0.10958927 -0.45505565  0.25818905 -0.41840824  2.98232307
 -2.08890338 -1.16578881  0.59096544 -1.89077984  2.11366182 -1.84668018
 -0.20916698  0.89348923 -1.60674193  1.73667286  2.09438818  0.7428406
  0.45458013 -1.22055194  1.396398  ]
[ 1.          0.9349408   1.49433358 -0.06635638  0.07402012 -0.3425954
 -0.68698255 -0.62626307 -0.6507438   1.37726787  0.38204084 -0.02058399
 -0.42350396 -0.69292315 -0.16037834 -1.46658338 -2.00565265 -1.00146739
 -0.0415765  -0.18377156  0.63076092]
[ 1.          0.92857757 -1.63393841 -0.4432099   0.42419571 -0.29472594
  0.21221331  1.31735582  0.89503929 -1.23613733 -0.86883418  0.72353822
 -0.73537337 -0.46990938 -0.91475318 -0.87457998 -1.62359952  0.03270019
  0.13397567 -0.05754676 -1.0328032 ]
[ 1.         -1.15398816  0.12455002 -2.53124333  0.0303167  -0.44001011
 -0.40972946  0.81613351 -1.42924065 -0.50057653  0.5739477   0.54182076
 -0.14773411 -1.57508964  0.4103897   0.70139677  0.31197745  0.50442317
 -0.49969681 -0.2901479   0.67859743]
[ 1.          0.87744843 -3.603689   -0.35603026 -1.35630491  0.9714246
 -1.5770922   1.5616873  -0.01007039  2.8208419   2.13745383  1.14650958
 -0.69725114  0.73905448  0.31703832  0.89583663 -1.5197788  -4.10909683
 -1.02877468 -0.76177834  1.18908033]
[ 1.          0.92573304  1.53955521 -0.12223806 -0.79075271 -0.29160464
  0.54896895 -0.13257243  0.05567637 -0.13074962 -0.3273863  -0.05732174
 -0.16483973 -0.3658078  -0.64466908 -0.10115405 -0.79984003  0.97101648
 -0.61398179  0.82177624  0.69040512]
[ 1.          0.92063535 -1.40920536 -0.50878903  1.98513657 -1.48933609
 -1.01476346 -1.83611307 -0.28056417  0.08517869 -1.32805187  0.53844264
 -0.09533875 -0.39380419 -0.68913951  0.13232769 -0.47236401 -1.56263163
 -0.64583505  0.77964151 -0.49024581]
[ 1.         -1.10609272 -0.05272572  1.36151289  0.05417817 -0.07569722
 -0.01859189  0.69014885 -1.14022798 -0.06218746 -1.30815928 -1.39049532
 -2.06597905 -0.00542071  0.98778813  0.34010109  0.21809823 -0.53592514
  0.57424288  0.92626576  0.49558231]
[ 1.          0.94130937 -0.16918287 -0.30037183  0.78177745 -0.21067746
 -2.38695222 -1.42313325 -0.80734656  0.93250986 -0.6216385  -0.62465166
  1.37152657  0.40106125  2.24719341  0.82092056 -1.41281058 -1.69642852
 -0.98530728 -0.34066494  1.40985973]
[ 1.          0.92894442  1.43040353  0.16330242 -1.44238476 -0.78750139
 -0.74848402 -0.02222527  0.47048662 -0.44722761  0.36632349  0.61764844
 -1.15276377  0.31646612 -1.36734426  2.05319853  0.38775805 -1.06568126
  3.05788257 -0.33387025 -3.14909466]
[ 1.         -1.08275604 -0.02438143  3.09277871 -0.11628391  0.09389117
  0.49141976 -0.4279204   1.71375704  0.85524008 -2.15924779 -1.13848111
 -2.7254725  -0.3916354   1.63841018  0.14843713 -0.13665252 -0.06732207
 -2.10693536 -0.69072278 -0.95655319]
[ 1.         -0.88526229 -0.53436466  0.03838411 -0.42913198  0.24278307
  0.02397293  0.39323013  2.29104459  0.86912523  0.42240162 -0.74512812
  0.46416821 -0.99526353  1.83449216 -0.73811402 -0.03145995 -0.40048418
  2.88837454  3.53664017 -0.99139065]
[ 1.          0.91189697  1.28781029  0.36708171 -0.53764485 -0.9571546
  1.52779968  0.13531609 -0.16220853  1.73562383 -0.26696831  1.43284889
  0.37489277  0.11021387 -0.52884775 -0.22111648  4.77675193 -0.48617049
 -0.64025481  0.68152489  0.97498269]
[ 1.         -1.16040024  0.06147651 -0.60695849 -0.0621534   0.14653555
 -0.03774342 -1.11777556  1.8553755   0.56811323  0.39659285  0.91699127
  0.28092462  0.6434459   0.43954478 -0.72466681 -0.27438234  0.46810524
  0.3634412   0.13226629 -0.41471973]
[ 1.          0.94130447  1.60713461 -0.01078796  0.00210524  0.81661725
  0.07715606  0.5384977   0.09141185  0.09898105  0.68597689 -0.13540489
  0.49043966  0.33712287  0.67431029 -0.20307365 -0.81295654 -0.53752033
 -0.31619425  0.0326934   0.7357925 ]
[ 1.          0.86850034 -1.4019292  -0.10761826 -1.94897227  0.25008805
 -1.42661855  0.25116756  0.4307433   1.81485379 -1.33806649  0.86075979
  1.05923896  1.08765654  0.07062371  3.32255744 -0.69467226 -0.35614618
  1.57104521 -0.12141177 -0.81629912]
[ 1.          0.91472052  0.20531563 -0.40504855 -0.11054173 -0.41244039
 -2.17725215 -0.3879756   0.64040749 -1.69729184 -0.98599868  0.098049
 -0.72756351  0.18745136 -0.43322684  1.05749416 -1.8594614  -0.57683116
 -0.24351728  0.51899779  0.17008911]
[ 1.         -1.10820066  0.02832629  0.08859838  0.20185793 -0.34132021
  0.41349055  0.05841278 -0.68846083 -0.2649634   0.12374631  0.16080183
  0.73663412  0.56105925 -1.04158021  0.47117823 -0.30515616 -0.16026504
  0.14281309  0.41444916  0.44490066]
[ 1.          0.86769362 -1.51104525  0.18592132  0.63138795  1.03769094
  1.05622237  0.66224952 -1.17751448  1.82832098  1.89658733 -0.0973824
  0.73816171  1.65818961  2.78210063  1.03613355 -1.83899973 -1.6758522
 -1.79278173 -0.13257431 -0.76051531]
[ 1.         -0.69044249 -0.87284601  1.28485224 -1.61911999  3.37885406
  1.04029775 -0.68147363 -0.72833198  1.17559228 -1.6171521  -0.4708273
  2.86604519  0.33312287 -1.42524153 -0.3248558  -0.00945815 -0.90523457
 -0.41208515  3.28698642 -2.44759535]
[ 1.          0.91177665 -0.2252813  -0.25432987  0.96062149 -0.6793284
 -0.82286798 -2.31870663 -0.3952146  -1.98545984  1.02781831 -1.10221217
 -0.24381724  0.13116181  0.58834064 -0.27038874 -0.61307671 -1.15960997
 -0.78540168  1.08793919 -0.504486  ]
[ 1.          0.85983325  0.40879919 -0.08840292  0.82392222  0.6323596
 -0.41160246 -0.14251386  0.46912586 -2.83893614  1.18717736 -1.12172998
 -0.48551658 -0.66589341  0.02565962 -2.45189386  0.55198973 -0.46757393
  0.71248214 -0.32090865 -2.85664191]
[ 1.         -1.14089482  0.007992   -0.42619194 -0.02960843 -0.81636825
 -0.37129724  0.43647848  1.78384781  0.55341912  0.82379297 -1.73483626
  1.64538994 -0.67759059 -0.71933296  0.00619903  0.34644493 -0.06864401
 -0.05022175 -0.43067928 -0.69593943]
[  1.00000000e+00   8.94513519e-01  -1.23719108e+00  -1.21850348e-04
   8.03771302e-01   2.41953046e-01  -9.45099554e-03  -3.14825088e-01
   8.32845052e-03  -5.44600224e-01   4.09724937e-01  -3.88505233e-01
   2.07741436e-01  -1.58384700e-01   3.07593189e-01  -5.83226905e-01
  -5.87409450e-01  -1.98809813e+00  -3.57541513e-01   9.01678830e-01
  -7.21088555e-01]
[ 1.         -1.08575725  0.00623054  0.31270689 -0.18876779  1.45518431
  0.14307137 -0.3507627  -1.78830658 -0.81733981 -1.01871603  2.07470592
 -2.19885331 -0.7850469   1.92246932 -0.5705176   0.23794129 -0.18073026
 -0.41102938 -2.05207481 -1.16722556]
[ 1.          0.91717693  0.90408338  0.2293897  -1.61971797 -0.26199105
 -0.30284366  0.63550585 -0.22810707  0.11651479  0.62650901 -0.45421906
  0.08511065 -0.19427227  0.81242726 -0.63011306 -0.65951803  0.46607075
  2.21482386 -1.26889926 -0.81101815]
[ 1.          0.89644841 -0.69084055  0.10170493 -1.3068639  -0.81288753
  1.24742695 -1.40499266 -0.88758108  1.36530651 -0.44158791 -0.42891081
  0.55328972 -0.13991575  0.52271298  0.39231277 -0.27429942  0.45425589
  0.64227381 -0.05474345 -1.51923803]
[ 1.          0.74988361  0.972595    0.24616682 -0.4329447  -0.72491236
  2.63794712  0.62310089  0.98423837  0.17633848  0.00277025  0.82383104
 -1.32723569 -1.54362331 -2.01727834 -0.19099418  0.1625113  -2.53787322
  1.36891763  0.19518257 -0.56895921]
[ 1.         -1.15359126  0.08327588 -0.47772915  0.00662951  0.15823207
 -0.34696019 -0.43105531  0.27595438 -0.25063504  0.79122714  1.17302329
  0.20037138 -0.39942974  0.82367532 -0.28255677  0.08292869  0.36615549
  0.82201294  0.00853167  0.67264417]
[ 1.          0.56693248 -1.38738892  0.52475173 -0.32563565  4.48017924
  0.12855781  1.05639266 -2.00580171 -0.52780615 -0.36753901 -0.7096419
  0.92588889 -0.9464694   1.86717055 -2.10543751 -1.04059525  0.16379928
  1.03758644 -3.08234405  0.53549272]
[ 1.         -1.12541451  0.00669404 -0.12817385 -0.09813471 -0.23920293
 -0.16458281  1.69140238 -2.39992259 -0.40624158 -0.3735913  -1.59539604
  0.5660303  -0.07171145 -1.32466127  0.21550693  0.51972628 -0.83521469
  0.50969814  0.43307274 -0.50372934]
[ 1.         -1.12818794  0.01803854  1.53591177  0.20666288 -0.72946852
 -0.15946217  0.79156305 -1.11560135 -0.383153    0.24351034  0.11540378
  0.57055665 -1.0793581  -0.79790555  0.5889131  -0.09771972 -0.24939285
 -2.31775376 -2.18470917 -1.28037052]
[ 1.          0.90991349 -1.73959753 -0.07747678 -5.50877065 -1.46772807
  0.37696756 -0.89657342 -0.67572276 -1.11590192  1.77591713 -1.13385095
 -0.43757151  1.01190339  0.50566079 -0.22461333 -0.38647778  1.56770569
 -1.05972612  0.70369215 -0.80523861]
[ 1.         -1.15895747  0.12928629 -0.80101495  0.21282132 -0.81609654
  0.08364708  0.60089094 -0.42785115  0.20184107 -0.39659303 -1.0309484
  0.09799277  1.72837513 -0.71055519 -0.56695811 -0.02255158 -0.31061645
  0.4003031  -0.15104537  0.01024242]
[  1.00000000e+00   9.29330876e-01  -4.94539714e-01  -2.40845269e-01
  -9.47407755e-01  -4.13997643e-02   1.08482377e+00   4.85336101e-01
  -3.12307672e-03   1.55292054e+00   2.08687978e+00   4.03483229e-01
  -1.10223695e+00   1.32365024e+00   5.64832296e-01   3.45660174e+00
  -1.11304297e+00  -6.78746470e-01   8.00183840e-01  -1.66672080e+00
   1.54054327e-02]
[ 1.          0.84480554 -1.52441207  0.37249363  0.5327547   2.20692224
  0.4684159   2.57969966  0.96621105 -0.58614991  0.7154576  -0.22513208
  0.60042802 -0.35561488  0.19424536 -1.71192604 -0.70240774  0.85456405
  0.4221823  -0.11101092  1.02282937]
[ 1.         -0.6572205  -0.28175863  2.74932006  0.09706197 -0.39087429
 -0.42121269  1.61260853 -0.56567196 -0.61878298 -0.06585402 -2.0591583
 -1.29235005 -2.25529217 -0.11417502  0.42117017  0.82971209 -1.03662687
  2.28107259  0.24918607  0.36003581]
[ 1.          0.92456041  1.808235    0.20066273 -0.20384872  0.81412254
 -0.84234248  0.89973919 -0.15140762  1.37587789  1.55479685  0.33710526
 -0.02151483  0.87066819  0.41995452  0.05323138  0.77003732 -0.80345726
 -1.25889433  0.60969464  0.73817252]
[  1.00000000e+00   9.11763096e-01   6.91937225e-01   6.48240211e-02
  -1.92137581e-01   1.22353291e-04   1.28660203e+00  -1.67584683e+00
  -1.02627248e+00   1.77897343e-01   8.59736369e-02  -1.17582362e+00
   3.93987850e-01  -1.00890955e+00  -3.74968687e-01  -9.18749834e-01
  -8.96378458e-01   1.68940319e-01   6.58317672e-01  -1.60698886e-02
   6.60562522e-02]
[ 1.          0.91268052  1.19328033  0.20249411 -0.83420914 -0.57394153
 -0.97270113  0.62385763  0.1232361   1.55333527  0.3959121   1.44360989
 -1.63850798 -0.36156047 -1.52601917 -1.56202447  1.18680124 -0.22244657
 -0.42537234  0.16646886  0.04823334]
[ 1.          0.9288856   1.76531804 -0.24156578  1.45651363  0.45944378
 -0.04808821  0.09566421  0.32627756 -1.22948226 -0.83405821 -0.31950577
  0.05379109 -0.18581267  0.20472409  0.51047842 -0.73498965  0.51705515
 -0.59388958 -0.17199565  0.28483978]
[ 1.          0.69891671 -1.11554855  0.30820735  2.6726796   1.86842517
  1.79895154  0.72656738  1.11014999  0.68971812 -3.68258355 -0.09350334
  2.46096329 -1.05830758  0.45972297  0.89353648  1.3643702   1.64924952
  1.12074077 -0.34947136  0.22040828]
[ 1.          0.92698942  1.65941969  0.10934457 -1.43050661 -0.3445409
 -0.58925827  1.28383383  1.00455374 -0.65180172 -1.47957884  1.01093876
  0.10019975  0.15080402  0.06289686  0.49843397  1.08236195 -0.90298379
  0.2510515  -0.25391263 -0.01538621]
[ 1.          0.93516307  1.59918653 -0.12126942 -0.30167256 -0.38656299
  1.23458569  1.01419244  1.19417714 -2.17944855  0.35177841  0.56832687
 -1.31418589 -0.0924395  -1.57231691  0.13604541 -0.38003363 -0.2776192
 -0.98775036  1.18746634  0.90059009]
[ 1.         -1.14635493  0.05447925 -0.58988537  0.15586927 -0.58158572
 -0.62285923  0.39298123 -0.28800946 -0.45572906  1.19295304 -0.58129916
  0.62510043 -0.93721138 -0.89129451  1.24433073  0.41703318  0.25227651
  0.23940009 -0.17244648  1.68457488]
[ 1.         -1.12928993  0.17449293 -1.14889196 -0.04261337  0.17519524
 -0.15581098 -0.7911268   2.02278911  0.59188043  0.08339523 -1.55969269
 -1.03507832  0.99858403 -0.52710049 -0.26949349  0.46511814 -0.30152939
 -0.50529337 -1.59519916  0.78983435]
[ 1.          0.84852657  1.40296498 -0.52275638  4.36329719  1.56512647
  4.63010355 -1.30942362 -0.12580408 -2.55525711  1.77020761 -1.96554985
  0.4783819   1.627571    1.12018049  3.91557481 -0.3180343  -0.56981435
  0.42558657 -1.73161826  0.12589374]
[ 1.         -1.08830679 -0.01590607 -2.25297776 -0.32776595  0.72347174
 -0.00527448 -0.54184907  1.6803341   0.57544167 -0.04145786  0.40924311
  0.3005062  -1.04274077  1.04053441 -0.45701079  0.04934759  0.07657992
  0.17698501  0.01085845 -1.32787096]
[ 1.          0.9147919  -1.35586446 -0.07968401 -1.43201312  0.16483966
 -0.71493867  0.22567691  0.16652264 -1.7612166  -0.54279766 -0.83961052
  0.4494757  -0.273904    0.42761948 -1.86893175 -0.56936872  1.52747284
 -0.98219359 -0.87879791  1.79150282]
[ 1.         -1.14120576  0.08237426  0.98641077  0.42754293 -1.33901549
 -0.10564857  1.27058306 -0.91033529 -0.19204566 -0.0775454  -0.0319217
 -0.03370339 -0.45655387  1.57973639  0.29839759 -0.47818341  0.67424344
  1.07735079  1.82854035  0.93149316]
[ 1.          0.85528994 -1.02198632 -0.02075093 -0.89282844  1.14080951
  0.24021064  2.35767136 -0.15398641 -1.23032811  0.44375695 -0.12592549
 -0.41120281  2.42246545  0.80008591  0.2906329   0.04614828  4.44837384
 -2.96115123  3.90578267 -4.2011643 ]
[ 1.          0.92249479  0.91446106 -0.2469733   0.13098932  0.20628614
 -1.17307149 -0.86240695  0.10110557 -1.24560107 -1.87325698 -0.24197712
  0.37214959  0.32198725 -0.66863484  2.63783747 -1.60446406  2.37959682
  1.85443067 -0.71525266 -1.2983211 ]
[ 1.          0.86178662 -1.72598749 -0.46008607  0.252145   -1.55561199
 -0.17570644  0.51703133  0.92464373 -1.01339809 -0.07918236  0.95575095
  0.0050648  -0.63197493  0.46319611 -0.74763297  1.01956362 -4.30356218
  0.61732591  0.66636474 -1.0012629 ]
[ 1.         -1.15353941  0.06588106 -0.61114205 -0.03247406  0.87181937
  0.30412763 -1.08885691  0.6888474   0.13275634 -0.42032751  0.95500383
 -0.94544297  0.49320887  0.34845228 -0.07233814 -0.02914987  0.22116553
 -0.26644497 -0.01334112  0.66625745]
[ 1.          0.89645321 -1.61988158  0.03467186 -0.39378729 -0.61775412
 -0.07418135 -0.12517642 -0.23142088  0.16167228  0.83441677 -0.30225469
 -0.42088677  0.27143353  0.87128241  0.03237613  1.15919549  0.5466447
  0.51927832 -0.48921306 -0.82520185]
[ 1.          0.93981773  1.4700399   0.07553085  0.11920581 -0.75101709
  0.808635   -1.06828161 -0.93890885  1.47249768 -0.01800494 -0.03615266
  0.27378672 -0.07744502  0.96500523 -0.38663049  2.54696334  0.57726121
  0.79334342 -0.70636688 -0.85234435]
[ 1.          0.78778381 -1.03009829  0.23337957 -3.18935293  0.90411121
  1.63424785  0.74254625 -0.04164996  0.53994579 -0.62391017 -0.12429967
 -0.17776435 -0.1553124  -1.82174638  0.91038987 -1.98666852  1.86388103
 -1.30537103  1.77297151  0.1483732 ]
[ 1.          0.87085822 -1.65956004 -0.12206005  1.41821261  0.12279009
 -2.68963528  0.45305164 -0.11289657  0.86069969 -0.98162404  0.799715
 -0.32080672 -0.39916683 -1.72701936 -0.31268482 -0.20474008  0.76808566
 -0.57820541  0.17479497  1.46667556]
[ 1.         -1.13955621  0.06493276 -3.25842698 -0.52422689  1.74949436
 -0.07042957 -0.4763485  -1.65602823 -0.79586281  0.7518937   1.99657524
 -0.46491337 -2.4677094  -0.04887351  0.46004222  1.03732243 -0.40487231
 -0.71947148 -1.41894714 -0.8271963 ]
[ 1.         -0.08853946 -1.30026823  1.11598906 -2.38601031  3.82121614
 -1.57133229 -1.49226734 -0.26811157 -0.85342178  1.20604052 -3.1569193
 -0.46156496 -1.53767313 -1.49107049  0.28948241  1.50221109 -0.12791699
  0.93098172  1.40176376  0.95984114]
[ 1.          0.88917043 -1.05392615 -0.12346487  2.38875694  0.38225103
  1.07531204  1.29265725  1.05221113 -0.52806853  0.92620278  0.80803878
 -1.72489671 -0.30896311 -1.18953717 -0.68315997  0.03708478  0.35894626
  0.19069301  0.0154835  -0.05808609]
[ 1.         -1.14029988  0.03134068 -0.30132886  0.07972366 -0.11999259
  0.18111923 -0.01642008 -0.44114815 -0.08322384 -0.40830223  0.73831598
  0.11539105  1.50980331  0.39961532 -0.83842284 -0.54332346  0.45837624
  0.19785349  0.10197178  0.05090024]
[ 1.          0.94790298  0.2891093  -0.29339654 -0.08946295 -0.75116997
 -3.32184439 -0.27386317 -0.43045253  0.38964071  0.47324597  0.18051042
 -1.28435795 -0.24812081 -1.21083098 -2.88770349 -1.61168393  1.04707533
 -2.4365128   2.11115801 -0.86354808]
[ 1.          0.91790789 -0.86865702 -0.0835344  -0.46978671  0.38407216
  0.24500925  0.48119795  0.01856165  0.10593806  0.51614629 -0.55228658
 -0.42402009  0.6305077   0.48558605  0.59420376  0.59643088  2.94305381
 -0.38372762 -0.67602328  0.10547661]
[ 1.          0.91673651  0.55515396 -0.01452082  2.30503423  0.1109793
  0.36714202 -0.02670842  0.01461803  0.89019219 -1.64686761  0.37462695
  0.68176387 -0.37516052  0.04224527  1.00226027  1.06587285 -0.06070188
 -0.13069251  0.250664    0.21649378]
[ 1.          0.92392203  1.26519997  0.05523389 -0.9478719   0.66166619
  0.25311673  1.14391802  0.64195866 -1.48783054 -0.68505284  0.05342044
  1.49107653  0.43092305  1.21200434 -0.67564896  0.59267993 -0.14229533
 -1.19948279  0.46560946  0.00769387]
[ 1.         -1.14257283  0.12650108 -0.9794445   0.0160434  -0.84792918
 -0.25455298  0.99876134 -0.55152193 -0.17593274  0.51921283 -0.5723396
 -0.07273436 -2.08675967  0.46212409  1.24343603  0.01491611  0.3626549
 -0.67748148  0.20247819  0.4944528 ]
[ 1.          0.90835829 -0.74305726 -0.17473437 -0.02569624 -0.52361101
 -1.88134444 -1.58200697 -0.35156615 -0.85297731 -0.31379452 -0.77025432
  0.87245012  0.96618786  1.15690469  1.04177358  1.21807279  0.21891354
 -0.97043851  0.95980965  0.33690661]
[ 1.         -1.12851503  0.09210939 -0.67532827  0.11725046  0.35183765
 -0.08991172 -0.67061138  1.82916463  0.31186787 -0.21348038 -0.76849198
 -0.77012825  1.22042488  0.03153502 -0.79140577  0.25006867 -0.00894176
  0.40772012 -0.90395922  0.79714026]
[ 1.          0.896543   -1.49427609  0.27456647 -0.485983    0.86849549
  1.02872806  1.20628356 -0.2411806   1.31273469 -0.35425037  0.30948321
  1.45101165 -0.17594404  0.33709979 -1.71687471  0.68193026  0.02813568
 -0.46443159 -0.72646366  2.60521516]
[ 1.          0.89504476 -1.72785804 -0.02724117 -1.29024767 -0.46168059
  0.45114351  0.85674139  0.58740318 -0.5304283  -1.02947034  0.18988127
  0.92787755 -0.29938334  1.02098614 -0.53569752  0.73885955 -0.30544414
  1.43851632 -1.56514811  0.92083934]
[ 1.          0.86321926 -1.9169486  -0.11746024  0.86340338 -0.75186146
  0.94481873 -0.53919597  0.53629967  0.1324847  -2.34823442  0.9810977
  0.45929549 -1.47936948 -1.79864875  0.33594395 -1.69704504 -1.55739259
  2.95253376 -0.57309286 -0.00477965]
