Cluster centers 

[-0.71182254 -0.51710439  0.56706247  1.17180191]
[ 1.38113616  0.26742637  0.41172028  0.92771772]
[-0.81027817  1.2505732  -0.02576737 -0.14753248]
[-0.81979218 -1.27785797 -0.69790243 -0.90306685]
[ 1.41992833 -0.50906473 -0.28423474 -1.23832631]
[-0.80876867 -0.36337319 -0.51872636  1.24409568]
[ 0.21092976  1.42836269  2.85565817 -1.20235426]
[ 1.27853698  0.31180331 -2.10272123  0.573924  ]
[-0.50028552 -1.48036247  1.3424019  -0.49847362]
[-0.80479966 -0.77920867 -1.13877243  0.6726239 ]
[-0.74299246  1.86196994  1.07050377 -2.04555085]
[-0.78504808  1.05673892 -1.01138398  0.54455044]
[-0.80753982 -1.46960667 -0.26770258 -2.54983141]
[-0.80167459 -1.0079957  -0.31849207  0.49114859]
[ 1.31659598  2.05494334 -1.44407548  0.183722  ]
[-0.73957245  0.62134446  0.67916031  0.56807306]
[ 1.43159704 -0.08106935 -0.45736919  0.33978828]
[ 1.33122975  2.0534158   1.18294209 -0.90521189]
[ 1.24108564  0.64916583  1.31083417  0.84221896]
[ 0.82825417 -0.82294236  2.01841003  0.24316785]
[-0.79695694  0.573416    0.03688185  0.79924395]
[-0.81007626  2.29507858  0.24539347 -2.82824822]
[-0.6503559  -1.64763062  0.88240298 -2.73747101]
[-0.79683747 -0.26154552 -1.14989406  1.24659709]
[ 0.84741463 -1.11446032  1.90545717 -0.88050333]
[-0.79791942 -1.37656357 -0.18109555 -0.92461832]
[ 1.36769343 -0.12087855 -1.57722507 -0.34764597]
[ 1.26786427 -0.15524114 -2.14456924 -0.93624915]
[-0.70818167 -1.49553215  0.53989519 -1.01308395]
[-0.71753613  1.33790822  1.07709932 -0.77034018]
[-0.54214252  1.36620039  1.8704348  -1.11115045]
[ 1.43599917  0.57754734 -0.50813868  1.01234765]
[-0.74583994  0.14041888  0.47675209  1.06804378]
[-0.77637826 -0.93770394 -1.57151061 -0.07681604]
[ 1.22380108 -0.28092362 -2.23016989 -2.92752061]
[-0.77650168  1.9231423  -0.78224725 -1.1428532 ]
[ 1.35625621  0.97679166  0.78080784  0.75482063]
[-0.79121134  1.48768806 -0.79251735 -0.23604591]
[ 1.30135747 -0.6978448   0.77215054 -0.79329441]
[ 1.41911052 -0.40457857 -0.90630375 -1.41185404]
[-0.76338325 -1.33263405  0.14467577 -0.36105999]
[ 1.42922933 -0.29744103 -0.62156713 -0.41452415]
[ 0.95239899  1.55183067  2.35786281 -0.71365636]
[-0.81429049 -1.02034812 -0.95669927  0.12405844]
[-0.79412022  0.41753073 -1.02006384  1.17315108]
[ 1.3332912  -0.3026628   0.6478968   0.37901169]
[ 0.3989389  -0.26697     2.30649548  0.91634283]
[ 1.317511   -0.31510458 -1.79868885 -2.10958266]
[ 0.61229791  1.30104689 -2.9319867   0.95014461]
[-0.81101562 -1.18349806 -0.48328918 -0.15288347]
[-0.69892233  0.35030755 -1.85466771  1.26853379]
[-0.31575884 -1.05447258  1.77933477  0.62561212]
[-0.78694462 -0.62129928 -0.0753249   1.09239242]
[-0.44479709  0.87574752  1.96972171 -0.1410759 ]
[ 1.1033488  -0.30882196  1.56128328  0.71059587]
[ 1.20779161 -0.63893466  1.1796185  -0.08928408]
[-0.73639704 -0.60230004 -1.82992631  0.69790551]
[ 1.40869631  0.90597243 -1.04901888  1.04526417]
[ 0.29079102 -1.18642114  2.27766779  0.02811243]
[ 1.42849724  0.2004425  -0.24181014  0.81922191]
[-0.81203406  1.11318137 -0.39950292  0.23023765]
[-0.81385441  1.9725604   0.00713364 -1.74814292]
[-0.80429689  0.1046605  -0.28802196  1.21328566]
[ 1.42640766 -0.11549339 -0.8939152   0.04838514]
[-0.56850032 -0.25318878  1.28543782  1.11444869]
[-0.77681244 -1.49784723  0.06931404 -1.73507405]
[-0.69774054  1.4475453  -1.56931584  0.19765596]
[ 1.21945706  1.2882287   1.51828003  0.1926548 ]
[ 1.36826922 -0.43762707  0.3842582  -0.12658569]
[ 1.32131461 -0.34756393 -1.68621963 -3.44176697]
[ 1.39979513  0.01770382 -1.30757653  0.23559088]
[ 1.38521402 -0.29842226 -1.39999826 -1.22867679]
[-0.75697132 -1.18794165  0.18211442  0.20840788]
[-0.59849725  0.38197077  1.33296694  0.69289773]
[ 1.36850993 -0.71006345  0.31747603 -1.87017932]
[ 1.4036141  -0.10723716  0.11171399  0.50550663]
[-0.8101516   0.6871418  -0.55608394  0.83787963]
[ 1.28613222  0.04483854  0.97268101  0.86545832]
[ 1.39943574 -0.51976698  0.06977467 -0.78840623]
[-0.73974031 -0.95417647  0.32495735  0.76650396]
[-0.77531296  1.10785564  0.52763329 -0.1160252 ]
[-0.81225837 -0.74328724 -0.69307527  0.8840617 ]
[ 1.42067354  0.89511184  0.0899438   0.93728953]
[-0.80427321 -1.1904181  -1.23632029 -1.13919089]
[-0.72571429 -1.56283903  0.57182761 -4.2644473 ]
[-0.79512201  1.56479875  0.45340269 -0.9975594 ]
[ 1.4224898  -0.31993137 -0.89031815 -0.77209631]
[ 1.41863038 -0.50094099 -0.70442684 -2.15562217]
[-0.6080276  -1.01356013  1.00443908  0.73974018]
[ 1.33257571  2.77834717 -1.01225099 -1.39816476]
[-0.81417458  1.5678998  -0.12116622 -0.72435939]
[ 1.0452177   0.44689381  1.88140115  0.80892526]
[ 0.55205488  0.58495239  2.54395038  0.46402962]
[ 1.41687676  1.59838562  0.17175094  0.30673886]
[-0.64896723 -1.36188764  0.81521754 -0.14530351]
[ 1.41792805 -0.32651015 -0.14966627 -0.16366265]
[-0.79777466  0.8960502   0.14018262  0.36374195]
[-0.45837395 -1.63406812  1.43094948 -1.56840879]
[-0.68287821  0.91421172  1.13296527  0.010003  ]
[ 1.41401378  0.26587938 -1.10834511  0.7534822 ]

Populations

0.0123527639975
0.019168070595
0.0125162785635
0.00997685955266
0.0107029741573
0.0124777363671
0.00203430031963
0.00772108652977
0.00559748488723
0.00886044095722
0.00815806909384
0.00955389166802
0.00562438516221
0.0175294713241
0.00212689381742
0.0120120914451
0.0206346182849
0.00369975458339
0.0088159275953
0.00989748422916
0.0137312128684
0.0056595066661
0.0052408183784
0.0124584633896
0.00459883912008
0.0120576389517
0.0137809744296
0.00834671868748
0.0140980866313
0.00968368254301
0.00285497690225
0.0105028641316
0.0134884857465
0.00665599655844
0.00171349760369
0.0111708999041
0.00779624390084
0.0119054487235
0.00683844863132
0.0107166079111
0.0133518587781
0.0167879134909
0.00610484887631
0.0124137984131
0.0121324783374
0.0151072598138
0.00675433863211
0.00676873553102
0.00117042595031
0.0141345371604
0.00685761806695
0.00549882058895
0.0145297640435
0.00361377149438
0.0146090849138
0.00975832744244
0.00509702740663
0.00726518362055
0.00864080996644
0.0166137401926
0.0113751054688
0.0127062748225
0.0177404073938
0.016944456315
0.00730767766489
0.0126004794475
0.00565780167082
0.00870539648229
0.0149289878919
0.00211289623068
0.00994436883504
0.0108447661344
0.0138762128188
0.00756902371758
0.00360712297806
0.0195530145912
0.0134427560482
0.0155039017175
0.0103774932511
0.0124515947793
0.0139585206796
0.0123823931475
0.0105505268103
0.005117383087
0.001862894049
0.0148767379668
0.0157098562473
0.00710250168982
0.00838279925728
0.00110364659566
0.0149475178106
0.00722292470347
0.00492793632535
0.00546254969437
0.0106694858509
0.0169685031591
0.0140050230571
0.00570639032779
0.00848229659951
0.013340037153

State labels

0
1
2
3
4
5
6
7
8
9
10
11
12
13
14
15
16
17
18
19
20
21
22
23
24
25
26
27
28
29
30
31
32
33
34
35
36
37
38
39
40
41
42
43
44
45
46
47
48
49
50
51
52
53
54
55
56
57
58
59
60
61
62
63
64
65
66
67
68
69
70
71
72
73
74
75
76
77
78
79
80
81
82
83
84
85
86
87
88
89
90
91
92
93
94
95
96
97
98
99

Eigen values

1.0
0.946909069483
0.231311623206
0.146947413044
0.139870046765
0.124416509434
0.114875510139
0.111769054462
0.107007043555
0.104048736297
0.099858513791
0.0953742791577
0.0907191091851
0.0895114174789
0.0889818798649
0.0822144934839
0.0819360491768
0.0792955864154
0.077912272138
0.0739004326426
0.0721272741273

Left eigenvectors

[ 0.01235276 -0.0107858  -0.00084926  0.00286851 -0.00225685  0.00394836
 -0.00688677  0.01136943  0.00851987 -0.01791831  0.00047575 -0.01098278
 -0.00072279 -0.00066774 -0.02156037 -0.00643091 -0.01579227  0.00866504
  0.00927572 -0.0067055  -0.01138573]
[ 0.01916807  0.02174707  0.00214835  0.01165965 -0.01659318 -0.02658354
 -0.02045613  0.01165638 -0.0039653   0.0101998   0.00890998 -0.0004271
 -0.02490755 -0.00608864  0.00221859 -0.02779081  0.01813125 -0.0087827
  0.01328279 -0.00416178 -0.00044658]
[ 0.01251628 -0.01174746  0.02040853 -0.00276138  0.00399468 -0.00164731
 -0.00300745 -0.02061486 -0.01873508  0.0237917   0.00047411 -0.00695138
  0.01347876  0.00754967 -0.00356827 -0.01252033 -0.00464207  0.00051543
  0.00487433 -0.00081248  0.00215031]
[ 0.00997686 -0.00927898 -0.00978465 -0.00111795  0.0008251   0.00546975
 -0.01118391 -0.00843429 -0.00277262  0.00519997 -0.00501091 -0.00236419
 -0.00406684 -0.00473741  0.00907315  0.00129859  0.00730063 -0.01247615
 -0.00981481 -0.00351082  0.02951605]
[  1.07029742e-02   1.23143192e-02   3.92460237e-05  -3.52678045e-02
   1.89551280e-02  -3.60539244e-04  -5.75275435e-03   1.59586566e-02
  -1.81074243e-03   9.58807682e-04   2.95641916e-02   6.92859245e-04
   7.35896716e-03  -9.56551143e-03   4.64145078e-03  -2.46823751e-03
  -3.15342805e-03   4.61753441e-03  -1.40959957e-02  -5.22416287e-03
   2.72945251e-03]
[ 0.01247774 -0.01137414 -0.0070058  -0.00215246  0.00082674 -0.00040744
 -0.01154317 -0.01133743  0.00878609 -0.00423948  0.00091263  0.00280287
  0.00338698  0.01268212  0.00454391 -0.00300621  0.00277169  0.0097214
 -0.00474057 -0.00640355 -0.00446002]
[ 0.0020343   0.00050607  0.00115385  0.00413345 -0.00341663  0.00217367
 -0.00022941  0.01216605 -0.00647265 -0.0038939   0.00327181  0.0029674
  0.00386029 -0.00138191 -0.00292019 -0.00280219  0.00086278 -0.00321591
 -0.00485447  0.00460673 -0.00467609]
[  7.72108653e-03   8.92459076e-03   5.36357050e-05  -2.25914304e-02
  -1.09312794e-02  -2.11409467e-03   1.45468056e-04  -2.97252375e-03
   4.00502996e-03   4.21432062e-03  -1.05253659e-02   6.44850872e-03
  -1.27151042e-02  -9.44863392e-03   1.96443010e-03   2.01811003e-03
  -1.99970621e-03  -3.95823707e-03   2.86205844e-02   4.15862553e-03
  -5.16507709e-03]
[ 0.00559748 -0.00468834 -0.00985949  0.00141383 -0.00035779  0.00332807
  0.00088771 -0.00031448 -0.01055058  0.00285197  0.00048238  0.01048528
 -0.00945228  0.00086123 -0.00374104  0.00489024 -0.01543489 -0.00981512
 -0.00419337 -0.0041439   0.00587989]
[  8.86044096e-03  -8.01446440e-03  -4.63903881e-03  -3.17787423e-04
   1.21093036e-03   9.62621860e-05  -5.85246386e-03  -7.29521070e-03
  -6.96602836e-03   1.85367659e-03   2.91145736e-03   1.09842134e-02
  -1.36551654e-04   5.68991422e-03   9.27630507e-03   1.18212852e-03
   1.14206609e-02   3.53047288e-03  -9.65934547e-03  -4.14276235e-03
  -1.42817929e-03]
[ 0.00815807 -0.00743374  0.00887547  0.00119673 -0.00293197  0.00399279
  0.00380649  0.01729944 -0.02378746  0.00456545  0.00373278 -0.0041529
 -0.00529633 -0.005386   -0.02115064  0.01026629  0.00263278  0.00784613
  0.00388742  0.00680494 -0.00771514]
[  9.55389167e-03  -8.94781303e-03   1.23099504e-02  -2.72793462e-04
  -1.99025024e-05   2.65059339e-03  -6.42257638e-03   4.39941691e-03
   1.21580823e-02  -1.03110419e-02  -6.19801441e-03  -2.27021420e-02
   1.12471796e-03  -1.72443480e-02   2.81036337e-03   3.48179268e-03
   6.51548616e-03   2.35867609e-03  -3.40387359e-03   5.59114803e-04
  -4.09346735e-03]
[  5.62438516e-03  -5.01032929e-03  -4.76483690e-03   2.77064138e-05
  -4.97892505e-04  -1.94118827e-03  -1.92443769e-03  -2.81906189e-03
   1.90521136e-02  -1.48829350e-02   1.84953793e-03   8.14870380e-03
   1.33196518e-03   9.33016850e-03  -4.06567051e-03  -4.01556625e-03
  -4.77878315e-03   5.37732989e-03   3.82604367e-03  -4.89198292e-03
   5.09841262e-03]
[  1.75294713e-02  -1.59568189e-02  -2.44216544e-02  -1.74435728e-03
  -1.82510994e-03   4.69567965e-03  -2.54531645e-03  -2.14765650e-03
   1.98883227e-02   6.20563984e-05  -1.99045125e-03   7.04796211e-03
   1.51655793e-02   9.48507363e-03   2.22490009e-02  -2.48448047e-02
   7.03981739e-03   2.36807293e-02   2.51318409e-03  -5.39431955e-03
  -2.85424919e-02]
[ 0.00212689  0.00255963  0.00083009  0.00761539 -0.0103682   0.01382199
  0.00481485 -0.00405803  0.00433014  0.00234284  0.00887564 -0.00539678
  0.00776504  0.00683599  0.00387271  0.00877623 -0.00726304 -0.00263005
  0.00448978 -0.0013694   0.00512   ]
[ 0.01201209 -0.01122103  0.01607248  0.00085293 -0.00147058 -0.00518162
  0.01139216  0.01655331  0.01670045 -0.0106529  -0.00394945  0.00322959
 -0.01088163 -0.00915276  0.0124988   0.00789701  0.01008824  0.00754372
 -0.00230244 -0.0030074   0.01988505]
[ 0.02063462  0.02377272  0.00282621 -0.02813247  0.01250434  0.01289323
 -0.01466672  0.02058945  0.01287292  0.02042368  0.0171114  -0.00012098
 -0.00198794  0.01516743  0.00211481  0.01230482 -0.00341778  0.00077172
 -0.02029663  0.00356284 -0.00763832]
[ 0.00369975  0.00423539 -0.00013516  0.01235841  0.01525257  0.00311561
  0.00493126 -0.00223426 -0.00314178 -0.00536377 -0.00673647 -0.00028092
  0.00274804  0.00234028  0.0056385   0.0035318  -0.00381297 -0.00192243
  0.00707767  0.00250989 -0.00147118]
[ 0.00881593  0.00967874 -0.00066556  0.0017668  -0.00932197 -0.01680833
 -0.00222001 -0.00144917 -0.02027872 -0.0173485  -0.02533327 -0.00959743
  0.00165398  0.00212308  0.0198114   0.00970271 -0.00294347  0.00797898
  0.00920009 -0.00480993 -0.00554523]
[ 0.00989748  0.00925909 -0.00486304 -0.01056413  0.02057227 -0.03107934
  0.00567737  0.00333998 -0.00453866 -0.01154754  0.01476291 -0.00797939
  0.01695212  0.01107733 -0.00451905  0.0011809  -0.0061362   0.00470644
 -0.00879491 -0.0094461   0.02429136]
[ 0.01373121 -0.0128804   0.01187195 -0.00268351  0.00215087  0.00715907
 -0.02985863 -0.02556901 -0.00746388 -0.01338486  0.00356139 -0.00553427
  0.00835116 -0.0138223  -0.0154773  -0.00200835 -0.00737303 -0.01874981
 -0.00040386  0.01243126 -0.01329924]
[  5.65950667e-03  -5.33811675e-03   1.34131294e-02  -1.57764499e-03
   1.46711379e-03  -5.32698390e-03   1.42103123e-02  -6.08896753e-03
  -1.42001544e-02   2.19405103e-02  -8.28478148e-05   4.96154613e-03
   3.23901617e-03   9.04310470e-03  -7.87599965e-04  -4.39611446e-03
  -6.34704944e-03  -4.87138973e-03  -2.59551841e-03  -2.26565496e-03
  -6.12336938e-03]
[  5.24081838e-03  -4.31650881e-03  -8.26494123e-03  -1.24053318e-03
   7.83533388e-06   6.51219712e-04   1.94194704e-03  -6.09108934e-03
   5.57911770e-03  -2.16608896e-03  -8.01130967e-04   8.85573399e-03
  -1.94341220e-03  -8.44141952e-05   1.06405301e-03  -4.97617993e-03
  -5.92438626e-03  -6.76662969e-03  -4.36218393e-03  -5.85877891e-04
  -5.89349510e-03]
[ 0.01245846 -0.01156082 -0.00607227 -0.0008723   0.00040344  0.00244518
 -0.003019   -0.00995371  0.00078487  0.00216287  0.00058506  0.00490116
 -0.00286473 -0.00255368  0.0109541   0.01356359  0.00979571 -0.0185294
 -0.00813417  0.00296604 -0.00602737]
[ 0.00459884  0.00372634 -0.00275491  0.00455882  0.00483281 -0.00630957
  0.00179738 -0.00764466 -0.00193598 -0.00171073 -0.00336406  0.00826556
  0.00287269 -0.00836501 -0.00691566 -0.00746765  0.00633731 -0.00221222
 -0.00731909  0.00384785 -0.01031259]
[  1.20576390e-02  -1.09720199e-02  -2.17270428e-02  -1.16604102e-04
  -7.05373477e-05   3.08629781e-03  -4.11118147e-03  -8.51295402e-03
   7.54683461e-03   1.22263145e-03  -6.81600387e-06  -3.31817470e-03
   5.55290881e-03   3.71333332e-03  -4.39337501e-03   9.62755642e-03
   2.97390465e-02  -2.49703046e-03   3.67844038e-03   5.18268845e-03
   2.51383780e-03]
[ 0.01378097  0.01614003  0.00106901 -0.00172221 -0.00264585  0.00336725
  0.00593523 -0.00598237 -0.00466589 -0.00973987 -0.01330543 -0.00216433
 -0.00029805 -0.00163683  0.00227256 -0.00477995  0.00183578  0.00467141
  0.003117   -0.02056772  0.01202082]
[ 0.00834672  0.00976178  0.00059023 -0.00042511 -0.00904629 -0.00097731
  0.00094823 -0.00904044  0.00269648  0.00395265  0.00809697  0.00667937
 -0.01145562 -0.0218608   0.00052411 -0.01325301  0.00307543  0.00673664
  0.01249543  0.00264328  0.01118781]
[ 0.01409809 -0.01247487 -0.02140963  0.0021058  -0.00422249  0.00503283
  0.00078576  0.02341325 -0.0180928   0.00012407 -0.00604768 -0.00970837
 -0.00970835 -0.0093943  -0.00547602 -0.00541688 -0.02308242  0.00128886
  0.01583449  0.00060391  0.01067767]
[  9.68368254e-03  -9.07711365e-03   1.66866220e-02  -7.64937258e-04
   1.15630793e-03  -2.19536646e-03  -2.71118177e-03  -9.95190004e-03
   1.14742603e-02  -3.76976027e-03   9.97651306e-05   5.24635683e-03
   3.06450328e-03   8.49686435e-04   1.96739677e-02   2.13637151e-03
   1.35055884e-02  -1.39928881e-03  -6.09749380e-03  -1.95475395e-04
  -1.64994800e-03]
[  2.85497690e-03  -2.51495550e-03   1.04158619e-03  -1.25274657e-03
   1.34630137e-03   8.04889332e-04  -5.27572590e-03  -7.99924027e-03
   5.84852146e-04   2.62408405e-03  -1.66478166e-03  -4.47805967e-03
   2.66826546e-03  -2.11265855e-04   3.99937492e-03  -8.49155580e-04
   3.51371088e-05   1.26819811e-03  -2.21166157e-03  -3.02170160e-03
   5.37422080e-03]
[  1.05028641e-02   1.19861989e-02   7.09766038e-05  -2.27887031e-02
  -1.18066678e-02  -1.12023678e-03   6.60678159e-04   3.79858414e-03
  -3.17273437e-03  -2.47960921e-03  -1.41707636e-02   1.91919762e-02
   1.51046353e-02  -1.20560531e-02  -2.37217474e-03  -7.23884337e-03
  -2.34896116e-03  -2.36269843e-03   6.32624792e-03   2.67348273e-02
   9.45983843e-03]
[ 0.01348849 -0.01224931  0.01323605 -0.00160242 -0.00063118 -0.00032309
 -0.00380424 -0.01008065 -0.0075364  -0.00361252  0.00178361  0.01719216
 -0.00767688  0.00507436 -0.00542774 -0.00366708 -0.01942411 -0.00798799
 -0.00387234 -0.0034329  -0.00337645]
[ 0.006656   -0.00610491 -0.00781043  0.00077243 -0.00168588  0.00339472
  0.00561488  0.00480722 -0.01110761  0.00553759  0.00558383  0.00301624
  0.00419703  0.00749862 -0.00333349 -0.00198945  0.01483445  0.02232642
  0.01340054  0.00029063 -0.01443761]
[  1.71349760e-03   2.01472378e-03   4.34899509e-04   3.63673264e-03
  -2.83345295e-03   4.71092340e-03   1.59057542e-03  -2.41118660e-03
   1.67251143e-04  -1.21558035e-03   2.39464977e-04  -3.69742585e-03
  -8.67156611e-03   3.72310706e-03   7.45408550e-04  -7.24101231e-03
   2.51752021e-03   1.16829479e-03   6.00789414e-05   6.86510224e-03
   2.13775922e-03]
[ 0.0111709  -0.01053964  0.02180995 -0.00248826  0.00195048  0.00232533
 -0.01376323 -0.02112549 -0.00802895  0.00107402  0.00187328  0.01264237
 -0.00271113  0.00307866  0.01623065 -0.00034922 -0.00384297 -0.01965795
 -0.00564091 -0.00378248 -0.00214544]
[ 0.00779624  0.00886067  0.00083991  0.00684212  0.00065634  0.01360086
  0.01401569 -0.00639923 -0.01166847 -0.01602762  0.01246626 -0.01719202
 -0.01090016  0.01461681  0.01307658 -0.00897809  0.00118122 -0.00034548
 -0.00504017  0.00826722 -0.0061707 ]
[  1.19054487e-02  -1.10215867e-02   1.73539675e-02   3.19840695e-04
  -4.90351507e-04  -2.24629217e-03   2.45605901e-02   1.41747628e-02
  -9.94595558e-04   3.09943360e-02  -1.15209782e-02  -2.51285160e-02
   2.51345685e-03  -1.09264202e-02  -1.48691133e-03  -4.44500034e-03
  -7.12482888e-03  -1.13609581e-02  -6.00739635e-03   1.34484458e-03
   9.62388843e-05]
[ 0.00683845  0.00749348 -0.00043308 -0.00459316 -0.00569932 -0.00479795
  0.00717963 -0.00423544  0.00516963 -0.00053743 -0.00080273 -0.0023768
 -0.0115359   0.01059677 -0.00225446 -0.00057861 -0.00681246 -0.00311283
  0.00609131  0.02005242  0.00235029]
[ 0.01071661  0.0122801  -0.00013535 -0.00298057 -0.01363081 -0.01165658
  0.00938202 -0.01220038 -0.01712703 -0.01872888 -0.01270088 -0.00940342
 -0.01481025 -0.00648955  0.01448144 -0.00746117  0.00503652  0.00348916
  0.01196839 -0.00056798 -0.00885216]
[ 0.01335186 -0.01211411 -0.01775866 -0.00107929 -0.00168967  0.00189198
  0.00863649  0.00853937  0.00050263  0.00508488 -0.00553735 -0.00065174
 -0.0110221  -0.00576961  0.01257706  0.00525127 -0.00188167 -0.00818187
 -0.01714558 -0.00302719 -0.00824912]
[ 0.01678791  0.01901507  0.00039035 -0.00924181 -0.03410215 -0.00438186
  0.00734772 -0.00629556 -0.01266019 -0.01477241  0.00306823 -0.01745667
 -0.00333484  0.01411006 -0.00138391 -0.00084261  0.00133147  0.00120762
 -0.01864968 -0.00674662 -0.00287532]
[ 0.00610485  0.00650312  0.00085466  0.02054419 -0.01316924 -0.00181253
 -0.00742245  0.00807595  0.0012811   0.00323587  0.02430983  0.00171172
  0.01538369 -0.00055819  0.00269822 -0.00656098  0.00153537  0.00480482
 -0.00677424  0.00747361  0.00906149]
[ 0.0124138  -0.01131008 -0.02489912  0.00168629 -0.00527678  0.00374957
  0.01276574  0.02425161  0.01559133  0.0019358  -0.01007384  0.00682451
 -0.01165608 -0.0056126   0.01928605 -0.01652637 -0.03131772 -0.01337176
 -0.01886106 -0.00463648 -0.00513314]
[ 0.01213248 -0.01105311  0.01128979  0.0007592  -0.00081082 -0.00896189
  0.01860524  0.0114562   0.02492872  0.00182464 -0.00817647 -0.01360857
  0.00641519 -0.00745786  0.00787466 -0.00801096  0.00629373  0.0054471
 -0.00064397  0.01127379 -0.01368881]
[ 0.01510726  0.01680842  0.00155033 -0.00892556 -0.00445583  0.00671398
 -0.00746481  0.01860543 -0.00461392 -0.00298594 -0.01985131  0.00381784
  0.02782599  0.01683647  0.004989    0.00588169  0.00228778 -0.0076145
  0.00101953  0.00886166 -0.00547401]
[ 0.00675434  0.0024889  -0.00279912  0.00159385  0.00105749 -0.01247821
 -0.01355685 -0.00593769  0.01003712  0.00480442  0.00169427 -0.01080084
 -0.00681523  0.01187712 -0.00624082  0.00925252 -0.00667123  0.00637534
 -0.00968944  0.00519018  0.00271917]
[ 0.00676874  0.00798505  0.00176312 -0.00223967  0.00804421  0.01921917
  0.00416873  0.00839927  0.00063128 -0.00685164 -0.01186785 -0.00514351
  0.00335487  0.0160498  -0.01368254 -0.01463098  0.01813355 -0.02482256
 -0.00046487 -0.01419861 -0.00622675]
[ 0.00117043  0.0006752   0.00141772  0.00374866 -0.00143853  0.00472045
 -0.00058166  0.00514342  0.00158185 -0.00199895  0.00124058 -0.0032376
  0.00243684  0.00113244 -0.00565239 -0.00109132  0.0027228  -0.00628198
 -0.00059424 -0.00552096 -0.00452526]
[ 0.01413454 -0.01275037 -0.02541674  0.00196097 -0.00260602  0.00561542
 -0.00832723  0.0042157   0.00603045 -0.01402936  0.00293836 -0.00172507
 -0.00406858 -0.00127347 -0.00566491  0.01567238  0.01003647 -0.00704587
  0.00550281  0.00592261  0.00797739]
[ 0.00685762 -0.00642338  0.00187586 -0.00048633 -0.00057943  0.00314857
 -0.00621516 -0.00643906 -0.00186149 -0.01135031  0.00665283  0.01899497
 -0.00471309  0.01084394 -0.00698205  0.00101636 -0.00290848  0.00827851
  0.00489453 -0.0094742  -0.00060661]
[ 0.00549882 -0.00278233 -0.00302808 -0.0038541   0.00415992  0.00133568
 -0.00689541 -0.00377752 -0.00865592 -0.00684048  0.00129068 -0.00415912
 -0.00272454 -0.0056276   0.00427485  0.0004153  -0.00504458  0.0046155
 -0.00770551  0.004963   -0.00802527]
[ 0.01452976 -0.01332701 -0.00890364  0.00026732  0.00084545 -0.00278068
  0.01328647 -0.00724483  0.01374466  0.01442631 -0.00592803 -0.00366608
  0.01041079  0.00686243 -0.00234156 -0.02127671 -0.00339936  0.01040143
  0.00896756 -0.01281128  0.0154137 ]
[ 0.00361377 -0.00284316  0.00294121  0.00094019 -0.0005005  -0.00283507
  0.00054759  0.00692372  0.00073522  0.00077117 -0.00066571  0.00543988
  0.00291494  0.0015843   0.00409706 -0.00408868 -0.00321954 -0.00250557
  0.00113815  0.00343331  0.00113924]
[ 0.01460908  0.01566086 -0.00140868  0.00416389 -0.01052575 -0.01539168
  0.00516605 -0.00375636 -0.00010936 -0.00208983  0.02333201 -0.00330598
 -0.00671718 -0.02303916 -0.00853091  0.00018487  0.00558789 -0.00224857
 -0.01609229 -0.03017742 -0.00792256]
[ 0.00975833  0.01000043 -0.00151744 -0.00926206  0.01298425 -0.00620807
 -0.00686931  0.00482919  0.00014323  0.00253561  0.00577313 -0.0061695
  0.01445035 -0.00183532  0.01312756  0.02197055 -0.00987811 -0.00241234
  0.00767079 -0.00982618 -0.01496847]
[ 0.00509703 -0.00475872 -0.00062717 -0.00093729  0.00040895  0.00228502
 -0.00218573 -0.00109131 -0.00465702  0.00568867 -0.0026834  -0.00092487
 -0.00437858 -0.00058991  0.00396207 -0.00238272 -0.01013222 -0.01117225
 -0.0051303  -0.00445572  0.01443026]
[ 0.00726518  0.00809284  0.0001696  -0.00105787 -0.00537485 -0.00350062
 -0.00127914 -0.00312152  0.00662592  0.00527058  0.02026155 -0.01173422
  0.00160692  0.00439631  0.01185752  0.01209089 -0.00800293 -0.01776004
  0.03089268 -0.00882908 -0.00913157]
[ 0.00864081  0.00244631 -0.00869398  0.00168219 -0.00030586 -0.03115942
  0.03348545 -0.02228036  0.01145139 -0.00456416  0.0080599   0.00794425
  0.002517    0.00570796 -0.02617704  0.01391515 -0.00870362 -0.01756751
 -0.00489831  0.0176733  -0.01281804]
[ 0.01661374  0.0190537   0.00042568  0.01032901 -0.01450319  0.00114816
  0.00173832 -0.00549532 -0.00523677 -0.00443159  0.00389691 -0.01457188
 -0.02013298  0.00760798  0.00163131  0.00346645 -0.00552441  0.00730001
 -0.01124123 -0.02273426 -0.00061986]
[ 0.01137511 -0.01063581  0.01907067  0.00080172 -0.00313134  0.00025826
  0.00739664  0.0160315  -0.0086807  -0.00829129  0.00539753  0.02312325
 -0.00855108  0.00597775  0.00352373  0.0087897   0.00427233  0.00479196
  0.00205694  0.00193829 -0.00327324]
[ 0.01270627 -0.01157286  0.02416271  0.00047036  0.00039762 -0.00036966
 -0.00762261 -0.00055583  0.00175916 -0.00654399 -0.00077405 -0.021664
  0.00858382 -0.01036762 -0.03193048 -0.00535884 -0.01056823  0.00424039
  0.00081289  0.00856575 -0.01586852]
[  1.77404074e-02  -1.61111385e-02   7.55570676e-03   2.09304147e-03
  -6.46805541e-05  -2.56725196e-03   7.30820718e-03   9.68606751e-03
  -1.30273318e-02  -3.05441864e-03   3.32317909e-03   9.60560048e-03
  -1.24527422e-02  -3.47382347e-03  -2.58379174e-03   2.03032213e-02
   1.30139595e-02   3.89656052e-04   1.96233123e-03   2.03884541e-03
  -1.91151444e-04]
[ 0.01694446  0.0194298   0.00032439  0.00251311  0.03007343  0.01643704
  0.01437885 -0.01025997  0.00487019 -0.00167026 -0.00056176  0.01849243
 -0.00459667 -0.03723225 -0.01804621 -0.02956088  0.01999392 -0.0064322
  0.00849324 -0.02602868  0.00593325]
[  7.30767766e-03  -6.17601165e-03  -5.93220343e-03  -9.26684778e-04
   3.27131719e-03  -7.02066989e-03   6.85721490e-03  -5.63809349e-03
   1.39534059e-02   2.43581220e-03   3.83258015e-04  -1.69977631e-02
   1.04718277e-02  -2.31041976e-03  -5.00033730e-03   2.03021950e-03
   7.06848780e-03  -6.32335607e-05   6.45694452e-03   6.88526684e-03
   1.32902926e-02]
[ 0.01260048 -0.0112296  -0.02349747  0.00092899 -0.0002895   0.00726065
 -0.01626862  0.00220441 -0.01713022 -0.00776709  0.00210223 -0.00832995
 -0.00040429 -0.01342994 -0.01952838  0.0048583  -0.01307214 -0.01562337
  0.00921271  0.01567923  0.01686237]
[  5.65780167e-03  -5.25506335e-03   7.67044605e-03  -7.03168849e-05
   1.01015276e-03  -2.50242606e-03  -4.58244671e-03  -1.02622366e-03
   1.07814431e-02  -5.24418151e-03  -1.59652950e-03  -1.23938048e-02
   3.71862064e-03  -2.78004296e-04  -4.44126780e-03  -9.50629227e-04
   1.53348913e-03   1.07449362e-02   6.42980999e-03   2.45244536e-03
   5.95602589e-04]
[ 0.0087054   0.00949506 -0.00130949  0.02554489  0.02359935 -0.00800864
  0.00190246 -0.00613483 -0.00238657  0.00269515  0.00173684  0.0021056
 -0.00684742 -0.01555521  0.00097311  0.02097769 -0.00985944  0.01785746
 -0.00793572 -0.00015647 -0.00769728]
[ 0.01492899  0.01718485  0.00119601  0.02904029  0.00145408  0.0124641
  0.00455925 -0.01073749  0.01242009  0.01285722 -0.01115118  0.00669379
 -0.00250519 -0.0066621  -0.01159317  0.0125106  -0.00565863  0.00573111
  0.00029923 -0.01235434  0.0022572 ]
[ 0.0021129   0.00250453  0.00052457 -0.00068984 -0.00846279 -0.00352323
 -0.01180849  0.0040126   0.007767    0.01381309  0.00269888 -0.00091963
 -0.01495427  0.00813041 -0.00344593 -0.00106157  0.00279968 -0.00075777
  0.00044068  0.00322686 -0.00263967]
[ 0.00994437  0.0115767   0.00024716  0.00957204 -0.00293087 -0.0022125
 -0.00183815 -0.01022191  0.00815803  0.00972849 -0.0199539   0.01227287
 -0.00957325 -0.0076567  -0.01452697  0.00305272 -0.00061288  0.01575518
 -0.01417328  0.00328216  0.00633196]
[ 0.01084477  0.01265517  0.00045783 -0.01561339  0.02660802  0.00280843
 -0.00826528  0.00741844  0.00612661  0.00859721 -0.00834448 -0.00078299
 -0.00814329  0.00563392 -0.00257996  0.01270378  0.00042945 -0.00144721
  0.00845472 -0.01147195 -0.00558688]
[ 0.01387621 -0.01188625 -0.0198455  -0.00181311  0.00030829  0.00160008
 -0.0024253   0.00793537 -0.01165608  0.00359865  0.00047549 -0.01545982
 -0.00251658 -0.00971397 -0.00289398  0.00664956  0.00700208  0.01920134
 -0.00379178 -0.00557057 -0.01055779]
[  7.56902372e-03  -6.56788616e-03  -1.19922021e-03   3.28550138e-04
  -1.67578325e-03  -6.31237834e-05   1.54657102e-03   8.03674344e-03
   2.14783409e-03  -4.62839843e-03   2.08509013e-04   7.55514596e-03
  -5.35357587e-03   4.52453876e-03   5.73157723e-06  -1.64891095e-03
  -1.86874627e-02  -5.91909106e-04  -7.20737524e-04  -8.86527062e-04
  -1.30041078e-02]
[  3.60712298e-03   4.19164255e-03   1.90493606e-04  -1.44289744e-02
   2.79201693e-03   9.91284426e-03   3.68547562e-03  -5.89935499e-04
   6.33303866e-03   4.24154932e-03   1.91894651e-03   6.72317656e-03
   4.50874327e-03  -1.09754149e-02  -7.71085757e-05   7.50624186e-03
  -4.08375445e-03  -1.07165863e-03   1.38752911e-02  -4.30485019e-03
  -3.41255167e-03]
[ 0.01955301  0.02263625  0.00144614 -0.01574994 -0.02314826  0.0069438
 -0.00095305  0.005187   -0.01136731 -0.00719014 -0.0307353   0.01205362
  0.04201264  0.01220167 -0.00088356  0.01195667 -0.00547069  0.01509659
 -0.02492624  0.01976524  0.02325785]
[ 0.01344276 -0.01248095  0.012741   -0.00029077 -0.001027    0.00354646
  0.00514442  0.00715468 -0.01044767  0.00216235  0.00302856  0.012973
 -0.01140144  0.0057457   0.01554806  0.00876379  0.01114281  0.00330324
  0.00031006 -0.00706142 -0.00225344]
[ 0.0155039   0.01721521 -0.00078593  0.00657595  0.01244792 -0.01265584
 -0.02547339  0.01185789  0.00836353  0.01163491 -0.03719621  0.00042611
  0.00198902  0.02940582 -0.01636902  0.00743699  0.00966472 -0.01214615
 -0.00765043  0.0007249  -0.01024632]
[  1.03774933e-02   1.17234458e-02   2.67171438e-04  -1.33407676e-02
   7.83669771e-03  -1.63593371e-03  -1.03330080e-02  -1.16497616e-03
   1.99005404e-03   6.21272127e-03   3.21843716e-03  -4.09318656e-03
  -1.83639556e-02   1.26762937e-03   6.84540305e-03   4.39037799e-03
  -5.88420492e-03   1.75478910e-02  -2.29343674e-03   1.05342481e-02
  -8.11957868e-05]
[  1.24515948e-02  -1.10742967e-02  -1.81785408e-02   1.87109160e-05
   7.04080366e-04   3.17377538e-03  -8.11910845e-03  -7.45585441e-03
  -1.05330343e-02   8.18883425e-03   2.90820344e-03   1.27623479e-03
   8.32894911e-03   4.81963154e-03   9.83855080e-04  -1.33496927e-02
  -5.35031457e-03   4.30217465e-03   1.20743390e-02   3.22450074e-03
   1.51889220e-03]
[ 0.01395852 -0.01283625  0.0156698  -0.00171767  0.00387118 -0.0023431
  0.00445624 -0.00776398 -0.02041724  0.02071167  0.00229016 -0.00259503
  0.00311504  0.00833196 -0.01105701 -0.0032207  -0.00216135  0.01134439
  0.00618783 -0.0043852   0.00941755]
[ 0.01238239 -0.01153443 -0.00961431 -0.00136255  0.00216212  0.00696427
 -0.00359014 -0.00403308 -0.01137823  0.01469387 -0.00287108 -0.02102055
 -0.00133504 -0.01546627  0.00329227  0.01515414  0.02547303 -0.00205058
 -0.00292381  0.0036004   0.01604471]
[ 0.01055053  0.01183696  0.00053735  0.02639281  0.01144331  0.01597223
  0.00093917 -0.00191882  0.00247083  0.00199733 -0.00173673 -0.00233204
  0.00113112  0.00218217  0.00944296  0.01149293 -0.01081319  0.00206715
  0.00660255 -0.00619109 -0.00398797]
[  5.11738309e-03  -4.57571562e-03  -6.10150488e-03  -5.42769504e-04
   5.41552334e-04  -8.64337952e-05  -4.73555085e-04   7.85409321e-04
   2.62468735e-03  -4.46383248e-03   7.80121122e-04   4.75637367e-03
   1.39726835e-03   8.48639957e-03  -8.09825178e-03  -8.76545582e-03
  -1.23914611e-02   7.76599757e-03   6.69114020e-03  -8.42698026e-03
   3.58533508e-03]
[ 0.00186289 -0.00157582 -0.00730282  0.00053897 -0.00081339 -0.00096887
  0.00290924  0.00017844  0.00165427 -0.00105288  0.00129471 -0.00091395
 -0.00097016 -0.00314454 -0.0022452   0.00832014  0.00546833 -0.00847785
 -0.00159426  0.0051112   0.00093648]
[ 0.01487674 -0.01359961  0.02781884  0.0055966  -0.0039859   0.00025818
 -0.00248665  0.01338931  0.01031491 -0.03326354  0.01214891  0.02548243
 -0.01171519  0.00493225 -0.00706184  0.0280998   0.02040706 -0.00624223
  0.00710047  0.00427297  0.01526746]
[ 0.01570986  0.0179942   0.0012919  -0.00577836 -0.02191213  0.01135244
  0.00599806 -0.01003817  0.00199905  0.00362545  0.0210646   0.00703177
  0.01005048 -0.01642376 -0.00386058 -0.00191975  0.0045307   0.00828721
 -0.01862297  0.00484857 -0.01141583]
[ 0.0071025   0.00812367 -0.00085088 -0.00555468 -0.00410591 -0.0193699
  0.00379031  0.00277956 -0.00791953 -0.01150457  0.00465307 -0.00697535
  0.00517715  0.00416647 -0.00299559 -0.01024725  0.00530749 -0.0124078
 -0.00242614 -0.02071773  0.0117557 ]
[  8.38279926e-03  -7.12324150e-03  -1.21088896e-02   2.93641006e-04
  -3.73578080e-04   2.18043989e-03  -8.32365274e-03  -5.42028448e-03
  -4.76513566e-03  -4.63652314e-03   2.25172545e-03  -6.25115942e-06
   3.83385565e-03  -4.12164449e-03   3.08191691e-03  -6.33278317e-03
   4.58812901e-04   2.29345092e-03  -6.64417102e-03  -4.29689543e-03
  -9.20108797e-03]
[  1.10364660e-03   1.26518717e-03   5.40972578e-05   3.65197602e-03
   7.62847620e-03  -7.44608187e-04  -6.16789018e-04   8.30650131e-04
   1.85494208e-04  -5.12618376e-04  -2.41876373e-03  -1.51928786e-03
  -5.34734794e-03   5.01255857e-03  -1.32546226e-03  -3.32629124e-03
   1.68394065e-03  -2.22526128e-03   7.66919777e-04   2.52088211e-03
   2.01921330e-03]
[ 0.01494752 -0.01393337  0.02321436 -0.00096044  0.00176278 -0.00294623
 -0.01782845 -0.00999368  0.02115382 -0.01446116 -0.00646437 -0.01243839
  0.0097737  -0.01271647  0.01644376 -0.01845194 -0.01613517 -0.00503797
 -0.00703976  0.0100419  -0.01172663]
[ 0.00722292  0.00787387  0.00039933  0.02908365 -0.00327151 -0.01409626
 -0.01928367  0.01458333  0.00210287  0.01439817  0.00071992  0.01627109
  0.01884131 -0.01287539  0.00622166 -0.00518995 -0.00129353 -0.00428012
  0.00588471  0.00085738  0.00184971]
[ 0.00492794  0.00325479 -0.00058906  0.012229    0.00586254 -0.01358406
 -0.00221876  0.00488546 -0.00583721 -0.0038783  -0.000478    0.00198679
  0.00441687 -0.00015038  0.0106797  -0.0061015   0.0017477  -0.00892112
  0.02079936  0.01139545  0.00368791]
[ 0.00546255  0.00607143  0.00062627  0.0015189   0.02734421  0.0091815
  0.005166    0.00291898 -0.00514488 -0.00615803  0.00913198 -0.00224623
 -0.00481023  0.00502582  0.00694785 -0.00791914 -0.00187587  0.00583339
 -0.00368867  0.02071064  0.00515279]
[ 0.01066949 -0.00958178 -0.01410036 -0.00026188  0.00048752 -0.00126645
  0.00772894 -0.00555809 -0.00522349  0.00902902  0.00587523  0.00892496
  0.01034987  0.02031638 -0.01033466 -0.00091451  0.01524935  0.01722681
  0.01583352 -0.00244159 -0.00221367]
[ 0.0169685   0.0196308   0.00322748  0.00430531 -0.01581112  0.03798797
  0.01309567 -0.01363872  0.0072304   0.0021367  -0.02364953  0.00631167
  0.00508518 -0.00463943 -0.00525043  0.00961075 -0.00316076  0.01150054
 -0.00416787  0.00440285  0.00639384]
[ 0.01400502 -0.01312659  0.01904128 -0.00075556  0.00193744 -0.00018755
  0.00430947 -0.00306274  0.00440357  0.00343584  0.00080486  0.00542289
 -0.0012408   0.01098912  0.00208459  0.00088889  0.0023567  -0.00385764
  0.00302074 -0.00916494  0.02155328]
[  5.70639033e-03  -4.46040108e-03  -9.24668829e-03   4.40844218e-04
  -2.83957123e-04  -6.19765723e-03   1.34367466e-02  -8.95542553e-04
   5.37427555e-04   9.84010725e-03   1.24483355e-05   3.14714720e-03
   6.00632393e-03   1.69785528e-03   1.39789223e-02   1.49182436e-03
   1.32904867e-02  -8.94888492e-03  -6.31792110e-03   3.74189734e-03
  -1.42113424e-02]
[  8.48229660e-03  -7.87375305e-03   6.89482960e-03  -7.36261299e-05
  -5.37059804e-04  -5.88246439e-03   2.11082135e-02   1.94854671e-02
   1.19208806e-02   1.90678190e-03  -4.13934380e-03  -1.78892689e-03
  -5.29772687e-03  -1.18617120e-03   7.57401689e-04   7.24843690e-04
  -5.43533945e-03   9.51054985e-03  -8.49647155e-05  -4.74840285e-03
   1.41201392e-02]
[ 0.01334004  0.01542781  0.00086736 -0.00469768  0.01075992  0.01792465
  0.00679999 -0.00081567  0.0078536   0.00415129  0.02249694  0.00246117
 -0.00381194  0.0040232   0.00131333 -0.01998276  0.00537247 -0.0072623
  0.00286207  0.03104395  0.00562755]

Right eigenvectors

[ 1.         -0.87314911 -0.06875034  0.23221607 -0.18270014  0.31963339
 -0.55750827  0.92039548  0.68971379 -1.45055083  0.03851379 -0.88909469
 -0.0585124  -0.05405598 -1.74538825 -0.52060482 -1.27844012  0.70146557
  0.75090272 -0.54283358 -0.92171542]
[ 1.          1.1345465   0.11207976  0.60828502 -0.86566772 -1.38686584
 -1.06719801  0.6081142  -0.20687006  0.53212454  0.46483472 -0.02228179
 -1.29942906 -0.31764473  0.11574418 -1.44984927  0.94590912 -0.45819437
  0.6929645  -0.2171205  -0.02329825]
[ 1.         -0.93857435  1.63055924 -0.22062328  0.31915902 -0.13161338
 -0.240283   -1.64704356 -1.49685731  1.90086046  0.03787969 -0.55538685
  1.07689838  0.60318808 -0.28509032 -1.00032375 -0.37088263  0.04118093
  0.38943887 -0.06491416  0.17180131]
[ 1.         -0.93005018 -0.98073454 -0.11205405  0.08270153  0.54824403
 -1.12098494 -0.84538513 -0.27790513  0.52120319 -0.50225353 -0.23696726
 -0.40762687 -0.47483936  0.90941903  0.13016004  0.73175635 -1.25050825
 -0.98375758 -0.35189608  2.95845127]
[ 1.          1.15055115  0.00366683 -3.29514058  1.77101502 -0.03368589
 -0.53749119  1.49104879 -0.16918124  0.08958329  2.76224077  0.06473521
  0.68756283 -0.89372461  0.43365991 -0.2306123  -0.29463101  0.43142535
 -1.3170167  -0.48810385  0.25501814]
[ 1.         -0.9115545  -0.56146378 -0.17250385  0.06625692 -0.03265334
 -0.92510106 -0.90861234  0.70414101 -0.33976358  0.07314037  0.22462934
  0.27144223  1.01637958  0.36416108 -0.24092612  0.22213098  0.77909947
 -0.37992209 -0.51319844 -0.35743817]
[ 1.          0.24876977  0.56719597  2.03187741 -1.67951105  1.06850863
 -0.11277043  5.98046084 -3.18175747 -1.9141223   1.60832299  1.45868144
  1.89759937 -0.67930661 -1.43547659 -1.3774726   0.42411576 -1.58084148
 -2.38630773  2.26452788 -2.29862495]
[ 1.          1.15587239  0.00694665 -2.92593928 -1.41576958 -0.27380792
  0.01884036 -0.38498775  0.51871326  0.54581963 -1.36319751  0.83518151
 -1.64680245 -1.22374408  0.25442405  0.26137643 -0.25899285 -0.51265286
  3.70680789  0.53860626 -0.66895729]
[ 1.         -0.8375797  -1.7614138   0.25258268 -0.06391902  0.59456566
  0.15859111 -0.05618238 -1.88487866  0.5095088   0.08617845  1.87321324
 -1.68866588  0.15386088 -0.66834336  0.873649   -2.75746949 -1.75348665
 -0.74915252 -0.74031473  1.05045241]
[ 1.         -0.90452207 -0.52356749 -0.03586587  0.13666705  0.01086427
 -0.66051609 -0.82334623 -0.78619432  0.20920816  0.32859057  1.23969151
 -0.01541138  0.64217055  1.04693492  0.13341644  1.2889495   0.39845341
 -1.09016532 -0.46755713 -0.16118603]
[ 1.         -0.91121366  1.08793721  0.14669336 -0.35939463  0.48942816
  0.46659145  2.12053169 -2.91581963  0.55962403  0.45755741 -0.5090537
 -0.64921323 -0.6602052  -2.59260311  1.25842135  0.32272143  0.96176275
  0.47651233  0.83413593 -0.9457066 ]
[  1.00000000e+00  -9.36562120e-01   1.28847498e+00  -2.85531249e-02
  -2.08318276e-03   2.77435990e-01  -6.72247143e-01   4.60484279e-01
   1.27257904e+00  -1.07925046e+00  -6.48742379e-01  -2.37621933e+00
   1.17723541e-01  -1.80495537e+00   2.94159015e-01   3.64437111e-01
   6.81971953e-01   2.46881185e-01  -3.56281368e-01   5.85222047e-02
  -4.28460725e-01]
[ 1.         -0.89082258 -0.84717472  0.00492612 -0.0885239  -0.34513786
 -0.34215966 -0.50122134  3.38741268 -2.64614435  0.32884269  1.44881682
  0.2368197   1.65887794 -0.72286488 -0.71395648 -0.84965432  0.95607426
  0.6802599  -0.86978092  0.90648355]
[ 1.         -0.91028523 -1.39317689 -0.09950998 -0.10411666  0.26787343
 -0.14520212 -0.1225169   1.13456489  0.00354012 -0.11354885  0.40206359
  0.86514756  0.54109297  1.26923399 -1.41731626  0.40159896  1.3509095
  0.14336908 -0.30772859 -1.62825743]
[ 1.          1.20346077  0.39028501  3.58052391 -4.87480935  6.49867348
  2.26379351 -1.9079585   2.03589725  1.10153234  4.17305401 -2.53740191
  3.65088054  3.21406976  1.82083021  4.12631166 -3.41485711 -1.23656698
  2.11095774 -0.64384756  2.40726715]
[ 1.         -0.93414466  1.33802548  0.07100589 -0.12242506 -0.43136704
  0.94839071  1.37805425  1.39030308 -0.88684792 -0.32878983  0.2688618
 -0.90588965 -0.76196262  1.04051819  0.65742187  0.83984054  0.6280108
 -0.19167655 -0.25036406  1.6554194 ]
[ 1.          1.15207964  0.13696455 -1.36336281  0.60598828  0.62483489
 -0.71078206  0.99781082  0.62385053  0.98977724  0.82925678 -0.00586294
 -0.09633988  0.7350477   0.10248863  0.59631948 -0.16563329  0.03739948
 -0.98362053  0.17266319 -0.37017007]
[ 1.          1.14477648 -0.03653096  3.34033315  4.12259024  0.84211159
  1.33286015 -0.60389502 -0.84918527 -1.44976464 -1.82078851 -0.0759294
  0.74276182  0.63254981  1.52401914  0.95460395 -1.03060127 -0.5196113
  1.9130109   0.67839235 -0.39764344]
[ 1.          1.09786976 -0.07549529  0.20041004 -1.0574004  -1.90658688
 -0.2518186  -0.16438051 -2.30023655 -1.96785849 -2.87357986 -1.08864707
  0.18761227  0.24082376  2.24722787  1.10058894 -0.33388094  0.90506452
  1.04357594 -0.54559516 -0.62900154]
[ 1.          0.93549916 -0.49134117 -1.06735541  2.0785351  -3.14012527
  0.57361797  0.33745701 -0.45856671 -1.16671427  1.49158233 -0.80620367
  1.71277081  1.11920695 -0.4565856   0.11931297 -0.6199756   0.47551925
 -0.88860029 -0.95439411  2.45429685]
[ 1.         -0.93803787  0.86459598 -0.19543148  0.15664066  0.52137232
 -2.17450801 -1.86210857 -0.54357008 -0.97477628  0.25936456 -0.40304341
  0.6081883  -1.00663332 -1.12716192 -0.14626146 -0.53695381 -1.36548839
 -0.02941206  0.90532861 -0.9685411 ]
[ 1.         -0.94321238  2.37001741 -0.27876016  0.25922998 -0.94124527
  2.51087473 -1.07588309 -2.5090799   3.87675314 -0.0146387   0.87667467
  0.57231423  1.59786095 -0.13916407 -0.77676637 -1.12148458 -0.86074459
 -0.45861213 -0.40032729 -1.08196169]
[  1.00000000e+00  -8.23632589e-01  -1.57703256e+00  -2.36706005e-01
   1.49505923e-03   1.24259164e-01   3.70542710e-01  -1.16224011e+00
   1.06455086e+00  -4.13311205e-01  -1.52863715e-01   1.68976167e+00
  -3.70822275e-01  -1.61070637e-02   2.03031843e-01  -9.49504365e-01
  -1.13043151e+00  -1.29113990e+00  -8.32347854e-01  -1.11791298e-01
  -1.12453718e+00]
[ 1.         -0.92794904 -0.48740138 -0.07001694  0.03238289  0.19626668
 -0.2423252  -0.79895195  0.06299926  0.17360675  0.04696116  0.39339966
 -0.22994261 -0.20497519  0.87924958  1.08870463  0.78626943 -1.48729389
 -0.65290336  0.23807411 -0.48379716]
[ 1.          0.81027856 -0.59904391  0.99129728  1.05087624 -1.37199265
  0.39083436 -1.6623014  -0.42097088 -0.37199112 -0.73150209  1.79731448
  0.62465642 -1.81894013 -1.50378355 -1.62381262  1.37802403 -0.48103835
 -1.59150891  0.83670097 -2.24243329]
[  1.00000000e+00  -9.09964208e-01  -1.80193178e+00  -9.67055841e-03
  -5.85001326e-03   2.55962035e-01  -3.40960737e-01  -7.06021640e-01
   6.25896549e-01   1.01398910e-01  -5.65285119e-04  -2.75192740e-01
   4.60530361e-01   3.07965211e-01  -3.64364452e-01   7.98461163e-01
   2.46640711e+00  -2.07091162e-01   3.05071366e-01   4.29826144e-01
   2.08485078e-01]
[ 1.          1.17118239  0.07757138 -0.12496998 -0.1919927   0.24434034
  0.43068265 -0.4341034  -0.33857509 -0.70676203 -0.96549263 -0.15705177
 -0.02162782 -0.11877478  0.16490552 -0.34685166  0.13321119  0.33897546
  0.22618115 -1.49247189  0.87227613]
[ 1.          1.16953486  0.07071353 -0.05093146 -1.08381363 -0.11708883
  0.11360497 -1.0831127   0.32305867  0.47355721  0.97007825  0.80023905
 -1.37246985 -2.61908887  0.06279186 -1.58781133  0.36846032  0.80710046
  1.49704697  0.31668533  1.34038455]
[ 1.         -0.88486264 -1.51861953  0.14936793 -0.29950799  0.3569868
  0.05573556  1.66073989 -1.28335176  0.00880061 -0.42897186 -0.68863012
 -0.68862892 -0.66635283 -0.38842272 -0.38422772 -1.63727314  0.09142126
  1.12316602  0.04283653  0.75738468]
[ 1.         -0.93736175  1.72316904 -0.07899239  0.11940787 -0.22670781
 -0.27997425 -1.02769788  1.18490669 -0.38928995  0.0103024   0.54177291
  0.31646053  0.08774414  2.03166177  0.22061561  1.39467484 -0.14449966
 -0.62966684 -0.02018606 -0.17038435]
[ 1.         -0.88090222  0.36483174 -0.43879394  0.47156296  0.28192499
 -1.84790493 -2.80185814  0.20485355  0.91912619 -0.58311563 -1.56850995
  0.93460142 -0.07399915  1.40084318 -0.29742993  0.01230732  0.44420609
 -0.77466881 -1.05839791  1.8824043 ]
[ 1.          1.14123145  0.00675783 -2.16976082 -1.12413792 -0.10666012
  0.06290457  0.36167126 -0.30208278 -0.23608886 -1.3492285   1.82730881
  1.43814441 -1.14788242 -0.2258598  -0.68922565 -0.22364958 -0.22495754
  0.6023355   2.54547969  0.90069131]
[ 1.         -0.90813085  0.98128532 -0.11879942 -0.04679425 -0.02395273
 -0.28203611 -0.74735231 -0.55872853 -0.26782236  0.13223177  1.27458008
 -0.569143    0.37619957 -0.40239775 -0.27186754 -1.44005103 -0.59220839
 -0.28708519 -0.25450627 -0.25032115]
[ 1.         -0.91720388 -1.17344279  0.11605004 -0.25328672  0.51002369
  0.84358176  0.72223945 -1.66881293  0.8319705   0.83891683  0.45316109
  0.63056355  1.12659664 -0.5008257  -0.29889621  2.22873487  3.35433215
  2.01330384  0.04366464 -2.16911294]
[ 1.          1.17579609  0.25380806  2.12240311 -1.65360777  2.74930259
  0.92826241 -1.40717243  0.09760804 -0.70941468  0.13975215 -2.15782377
 -5.06074014  2.17281136  0.43502165 -4.22586661  1.46922891  0.68181875
  0.03506217  4.00648488  1.24759977]
[ 1.         -0.94349059  1.95238935 -0.22274442  0.17460364  0.20815976
 -1.23206078 -1.89111813 -0.71873782  0.09614489  0.16769283  1.13172322
 -0.24269536  0.27559655  1.45293995 -0.0312619  -0.34401618 -1.75974624
 -0.50496436 -0.3386016  -0.19205652]
[ 1.          1.13653107  0.10773318  0.87761707  0.08418682  1.7445407
  1.7977489  -0.8208096  -1.49667797 -2.05581276  1.59900792 -2.2051668
 -1.39813026  1.87485283  1.67729229 -1.15159132  0.15151113 -0.04431424
 -0.64648679  1.06041083 -0.79149659]
[ 1.         -0.92575987  1.45764918  0.02686507 -0.04118715 -0.18867766
  2.06297055  1.19061139 -0.08354121  2.60337403 -0.96770634 -2.11067357
  0.2111182  -0.91776635 -0.12489335 -0.37335849 -0.5984511  -0.95426542
 -0.50459218  0.11296043  0.0080836 ]
[ 1.          1.09578715 -0.06332943 -0.67166674 -0.83342327 -0.70161414
  1.04989154 -0.61935722  0.75596541 -0.07858943 -0.11738428 -0.34756417
 -1.68691774  1.54958671 -0.32967417 -0.08461165 -0.99619948 -0.45519564
  0.89074476  2.93230586  0.3436879 ]
[ 1.          1.1458946  -0.01263006 -0.2781265  -1.27193289 -1.0877118
  0.87546567 -1.13845562 -1.59817597 -1.7476499  -1.18515872 -0.87746195
 -1.38199013 -0.60556035  1.35130834 -0.69622543  0.46997374  0.32558392
  1.1168076  -0.05299996 -0.82602265]
[ 1.         -0.90729761 -1.33005139 -0.0808341  -0.12654938  0.1417015
  0.64683835  0.63956424  0.03764517  0.38083653 -0.41472514 -0.04881237
 -0.82551036 -0.43212026  0.94197103  0.39329852 -0.14092918 -0.6127887
 -1.28413434 -0.22672422 -0.61782549]
[ 1.          1.13266448  0.02325181 -0.55050365 -2.03135127 -0.26101268
  0.43767939 -0.37500576 -0.7541253  -0.87994305  0.18276418 -1.03983551
 -0.19864519  0.84048948 -0.08243516 -0.05019141  0.07931111  0.07193399
 -1.11089897 -0.40187343 -0.17127299]
[ 1.          1.06523916  0.13999626  3.3652245  -2.15717712 -0.29689949
 -1.21582916  1.32287389  0.20984916  0.53004858  3.98205227  0.28038662
  2.51991267 -0.0914331   0.44197939 -1.07471591  0.25149972  0.7870499
 -1.10964986  1.22420901  1.4843098 ]
[ 1.         -0.91108942 -2.0057615   0.1358402  -0.42507374  0.30204833
  1.02835065  1.95360093  1.25596743  0.15593925 -0.81150381  0.54975234
 -0.93896139 -0.45212583  1.55359744 -1.3312903  -2.5228156  -1.07716898
 -1.51936277 -0.37349406 -0.41350275]
[ 1.         -0.91103461  0.93054254  0.06257582 -0.06683082 -0.73866972
  1.53350709  0.94425846  2.05470941  0.15039287 -0.6739325  -1.12166442
  0.52876193 -0.61470239  0.64905646 -0.66029038  0.51875097  0.44896883
 -0.05307818  0.92922438 -1.12827854]
[ 1.          1.11260561  0.10262123 -0.5908126  -0.29494596  0.44442061
 -0.49412077  1.23155564 -0.30541089 -0.19764959 -1.31402474  0.25271558
  1.84189529  1.11446211  0.33023871  0.38932845  0.15143573 -0.50402938
  0.0674859   0.58658264 -0.36234303]
[ 1.          0.36848906 -0.41441794  0.23597421  0.15656475 -1.84743688
 -2.00713171 -0.87909272  1.48602621  0.71130869  0.25084217 -1.59909705
 -1.00901441  1.75844373 -0.92397134  1.36986298 -0.98769509  0.94388838
 -1.43455022  0.76842116  0.40258147]
[ 1.          1.17969526  0.26048042 -0.33088463  1.18843681  2.83940386
  0.61588088  1.24089263  0.09326417 -1.01224788 -1.75333362 -0.7598926
  0.49564163  2.37116634 -2.02143232 -2.16155318  2.67901589 -3.66723803
 -0.06867857 -2.09767592 -0.91992782]
[ 1.          0.57688602  1.21128707  3.20281351 -1.22906868  4.03310017
 -0.49696291  4.39448479  1.35151347 -1.70788413  1.05993951 -2.76616838
  2.08201009  0.96754716 -4.82934077 -0.93241342  2.32632891 -5.36726181
 -0.50771346 -4.71705595 -3.86633336]
[ 1.         -0.90207191 -1.79820114  0.13873594 -0.18437271  0.39728359
 -0.58914075  0.29825529  0.42664677 -0.99255893  0.20788504 -0.12204654
 -0.28784666 -0.09009622 -0.4007849   1.10880002  0.7100674  -0.49848603
  0.38931636  0.41901707  0.56439019]
[ 1.         -0.93667857  0.2735443  -0.07091757 -0.08449379  0.45913407
 -0.90631435 -0.93896416 -0.27144871 -1.65513824  0.97013742  2.7699079
 -0.68727846  1.58129901 -1.01814468  0.14820899 -0.42412341  1.20719874
  0.71373686 -1.38155829 -0.08845759]
[ 1.         -0.50598739 -0.55067763 -0.70089519  0.75651087  0.24290278
 -1.25398058 -0.68696993 -1.57414096 -1.2439901   0.23471924 -0.75636497
 -0.49547736 -1.0234203   0.77741184  0.07552476 -0.91739396  0.83936155
 -1.40130218  0.90255748 -1.4594533 ]
[ 1.         -0.91722158 -0.61278653  0.01839821  0.05818723 -0.19137833
  0.91443136 -0.49862004  0.94596581  0.99288011 -0.40799191 -0.25231486
  0.71651478  0.4723014  -0.16115624 -1.46435332 -0.23395825  0.7158708
  0.61718583 -0.88172692  1.06083655]
[ 1.         -0.78675751  0.81388925  0.26016784 -0.13849887 -0.78451827
  0.15152815  1.91592591  0.20345042  0.21339743 -0.18421401  1.50531889
  0.80661884  0.43840612  1.1337354  -1.13141503 -0.89090951 -0.69333994
  0.31494903  0.95006416  0.31524982]
[ 1.          1.07199465 -0.09642506  0.2850208  -0.72049326 -1.0535691
  0.35361922 -0.2571251  -0.00748597 -0.14305012  1.59708906 -0.22629583
 -0.45979446 -1.57704349 -0.5839454   0.01265456  0.38249387 -0.15391571
 -1.10152626 -2.06566095 -0.54230374]
[ 1.          1.02481028 -0.15550215 -0.94914432  1.33058109 -0.63618162
 -0.70394352  0.49487917  0.01467812  0.25984089  0.59161097 -0.63222912
  1.48082209 -0.18807744  1.34526757  2.25146665 -1.01227531 -0.24720796
  0.7860768  -1.00695338 -1.53391808]
[ 1.         -0.93362623 -0.12304657 -0.18388904  0.08023338  0.44830467
 -0.4288238  -0.21410719 -0.9136741   1.11607649 -0.52646421 -0.18145269
 -0.85904651 -0.11573644  0.77732881 -0.46747195 -1.98786923 -2.19191436
 -1.00652859 -0.87417931  2.83111313]
[ 1.          1.11392095  0.0233444  -0.1456079  -0.73980919 -0.48183457
 -0.17606485 -0.42965402  0.91201026  0.72545731  2.78885631 -1.61513084
  0.22118145  0.60511998  1.63210231  1.66422292 -1.10154549 -2.44454152
  4.2521539  -1.21525954 -1.2568943 ]
[ 1.          0.28311119 -1.0061529   0.19467983 -0.03539689 -3.6060759
  3.87526773 -2.57850356  1.32526843 -0.52820955  0.93277159  0.91938665
  0.29129212  0.66058191 -3.02946616  1.61039873 -1.00726939 -2.03308615
 -0.56688054  2.04532866 -1.4834301 ]
[ 1.          1.14686415  0.02562187  0.62171517 -0.87296348  0.0691092
  0.10463171 -0.33076961 -0.31520689 -0.26674253  0.23455922 -0.87709798
 -1.21182718  0.45793271  0.09819041  0.20864979 -0.33252029  0.4393957
 -0.67662227 -1.36840088 -0.03731017]
[ 1.         -0.93500768  1.67652704  0.07048021 -0.27527967  0.0227041
  0.65024826  1.40934929 -0.76313098 -0.72889799  0.4745034   2.03279438
 -0.75173639  0.52551127  0.30977558  0.77271358  0.37558608  0.42126753
  0.1808281   0.17039752 -0.28775479]
[ 1.         -0.9107988   1.90163622  0.03701761  0.0312935  -0.02909306
 -0.59990894 -0.04374425  0.1384484  -0.51502022 -0.06091873 -1.70498457
  0.67555736 -0.81594526 -2.51296944 -0.42174755 -0.83173338  0.33372438
  0.06397513  0.67413531 -1.24887249]
[ 1.         -0.90816057  0.42590379  0.11798159 -0.00364595 -0.14471212
  0.41195261  0.54598901 -0.73433104 -0.17217297  0.18732259  0.54145321
 -0.70194229 -0.19581419 -0.14564444  1.14446195  0.73357727  0.02196432
  0.11061365  0.11492664 -0.01077492]
[ 1.          1.14667576  0.01914436  0.14831457  1.77482438  0.97005412
  0.84858706 -0.60550614  0.28742064 -0.09857266 -0.03315321  1.0913559
 -0.2712787  -2.19731136 -1.06502171 -1.74457534  1.17996796 -0.3796047
  0.50123979 -1.5361177   0.35015904]
[ 1.         -0.84514013 -0.81177683 -0.12680975  0.44765483 -0.96072517
  0.9383576  -0.77153013  1.90941726  0.33332234  0.05244594 -2.32601435
  1.43298982 -0.31616334 -0.68425805  0.27782007  0.96726869 -0.00865303
  0.88358365  0.9421963   1.81867526]
[ 1.         -0.89120443 -1.86480762  0.0737264  -0.02297529  0.57621975
 -1.29111111  0.17494687 -1.35948926 -0.61641255  0.16683724 -0.66108198
 -0.03208522 -1.06582744 -1.54981258  0.38556509 -1.03743181 -1.23990244
  0.73113965  1.24433608  1.33823236]
[ 1.         -0.92881717  1.35572904 -0.01242831  0.17854156 -0.44229653
 -0.80993414 -0.18138205  1.90558873 -0.92689384 -0.28218195 -2.19056897
  0.65725539 -0.04913645 -0.78498117 -0.16802095  0.27103975  1.89913625
  1.13645023  0.43346259  0.10527103]
[ 1.          1.09070909 -0.15042329  2.93437465  2.7108873  -0.91996275
  0.21853777 -0.70471543 -0.27414825  0.30959532  0.19951268  0.24187289
 -0.78657184 -1.78684707  0.11178185  2.409734   -1.13256597  2.05130884
 -0.91158676 -0.01797382 -0.88419642]
[ 1.          1.15110601  0.08011358  1.94522852  0.09739987  0.83489269
  0.30539546 -0.71923758  0.83194427  0.86122504 -0.74694799  0.44837536
 -0.16780725 -0.44625236 -0.77655431  0.83800733 -0.37903633  0.38389141
  0.02004374 -0.82754013  0.15119594]
[ 1.          1.18535511  0.24827126 -0.32649222 -4.00530329 -1.66749076
 -5.58877129  1.89909935  3.67599663  6.53751656  1.27733645 -0.43524406
 -7.07761535  3.84799265 -1.63090564 -0.50242315  1.32504336 -0.35863809
  0.20856914  1.52722152 -1.24931399]
[ 1.          1.16414654  0.02485435  0.96255906 -0.2947263  -0.22248802
 -0.18484316 -1.02790975  0.82036673  0.97829165 -2.00655229  1.23415305
 -0.96268036 -0.76995311 -1.46082335  0.30697992 -0.06163126  1.58433209
 -1.42525707  0.33005188  0.63673832]
[ 1.          1.16693814  0.04221699 -1.43971625  2.45353583  0.25896654
 -0.76214447  0.68405728  0.56493747  0.7927524  -0.76944768 -0.0721995
 -0.75089618  0.51950615 -0.23789941  1.17142071  0.03959982 -0.13344759
  0.77961254 -1.05783279 -0.51516837]
[ 1.         -0.8565916  -1.43018152 -0.13066328  0.02221734  0.11531118
 -0.17478101  0.57186858 -0.84000477  0.25933935  0.0342668  -1.11412417
 -0.1813594  -0.70004479 -0.20855689  0.47920584  0.50461028  1.38375912
 -0.27325768 -0.40144754 -0.76085549]
[  1.00000000e+00  -8.67732273e-01  -1.58437898e-01   4.34072016e-02
  -2.21400184e-01  -8.33975235e-03   2.04328996e-01   1.06179393e+00
   2.83766331e-01  -6.11492130e-01   2.75476760e-02   9.98166506e-01
  -7.07300713e-01   5.97770456e-01   7.57241282e-04  -2.17849885e-01
  -2.46893963e+00  -7.82015129e-02  -9.52219931e-02  -1.17125682e-01
  -1.71806936e+00]
[ 1.          1.16204592  0.0528104  -4.00013376  0.77402876  2.74813039
  1.02172164 -0.16354738  1.75570356  1.17588154  0.5319881   1.8638612
  1.24995552 -3.04270606 -0.02137675  2.0809498  -1.13213619 -0.29709512
  3.84663656 -1.19343039 -0.94605914]
[ 1.          1.1576857   0.07395978 -0.80549923 -1.18387186  0.35512679
 -0.04874208  0.26527881 -0.58135836 -0.3677252  -1.57189577  0.61645817
  2.14865262  0.62403022 -0.04518776  0.61149988 -0.2797873   0.77208529
 -1.27480298  1.01085408  1.1894766 ]
[ 1.         -0.92845144  0.94779685 -0.02163021 -0.07639815  0.2638195
  0.3826911   0.53223314 -0.77719682  0.16085597  0.22529342  0.96505503
 -0.8481472   0.4274195   1.15661267  0.65193425  0.82890841  0.24572606
  0.02306536 -0.5252955  -0.16763244]
[ 1.          1.11037921 -0.0506925   0.4241481   0.80288929 -0.81630034
 -1.64303121  0.76483253  0.53944681  0.75045014 -2.39915145  0.027484
  0.12829129  1.89667201 -1.05579975  0.47968478  0.62337333 -0.78342519
 -0.49345188  0.04675604 -0.66088662]
[ 1.          1.1296992   0.02574528 -1.28554818  0.75516288 -0.15764247
 -0.99571329 -0.11225988  0.19176635  0.59867264  0.31013628 -0.39442922
 -1.76959456  0.12215179  0.65963936  0.42306729 -0.56701602  1.69095663
 -0.22100103  1.01510527 -0.00782422]
[ 1.         -0.88938781 -1.45993675  0.00150269  0.0565454   0.25488907
 -0.6520537  -0.59878711 -0.84591849  0.65765345  0.23356072  0.10249569
  0.66890621  0.38706942  0.07901438 -1.07212714 -0.4296891   0.34551194
  0.96970221  0.25896287  0.12198375]
[ 1.         -0.91959926  1.12259764 -0.12305561  0.27733426 -0.16786176
  0.3192489  -0.55621764 -1.46270788  1.48380117  0.16406903 -0.18591026
  0.2231638   0.59690867 -0.79213322 -0.23073383 -0.1548409   0.81272115
  0.44330103 -0.31415964  0.67468078]
[ 1.         -0.93151888 -0.77644967 -0.11003967  0.17461252  0.56243337
 -0.28993913 -0.32571084 -0.91890404  1.18667455 -0.23186818 -1.69761585
 -0.10781761 -1.24905373  0.26588357  1.22384606  2.0571974  -0.16560413
 -0.23612676  0.29076766  1.29576836]
[ 1.          1.12193107  0.05093154  2.50156286  1.08462012  1.51387989
  0.08901601 -0.18187001  0.23419038  0.18931052 -0.16461111 -0.22103564
  0.10720941  0.20683031  0.895023    1.08932244 -1.02489611  0.19592875
  0.62580287 -0.58680398 -0.37798805]
[ 1.         -0.89415147 -1.19230958 -0.10606388  0.10582603 -0.01689023
 -0.09253853  0.1534787   0.5128964  -0.87228812  0.15244532  0.92945429
  0.27304353  1.65834752 -1.58249864 -1.71287857 -2.42144489  1.51757206
  1.30753162 -1.64673626  0.70061886]
[ 1.         -0.84590018 -3.92014581  0.28931978 -0.43662827 -0.52008861
  1.56167905  0.09578575  0.88800842 -0.56518624  0.69499672 -0.49060806
 -0.52078223 -1.68798712 -1.20522246  4.46624303  2.93539711 -4.55090512
 -0.85579546  2.74368667  0.50270199]
[ 1.         -0.91415252  1.86995595  0.37619816 -0.26792846  0.01735445
 -0.1671504   0.90001648  0.69335833 -2.23594317  0.81663825  1.71290439
 -0.78748346  0.33154139 -0.47469022  1.88884143  1.37174291 -0.419597
  0.47728695  0.28722489  1.02626425]
[ 1.          1.14540845  0.08223499 -0.36781767 -1.39480126  0.72263178
  0.38180209 -0.63897246  0.12724786  0.23077552  1.34085247  0.44760276
  0.63975634 -1.04544301 -0.24574236 -0.12220017  0.28839839  0.52751631
 -1.18543254  0.30863225 -0.72666702]
[ 1.          1.14377628 -0.11980052 -0.78207338 -0.57809342 -2.72719448
  0.5336587   0.39134929 -1.1150334  -1.61979072  0.65513169 -0.98209819
  0.72891876  0.58662056 -0.42176541 -1.44276631  0.747271   -1.7469624
 -0.34158958 -2.91696294  1.65514965]
[  1.00000000e+00  -8.49744969e-01  -1.44449238e+00   3.50289917e-02
  -4.45648366e-02   2.60108804e-01  -9.92944300e-01  -6.46596001e-01
  -5.68442057e-01  -5.53099627e-01   2.68612594e-01  -7.45712647e-04
   4.57347902e-01  -4.91678778e-01   3.67647705e-01  -7.55449698e-01
   5.47326600e-02   2.73590104e-01  -7.92595745e-01  -5.12584794e-01
  -1.09761521e+00]
[ 1.          1.14636984  0.04901683  3.30900855  6.91206427 -0.67467991
 -0.5588646   0.75264141  0.16807392 -0.46447692 -2.19161074 -1.37660721
 -4.84516327  4.54181492 -1.20098432 -3.01390976  1.52579698 -2.01628065
  0.69489616  2.28413889  1.82958323]
[ 1.         -0.93215261  1.55305758 -0.06425417  0.11793133 -0.19710482
 -1.1927368  -0.66858449  1.41520601 -0.96746199 -0.43247105 -0.83213733
  0.65386748 -0.8507414   1.10009942 -1.23444842 -1.07945453 -0.33704416
 -0.47096503  0.67181024 -0.78452043]
[ 1.          1.09012278  0.05528663  4.02657515 -0.4529337  -1.9515997
 -2.66978657  2.01903442  0.29113885  1.99339938  0.0996712   2.25270169
  2.60854247 -1.78257316  0.86137661 -0.71853807 -0.17908674 -0.59257422
  0.8147271   0.11870268  0.25608832]
[ 1.          0.66047632 -0.11953573  2.48156559  1.1896541  -2.75654178
 -0.45024023  0.99138105 -1.18451504 -0.78700388 -0.0969988   0.40316892
  0.89629134 -0.03051656  2.16717478 -1.23814459  0.35465049 -1.81031568
  4.2207033   2.31241899  0.74836718]
[ 1.          1.11146506  0.11464825  0.27805643  5.00575894  1.680809
  0.94571253  0.5343614  -0.94184618 -1.12731851  1.67174363 -0.41120462
 -0.88058339  0.92005048  1.2719066  -1.44971569 -0.34340559  1.06788764
 -0.67526447  3.7913877   0.94329444]
[ 1.         -0.89805463 -1.32155939 -0.02454507  0.04569339 -0.11869809
  0.72439707 -0.52093338 -0.48957282  0.84624684  0.55065709  0.83649435
  0.97004407  1.90415782 -0.96861811 -0.08571309  1.42924868  1.61458661
  1.48399999 -0.22883826 -0.20747658]
[ 1.          1.15689659  0.19020411  0.25372362 -0.93179224  2.2387344
  0.77176349 -0.80376675  0.42610706  0.12592183 -1.39373123  0.37196371
  0.29968332 -0.27341447 -0.3094221   0.56638737 -0.18627206  0.67775813
 -0.24562383  0.25947193  0.37680623]
[ 1.         -0.93727753  1.35960381 -0.05394909  0.13833881 -0.01339175
  0.30770856 -0.21868876  0.31442778  0.245329    0.05746939  0.38721048
 -0.08859683  0.78465557  0.14884557  0.06346922  0.16827512 -0.27544717
  0.21568997 -0.65440375  1.53896778]
[  1.00000000e+00  -7.81650190e-01  -1.62040936e+00   7.72544802e-02
  -4.97612512e-02  -1.08609066e+00   2.35468411e+00  -1.56936785e-01
   9.41799498e-02   1.72440136e+00   2.18147284e-03   5.51512781e-01
   1.05256100e+00   2.97535778e-01   2.44969613e+00   2.61430479e-01
   2.32905321e+00  -1.56822166e+00  -1.10716596e+00   6.55738063e-01
  -2.49042592e+00]
[ 1.         -0.92825722  0.81284939 -0.00867998 -0.06331538 -0.69349902
  2.48850217  2.29719238  1.40538361  0.22479548 -0.487998   -0.21090124
 -0.6245628  -0.13984081  0.08929205  0.08545371 -0.6407863   1.12122345
 -0.01001671 -0.55980156  1.66465992]
[ 1.          1.15650457  0.06501915 -0.35214921  0.80658849  1.34367283
  0.50974273 -0.0611445   0.58872385  0.31119031  1.68642266  0.18449476
 -0.28575184  0.30158825  0.09845041 -1.49795373  0.40273268 -0.54439897
  0.21454714  2.3271264   0.421854  ]
