Cluster centers 

[-0.85491342 -0.31414991 -0.27982829  1.33178525]
[ 1.31993061 -0.41322134  0.08111789 -0.2572535 ]
[-0.85048323  0.92334362  0.02232759  0.37809383]
[-0.81151516 -1.31498755  0.09640654 -0.264566  ]
[ 0.77731247 -0.367186    2.17423575  0.42976819]
[-0.46781565  0.30660001  1.88369565  0.44127761]
[ 1.25452299 -0.15660832 -1.79956977 -0.02325014]
[ 1.28358817  1.12097983  0.7887585   0.52750141]
[-0.85875232 -1.48038672 -0.76740447 -2.56884468]
[ 1.28693906 -0.25970733  0.51289074  0.26765165]
[-0.83940742  1.5343214  -0.96221    -0.18105115]
[-0.85950053 -0.99034272 -0.56373669  0.58846984]
[ 1.3277954  -0.43892717 -1.25318867 -1.31211029]
[ 1.35117563  0.07792431 -0.44284526  0.71251577]
[ 0.6999763   1.64075525  2.3662724  -1.34675431]
[-0.75892118 -1.18885375  0.53800683  0.21864894]
[ 0.78428563 -0.79762935  2.01904236 -0.17202957]
[-0.55504312  1.44324988  1.65973491 -1.40939122]
[-0.80676467 -1.50831487  0.01295168 -1.45318205]
[-0.73788846  0.27659734 -1.77261888  1.60236437]
[ 1.34863474 -0.32352727 -0.61268575 -0.26659245]
[ 1.04497297  2.12109031 -2.11346636  0.45711086]
[-0.80519147  1.53881898  0.56174094 -1.11770433]
[-0.85771779  0.66951324 -0.50794515  0.94922387]
[-0.6937693  -0.762704    1.01319037  0.86650923]
[-0.8628989   1.8125311  -0.55964952 -1.09581695]
[-0.68699886  0.48075587  1.22283928  0.47953588]
[ 1.08407783  1.43378395  1.6916802  -0.33282196]
[ 1.15352031 -0.30981024  1.24242453  0.34450764]
[-0.80608922 -1.45173726  0.07781008 -0.9693553 ]
[-0.63849067 -1.65549915  0.65414119 -3.15389999]
[-0.86359537  2.22188299 -0.67391013 -2.18800853]
[-0.77609661 -0.93043926  0.51133418  0.74625974]
[-0.84462876 -1.14372028 -1.35861446 -0.27119228]
[ 1.22817941 -0.41957107 -2.17925471 -2.67533895]
[-0.84008427  0.31661761 -0.92392177  1.38800067]
[ 1.3509512   0.57713135 -0.47714698  1.07901299]
[-0.68082761  2.08134034 -1.38098092 -1.07404646]
[-0.84714292  0.12804746 -0.03289805  1.22033704]
[-0.86039763 -1.43624016 -0.66329413 -1.57744843]
[ 1.28031333  0.69632866 -1.36139693  1.24433088]
[ 1.30358341  1.88373541  0.60469608 -0.4371633 ]
[-0.8355074   1.09801175 -1.0055437   0.62397455]
[-0.6622389  -1.63537761  0.67389001 -2.38082101]
[ 1.31118365  0.1286606   0.42453273  0.76011223]
[ 1.09506855  2.07609624  1.63566933 -1.57910508]
[ 1.14571885 -0.24968361 -2.43328145 -0.67755056]
[-0.83630166 -1.12620664 -0.08948848  0.32214058]
[-0.86124884  1.17586601 -0.40757579  0.17898294]
[-0.84262621  0.53831903  0.12082253  0.83887995]
[ 0.23450446 -0.69054481  2.4527173   0.34781129]
[-0.85546719 -0.74929254 -0.8464692   1.01719986]
[ 1.34348923 -0.15376385 -0.16136067  0.33561016]
[ 1.33064248 -0.28828632 -1.15762475 -0.3643146 ]
[-0.60277737 -1.37463647  1.14461022 -0.36619399]
[-0.74399069  1.10716402  0.97489609 -0.39725561]
[-0.85599899  1.4811593  -0.0693698  -0.61869985]
[-0.85694017 -1.35764984 -0.5420109  -0.80840694]
[-0.78868088 -0.31513516  0.56264719  1.15258593]
[ 1.33137009 -0.54047071 -0.21480012 -0.99868444]
[ 1.04338435 -0.08071611  1.69033262  0.58877602]
[ 0.81352326 -1.02118076  1.79979658 -1.02489545]
[ 0.37183839  0.86639967  2.57813843 -0.26681548]
[ 1.33587204  0.60588476  0.2269563   0.94024852]
[-0.84481647 -0.83477407 -0.1491428   0.91168297]
[ 1.17396959  0.19638633 -2.08116456  0.90093756]
[ 1.27013665 -0.317166   -1.78648044 -0.83386778]
[-0.03169778 -1.1973082   2.14155867 -0.25502112]
[-0.59887616  0.92491494  1.56841326 -0.30559369]
[ 1.06650548  0.84520878  1.73712566  0.36789467]
[-0.7766128   0.26398642  0.72337802  0.87422584]
[ 1.34397386 -0.42299586 -0.85939879 -0.86057483]
[-0.85055745  1.86297963  0.06604111 -1.65825283]
[-0.78339643 -0.66000056 -1.7238069   0.99714612]
[-0.75359678  1.94028544  0.88788018 -2.41367057]
[-0.74785757 -1.44485274  0.48852813 -0.74322334]
[ 1.17239387 -0.57773219  1.03911739 -0.26257021]
[ 1.33816123 -0.55749586 -0.92759669 -2.0523033 ]
[ 0.65168363  0.3434367   2.40292021  0.41098974]
[-0.62619114 -0.15904376  1.38723247  0.9141779 ]
[ 1.34497134  1.58973891 -0.28659285  0.48090129]
[-0.85217987 -0.36493492 -0.81761045  1.39686676]
[-0.84575755 -0.98707339 -1.22849546  0.40679788]
[-0.8487255   2.11504986  0.12313246 -2.46149777]
[-0.81101658 -1.5532459  -0.06338477 -2.0672758 ]
[-0.85575715  2.4845742  -0.1705544  -3.53873138]
[-0.85038166 -1.26235678 -1.39232237 -1.03937053]
[-0.56132161 -1.56085311  1.09724085 -1.39473897]
[-0.7886673  -1.56964848 -0.06854933 -4.02990438]
[ 1.30007683 -0.70482372 -0.01189016 -1.91601674]
[ 1.22919853 -0.38440134 -2.0866567  -1.66022249]
[-0.72438407  1.38184565 -1.76723329  0.61321004]
[ 1.33197976 -0.06827424 -1.05014248  0.38218154]
[-0.86013688 -1.18299876 -0.60367526 -0.00238259]
[-0.82512859 -0.51110443  0.20203813  1.17369977]
[-0.49843547 -0.90278603  1.60871713  0.57952121]
[-0.79488057  0.75380155  0.63055229  0.35591244]
[-0.83085193  1.15725409  0.32229915 -0.16977834]
[ 1.25446488 -0.64469936  0.53062452 -0.85287452]
[ 1.22734752  0.2754892   1.05139628  0.76032293]

Populations

0.0113667867463
0.018598751291
0.0130914132008
0.0138691684803
0.00603361942405
0.00265738562511
0.0121464430056
0.0123846201745
0.00364199999211
0.0202441094968
0.011451723932
0.0112216250004
0.0127378623178
0.023582476435
0.0039516957516
0.0119265231736
0.00963408528858
0.0033110964527
0.00642159571007
0.00512984925721
0.0237403794827
0.00210957349359
0.0131901363458
0.0126933480595
0.00712417028786
0.0135121082087
0.00592435760796
0.00767287773397
0.0112754309838
0.0087562408259
0.00253817346306
0.00482785812156
0.0112062892623
0.00518906212686
0.00501914045434
0.0134181914702
0.0190773640494
0.00406470741304
0.0146853747848
0.0065086418831
0.00853751151274
0.00508688188438
0.00956530584743
0.00332126885043
0.02404567437
0.00369597310585
0.00450745684079
0.0136132446872
0.0131304132649
0.0116635612168
0.00572750819458
0.00961524560919
0.0270387989562
0.017244843385
0.00819075038665
0.00925566610955
0.0178511691658
0.0128818041722
0.0097812112562
0.0136809296927
0.0120767039113
0.00658597291524
0.00378346756363
0.0170301482875
0.0151118996721
0.00761298501043
0.0112730991487
0.00666042141702
0.00508220574927
0.0115040831163
0.0100335130051
0.0157944336601
0.0102736528934
0.00516268431851
0.00369265727098
0.00883441606534
0.0122631764866
0.0077242204054
0.00514103411159
0.00643462642901
0.00686012195243
0.011246302954
0.00866456677681
0.0042488044776
0.00640852619338
0.00119007629314
0.00305353459546
0.00837277614958
0.00154184297709
0.00566220624171
0.00631551382377
0.00392127167848
0.0265244236602
0.0126461071729
0.0110016029816
0.00675552111137
0.0121256544474
0.0146814394905
0.0100942483751
0.0222385818875

State labels

0
1
2
3
4
5
6
7
8
9
10
11
12
13
14
15
16
17
18
19
20
21
22
23
24
25
26
27
28
29
30
31
32
33
34
35
36
37
38
39
40
41
42
43
44
45
46
47
48
49
50
51
52
53
54
55
56
57
58
59
60
61
62
63
64
65
66
67
68
69
70
71
72
73
74
75
76
77
78
79
80
81
82
83
84
85
86
87
88
89
90
91
92
93
94
95
96
97
98
99

Eigen values

1.0
0.952084003342
0.248985139585
0.168190946886
0.147656226751
0.142460269344
0.138579261563
0.136833875607
0.129526346778
0.126831880982
0.12458855272
0.119391804807
0.117588693842
0.111619262718
0.109738203328
0.103251263663
0.101514368719
0.0993010411803
0.0945227462566
0.0916220871216
0.0899373113249

Left eigenvectors

[ 0.01136679  0.01118078 -0.0053583   0.00551807 -0.02118526  0.01868472
  0.00123173 -0.00912543  0.01480666  0.0097431  -0.01104532 -0.01915448
  0.00234859 -0.00172746 -0.00483304  0.00486119 -0.00115728  0.00483334
 -0.00418161 -0.00414754 -0.01782191]
[ 0.01859875 -0.01957959  0.00229494 -0.01205364 -0.02971132 -0.01218935
  0.00739374  0.01779589 -0.00103171 -0.02366407 -0.02135145  0.01294957
 -0.00134812  0.01114578 -0.03079808 -0.01623017 -0.00784401 -0.00411819
  0.04109667 -0.04231232 -0.01695546]
[  1.30914132e-02   1.33482070e-02   9.79520182e-03   5.78417194e-04
  -1.64144319e-03   9.03406853e-04   5.29170069e-03  -8.25257386e-03
  -8.19374064e-04  -3.86683410e-03   3.41111038e-03   1.39173690e-03
  -1.10397938e-03  -3.28965497e-03   7.62976560e-03   9.02503101e-05
   1.03803041e-02  -6.39320539e-03   1.96544272e-02   1.00257918e-02
   9.29983005e-03]
[ 0.01386917  0.01335363 -0.01658083  0.00292254 -0.00704475  0.00155135
  0.01274882 -0.00549887  0.00330005  0.00409286 -0.00283466  0.01353053
  0.00379928  0.00298054  0.01090924 -0.01444827 -0.01034871 -0.00435486
 -0.01590019 -0.00610349 -0.00537605]
[ 0.00603362 -0.00536377 -0.00077941 -0.00203464 -0.00295942  0.00293436
 -0.02478509 -0.00850865  0.02214473  0.00404805 -0.00384579  0.01696996
 -0.00464039  0.01517449 -0.00744257  0.00880972 -0.00399493 -0.007697
  0.00227527 -0.00106755  0.00863642]
[ 0.00265739  0.00248523  0.00495061  0.00016013 -0.00289318 -0.00099271
 -0.00147718  0.00155914 -0.00152292 -0.00309468  0.00704763  0.00529509
  0.0049288  -0.00064225 -0.00221426  0.00026001  0.00194457 -0.00118404
  0.00552101 -0.00157939  0.00753519]
[ 0.01214644 -0.01310497  0.00073617  0.01446627  0.0116221  -0.01102651
  0.0029568  -0.00319656  0.01571581  0.02962716  0.03537165 -0.01255069
  0.00184588  0.00186977  0.01182641 -0.00401056 -0.00324538  0.01703301
  0.01073327 -0.01005386  0.00591994]
[ 0.01238462 -0.01312174  0.00144533 -0.01850675 -0.02001736 -0.0316148
 -0.00979752 -0.00634288 -0.0015588   0.02141098  0.0039116  -0.01389582
  0.00380509  0.00024946 -0.00046316 -0.01554739  0.01816527  0.00528832
 -0.00992331  0.01259195  0.0071159 ]
[  3.64199999e-03   3.50818352e-03  -8.53599811e-03   2.39877172e-07
   5.66429126e-03  -3.19493817e-03  -8.97138116e-03   1.53476773e-02
   2.30519946e-03   9.21009509e-04  -8.31147830e-04   4.92329155e-03
   4.38813078e-03  -1.56588424e-02  -7.42892562e-04   9.98416225e-04
   3.06053348e-03  -1.48580282e-04   4.56921127e-03   2.72159766e-03
  -5.20832358e-05]
[ 0.02024411 -0.02069469  0.00057338  0.0059485   0.01699483  0.02974657
  0.00365876  0.01195141  0.01161457 -0.00800516  0.0030199   0.00275644
 -0.00112779  0.00181245  0.01554586  0.01432842 -0.01801906  0.02165803
  0.00737221 -0.01102126  0.01573022]
[ 0.01145172  0.01163497  0.01446434 -0.00224216  0.01070191 -0.00669938
  0.00029941  0.00154681 -0.00192502  0.00280217 -0.0144265  -0.0043299
 -0.0207132   0.01183563  0.01065465  0.00432962 -0.0021757   0.00903317
 -0.00793473 -0.0010154  -0.02701776]
[ 0.01122163  0.01078151 -0.01666924 -0.00384456  0.0101239  -0.01039581
 -0.00332495  0.00730394 -0.00809019  0.00503296 -0.00188794  0.02282878
 -0.01153259 -0.01543938 -0.00233311  0.01199318  0.01143723  0.01681157
  0.00366375  0.00091543 -0.01454929]
[ 0.01273786 -0.0135842   0.00048725  0.02327033  0.00344941 -0.01132198
 -0.01160535 -0.00692204  0.01324085  0.01576898  0.01435824  0.00162353
 -0.00096209  0.00983198  0.000815    0.00029019 -0.00637927  0.00897484
  0.01241206 -0.00708434  0.01376228]
[ 0.02358248 -0.02542047  0.0035161  -0.00716734 -0.02834947 -0.02469517
  0.0164789   0.01921802 -0.00713708 -0.00161299 -0.00258528 -0.01082219
  0.00455505 -0.00205088  0.01426745 -0.00147327 -0.00179935  0.01335764
 -0.00054354  0.01279745  0.0026092 ]
[ 0.0039517  -0.00320113  0.00036406 -0.00838895  0.01154502  0.01111226
 -0.00235032 -0.00276846 -0.00692713 -0.00161701  0.00424779 -0.01145065
  0.00082882 -0.00482193  0.00417805 -0.00365002  0.00496217  0.00870962
 -0.00449825  0.00110338  0.00321329]
[ 0.01192652  0.01123052 -0.01131194  0.00404324  0.00540529  0.00431335
 -0.00143521  0.02146473  0.01022184  0.01506822 -0.01140987  0.01108712
  0.01096029  0.00110238  0.0072867  -0.03056775 -0.02581387 -0.02114519
 -0.01524134  0.00574495  0.00959984]
[ 0.00963409 -0.008733   -0.00266275 -0.00083506 -0.00173402  0.01205532
 -0.01690922 -0.00170169  0.0221315   0.00230813 -0.00826109  0.00714833
 -0.00463012  0.00659079  0.00649328  0.01409726 -0.00692402  0.01330553
 -0.00075374 -0.00352849  0.01384336]
[ 0.0033111   0.00314389  0.0043316   0.00018928 -0.0033455  -0.00012234
  0.00243543 -0.00058592  0.00159013 -0.00323102  0.00241416  0.00523277
  0.00910189 -0.0024846  -0.00483889 -0.00306764 -0.0003695   0.00159164
 -0.00518786 -0.00739157  0.00440604]
[ 0.0064216   0.00607262 -0.00954032 -0.00143447  0.01310595 -0.01165028
  0.00368836 -0.00122062  0.00857703 -0.0091339  -0.00070357 -0.00191079
  0.0165223   0.00322957 -0.01391005 -0.0047654  -0.01808639 -0.00070782
 -0.00731576  0.00904537 -0.00972813]
[ 0.00512985  0.00520105 -0.00058039 -0.00069452 -0.00071887 -0.00291163
 -0.00311833 -0.0025127  -0.00266501 -0.00884317  0.00692479 -0.00056449
  0.00407484  0.00152726  0.00572495  0.00089696  0.00747944 -0.00398282
  0.00280684 -0.00368251  0.00735743]
[ 0.02374038 -0.02474391  0.00058871  0.00039928  0.00565104  0.00256649
  0.01436762  0.0004141  -0.01558837 -0.00024426  0.01577103 -0.0190299
 -0.00376847 -0.02153234  0.00561314 -0.02373165 -0.01052237  0.01196987
  0.01851962 -0.02736102 -0.02592757]
[  2.10957349e-03  -2.30110144e-03   4.35750045e-04  -1.41661460e-02
   4.73747277e-05   5.98342447e-03   1.12795867e-02   9.65511568e-03
   8.67879259e-03  -5.12151717e-03   1.00006905e-02  -3.22110769e-03
  -8.20656399e-03  -2.35415038e-03  -2.91266161e-04   2.55604761e-03
   1.86683951e-04  -2.79093042e-03  -4.21974951e-03   2.38979333e-03
  -3.54915776e-04]
[  1.31901363e-02   1.33782586e-02   2.44337001e-02  -1.32361995e-03
  -4.39092988e-03   2.55083404e-03   8.26993057e-03  -1.42146881e-02
  -7.86333013e-03  -4.45018896e-05   8.14712321e-03   8.09807580e-03
  -1.01739637e-02  -1.54259730e-03   1.25625203e-03   8.47233994e-03
   1.23940342e-02   7.29861745e-03   7.72960710e-03  -6.45277559e-03
   1.21695754e-02]
[  1.26933481e-02   1.25551575e-02   1.33667968e-02  -3.62725499e-04
   5.51547960e-03  -5.31527846e-03   1.38831463e-03   3.84707634e-04
   3.12740333e-05   7.07865876e-03  -1.31605604e-02  -6.14921640e-03
  -1.32482850e-02   1.98987948e-03   1.08726461e-02   3.78618819e-03
   8.23172934e-03   2.13580980e-03   1.23381543e-02   6.53120116e-03
  -1.30971444e-03]
[ 0.00712417  0.0069187  -0.00772455  0.00246071 -0.00383524  0.00351186
  0.01007655 -0.0021709  -0.00176535  0.00614834 -0.00374142  0.01008256
 -0.00402785  0.00265331  0.02194882 -0.01229158  0.01667351 -0.01410897
 -0.00289707 -0.01542125  0.01034798]
[ 0.01351211  0.01332532  0.0329252  -0.00482427 -0.00277219 -0.00431109
 -0.00910282 -0.00031248 -0.00754823 -0.00986647  0.02258245  0.03176727
 -0.0009102  -0.00504905  0.00094768  0.00267489 -0.00363413  0.0171185
 -0.02233892 -0.01614629 -0.00834762]
[ 0.00592436  0.00573218 -0.00219955 -0.00090408 -0.00598795  0.00904289
 -0.01013097  0.00698346 -0.00909732  0.00541711  0.00078047 -0.0053957
 -0.00940367  0.00134362  0.0070853   0.00309663  0.01276195  0.0014561
 -0.00299551 -0.00731626 -0.00760028]
[  7.67287773e-03  -7.99449091e-03  -1.03018540e-04  -2.54526903e-02
   1.03695175e-06   1.04597728e-02  -6.96724045e-03  -5.20958761e-03
  -1.13944197e-02  -5.53181499e-04  -1.34232690e-02  -1.27439953e-03
   9.66879662e-03  -2.59865054e-03   1.16980344e-02   1.03024571e-02
  -4.63164383e-03   5.00615750e-03  -4.59654539e-03   3.61506382e-03
   1.07316142e-02]
[  1.12754310e-02  -1.18410653e-02   1.05276505e-06   1.87944930e-02
   9.77854949e-04   2.13722624e-04   1.45571045e-04  -2.40200805e-03
   4.42320439e-03  -1.44054002e-02   5.78246012e-03  -2.81463899e-03
  -2.73830194e-02  -1.68625681e-02  -9.87091400e-03  -2.59764017e-03
  -6.62333640e-03  -1.30315570e-02  -8.22923476e-03   4.96072641e-03
   1.22568311e-02]
[ 0.00875624  0.00879615 -0.01755164  0.00157273 -0.00724215  0.00284522
 -0.00109559 -0.00407432 -0.00050189 -0.01080095  0.01124938 -0.00364927
  0.00059951  0.0095281   0.02077855 -0.00699132  0.00505803 -0.0149341
  0.00463029 -0.00510213 -0.00103565]
[  2.53817346e-03   2.40618413e-03  -7.13921467e-03  -3.63894462e-05
   3.46019708e-03  -2.22788932e-03   1.07734856e-03   8.10915021e-03
  -5.16684434e-04   8.37393680e-03  -5.30593351e-03   1.05594255e-02
  -5.41455457e-03  -1.58624363e-02  -2.55715498e-03   6.82059768e-03
   8.61464990e-03   4.67562565e-03   9.34292543e-03   3.62511480e-03
  -3.45423010e-03]
[ 0.00482786  0.00466164  0.00823091 -0.00240654  0.00365871  0.00072328
 -0.01391728  0.00370297 -0.00297525 -0.00585863  0.00042658 -0.01656539
 -0.0045036   0.00656086  0.00115931  0.00444272  0.00011935  0.00206998
  0.00018431 -0.00175148 -0.00453895]
[ 0.01120629  0.01094768 -0.013163   -0.00076945  0.00072374 -0.00114126
  0.00740073 -0.00750708 -0.003069   -0.006409    0.00628482 -0.01123602
  0.00737735  0.00443413 -0.01639742  0.01307315  0.00726202  0.00724975
  0.00455997  0.00110556  0.00860289]
[ 0.00518906  0.004902   -0.01054239 -0.00207591  0.00958718 -0.00581869
 -0.00375901  0.00573137 -0.00473497 -0.00662775  0.00181433 -0.00307779
  0.00511047  0.0052537  -0.00781119  0.00181664 -0.00594144  0.0123236
 -0.00785415  0.00192256 -0.00657912]
[ 0.00501914 -0.00543316  0.00067482  0.01496106  0.00702189  0.01160551
  0.00102736  0.00230706 -0.0013853  -0.01729544 -0.0047907   0.00122156
 -0.00827789 -0.00025612 -0.00966764 -0.01588908  0.01807323  0.00231231
 -0.00825592  0.01011971 -0.00113347]
[ 0.01341819  0.01306109  0.0087631  -0.00586457  0.0189555  -0.00998781
 -0.02326961  0.01978325 -0.0021879  -0.00505825 -0.00847953 -0.01545338
 -0.0107972   0.00411514  0.01465577  0.00034548  0.00130577 -0.01203279
 -0.00047993 -0.00634138 -0.01521382]
[ 0.01907736 -0.02001881 -0.00084681 -0.00198419  0.02155818  0.00289148
  0.00989161 -0.0055328   0.00561454  0.01207082  0.02841037 -0.00479378
 -0.01243972 -0.01973035 -0.01373905  0.01653132 -0.00095195 -0.03511512
 -0.00814936 -0.01825643 -0.03470244]
[ 0.00406471  0.00390779  0.00230206  0.00155675 -0.00993427  0.00954787
  0.00483672 -0.00580663 -0.0042203   0.00471848  0.00273523 -0.00232392
 -0.00318209  0.00503532 -0.00899447  0.00214061 -0.00020997  0.00251646
  0.01013868  0.00829141 -0.00500669]
[ 0.01468537  0.01431385  0.00368374  0.00033358  0.00752628 -0.00269481
  0.00856539 -0.01111192  0.00275071  0.00393123 -0.01157477 -0.0059085
 -0.01659372  0.01279902  0.00660289 -0.00512714 -0.01000968 -0.01355244
  0.02491368  0.02709923 -0.00442452]
[ 0.00650864  0.00615526 -0.00843604 -0.0019963  -0.00141712 -0.00498294
 -0.01388998 -0.00400634  0.00432094 -0.01953414  0.01335461 -0.00235371
  0.00486488 -0.00047166  0.00769831  0.00403376  0.00250124  0.00136476
  0.01965527  0.01557562 -0.00978605]
[ 0.00853751 -0.00909223  0.0002801   0.00660984 -0.00331237  0.00926899
 -0.00171176  0.00068269 -0.00220975 -0.02138698 -0.011947    0.00316816
 -0.01711435 -0.01132565 -0.00173159  0.00309698 -0.01323719 -0.00374831
 -0.00709071  0.00755357  0.02191225]
[ 0.00508688 -0.00512793 -0.00073884 -0.00782462 -0.00837644 -0.006735
 -0.00931551 -0.00702268 -0.00333644 -0.00038149 -0.00805305  0.00115992
 -0.00525707 -0.0059695  -0.00673552 -0.00084437 -0.00791506 -0.0077974
  0.00179293 -0.00347439  0.00693514]
[ 0.00956531  0.0099295   0.01327655  0.00018465  0.00368181 -0.00746512
  0.01409278 -0.00735626 -0.0001525   0.00017285 -0.00346882  0.00462713
 -0.00578382  0.00720674 -0.0056461   0.00373864  0.00035893  0.01233199
 -0.01211261 -0.01532901  0.01279145]
[  3.32126885e-03   2.99153983e-03  -5.38308294e-03   3.34277561e-03
  -9.69212328e-03   6.19722393e-03   2.01674901e-03  -7.17989785e-03
   5.53650798e-03  -2.17700228e-03   1.74430696e-03  -1.57402129e-03
   6.73321167e-03  -4.20454507e-03   2.40713657e-03   3.82856260e-03
   4.64150496e-03  -2.54268750e-03  -7.67415845e-05  -3.94498313e-03
   1.89673807e-04]
[ 0.02404567 -0.02492711  0.00103485  0.03194499  0.02059234  0.02202198
  0.00562591 -0.00048758 -0.00662805 -0.01612778  0.005314   -0.00193743
 -0.01179434 -0.00542508 -0.00610405 -0.02072145  0.00853769 -0.00100694
 -0.00274347  0.00741086 -0.0074048 ]
[ 0.00369597 -0.0039109  -0.00014087 -0.00919533 -0.00027301  0.00304299
  0.00339722  0.00648982  0.01440781  0.00178908  0.00569791  0.00069369
 -0.0022518   0.00448721 -0.00032029 -0.00607984 -0.00070269  0.00639697
  0.00551379 -0.00301625 -0.00192751]
[  4.50745684e-03  -4.86307956e-03   9.06376524e-05  -3.53589195e-03
   3.96259913e-03   6.77087072e-03  -2.69300264e-04   3.05987527e-03
   1.29427391e-02  -3.74480501e-03   1.29188563e-03   1.12607858e-02
  -2.42801753e-03   1.31759592e-02  -1.47584634e-02   1.75622356e-03
   1.22565198e-02  -1.19979016e-02   2.42468510e-04  -1.90151470e-03
  -1.02000406e-02]
[  1.36132447e-02   1.33344601e-02  -1.79058069e-02   4.89334711e-03
  -4.77326292e-03   7.78876661e-03   6.48151915e-06   1.40872907e-02
   4.32390552e-03   5.52506458e-03  -9.53581025e-03  -2.45828928e-02
   1.04012611e-02  -3.86481056e-03  -1.45595878e-02   1.39796575e-02
   9.07548179e-03   1.90796006e-03  -8.86949486e-03  -1.99318543e-02
   1.88126338e-03]
[ 0.01313041  0.01319844  0.02567445  0.00026236 -0.00438755 -0.00152671
  0.01017297 -0.01302084  0.00757211 -0.00223794  0.00560726  0.01823583
  0.01053386 -0.01766769 -0.01247329  0.0052105  -0.00283562  0.0133638
  0.01373775  0.02128826 -0.00625284]
[ 0.01166356  0.01194399  0.00601024 -0.0017349   0.0076323  -0.00951865
 -0.00172734 -0.00023463 -0.00188513 -0.013136    0.00712612 -0.00978058
  0.01000292  0.01400714 -0.01206124 -0.00017371 -0.01449883 -0.00178311
 -0.00774946  0.00172341 -0.00355113]
[  5.72750819e-03  -1.56903229e-03  -5.38232097e-03   3.42323835e-03
   1.87657025e-03   1.09601582e-03  -8.61222144e-03   2.15598181e-03
   1.85363528e-02   5.22183979e-05  -4.08132455e-03  -3.26481675e-03
  -6.47856315e-03  -7.14941290e-03   3.70012979e-03  -7.39541025e-03
  -1.02665858e-02   9.38340093e-03  -2.23818721e-03   3.58117560e-03
  -1.49662680e-03]
[ 0.00961525  0.00975068 -0.0050907  -0.00018346 -0.00140859  0.00057069
  0.00739208  0.00013407 -0.01449674  0.00401471  0.00861124  0.00584272
 -0.0107889   0.02207858 -0.00110763 -0.00318466 -0.00141984  0.00047167
  0.00056086 -0.0075795   0.01350594]
[ 0.0270388  -0.02878164  0.00470582  0.02694443 -0.00773399 -0.02216371
  0.01182667  0.01079702 -0.01890865  0.02226952 -0.00421628  0.00660002
  0.04324178  0.03403989  0.02002656  0.03043703  0.04075604 -0.01031934
 -0.02633447  0.03749034 -0.03098992]
[ 0.01724484 -0.01847372  0.00143442 -0.00464963 -0.01899307 -0.01695221
  0.00038459  0.01151279  0.00760823 -0.00119918 -0.0018057  -0.00572599
  0.00183381  0.00647362 -0.00204097 -0.03373962  0.00613481  0.02407955
  0.02054988 -0.00605154 -0.00623609]
[ 0.00819075  0.00757802 -0.01447946  0.00207782 -0.00661274  0.00559311
 -0.0052221   0.00257836 -0.00597602 -0.00029731  0.00507822 -0.00355532
 -0.00338203  0.00628588 -0.00603112 -0.00257775 -0.00907236  0.0041994
 -0.00306837  0.00876842 -0.00316067]
[ 0.00925567  0.00922531  0.01456443  0.00185043  0.00317806  0.00092939
  0.00557617 -0.00399387  0.01541252  0.00215358 -0.01700314 -0.01219376
  0.00585965 -0.01375103  0.00161199  0.00388574  0.0086852  -0.00313275
  0.01371852  0.01008912  0.00203251]
[ 0.01785117  0.01788825  0.01909077 -0.00392481  0.00680992 -0.00091412
 -0.01442397  0.01725313 -0.0237823   0.00114495  0.02006859 -0.00051534
  0.00093043 -0.00089994 -0.02463754  0.01057026  0.01159699  0.0037606
  0.00909882 -0.00813146  0.02793728]
[ 0.0128818   0.01248178 -0.01876775  0.00251149 -0.01539479  0.00152211
  0.0092635  -0.02069008  0.00905837 -0.00525081 -0.00504816 -0.00848504
 -0.00180587 -0.00780496  0.00070851  0.0112567   0.01308255  0.01736669
 -0.02301334 -0.02461919 -0.0066357 ]
[  9.78121126e-03   9.47902314e-03   2.01586573e-03   5.55348383e-03
  -2.51076626e-02   2.49416272e-02   7.00882611e-03  -9.34249029e-03
  -7.15457835e-06   1.75730260e-02   3.90251708e-03  -2.71624130e-03
   1.78942231e-03  -4.12926725e-03  -1.08574242e-02  -1.97351177e-04
  -7.17120584e-03  -8.97302798e-04   9.71174204e-03   9.75992871e-03
  -7.83881057e-03]
[ 0.01368093 -0.01444203  0.00081649  0.00785398 -0.00681312 -0.01560821
 -0.01298138 -0.00107921  0.01290772  0.01689305  0.00426324  0.0003219
  0.0027789   0.00628368  0.01154748  0.01912719 -0.00045299 -0.00010496
 -0.01966296  0.02390074  0.01709351]
[ 0.0120767  -0.01216153 -0.00071167 -0.00876616  0.015678    0.0204943
  0.01327585 -0.00405488 -0.02190025  0.00289975 -0.0074748  -0.0008406
  0.02052698 -0.00721466  0.02301772 -0.00118195 -0.02457626  0.01338712
  0.0161284  -0.0056604   0.00127327]
[ 0.00658597 -0.00545735 -0.00258209 -0.00779949 -0.00451932 -0.01141851
 -0.0084135  -0.02002438 -0.01024642  0.00241088 -0.00165394 -0.00414144
 -0.01181531 -0.01866202 -0.0101419  -0.00613036 -0.00048228 -0.01417754
 -0.0108162  -0.00140935  0.00286291]
[ 0.00378347 -0.00151126 -0.00071567 -0.00347235  0.00726799  0.00778278
  0.00486551 -0.00875434 -0.00347773  0.00025864  0.00630976 -0.00267561
 -0.00461342 -0.00517837  0.0025741   0.00090503 -0.00548669 -0.00335458
  0.00302623  0.00540332  0.01060979]
[ 0.01703015 -0.01787168  0.00154463  0.0016653   0.00735709  0.02073464
 -0.00270622 -0.00617048 -0.01287047 -0.02003911 -0.02239184  0.00867601
  0.00680026  0.00773677 -0.01390703 -0.01459464  0.03335058 -0.00253061
 -0.01727585  0.0224709  -0.00050418]
[ 0.0151119   0.01498347 -0.02034699  0.00062214  0.0089577  -0.00711275
  0.00968387  0.0129701  -0.00736906  0.01514261 -0.01332509 -0.00213872
 -0.01224729  0.00880716 -0.01608608  0.00203225 -0.00662708  0.00801935
 -0.00698655 -0.00338042  0.01841118]
[ 0.00761299 -0.00820886  0.00084645  0.0346321   0.00404817  0.00056149
  0.00866397  0.00858168  0.0021172  -0.00794022  0.00756761  0.00119888
 -0.00271619  0.00308792  0.00447869  0.01705583 -0.00114077 -0.00166614
 -0.0008189  -0.00045503 -0.00062503]
[ 0.0112731  -0.01200001  0.00053851 -0.0124559  -0.00826421 -0.00031486
  0.00439255 -0.00099461 -0.02256286 -0.00501004 -0.01890388  0.00338931
  0.01201211 -0.00281798  0.00945059  0.0126648  -0.01277865 -0.00745997
  0.00106135  0.00203928  0.00287933]
[ 0.00666042  0.00039546 -0.0033328  -0.00787957 -0.00973131  0.00524107
 -0.02410324 -0.00949961  0.00382999 -0.00479798 -0.00629063  0.00228658
 -0.01247168 -0.00730278  0.00769928  0.01041183 -0.00389291  0.00303859
  0.00016173  0.00032689 -0.00585654]
[ 0.00508221  0.00468149  0.0052995   0.00367294 -0.00943021  0.01443746
 -0.00045673  0.00710878 -0.00272148  0.0180185  -0.00353276  0.00380428
 -0.00700228 -0.00077489  0.00303431 -0.004781   -0.00077605 -0.00641719
  0.00244828  0.005784   -0.00760149]
[  1.15040831e-02  -1.12120269e-02  -2.33335506e-03  -8.77953351e-03
   2.94515051e-02   1.85141471e-02  -6.52218837e-03  -1.89964917e-02
  -7.66884657e-03   1.24418047e-02   6.78451784e-05   6.82372944e-03
   1.67230655e-02   2.19249264e-03  -2.04768636e-03  -1.25660214e-03
   8.18310633e-03  -2.95810315e-03   1.82789184e-03  -9.40006486e-03
  -1.64720521e-03]
[  1.00335130e-02   1.01416505e-02   9.05150796e-03   1.17888193e-03
  -8.31356962e-03   1.25670473e-02  -1.17985647e-02   9.50805399e-03
  -9.82449239e-03   5.05582312e-03   1.01990907e-02  -5.26946311e-03
   3.71530053e-03   1.06993689e-04  -7.27304574e-03  -2.43287977e-03
  -9.70581907e-03  -1.80027436e-03  -7.55834960e-03   7.84416984e-03
   4.17956273e-05]
[ 0.01579443 -0.01683554  0.00078619  0.01069884 -0.01035897 -0.0208253
  0.00655393 -0.00248292 -0.02503322  0.00091422 -0.00249223 -0.00476826
 -0.00066425 -0.01880667 -0.00036136  0.0220626  -0.02720448 -0.0314035
 -0.00086821 -0.01230412 -0.02124053]
[ 0.01027365  0.01024089  0.01485024 -0.00308747  0.01210432 -0.00881029
  0.00031491 -0.00785385  0.00537136 -0.01266215 -0.00346792 -0.02029082
 -0.00056797  0.01189533  0.00043026  0.00388656 -0.00437229 -0.01008572
  0.01489365  0.00830564  0.00147402]
[ 0.00516268  0.00501954  0.00448643 -0.0017617  -0.00250005 -0.00418625
 -0.00238907 -0.0100942   0.00123128 -0.00920392  0.00531292  0.00872847
 -0.00299053 -0.004166    0.00681009 -0.00020087 -0.00441144  0.01170153
 -0.01383154 -0.00125996 -0.01037637]
[ 0.00369266  0.00384295  0.00325963  0.00047545  0.00181666  0.00056319
  0.00043085  0.00280829 -0.00237598  0.00247586 -0.00350434 -0.01006712
 -0.00421718  0.00990396  0.00108508 -0.00171713 -0.00019376 -0.0066079
 -0.00040313 -0.00273333  0.00241074]
[ 0.00883442  0.00846925 -0.01084824  0.00421652 -0.01399961  0.01094057
  0.00432486 -0.01154143  0.01343665 -0.0051308  -0.00044557 -0.01445475
  0.01478555 -0.00197138 -0.00548429  0.00016308 -0.00499478  0.00403633
 -0.01075192 -0.0029382  -0.00391985]
[ 0.01226318 -0.01187142 -0.0004325  -0.00974883 -0.00671674  0.00711636
  0.00125984  0.00673099 -0.00369209 -0.00643278 -0.01886636  0.01073037
  0.01072167  0.01509334  0.00566425  0.00397811  0.00664484  0.00831643
 -0.00351646  0.0078633   0.00559784]
[ 0.00772422 -0.0081585  -0.00054698  0.00184934  0.0110392   0.0019659
 -0.00220394 -0.00931115  0.00185588  0.01225419  0.01046594 -0.00595565
 -0.00046835 -0.00625166  0.00298519 -0.00041026  0.00028519 -0.00273902
 -0.00897781  0.00545241  0.00021901]
[ 0.00514103 -0.00395069 -0.00331717 -0.01098971  0.01099312 -0.00427544
 -0.00162342 -0.00997887  0.0019068   0.00958872  0.00332878  0.00517209
  0.00090444  0.00324176 -0.01444415  0.00323339  0.00039152 -0.01558752
  0.00167286 -0.0036772  -0.00228826]
[  6.43462643e-03   5.86126024e-03   2.47578721e-04  -5.60469716e-04
   6.85611963e-03  -3.20866920e-03   9.83057147e-04  -2.41969708e-04
   7.00945878e-03   5.11011411e-03  -1.15528899e-02   1.29897829e-03
  -1.14975096e-02  -7.06172310e-04   5.96574714e-03   3.53789755e-03
   1.70488903e-03   2.79029943e-03   1.10901147e-05  -5.92786590e-03
  -1.73418069e-03]
[ 0.00686012 -0.00711989  0.00112914 -0.03377333 -0.00843495  0.0014572
  0.0214818   0.01838818  0.01386716 -0.00326239  0.0132965  -0.00159757
 -0.00596166  0.00333703  0.00324311  0.01082767  0.00377725 -0.00591323
 -0.01012159  0.01254699  0.00378441]
[ 0.0112463   0.01142975 -0.00318462  0.00027916 -0.00791787  0.00630849
 -0.01479555  0.01730421 -0.02239261  0.00357912  0.01914376  0.00925724
 -0.00528145  0.01447641 -0.00040409 -0.00795972 -0.0038125  -0.0066846
 -0.00442962 -0.00410062  0.00567268]
[ 0.00866457  0.00839638 -0.01476137 -0.00113586  0.00654535 -0.00687394
  0.01357131 -0.00597032 -0.0068082   0.00630384 -0.00461655 -0.00288394
 -0.0085935   0.00747275 -0.01507171  0.00682534  0.00385369  0.00229088
  0.00740804  0.00537439  0.01932182]
[  4.24880448e-03   4.39511887e-03   1.01636967e-02   8.15531643e-04
   2.69610359e-03  -4.60144512e-03   1.01798734e-02  -8.68826435e-03
   9.62249376e-03  -1.41795282e-03  -8.38817398e-03   1.59306204e-03
   3.67102456e-03  -2.23988641e-03   5.04565588e-03  -3.88165713e-03
   5.54498807e-05  -6.38557544e-03   3.24374192e-03   3.41900018e-03
  -1.89428792e-03]
[ 0.00640853  0.00599608 -0.01221796 -0.00074195  0.00017292 -0.00289648
  0.00889091 -0.01060357 -0.00184873 -0.00160562  0.00421936  0.00602686
 -0.00598223  0.00665494  0.00894986 -0.0094588  -0.00232402 -0.01025972
  0.00173937 -0.00026904  0.00467334]
[ 0.00119008  0.00123083  0.00439523  0.00107299 -0.0045641   0.00576617
 -0.00217824  0.0039656  -0.00321318  0.0062138   0.00377166  0.00494095
  0.00064793 -0.00150124 -0.00284046 -0.00375355 -0.00481974 -0.00152915
 -0.00206618  0.00452491 -0.00226035]
[ 0.00305353  0.00313683 -0.00418344  0.00120789 -0.00115865  0.0014194
 -0.00447887  0.00756323  0.0022395  -0.00209906  0.00372429 -0.00304708
  0.01094855 -0.00787335 -0.000178   -0.00194088  0.0022815  -0.00950862
  0.00802843  0.00390389  0.00533785]
[ 0.00837278  0.00727708 -0.0152601  -0.0014607   0.00901192 -0.00715409
  0.00601767 -0.00073893 -0.00807701  0.00480974 -0.00371343  0.0085111
 -0.00959173  0.00877894 -0.00791932 -0.00313754 -0.02011174  0.0167786
 -0.00126067  0.02027295 -0.00758079]
[ 0.00154184  0.00146513 -0.00472287 -0.00110427 -0.00298882 -0.00066642
 -0.00603766 -0.00254263 -0.00085922 -0.00844298  0.00761857  0.00445249
 -0.00110381  0.00248026  0.0106042  -0.00250412 -0.00103867 -0.0029828
  0.00298139  0.00290421 -0.00498799]
[ 0.00566221 -0.00610591  0.00097623  0.01384664 -0.00852134 -0.00203789
  0.00971962  0.01331772 -0.00248346 -0.01250065 -0.00581958  0.00381585
 -0.00029955  0.00397909  0.00370787  0.02131347 -0.00969997 -0.00281456
  0.00341927 -0.00507235  0.00320436]
[ 0.00631551 -0.00684257  0.00067529  0.00148977 -0.00443913 -0.00457233
 -0.0025486   0.0004572  -0.0015697  -0.00244099 -0.00351714 -0.00493503
 -0.00200829 -0.00230301 -0.0019627  -0.02463781  0.00408735  0.01375044
  0.0049488   0.0011111   0.00317298]
[ 0.00392127  0.00397177  0.00539026  0.00061995  0.0034117   0.00106353
 -0.00537276  0.00974533  0.00244228  0.00491226 -0.00837078 -0.010101
 -0.00432622  0.0007599   0.00529935 -0.00115457  0.0032703  -0.00591048
 -0.00082308 -0.00832892 -0.00011032]
[ 0.02652442 -0.02810143  0.00220825  0.01344869 -0.01741969 -0.02545746
 -0.00977911 -0.00165028  0.00143653  0.00373992  0.00011073 -0.00476863
 -0.00524485 -0.00063588 -0.00486525 -0.00755567  0.0045775   0.00479669
 -0.00109586 -0.00052125  0.01738384]
[ 0.01264611  0.01213581 -0.02522251 -0.00280199  0.00639095 -0.01164507
  0.01315926 -0.00446209  0.00409726 -0.00501332  0.00137531  0.02393627
  0.00058624 -0.01226107  0.01634303 -0.00255155  0.01248459 -0.00098916
  0.00420259 -0.00047752  0.00323408]
[ 0.0110016   0.01061056 -0.00463341  0.00135733  0.00253554  0.00157682
 -0.01286902  0.01690059  0.00476449 -0.00492147  0.00280209 -0.0110687
  0.02608886 -0.02057255 -0.00632986  0.00217768  0.00650115 -0.00675646
 -0.00019956 -0.00337078  0.01370034]
[ 0.00675552  0.00487628 -0.0039971  -0.00183376 -0.00152537 -0.00365204
 -0.0035059  -0.00839166 -0.00300424 -0.00668913  0.00457427 -0.00319228
  0.00757389  0.00243074 -0.00589645  0.00195353  0.00530687 -0.00091841
  0.00153505 -0.0009301  -0.00141686]
[  1.21256544e-02   1.22181558e-02   2.33262619e-02   2.37579760e-03
  -4.32978282e-04   4.61168051e-04  -7.19135746e-04   2.39456684e-03
   8.18406722e-03   8.47405944e-05  -1.65727382e-03   8.47126062e-03
   1.44129887e-02  -1.54916121e-02   3.35802168e-03  -6.98798851e-03
  -4.15164660e-03  -2.30673541e-03  -1.37648617e-02   8.38681538e-04
  -7.19362416e-04]
[ 0.01468144  0.01501193  0.02647303  0.00128633  0.0134611  -0.01328865
  0.00872163  0.00544966  0.01757698 -0.0028007  -0.01427977  0.0089852
  0.01536749 -0.0076788   0.00776943 -0.01571334 -0.00428637 -0.0103319
 -0.01307108 -0.01125376  0.00582564]
[ 0.01009425 -0.01048758  0.00012086 -0.00742056 -0.00342095 -0.00517953
 -0.0016947  -0.00110539 -0.00100619 -0.00153739 -0.00035573 -0.0073814
 -0.00802769 -0.00967613 -0.00347252 -0.01074514  0.00797001 -0.00067066
 -0.00917981  0.00766394 -0.00125266]
[ 0.02223858 -0.02237046 -0.00216324 -0.01544886  0.0218908   0.02039662
 -0.01339857 -0.01165902  0.00215029  0.00841147 -0.01120142  0.02036004
  0.0247952   0.02111527 -0.00850986 -0.00097356  0.00267906 -0.00088413
  0.01649161 -0.01921102 -0.01588197]

Right eigenvectors

[ 1.          0.98363598 -0.47139943  0.48545596 -1.86378598  1.6438
  0.10836197 -0.80281497  1.30262534  0.85715521 -0.97171879 -1.68512682
  0.20661888 -0.15197424 -0.42518931  0.42766613 -0.10181277  0.42521613
 -0.36787946 -0.36488251 -1.56789309]
[ 1.         -1.05273675  0.12339198 -0.64808854 -1.59748983 -0.65538558
  0.39753979  0.95683235 -0.05547199 -1.27234713 -1.14800473  0.69625992
 -0.07248418  0.59927563 -1.65592168 -0.87264828 -0.42174925 -0.2214231
  2.20964676 -2.27500868 -0.91164484]
[ 1.          1.01961543  0.74821577  0.04418295 -0.12538319  0.06900759
  0.40421157 -0.63038067 -0.06258866 -0.29537179  0.2605609   0.10630914
 -0.08432851 -0.25128341  0.58280687  0.00689386  0.79290936 -0.48835105
  1.50132204  0.7658296   0.71037633]
[ 1.          0.96282818 -1.19551735  0.21072207 -0.50794312  0.11185603
  0.91922019 -0.39648131  0.23794111  0.29510525 -0.20438586  0.97558338
  0.27393703  0.21490391  0.78658224 -1.04175495 -0.74616633 -0.31399549
 -1.14644181 -0.44007644 -0.38762599]
[ 1.         -0.88898057 -0.12917785 -0.33721784 -0.49048772  0.48633537
 -4.10783038 -1.41020602  3.67022242  0.67091522 -0.637394    2.81256785
 -0.76908968  2.51498936 -1.23351672  1.46010549 -0.66211252 -1.2756853
  0.3770989  -0.17693396  1.43138217]
[ 1.          0.93521506  1.86296309  0.06025778 -1.08873224 -0.37356717
 -0.55587685  0.58672039 -0.57308829 -1.16455851  2.65209289  1.99259294
  1.8547534  -0.24168608 -0.83324744  0.09784454  0.73175954 -0.445566
  2.0776091  -0.59433911  2.83556563]
[ 1.         -1.07891404  0.06060802  1.19098799  0.95683166 -0.90779769
  0.24342928 -0.26316873  1.29386095  2.43916366  2.91209924 -1.033281
  0.15196894  0.1539356   0.97365237 -0.33018354 -0.26718732  1.40230447
  0.88365539 -0.82772065  0.48738074]
[ 1.         -1.05951923  0.11670359 -1.49433338 -1.61630821 -2.55274717
 -0.79110358 -0.51215764 -0.12586606  1.72883653  0.315843   -1.12202232
  0.30724313  0.02014294 -0.03739778 -1.25537858  1.46676033  0.42700744
 -0.80126111  1.01674058  0.5745758 ]
[  1.00000000e+00   9.63257422e-01  -2.34376665e+00   6.58641331e-05
   1.55526943e+00  -8.77248264e-01  -2.46331169e+00   4.21407944e+00
   6.32948782e-01   2.52885643e-01  -2.28211925e-01   1.35180988e+00
   1.20486842e+00  -4.29951743e+00  -2.03979287e-01   2.74139546e-01
   8.40344176e-01  -4.07963432e-02   1.25458849e+00   7.47281071e-01
  -1.43007238e-02]
[ 1.         -1.02225751  0.02832353  0.29383862  0.83949523  1.46939379
  0.1807323   0.59036489  0.57372596 -0.39543165  0.1491742   0.13615991
 -0.05570961  0.08952967  0.76792035  0.70778198 -0.8900891   1.06984366
  0.36416558 -0.54441812  0.77702712]
[ 1.          1.01600142  1.26307055 -0.19579217  0.9345242  -0.58501066
  0.02614567  0.13507254 -0.16809877  0.24469451 -1.25976679 -0.37810029
 -1.80874086  1.03352417  0.93039689  0.37807577 -0.18998876  0.78880413
 -0.69288523 -0.08866758 -2.3592748 ]
[ 1.          0.96077969 -1.48545712 -0.34260257  0.90217779 -0.92640852
 -0.2962983   0.65088056 -0.7209466   0.44850578 -0.16824165  2.03435591
 -1.02771152 -1.3758593  -0.20791155  1.06875624  1.01921358  1.4981406
  0.32648985  0.08157742 -1.29654024]
[ 1.         -1.06644246  0.03825213  1.8268633   0.27080008 -0.88884447
 -0.91109099 -0.54342209  1.03948724  1.23796148  1.12720932  0.12745724
 -0.07552961  0.77187034  0.06398282  0.02278176 -0.50081191  0.70458014
  0.97442244 -0.55616409  1.08042336]
[ 1.         -1.07793915  0.14909779 -0.30392654 -1.20214132 -1.04718292
  0.69877717  0.81492789 -0.30264351 -0.06839774 -0.10962727 -0.45890829
  0.19315387 -0.08696634  0.60500221 -0.06247306 -0.0763001   0.56642248
 -0.02304848  0.54266768  0.11064164]
[ 1.         -0.81006579  0.09212782 -2.12287223  2.92153538  2.81202431
 -0.59476357 -0.70057435 -1.75295171 -0.4091943   1.07492868 -2.89765442
  0.2097381  -1.22021832  1.05728061 -0.92365873  1.25570566  2.20401996
 -1.138309    0.27921804  0.8131419 ]
[ 1.          0.94164243 -0.94846918  0.33901239  0.45321589  0.36166063
 -0.12033741  1.79974739  0.85706818  1.26342118 -0.95668064  0.92961912
  0.91898467  0.09243129  0.61096576 -2.56300565 -2.16440831 -1.77295507
 -1.27793655  0.48169552  0.80491507]
[ 1.         -0.90646922 -0.27638898 -0.08667808 -0.17998761  1.25131954
 -1.75514546 -0.17663263  2.29720868  0.23957959 -0.85748553  0.74198372
 -0.48059808  0.68411126  0.67398995  1.46326899 -0.71870007  1.38108898
 -0.07823649 -0.36625102  1.43691433]
[ 1.          0.94949986  1.30820662  0.05716548 -1.01039144 -0.03694749
  0.73553722 -0.17695658  0.48024219 -0.9758156   0.72911255  1.58037296
  2.74890423 -0.75038506 -1.46141524 -0.9264716  -0.11159318  0.48069826
 -1.5668103  -2.23236313  1.33068948]
[ 1.          0.94565608 -1.48566262 -0.22338224  2.04091863 -1.81423459
  0.57436807 -0.19007979  1.33565429 -1.42237249 -0.10956251 -0.29755707
  2.57292708  0.50292305 -2.16613533 -0.74208909 -2.81649418 -0.11022549
 -1.13924396  1.40858677 -1.51490818]
[ 1.          1.01387923 -0.11313995 -0.13538705 -0.14013462 -0.56758633
 -0.60787917 -0.48982017 -0.51951088 -1.7238647   1.34990188 -0.11004044
  0.79433842  0.29771981  1.11600788  0.17485055  1.45802294 -0.77640004
  0.54715742 -0.71785857  1.43423857]
[ 1.         -1.04227099  0.02479792  0.0168188   0.23803492  0.10810666
  0.60519748  0.01744275 -0.6566185  -0.0102886   0.66431261 -0.80158345
 -0.1587366  -0.90699237  0.23643856 -0.99963244 -0.44322683  0.50419879
  0.7800893  -1.15251    -1.09212963]
[ 1.         -1.09078989  0.20655836 -6.71517066  0.02245702  2.83631952
  5.3468565   4.57680934  4.11400343 -2.42775006  4.74062197 -1.52689997
 -3.89015316 -1.11593665 -0.13806874  1.21164189  0.08849369 -1.32298326
 -2.00028561  1.13283246 -0.16824054]
[ 1.          1.01426235  1.8524221  -0.10034922 -0.33289496  0.19338951
  0.6269784  -1.0776756  -0.5961523  -0.00337388  0.61766785  0.61394936
 -0.7713312  -0.11695082  0.09524178  0.64232391  0.93964413  0.55333904
  0.58601419 -0.4892122   0.92262696]
[ 1.          0.98911315  1.05305525 -0.02857603  0.43451732 -0.41874519
  0.1093734   0.03030781  0.00246381  0.5576668  -1.03680765 -0.48444401
 -1.04371872  0.15676553  0.85656251  0.29828129  0.64850734  0.16826213
  0.97201733  0.51453731 -0.10318116]
[ 1.          0.97115893 -1.08427354  0.34540271 -0.53834151  0.49295008
  1.41441713 -0.30472356 -0.24779772  0.8630251  -0.52517217  1.41526154
 -0.56537765  0.37243718  3.08089437 -1.72533432  2.34041409 -1.98043644
 -0.40665364 -2.16463778  1.45251722]
[ 1.          0.98617644  2.43671792 -0.35703299 -0.20516344 -0.31905403
 -0.67367879 -0.02312578 -0.55862719 -0.73019488  1.67127508  2.35102257
 -0.06736188 -0.37366838  0.07013594  0.19796243 -0.26895333  1.26690055
 -1.65325185 -1.19494941 -0.61778823]
[ 1.          0.96756217 -0.37127185 -0.15260471 -1.01073426  1.52639134
 -1.71005325  1.17877091 -1.53557947  0.91437891  0.13173998 -0.91076578
 -1.58728891  0.22679572  1.19596093  0.52269498  2.15414891  0.24578175
 -0.50562542 -1.23494513 -1.28288673]
[  1.00000000e+00  -1.04191559e+00  -1.34263236e-02  -3.31722870e+00
   1.35145090e-04   1.36321380e+00  -9.08034859e-01  -6.78961374e-01
  -1.48502558e+00  -7.20957010e-02  -1.74944388e+00  -1.66091468e-01
   1.26012651e+00  -3.38680040e-01   1.52459544e+00   1.34271097e+00
  -6.03638425e-01   6.52448491e-01  -5.99064073e-01   4.71148368e-01
   1.39864267e+00]
[  1.00000000e+00  -1.05016521e+00   9.33680541e-05   1.66685363e+00
   8.67243967e-02   1.89547188e-02   1.29104639e-02  -2.13030265e-01
   3.92286946e-01  -1.27759198e+00   5.12837170e-01  -2.49625845e-01
  -2.42855634e+00  -1.49551428e+00  -8.75435627e-01  -2.30380566e-01
  -5.87413148e-01  -1.15574802e+00  -7.29837712e-01   4.39958918e-01
   1.08703881e+00]
[ 1.          1.00455835 -2.00447162  0.17961219 -0.82708395  0.32493617
 -0.12512102 -0.4653048  -0.05731844 -1.23351404  1.28472763 -0.41676206
  0.068467    1.08814948  2.37299862 -0.79843811  0.57764839 -1.70553786
  0.52879858 -0.58268499 -0.11827547]
[ 1.          0.9479983  -2.8127371  -0.01433686  1.36326265 -0.87775298
  0.42445821  3.19487629 -0.20356545  3.29919799 -2.09045346  4.16024582
 -2.13324844 -6.24954778 -1.00747842  2.68720707  3.39403513  1.84212219
  3.68096411  1.42823761 -1.36091176]
[ 1.          0.96557148  1.70487758 -0.49846847  0.75783213  0.14981343
 -2.88270182  0.76700136 -0.61626788 -1.2135055   0.08835751 -3.43120986
 -0.93283637  1.35895801  0.24012902  0.92022562  0.02472129  0.42875646
  0.03817694 -0.36278585 -0.94015907]
[ 1.          0.9769226  -1.1746087  -0.06866269  0.06458297 -0.10184141
  0.66040904 -0.66989839 -0.2738645  -0.57191143  0.56083016 -1.002653
  0.65832222  0.39568201 -1.46323366  1.16659005  0.6480304   0.64693585
  0.40691171  0.09865518  0.76768423]
[ 1.          0.94468022 -2.03165706 -0.4000553   1.84757378 -1.12133789
 -0.7244102   1.10450985 -0.91248991 -1.27725455  0.349646   -0.59313122
  0.98485471  1.01245716 -1.50531809  0.35008987 -1.14499371  2.3749191
 -1.51359761  0.37050253 -1.2678821 ]
[ 1.         -1.08248751  0.13444867  2.98080218  1.39902152  2.31225011
  0.20468928  0.45965312 -0.27600284 -3.44589694 -0.95448612  0.2433802
 -1.64926417 -0.05102948 -1.92615375 -3.16569714  3.60086117  0.46069783
 -1.64488754  2.01622309 -0.22582993]
[ 1.          0.97338656  0.65307584 -0.43706082  1.41267167 -0.74434858
 -1.73418355  1.4743603  -0.1630547  -0.37696957 -0.63194293 -1.15167376
 -0.8046686   0.30668352  1.0922315   0.02574691  0.09731343 -0.89675177
 -0.03576703 -0.472596   -1.13382049]
[ 1.         -1.04934876 -0.0443882  -0.10400747  1.13003961  0.15156582
  0.5184996  -0.29001892  0.29430394  0.63272997  1.48921891 -0.25128103
 -0.65206715 -1.03422852 -0.72017555  0.86654089 -0.04989962 -1.84066923
 -0.42717417 -0.95696838 -1.81903727]
[ 1.          0.96139422  0.56635376  0.38299179 -2.44403141  2.34896841
  1.18993089 -1.4285479  -1.03828011  1.1608416   0.67292077 -0.57173007
 -0.78285939  1.23879059 -2.2128206   0.52663446 -0.05165613  0.61910052
  2.49431954  2.03985487 -1.23174574]
[ 1.          0.97470125  0.25084446  0.02271491  0.51250175 -0.18350299
  0.58326    -0.75666544  0.18730919  0.26769707 -0.78818382 -0.40233921
 -1.12994837  0.87154883  0.44962348 -0.3491322  -0.6816085  -0.92285318
  1.69649628  1.84532109 -0.30128722]
[ 1.          0.94570522 -1.29612833 -0.30671508 -0.21772968 -0.76558757
 -2.13408309 -0.6155418   0.66387711 -3.00126134  2.05182744 -0.36162777
  0.74744983 -0.07246681  1.18278333  0.61975473  0.38429488  0.20968416
  3.01987346  2.39306809 -1.50354695]
[ 1.         -1.0649743   0.03280829  0.7742116  -0.38797866  1.08567849
 -0.20049906  0.07996416 -0.25882844 -2.50506026 -1.39935353  0.37108738
 -2.0046065  -1.3265746  -0.20282168  0.36274945 -1.55047455 -0.43903959
 -0.83053583  0.88475063  2.56658454]
[ 1.         -1.00806933 -0.14524434 -1.53819518 -1.64667573 -1.32399346
 -1.83128002 -1.38054664 -0.65589184 -0.07499415 -1.5831022   0.22802151
 -1.03345647 -1.17350882 -1.32409663 -0.16598922 -1.55597396 -1.53284442
  0.35246218 -0.68301069  1.36333802]
[ 1.          1.0380747   1.3879897   0.01930404  0.38491285 -0.78043681
  1.47332206 -0.76905621 -0.01594281  0.01807087 -0.36264566  0.48374132
 -0.60466679  0.75342542 -0.59026829  0.39085431  0.03752397  1.28924137
 -1.26630636 -1.60256353  1.33727608]
[ 1.          0.90072197 -1.62079108  1.00647547 -2.91819895  1.86592059
  0.60722245 -2.16179363  1.66698579 -0.65547307  0.52519294 -0.47392167
  2.027301   -1.26594542  0.72476414  1.15274095  1.39750956 -0.76557714
 -0.0231061  -1.18779398  0.05710884]
[ 1.         -1.03665671  0.04303688  1.32851278  0.85638421  0.91583976
  0.23396779 -0.02027728 -0.27564422 -0.67071457  0.22099597 -0.08057288
 -0.4904973  -0.22561584 -0.25385211 -0.86175378  0.35506133 -0.04187609
 -0.11409432  0.30819942 -0.30794724]
[ 1.         -1.05815221 -0.03811513 -2.48793284 -0.07386645  0.82332639
  0.91916928  1.75591519  3.89824499  0.48406139  1.54165258  0.18768918
 -0.60925771  1.21408115 -0.08665939 -1.64498952 -0.19012293  1.73079414
  1.49183709 -0.81609083 -0.52151757]
[ 1.         -1.07889653  0.02010838 -0.78445387  0.87912081  1.50214876
 -0.0597455   0.67884738  2.87140611 -0.83080219  0.28661076  2.49825704
 -0.53866684  2.92314706 -3.27423289  0.38962626  2.71916519 -2.66178956
  0.05379275 -0.42185977 -2.26292585]
[  1.00000000e+00   9.79521076e-01  -1.31532249e+00   3.59454871e-01
  -3.50633742e-01   5.72146229e-01   4.76118611e-04   1.03482241e+00
   3.17624903e-01   4.05859493e-01  -7.00480338e-01  -1.80580702e+00
   7.64054517e-01  -2.83900764e-01  -1.06951635e+00   1.02691590e+00
   6.66665590e-01   1.40154688e-01  -6.51534227e-01  -1.46415162e+00
   1.38193606e-01]
[ 1.          1.00518062  1.95534181  0.0199808  -0.33415168 -0.11627291
  0.77476398 -0.99165514  0.57668472 -0.17043921  0.42704359  1.38882386
  0.80224896 -1.34555477 -0.94995387  0.39682686 -0.21595854  1.01777442
  1.04625449  1.62129426 -0.47621048]
[ 1.          1.02404276  0.51530025 -0.14874503  0.65437133 -0.81610119
 -0.14809734 -0.02011676 -0.16162532 -1.12624292  0.61097271 -0.83855863
  0.85762148  1.20093174 -1.03409542 -0.01489341 -1.24308742 -0.1528791
 -0.66441622  0.14776031 -0.30446351]
[ 1.         -0.27394676 -0.93973169  0.59768371  0.32764165  0.19135997
 -1.50365938  0.37642579  3.23637299  0.00911712 -0.71258293 -0.57002393
 -1.13113119 -1.24825887  0.64602785 -1.29120902 -1.79250477  1.63830424
 -0.39077853  0.62525892 -0.26130505]
[ 1.          1.01408504 -0.52944074 -0.0190799  -0.14649599  0.05935218
  0.76878729  0.01394318 -1.50768324  0.41753629  0.89558216  0.60765134
 -1.12206216  2.29620535 -0.11519509 -0.33120954 -0.14766525  0.04905468
  0.05832994 -0.78827891  1.40463755]
[ 1.         -1.06445711  0.17403951  0.99650994 -0.28603299 -0.81970035
  0.43739644  0.39931589 -0.69931528  0.82361347 -0.15593446  0.24409436
  1.5992493   1.25892775  0.74066014  1.12567972  1.50731697 -0.38164925
 -0.97395114  1.38653867 -1.14612797]
[ 1.         -1.0712604   0.08317988 -0.26962458 -1.10137678 -0.98303072
  0.02230188  0.6676078   0.44118878 -0.0695387  -0.10470947 -0.33204064
  0.10633956  0.37539428 -0.1183524  -1.95650476  0.35574771  1.3963333
  1.19165336 -0.35091859 -0.36162056]
[ 1.          0.92519278 -1.76778165  0.25367906 -0.80734186  0.68285716
 -0.63756082  0.31478952 -0.72960626 -0.03629806  0.61999506 -0.4340652
 -0.41290843  0.76743629 -0.7363326  -0.31471435 -1.10763538  0.51270047
 -0.37461381  1.07052718 -0.38588232]
[ 1.          0.99671975  1.57356905  0.19992348  0.34336406  0.10041286
  0.6024601  -0.43150579  1.66519859  0.23267717 -1.83705213 -1.31743699
  0.63308799 -1.48568768  0.17416238  0.41982301  0.9383659  -0.3384682
  1.48217522  1.09004803  0.21959591]
[ 1.          1.00207705  1.06944078 -0.21986305  0.38148301 -0.05120784
 -0.80801289  0.96649837 -1.33225454  0.06413839  1.12421722 -0.02886886
  0.05212167 -0.05041363 -1.38016405  0.59213252  0.64964896  0.21066432
  0.50970461 -0.45551418  1.56501104]
[ 1.          0.96894656 -1.4569193   0.19496452 -1.19508007  0.11816004
  0.71911499 -1.60614785  0.70319119 -0.40761413 -0.39188319 -0.6586839
 -0.14018735 -0.60589008  0.05500052  0.87384493  1.01558336  1.34815632
 -1.78649941 -1.91115988 -0.51512225]
[  1.00000000e+00   9.69105246e-01   2.06095715e-01   5.67770564e-01
  -2.56692775e+00   2.54995282e+00   7.16560140e-01  -9.55146561e-01
  -7.31461387e-04   1.79661041e+00   3.98980962e-01  -2.77699891e-01
   1.82944859e-01  -4.22163181e-01  -1.11002859e+00  -2.01765581e-02
  -7.33161328e-01  -9.17373906e-02   9.92897687e-01   9.97824140e-01
  -8.01415118e-01]
[ 1.         -1.05563245  0.05968093  0.57408267 -0.49800148 -1.14087337
 -0.94886665 -0.07888459  0.9434828   1.234788    0.31161895  0.02352915
  0.2031224   0.45930231  0.84405655  1.39809139 -0.03311135 -0.00767202
 -1.43725329  1.74701158  1.24944101]
[ 1.         -1.00702395 -0.05892947 -0.72587355  1.29820181  1.69701092
  1.09929396 -0.33576026 -1.81342943  0.24011136 -0.61894361 -0.06960534
  1.69971743 -0.5974031   1.90596004 -0.09787018 -2.03501382  1.10850771
  1.33549711 -0.4687038   0.10543201]
[ 1.         -0.82863276 -0.39205912 -1.18425784 -0.68620455 -1.73376248
 -1.2774884  -3.04045903 -1.55579409  0.36606338 -0.25113126 -0.62882804
 -1.79401139 -2.83360087 -1.53992366 -0.93082093 -0.07322826 -2.15268684
 -1.64230827 -0.21399253  0.43469843]
[ 1.         -0.39943695 -0.18915626 -0.91776793  1.92098741  2.0570501
  1.28599357 -2.31384047 -0.91919074  0.06836035  1.66771956 -0.7071854
 -1.21936313 -1.36868458  0.68035458  0.23920614 -1.4501739  -0.88664256
  0.79985663  1.42814052  2.80424921]
[ 1.         -1.04941437  0.0906999   0.09778545  0.4320038   1.21752543
 -0.15890776 -0.36232692 -0.75574614 -1.17668436 -1.31483546  0.50945023
  0.39930687  0.45429852 -0.81661226 -0.85698828  1.95832607 -0.14859586
 -1.01442757  1.31947757 -0.02960504]
[ 1.          0.9915012  -1.34642205  0.04116879  0.59275796 -0.47067198
  0.64081089  0.85827033 -0.48763309  1.00203232 -0.88176125 -0.14152528
 -0.81044029  0.58279605 -1.06446475  0.13447988 -0.43853407  0.53066463
 -0.46232122 -0.22369283  1.21832322]
[ 1.         -1.07827093  0.11118443  4.54908306  0.53174488  0.07375444
  1.13805186  1.12724197  0.27810425 -1.04298423  0.99403976  0.15747857
 -0.35678404  0.40561249  0.58829581  2.24036075 -0.14984559 -0.21885458
 -0.10756581 -0.05976992 -0.08210056]
[ 1.         -1.06448209  0.0477694  -1.10492212 -0.73309156 -0.02793036
  0.38964881 -0.08822901 -2.00147831 -0.444424   -1.67690139  0.30065487
  1.06555531 -0.24997357  0.83833148  1.12345297 -1.13355274 -0.66174948
  0.09414922  0.18089771  0.25541605]
[ 1.          0.05937468 -0.50038863 -1.18304412 -1.4610652   0.78689743
 -3.61887563 -1.42627828  0.57503658 -0.72037204 -0.94447935  0.34330935
 -1.87250643 -1.09644416  1.15597443  1.56323944 -0.58448346  0.45621523
  0.02428169  0.049079   -0.87930506]
[ 1.          0.92115241  1.04275533  0.7227061  -1.85553545  2.84078658
 -0.08986891  1.39875809 -0.53549253  3.54540879 -0.69512424  0.74854952
 -1.37780271 -0.15247029  0.59704585 -0.94073241 -0.15270007 -1.26267744
  0.48173528  1.13808942 -1.49570676]
[ 1.         -0.97461282 -0.20282843 -0.76316673  2.56009147  1.60935443
 -0.56694552 -1.65128255 -0.66661954  1.08151206  0.00589749  0.59315718
  1.45366348  0.19058387 -0.17799649 -0.10923097  0.71132191 -0.25713506
  0.1588907  -0.81710683 -0.1431844 ]
[ 1.          1.01077763  0.9021275   0.11749443 -0.82858014  1.2525072
 -1.17591562  0.94762961 -0.97916775  0.50389361  1.01650246 -0.52518625
  0.3702891   0.01066363 -0.7248753  -0.24247537 -0.96734006 -0.17942613
 -0.75331039  0.78179695  0.0041656 ]
[ 1.         -1.06591613  0.04977632  0.67738057 -0.65586195 -1.3185212
  0.41495204 -0.15720194 -1.58493924  0.0578824  -0.15779196 -0.30189511
 -0.04205567 -1.1907149  -0.02287919  1.39685939 -1.72240924 -1.98826396
 -0.0549691  -0.77901596 -1.34481139]
[ 1.          0.9968111   1.44546824 -0.30052281  1.17819076 -0.85756144
  0.03065245 -0.76446484  0.52282849 -1.23248723 -0.33755495 -1.97503499
 -0.0552841   1.15784794  0.04188039  0.37830359 -0.42558289 -0.98170703
  1.44969414  0.80844038  0.1434761 ]
[ 1.          0.97227293  0.86901176 -0.34123685 -0.4842537  -0.81086699
 -0.46275774 -1.95522336  0.23849568 -1.7827785   1.02910079  1.69068404
 -0.57925808 -0.80694425  1.31909817 -0.0389078  -0.85448543  2.26656022
 -2.67913765 -0.24405102 -2.00987858]
[ 1.          1.04070141  0.88273287  0.12875465  0.49196685  0.15251689
  0.11667771  0.76050587 -0.64343492  0.67048213 -0.94900105 -2.72625357
 -1.14204383  2.68206839  0.29384851 -0.46501166 -0.05247196 -1.78946947
 -0.10916955 -0.74020678  0.65284594]
[ 1.          0.95866595 -1.22795231  0.47728302 -1.58466681  1.23840331
  0.4895466  -1.30641647  1.52094367 -0.5807744  -0.05043558 -1.63618652
  1.67363047 -0.22314754 -0.62078647  0.01845917 -0.56537707  0.45688707
 -1.21704976 -0.33258526 -0.44370183]
[ 1.         -0.96805384 -0.03526852 -0.79496798 -0.54771619  0.58030304
  0.10273384  0.54887859 -0.30107159 -0.52456066 -1.53845659  0.87500768
  0.87429829  1.2307852   0.46189071  0.32439441  0.54185292  0.67816272
 -0.28674985  0.64121264  0.45647521]
[ 1.         -1.0562231  -0.0708139   0.23942087  1.42916679  0.25451048
 -0.28532876 -1.20544841  0.24026824  1.58646323  1.35495132 -0.77103558
 -0.06063352 -0.80935794  0.38647132 -0.05311383  0.03692106 -0.3546013
 -1.16229338  0.70588513  0.02835397]
[ 1.         -0.76846297 -0.64523463 -2.13764534  2.13830861 -0.83163119
 -0.31577671 -1.94102484  0.37089754  1.86513396  0.64749239  1.00604134
  0.17592524  0.63056502 -2.80958073  0.62893813  0.076156   -3.0319807
  0.32539381 -0.71526399 -0.44509684]
[  1.00000000e+00   9.10893633e-01   3.84760054e-02  -8.71021376e-02
   1.06550391e+00  -4.98656642e-01   1.52776102e-01  -3.76043133e-02
   1.08933422e+00   7.94158630e-01  -1.79542512e+00   2.01873148e-01
  -1.78681851e+00  -1.09745658e-01   9.27131855e-01   5.49821749e-01
   2.64955402e-01   4.33638139e-01   1.72350561e-03  -9.21244763e-01
  -2.69507594e-01]
[ 1.         -1.03786624  0.16459489 -4.92313843 -1.22956234  0.21241536
  3.13140156  2.68044529  2.02141615 -0.4755592   1.93823061 -0.23287827
 -0.86903132  0.48643851  0.4727482   1.57834882  0.55061012 -0.86197146
 -1.47542454  1.82897516  0.55165289]
[ 1.          1.0163122  -0.28317075  0.02482205 -0.70404174  0.56093924
 -1.31559252  1.53865747 -1.99110842  0.31824822  1.7022269   0.82313654
 -0.46961657  1.28721538 -0.03593119 -0.70776313 -0.33900015 -0.59438224
 -0.39387347 -0.36461944  0.50440414]
[ 1.          0.96904791 -1.7036473  -0.13109237  0.75541599 -0.79333897
  1.56630013 -0.68904946 -0.78575193  0.72754282 -0.53280756 -0.33284282
 -0.99179785  0.86244902 -1.73946498  0.78773054  0.44476466  0.26439613
  0.85498043  0.62027169  2.2299812 ]
[ 1.          1.0344366   2.39213096  0.19194379  0.63455582 -1.08299762
  2.39593829 -2.04487271  2.26475325 -0.33372984 -1.97424335  0.3749436
  0.86401353 -0.52718039  1.1875472  -0.91358808  0.0130507  -1.50291111
  0.76344815  0.80469699 -0.44584022]
[ 1.          0.93564118 -1.90651698 -0.11577554  0.0269832  -0.45197344
  1.38735664 -1.65460302 -0.28848001 -0.25054394  0.65839822  0.94044334
 -0.93347965  1.03845035  1.39655579 -1.47597066 -0.36264431 -1.60094801
  0.27141572 -0.04198148  0.7292379 ]
[ 1.          1.03424228  3.69323033  0.90161212 -3.83513547  4.84521404
 -1.83033783  3.33222649 -2.69998001  5.22134462  3.16925684  4.15179435
  0.5444441  -1.2614637  -2.3867914  -3.15404517 -4.04994094 -1.28491666
 -1.73617636  3.80220483 -1.89933263]
[ 1.          1.02727882 -1.37003095  0.39557072 -0.37944503  0.4648375
 -1.46678296  2.47687807  0.73341158 -0.68741872  1.21966668 -0.99788656
  3.58553263 -2.57843889 -0.05829231 -0.63561773  0.74716574 -3.11397248
  2.62922622  1.27848391  1.74809012]
[ 1.          0.86913626 -1.82258563 -0.17445779  1.07633556 -0.85444682
  0.7187184  -0.08825372 -0.96467567  0.57444998 -0.44351246  1.01652023
 -1.14558525  1.04851057 -0.94584195 -0.3747315  -2.40203928  2.00394709
 -0.15056795  2.42129357 -0.90540889]
[ 1.          0.95024422 -3.0631322  -0.71619899 -1.93847554 -0.43222039
 -3.9158746  -1.64908455 -0.55726673 -5.47590071  4.94121211  2.88777423
 -0.71590254  1.60863334  6.87761251 -1.62411108 -0.67365659 -1.93456926
  1.93365619  1.88359497 -3.23508057]
[ 1.         -1.07836165  0.17241235  2.44545012 -1.50495129 -0.35991035
  1.71657808  2.35203703 -0.4386026  -2.2077347  -1.02779337  0.67391588
 -0.05290362  0.70274558  0.65484521  3.76416396 -1.71310845 -0.49707847
  0.60387514 -0.89582617  0.56592138]
[ 1.         -1.08345367  0.10692499  0.23588988 -0.70289332 -0.7239845
 -0.40354598  0.07239355 -0.2485469  -0.38650646 -0.55690497 -0.78141372
 -0.3179938  -0.36465982 -0.31077498 -3.90115635  0.64719189  2.17724812
  0.78359398  0.17593143  0.50240987]
[ 1.          1.01287735  1.37462145  0.15809921  0.87004814  0.27122164
 -1.37015855  2.48524809  0.62282944  1.25272139 -2.13471116 -2.57594904
 -1.10327084  0.19378794  1.35143563 -0.29443701  0.83399025 -1.50728676
 -0.20990105 -2.12403489 -0.02813307]
[ 1.         -1.05945489  0.08325357  0.50703054 -0.65674133 -0.95977443
 -0.36868307 -0.06221751  0.05415859  0.14099916  0.00417462 -0.17978279
 -0.19773659 -0.02397323 -0.18342534 -0.2848569   0.1725767   0.1808405
 -0.04131518 -0.01965169  0.65538987]
[ 1.          0.95964761 -1.99448825 -0.22156921  0.50536895 -0.92084257
  1.04057772 -0.35284289  0.32399359 -0.39643168  0.10875358  1.89277758
  0.04635726 -0.96955307  1.29233707 -0.20176581  0.98722768 -0.07821878
  0.33232257 -0.03776037  0.25573723]
[ 1.          0.96445601 -0.42115748  0.12337562  0.23047039  0.14332653
 -1.16974     1.53619322  0.43307244 -0.44734146  0.25469851 -1.00609891
  2.37136942 -1.86995902 -0.57535817  0.197942    0.59092717 -0.61413379
 -0.0181388  -0.30639013  1.24530394]
[ 1.          0.72182074 -0.59167931 -0.27144546 -0.22579598 -0.54060041
 -0.51896866 -1.24219338 -0.44470836 -0.99017239  0.67711632 -0.47254441
  1.12114132  0.3598149  -0.8728348   0.28917575  0.78556084 -0.13594936
  0.22722861 -0.13768031 -0.20973314]
[ 1.          1.00762857  1.92371158  0.19593149 -0.03570762  0.03803243
 -0.05930696  0.19747939  0.67493819  0.00698854 -0.136675    0.69862296
  1.18863595 -1.27758977  0.27693529 -0.57629784 -0.34238536 -0.19023595
 -1.13518506  0.06916588 -0.05932566]
[ 1.          1.02251069  1.80316312  0.08761605  0.91687846 -0.90513277
  0.59405852  0.37119353  1.19722486 -0.19076468 -0.97264112  0.61201054
  1.0467293  -0.52302743  0.52920113 -1.07028609 -0.29195844 -0.70373907
 -0.89031307 -0.76652999  0.39680295]
[ 1.         -1.03896606  0.01197303 -0.73512729 -0.33890122 -0.51311715
 -0.1678881  -0.10950667 -0.09967926 -0.15230392 -0.03524115 -0.73124819
 -0.79527374 -0.95857843 -0.34400927 -1.06448102  0.78955982 -0.06643964
 -0.90940959  0.75923781 -0.1240964 ]
[ 1.         -1.00593022 -0.09727433 -0.69468738  0.98436138  0.91717286
 -0.60249197 -0.52427     0.09669197  0.37823764 -0.5036933   0.91552779
  1.11496296  0.94948818 -0.38266186 -0.04377785  0.12046911 -0.03975645
  0.74157656 -0.86385997 -0.71416298]
