Cluster centers 

[-1.1414647  -0.58095943 -1.06380457  1.00956114]
[ 1.01898031  0.4785478  -0.38536897 -0.3514463 ]
[-1.02446732 -0.80274158  0.45443381  0.54194914]
[-1.11573247  1.33987017  0.06508497 -0.42555479]
[-1.11434795 -1.99912167 -0.66057814 -1.41186802]
[ 0.19805394  0.70103528  2.18196229  0.70618205]
[ 1.03133058 -1.04508243  0.16027527  0.72204715]
[ 1.00524934  0.62454181 -0.62322733 -1.37374014]
[ 0.61348012 -1.72314461  2.06103117 -0.68423135]
[ 0.93042006  0.2840602  -1.52394237 -0.06088557]
[ 1.02614706  0.12154481 -0.18974632  0.59591051]
[-1.14236876 -0.20790306 -0.74140562  1.24424069]
[-1.12822053 -1.51098873 -0.5373417  -0.40753215]
[-0.96626585  0.81329163  0.69601267  1.00597668]
[ 0.75147888  0.98964499  1.61465445 -1.19956842]
[-1.07373754  1.54092466  0.52816531 -2.10039744]
[ 0.86522341  0.10742202  1.08404567  0.86276082]
[ 0.97881875  0.67806627 -0.77814897 -2.40279023]
[ 1.00313091 -0.58199094 -1.16091573  1.00259627]
[ 0.9878331  -1.55456726  0.72112127  0.05763146]
[-1.11117968 -2.15998031 -0.14093941 -1.99483701]
[-1.07721084 -0.1556867   0.06402062  1.1951563 ]
[-1.1456261   0.84985766 -1.52991875  0.61337651]
[-1.0694028  -1.87306561  0.35402373 -1.41821824]
[-1.03673162  1.4244895   0.58428251 -0.70328923]
[ 0.99377399  0.49378903 -0.88960979 -0.67615383]
[-0.94253601 -1.41059571  0.94333784 -0.53256193]
[ 0.9725354   0.7606012   0.58996595 -1.09915816]
[-1.14578032  0.94326161 -0.41211755  0.71959797]
[-0.95620279 -1.05971201  0.84005801  0.11208281]
[ 0.85456598  0.43688202  1.13201336  0.45123417]
[-0.48616571  1.51278842  2.13918382 -1.49970115]
[ 0.99904191  0.3008155  -0.96143133  0.02637291]
[-1.13631224  0.20096981 -0.50792581  1.31176898]
[-1.12261205 -1.45899944 -1.05764672 -0.1750279 ]
[-0.92494771  1.28891164  0.97996357 -0.01726134]
[ 1.02481145 -0.11060827 -0.05595678  0.85823254]
[ 0.79676127  0.61521728 -1.73735739 -3.26764014]
[-1.1673203   1.1944187  -0.96539504 -0.27247344]
[ 1.00338028  0.41565935  0.18740145  0.10792438]
[ 0.72865571  0.12828117  1.51151641  0.90523108]
[-1.05974858 -2.60386948  0.36683708 -3.47311838]
[-0.97258759 -0.3196486   0.65164306  1.03235903]
[ 1.02546946 -1.21539717 -0.93080074  0.72824579]
[ 0.93929125 -1.07639517  0.93464223  0.58722003]
[-0.89937111 -1.72548281  1.20580157 -1.25014191]
[ 0.982295    0.09620751 -1.22578105  0.4604421 ]
[-0.5814941  -1.51310969  1.99284896 -0.84529017]
[-0.07246308 -0.35403722  2.03636092  0.91600603]
[-1.12214116 -0.77072345 -0.36760227  0.70408556]
[ 1.01078084 -2.1495542   0.77654119 -0.97572819]
[-1.14999131  0.09013161 -1.17111297  1.35459697]
[ 0.92640068  0.51166327 -1.40418656 -1.06860537]
[ 1.04071894 -0.75324587 -0.56538403  0.95964985]
[ 0.88761133 -2.76195161 -1.6238197  -1.62884979]
[-1.02362833  1.57895549  0.93077343 -2.90451342]
[-1.08613572 -2.31468182  0.27869661 -2.56207414]
[-1.07699008 -1.27420175  0.17289178 -0.14008202]
[-1.11792935 -1.03761569 -1.28206834  0.53401621]
[ 1.01835059  0.1669709  -0.74341534  0.41126476]
[-0.62337484  1.30469508  1.74262766 -0.08205004]
[-1.0704837   1.13381694  0.26577217  0.41410231]
[ 0.95621967 -0.75194861  0.75673623  0.86512277]
[ 0.3611355   1.01095934  2.13939573 -0.20516834]
[ 1.04902538 -1.6331076  -0.30548553  0.16487137]
[ 0.03336893 -1.49616502 -2.52682744  0.49231013]
[ 1.03547564 -0.54964615 -0.13174005  0.97174537]
[ 0.94155775  0.61780388  0.76025254 -0.2184383 ]
[-1.12645    -1.72403317 -0.70349097 -0.78843893]
[-1.15754007  1.40157646 -0.30355408 -1.17333321]
[-1.08982853  0.86383183  0.06437078  0.92720321]
[ 1.01477618  0.67157671  0.00742539 -1.10512898]
[ 0.48517777 -2.03711945  2.24660707 -1.47282036]
[-0.78744637  0.72453275  1.24401675  1.06998391]
[ 0.94614065 -0.30457079 -1.57598755  0.89755745]
[ 0.63608195  0.73155744  1.7447162   0.17569931]
[ 0.97560159 -0.04668551  0.50673246  0.84879496]
[-1.08670579 -1.65212161  0.12554594 -0.86231682]
[ 1.02035573 -0.36683675 -0.9223857   0.95159941]
[-0.90798824 -0.31192703 -2.77813667  1.33256779]
[-1.06163289  0.38419555  0.1786258   1.29273017]
[-1.10707615 -1.19636973 -0.14560127  0.05950836]
[ 0.78884185 -0.30004945 -2.30882387  0.88757493]
[-0.85366062 -0.76891364  1.16311794  0.49173574]
[ 0.69283522 -1.14374084  1.74290567  0.31512727]
[-1.16077342  0.660318   -1.10303961  1.04582581]
[ 0.79216311  0.48766875 -2.00928084 -1.12678112]
[ 1.02899821 -0.08034401 -0.60159254  0.77283857]
[ 0.30152112  0.31951818  2.0928459   0.99486419]
[ 1.00929023  0.7764426   0.08358379 -2.22485392]
[-1.16788666  1.11120395 -0.75767366  0.19970652]
[ 0.81249467  0.2327745  -2.11289621  0.01728759]
[ 1.02523438  0.30924928 -0.36293812  0.19275324]
[ 0.96376299  0.58731869 -1.08545242 -1.4593918 ]
[-0.8369733  -0.00426295  1.13363148  1.1836667 ]
[-1.14849457  1.19275146 -0.31151162  0.08456154]
[ 0.89581073 -0.49059679  1.02125663  0.9566726 ]
[-0.51946057  1.12394902  1.84996772  0.40699192]
[-1.03512201  1.50597843  0.67591138 -1.32024054]
[-1.12832569 -1.11173607 -0.51653424  0.27049184]

Populations

0.00957992461609
0.0348849628
0.0130277373279
0.0167348359909
0.012826139199
0.00754013456766
0.00945392017702
0.0157058052043
0.0100927849566
0.0126446877802
0.024308581735
0.0108486553642
0.00452358936937
0.00968065701825
0.00383277350751
0.0116875201523
0.00943458033107
0.009594833222
0.00636434423504
0.00955827086591
0.00858308042992
0.00842461350956
0.00652921257362
0.00905599763195
0.00966492426332
0.0300605064553
0.00494192421914
0.0103479332603
0.0142081384466
0.00765495965292
0.01667392792
0.00333569651135
0.0198006938274
0.0123179978244
0.00768862885447
0.00514423528629
0.0197031938988
0.00313387158992
0.00522963754033
0.0251726082528
0.0147771163439
0.00187597770158
0.00709675782298
0.00637482033382
0.00631577825919
0.00512466751141
0.0062905923859
0.00405676889599
0.00367648931973
0.00955752824732
0.00553346326708
0.00968168682778
0.0133826100995
0.0110199454286
0.00163581907769
0.0045380555758
0.00463878448795
0.00890997533549
0.0103215934597
0.0196125665544
0.00465810859194
0.0140540656413
0.0101778642661
0.00863085904102
0.00940657709766
0.00158570405944
0.015051415489
0.0125605716904
0.00569246263667
0.0193189616024
0.0135391529146
0.0118254145153
0.00698392455045
0.00852290125828
0.00953535779575
0.0124867509527
0.0222023065216
0.010305667053
0.00475712256632
0.00120912226272
0.0109833131257
0.00702698856761
0.00395323547156
0.00522958200512
0.0163439398091
0.0134286792162
0.00556622349363
0.0140574560241
0.00528358824955
0.0095130762552
0.00773958323388
0.00559111424553
0.0174238300399
0.0103280303138
0.0052497993777
0.009789699763
0.00635930668574
0.00422482824944
0.00840493257237
0.00658096548988

State labels

0
1
2
3
4
5
6
7
8
9
10
11
12
13
14
15
16
17
18
19
20
21
22
23
24
25
26
27
28
29
30
31
32
33
34
35
36
37
38
39
40
41
42
43
44
45
46
47
48
49
50
51
52
53
54
55
56
57
58
59
60
61
62
63
64
65
66
67
68
69
70
71
72
73
74
75
76
77
78
79
80
81
82
83
84
85
86
87
88
89
90
91
92
93
94
95
96
97
98
99

Eigen values

1.0
0.951263073521
0.360650923542
0.343052053017
0.336832757744
0.323916788388
0.315563249673
0.292212599856
0.286413735803
0.274026891281
0.271479356886
0.263912841131
0.254535801722
0.249907813689
0.240362362921
0.236719568102
0.228434056149
0.220117901112
0.213302007243
0.210074252379
0.209629057129

Left eigenvectors

[ 0.00957992  0.01116327  0.01323388  0.00178435  0.00945811 -0.00678627
  0.00320478  0.00633939 -0.01311169 -0.01703204 -0.00699691  0.01146033
 -0.0041026   0.0137648  -0.01201385 -0.00788324 -0.00932931 -0.00425368
  0.01449345  0.01392844  0.0058283 ]
[ 0.03488496 -0.03072913  0.01150291 -0.01674371 -0.00921668 -0.00252559
 -0.02590506 -0.00655891 -0.00069031  0.00813685 -0.00584006  0.01147903
  0.00336081 -0.01725784 -0.03673567  0.02396569 -0.0091158   0.0102446
 -0.00060218 -0.00797364 -0.00268603]
[ 0.01302774  0.01561392  0.02316269 -0.01774562  0.04848907  0.01406248
  0.00204176 -0.00335579  0.01211805  0.0109837  -0.00034555 -0.00360013
 -0.01385467  0.00262114 -0.0083063  -0.01039527  0.00494118  0.00417455
  0.00043212 -0.00128965  0.00535125]
[ 0.01673484  0.0209765  -0.00113498 -0.00097647 -0.00257081  0.00368426
 -0.00014594 -0.0005662   0.00514744 -0.00383343 -0.0031786  -0.00912413
  0.00316949 -0.01247148  0.00531152  0.01209744  0.01289025 -0.00147697
 -0.01365044 -0.00544787 -0.00262188]
[ 0.01282614  0.01519445 -0.01131086 -0.00347016 -0.00190427 -0.00367099
  0.00220118 -0.01434128 -0.02285465 -0.02031445 -0.02994325  0.0075939
  0.02377307 -0.0010804   0.00903798 -0.00141765 -0.0120195  -0.0038932
  0.02076644 -0.0094282  -0.01077329]
[ 0.00754013 -0.00353208  0.00572275 -0.00055344 -0.00667114  0.02191808
 -0.00305404  0.01128426  0.00458377 -0.00745322  0.01565913  0.00263718
  0.01483238 -0.00011585 -0.00352625 -0.01363972  0.00911617  0.01213235
 -0.00935466 -0.00362297 -0.00743135]
[ 0.00945392 -0.00814193  0.00771446 -0.01532214 -0.00872774 -0.00585763
  0.00385365  0.0072759   0.00902348 -0.00566181 -0.00439683 -0.0010471
 -0.00398732  0.00021525  0.01395476 -0.02067608 -0.01718243 -0.01115074
 -0.00660409  0.00332282 -0.00449687]
[ 0.01570581 -0.0131369   0.00077211 -0.01555932 -0.00952182 -0.00111443
  0.01698693  0.00072814  0.00328415 -0.00023646  0.00107568  0.00480277
 -0.00073183 -0.02998794 -0.02904405 -0.00543243 -0.01298421  0.01184737
  0.01136783 -0.01859059  0.01071907]
[ 0.01009278 -0.00741848  0.00534251 -0.00656886  0.00665355  0.01413618
  0.00475842 -0.00959684  0.00162757 -0.01772958  0.01759837 -0.00497496
  0.0053413   0.01108404  0.00331665  0.00927573 -0.00818008  0.00600261
 -0.01465243  0.00287027 -0.03660597]
[ 0.01264469 -0.0111627   0.00342908 -0.00910194 -0.00167769 -0.01544155
  0.01058126 -0.00644376  0.01311951 -0.00837429 -0.00578635 -0.01202072
 -0.00141706  0.01318634  0.01006028 -0.0050829  -0.00526591 -0.00248174
 -0.01976897  0.02007806 -0.02344735]
[ 0.02430858 -0.01956462  0.01340262 -0.01851383 -0.00684507 -0.00855289
 -0.0139212   0.01496423  0.00512842  0.00066647 -0.01898001  0.01438217
 -0.01613542 -0.00102896  0.00202368  0.00937734 -0.02408063 -0.01001345
  0.00544684 -0.00238222  0.0017425 ]
[ 0.01084866  0.01374123 -0.00694975 -0.00986885  0.00333503 -0.00307042
 -0.00348763  0.00788416 -0.00400792 -0.01125624  0.00897871 -0.00623959
 -0.02182385  0.00915618 -0.02155455 -0.00347917  0.01117792 -0.00250667
 -0.00324534  0.01480379  0.01360046]
[ 0.00452359  0.0057909   0.01497137  0.01158641 -0.00734863 -0.00352937
  0.00274074 -0.00367579 -0.01302542 -0.0063205  -0.00804353  0.00063492
  0.00781904 -0.00408223  0.0016273  -0.00164415  0.00050307  0.00688956
 -0.00512825 -0.00279205 -0.00169827]
[ 0.00968066  0.01220998  0.00746005  0.00604323 -0.01228119 -0.00490057
 -0.0002854   0.00507445  0.00106069  0.00025565  0.01224171 -0.01705869
 -0.01902994 -0.00440804 -0.00580962 -0.00028465  0.0031637  -0.00230524
  0.02015162  0.00500541 -0.01265251]
[ 0.00383277 -0.0023094  -0.00678717  0.01191567  0.00248036  0.0089963
  0.00607286  0.00363385 -0.0041974   0.01068204 -0.0062117   0.0130709
 -0.01406473 -0.00037027  0.00464798  0.00063208  0.00220044 -0.00315285
 -0.00272463  0.00328514 -0.0081823 ]
[ 0.01168752  0.01387061 -0.01679611 -0.00332089 -0.01326578  0.00267244
 -0.0085804   0.00143847  0.00304909  0.00238016  0.00139987 -0.01692481
 -0.01400403 -0.00419245  0.01065079  0.0003895  -0.00741285 -0.00305092
 -0.00224807  0.00034955  0.00358079]
[ 0.00943458 -0.00790938 -0.00563757  0.00234789  0.00475963 -0.01403386
  0.0088765   0.00468845  0.01194979 -0.00130161 -0.00626177 -0.00540756
  0.00668867 -0.0152711  -0.02372271  0.00161938 -0.00674415  0.01721298
 -0.00845714 -0.00710452 -0.01150736]
[ 0.00959483 -0.00818222 -0.01094168  0.02596376  0.01775992 -0.01005983
 -0.01389198 -0.01475769  0.00593443 -0.01237037  0.01080102  0.0029888
 -0.00946832 -0.01965362 -0.00271491 -0.00037076 -0.02795114  0.00495656
 -0.01748196  0.0039164   0.00827305]
[ 0.00636434 -0.00572935 -0.0011594   0.00489826  0.00404958 -0.01259438
 -0.01187919  0.0071026   0.00555439  0.01178864 -0.01604991 -0.00594099
  0.00262416  0.00882672 -0.00838321  0.00380975  0.00824056  0.01486239
  0.00022459 -0.00734606 -0.01246112]
[  9.55827087e-03  -8.70493565e-03   7.31739912e-05   6.43061778e-03
   7.97049963e-03  -1.06377108e-02  -2.75180512e-02  -2.76026253e-02
   3.74110439e-03  -1.32614193e-02   1.58707435e-02  -6.20786625e-03
   1.72813044e-02  -2.21681310e-03  -2.34606090e-03  -4.44090665e-03
   2.33387119e-02  -1.75907156e-02   1.55035379e-02   1.76074478e-02
  -8.24202762e-03]
[ 0.00858308  0.00932835 -0.01804103  0.0045663  -0.01851325  0.03104407
 -0.00586914 -0.01280111  0.03646722  0.00324383 -0.01032121  0.006198
  0.01246651  0.01375085 -0.00503909 -0.0081418  -0.006626    0.01004198
  0.00115808  0.00577545  0.00690426]
[ 0.00842461  0.00994826 -0.01585086 -0.01009135 -0.00108819 -0.00521701
 -0.00355476 -0.00132072 -0.01627921  0.00402517 -0.00046455 -0.00526585
  0.00468514 -0.0145544   0.01730858 -0.00440936 -0.00750245  0.01155053
  0.01561774  0.00036003 -0.01450239]
[ 0.00652921  0.00788101 -0.01543815 -0.00537703 -0.00287469 -0.01253101
  0.00295998  0.00830276  0.00115247  0.00867427  0.01564311  0.00537635
  0.00827714  0.0002393   0.00122768  0.00897955  0.00042857 -0.0048351
  0.00470818  0.00237406 -0.00854017]
[ 0.009056    0.01055754  0.00422434 -0.00369354  0.01049827  0.01038773
 -0.00134982 -0.0052847   0.01219963 -0.00046024 -0.00182686 -0.01329123
 -0.00231209 -0.00054344  0.0047556   0.0101955   0.00108792 -0.01991087
 -0.02177799 -0.03493261  0.00179473]
[ 0.00966492  0.01119674  0.0073747   0.00522595 -0.00679431 -0.00123373
  0.00058109  0.00550387  0.00838063 -0.00756746  0.0098015  -0.00840078
 -0.00934118  0.00871221 -0.01300492  0.00093909  0.0063303  -0.01280286
 -0.00029343 -0.01341394 -0.00550336]
[ 0.03006051 -0.02649323 -0.00121476 -0.00413689 -0.00781285  0.01130435
  0.02231876  0.00514131 -0.00374892  0.00770771 -0.00326166 -0.00610513
  0.00540713 -0.00026834 -0.0060646  -0.03678283  0.01178029  0.00485084
  0.00461393 -0.02283495 -0.00416481]
[ 0.00494192  0.00559093  0.00625774 -0.0086333   0.02193268  0.00746938
  0.00274922 -0.00681086  0.00249521 -0.00109682 -0.00718322  0.00253354
  0.0022911   0.00684273 -0.00219216 -0.00662234 -0.00883421  0.00394463
  0.01775529  0.0053984  -0.00829217]
[ 0.01034793 -0.00941061  0.00224131 -0.00432071 -0.00019394  0.00972947
  0.00611859 -0.01122266 -0.01128159 -0.00696573  0.01514255 -0.0066598
 -0.00193411  0.02071043  0.00853227  0.02964397 -0.00222721  0.02447434
  0.00778394 -0.01499346  0.00642885]
[ 0.01420814  0.01808424  0.02465688  0.01460257 -0.00623689 -0.00938425
  0.00419337  0.00160933 -0.00491041  0.01390081  0.0186041  -0.00452747
 -0.00887751  0.0078522  -0.00883514 -0.00959387 -0.01134407  0.00411291
  0.01677438  0.00542925 -0.00847374]
[ 0.00765496  0.00924491  0.00482799 -0.00626648  0.0121346  -0.00453897
  0.0023938   0.00458932 -0.00993364  0.00713083  0.01274795  0.02054262
  0.01571315  0.0074142  -0.00406408 -0.01162875  0.00478168  0.01517584
 -0.02570996  0.01102904  0.00988674]
[  1.66739279e-02  -1.45187055e-02  -8.86178480e-05   2.50000465e-03
  -6.29130417e-04   1.32865303e-02   3.72477827e-03   2.30015845e-02
  -1.05315027e-02  -4.24901696e-03   1.26910872e-03   3.12668921e-03
  -4.61613292e-03   1.60320743e-02   2.19737055e-02   1.39241677e-02
   1.39070421e-03  -8.51268907e-03   1.34372297e-02   5.17762094e-03
   1.29436877e-02]
[ 0.0033357   0.00280085 -0.00208211 -0.00421985 -0.00199963  0.0003318
 -0.00139874  0.00615575  0.00079404 -0.00311099  0.00429666 -0.00385427
 -0.00682107 -0.00709034 -0.00518488  0.00365861  0.00305471  0.00229835
  0.00276605  0.00696069  0.00447271]
[ 0.01980069 -0.01757759 -0.00266728  0.0111367   0.00580019 -0.00167839
 -0.01807771  0.00034339 -0.00188124  0.00089686  0.00728806 -0.01281078
  0.01531806  0.00109846  0.00986477 -0.03211446  0.01783909 -0.00751617
  0.00390222 -0.00590178  0.00937183]
[ 0.012318    0.01442931 -0.01151901  0.00344146 -0.00190255 -0.00358516
  0.00703522 -0.00389403  0.01561421 -0.00737817 -0.00085837  0.00953485
  0.01515941  0.01505329 -0.00678106  0.00796793 -0.00336621 -0.01716052
  0.00510089 -0.01298431  0.00329435]
[ 0.00768863  0.00946115 -0.00022915 -0.00507859  0.00485169  0.00310676
 -0.00199322  0.00198028 -0.00711724 -0.0089959  -0.01037274 -0.00110226
  0.00038415 -0.01138753 -0.00027721  0.00504961  0.00808996  0.00812648
  0.00192533  0.01984146  0.01228332]
[  5.14423529e-03   6.38225596e-03  -1.33968372e-03   4.77162645e-03
  -1.00833199e-02   5.06748654e-03  -1.64109767e-03  -4.64713032e-03
   5.75549720e-03   1.81833361e-03  -3.37525267e-03  -4.23650343e-03
  -3.36440520e-03  -2.98461108e-03   4.39292119e-03  -4.02972306e-03
   4.19322830e-04   7.13470015e-03   1.89220570e-03   1.73078158e-05
  -5.97430921e-03]
[ 0.01970319 -0.01622529 -0.0161401   0.02807611  0.01033723  0.03874796
  0.01920935  0.01007938 -0.02835433  0.00422294  0.01003469  0.00678172
 -0.00837236 -0.00568211  0.00164774 -0.00745344  0.00227688 -0.01157406
  0.00339133 -0.00738921 -0.00394954]
[ 0.00313387 -0.00259081 -0.00033128  0.00311063  0.0014712   0.01107398
 -0.00170943  0.00257585 -0.00504179 -0.00154235  0.00743992 -0.00267758
  0.00612041  0.00162999 -0.00126332 -0.00492083  0.00159852  0.00043913
 -0.00415647 -0.00305084 -0.00830025]
[  5.22963754e-03   6.64924134e-03   3.45545379e-03   1.27409630e-02
  -1.85314779e-02   5.13101207e-03   1.82838893e-04  -2.96608540e-03
   1.31669801e-02  -5.55947244e-04   1.88866019e-03  -8.86031988e-03
  -4.47604245e-03   8.06362610e-03  -1.13219947e-02   8.89992564e-04
  -1.90554115e-03  -2.69469816e-05   1.01225520e-02   1.43056314e-02
   4.94518734e-03]
[  2.51726083e-02  -2.17369990e-02   2.78344141e-05  -1.05196805e-02
  -8.15102468e-03   4.88022418e-03   1.06220189e-02  -1.62345143e-02
  -9.80621993e-03   9.10152412e-03  -2.77943947e-03   4.71625835e-03
   3.52914261e-04  -2.41202911e-02  -2.08547095e-02  -5.25866742e-03
  -5.53246074e-03  -2.36483780e-02  -3.28759208e-03   4.61180969e-03
   7.84991776e-03]
[  1.47771163e-02  -1.09596334e-02  -9.46866853e-03   3.94143358e-03
   2.85189547e-03  -5.79686501e-05   7.64722428e-03   8.37542073e-03
   1.76675249e-03   2.84804183e-03   4.98444360e-03   3.56749135e-03
   5.37158365e-03  -2.68740428e-02  -1.10777173e-02  -9.42432718e-03
  -7.45201847e-03   4.54738822e-03   1.28722756e-02  -1.19200788e-02
   1.41535712e-02]
[ 0.00187598  0.00233691  0.00126847 -0.00509646  0.009858    0.00282521
  0.00053168 -0.00143354  0.0012704   0.00348785 -0.00213247 -0.00243935
  0.00158196 -0.0055459   0.00510829  0.00076861 -0.00112688  0.00251118
  0.00698467  0.00221459 -0.00424356]
[ 0.00709676  0.00889148 -0.0211613  -0.01202489 -0.00594686 -0.00449997
 -0.0071782   0.00391027 -0.01008509 -0.00040925  0.00980106 -0.01144374
 -0.01801776 -0.00367338  0.00025942 -0.00584094  0.00471091  0.00671642
 -0.00062002 -0.00104409 -0.00508189]
[ 0.00637482 -0.00575779 -0.00215191  0.00112226  0.00080543 -0.00276561
  0.00239568  0.00913201 -0.00596493  0.01510151 -0.01633184 -0.01980681
  0.00842588  0.01315505 -0.01051006  0.00511383  0.0027547   0.00191502
 -0.00560483  0.00651038  0.00348626]
[  6.31577826e-03  -5.78394659e-03   3.44811178e-03  -8.00007504e-03
  -2.48317591e-03  -2.63159681e-03   5.13659613e-03  -1.24547779e-02
   8.98049984e-04  -2.07574347e-03  -1.57218834e-05  -2.30283753e-03
  -5.49702877e-03   6.98983367e-03   3.26417335e-04   7.04818930e-03
  -9.77683856e-03  -4.85032977e-03  -1.54826209e-02   1.21130704e-02
  -2.20914871e-02]
[ 0.00512467  0.0065771  -0.00204696 -0.00138388 -0.000543   -0.00322992
 -0.00027877 -0.00385637 -0.01242729 -0.00631636 -0.00825437  0.00353089
  0.00699041 -0.00124415  0.00479867 -0.00146137  0.00064304  0.00224165
 -0.00446878 -0.00976886 -0.00450942]
[ 0.00629059 -0.00537708 -0.00043706  0.00477581  0.00147853  0.0095191
  0.00045403  0.01198545 -0.00285582 -0.00115519  0.00134996  0.01114232
 -0.0055666   0.00452173  0.01022663  0.00480306  0.00949758 -0.00493376
  0.00391316  0.00469264 -0.00971193]
[ 0.00405677  0.00206873  0.00524452  0.00127484  0.00494993  0.00275206
  0.00209107  0.00567611  0.00338182 -0.00893628 -0.0075178   0.00432748
 -0.0027683  -0.00037611  0.00028498  0.00105366  0.00605579 -0.00765462
 -0.00246104 -0.00440041  0.00153024]
[ 0.00367649 -0.0002458  -0.00017457  0.01021159  0.00258442 -0.00149165
 -0.01064614 -0.00145763  0.00122436  0.0053453  -0.00347966  0.01663931
 -0.01381299 -0.00083371  0.00494317  0.00428402 -0.00362892  0.00155852
 -0.00760592 -0.00232422 -0.00142859]
[ 0.00955753  0.01208405 -0.01853486 -0.01229369  0.00175866 -0.00080533
 -0.00445462 -0.00287403 -0.00151284 -0.002468    0.00060261  0.00423358
 -0.00033872  0.0090612  -0.00303552 -0.00613452  0.00134496  0.00202128
  0.00939136 -0.01015074 -0.01657709]
[  5.53346327e-03  -5.01339725e-03  -1.77701659e-03  -2.02656534e-04
  -5.21292301e-04   2.49322276e-03   1.02821883e-02  -3.13811646e-03
  -7.36841646e-03   6.31824666e-03  -4.34696566e-03  -7.35937927e-03
  -4.10282916e-04   8.01596396e-03   4.07184349e-05   3.93932902e-03
   4.41999697e-03  -6.63232283e-03  -4.95234999e-03   1.04389089e-02
   1.86695458e-03]
[ 0.00968169  0.01202894 -0.00820957 -0.00803467  0.0077296  -0.00271956
  0.0023181   0.00143013 -0.00014788  0.01156963  0.00197507  0.0076994
  0.01705097 -0.01348493  0.01436237  0.00932273  0.00133346  0.00842465
  0.0015383   0.01418996 -0.00661657]
[ 0.01338261 -0.01107903  0.00953416 -0.0153516  -0.01142246 -0.00502876
  0.00171627 -0.0047377   0.00722192 -0.00223341  0.00740693  0.00868961
  0.0047488  -0.00486215  0.01252758 -0.01784323  0.02021684  0.00186446
  0.01248542 -0.01144183  0.01438148]
[ 0.01101995 -0.00978814  0.00842299 -0.0182404  -0.00888141  0.00075905
  0.01229061 -0.02000383 -0.00223586 -0.00312284  0.00545522 -0.00324412
 -0.00363537  0.01121195  0.00731728  0.00815034  0.00075209  0.00068971
 -0.0110203   0.00857586 -0.00312319]
[  1.63581908e-03  -1.46331384e-03  -2.14130088e-03   5.78928862e-03
   4.16782772e-03  -1.33840761e-03  -5.60152885e-03  -2.28239848e-03
  -9.32426681e-04  -1.06043815e-03   2.87650333e-03  -5.50786095e-03
   2.18420361e-03  -1.85434069e-04   1.72912179e-03  -3.28839066e-03
  -4.28096601e-03  -6.23672040e-05  -4.87643362e-03   1.54063802e-03
   5.13143399e-03]
[ 0.00453806  0.00521434  0.01404655  0.00916657 -0.00692302  0.00442173
  0.0007329  -0.00074814  0.00267438  0.002232    0.00188547 -0.00903633
 -0.00361258 -0.01001399  0.00371212 -0.00223453  0.00737629  0.00895007
 -0.00482741 -0.00030535 -0.00717219]
[ 0.00463878  0.00583223  0.01296667  0.01110281 -0.00699605 -0.00279455
  0.00225357 -0.00336002 -0.00985207 -0.00659932 -0.0053386  -0.00212209
  0.00514706  0.00376488 -0.00373939 -0.00261138 -0.00543657 -0.00117195
 -0.00028751 -0.00656698  0.00094243]
[ 0.00890998  0.01131642  0.00371614  0.00072395  0.00368278  0.00314503
  0.00153504 -0.00382243  0.00046632 -0.00291332 -0.00626089  0.01183737
  0.01202341  0.00832027 -0.00619278 -0.00440846  0.00316287  0.00803581
 -0.01021132  0.00724541  0.00855118]
[ 0.01032159  0.01237485  0.0138721   0.00995611 -0.00080584 -0.00512
 -0.00060485  0.00055346 -0.01072126 -0.01144413 -0.00706126  0.01254937
 -0.00515771  0.00689149 -0.00940206 -0.00356758  0.00381079 -0.0011468
 -0.0096876  -0.00236458  0.00680725]
[  1.96125666e-02  -1.64933698e-02  -4.53302320e-03  -4.94458275e-03
  -4.01085805e-03  -1.62031953e-03   1.22056668e-02  -2.07671459e-02
  -9.09182889e-03  -7.20194909e-05  -4.72773029e-03  -3.75611547e-03
   3.03242519e-03  -1.45515912e-02  -1.81341726e-02  -5.28736644e-03
  -3.53004304e-03  -1.47899875e-02   8.63513475e-03   2.46170728e-03
   5.98082533e-03]
[ 0.00465811  0.00348782 -0.0025176   0.00012847 -0.00062062  0.00180352
 -0.00394488 -0.00111996 -0.01209054 -0.00052311 -0.00558039 -0.00872751
 -0.0007496  -0.00400779  0.00842378 -0.00387333 -0.00900287 -0.00117105
  0.0021833  -0.00614441  0.0021008 ]
[ 0.01405407  0.01617331  0.00525742 -0.00647021  0.01918727  0.00621388
 -0.00234903  0.0002222   0.01056448  0.02208387  0.00951161 -0.01125004
 -0.00562165 -0.00321886  0.00308901  0.00247869 -0.00996042 -0.00795164
  0.00157652 -0.00685212  0.01484232]
[ 0.01017786 -0.00826111 -0.00166355  0.00559309  0.00216657 -0.01611696
 -0.00012573  0.0052119   0.01103529  0.00987712 -0.01667493  0.00681162
 -0.01081772  0.00863098  0.0086293  -0.01070275  0.01021057 -0.00029144
  0.003632   -0.00500489 -0.01619458]
[ 0.00863086 -0.00662748 -0.01789044  0.02749431  0.01963344 -0.02218417
  0.0279629  -0.01049652  0.02014735 -0.02509692  0.00625062 -0.00663071
 -0.00672269 -0.002236    0.0077962  -0.00429811  0.00153725  0.01529322
  0.00616911  0.00065195  0.01013711]
[ 0.00940658 -0.00771986  0.01139789 -0.01999369 -0.01571335 -0.01315149
  0.01315462 -0.01099802  0.00996062  0.01035488 -0.00509608  0.00705479
 -0.00754245 -0.00301874  0.01874378 -0.02104686  0.01044486 -0.00299585
 -0.00508623 -0.00069264  0.01417459]
[ 0.0015857  -0.00146813 -0.00086418  0.00082657  0.00117951 -0.00485968
 -0.00163139  0.00388113  0.00162998  0.00625856 -0.00864876 -0.00644649
  0.00395654  0.00214388 -0.01076851  0.00378766  0.00131382  0.00855611
 -0.00326351 -0.00209618 -0.0051146 ]
[ 0.01505142 -0.013269   -0.00518284  0.01085777  0.00929322 -0.00433793
 -0.00054017 -0.00790265 -0.00187774 -0.004343    0.00354859 -0.00791781
 -0.00037016  0.00971726  0.00326111  0.00721624 -0.00063314 -0.00085279
 -0.00244528  0.00882967 -0.00193959]
[ 0.01256057 -0.00980404 -0.00304186  0.01011258  0.00795743  0.00501159
 -0.0240526   0.0058466  -0.01376275  0.01101044  0.0018717  -0.0347326
  0.0208414   0.01679758  0.00762717 -0.009059   -0.00317881 -0.0016642
 -0.00898804  0.00118223  0.01784833]
[ 0.00569246  0.00732365 -0.01827197 -0.01388594 -0.00085995 -0.00310228
 -0.00887569  0.00176401 -0.01443929 -0.01261913  0.00111407 -0.00452707
 -0.02492786  0.00644243 -0.01036651 -0.01378143  0.01314957  0.00740135
 -0.01039059 -0.00470259 -0.00100356]
[ 0.01931896  0.02332061  0.01205665  0.01223913 -0.01028377 -0.01376283
  0.00714857  0.00106552 -0.0029081   0.00129588  0.00774468  0.01406755
  0.01291018  0.01046709 -0.00410235 -0.00114903  0.00096124 -0.00689991
 -0.00145079 -0.01032173 -0.0008162 ]
[ 0.01353915  0.01640824  0.00359331  0.00978882 -0.01127756 -0.00212945
  0.00306921 -0.00241367 -0.00737874 -0.00445474 -0.01228676  0.00095774
  0.00483716 -0.00314915  0.00127703  0.00694443 -0.00019571  0.00380439
  0.00774869  0.01738235  0.01004749]
[ 0.01182541 -0.01055729  0.00682064 -0.01424068 -0.00988471 -0.00248324
  0.00446022 -0.02331202 -0.0027104   0.00664116  0.00244092  0.00376762
 -0.00584109  0.006893    0.00336889  0.013386    0.00678206  0.0085957
 -0.0052425  -0.00014738  0.01208936]
[ 0.00698392 -0.00510865 -0.00356458  0.00392479 -0.0039093   0.02003629
  0.00280974  0.0051269   0.00013186  0.00034157  0.00843218  0.0075516
  0.00728072 -0.00831504 -0.01034362 -0.00909228  0.00423843  0.00441777
  0.00246337 -0.00448411  0.00143312]
[  8.52290126e-03   1.00024201e-02  -1.39128394e-02   3.24164878e-03
  -9.66262700e-03   1.59452782e-02  -2.52400625e-03  -8.14333470e-03
   1.51887442e-02   1.03601326e-02  -1.01834095e-02   3.50792681e-03
  -6.44514349e-05   7.29369914e-04   7.62885191e-03  -1.20615343e-03
  -6.16828715e-03   1.02902271e-02   1.78892822e-03   1.90657554e-02
   2.44478706e-03]
[  9.53535780e-03  -8.35784039e-03   3.83450426e-05   3.97391440e-03
   3.14937377e-03  -3.35658571e-03  -1.15290041e-02   1.09662525e-02
  -8.34016104e-04  -1.89329794e-03  -3.35931122e-03  -3.35389295e-03
   2.28026580e-03   6.58808032e-03   1.13763774e-03   8.77098447e-03
  -3.40606104e-03   2.06693974e-03   9.32170105e-03   1.05358534e-03
   5.08303025e-03]
[ 0.01248675 -0.00850507  0.01122966 -0.00858898 -0.00549693  0.01193722
 -0.008854    0.03620564  0.01214705 -0.02599514  0.00858026  0.01162367
  0.00526229 -0.00642762  0.00380782  0.00459198 -0.00223913  0.00866729
 -0.00130222  0.00745851 -0.01189114]
[ 0.02220231 -0.01976049  0.00040053  0.00884518  0.00699482  0.00578607
 -0.0328163  -0.00164913 -0.00693788 -0.00353957  0.01081337  0.00649599
  0.00958652 -0.0064411  -0.00346769 -0.00209545  0.00979259 -0.0236169
  0.01396974  0.00448919 -0.01474775]
[ 0.01030567  0.01232188 -0.00976584 -0.00121576 -0.00129316 -0.00117326
 -0.00191597  0.00400061  0.01462971  0.00907615  0.00986352  0.00854584
  0.00601647 -0.00024897 -0.00114721  0.01757555  0.00141359 -0.01165916
 -0.00609974  0.00412524  0.006834  ]
[ 0.00475712 -0.00419162 -0.00464298  0.00522926  0.00182007  0.00475074
  0.00671459 -0.00542849 -0.0055772   0.00468226 -0.00149486  0.0062791
 -0.00853416 -0.01312939 -0.01295475  0.00218099 -0.01154315 -0.00672685
 -0.00832244  0.00334837 -0.00812586]
[ 0.00120912  0.00148137  0.00369081 -0.00377539  0.01042112  0.00338219
  0.0004021  -0.00153877  0.00325668  0.00408566 -0.00011976 -0.00151848
 -0.0023002   0.00127757 -0.00124745 -0.0026     -0.00266014  0.00029964
  0.00444143 -0.00010073  0.00146053]
[ 0.01098331  0.01360698 -0.00878488 -0.00298269  0.00089167 -0.01049258
  0.00262501  0.00292762  0.00042209  0.00767727  0.01379498  0.00352651
  0.01143535  0.00903253 -0.00084023  0.01014184 -0.01043925 -0.02430628
 -0.00996807 -0.02136988  0.01041541]
[ 0.00702699  0.00871174 -0.01120998 -0.00780323  0.00266549 -0.00751131
  0.00072474  0.0047526  -0.00826136  0.00483602  0.00833459  0.01167709
  0.00937007  0.00217438  0.00094856 -0.00203089  0.00241017  0.0077101
 -0.0165237   0.01188488  0.0068717 ]
[ 0.00395324 -0.00361138 -0.00097443 -0.00056411  0.00022614  0.00390074
  0.01191943 -0.00831379 -0.00465653 -0.00641231  0.00927703 -0.00306328
 -0.00423865  0.00969282  0.0060659   0.01483942 -0.00010837  0.01703982
  0.00628308 -0.01039691  0.00923593]
[  5.22958201e-03   5.02714043e-03  -1.05056062e-02  -2.32774307e-03
  -6.00289121e-03   4.87436876e-03  -2.26637647e-03  -7.56391326e-03
  -2.04187988e-03  -3.98310938e-03  -1.21557201e-02  -1.30758631e-03
   4.67081447e-03  -5.38526803e-03   5.37591285e-03   2.98654585e-04
  -3.40610349e-03  -2.75191763e-03   3.95298473e-04  -3.06926181e-03
   2.30595225e-05]
[ 0.01634394 -0.01298787 -0.01544898  0.01948973  0.00725629  0.00776884
  0.0314805   0.01250547 -0.01220451  0.02110476 -0.01245828 -0.0009321
 -0.00957932  0.01392656  0.00871335  0.00983825  0.01814673 -0.00041028
  0.00486103  0.00742015  0.00889256]
[ 0.01342868  0.01619035  0.01212367 -0.00044051  0.00812299  0.01151944
  0.00252207  0.0035642   0.0132846  -0.01078823 -0.01615983 -0.02215765
 -0.00149829 -0.03446774  0.0153217   0.02720569  0.02756528 -0.01378024
 -0.01326775 -0.00721437 -0.00250871]
[ 0.00556622 -0.0050825   0.00389745 -0.00518813 -0.00389695 -0.00429073
 -0.00886333 -0.0180153   0.0026223   0.00196155  0.00421773  0.00800647
 -0.00264187 -0.00347563 -0.00139987  0.00589732  0.00490957  0.00157861
 -0.00286826  0.0040639   0.00586794]
[ 0.01405746 -0.01158964 -0.00401428  0.00426153  0.00426645 -0.01926991
  0.01822047  0.00797898  0.01523369  0.0005577  -0.01159581 -0.00406665
  0.00416959  0.0029179   0.01304314 -0.0191128   0.02779266 -0.00733098
  0.00054724 -0.00036205  0.00334236]
[ 0.00528359 -0.00263441  0.00188854 -0.00145473  0.00083445 -0.00711732
  0.00497229  0.01495364  0.00905403 -0.01510874  0.00152917  0.00310935
 -0.00125753  0.00220303  0.00266527  0.0022685  -0.00904274 -0.00207797
  0.00375222  0.0051215  -0.00264746]
[  9.51307626e-03  -8.26622389e-03   7.00249889e-03  -1.10137823e-02
  -6.34651987e-03   1.01513724e-05  -7.15299812e-03   2.56437668e-02
   4.96115845e-03  -7.20844200e-03  -5.74804004e-03  -1.26790845e-03
  -7.97304732e-04   2.08313164e-03   6.39251124e-03   9.30116384e-03
  -2.17059893e-02   1.21718122e-02   5.72484036e-04  -2.46648896e-03
   8.91291877e-03]
[  7.73958323e-03   9.86046991e-03   9.46515494e-03   7.17843916e-03
  -3.87621182e-03  -9.15456843e-03   3.74787203e-03   1.96154945e-03
  -2.19886833e-03   1.80944332e-02   1.71101007e-02  -1.83009045e-03
   7.74558232e-05  -5.44501320e-06   2.33438696e-03   9.35419859e-04
  -9.99327117e-03  -1.62475354e-03   7.35789977e-03   5.63978811e-04
  -1.82804219e-03]
[  5.59111425e-03  -4.15761277e-03   2.07641105e-04  -2.10137008e-03
  -1.28126665e-03  -1.70734443e-03  -8.16058982e-03   1.36611937e-02
   2.36749138e-03  -4.50095455e-03  -1.42529340e-03  -1.11965278e-02
  -5.85272325e-05   2.96655992e-03   1.55338116e-02  -7.38978309e-03
  -2.32451964e-02  -2.45026471e-03  -6.41761217e-03   3.42596444e-03
   1.18212218e-02]
[ 0.01742383 -0.01589275  0.00426168 -0.01119852 -0.00817936  0.00849378
 -0.00317024 -0.00678687 -0.01892472  0.01656822 -0.00702392 -0.00116493
 -0.00104328  0.0015434  -0.01745807  0.01729515 -0.00761623 -0.03084807
  0.0042635   0.01751478  0.00830477]
[ 0.01032803 -0.00873607  0.00168421  0.01219978  0.00587039 -0.00861508
 -0.03404109 -0.00110804  0.00420587  0.0049432  -0.0025679   0.01948167
 -0.01087343  0.0064673   0.0123457   0.01056928  0.01183315  0.00555333
  0.00579622 -0.00452036 -0.00254798]
[ 0.0052498   0.00607074  0.00956086  0.00241282  0.00069707 -0.00016676
  0.00098385  0.00640765 -0.00344506 -0.00874603 -0.00499479 -0.00202155
  0.00180361 -0.01423653  0.00184924  0.01270274  0.01053751  0.00079772
 -0.00311284  0.01430658  0.00515438]
[ 0.0097897   0.01102044  0.01832793  0.01242021 -0.00787009 -0.00661631
  0.00033611 -0.00405582 -0.00506574  0.02704387  0.01207957  0.00049901
 -0.00711896 -0.01007949  0.01936361 -0.01156341 -0.00867655  0.01608582
 -0.00808202 -0.00301748 -0.00706505]
[ 0.00635931 -0.00574875  0.00493457 -0.0052685  -0.00325927 -0.00549881
 -0.01640977 -0.00351582  0.00323154  0.00330211  0.00021137  0.01125748
 -0.00237094 -0.00191303 -0.00069312  0.01117567  0.00610304  0.01354778
  0.01099135 -0.01297533  0.00677553]
[ 0.00422483  0.0019074  -0.00860971 -0.00106247  0.00184276 -0.01017147
  0.00868553  0.01007015  0.00550964  0.00283134  0.00580862  0.0050351
  0.01127171 -0.00389873  0.00113846  0.00821767  0.00229643 -0.00464476
 -0.00162447 -0.0005182  -0.00217671]
[ 0.00840493  0.00995352 -0.00392452  0.00266641  0.00027321  0.00712167
 -0.00696264 -0.00636436  0.00370203 -0.01052922 -0.01892293  0.01172686
 -0.01259489  0.01256271 -0.00093582 -0.00744623 -0.00358318 -0.00122274
 -0.00801083 -0.01156904  0.00349311]
[ 0.00658097  0.00766487  0.00087383  0.00314039 -0.00350784 -0.00918393
  0.00227517  0.00226615  0.00174654  0.00410972  0.00778835  0.00441023
  0.00172478  0.01062427 -0.00499584 -0.00026581 -0.00252682 -0.00944253
  0.01044543 -0.00852767 -0.01003877]

Right eigenvectors

[ 1.          1.16527733  1.3814181   0.18625884  0.98728401 -0.70838448
  0.33453045  0.66173659 -1.3686629  -1.77788905 -0.73037251  1.19628587
 -0.42824976  1.43683805 -1.2540649  -0.82289123 -0.97383918 -0.44401998
  1.51289864  1.45391994  0.60838633]
[ 1.         -0.88087037  0.32973847 -0.47996922 -0.26420204 -0.07239781
 -0.74258528 -0.18801542 -0.01978809  0.23324796 -0.16740898  0.32905392
  0.09633989 -0.49470724 -1.05305176  0.68699202 -0.26131036  0.29366795
 -0.01726191 -0.22856967 -0.07699689]
[ 1.          1.19851391  1.77795211 -1.36214164  3.72198677  1.07942598
  0.15672404 -0.25758776  0.93017274  0.84310129 -0.0265243  -0.27634359
 -1.06347467  0.20119676 -0.63758602 -0.79793377  0.37928141  0.32043586
  0.03316888 -0.09899266  0.41075808]
[ 1.          1.25346284 -0.06782143 -0.05834945 -0.15362029  0.22015489
 -0.00872086 -0.03383367  0.30758803 -0.22906876 -0.18993923 -0.54521771
  0.18939498 -0.74524048  0.31739317  0.72288989  0.77026463 -0.08825707
 -0.81569022 -0.32554091 -0.1566719 ]
[ 1.          1.1846473  -0.88186032 -0.2705541  -0.14846764 -0.28621194
  0.17161679 -1.11812941 -1.78188091 -1.58383218 -2.33454892  0.59206406
  1.85348578 -0.08423437  0.70465283 -0.11052833 -0.9371099  -0.30353651
  1.6190721  -0.73507718 -0.83994763]
[ 1.         -0.46843701  0.7589719  -0.07339886 -0.88475087  2.90685549
 -0.40503734  1.49655945  0.60791567 -0.98847365  2.0767705   0.34975225
  1.96712427 -0.01536402 -0.46766457 -1.80894948  1.20901908  1.60903602
 -1.24064875 -0.48049113 -0.98557289]
[ 1.         -0.86122295  0.81600629 -1.62071865 -0.92318765 -0.61959846
  0.40762405  0.76961721  0.95446954 -0.59888476 -0.46507979 -0.11075872
 -0.42176339  0.02276793  1.4760818  -2.18703731 -1.81749214 -1.17948311
 -0.698556    0.35147577 -0.47566222]
[ 1.         -0.83643608  0.04916059 -0.99067297 -0.60626137 -0.07095657
  1.08156986  0.04636112  0.20910395 -0.01505527  0.06848923  0.30579571
 -0.04659585 -1.90935414 -1.84925581 -0.34588686 -0.82671416  0.75433082
  0.7237977  -1.18367608  0.68249123]
[ 1.         -0.73502837  0.52933932 -0.65084753  0.65923814  1.4006221
  0.47146748 -0.95086144  0.1612605  -1.75665872  1.74365835 -0.49292275
  0.52921956  1.09821398  0.32861567  0.91904582 -0.81048767  0.59474256
 -1.45177274  0.28438839 -3.62694468]
[ 1.         -0.88279738  0.27118729 -0.71982332 -0.13267934 -1.22118859
  0.83681494 -0.50960178  1.03755124 -0.66227752 -0.45761129 -0.95065395
 -0.11206722  1.04283639  0.79561334 -0.40197927 -0.41645227 -0.19626714
 -1.56342088  1.58786538 -1.8543241 ]
[ 1.         -0.80484434  0.55135357 -0.76161712 -0.28159058 -0.3518466
 -0.57268661  0.61559452  0.2109714   0.02741726 -0.78079443  0.59164971
 -0.66377459 -0.04232902  0.08324941  0.38576263 -0.99062251 -0.41193066
  0.22407086 -0.09799895  0.07168257]
[ 1.          1.26662964 -0.64060905 -0.90968392  0.30741448 -0.28302281
 -0.32148015  0.72674113 -0.36943949 -1.03756976  0.82763343 -0.57514843
 -2.01166368  0.84399175 -1.9868406  -0.32070072  1.03035055 -0.23105828
 -0.29914632  1.36457364  1.25365382]
[ 1.          1.28015522  3.3096211   2.56133017 -1.62451348 -0.78021496
  0.60587716 -0.81258368 -2.87944324 -1.39723198 -1.77813064  0.14035828
  1.72850336 -0.90243123  0.3597371  -0.36346218  0.1112114   1.52302983
 -1.13366902 -0.61722111 -0.37542617]
[ 1.          1.26127591  0.77061399  0.62425825 -1.26863167 -0.50622236
 -0.02948132  0.52418426  0.10956807  0.02640848  1.26455312 -1.7621422
 -1.96576927 -0.45534488 -0.6001271  -0.02940402  0.32680669 -0.2381286
  2.08163771  0.51705312 -1.30698924]
[ 1.         -0.60253887 -1.77082439  3.10889075  0.64714565  2.34720265
  1.58445574  0.9480994  -1.09513394  2.78702691 -1.62068105  3.41029835
 -3.66959633 -0.09660722  1.21269455  0.16491459  0.57411208 -0.82260214
 -0.71087574  0.85711756 -2.13482538]
[ 1.          1.1867884  -1.43709742 -0.28413968 -1.13503839  0.22865741
 -0.73415045  0.12307742  0.26088413  0.20365011  0.11977503 -1.4481094
 -1.19820353 -0.35871163  0.91129617  0.03332619 -0.63425353 -0.26104094
 -0.19234798  0.02990796  0.30637741]
[ 1.         -0.83833936 -0.59754365  0.24885974  0.50448747 -1.48749161
  0.94084758  0.49694337  1.26659468 -0.13796189 -0.6637041  -0.57316335
  0.70895249 -1.61863108 -2.51444208  0.17164343 -0.71483282  1.82445592
 -0.89639859 -0.75303021 -1.21969996]
[ 1.         -0.85277322 -1.14037216  2.70601459  1.85098838 -1.04846335
 -1.44786029 -1.53808702  0.61850303 -1.28927447  1.12571162  0.31150144
 -0.98681449 -2.04835442 -0.28295574 -0.0386413  -2.91314525  0.51658592
 -1.82201793  0.40817777  0.86223986]
[ 1.         -0.90022662 -0.18217096  0.76964106  0.63629163 -1.97889663
 -1.8665222   1.11599873  0.87273546  1.85229496 -2.5218486  -0.93347985
  0.41232265  1.38690165 -1.31721463  0.59860867  1.29480051  2.33525896
  0.03528936 -1.15425308 -1.95795884]
[ 1.         -0.91072285  0.00765557  0.67278045  0.8338851  -1.11293255
 -2.87897796 -2.88782623  0.3913997  -1.3874287   1.66041994 -0.64947587
  1.80799484 -0.23192616 -0.24544825 -0.46461402  2.4417295  -1.84036589
  1.62200236  1.84211643 -0.86229274]
[ 1.          1.08683017 -2.1019292   0.53201176 -2.15694707  3.61689109
 -0.6838029  -1.49143585  4.24873328  0.37793297 -1.20250592  0.72211884
  1.45245174  1.6020878  -0.58709578 -0.94858693 -0.77198446  1.16997433
  0.13492639  0.6728877   0.80440339]
[ 1.          1.18085677 -1.88149356 -1.19784168 -0.12916757 -0.61925784
 -0.42194989 -0.15676972 -1.93233932  0.47778651 -0.05514161 -0.62505571
  0.55612537 -1.72760421  2.054525   -0.52339    -0.89053954  1.37104523
  1.85382293  0.04273531 -1.72143032]
[ 1.          1.20703879 -2.36447403 -0.82353444 -0.44028137 -1.919223
  0.45334484  1.27163305  0.17651018  1.32853192  2.39586539  0.82343056
  1.26770894  0.03665125  0.18802886  1.37528839  0.06563847 -0.74053359
  0.72109518  0.36360548 -1.30799352]
[ 1.          1.16580601  0.46646911 -0.40785533  1.1592611   1.14705479
 -0.14905243 -0.58355824  1.34713291 -0.05082134 -0.20172895 -1.46767194
 -0.25531081 -0.06000926  0.52513256  1.12582878  0.12013236 -2.1986394
 -2.40481436 -3.85740034  0.1981809 ]
[ 1.          1.15849175  0.76303716  0.54071341 -0.70298606 -0.12765018
  0.06012391  0.5694685   0.86711793 -0.78298162  1.01413121 -0.86920337
 -0.96650306  0.90142519 -1.34557935  0.0971649   0.65497645 -1.32467268
 -0.0303608  -1.38789862 -0.56941541]
[ 1.         -0.88133007 -0.04041063 -0.13761881 -0.25990397  0.37605333
  0.74246135  0.17103191 -0.12471264  0.25640655 -0.10850307 -0.20309474
  0.17987493 -0.00892675 -0.20174651 -1.22362628  0.39188591  0.16136931
  0.15348806 -0.75963291 -0.13854765]
[ 1.          1.13132751  1.26625563 -1.74695107  4.43808604  1.51143151
  0.55630473 -1.37818039  0.50490592 -0.22194136 -1.4535261   0.51266265
  0.46360553  1.38462822 -0.44358433 -1.34003339 -1.78760521  0.79819663
  3.59278876  1.09236854 -1.67792271]
[ 1.         -0.9094196   0.21659493 -0.41754324 -0.0187423   0.94023364
  0.59128644 -1.08453142 -1.0902261  -0.67315219  1.46334012 -0.64358717
 -0.18690749  2.00140702  0.82453852  2.86472384 -0.21523274  2.3651424
  0.75222195 -1.44893252  0.62126908]
[ 1.          1.27280853  1.73540518  1.02776098 -0.43896628 -0.66048416
  0.29513824  0.11326845 -0.34560577  0.9783694   1.30939756 -0.31865345
 -0.62481853  0.55265484 -0.6218364  -0.67523741 -0.79842062  0.28947563
  1.18061765  0.38212265 -0.59640034]
[ 1.          1.20770237  0.63070035 -0.81861733  1.58519455 -0.59294486
  0.31271192  0.59952237 -1.29767344  0.93153006  1.66531962  2.68356988
  2.05267578  0.96854879 -0.53090767 -1.51911347  0.624651    1.98248496
 -3.35860115  1.44077061  1.29154727]
[ 1.         -0.87074297 -0.00531476  0.14993496 -0.03773139  0.79684465
  0.22338937  1.37949406 -0.63161498 -0.25482999  0.07611336  0.18751965
 -0.27684736  0.96150556  1.31784817  0.83508624  0.08340591 -0.51053892
  0.80588268  0.31052197  0.77628305]
[ 1.          0.83966005 -0.62419012 -1.26505818 -0.59946547  0.09946877
 -0.41932386  1.84541732  0.23804195 -0.93263533  1.28808469 -1.15546273
 -2.04486997 -2.12559486 -1.55436347  1.0968067   0.91576383  0.689018
  0.8292273   2.08672761  1.34086149]
[ 1.         -0.88772599 -0.13470653  0.56243999  0.29292849 -0.08476424
 -0.91298353  0.01734246 -0.09500885  0.0452945   0.36807108 -0.64698666
  0.77361221  0.05547561  0.4982033  -1.62188552  0.9009325  -0.37959117
  0.19707474 -0.29805916  0.47330803]
[ 1.          1.17140048 -0.93513618  0.27938447 -0.15445276 -0.29105064
  0.5711331  -0.31612526  1.26759351 -0.59897444 -0.06968403  0.77405821
  1.23067158  1.22205693 -0.55049992  0.6468524  -0.27327534 -1.39312548
  0.41410041 -1.05409257  0.26744191]
[ 1.          1.23053774 -0.02980406 -0.66053269  0.63102132  0.40407244
 -0.25924256  0.25755949 -0.92568364 -1.17002616 -1.34910139 -0.14336212
  0.04996369 -1.48108702 -0.03605508  0.65676339  1.05219783  1.05694754
  0.25041325  2.58062435  1.597595  ]
[ 1.          1.24066175 -0.26042427  0.92756769 -1.96012028  0.98508063
 -0.31901684 -0.9033666   1.11882464  0.35347015 -0.65612331 -0.82354387
 -0.65401464 -0.58018557  0.85395029 -0.78334735  0.08151315  1.38693115
  0.36783032  0.00336451 -1.16136002]
[ 1.         -0.82348538 -0.81916154  1.4249523   0.52464747  1.96658253
  0.97493574  0.51156056 -1.43907255  0.21432779  0.5092928   0.34419379
 -0.42492391 -0.28838536  0.08362792 -0.37828602  0.11555906 -0.58742064
  0.17212061 -0.37502606 -0.20045152]
[ 1.         -0.82671381 -0.10570981  0.99258436  0.46945092  3.53364141
 -0.5454696   0.82193915 -1.60880521 -0.49215626  2.37403319 -0.85439941
  1.95298765  0.52011999 -0.40311681 -1.57020935  0.51007922  0.14012517
 -1.32630476 -0.97350649 -2.64856176]
[ 1.          1.27145357  0.66074441  2.43629944 -3.5435492   0.98114105
  0.03496206 -0.56716845  2.5177615  -0.10630703  0.36114552 -1.69425124
 -0.85589917  1.54190917 -2.16496737  0.17018246 -0.36437346 -0.00515274
  1.93561255  2.73549195  0.94560805]
[ 1.         -0.86351795  0.00110574 -0.41790189 -0.32380533  0.19387042
  0.42196735 -0.64492778 -0.38955915  0.3615646  -0.11041524  0.18735676
  0.01401977 -0.95819594 -0.82846836 -0.20890435 -0.21978099 -0.93944886
 -0.13060196  0.18320746  0.31184364]
[ 1.         -0.74166252 -0.64076565  0.26672549  0.19299405 -0.00392287
  0.51750451  0.56678316  0.11956003  0.19273326  0.33730827  0.24141999
  0.36350689 -1.81862565 -0.74965352 -0.63776497 -0.5042945   0.30773177
  0.87109523 -0.80665798  0.95780332]
[ 1.          1.24570312  0.67616347 -2.71669714  5.2548595   1.50599578
  0.28341669 -0.76415746  0.67719261  1.85921719 -1.1367246  -1.30030871
  0.8432746  -2.9562707   2.72299899  0.4097117  -0.60069173  1.33859859
  3.72321394  1.18050005 -2.26205032]
[ 1.          1.2528932  -2.98182645 -1.69441989 -0.83796887 -0.6340882
 -1.01147577  0.55099438 -1.42108453 -0.05766734  1.38106176 -1.61253049
 -2.53887172 -0.51761358  0.03655516 -0.82304304  0.66381191  0.94640737
 -0.08736708 -0.14712194 -0.7160863 ]
[ 1.         -0.9032085  -0.33756357  0.1760464   0.12634555 -0.43383267
  0.3758033   1.43251285 -0.93570173  2.36893162 -2.56192884 -3.10703799
  1.32174434  2.06359492 -1.64868388  0.80219221  0.43212248  0.30040428
 -0.87921424  1.02126428  0.54688022]
[  1.00000000e+00  -9.15793169e-01   5.45952002e-01  -1.26668080e+00
  -3.93170216e-01  -4.16670235e-01   8.13295831e-01  -1.97201000e+00
   1.42191500e-01  -3.28659966e-01  -2.48930263e-03  -3.64616590e-01
  -8.70364433e-01   1.10672563e+00   5.16828365e-02   1.11596529e+00
  -1.54800219e+00  -7.67970243e-01  -2.45141932e+00   1.91790621e+00
  -3.49782500e+00]
[ 1.          1.28342067 -0.39943185 -0.27004223 -0.10595851 -0.6302684
 -0.05439799 -0.75251172 -2.42499423 -1.23254    -1.61071254  0.68899899
  1.36407135 -0.24277688  0.93638718 -0.28516376  0.12548022  0.43742259
 -0.87201382 -1.90624314 -0.87994325]
[ 1.         -0.85478114 -0.06947805  0.75919881  0.23503799  1.51322795
  0.07217588  1.90529791 -0.45398312 -0.18363824  0.21459911  1.77126734
 -0.88490832  0.71880845  1.62570169  0.76353031  1.50980731 -0.78430781
  0.62206597  0.74597802 -1.54388085]
[ 1.          0.50994602  1.29278292  0.3142499   1.22016577  0.67838825
  0.51545282  1.39916956  0.83362401 -2.20280641 -1.85315069  1.06672997
 -0.68238988 -0.09271263  0.07024817  0.25972881  1.49276239 -1.88687628
 -0.60665116 -1.08470743  0.37720662]
[ 1.         -0.06685824 -0.04748325  2.77753874  0.70295815 -0.40572807
 -2.89573507 -0.39647366  0.33302386  1.45391314 -0.94646385  4.52587012
 -3.75711387 -0.22676922  1.34453446  1.16524658 -0.98706051  0.42391443
 -2.06880089 -0.63218507 -0.38857453]
[ 1.          1.26434837 -1.93929381 -1.2862838   0.18400789 -0.08426141
 -0.46608536 -0.3007082  -0.15828759 -0.25822546  0.06305074  0.44295772
 -0.03544054  0.94806973 -0.31760509 -0.64185195  0.14072308  0.21148513
  0.98261394 -1.06206721 -1.73445358]
[ 1.         -0.90601437 -0.32114004 -0.03662381 -0.09420724  0.45057185
  1.85818317 -0.56711616 -1.33161026  1.14182499 -0.78557776 -1.32997707
 -0.07414577  1.44863417  0.00735858  0.71191021  0.79877588 -1.19858441
 -0.89498199  1.88650551  0.33739351]
[ 1.          1.24244291 -0.84794791 -0.82988281  0.79837326 -0.28089714
  0.23943123  0.14771468 -0.01527387  1.19500192  0.20400035  0.79525363
  1.76115696 -1.39282891  1.48345713  0.96292407  0.13772992  0.87016335
  0.1588872   1.46564941 -0.6834112 ]
[ 1.         -0.82786743  0.71242914 -1.14713032 -0.85353012 -0.3757682
  0.12824591 -0.35401887  0.53964984 -0.1668891   0.55347442  0.64932125
  0.3548488  -0.36331827  0.93610874 -1.33331457  1.5106799   0.13931978
  0.93295874 -0.85497746  1.07463903]
[ 1.         -0.88822054  0.76434088 -1.65521708 -0.80593969  0.06888002
  1.11530559 -1.81523843 -0.20289214 -0.28338058  0.49503147 -0.29438639
 -0.32989036  1.01742321  0.66400365  0.73959908  0.06824765  0.06258736
 -1.0000323   0.77821233 -0.28341275]
[ 1.         -0.89454504 -1.30900838  3.53907636  2.54785372 -0.81818805
 -3.42429607 -1.39526339 -0.570006   -0.64826127  1.75844833 -3.36703553
  1.33523544 -0.11335854  1.0570373  -2.01024105 -2.6170168  -0.03812598
 -2.98103482  0.94181443  3.13692025]
[ 1.          1.14902413  3.09527836  2.01993232 -1.52554866  0.97436716
  0.16150185 -0.16485858  0.58932346  0.4918404   0.41547993 -1.99123363
 -0.79606323 -2.20666971  0.8179971  -0.49239783  1.6254302   1.97222504
 -1.06376101 -0.0672859  -1.58045346]
[ 1.          1.257275    2.79527343  2.39347405 -1.50816468 -0.6024316
  0.48581029 -0.72433256 -2.12384812 -1.42264047 -1.15086268 -0.45746627
  1.10957145  0.81160825 -0.80611343 -0.56294517 -1.17198073 -0.25264084
 -0.06197975 -1.41566726  0.20316325]
[ 1.          1.27008436  0.41707599  0.08125159  0.41333276  0.35297853
  0.17228309 -0.4290058   0.05233673 -0.32697267 -0.70268363  1.32855219
  1.34943216  0.93381491 -0.69503914 -0.49477806  0.35498107  0.90188922
 -1.14605529  0.81317925  0.95973118]
[ 1.          1.19892862  1.34398809  0.9645903  -0.07807306 -0.49604723
 -0.05860061  0.05362199 -1.03872163 -1.10875654 -0.68412512  1.21583674
 -0.49970095  0.66767651 -0.91091126 -0.34564273  0.36920598 -0.11110687
 -0.93857626 -0.22909027  0.65951521]
[ 1.         -0.84095928 -0.23112851 -0.25211299 -0.2045045  -0.08261639
  0.62233909 -1.05886937 -0.4635716  -0.00367211 -0.24105618 -0.19151575
  0.15461644 -0.74195242 -0.92462007 -0.26959075 -0.17998884 -0.7541077
  0.44028581  0.12551683  0.30494863]
[ 1.          0.74876386 -0.54047697  0.02757886 -0.13323382  0.38717808
 -0.84688481 -0.24043271 -2.59559032 -0.11230052 -1.19799397 -1.87361766
 -0.16092379 -0.86038914  1.8084127  -0.83152459 -1.93273037 -0.25139943
  0.46870931 -1.31907933  0.45099822]
[ 1.          1.15079202  0.37408533 -0.46038017  1.3652472   0.44214133
 -0.16714239  0.01581011  0.75170311  1.57135098  0.6767872  -0.80048326
 -0.4000015  -0.22903429  0.21979455  0.17636839 -0.70872152 -0.565789
  0.11217558 -0.48755461  1.05608749]
[ 1.         -0.8116742  -0.16344746  0.5495348   0.21287119 -1.58353036
 -0.01235364  0.51208201  1.0842438   0.97045126 -1.63835285  0.6692584
 -1.0628674   0.84801498  0.84784997 -1.05157177  1.00321347 -0.02863508
  0.3568527  -0.49174286 -1.59115672]
[ 1.         -0.7678817  -2.07284524  3.18558232  2.27479527 -2.5703319
  3.23987401 -1.21616137  2.33433899 -2.90781204  0.72421739 -0.76825567
 -0.77891308 -0.25907029  0.90329368 -0.49799365  0.1781104   1.77192278
  0.71477309  0.07553713  1.17451934]
[ 1.         -0.82068704  1.21169406 -2.12550114 -1.6704637  -1.39811645
  1.39844938 -1.16918448  1.05889945  1.10081301 -0.54175726  0.74998455
 -0.80182689 -0.32091829  1.99262454 -2.23746216  1.11037886 -0.3184851
 -0.54070963 -0.07363374  1.50688035]
[ 1.         -0.9258513  -0.54497903  0.52126385  0.74384103 -3.06468399
 -1.02881274  2.447574    1.02791917  3.94686655 -5.45420767 -4.06537725
  2.49513382  1.35200652 -6.79099291  2.38863076  0.82854037  5.39577737
 -2.05807996 -1.32192227 -3.22544648]
[ 1.         -0.88157804 -0.3443426   0.72137874  0.6174316  -0.28820773
 -0.03588833 -0.52504348 -0.12475503 -0.28854424  0.23576433 -0.52605118
 -0.02459334  0.64560466  0.21666454  0.47943959 -0.04206527 -0.05665877
 -0.16246201  0.58663406 -0.12886438]
[ 1.         -0.78054087 -0.24217552  0.80510538  0.63352459  0.39899409
 -1.91492865  0.46547225 -1.09571074  0.87658736  0.1490136  -2.76520854
  1.65927161  1.33732606  0.60723123 -0.72122523 -0.25307811 -0.13249362
 -0.71557538  0.09412255  1.42098108]
[ 1.          1.28655195 -3.2098535  -2.43935473 -0.1510678  -0.54498071
 -1.55920067  0.30988546 -2.53656281 -2.21681443  0.19571004 -0.79527522
 -4.3790994   1.13174693 -1.82109423 -2.42099562  2.30999734  1.30020222
 -1.82532483 -0.82610886 -0.17629646]
[ 1.          1.20713591  0.62408364  0.6335295  -0.53231506 -0.71240008
  0.37002893  0.05515411 -0.15053099  0.06707819  0.40088488  0.72817343
  0.66826494  0.54180398 -0.21234852 -0.05947697  0.04975612 -0.35715754
 -0.07509679 -0.53427981 -0.04224853]
[ 1.          1.21191007  0.26540131  0.72300055 -0.83295918 -0.15728103
  0.22669144 -0.17827322 -0.54499248 -0.32902671 -0.90749867  0.07073864
  0.35727189 -0.23259587  0.09432136  0.51291449 -0.01445537  0.2809914
  0.57231738  1.28385774  0.74210644]
[ 1.         -0.89276308  0.57677792 -1.20424365 -0.83588688 -0.20999153
  0.37717267 -1.97134893 -0.22920102  0.56160055  0.2064134   0.31860361
 -0.49394359  0.58289699  0.28488545  1.13196854  0.57351539  0.72688343
 -0.44332455 -0.01246282  1.02232045]
[ 1.         -0.73148686 -0.51039775  0.56197497 -0.55975668  2.86891533
  0.40231595  0.73410073  0.01887988  0.04890769  1.20737041  1.08128301
  1.04249741 -1.19059739 -1.48106073 -1.30188714  0.60688393  0.63256236
  0.35271997 -0.64206179  0.20520258]
[ 1.          1.17359333 -1.6324065   0.38034569 -1.13372509  1.87087445
 -0.29614402 -0.9554651   1.78210961  1.21556407 -1.19482899  0.41158834
 -0.00756215  0.08557766  0.89510035 -0.14151911 -0.72373092  1.207362
  0.20989663  2.23700297  0.28684916]
[ 1.         -0.87651041  0.00402135  0.41675567  0.33028375 -0.35201466
 -1.20907934  1.15006198 -0.08746563 -0.19855552 -0.35230049 -0.35173226
  0.23913794  0.69091066  0.11930729  0.919838   -0.35720328  0.21676583
  0.97759321  0.11049248  0.53307179]
[ 1.         -0.68112765  0.89932574 -0.68784755 -0.44022139  0.95599121
 -0.70907169  2.89952471  0.97279522 -2.08181756  0.68714927  0.93088034
  0.42142963 -0.51475556  0.30494893  0.3677485  -0.17932062  0.69411906
 -0.10428774  0.59731375 -0.95230087]
[ 1.         -0.89001948  0.01804014  0.39838996  0.31504938  0.26060656
 -1.47805823 -0.07427763 -0.31248462 -0.1594234   0.48703801  0.29258186
  0.43178016 -0.29010967 -0.15618622 -0.09437963  0.4410618  -1.06371384
  0.62920203  0.20219475 -0.66424406]
[ 1.          1.19564159 -0.94761879 -0.11797045 -0.12548095 -0.11384622
 -0.18591376  0.38819487  1.41957937  0.88069461  0.95709625  0.82923705
  0.58380201 -0.02415858 -0.11131833  1.70542531  0.13716662 -1.13133471
 -0.59188165  0.40028847  0.6631304 ]
[ 1.         -0.88112579 -0.97600607  1.09924789  0.38259846  0.99865815
  1.41148187 -1.14112972 -1.17238903  0.98426384 -0.31423618  1.31993603
 -1.79397555 -2.75994441 -2.72323283  0.45846928 -2.42649764 -1.41405934
 -1.74946943  0.70386519 -1.70814587]
[ 1.          1.2251645   3.0524664  -3.12242382  8.61875042  2.79722646
  0.33255302 -1.27263099  2.69342687  3.37903024 -0.09904742 -1.25585436
 -1.90237513  1.05661049 -1.03169719 -2.15031847 -2.20005703  0.24781849
  3.67327134 -0.08331135  1.20792849]
[ 1.          1.23887721 -0.79983853 -0.27156518  0.08118434 -0.95532052
  0.23900008  0.26655193  0.03843046  0.69899416  1.25599458  0.32107922
  1.04115685  0.82238647 -0.07650048  0.92338618 -0.95046483 -2.21301933
 -0.90756496 -1.94566793  0.94829405]
[ 1.          1.23975508 -1.59527467 -1.11046634  0.37932219 -1.06892334
  0.10313725  0.67633574 -1.17566117  0.688207    1.18608268  1.66174905
  1.33344004  0.30943296  0.13498821 -0.28901233  0.34298825  1.09721222
 -2.35146297  1.69131955  0.97790136]
[ 1.         -0.91352512 -0.2464899  -0.14269492  0.057204    0.98672097
  3.01510671 -2.10303516 -1.17790372 -1.62204218  2.34669383 -0.7748802
 -1.07219716  2.45186904  1.5344129   3.75374143 -0.02741348  4.31034743
  1.58935143 -2.6299743   2.33629556]
[ 1.          0.96128915 -2.00888067 -0.44511073 -1.14787209  0.93207617
 -0.43337622 -1.44637052 -0.39044801 -0.76164966 -2.32441524 -0.25003649
  0.89315254 -1.02977026  1.02798137  0.05710869 -0.65131467 -0.52622134
  0.07558892 -0.58690385  0.00440944]
[ 1.         -0.79465984 -0.9452422   1.19247439  0.44397425  0.47533478
  1.9261269   0.76514408 -0.74672985  1.29128974 -0.76225661 -0.05703056
 -0.58610863  0.8520929   0.53312439  0.60195118  1.11030324 -0.02510274
  0.29742077  0.45400008  0.54408914]
[ 1.          1.20565437  0.90281931 -0.03280388  0.60489875  0.8578241
  0.18781193  0.2654168   0.98927074 -0.80337213 -1.2033819  -1.65002489
 -0.11157391 -2.56672605  1.14096818  2.02593914  2.05271681 -1.02617948
 -0.98801599 -0.53723596 -0.18681713]
[ 1.         -0.91309639  0.7001972  -0.93207425 -0.70010695 -0.77085118
 -1.59234151 -3.23653844  0.47110951  0.35240286  0.75773721  1.43840228
 -0.47462451 -0.62441437 -0.25149437  1.05948294  0.8820287   0.28360486
 -0.51529793  0.73009972  1.0542043 ]
[ 1.         -0.82444758 -0.28556232  0.30315116  0.30350103 -1.37079642
  1.29614287  0.56759746  1.08367322  0.03967292 -0.8248866  -0.28928767
  0.29661062  0.20756984  0.92784517 -1.35962028  1.9770763  -0.52150113
  0.03892891 -0.02575501  0.23776414]
[ 1.         -0.49860238  0.35743459 -0.27533026  0.15793304 -1.34706103
  0.94108202  2.83020473  1.71361329 -2.85955998  0.28941971  0.58849133
 -0.23800605  0.41695656  0.50444246  0.42934774 -1.71147688 -0.39328779
  0.71016593  0.96932151 -0.50107184]
[  1.00000000e+00  -8.68932790e-01   7.36091954e-01  -1.15775192e+00
  -6.67136445e-01   1.06709671e-03  -7.51912202e-01   2.69563347e+00
   5.21509375e-01  -7.57740378e-01  -6.04225162e-01  -1.33280593e-01
  -8.38114518e-02   2.18975606e-01   6.71970987e-01   9.77724092e-01
  -2.28170033e+00   1.27948224e+00   6.01786447e-02  -2.59273540e-01
   9.36912365e-01]
[  1.00000000e+00   1.27403112e+00   1.22295409e+00   9.27496862e-01
  -5.00829528e-01  -1.18282447e+00   4.84247268e-01   2.53443809e-01
  -2.84106813e-01   2.33790795e+00   2.21072636e+00  -2.36458527e-01
   1.00077512e-02  -7.03527959e-04   3.01616623e-01   1.20861787e-01
  -1.29118983e+00  -2.09927781e-01   9.50684235e-01   7.28694032e-02
  -2.36193879e-01]
[ 1.         -0.74361077  0.0371377  -0.37584102 -0.22916124 -0.30536747
 -1.45956413  2.44337588  0.4234382  -0.80501924 -0.25492117 -2.0025575
 -0.0104679   0.53058474  2.77830337 -1.32170132 -4.15752485 -0.43824265
 -1.14782347  0.61275164  2.1142873 ]
[ 1.         -0.91212707  0.24458902 -0.64271308 -0.46943549  0.48748044
 -0.18194842 -0.38951638 -1.08614012  0.95089437 -0.40312156 -0.06685843
 -0.05987644  0.08858005 -1.00196501  0.99261479 -0.43711583 -1.7704528
  0.24469355  1.00521977  0.47663302]
[ 1.         -0.84586049  0.16307158  1.18123044  0.56839373 -0.83414515
 -3.29599073 -0.10728495  0.40722896  0.47862027 -0.24863448  1.88629084
 -1.05280729  0.62618873  1.1953584   1.02335828  1.14573124  0.53769537
  0.5612123  -0.43767903 -0.24670486]
[ 1.          1.1563747   1.82118611  0.45960257  0.13278108 -0.03176485
  0.18740751  1.22055142 -0.65622613 -1.66597437 -0.9514258  -0.38507265
  0.3435572  -2.71182295  0.35224936  2.41966292  2.00722182  0.15195279
 -0.59294466  2.7251675   0.98182451]
[ 1.          1.12571765  1.87216477  1.26870217 -0.80391526 -0.67584443
  0.03433352 -0.41429438 -0.51745577  2.76248248  1.23390595  0.0509727
 -0.72718921 -1.02960189  1.97795778 -1.18118123 -0.88629409  1.64313765
 -0.82556379 -0.30823041 -0.72168222]
[ 1.         -0.90399015  0.77596002 -0.8284703  -0.51251989 -0.86468699
 -2.5804336  -0.55286149  0.5081591   0.51925697  0.03323819  1.77023637
 -0.3728298  -0.30082303 -0.10899273  1.75737214  0.95970225  2.13038667
  1.72838819 -2.04036815  1.06545149]
[ 1.          0.4514743  -2.03788471 -0.25148229  0.43617372 -2.40754749
  2.05583094  2.38356503  1.30411092  0.67016755  1.37487807  1.1917886
  2.66796951 -0.92281461  0.26946854  1.945089    0.54355668 -1.09939524
 -0.38450662 -0.1226552  -0.51521888]
[ 1.          1.18424729 -0.46693045  0.31724365  0.0325061   0.84731982
 -0.8283997  -0.75721773  0.44045974 -1.25274236 -2.25140769  1.39523563
 -1.498512    1.49468309 -0.11134167 -0.88593536 -0.42631834 -0.14547916
 -0.95311063 -1.37645792  0.41560193]
[ 1.          1.16470365  0.13278169  0.47719251 -0.53302817 -1.39552867
  0.34571957  0.34434856  0.2653929   0.62448588  1.18346681  0.6701495
  0.26208617  1.61439442 -0.75913437 -0.04039092 -0.3839583  -1.43482403
  1.58721867 -1.29580839 -1.52542556]
