Cluster centers 

[-1.83169178  1.33400453 -0.1711366   0.50040506]
[ 0.66634728  0.31753148 -0.39011054  0.28425188]
[-1.82309795 -1.39939741 -0.24280071 -0.21721963]
[ 0.50753485  0.44717321  1.07931426  0.61848128]
[ 0.54909108  0.55155334 -1.19190673 -1.15582985]
[ 0.57881861 -0.78719417  0.83305896  0.78910058]
[-1.74261979  1.69552746  0.49054539 -1.08981033]
[-1.49564768  0.82207286  0.92386641  1.28826899]
[ 0.65572314  0.5940943  -0.35131952 -0.66860679]
[ 0.1924214  -1.83690409  1.94815986 -0.93595061]
[-1.53848639 -0.80497001  0.86818341  0.43325706]
[ 0.68491681 -0.93068429 -0.40362868  0.89297908]
[-1.69658887 -0.65480079 -2.55716252  1.25303847]
[-1.82500321 -2.03114731 -0.1895277  -1.48301967]
[-0.06109301  0.91278233  1.97402991  0.51682382]
[-1.89869673  0.76088907 -0.9499313   1.32691485]
[-1.7318869   1.75335508  0.65876491 -2.38971125]
[ 0.64609585  0.84596922  0.39673907 -1.70520388]
[ 0.48142533 -0.38267164 -1.74392588  0.99904938]
[ 0.69301219 -1.79381754  0.09883555 -0.08196921]
[-1.00548299  1.75675585  2.0697762  -1.88031185]
[ 0.29448847  0.57542836 -1.82770684 -3.19166082]
[ 0.44318537  0.42010361 -1.69482605 -0.57937703]
[-0.07974499 -1.85375286 -2.85522067  0.47029291]
[-1.68238705 -0.54013943  0.37623434  0.85584933]
[ 0.60298716  0.57450497  0.68093074  0.16055418]
[ 0.67325793 -0.24618006 -0.52834045  0.93423792]
[-1.86226724 -1.28850788 -1.32676857  0.30231206]
[ 0.44835335 -1.44972953  1.39000956 -0.04228235]
[-1.86000282 -2.23599673 -1.15286414 -1.53432283]
[-1.70294681  1.27285717  0.41411329  0.74220662]
[-1.10984844  1.29908415  1.67337715  0.60409424]
[ 0.65720822 -1.42338631 -0.81261999  0.58736605]
[ 0.67782419 -1.12517515  0.20150579  0.65567897]
[-1.83948013 -0.52601144 -0.44759236  1.02254676]
[-1.86276441  1.11998566 -1.85485482  0.25124201]
[ 0.63803477  0.44355462 -0.71028464 -0.22902244]
[-1.80484929  1.59966762  0.14254287 -0.54575649]
[ 0.64812432  0.73938845 -0.266546   -1.93012507]
[-0.83263784 -1.65981233  2.07099942 -1.12335732]
[ 0.66070211  0.54936482  0.14552458 -0.10090361]
[ 0.57288666 -0.01886649  0.81359232  0.95117112]
[ 0.2980856   1.21098337  1.77913006 -1.45777414]
[-1.82150209  1.70446728  0.20515336 -1.81753936]
[ 0.63032097  0.12812675 -0.89066029  0.52731417]
[-1.09301538  1.7885186   2.0772657  -2.85676581]
[ 0.67123283  0.19477346 -0.02235331  0.61001749]
[-1.86465639 -1.72894399 -0.64601891 -0.68680788]
[-1.78150294  0.74240164 -0.01437437  1.34768117]
[ 0.20952288 -0.69266683  1.7468209   0.67697292]
[ 0.42169432 -2.50512815  1.65571243 -2.06964921]
[-1.66278014 -1.9295971   0.66420334 -1.53999662]
[ 0.41167678  0.53575287 -1.69549359 -1.42440329]
[-0.121758   -1.98367795  2.28290311 -1.50098889]
[ 0.27784538  0.99216607  1.67528152 -0.1723755 ]
[ 0.64089625  0.79020137  0.43445118 -0.98923671]
[ 0.68359488 -2.39989662  0.48367384 -1.23279603]
[-1.67939539  1.59592634  0.62260939 -0.25737595]
[-1.78724878 -1.07519969 -0.04270527  0.24647222]
[ 0.62837341  0.21846542  0.49945707  0.70388218]
[-0.09201043  0.29042706  1.96062471  0.9906314 ]
[-0.46478674  1.23595574  2.11501447  0.24106152]
[-1.89051386  0.1644705  -1.08635488  1.52661116]
[ 0.67409309 -0.21606503  0.01790119  0.94249111]
[ 0.66380756  0.42048254 -0.37384365  0.02139467]
[ 0.60239958  0.49109298 -0.9483616  -0.57347639]
[-0.5196922   0.52650645  2.04205765  1.12076005]
[-1.89700753  0.82078386 -1.47010483  1.18050694]
[ 0.61933653  0.31254208 -0.93031724  0.1136756 ]
[-0.49166961 -1.25417213  2.19874801 -0.29765559]
[-1.32166498 -1.07806561  1.3875838  -0.05309421]
[ 0.39088873  0.22668073 -1.9573139   0.12142423]
[ 0.60330816  0.76333227  0.70733336 -0.46800018]
[ 0.66036551  0.70988799 -0.08944462 -1.16137654]
[ -1.82950566e+00   1.48572852e+00  -5.38591095e-02   5.69978006e-04]
[ 0.66724566  0.15026326 -0.45947487  0.5756016 ]
[ 0.68564823 -0.63757631 -0.2403949   0.98251046]
[-1.62365944  1.61955659  0.8013446  -0.34876014]
[ 0.61036885  0.71395201 -0.54803783 -2.5025745 ]
[-1.70861642 -1.63259641  0.42293313 -0.84519873]
[ 0.35218296  0.13996316  1.45635021  0.96168534]
[ 0.396858   -1.01857412  1.46025379  0.45420455]
[ 0.6604018   0.42210496  0.14724559  0.25673436]
[ 0.60225897 -1.27432402  0.81534417  0.35584032]
[-1.66667649 -0.18888461  0.42827449  1.17078341]
[-1.80072032  0.01250407 -0.1622034   1.39518007]
[-1.80910336 -2.544258   -0.05133074 -2.83632844]
[-1.88563226  1.53092918 -0.39290511 -0.51355759]
[ 0.55877486  0.46308852 -1.21259444 -0.58614333]
[ 0.61507194  0.58446009 -0.7784775  -1.01106214]
[ 0.6030771  -2.46520161 -1.16992238 -0.74314702]
[ 0.68781832 -1.76218578 -0.50331811  0.13983957]
[-1.88439671 -0.67395672 -1.21082397  1.04470389]
[ 0.47935886  0.68793613  1.19096618  0.22712091]
[ 0.62616781 -0.41348265  0.56080049  0.95488581]
[-1.61163438 -1.13367764  0.68932215 -0.01338901]
[ 0.61954038 -0.5607049  -1.11323582  1.00869649]
[-1.88821308  1.61781052 -0.31969786 -1.40016978]
[ 0.53926455  0.34754594 -1.36705916 -0.15138969]
[ 0.66635149  0.52520864 -0.19335088 -0.23809386]

Populations

0.00758832306819
0.0243186998919
0.00712937551703
0.0141815578485
0.0139973881318
0.0104656003982
0.00135927787506
0.00852194497922
0.0174770047392
0.00697338460427
0.0074993163706
0.0191981163318
0.00100867463875
0.013403278047
0.0191908046776
0.0107194817214
0.00475894344205
0.00701983996394
0.0106982633082
0.0105638868402
0.00302574458636
0.00525850325204
0.00893868431262
0.0035022128357
0.00485958609488
0.0191244737659
0.0174358351138
0.0101641455378
0.0152013561805
0.00657053403594
0.00391664817024
0.00484729261955
0.0138333912867
0.014176938707
0.00648778768437
0.00291422781778
0.0191979255175
0.0121983762018
0.0208660935536
0.00504466114635
0.0230049640035
0.00833700834137
0.00174666828603
0.00227181501887
0.0261917940115
0.00143539152466
0.0245591544157
0.00501549923761
0.00830086760404
0.00351011225078
0.0139472689771
0.00341047762498
0.00540009308181
0.00162421921647
0.00704348944581
0.0159818887996
0.00519663039136
0.00394235675857
0.00667177855105
0.023130794906
0.00717247256078
0.00806806065122
0.0133218799846
0.0262082571805
0.0174531464924
0.015743945301
0.00322266199683
0.00374089387629
0.0143959704044
0.00136742151038
0.00355227460813
0.00529776892098
0.00889738111855
0.0139555237135
0.00165050668312
0.0192370490747
0.0141259817463
0.00297622882739
0.0123796179257
0.0021427370367
0.0226746440203
0.00515334107671
0.0223319434255
0.0122880548811
0.00127217840953
0.00159142061731
0.00451979285373
0.00608654511174
0.0138441240623
0.0139402604174
0.00175918691757
0.0105015369818
0.0046680864566
0.00988813996164
0.00701935341121
0.00782777512043
0.0140144319964
0.00616235874875
0.0106728615376
0.0245143311167

State labels

0
1
2
3
4
5
6
7
8
9
10
11
12
13
14
15
16
17
18
19
20
21
22
23
24
25
26
27
28
29
30
31
32
33
34
35
36
37
38
39
40
41
42
43
44
45
46
47
48
49
50
51
52
53
54
55
56
57
58
59
60
61
62
63
64
65
66
67
68
69
70
71
72
73
74
75
76
77
78
79
80
81
82
83
84
85
86
87
88
89
90
91
92
93
94
95
96
97
98
99

Eigen values

1.0
0.928668030593
0.596790305144
0.571516861767
0.545289512734
0.480376198852
0.474229235946
0.457476372282
0.439420721392
0.437339166272
0.42278762847
0.417418213404
0.388226093616
0.381191458963
0.37222593821
0.369104308254
0.360247754986
0.334121379787
0.326748688857
0.318739776796
0.310782838116

Left eigenvectors

[ 0.00758832  0.01328114 -0.00653961 -0.02055138 -0.00509208  0.00023681
 -0.00041201 -0.00102767  0.00539562 -0.00636165  0.00833957  0.0173119
  0.00619881 -0.00445939 -0.01098946  0.00678754 -0.01811043 -0.00885107
 -0.00130991  0.01790358  0.00038951]
[ 0.0243187  -0.01311077  0.00017172  0.01162432 -0.00157     0.01304219
 -0.0379427   0.00341343  0.01204905 -0.00906114  0.00063565  0.00562426
  0.00453519  0.00823454 -0.0007638  -0.00399809  0.01505488  0.00368056
  0.00821206  0.01369165  0.01944922]
[ 0.00712938  0.01468105 -0.00382518 -0.00665101 -0.00110273  0.00087195
 -0.00585823  0.00051498  0.00798358  0.01386992 -0.00067651 -0.00455147
 -0.01463888 -0.00530303  0.02160955  0.01518476  0.01281637  0.00301265
 -0.00907396 -0.01223557 -0.00270082]
[ 0.01418156 -0.00831703 -0.0011081  -0.00076737 -0.00300955 -0.02674526
  0.0056937   0.00275157  0.00833578 -0.00078742 -0.00805479  0.00217872
 -0.00442766 -0.00287115  0.00265677 -0.00481613 -0.00558933  0.01525659
 -0.0084262  -0.00966022  0.03115322]
[ 0.01399739 -0.00783083 -0.00090208 -0.00258343 -0.00102796 -0.01491318
  0.00982617 -0.01261365  0.00733453 -0.00064012 -0.00417749 -0.02034002
 -0.01553281 -0.0141491  -0.0257646   0.00194409 -0.00532574 -0.00553283
 -0.01142858 -0.00377356 -0.01165904]
[ 0.0104656  -0.00386208 -0.00144112 -0.00575823 -0.00457299 -0.00604708
  0.007633   -0.01170743  0.00571798  0.00199005 -0.00750518 -0.01447404
 -0.00598067 -0.00856378 -0.01926313  0.00790916  0.01113693  0.0062218
  0.00740968  0.00215244 -0.00847337]
[  1.35927788e-03   2.82231232e-03   1.98618881e-05  -2.52569514e-03
   2.08527469e-03  -8.08886135e-04   9.13881824e-04  -1.09797547e-03
   3.35817452e-03  -5.77397598e-04   2.86631482e-03   6.06131367e-03
   1.08965746e-03   2.11309255e-04  -3.43072089e-03   1.25479694e-03
  -5.77868945e-03  -1.23599865e-03  -9.68193348e-05   8.91372040e-03
  -1.78806679e-03]
[ 0.00852194  0.01812602  0.00835726  0.00661506  0.02147335 -0.00545305
  0.00626746 -0.00537663  0.01281557  0.00462604  0.00562357  0.01186584
 -0.00215922  0.00666045 -0.00316555 -0.00236509 -0.0049153   0.00561835
  0.0012227   0.01525146 -0.00786225]
[ 0.017477   -0.00967847 -0.00128215 -0.00082049 -0.00133771  0.0045757
 -0.00223331  0.00101682  0.01062349  0.00119575 -0.01696211  0.00093491
  0.01474873  0.00997532  0.00793901  0.00689272 -0.00619556 -0.00591029
  0.01322454  0.00983905 -0.01604267]
[  6.97338460e-03  -3.79589102e-03  -6.58295199e-04  -2.01868955e-04
  -8.31287660e-04  -2.39718312e-03   2.83256776e-03   3.27737756e-03
  -2.80925580e-06   2.58066602e-03  -8.50086908e-03   3.77461248e-03
   3.84292608e-03   3.52269147e-03   7.70733778e-03  -3.99207776e-03
  -1.02744767e-02   6.71608020e-03   3.23997314e-03  -1.07725748e-04
  -4.23360411e-04]
[ 0.00749932  0.0163529  -0.00573263  0.00577264 -0.00150905  0.00094943
  0.00197943  0.00671105  0.00496564 -0.00546917 -0.00013149 -0.00164061
 -0.00735034 -0.01267735  0.00940728  0.01135893 -0.00739663 -0.00193175
  0.00584368  0.00466993  0.00074467]
[ 0.01919812 -0.01026378  0.00830484  0.00342319  0.01325092  0.01185561
 -0.00513104 -0.02069976 -0.01024014 -0.01059868  0.01076809  0.0048752
 -0.0138733  -0.02674072 -0.01190053  0.01081601  0.0014848  -0.00933874
  0.01054174 -0.01982765  0.01686285]
[ 0.00100867  0.00198146  0.01161695  0.00078232  0.00445952 -0.00204253
 -0.00140034 -0.00299611 -0.00236529 -0.00196228 -0.00318426 -0.00063369
  0.00187866  0.00031684  0.00336874  0.00304372  0.00014594 -0.00145121
 -0.00257219 -0.0007404  -0.00091861]
[  1.34032780e-02   2.83894561e-02   1.05859879e-02   1.75818339e-02
  -2.34964404e-03   6.22592740e-03   2.06788346e-02   3.46626175e-02
   2.70841475e-02   4.17963941e-03   1.63709131e-02   3.66681175e-03
   8.08232610e-03  -2.28695219e-02  -2.06954621e-02   8.05718616e-06
  -1.57587069e-02  -1.28749104e-02   2.76489987e-02  -4.25362800e-03
   5.90967366e-03]
[ 0.0191908  -0.00701274 -0.00523712 -0.01188363  0.00099172 -0.00173869
  0.01690305 -0.00766845  0.01224273  0.00446832 -0.01421758 -0.01556873
  0.01554251  0.00919376  0.01959449  0.00319797 -0.02719159  0.0013162
  0.00660683  0.0063721  -0.00534928]
[  1.07194817e-02   2.01833173e-02  -1.27062689e-02  -1.06976827e-02
   2.86278522e-02  -1.13242521e-03   1.96159588e-03   2.26816972e-02
   6.22785813e-03  -2.11434214e-03  -1.10327038e-05  -1.03548504e-02
   1.86819857e-02  -1.21407254e-02  -1.97684755e-03  -1.30615378e-02
   2.45991697e-02   4.77283350e-03  -4.50888238e-03  -1.85112260e-02
  -2.28531604e-03]
[ 0.00475894  0.00734193 -0.00613915 -0.01512323  0.00540493 -0.00127807
 -0.00030083  0.00172034  0.00105716 -0.00408375  0.00071021  0.00143426
  0.01360382 -0.00367448 -0.00443333 -0.00452969 -0.00139883 -0.0001199
 -0.00178885  0.00056681  0.00142967]
[ 0.00701984 -0.00437663  0.00021817  0.00245366 -0.00232159 -0.01459436
 -0.01233345  0.00968105  0.00438951 -0.00594148  0.00630642  0.00801383
 -0.00078535  0.00902297 -0.00192808  0.00326392 -0.00111386 -0.00622961
 -0.01325897 -0.00828196 -0.01047095]
[ 0.01069826 -0.00666632 -0.00051957  0.00197802 -0.00394343 -0.03552852
 -0.00455808  0.00746413  0.00855595 -0.00423369 -0.00650314  0.00848509
 -0.01188106 -0.00288536 -0.00277282 -0.00694298 -0.00302851  0.0158322
 -0.00352086 -0.01086888  0.02133138]
[ 0.01056389 -0.00627555  0.00137674  0.00275795 -0.00267078 -0.0089691
 -0.00285485  0.00349947 -0.01027775 -0.00646467  0.03793896  0.00691492
 -0.00684807 -0.00685474  0.01118415 -0.01010812  0.0173042  -0.00794587
  0.00023973  0.00879502 -0.01936308]
[  3.02574459e-03   4.52201749e-03  -1.99951070e-03   4.51120376e-03
   6.00931379e-03  -2.34963891e-03   3.41108589e-03  -2.81820032e-03
  -7.42031840e-04  -6.43914571e-03  -1.80591535e-03  -8.36390977e-04
  -9.69876766e-04   2.20907859e-03   6.50970236e-05  -2.95180828e-03
  -2.39053251e-03   1.12301102e-02  -2.36836700e-03   9.96224403e-03
  -4.86861872e-03]
[  5.25850325e-03  -2.96234220e-03  -5.32251535e-04  -1.42534953e-03
   2.17651134e-05  -3.21171220e-03   6.83681854e-03  -9.58105880e-04
  -2.99497469e-03   3.86913059e-03  -2.56350841e-03  -1.59838672e-03
   2.76807655e-03  -3.04379682e-03   8.26745112e-03  -2.55718844e-03
  -2.27085207e-03  -1.76863401e-02   3.17836881e-03   2.60434838e-03
  -1.17403091e-02]
[ 0.00893868 -0.00517546 -0.00114051  0.0005708  -0.00096375  0.00573376
 -0.01092338 -0.00031221  0.0200772  -0.00554607 -0.01146243  0.00040018
  0.00713362  0.00776252  0.02566352 -0.02354374 -0.02550042  0.00486492
  0.01802623 -0.01602238 -0.01710437]
[  3.50221284e-03  -2.02351115e-03  -1.86373186e-04   7.90193876e-05
  -1.14027719e-03  -9.60501803e-03  -1.33212686e-03   3.10496073e-03
   2.58099126e-04  -6.41653120e-04  -1.37473562e-03   3.72954271e-03
  -4.29792951e-03  -2.86491904e-03  -6.34472322e-03   2.44448234e-03
  -1.85068924e-03  -9.81814034e-04  -6.35147858e-03  -1.78313527e-03
  -1.83725765e-03]
[ 0.00485959  0.01002332 -0.00963894  0.01448918 -0.00204908 -0.00371452
 -0.00588369 -0.01485575 -0.00955522  0.00321366 -0.00297023  0.00116876
  0.00926791  0.00629059 -0.00252957 -0.00665276 -0.00240402  0.00105031
 -0.00822767  0.01076429  0.00399745]
[ 0.01912447 -0.01047731  0.00155966 -0.00086776 -0.00295145 -0.00248827
  0.00737901  0.0124779  -0.0047787   0.00421943  0.00180166  0.00447637
  0.02536842  0.02726114  0.00599102  0.02971847 -0.00315591  0.00903356
 -0.01272192  0.00644913  0.00981677]
[ 0.01743584 -0.00849568 -0.00388187 -0.00675736  0.00096648 -0.00876254
  0.01010082 -0.00607638  0.0195419   0.00105842 -0.0090972  -0.03241357
  0.01551092  0.02449699 -0.00853756  0.02028449 -0.00114124 -0.01625715
 -0.00086451 -0.00890097  0.00572908]
[ 0.01016415  0.01825372 -0.00414202 -0.02943967 -0.02540167  0.00051251
 -0.00975111 -0.01365417 -0.00386575  0.00113038  0.00082475  0.00357361
  0.00348131 -0.01128752  0.00036075  0.00737884 -0.00166047  0.00406848
  0.00548895 -0.01274749  0.00293858]
[  1.52013562e-02  -5.53757897e-03   3.52865261e-03   1.25419801e-03
   6.41220274e-04   2.29285915e-02   7.87715431e-03   1.54544618e-02
  -2.87146973e-02   6.23406174e-03   1.83444031e-02   1.17337915e-02
   9.55353964e-05   3.50033678e-03  -2.03014745e-03   4.71953230e-03
  -1.45433839e-02   1.99752622e-02  -1.36698257e-02  -1.96374996e-02
  -2.68925101e-03]
[ 0.00657053  0.01389027 -0.01174761  0.01860377 -0.00887828 -0.00151409
 -0.00681155 -0.01247276  0.00117967  0.01555029 -0.00165772 -0.00103964
  0.0050589  -0.00922062  0.00914721  0.00871353  0.00623604  0.00053784
 -0.00733546 -0.01315123  0.00142598]
[ 0.00391665  0.00738238  0.03001315  0.00155353 -0.00126429 -0.00149783
 -0.00170298  0.0033255  -0.00140879  0.00089078 -0.00575796 -0.00705676
  0.00253137  0.00214157  0.00608183  0.00107336  0.00522464 -0.00040389
 -0.01053984  0.00473465 -0.00228869]
[ 0.00484729  0.0046161  -0.00554269 -0.00361662  0.00057589  0.00452462
  0.0062779   0.00771921 -0.00871503 -0.0135757  -0.00349386 -0.00102188
  0.00414677  0.0043938  -0.00277654 -0.00167054  0.00288223 -0.00581675
 -0.00520294 -0.00872538  0.00679443]
[ 0.01383339 -0.00585794 -0.0003625  -0.00216494 -0.00200872  0.00476471
 -0.00543877  0.00839572 -0.00134177 -0.003433    0.00230784  0.02147208
 -0.00110684 -0.00589847 -0.01669192  0.01107283 -0.0131903   0.00495276
 -0.03681063  0.00335412 -0.01468443]
[ 0.01417694 -0.00845839  0.00125397  0.00274554  0.00015443  0.01012946
 -0.00475584 -0.0144824   0.01190122 -0.01552231  0.04244181 -0.02586319
 -0.00104723 -0.0034547   0.0082701  -0.01505095 -0.01180064  0.00690317
 -0.02270586 -0.00381308  0.0082657 ]
[ 0.00648779  0.01379864 -0.01193191  0.02112482 -0.00660721  0.00091839
  0.00651183 -0.00161625 -0.00834375 -0.02297302 -0.00936517 -0.00478117
 -0.00361058 -0.00088111  0.00718048  0.00397544  0.00058533  0.00429906
 -0.00481665  0.00448723 -0.00154701]
[ 0.00291423  0.00566558 -0.00540913  0.00852814 -0.00510456  0.00298604
  0.01017657  0.00156769 -0.00600873 -0.02268823 -0.00510208  0.00091833
 -0.00681518  0.00923278  0.00107762  0.00082595  0.00342633 -0.00383367
  0.00027911 -0.00313925 -0.0004594 ]
[ 0.01919793 -0.01007386 -0.00200059 -0.00532077 -0.00017188 -0.00126112
  0.02631679 -0.02586121  0.0078402   0.00516169 -0.01039803 -0.03642987
 -0.01848948 -0.0163587  -0.03345449 -0.00241953 -0.00505958  0.01771099
 -0.0098809   0.0059479  -0.02103311]
[ 0.01219838  0.02363723 -0.00552497 -0.00787459  0.03691733 -0.00757849
 -0.00495073 -0.00204448 -0.0085195  -0.00386772 -0.00082027 -0.0013181
  0.00514348  0.01142442 -0.00612147 -0.02292061  0.00214831  0.01352556
 -0.00138624  0.01479475 -0.00328035]
[ 0.02086609 -0.00958729 -0.00183857 -0.00010061  0.00195808 -0.00866796
  0.016612   -0.01396339  0.00506919 -0.00437915 -0.00071418 -0.01623609
 -0.00232642 -0.00748141 -0.00542749  0.00115977 -0.01744752  0.05021179
 -0.00524142  0.01304212 -0.01289252]
[ 0.00504466  0.00323173 -0.00516984 -0.00941573  0.00827661 -0.00021946
  0.00649648  0.0027685   0.00399807  0.00374189 -0.00101225 -0.00404841
  0.00225538  0.00837713  0.00016184  0.0010564   0.01431148 -0.00882391
 -0.00327999 -0.00773808  0.00235115]
[ 0.02300496 -0.01327641  0.00323198  0.00455632  0.00080601  0.01451881
 -0.0170798  -0.0034134   0.00822427 -0.00905226  0.01229657 -0.00625072
  0.01349527  0.00775025  0.00141965  0.02346492  0.02639796  0.00573886
  0.03222327  0.02909682  0.02878356]
[  8.33700834e-03  -2.66481317e-03  -1.59398453e-03  -1.07113288e-03
  -5.14712872e-06  -3.70924441e-04   4.80733570e-03   8.81506515e-03
  -5.94600412e-03   2.27156176e-03  -3.64417925e-03  -8.59822560e-03
   7.81462305e-03   1.91740565e-02  -2.98326617e-03   9.04816259e-03
  -7.15685771e-03  -1.03662537e-02   2.96747580e-03  -5.37741389e-03
   8.53497318e-03]
[  1.74666829e-03  -9.94053631e-04  -2.59566775e-05  -4.23839956e-04
   2.41163644e-04   1.86296392e-03   3.75226580e-03  -7.72895857e-04
  -2.37251750e-03   2.23835176e-03  -3.55141250e-03   1.81898102e-03
  -9.36481362e-04  -3.40310954e-03   1.16663156e-03  -3.64493088e-03
   1.47922843e-03  -4.59839002e-03  -1.60931596e-03   8.08369260e-04
   3.60147033e-04]
[  2.27181502e-03   5.12042852e-03   1.55329023e-02  -2.96933879e-03
  -9.42563641e-03  -4.08639438e-05  -2.24826545e-03   3.18079171e-04
  -1.98173441e-03  -4.68775591e-05  -3.24273015e-03  -4.88091396e-03
   4.77641243e-04   3.62912723e-03  -1.11769377e-03  -7.98187805e-03
   4.93247615e-03   1.73243653e-03  -2.86730416e-03   1.04562979e-03
  -1.05586350e-03]
[ 0.02619179 -0.01368544  0.0001923  -0.00149622  0.00214114  0.02059541
  0.01329679 -0.00647007 -0.00576666  0.00726794 -0.02910524  0.00906832
 -0.01809136 -0.0196427  -0.00825932 -0.02702895  0.00563899 -0.01964097
 -0.01351864  0.008142    0.02200139]
[  1.43539152e-03   3.28459895e-03   4.44558278e-03   3.15233242e-03
  -1.99995813e-03   1.28715399e-03   3.83026127e-03   6.54338978e-03
   5.63336130e-03   1.98641470e-03   2.63705292e-03  -4.48960219e-04
   1.21986624e-05  -3.70998380e-03  -3.56894161e-03  -6.34756880e-04
  -2.83978929e-03  -1.99024963e-03   5.37944711e-03  -9.05756664e-04
   1.38648658e-03]
[ 0.02455915 -0.0128614  -0.00095956 -0.00395151 -0.00058356 -0.00496883
  0.01331881 -0.00447303  0.00271501  0.00694284 -0.00323572 -0.01959429
  0.01574212  0.01246432 -0.00755193  0.02437705  0.02313607 -0.01140657
  0.00575129  0.01480335  0.01234351]
[  5.01549924e-03   1.12512529e-02  -6.89386647e-03   2.07267630e-02
  -4.26518494e-03  -3.69778336e-03   7.58647285e-05  -2.04114417e-02
   3.43112093e-03   1.60671837e-02   4.09857229e-03   1.13762913e-02
   1.10000741e-02   8.62458606e-03  -6.92116116e-03  -5.71965021e-03
   2.85521755e-03  -2.53091113e-03  -5.34947381e-03  -1.74493474e-03
   7.20772141e-04]
[ 0.00830087  0.01769991  0.02445916  0.00993108 -0.01134025  0.00328514
  0.0081156   0.01299912  0.01176475  0.00755068  0.0026178  -0.00456431
 -0.00513754 -0.00196875 -0.00235517 -0.00276583 -0.00192849  0.00043733
  0.00294528 -0.00066857  0.00127996]
[  3.51011225e-03  -2.13676379e-03   1.36626936e-04   9.29796554e-04
  -1.73444024e-03  -9.08646219e-03  -5.05001175e-03   6.20440735e-03
   1.97452342e-04  -3.64772523e-03   7.68994873e-03   9.90481498e-03
  -3.10619102e-03   6.69363781e-04   6.18801977e-04  -1.85881732e-03
  -8.52894494e-05  -6.51869647e-04  -1.22789269e-02  -2.79572463e-03
  -7.95415808e-03]
[ 0.01394727 -0.00736449  0.00070507 -0.00282907  0.00048871  0.01340282
  0.02048673 -0.00148677 -0.01784202  0.01187661 -0.00519988  0.01212705
  0.0065036  -0.00888488  0.01287209 -0.00340038 -0.00330587  0.00290096
  0.00073202 -0.00481858 -0.0132811 ]
[  3.41047762e-03   7.92343633e-03  -2.11365215e-05   1.49080942e-02
  -5.82543505e-03  -5.61232835e-04   2.36433746e-03  -5.39281247e-03
   8.04135495e-03   1.41182528e-02   4.32897496e-03   4.71334883e-03
   7.41067733e-03  -2.53490049e-03  -4.51367612e-03  -8.18185064e-04
   7.21147934e-04  -3.49306890e-03  -3.23731874e-04  -7.34640068e-03
   2.56042892e-03]
[ 0.00540009 -0.00320913  0.00077136  0.00190817 -0.00176063 -0.00433249
 -0.00308035  0.00022619 -0.00340977 -0.00415069  0.01978108  0.00362783
 -0.00173219 -0.00196799  0.00645941 -0.00282538  0.01835749  0.00329053
  0.01365683  0.01180682 -0.0045772 ]
[ 0.00162422  0.00062986 -0.00185433  0.00138164  0.00109872 -0.00472868
 -0.00753422  0.00454898 -0.00953736  0.00364002  0.00066563 -0.00692847
 -0.00347708 -0.00044596 -0.00184032 -0.00112337 -0.00536101 -0.00477124
  0.00612126  0.00306378 -0.00327081]
[  7.04348945e-03  -2.60930806e-03  -3.50740036e-04  -5.99023811e-04
   6.03725037e-03   1.30939351e-02  -1.04815061e-03  -5.96496606e-03
   2.70372452e-03   4.16622794e-03  -8.44670003e-03  -2.79147398e-03
  -2.15462533e-02  -3.43055260e-04  -9.98141059e-03  -1.34993978e-02
  -6.37857910e-05  -5.52798083e-03  -7.98008050e-04   9.34625254e-04
   9.25964920e-03]
[ 0.01598189 -0.00989105 -0.00067818  0.00238149 -0.00555637 -0.03792062
 -0.00494599  0.01463736  0.00864863 -0.00178465 -0.0151906   0.02182509
 -0.00847872  0.00124873  0.01071552 -0.01720611 -0.00906568  0.0164798
 -0.00103022 -0.01446283  0.02485088]
[ 0.00519663 -0.00274715  0.00062491  0.00065634  0.00106329  0.00735401
 -0.00207084  0.0016008  -0.00431326  0.00031426 -0.00114426  0.00702344
 -0.00034376 -0.00339312 -0.00582261  0.00415753 -0.00157577 -0.00357331
 -0.00946954 -0.00496834 -0.00496971]
[ 0.00394236  0.00868558  0.01594968 -0.00421169 -0.00722513 -0.00081915
 -0.00385559  0.00258342 -0.00373727 -0.00101307 -0.0041894  -0.00723431
  0.00128062  0.00137126  0.00102657 -0.00772685  0.00113873  0.00193375
 -0.00708949  0.01027768  0.00095751]
[ 0.00667178  0.01177226 -0.01229858  0.00693808  0.00592859  0.00127266
 -0.00999522  0.00917853 -0.00272532  0.00240377 -0.00655099 -0.01328275
 -0.00114439 -0.01599934  0.01165714  0.00622481  0.01158863  0.00654426
 -0.00189075 -0.01266349 -0.00709924]
[  2.31307949e-02  -1.33360730e-02  -1.32906068e-05  -1.32768010e-03
  -3.50145483e-03  -1.06713167e-03   1.89974136e-02   6.85851940e-03
  -1.41440093e-02   1.38556417e-02  -1.67698715e-02   2.34223520e-02
   9.73964161e-03  -3.74931723e-03   2.67196378e-02  -1.52834323e-02
   1.26737942e-02  -2.97223813e-03   1.20470501e-02   1.52340317e-02
   1.48661771e-02]
[ 0.00717247 -0.00410481  0.00066426 -0.00018548  0.00111257  0.00059694
  0.00233308 -0.00813781  0.0030335  -0.00478814  0.0118182  -0.00865125
  0.00174129 -0.00599414  0.00481136  0.00203509  0.00138454  0.00762829
  0.00354529  0.00730649  0.01536789]
[ 0.00806806  0.00336587  0.00444411  0.00382494  0.00305341  0.01282607
  0.00073485  0.01879501 -0.01576438  0.01420986  0.00898557 -0.00394253
 -0.01150949  0.01266641 -0.00950424 -0.00015235 -0.01616193  0.00887591
  0.00689334 -0.00909518  0.00719517]
[  1.33218800e-02   2.70839706e-02  -5.86422643e-03  -2.08976657e-02
  -2.34074616e-02   3.65238292e-05  -1.29558344e-02  -3.03294272e-03
  -1.31204857e-02  -9.06490813e-03  -2.31359327e-03  -2.42055021e-03
   1.20513909e-03  -1.20427653e-02   3.40660840e-03   6.56055550e-03
  -1.55854416e-02  -5.53806271e-03  -1.88046941e-03   1.45008465e-02
   9.51614107e-03]
[ 0.02620826 -0.01400899 -0.00065715 -0.0057714   0.00180393  0.00625005
  0.04009045 -0.00413701 -0.02551244  0.02210195 -0.01593749  0.01371068
  0.00718833 -0.01927433  0.02129148 -0.01332969  0.01034841 -0.02645272
 -0.00225484 -0.00041356 -0.01864995]
[ 0.01745315 -0.00988387  0.00190694  0.0008643  -0.00257459  0.00722757
 -0.00064858  0.01148487 -0.0068759   0.00527069 -0.00896176  0.02094062
  0.01165172  0.00727995 -0.00287427  0.0158962   0.0051295   0.00063036
 -0.0163292   0.00949436 -0.00361712]
[ 0.01574395 -0.00785597  0.00132893  0.00365612  0.00105352  0.02047341
 -0.01296925  0.00706434 -0.00029832 -0.001044    0.00123607  0.009121
 -0.00216171  0.00202353 -0.00905352  0.00121986 -0.00978054  0.00801424
 -0.0140989  -0.00495424  0.00587851]
[  3.22266200e-03   3.07793339e-03  -1.01970273e-03  -2.56114828e-03
   8.69240036e-03   5.75882446e-03   4.42475835e-04   1.00143102e-03
  -1.16392447e-03   7.89269664e-03   9.96022421e-04   2.27203791e-05
  -1.92338884e-02   1.40067758e-02  -3.94663871e-03  -6.75513077e-03
  -1.05603934e-04   1.75573776e-03   1.34038691e-03  -1.23458836e-03
   5.14518627e-03]
[ 0.00374089  0.00796168  0.00683617 -0.0145938  -0.02188866  0.00044641
 -0.00621048 -0.01223119 -0.00720689 -0.0040181  -0.00107336  0.00270642
  0.00024584  0.0075258  -0.00885608 -0.01231319  0.00761689  0.00219791
  0.00986451 -0.01342346 -0.00193284]
[  1.43959704e-02  -8.35124292e-03  -1.73569604e-05   1.46564223e-03
   2.34407513e-03   2.45545782e-02  -1.02874973e-02  -8.64069384e-03
   1.58147025e-02  -5.39898626e-03  -2.26911578e-03  -3.31040975e-03
  -7.66778605e-03  -7.54530596e-03   1.71210154e-02  -3.58157258e-02
  -8.41107301e-03  -2.20622482e-02  -5.18943842e-03   1.08006894e-02
   1.93583739e-02]
[  1.36742151e-03   6.62586718e-04   5.93090241e-03   8.00243222e-04
   9.47304042e-03  -1.66398374e-03  -1.81589567e-03  -9.22018118e-03
  -4.11949568e-03  -5.01186179e-03  -5.05605881e-04   4.39041418e-03
  -7.77043354e-05  -3.91945618e-03  -2.40841157e-04   5.63630251e-03
  -3.89832473e-03  -3.29850843e-03   6.38770609e-03  -8.20455540e-03
   2.75060274e-03]
[ 0.00355227  0.00350578 -0.00641658  0.00919863 -0.00132268 -0.00193058
 -0.01120111 -0.00519867 -0.00995829  0.00811732 -0.00284423 -0.00591716
  0.00425898  0.00161527 -0.0003578  -0.00150304 -0.003325   -0.00146027
 -0.00184588  0.00468544  0.00397916]
[ 0.00529777 -0.00327113  0.0003076  -0.00013619 -0.00045437 -0.00234559
  0.00347744 -0.00306369  0.001863   -0.00222007  0.01139088 -0.00695271
  0.00282338 -0.00166354  0.00627051 -0.00116368 -0.00107332 -0.00493175
 -0.01120942  0.00124158  0.01064458]
[ 0.00889738 -0.00526756  0.00037545 -0.00066092  0.000363   -0.00393407
  0.0064473  -0.00527587 -0.00257916  0.00014516  0.0106513  -0.00767393
 -0.00255645 -0.00882552  0.00756478 -0.00680544 -0.00011405 -0.02486492
 -0.00286994  0.00018418 -0.00680244]
[  1.39555237e-02  -7.96156077e-03   1.61328476e-03   1.80163064e-03
   1.33859866e-03   1.46842011e-02  -1.62762767e-03  -1.52118450e-03
  -5.59916546e-03  -5.66947829e-04   8.46549587e-04   6.79182021e-03
  -3.52865888e-03  -1.01810011e-02  -7.10816213e-03   2.41453505e-03
   5.22791205e-03  -1.06082699e-03  -8.45013656e-03  -3.43343111e-03
  -5.00732891e-05]
[ 0.00165051  0.00339321 -0.00230553 -0.00239333  0.00860073 -0.00121372
 -0.00034725  0.00367773 -0.00012541 -0.00096155 -0.00012815 -0.00219057
  0.00471218 -0.00060174 -0.00149359 -0.00686695  0.00585253  0.00377349
 -0.00138007 -0.00163221 -0.00127434]
[ 0.01923705 -0.00854403 -0.00279215  0.00621039  0.00330852  0.02901882
 -0.03648214  0.00204557  0.02323177 -0.00964165 -0.0259567   0.0080306
 -0.00682961 -0.01445778 -0.01552507  0.00708414  0.01334094  0.01932084
  0.01341763  0.00188276 -0.02722515]
[ 0.01412598 -0.00815894 -0.00069133  0.00556213  0.00052579  0.01967608
 -0.03321567  0.00594468  0.01983289 -0.00917791 -0.01707933  0.01186353
  0.00256818  0.00133848 -0.01129706  0.00463417  0.01497101 -0.00860937
 -0.00677173  0.00502302 -0.01349723]
[  2.97622883e-03   6.71877277e-03  -2.09838824e-03   1.06981781e-02
  -5.88623202e-03   2.58658199e-03   8.95765332e-03   4.35849521e-03
  -2.28789991e-03  -1.91440225e-02  -5.19460632e-03  -2.15027220e-03
  -8.57619542e-03   2.08373509e-03   5.00982886e-03   4.27182376e-03
   8.96549244e-05  -1.82236659e-03   1.01238332e-03   4.74072601e-04
  -3.74506607e-04]
[ 0.01237962 -0.0073626   0.00081096  0.00045822 -0.00261744 -0.01845561
  0.002663   -0.00079172 -0.00093762 -0.00177708  0.00649064  0.00397611
 -0.00378701 -0.00811867  0.00596048 -0.00042853  0.01652534  0.01435315
  0.02101157  0.00749251  0.02673506]
[ 0.00214274  0.00365697  0.01144233  0.00114373  0.01653783 -0.00454011
 -0.00234078 -0.01209686 -0.00499819 -0.00630861 -0.00229645  0.00584252
  0.0018687  -0.00152     0.0013755   0.00587993 -0.00522086 -0.00260085
  0.00594322 -0.00650358  0.00064703]
[ 0.02267464 -0.01056948  0.00128566 -0.00316964 -0.00490172  0.01356311
  0.01916326  0.00168443 -0.02060947  0.01226472  0.00877978  0.00675628
  0.00889262 -0.00142333  0.01493724  0.00014463 -0.01151115  0.03998649
  0.0146519  -0.01247105 -0.01541781]
[ 0.00515334 -0.00264352  0.00323593  0.00200315  0.0022784   0.00912501
 -0.00347265 -0.00043154 -0.00798931 -0.00131406  0.00604695  0.00439493
 -0.00304695 -0.00466834 -0.0055147   0.00602806  0.00190346  0.00221324
 -0.00029256 -0.00761377  0.00848576]
[ 0.02233194 -0.01135225 -0.00296109  0.00342334 -0.00059773 -0.00045346
 -0.00329172  0.00114982 -0.00293156  0.0081818  -0.0145404  -0.01247368
  0.00417105  0.01673679 -0.01236137  0.00626997 -0.00677863 -0.02055071
 -0.00015061 -0.00227904  0.00559869]
[ 0.01228805 -0.00728678 -0.00085333  0.00261033 -0.00122407 -0.00123475
 -0.01087727  0.00556373  0.00698156 -0.00069505 -0.0150113   0.00901627
  0.00105603 -0.00046289  0.01116883 -0.01393271 -0.00461632 -0.01040374
  0.00972301  0.00074939 -0.00770532]
[  1.27217841e-03   2.77901733e-03   5.21625244e-03   6.98525662e-05
   1.56938642e-03  -7.44141315e-04  -5.17883338e-04   2.13486723e-04
   2.30884271e-03   2.80446008e-03  -7.93913892e-04  -9.87707335e-04
  -2.11014070e-03   4.94964082e-04   5.00901644e-03   2.67725304e-03
   3.09820706e-03   1.29825943e-03  -4.81826039e-03   1.28413038e-03
  -2.53671261e-03]
[  1.59142062e-03   1.05059980e-03  -4.39394106e-04  -4.05145675e-03
  -3.80972542e-03   1.11589399e-03  -5.29726857e-05  -2.09442811e-03
  -2.37844421e-03   1.22228621e-03   9.07845771e-04   1.23354567e-03
   1.51049205e-03  -2.34899412e-03   1.54514563e-03   1.50772917e-03
  -1.51699934e-03   5.30171200e-03   2.90054299e-03  -4.42344063e-03
  -1.11434304e-03]
[ 0.00451979  0.00610081 -0.00635377  0.00334871  0.00414771 -0.00357011
 -0.01658443  0.00836281 -0.02175256  0.00954817 -0.00071121 -0.01584196
 -0.00447802 -0.00145179 -0.00181739 -0.00312518 -0.01145391 -0.0012123
  0.00872527  0.00533313 -0.00208888]
[ 0.00608655  0.01029971 -0.00871123 -0.01952867  0.00566159 -0.0002298
  0.00044447  0.00466181 -0.00214609 -0.00784685  0.00043132  0.00103749
  0.0150703  -0.00217489 -0.00671681 -0.00446552  0.00456986 -0.00573659
 -0.00551928 -0.00365459  0.00630976]
[ 0.01384412 -0.0056396   0.00052977 -0.00014212 -0.00440815 -0.00272914
  0.0134193  -0.00653395 -0.00707047  0.00145307  0.01515734  0.00122927
  0.00136894  0.00683214  0.00046373 -0.00111591  0.01322486  0.01517959
  0.01948622  0.00114673 -0.03231152]
[  1.39402604e-02  -7.50984829e-03  -2.39091293e-04  -6.31744476e-05
  -1.00026438e-03   3.76636716e-03  -3.23796372e-04   1.65720430e-03
   2.42723748e-03   1.68981202e-05   5.95441101e-03  -1.20290020e-02
   1.52220241e-02   2.21745105e-02  -2.35707876e-03   1.81098583e-02
   7.09428840e-04  -1.93266848e-03   6.58238349e-03  -1.80875253e-03
   2.37166682e-03]
[  1.75918692e-03  -9.67660273e-04  -5.61495116e-06   8.01112856e-04
   3.33291466e-04   3.91297590e-03  -4.88825416e-03  -8.22801506e-05
   3.12796530e-03  -1.79880276e-03  -1.68355944e-03   3.02822401e-04
   5.31034189e-04  -9.49411716e-04  -1.75519575e-03   3.31285302e-03
   4.49830479e-03   3.29487440e-03   5.65385320e-03   3.76995589e-03
  -4.42026078e-04]
[ 0.01050154 -0.00621723  0.00037956  0.00261301 -0.00035287  0.00197254
 -0.01171651 -0.00690472  0.01668696 -0.01316317  0.02242638 -0.0180798
  0.00896931  0.01975784  0.00841932 -0.00552702 -0.01531837 -0.00305208
 -0.00206167 -0.02682979 -0.0130854 ]
[  4.66808646e-03   7.75837205e-03  -3.86791467e-03  -7.48135351e-03
   7.91713093e-03   2.40167247e-03   3.41774500e-03  -3.39774726e-03
   7.59569732e-03   1.05116010e-02   3.44907124e-03   4.84484534e-03
  -2.40213006e-02   1.99365287e-02   6.28745928e-03   3.57677692e-03
   8.53096251e-03  -2.99953900e-03  -3.92263491e-04  -3.22256050e-03
  -9.09462957e-05]
[ 0.00988814 -0.0030526   0.01032605  0.00283643 -0.00018644  0.00770943
 -0.00207978  0.0091314  -0.01245106  0.00457186  0.0056739   0.00136961
  0.00141912  0.00911111 -0.00467593  0.01149014  0.00596853  0.00467552
 -0.00056507  0.00221301  0.00681217]
[  7.01935341e-03  -4.13841717e-03   6.51967181e-05   3.78337025e-04
  -2.14306349e-03  -6.90994529e-03   5.11605877e-03   3.35992529e-03
  -3.54923444e-03   3.89374899e-03  -5.29881611e-03   9.98038463e-03
   3.08230328e-03   1.26316678e-03   6.78808052e-03  -2.83102090e-03
   6.94254740e-03   3.44364267e-03   6.06375442e-03   3.05400773e-03
   3.06552424e-04]
[ 0.00782778  0.01389851 -0.00897305 -0.02129305 -0.00091443  0.00039189
 -0.00365588 -0.00610183  0.0092278   0.00710936  0.00267854  0.00571301
 -0.02405404  0.00308807  0.02379664  0.0226506  -0.01071143 -0.00258785
 -0.00131603  0.01196102  0.00097701]
[ 0.01401443 -0.00809245 -0.00018222  0.00016352 -0.00297256 -0.024542
  0.00142788  0.00098905  0.00201739  0.00073208 -0.01034178  0.00367254
 -0.01161713 -0.01003371 -0.01747013  0.00599025  0.00734123 -0.00237849
  0.00404528 -0.00377143 -0.01442998]
[ 0.00616236  0.0110015  -0.00445103  0.00182661 -0.00513753  0.00056263
  0.00808861 -0.01006707  0.00084125 -0.00506915  0.00586519  0.01333424
 -0.00545735  0.02064323 -0.01076951 -0.00818119  0.00616784 -0.00448334
  0.00922288 -0.00376765 -0.00653781]
[ 0.01067286 -0.0063313   0.00120433  0.00055306  0.00060569  0.00714882
  0.00160307 -0.00668906 -0.00078673 -0.00493661  0.01978519 -0.00196261
 -0.000408   -0.01271519  0.01077819 -0.00899654  0.00030291 -0.00672414
 -0.01274006  0.00472145  0.00764472]
[ 0.02451433 -0.01367585 -0.00022983  0.00612544 -0.00343698 -0.04812485
 -0.02051145  0.01847072 -0.01248918 -0.00172306  0.0117654  -0.0044381
 -0.01674348  0.00235822 -0.0107858   0.00365962  0.0014375  -0.0402802
  0.01429246  0.00157978 -0.01906422]

Right eigenvectors

[ 1.          1.75020762 -0.86179885 -2.70829045 -0.67104218  0.03120719
 -0.05429485 -0.13542789  0.71104263 -0.83834707  1.09900057  2.2813868
  0.81688785 -0.58766513 -1.44820601  0.89447208 -2.38661774 -1.16640619
 -0.17262161  2.35935946  0.05133038]
[ 1.         -0.53912286  0.00706115  0.47799921 -0.06455951  0.53630279
 -1.56022735  0.14036232  0.49546457 -0.37259954  0.0261385   0.23127319
  0.18648973  0.33860946 -0.03140773 -0.16440379  0.61906589  0.15134701
  0.33768508  0.56300893  0.79976389]
[ 1.          2.05923426 -0.53653846 -0.93290282 -0.1546741   0.1223044
 -0.82170377  0.07223363  1.11981528  1.94546108 -0.09489088 -0.63841035
 -2.05331914 -0.74382743  3.03105752  2.12988673  1.79768461  0.42256858
 -1.27275626 -1.71621965 -0.37883049]
[ 1.         -0.58646805 -0.07813656 -0.05411036 -0.21221605 -1.88591849
  0.40148608  0.19402465  0.58779006 -0.05552401 -0.56797648  0.15363059
 -0.31221231 -0.20245642  0.18733985 -0.33960488 -0.39412664  1.07580527
 -0.5941661  -0.68118211  2.19674205]
[ 1.         -0.55944962 -0.06444653 -0.1845655  -0.07343955 -1.06542564
  0.7020004  -0.90114311  0.52399305 -0.04573107 -0.29844792 -1.45312988
 -1.10969344 -1.01083893 -1.84067167  0.13888962 -0.38048072 -0.39527601
 -0.81647914 -0.26959028 -0.83294428]
[ 1.         -0.3690257  -0.13770095 -0.55020529 -0.43695483 -0.57780488
  0.72934221 -1.11865825  0.54635903  0.19015166 -0.71712833 -1.3830107
 -0.57145981 -0.81827846 -1.84061386  0.75572879  1.06414652  0.5945005
  0.70800381  0.20566776 -0.80964011]
[ 1.          2.07633213  0.01461209 -1.85811539  1.53410479 -0.59508519
  0.67232892 -0.8077638   2.47055777 -0.42478261  2.10870409  4.45921601
  0.80164437  0.155457   -2.52392903  0.92313497 -4.25129369 -0.90930536
 -0.07122851  6.55768814 -1.31545347]
[ 1.          2.12698177  0.98067481  0.77623861  2.51977123 -0.6398828
  0.73544936 -0.63091636  1.50383203  0.5428385   0.65989287  1.39238626
 -0.2533712   0.78156422 -0.37145861 -0.27752906 -0.57678185  0.65928054
  0.14347637  1.78966899 -0.92258911]
[ 1.         -0.55378322 -0.07336205 -0.04694705 -0.07654099  0.2618128
 -0.12778589  0.05818046  0.6078553   0.06841832 -0.9705387   0.05349378
  0.84389345  0.57076826  0.45425455  0.39438822 -0.35449787 -0.33817501
  0.75668241  0.56297143 -0.91793041]
[  1.00000000e+00  -5.44339834e-01  -9.44011031e-02  -2.89484901e-02
  -1.19208635e-01  -3.43761782e-01   4.06196979e-01   4.69983766e-01
  -4.02853989e-04   3.70073669e-01  -1.21904492e+00   5.41288441e-01
   5.51084775e-01   5.05162366e-01   1.10525064e+00  -5.72473481e-01
  -1.47338448e+00   9.63101934e-01   4.64619883e-01  -1.54481295e-02
  -6.07108936e-02]
[ 1.          2.18058582 -0.76442011  0.76975502 -0.20122484  0.12660276
  0.26394848  0.89488824  0.66214522 -0.72928947 -0.01753383 -0.21876785
 -0.98013464 -1.69046678  1.25441781  1.51466231 -0.98630786 -0.25758957
  0.7792284   0.6227143   0.09929881]
[ 1.         -0.53462451  0.43258644  0.17830847  0.69021996  0.61754037
 -0.26726766 -1.07821831 -0.53339318 -0.55206871  0.56089318  0.25394143
 -0.72263859 -1.39288238 -0.61988003  0.56338921  0.07734104 -0.48644024
  0.54910296 -1.03279125  0.87835941]
[  1.           1.96441875  11.51704062   0.77559149   4.42116866
  -2.02496409  -1.38830057  -2.97034441  -2.34494521  -1.94540629
  -3.1568705   -0.62824299   1.86250672   0.31411313   3.33977126
   3.01754098   0.14467999  -1.4387337   -2.55007224  -0.73403476
  -0.91071017]
[  1.00000000e+00   2.11809797e+00   7.89805890e-01   1.31175626e+00
  -1.75303686e-01   4.64507815e-01   1.54281919e+00   2.58612985e+00
   2.02071071e+00   3.11837104e-01   1.22141114e+00   2.73575743e-01
   6.03011149e-01  -1.70626334e+00  -1.54405975e+00   6.01135494e-04
  -1.17573528e+00  -9.60579224e-01   2.06285347e+00  -3.17357290e-01
   4.40912561e-01]
[ 1.         -0.36542165 -0.2728974  -0.6192357   0.05167682 -0.09060008
  0.88078912 -0.39958957  0.63794761  0.23283657 -0.74085403 -0.81125987
  0.80989368  0.47907104  1.0210356   0.16664094 -1.41690713  0.06858509
  0.34427083  0.33203901 -0.2787418 ]
[  1.00000000e+00   1.88286316e+00  -1.18534358e+00  -9.97966408e-01
   2.67063771e+00  -1.05641788e-01   1.82993537e-01   2.11593226e+00
   5.80985004e-01  -1.97242945e-01  -1.02921989e-03  -9.65984237e-01
   1.74280681e+00  -1.13258512e+00  -1.84416336e-01  -1.21848594e+00
   2.29480962e+00   4.45248532e-01  -4.20625035e-01  -1.72687696e+00
  -2.13192774e-01]
[ 1.          1.54276471 -1.29002438 -3.17785545  1.13574231 -0.26856166
 -0.06321397  0.36149645  0.22214167 -0.85812176  0.1492368   0.30138279
  2.85857984 -0.7721219  -0.9315784  -0.95182707 -0.29393687 -0.02519471
 -0.3758916   0.1191049   0.30041843]
[ 1.         -0.62346527  0.03107853  0.34953229 -0.33071811 -2.07901643
 -1.75694185  1.37909784  0.62530048 -0.84638344  0.89837107  1.14159747
 -0.11187513  1.28535201 -0.27466206  0.46495708 -0.15867261 -0.88742895
 -1.88878456 -1.17979366 -1.49162237]
[ 1.         -0.62312137 -0.0485656   0.18489201 -0.36860476 -3.32096183
 -0.4260576   0.69769527  0.7997514  -0.3957366  -0.60786916  0.79312762
 -1.11055992 -0.26970314 -0.25918426 -0.64898187 -0.28308441  1.47988547
 -0.32910599 -1.01594767  1.99391038]
[ 1.         -0.59405652  0.1303252   0.26107315 -0.25282212 -0.84903408
 -0.2702464   0.331267   -0.97291358 -0.61195964  3.59138291  0.6545806
 -0.64825305 -0.64888471  1.05871574 -0.95685596  1.63805274 -0.75217261
  0.02269352  0.83255576 -1.83294993]
[ 1.          1.49451395 -0.66083261  1.49094004  1.98606115 -0.77654899
  1.12735421 -0.93140721 -0.24523942 -2.12811939 -0.5968499  -0.27642484
 -0.32054152  0.7300942   0.02151438 -0.97556426 -0.79006421  3.71151955
 -0.78273857  3.29249338 -1.60906467]
[ 1.         -0.56334323 -0.10121731 -0.27105613  0.00413903 -0.61076547
  1.30014535 -0.18220125 -0.56954889  0.73578553 -0.48749773 -0.3039623
  0.52640008 -0.5788333   1.57220614 -0.48629587 -0.43184381 -3.36337912
  0.60442462  0.49526419 -2.23263322]
[ 1.         -0.57899616 -0.12759276  0.06385756 -0.10781733  0.64145419
 -1.22203442 -0.03492786  2.24610273 -0.62045754 -1.28234014  0.04476935
  0.79806193  0.86841822  2.87106221 -2.63391578 -2.85281612  0.54425503
  2.0166538  -1.79247588 -1.91352154]
[ 1.         -0.57778075 -0.05321584  0.0225627  -0.32558763 -2.74255692
 -0.38036719  0.88657111  0.07369601 -0.18321363 -0.39253343  1.06491035
 -1.22720398 -0.81803111 -1.81163268  0.69798223 -0.52843426 -0.28034105
 -1.81356156 -0.50914532 -0.52459909]
[ 1.          2.06258677 -1.98349071  2.98156573 -0.42165678 -0.76436869
 -1.2107387  -3.05699853 -1.96626246  0.66130269 -0.61120961  0.24050636
  1.90714043  1.2944697  -0.52053192 -1.36899721 -0.49469704  0.21613079
 -1.69308013  2.2150641   0.82259145]
[ 1.         -0.5478482   0.08155307 -0.04537447 -0.15432842 -0.13010933
  0.38584102  0.65245729 -0.24987339  0.22062985  0.0942068   0.23406498
  1.32648978  1.42545834  0.31326479  1.5539498  -0.16501925  0.4723558
 -0.66521693  0.33721875  0.51330926]
[ 1.         -0.48725407 -0.22263756 -0.38755562  0.0554305  -0.50255928
  0.57931371 -0.34849978  1.12078916  0.06070387 -0.52175295 -1.85902001
  0.88960021  1.4049796  -0.48965575  1.16337941 -0.06545387 -0.93239855
 -0.0495821  -0.51049842  0.328581  ]
[ 1.          1.79589306 -0.40751268 -2.89642351 -2.4991445   0.05042304
 -0.95936354 -1.34336597 -0.38033222  0.11121295  0.08114332  0.35159019
  0.34250858 -1.11052327  0.03549285  0.72596787 -0.16336589  0.40027746
  0.54003071 -1.25416239  0.28911253]
[ 1.         -0.3642819   0.23212749  0.08250567  0.04218178  1.50832539
  0.5181876   1.0166502  -1.88895629  0.41009905  1.20676096  0.7718911
  0.00628466  0.23026477 -0.13355042  0.31046785 -0.95671621  1.31404474
 -0.8992504  -1.2918255  -0.17690862]
[ 1.          2.11402392 -1.78792299  2.83139466 -1.35122666 -0.23043697
 -1.03668154 -1.8982865   0.17953938  2.36667071 -0.25229677 -0.15822705
  0.76993724 -1.40332849  1.39215671  1.32615207  0.94909256  0.0818562
 -1.11641719 -2.00154595  0.21702643]
[ 1.          1.88487191  7.66296743  0.396647   -0.32279907 -0.38242695
 -0.43480467  0.84906743 -0.35969174  0.22743519 -1.47012335 -1.80173399
  0.64631054  0.54678623  1.55281592  0.27405129  1.33395594 -0.10312048
 -2.69103581  1.20885325 -0.58434831]
[ 1.          0.95230421 -1.1434602  -0.74611131  0.11880663  0.933433
  1.29513583  1.59247966 -1.79791733 -2.80067767 -0.72078551 -0.21081458
  0.85548165  0.90644385 -0.57280313 -0.34463463  0.59460668 -1.1999996
 -1.07336993 -1.80005141  1.40169649]
[ 1.         -0.42346369 -0.02620448 -0.15650099 -0.14520822  0.34443515
 -0.39316229  0.60691674 -0.09699494 -0.24816787  0.16683095  1.5521919
 -0.0800123  -0.42639345 -1.20663959  0.80044185 -0.953512    0.35802933
 -2.6609981   0.2424658  -1.06152089]
[ 1.         -0.59663047  0.08845138  0.19366271  0.01089311  0.71450238
 -0.33546314 -1.02154623  0.83947771 -1.09489829  2.99372183 -1.82431384
 -0.07386821 -0.24368465  0.58334904 -1.0616504  -0.83238277  0.48692969
 -1.60160543 -0.26896354  0.58303819]
[ 1.          2.12686378 -1.83913463  3.25609054 -1.01840751  0.14155708
  1.00370601 -0.24912124 -1.28607058 -3.54096381 -1.44350743 -0.73694895
 -0.55652017 -0.13581023  1.10676825  0.61275736  0.09022005  0.66263845
 -0.74241719  0.69164293 -0.23844928]
[ 1.          1.94411024 -1.85611121  2.9263819  -1.75159959  1.02464033
  3.49202938  0.5379424  -2.06186031 -7.78533151 -1.75074938  0.3151212
 -2.33858871  3.16817505  0.36977793  0.2834192   1.17572546 -1.31550184
  0.09577589 -1.07721637 -0.15764165]
[ 1.         -0.52473676 -0.10420889 -0.27715346 -0.00895315 -0.06569018
  1.37081434 -1.34708378  0.40838786  0.26886695 -0.54162269 -1.89759423
 -0.96309765 -0.85210758 -1.74260945 -0.12603071 -0.26354813  0.92254729
 -0.51468578  0.30982018 -1.09559296]
[ 1.          1.93773619 -0.45292703 -0.64554451  3.02641324 -0.62127013
 -0.40585194 -0.1676024  -0.69841277 -0.3170681  -0.06724429 -0.10805544
  0.42165267  0.93655239 -0.5018264  -1.87898881  0.17611402  1.1088
 -0.11364138  1.21284602 -0.26891683]
[ 1.         -0.4594673  -0.08811291 -0.00482149  0.09384016 -0.41540887
  0.7961239  -0.66919059  0.24293905 -0.20986934 -0.0342269  -0.77810894
 -0.11149301 -0.35854382 -0.26011068  0.05558163 -0.83616608  2.4063817
 -0.25119294  0.62503894 -0.61786958]
[ 1.          0.64062473 -1.02481497 -1.86647516  1.64066687 -0.04350361
  1.28779249  0.54879867  0.79253445  0.74175181 -0.20065785 -0.80251454
  0.44708317  1.66059385  0.03208243  0.2094101   2.83695622 -1.74915757
 -0.65019039 -1.53391571  0.4660672 ]
[ 1.         -0.57711088  0.14049072  0.19805804  0.03503628  0.6311166
 -0.74243975 -0.14837651  0.35749971 -0.39349148  0.534518   -0.27171181
  0.58662446  0.33689476  0.06171065  1.01999397  1.14748964  0.24946171
  1.4007096   1.26480618  1.25118889]
[  1.00000000e+00  -3.19636620e-01  -1.91193827e-01  -1.28479286e-01
  -6.17383180e-04  -4.44913122e-02   5.76625991e-01   1.05734153e+00
  -7.13205970e-01   2.72467253e-01  -4.37108744e-01  -1.03133225e+00
   9.37341397e-01   2.29987254e+00  -3.57834135e-01   1.08530089e+00
  -8.58444350e-01  -1.24340210e+00   3.55940126e-01  -6.45005219e-01
   1.02374531e+00]
[ 1.         -0.56911415 -0.01486068 -0.24265624  0.13807066  1.06658141
  2.14824179 -0.44249722 -1.35831028  1.28149791 -2.03324955  1.04140038
 -0.53615295 -1.94834335  0.66791821 -2.08679055  0.84688572 -2.6326636
 -0.92136324  0.4628064   0.20619086]
[ 1.          2.25389324  6.83722143 -1.3070337  -4.14894537 -0.01798736
 -0.98963403  0.14001103 -0.87231328 -0.02063441 -1.4273742  -2.14846452
  0.21024654  1.59745719 -0.49198273 -3.51343661  2.17116099  0.76257817
 -1.26212044  0.46026185 -0.46476649]
[ 1.         -0.52250854  0.00734189 -0.05712554  0.08174855  0.78633047
  0.50766991 -0.24702675 -0.22017042  0.27748937 -1.11123512  0.34622751
 -0.69072617 -0.74995642 -0.31534002 -1.03196261  0.21529604 -0.74989009
 -0.51614039  0.31086083  0.84001096]
[ 1.          2.28829479  3.09712208  2.19614813 -1.39331889  0.89672676
  2.66844356  4.55860974  3.92461653  1.38388354  1.83716629 -0.31277893
  0.00849849 -2.58464937 -2.48638894 -0.44221863 -1.97840745 -1.38655523
  3.74772111 -0.63101715  0.9659292 ]
[ 1.         -0.52369047 -0.03907148 -0.16089749 -0.02376143 -0.20232078
  0.54231545 -0.18213285  0.11054969  0.28269865 -0.13175206 -0.79784055
  0.64098803  0.50752231 -0.30749954  0.99258516  0.94205482 -0.46445285
  0.23418106  0.602763    0.5026032 ]
[ 1.          2.2432967  -1.37451251  4.13254236 -0.85040088 -0.73727124
  0.01512606 -4.06967298  0.68410357  3.20350635  0.81718132  2.26822711
  2.19321618  1.71958676 -1.37995458 -1.14039499  0.56927883 -0.50461799
 -1.0665885  -0.34790849  0.14370895]
[ 1.          2.13229594  2.94657909  1.19639049 -1.36615188  0.39575845
  0.97768087  1.56599538  1.41729211  0.90962498  0.31536506 -0.54985975
 -0.61891605 -0.23717377 -0.28372629 -0.33319814 -0.23232411  0.05268446
  0.35481645 -0.08054194  0.15419556]
[ 1.         -0.60874515  0.03892381  0.26489083 -0.49412672 -2.58865288
 -1.43870378  1.76758089  0.05625243 -1.03920472  2.19079852  2.82179437
 -0.8849264   0.19069583  0.17629122 -0.52956065 -0.02429821 -0.18571191
 -3.4981579  -0.79647727 -2.26606943]
[ 1.         -0.528024    0.05055225 -0.20284075  0.03503975  0.96096392
  1.46887005 -0.10659966 -1.27924849  0.8515367  -0.37282431  0.86949312
  0.46629919 -0.63703369  0.92291139 -0.24380235 -0.23702633  0.20799486
  0.05248471 -0.34548578 -0.95223667]
[ 1.          2.32326296 -0.00619753  4.37126286 -1.70809948 -0.16456136
  0.69325699 -1.58124845  2.35783836  4.13967026  1.26931633  1.38202016
  2.17291481 -0.74326847 -1.32347331 -0.23990337  0.21145072 -1.02421692
 -0.09492274 -2.15406799  0.75075377]
[ 1.         -0.59427255  0.14284209  0.35335845 -0.32603629 -0.80229947
 -0.57042611  0.0418866  -0.6314271  -0.76863387  3.66310049  0.67180897
 -0.32076968 -0.36443576  1.196167   -0.52320879  3.39947701  0.60934723
  2.52899845  2.18641047 -0.84761489]
[ 1.          0.38779098 -1.14167407  0.8506511   0.67645836 -2.91135582
 -4.63867017  2.80071713 -5.87196755  2.24108753  0.40981272 -4.26572371
 -2.14076845 -0.27457016 -1.13304716 -0.69163905 -3.30067183 -2.93755997
  3.76873801  1.88631031 -2.01377239]
[ 1.         -0.37045673 -0.04979635 -0.08504646  0.85713912  1.85901252
 -0.14881127 -0.84687655  0.38386151  0.59150056 -1.19922094 -0.39631975
 -3.05903111 -0.0487053  -1.4171116  -1.91657812 -0.00905599 -0.78483554
 -0.11329726  0.1326935   1.31463947]
[ 1.         -0.61889105 -0.04243404  0.14901166 -0.34766646 -2.37272481
 -0.30947473  0.91587185  0.54115197 -0.11166716 -0.95048815  1.36561421
 -0.53052033  0.07813419  0.67047923 -1.07660026 -0.56724727  1.03115452
 -0.06446155 -0.90495139  1.55494009]
[ 1.         -0.52864043  0.12025327  0.12630103  0.20461138  1.41514995
 -0.3984973   0.30804629 -0.83001013  0.06047409 -0.22019251  1.35153657
 -0.06614973 -0.65294598 -1.1204596   0.80004272 -0.30322896 -0.68761976
 -1.82224672 -0.95606989 -0.95633317]
[ 1.          2.20314509  4.04572226 -1.0683184  -1.83269374 -0.20778177
 -0.97799211  0.65529858 -0.94797976 -0.25696983 -1.06266492 -1.83502086
  0.32483591  0.34782851  0.26039532 -1.95995825  0.28884603  0.49050668
 -1.79828676  2.6069879   0.24287761]
[ 1.          1.76448564 -1.84337398  1.03991499  0.88860724  0.1907527
 -1.4981343   1.37572533 -0.40848449  0.36028888 -0.98189562 -1.99088586
 -0.17152743 -2.39806151  1.74723189  0.93300615  1.73696296  0.98088663
 -0.28339511 -1.89806751 -1.06406948]
[  1.00000000e+00  -5.76550572e-01  -5.74584956e-04  -5.73988101e-02
  -1.51376330e-01  -4.61346737e-02   8.21303966e-01   2.96510320e-01
  -6.11479602e-01   5.99012778e-01  -7.25001953e-01   1.01260472e+00
   4.21068175e-01  -1.62092018e-01   1.15515433e+00  -6.60739603e-01
   5.47918663e-01  -1.28497016e-01   5.20823005e-01   6.58603900e-01
   6.42700656e-01]
[ 1.         -0.57230097  0.09261194 -0.02586037  0.15511685  0.08322688
  0.32528318 -1.13458916  0.42293584 -0.66757134  1.64771632 -1.20617378
  0.24277462 -0.83571483  0.67080886  0.28373652  0.19303549  1.06355028
  0.49429162  1.01868481  2.1426206 ]
[ 1.          0.41718414  0.55082749  0.474084    0.37845637  1.58973341
  0.0910808   2.32955701 -1.95392432  1.7612486   1.11372134 -0.4886585
 -1.42655038  1.56994529 -1.17800779 -0.01888365 -2.00319919  1.1001299
  0.85439883 -1.12730706  0.89180957]
[ 1.          2.03304419 -0.44019511 -1.56867242 -1.75706895  0.00274164
 -0.97252298 -0.22766627 -0.98488245 -0.68045262 -0.17366868 -0.18169734
  0.09046314 -0.90398392  0.25571529  0.49246469 -1.16991307 -0.4157118
 -0.14115646  1.08849851  0.71432419]
[ 1.         -0.5345258  -0.02507422 -0.22021311  0.06883045  0.23847624
  1.52968766 -0.15785131 -0.97345062  0.84332019 -0.60810942  0.52314367
  0.27427745 -0.73542955  0.81239583 -0.50860637  0.39485312 -1.00932754
 -0.08603564 -0.0157799  -0.71160605]
[ 1.         -0.56630863  0.10926026  0.0495209  -0.14751458  0.41411269
 -0.0371611   0.6580399  -0.39396352  0.30199096 -0.5134752   1.19981906
  0.6675999   0.4171137  -0.1646851   0.91079259  0.29390128  0.03611717
 -0.93560184  0.54399108 -0.20724749]
[ 1.         -0.49898382  0.08440909  0.23222364  0.06691588  1.30039864
 -0.82376129  0.44870196 -0.01894814 -0.06631091  0.07851071  0.5793337
 -0.13730403  0.12852773 -0.57504764  0.07748094 -0.62122565  0.50903631
 -0.89551228 -0.31467567  0.3733825 ]
[ 1.          0.95509035 -0.31641628 -0.79473066  2.69727336  1.78697749
  0.13730135  0.31074653 -0.36116865  2.44912332  0.30906822  0.00705019
 -5.96832322  4.34633723 -1.22465177 -2.09613381 -0.03276916  0.54480978
  0.41592538 -0.38309583  1.59656404]
[ 1.          2.12828282  1.82741493 -3.90115368 -5.85118477  0.11933321
 -1.66015825 -3.2695907  -1.92651572 -1.07410213 -0.2869255   0.72346764
  0.06571795  2.01176636 -2.36737097 -3.29151074  2.03611404  0.58753582
  2.63693842 -3.58830317 -0.51667891]
[  1.00000000e+00  -5.80109759e-01  -1.20568187e-03   1.01809200e-01
   1.62828560e-01   1.70565634e+00  -7.14609508e-01  -6.00216144e-01
   1.09855064e+00  -3.75034548e-01  -1.57621592e-01  -2.29953915e-01
  -5.32634191e-01  -5.24126248e-01   1.18929221e+00  -2.48789938e+00
  -5.84265789e-01  -1.53252942e+00  -3.60478542e-01   7.50257825e-01
   1.34470781e+00]
[ 1.          0.48455192  4.3372891   0.58522059  6.92766667 -1.21687697
 -1.32797068 -6.74274985 -3.0126012  -3.66519157 -0.3697513   3.21072481
 -0.05682544 -2.86631163 -0.17612796  4.12184719 -2.85085813 -2.41221043
  4.67135118 -6.00001926  2.01152513]
[ 1.          0.98691187 -1.80632873  2.58950521 -0.37234594 -0.54347673
 -3.15322227 -1.46347675 -2.80335667  2.28510551 -0.80067982 -1.66573831
  1.1989458   0.4547155  -0.10072489 -0.42312122 -0.93602119 -0.41108061
 -0.51963313  1.31899774  1.12017302]
[ 1.         -0.61745417  0.05806197 -0.02570764 -0.08576687 -0.44274989
  0.65639665 -0.57829889  0.35165727 -0.41905726  2.15012835 -1.31238495
  0.53293809 -0.31400798  1.18361256 -0.21965494 -0.20259783 -0.9309099
 -2.11587612  0.23435833  2.00925778]
[ 1.         -0.5920344   0.04219775 -0.07428267  0.04079806 -0.44216005
  0.72462944 -0.59296915 -0.28987816  0.01631436  1.19712715 -0.8624932
 -0.2873259  -0.99192286  0.85022532 -0.76488118 -0.01281876 -2.79463355
 -0.32256052  0.02070063 -0.76454451]
[ 1.         -0.57049531  0.11560188  0.12909803  0.09591891  1.05221426
 -0.11662964 -0.10900232 -0.401215   -0.04062534  0.06066054  0.48667613
 -0.25285034 -0.729532   -0.50934399  0.17301644  0.37461239 -0.07601485
 -0.6055048  -0.24602668 -0.00358806]
[ 1.          2.05586217 -1.39686154 -1.45005628  5.21096201 -0.73535939
 -0.21038994  2.22824028 -0.0759826  -0.58257667 -0.07764189 -1.32721199
  2.85499062 -0.36457988 -0.9049296  -4.16051168  3.54589633  2.28626295
 -0.83614695 -0.98891643 -0.77208815]
[ 1.         -0.44414458 -0.14514427  0.32283461  0.1719869   1.50848609
 -1.89645208  0.10633515  1.20765755 -0.50120232 -1.34930765  0.41745475
 -0.35502401 -0.75155931 -0.80704023  0.3682549   0.69350224  1.00435587
  0.69748886  0.09787148 -1.41524587]
[ 1.         -0.57758359 -0.04894004  0.39375191  0.03722144  1.39289979
 -2.35138849  0.42083294  1.40400056 -0.64971839 -1.20907193  0.83983766
  0.18180518  0.09475332 -0.79973662  0.32805968  1.05982053 -0.60947076
 -0.4793814   0.35558728 -0.95549004]
[ 1.          2.25747856 -0.70504936  3.59454151 -1.97774847  0.86908035
  3.00973273  1.46443552 -0.76872446 -6.43230869 -1.74536523 -0.72248215
 -2.88156453  0.70012597  1.68328081  1.43531429  0.03012367 -0.61230728
  0.34015641  0.15928634 -0.1258326 ]
[ 1.         -0.59473575  0.06550767  0.0370139  -0.21143134 -1.49080579
  0.215112   -0.06395346 -0.07573906 -0.14354863  0.52430053  0.32118185
 -0.30590687 -0.65580977  0.48147495 -0.03461559  1.33488296  1.15941787
  1.69727099  0.60522924  2.15960289]
[ 1.          1.7066798   5.34005156  0.53376895  7.71808429 -2.11883582
 -1.09242617 -5.64551933 -2.33261983 -2.94418164 -1.07173614  2.72666033
  0.87210806 -0.70937087  0.64193755  2.74412024 -2.43654007 -1.21379838
  2.77365922 -3.03517444  0.30196511]
[ 1.         -0.4661367   0.0567004  -0.13978793 -0.2161764   0.59816213
  0.84514042  0.07428673 -0.90892165  0.54090021  0.38720691  0.29796632
  0.39218338 -0.06277189  0.6587641   0.00637859 -0.50766621  1.76348921
  0.64617974 -0.54999989 -0.67995798]
[ 1.         -0.51297174  0.6279283   0.3887092   0.44212084  1.77069782
 -0.67386315 -0.08374028 -1.55031735 -0.25499162  1.1734041   0.85283044
 -0.59125676 -0.9058861  -1.07012121  1.16973831  0.36936426  0.42947712
 -0.05677014 -1.47744334  1.64665264]
[ 1.         -0.50834144 -0.13259427  0.15329353 -0.02676589 -0.02030556
 -0.14739965  0.05148777 -0.13127219  0.36637226 -0.65110319 -0.55855773
  0.18677487  0.74945533 -0.55352869  0.2807624  -0.30353959 -0.92023819
 -0.00674409 -0.10205308  0.25070338]
[ 1.         -0.59299684 -0.06944409  0.21242789 -0.09961493 -0.10048377
 -0.88519084  0.45277583  0.56815843 -0.05656269 -1.22161733  0.73374259
  0.08593956 -0.03766956  0.9089174  -1.13384197 -0.37567574 -0.84665509
  0.79125742  0.06098497 -0.62705743]
[ 1.          2.18445567  4.10025229  0.05490784  1.23362133 -0.58493471
 -0.40708389  0.16781194  1.81487337  2.20445502 -0.62405861 -0.77639058
 -1.658683    0.38906814  3.93735376  2.10446351  2.4353558   1.02050107
 -3.78740934  1.00939488 -1.99399125]
[ 1.          0.66016476 -0.27610181 -2.5458114  -2.39391483  0.70119363
 -0.03328641 -1.31607451 -1.49454154  0.76804724  0.57046249  0.77512234
  0.94914696 -1.476036    0.97092222  0.94741085 -0.95323595  3.33143353
  1.82261242 -2.77955468 -0.70021906]
[ 1.          1.34979894 -1.40576584  0.74089847  0.91767786 -0.78988304
 -3.66929057  1.85026339 -4.81273339  2.11252456 -0.15735462 -3.50501916
 -0.99075826 -0.32120684 -0.4020965  -0.69144404 -2.53416733 -0.26822085
  1.93045732  1.17994939 -0.4621619 ]
[ 1.          1.69220944 -1.43122803 -3.20849856  0.93018135 -0.03775518
  0.07302517  0.76592064 -0.35259553 -1.28921195  0.07086491  0.17045711
  2.47600253 -0.35732773 -1.10355018 -0.7336708   0.75081358 -0.94250377
 -0.90679972 -0.60043684  1.03667382]
[ 1.         -0.40736425  0.03826644 -0.01026556 -0.31841281 -0.1971337
  0.96931351 -0.47196585 -0.51071958  0.10495967  1.09485701  0.08879369
  0.09888211  0.49350487  0.0334963  -0.08060519  0.95526911  1.09646429
  1.40754477  0.08283167 -2.33395186]
[  1.00000000e+00  -5.38716499e-01  -1.71511353e-02  -4.53179824e-03
  -7.17536366e-02   2.70179110e-01  -2.32274264e-02   1.18879006e-01
   1.74117083e-01   1.21218110e-03   4.27137717e-01  -8.62896506e-01
   1.09194690e+00   1.59068122e+00  -1.69084270e-01   1.29910473e+00
   5.08906447e-02  -1.38639338e-01   4.72185116e-01  -1.29750268e-01
   1.70130740e-01]
[  1.00000000e+00  -5.50061090e-01  -3.19178770e-03   4.55388139e-01
   1.89457676e-01   2.22430934e+00  -2.77870084e+00  -4.67716931e-02
   1.77807445e+00  -1.02251941e+00  -9.57009985e-01   1.72137706e-01
   3.01863425e-01  -5.39687799e-01  -9.97731243e-01   1.88317284e+00
   2.55703629e+00   1.87295299e+00   3.21390134e+00   2.14301042e+00
  -2.51267261e-01]
[ 1.         -0.59203052  0.03614286  0.24882142 -0.03360205  0.18783335
 -1.11569469 -0.65749649  1.58900141 -1.25345177  2.13553297 -1.72163342
  0.85409545  1.88142353  0.80172304 -0.52630626 -1.45867847 -0.29063176
 -0.19632121 -2.55484394 -1.24604654]
[ 1.          1.66200265 -0.82858677 -1.60265959  1.69601206  0.51448757
  0.73215118 -0.72786725  1.62715438  2.25180083  0.7388619   1.03786538
 -5.14585598  4.27081394  1.34690292  0.76621908  1.82750739 -0.64256286
 -0.0840309  -0.69033865 -0.01948256]
[ 1.         -0.30871322  1.0442865   0.28685208 -0.01885454  0.77966427
 -0.21033097  0.9234695  -1.25919087  0.46235836  0.57380904  0.13851001
  0.14351774  0.92141837 -0.47288312  1.16201198  0.6036045   0.47284147
 -0.05714653  0.22380491  0.68892327]
[ 1.         -0.58957242  0.00928814  0.05389913 -0.30530782 -0.98441336
  0.72885043  0.47866592 -0.50563552  0.55471619 -0.75488664  1.42183817
  0.43911499  0.17995486  0.96705211 -0.40331648  0.98905797  0.49059258
  0.86386225  0.43508391  0.04367246]
[ 1.          1.77553783 -1.14630946 -2.72019214 -0.11681909  0.05006381
 -0.46703934 -0.77951047  1.17885306  0.90822275  0.3421842   0.72983778
 -3.07290859  0.39450163  3.04002651  2.89361909 -1.36838755 -0.33059834
 -0.16812345  1.52802342  0.12481354]
[ 1.         -0.57743665 -0.01300265  0.01166823 -0.21210681 -1.75119472
  0.10188634  0.07057377  0.14395055  0.05223788 -0.73793788  0.26205443
 -0.82894041 -0.71595572 -1.24658163  0.42743453  0.52383329 -0.16971751
  0.28865096 -0.26911011 -1.02965154]
[ 1.          1.78527403 -0.72229322  0.29641459 -0.83369553  0.09130064
  1.31258327 -1.63363868  0.13651458 -0.82259863  0.95177659  2.163821
 -0.88559421  3.34989102 -1.74762753 -1.32760734  1.00088903 -0.72753667
  1.49664772 -0.61139719 -1.06092718]
[ 1.         -0.59321465  0.11284014  0.05181966  0.05675016  0.66981326
  0.15020053 -0.62673583 -0.07371301 -0.46253875  1.85378529 -0.18388823
 -0.03822799 -1.1913576   1.00986835 -0.84293594  0.02838088 -0.63002239
 -1.19368695  0.44237945  0.71627667]
[ 1.         -0.55787153 -0.00937517  0.24987181 -0.14020305 -1.9631313
 -0.83671252  0.753466   -0.50946447 -0.07028782  0.47993962 -0.18104086
 -0.68300795  0.09619778 -0.43997936  0.14928481  0.058639   -1.64312846
  0.58302476  0.06444329 -0.77767634]
