Cluster centers 

[ 1.02311808 -0.33385347 -0.74310675 -0.33817138]
[-1.07433364 -0.53401797  0.15632724  1.19427626]
[ 0.93690399  0.0620537   0.96709707  0.81873122]
[-1.09107433  1.43253138  0.07672456 -0.20346774]
[-0.86228309 -1.19869327  1.13859885  0.20768146]
[-0.17806945  0.59713105  0.16916974 -0.94833865]
[-0.99254893 -1.32022184  0.61007449 -2.92273399]
[ 1.02290889  0.2786601  -0.82632239  1.11292605]
[-1.1187737   2.59434215 -0.21936522 -2.10235598]
[-1.10490081 -0.78363379 -1.44078304  1.17598153]
[ 0.85292479 -0.2895587  -1.9970256  -0.99105744]
[-1.06198298  0.59297959  0.2874958   0.72539483]
[ 1.02944518 -0.36622314 -0.09862261 -0.14632343]
[-1.10571388 -1.34000476 -0.13478206 -0.69528957]
[ 0.80515634 -0.65600287  1.37859715 -0.45365577]
[ 1.0273394   1.18596022  0.37035066  0.75295214]
[-0.94021803  1.99855704  0.97259588 -1.3830009 ]
[ 0.16485249  1.66114363 -3.23767353  1.27105958]
[-0.65682736 -0.83039447  1.70020287  0.70216492]
[-0.857929    0.97573599  1.30106882  0.0449796 ]
[ 1.03861852 -0.19644907 -0.34615284  0.41580074]
[-1.14634283 -1.25189459 -1.06680416 -1.10736148]
[ 1.00871403 -0.39292215 -0.46791547 -2.24956204]
[ 0.78971632  1.48605469  1.6442063  -0.00246634]
[-1.12623267  1.75658855 -0.70708317 -0.39710336]
[-1.09336022 -1.08859717 -0.01474088  0.62499598]
[-1.12834149 -1.30633617 -0.34894649 -2.11064868]
[ 0.52705528  2.25783993  2.19335032 -1.41910956]
[-1.10231359  1.09151659 -1.19518245  0.70133601]
[-0.78373082  2.59722194 -1.19914639 -1.40520207]
[-1.10081905 -0.14519719 -1.35034383  1.54958261]
[ 0.99449689 -0.21788278 -1.11610849  0.21656499]
[ 1.0236195  -0.20670819  0.18212056  0.46108745]
[-1.05070556 -1.21254449  0.30699099  0.27545024]
[ 0.86359144 -0.20573489 -1.96448277 -2.5244403 ]
[-1.13417742 -1.12422948 -1.1008111   0.32277845]
[ 0.29393656 -0.30553611  2.24921015  0.64113643]
[-0.92429813 -1.36852049  0.89179215 -2.58145188]
[-0.94119462 -1.4144169   0.83290527 -1.45978373]
[-0.86688517 -0.27805181  1.20723362  0.93214592]
[ 1.03867796  1.72214024 -0.38712083  0.52284684]
[-1.05648113  0.04350011  0.31649688  1.09779037]
[-0.72296087 -1.31642505  1.51330397 -0.39414347]
[ 0.95222198  0.20634418 -1.45045742  1.15684002]
[-1.13239543 -1.22197301 -0.56375656  0.05130979]
[ 0.81240475 -0.10237257 -2.12909326  0.57661675]
[ 0.99545138 -0.35046137 -1.08245268 -1.14087168]
[ 0.48694666  1.92078408  2.10856773 -0.88178388]
[ 0.65586664 -0.5712101   1.81379221  0.16886435]
[-1.13031837 -1.02971793 -0.58742917  0.75096382]
[ 0.95677834 -0.28214171 -1.41901697 -0.26801363]
[ 1.0406387   0.56770412  0.00619275  1.08669497]
[ 0.99967178  1.94597164  0.64564056 -0.10864851]
[ 0.91273739 -0.29656381  1.0452473   0.44153026]
[ 0.91576059  0.52796094  1.12047266  0.85971366]
[-0.94037615  0.75374613  0.96748398  0.37459554]
[-1.12076081  1.2748994  -0.47111628  0.21012171]
[-1.12289379  0.5087112  -0.806237    1.1232656 ]
[-1.12195703 -0.0928592  -0.54265154  1.34386114]
[ 0.83961751 -0.39611885  1.33403469  0.33460579]
[ 0.98820319 -0.5429589   0.36930115 -1.37251679]
[-1.13129273 -0.75626356 -0.74889782  1.19627176]
[ 0.97229499 -0.40158373  0.6398493   0.05504261]
[ 1.02721894 -0.44052867 -0.23572201 -1.00890329]
[ 0.73683523 -0.79788893  1.51366415 -1.50727235]
[-0.99509576 -0.81235502  0.64318116  0.94598626]
[-1.12305096  1.00000487 -0.40327146  0.52221497]
[ 0.45047595 -0.84795286  2.08310776 -0.37270223]
[-0.85140072 -1.26438697  1.03613912 -3.4410193 ]
[-1.00049233  1.70143495  0.73068096 -0.82111483]
[-1.1258789  -1.19476108 -1.33561046 -0.46179135]
[ 0.94289129  1.14082497  1.01309307  0.5636102 ]
[ 1.01061232  0.05216453  0.4194001   0.84545413]
[-1.00911353  1.18151551  0.66310567 -0.04692987]
[-1.06780155 -0.92527762 -1.85215555  0.7808557 ]
[ 0.95309253 -0.54695414  0.70024721 -0.59572031]
[ 0.38876904  0.91069929  2.32694027  0.20308281]
[ 1.02531636 -0.16231029 -0.76197795  0.46922692]
[-1.1061796   2.13841106 -0.0988679  -1.27192099]
[-1.05442038 -1.32501794  0.27716306 -0.28123093]
[-0.37564758 -1.25789378  2.02931539 -0.60700281]
[ 0.76154302  0.84840747  1.68660663  0.53768656]
[ 0.00561882  0.34149737  2.29192462  0.54942298]
[ 1.04385038  0.87868336 -0.42292486  1.13679708]
[-0.71914668  1.59434176  1.68466387 -0.89789471]
[ 0.97925979 -0.19031651 -1.23634227 -3.23753026]
[ 0.77459422 -0.0851715   1.57795574  0.70373194]
[-1.09788131  1.77413405  0.00652697 -0.69498084]
[-0.98486388 -1.39308526  0.65602091 -0.84476955]
[-0.0318703  -0.91236259  2.34120918  0.15510424]
[ 0.84686888  1.92885033 -1.86992992  0.74929267]
[-1.08246257 -1.3730185   0.06444426 -1.43360277]
[-1.08970573 -1.19936483  0.02722481 -3.48170472]
[-1.04472859 -1.37094529  0.31220953 -2.01925264]
[-1.10143845  0.9558827  -0.06628797  0.45589354]
[ 1.04122432  0.07486862 -0.21715797  0.90488896]
[-1.14026702 -1.31238579 -0.57744329 -1.36010981]
[ 0.94441995  0.87764164 -1.46907414  1.40434534]
[-1.08536871  1.79752967 -1.42487535 -0.13980004]
[-1.02737023  2.79294537  0.50862603 -2.81054894]

Populations

0.036328212237
0.0142676807518
0.0174023199037
0.00865314231393
0.00638351588142
0.0020793225159
0.0139441276707
0.00657603060441
0.00423431820708
0.012834094668
0.0111118789832
0.033872690867
0.0108522061814
0.00848751800723
0.0112507327477
0.00542117761201
0.00109627055237
0.00594935239653
0.0049974671683
0.0228355800955
0.00292665023652
0.0137950000281
0.0079301751865
0.0100970393006
0.0173434238112
0.00296320279803
0.00634280317824
0.00954451482896
0.00597859125258
0.00622376341924
0.0203927138554
0.0263398319729
0.0126637658519
0.00762803535412
0.00653656008158
0.00515649826615
0.00325204188786
0.00667071732705
0.00653900169983
0.00685941580557
0.00891048475611
0.00477310323348
0.00984620329301
0.0115596810192
0.00810141953681
0.0353729733496
0.00704784720411
0.00916134195024
0.0107037280081
0.0214924386862
0.0147792841306
0.00859728364828
0.00908077033464
0.0119154778109
0.00808873056753
0.00834834835235
0.0129532327776
0.0164909869712
0.00978129184611
0.00989205114161
0.0132807882309
0.0210238518122
0.025852923444
0.00408236210895
0.011022181945
0.00574767431522
0.00962996283173
0.0019471806036
0.00602095415845
0.00416572486215
0.00729912700327
0.0264772516386
0.0080141714938
0.00134842698091
0.0141723442305
0.0041104599144
0.0227579844617
0.0119134367786
0.00953213406149
0.00276554389029
0.0086640746217
0.00316161064794
0.0083831039609
0.00243847388584
0.00146970801738
0.0137851494478
0.0107644504645
0.00733557172034
0.00687326247742
0.00218018000957
0.0066187102298
0.00289931573949
0.00607008114725
0.00990557741469
0.0202093815902
0.00682497339987
0.00440210384874
0.00388920982861
0.00230251265703

State labels

0
1
2
3
4
6
7
8
9
10
11
12
13
14
15
16
17
18
19
20
21
22
23
24
25
26
27
28
29
30
31
32
33
34
35
36
37
38
39
40
41
42
43
44
45
46
47
48
49
50
51
52
53
54
55
56
57
58
59
60
61
62
63
64
65
66
67
68
69
70
71
72
73
74
75
76
77
78
79
80
81
82
83
84
85
86
87
88
89
90
91
92
93
94
95
96
97
98
99

Eigen values

1.0
0.946473383107
0.272761501666
0.246620246484
0.231521448179
0.222954317541
0.211926630727
0.202340497899
0.197475098086
0.193335383858
0.187083606186
0.184057721368
0.177972671578
0.171299166074
0.167752508246
0.161649772723
0.156756829439
0.150627211653
0.14392003749
0.139768793911
0.138107651649

Left eigenvectors

[  3.63282122e-02   2.98081035e-02   4.58054219e-03  -8.76321590e-05
  -2.28359903e-02  -1.13217418e-02   3.33668881e-03  -9.26897233e-03
  -2.53909598e-02   6.94378980e-03  -2.31918887e-03   9.40285330e-03
   2.22788333e-02  -4.50520174e-02  -9.24166265e-03  -2.17132524e-02
   5.58646962e-04  -3.19475302e-02  -2.00583162e-02  -3.57347674e-02
   1.03802939e-02]
[ 0.01426768 -0.01730403 -0.02776129  0.00733278  0.00419347 -0.00284611
 -0.00891819 -0.01363389 -0.0026317  -0.0470597  -0.00397418 -0.00811754
 -0.00442018  0.00168969  0.00441913  0.00020938 -0.01464022  0.00877171
  0.00133335 -0.01303669 -0.00012785]
[ 0.01740232  0.01393343 -0.00395343 -0.00300992 -0.01154111 -0.00429892
  0.00012674 -0.00250197  0.00754115 -0.01121727 -0.00062374  0.0124409
 -0.00477503  0.01160284 -0.01855098  0.01834233 -0.01420742 -0.01243935
 -0.00221014  0.0287352  -0.00565063]
[ 0.00865314 -0.01099442 -0.00161717 -0.00231488  0.00595908 -0.01911282
  0.00467177 -0.00282275  0.0060218   0.01637153 -0.00631748  0.00340477
  0.01088169  0.00492896  0.00112837  0.0089596  -0.00165284 -0.0061071
 -0.00475793 -0.00208116 -0.01781794]
[ 0.00638352 -0.0072999   0.00457406  0.00257297 -0.00460593  0.0145937
  0.01335703  0.00267887  0.00283398  0.00643046  0.00136801  0.00587064
  0.01031315 -0.00505736  0.00108674  0.00430946 -0.00382091 -0.00235055
 -0.00751035 -0.00061112 -0.01348608]
[ 0.00207932 -0.002823    0.00344091  0.00132411 -0.0022143   0.00300028
 -0.00071286  0.00268683 -0.00060047 -0.00432015 -0.00614779  0.00175386
 -0.00159413 -0.00034162 -0.0014849  -0.00283364 -0.00014074  0.00297492
  0.0051707   0.00110889  0.00504637]
[ 0.01394413  0.01167297  0.00163995  0.00788306  0.01320987  0.00244448
 -0.00061734  0.00729625 -0.00195533  0.00545936  0.00405099 -0.00076885
  0.00609645 -0.0079014  -0.00429919 -0.01459428 -0.00717161 -0.01159946
  0.01403444  0.00503972 -0.00309001]
[ 0.00657603 -0.00815648  0.00252394 -0.00192134  0.0002917  -0.00124939
  0.01706352 -0.00095136  0.01305154  0.0038532   0.00393163 -0.00041756
  0.01102773 -0.00942045  0.0001401   0.00413616  0.00362394  0.00403297
  0.00621783  0.00705063  0.00796629]
[ 0.00423432 -0.00523077 -0.02603138 -0.01167613  0.0112127   0.01126745
 -0.00509589  0.00832254 -0.00967277  0.01293828 -0.00174552  0.00765192
 -0.00077778  0.00437944 -0.00785737 -0.00670392  0.01169905 -0.00601006
 -0.00454338  0.00401068  0.00485693]
[ 0.01283409  0.01095192  0.0036568  -0.00431426  0.00571876  0.00647818
 -0.00264347 -0.01558726  0.00383675  0.00747108 -0.00677749 -0.00727546
  0.00270204  0.0021304  -0.01484853 -0.00228135  0.00141988  0.00997598
  0.0096372  -0.00894179 -0.00409731]
[  1.11118790e-02  -1.47437358e-02   4.62061917e-03  -1.77005043e-02
   6.17795477e-03   1.08645975e-02   1.43996576e-02   1.08079348e-02
  -3.25032869e-03  -1.12338024e-02  -5.29743899e-03  -8.10803902e-06
  -1.76317821e-04   8.27926723e-03  -1.76948905e-03  -1.49863478e-02
   1.83917564e-02  -1.27703249e-02  -8.40401897e-03  -4.50473734e-03
  -1.13851743e-02]
[ 0.03387269  0.02837204 -0.00500606 -0.01917634 -0.03634563  0.00159701
 -0.00053889 -0.00599954  0.0041188   0.00092027 -0.02130871 -0.01948914
 -0.01311806  0.00853721  0.00897585 -0.00250745 -0.01045421 -0.0077045
 -0.01169187  0.0086336   0.00729287]
[ 0.01085221 -0.01438746  0.00072057  0.00191502 -0.00514795  0.01642321
 -0.00667766 -0.00360802  0.00970068 -0.01995814 -0.00689623  0.00692811
  0.02542683 -0.01264724  0.00451502 -0.0061142  -0.00752602  0.00963133
  0.00398122  0.01192456  0.01821986]
[ 0.00848752  0.0059402   0.00172818  0.01009919  0.00281804 -0.00183831
 -0.00188011  0.02373884  0.00536449 -0.00407412  0.00969879 -0.01139318
  0.00616407 -0.00750932 -0.01255623 -0.00346003  0.00303857 -0.00142824
  0.01387585  0.00820861 -0.0026203 ]
[ 0.01125073  0.00919729  0.00095137  0.00227869  0.00141739  0.00050524
 -0.00241351  0.01279367 -0.00157403 -0.00137377 -0.01134919 -0.00404848
 -0.00431825 -0.00744243  0.0211267   0.00393546  0.00564779 -0.00755007
 -0.01012684 -0.0043866   0.01291379]
[ 0.00542118 -0.00722272  0.00361721 -0.00187034 -0.00134267 -0.00877846
 -0.00108749 -0.00327887  0.0035451   0.00304867  0.00436616 -0.00836116
  0.00380636  0.00547659  0.00716331 -0.0032509   0.00594653  0.00204914
 -0.00062262  0.00459652  0.00121893]
[  1.09627055e-03   9.10004748e-04  -6.89158771e-05  -2.89045991e-03
  -3.59857163e-03  -4.18381389e-04   8.36238862e-04  -6.31679694e-03
   3.54024200e-03   1.37445706e-04  -1.61998958e-05   3.40550488e-03
  -4.18002262e-03   1.22083973e-03  -2.85892762e-03  -6.42267998e-04
   8.16315655e-05   1.35123890e-03   3.44137539e-03   3.44646305e-03
  -2.63885789e-03]
[ 0.00594935 -0.00474796 -0.00119581 -0.00769753  0.00826427 -0.00297239
  0.01014064 -0.00142366  0.00607229  0.01193298  0.00653833  0.00726178
  0.00270933  0.00498394 -0.00399892  0.01337425 -0.01870022  0.00256917
 -0.00079914 -0.00846592 -0.00539114]
[ 0.00499747 -0.00608354  0.01057572 -0.00846472  0.00047079 -0.00654288
  0.00090367  0.00623174  0.00244107 -0.01226556 -0.0103762   0.00541067
  0.00451766  0.00957584 -0.00413113 -0.00686134  0.00386272 -0.00610195
  0.00049373 -0.01236727  0.01153865]
[ 0.02283558  0.01900047  0.00523274  0.00365901  0.01021409  0.00354241
 -0.02300203  0.03769527  0.03919586 -0.0079156  -0.01257805 -0.02402357
  0.00437174  0.00219902 -0.01396246  0.00972227  0.01092916  0.00508135
 -0.02144606 -0.01817707 -0.00497731]
[  2.92665024e-03  -3.51806277e-03  -1.17527362e-02   4.03904717e-03
  -7.92257481e-04   5.82539925e-03  -7.23008312e-03  -3.92325834e-03
  -1.09610156e-04  -1.46137145e-02  -5.85348467e-03   3.33578448e-03
   3.38857942e-03   3.00980211e-03  -1.80295716e-04   5.60629386e-05
  -7.17414950e-03   8.84966939e-04   6.74480011e-03  -1.89307876e-03
  -3.09737443e-03]
[ 0.013795    0.01104993  0.0071794   0.00532078  0.01520517  0.00864682
  0.00840892 -0.02670769 -0.02111568  0.0064525   0.00246998 -0.01247764
  0.0049919   0.00873821 -0.0050085  -0.0103377  -0.00927697 -0.01290137
  0.02429289  0.01405562  0.01099947]
[  7.93017519e-03   6.27021750e-03  -1.04006470e-02  -5.02416676e-03
  -2.43166175e-02  -9.82225415e-03   5.00256596e-03   1.69594362e-02
  -1.10948490e-02  -3.01463691e-03   2.18254935e-02   7.60372703e-03
   1.24499054e-02  -2.45663909e-03  -1.43293899e-02   9.27173545e-05
  -1.21582336e-02  -2.18640546e-04   1.48167107e-02  -4.01478803e-03
   4.58229153e-04]
[ 0.01009704 -0.01350307  0.00836272 -0.00464874  0.0012454  -0.02254989
 -0.01287865 -0.00073885  0.00200134  0.01320682 -0.00084615 -0.00324455
  0.00103179  0.00597688  0.0027024  -0.00361009  0.015989   -0.00559622
  0.01344208  0.00059096  0.02030856]
[ 0.01734342 -0.02254466  0.00310022  0.02826516 -0.01780796  0.0178122
 -0.01535053  0.00604103 -0.01146248  0.02408939 -0.00771012  0.00610286
 -0.01725602 -0.01362262 -0.01779609  0.01432553  0.01081243  0.01461217
  0.00726839  0.00876243 -0.00066916]
[ 0.0029632  -0.00314928 -0.0231102  -0.00934114  0.01056344  0.00621792
 -0.00226871  0.00377959 -0.00537092  0.00384694 -0.00075781  0.00445537
 -0.00231016  0.00176452 -0.00534583 -0.00306506  0.00035537 -0.00027002
 -0.00408222  0.00234374  0.00413229]
[  6.34280318e-03   4.31610899e-03  -2.21910669e-03  -3.01229139e-03
  -9.10218599e-03  -8.55185353e-03   4.82634961e-03   3.62440851e-05
   1.07635147e-02   1.85054146e-03   8.61187160e-03   1.46167986e-02
  -1.79319384e-03  -4.75544769e-03  -8.04576327e-03  -2.09973551e-03
  -8.21791020e-03  -1.45429875e-03   7.29718936e-03   3.11430516e-03
  -5.76532413e-03]
[  9.54451483e-03  -1.28942051e-02   1.31838367e-02  -6.69124395e-03
   1.91231009e-04  -3.41382080e-03  -8.79691769e-03   5.06704599e-03
  -5.61415578e-03   1.52504472e-03  -1.17470686e-04  -3.70769593e-04
  -8.45416786e-03  -5.14898097e-03  -3.54727533e-03  -7.13797920e-04
   1.29833228e-02  -6.73300657e-03  -6.82114310e-03  -2.32849894e-05
  -1.93412168e-03]
[ 0.00597859 -0.00590472  0.00422877 -0.0112913  -0.00221207  0.00228832
  0.0005468  -0.00936118  0.00431485  0.001649    0.01548634 -0.01606113
 -0.00216289  0.00133402  0.008763    0.00214227  0.00677219 -0.01224317
  0.00665887 -0.00465071 -0.00280307]
[  6.22376342e-03  -8.25146272e-03  -7.58318699e-03   9.06268949e-03
  -5.37957447e-03   2.69920818e-03  -2.04458589e-02  -7.97725538e-03
  -1.02360799e-05  -1.26315984e-02  -1.23682418e-02   6.20239630e-03
   1.42803962e-02   7.84379587e-03   4.29103480e-03  -2.32638722e-03
  -4.48196700e-03  -4.43310922e-03   1.22521027e-02  -2.23792336e-03
  -1.42394655e-02]
[ 0.02039271  0.01728034 -0.00700996 -0.00624571 -0.03164674 -0.01000604
  0.00015844  0.01819292  0.00456131 -0.01758563  0.01199605  0.01669926
 -0.01136335 -0.00255424  0.0107538   0.01620149  0.02185631 -0.01014453
 -0.01427959  0.01383811  0.00884461]
[ 0.02633983  0.02232489  0.00598058 -0.00522165 -0.00314048  0.00726112
 -0.00755466 -0.01080208 -0.00455918  0.0093168  -0.03724852 -0.03938047
  0.01113179 -0.01470291 -0.01782911 -0.01042619 -0.01073311 -0.02262109
 -0.0346774  -0.01384636  0.01505382]
[ 0.01266377 -0.01585563  0.00929071  0.01187504 -0.01306549  0.02647814
  0.01539259  0.01087603 -0.00548867 -0.00610666 -0.00621604 -0.00323318
 -0.01114761  0.01573096  0.00332251 -0.02194187  0.00989494 -0.00572326
  0.00222334  0.00784057 -0.01225787]
[ 0.00762804  0.00640436  0.00096337  0.00467632  0.00420904 -0.0025326
 -0.00096283  0.00740933 -0.00028876  0.00022991  0.00120047  0.01120453
 -0.00320113 -0.01042131  0.0258339  -0.00977445  0.00596257  0.00558844
  0.00050732 -0.00754473 -0.00536753]
[ 0.00653656 -0.00852125 -0.00230389 -0.00101196 -0.00098626  0.00776995
 -0.01908293 -0.00024473 -0.00829859  0.00520208  0.0046238  -0.00173778
 -0.00233917 -0.02182885 -0.00339881 -0.00045719  0.0042586   0.003686
  0.00110721  0.0135692   0.00079059]
[ 0.0051565   0.00257355  0.00234545  0.00861374  0.0088359  -0.00201493
  0.00379916 -0.00180591 -0.0087627  -0.01241857  0.0080968   0.00394455
  0.00023243  0.0088422  -0.00522763  0.00714156  0.01093418  0.00282164
 -0.0084659   0.00117524 -0.00156452]
[ 0.00325204 -0.00337468  0.00693702 -0.00082145  0.0027612   0.00613433
  0.00056728 -0.00175792 -0.00044651 -0.0016453   0.0111861  -0.00062351
 -0.00759312 -0.0039351   0.00051062  0.00463969 -0.01718292 -0.00207828
 -0.00531054 -0.00586818  0.00917243]
[ 0.00667072 -0.00781789 -0.01045367  0.01919145 -0.00458068 -0.01182879
 -0.00326862 -0.00673744 -0.00012775  0.0054708   0.00304441 -0.00799117
 -0.00384815  0.00875325  0.0015593  -0.01377551 -0.00174446 -0.0015551
 -0.00642346  0.00055577  0.00165661]
[  6.53900170e-03  -8.28078478e-03   5.77666876e-03  -1.12961996e-03
  -1.80509248e-03  -3.58043819e-03   6.50713012e-03   7.67203764e-03
  -2.60611665e-03   9.27079125e-03  -8.91721144e-03   7.45692992e-03
   3.21590868e-03   6.43193149e-03  -2.76030555e-03  -2.43856296e-04
   1.26432259e-02   3.79482554e-03   8.16443515e-03   6.72808809e-05
   1.17836926e-02]
[ 0.00685942  0.00521863 -0.00136005 -0.01697458 -0.01891294  0.00500836
  0.00281141 -0.02228863  0.00555487  0.00104157 -0.00678793 -0.01804052
 -0.01529925  0.0093641  -0.00123431 -0.00242433  0.01190134  0.00659055
  0.00678156  0.00724721 -0.00480144]
[ 0.00891048 -0.01099687  0.00901427 -0.01118898  0.00156676  0.01244221
 -0.00764138 -0.00395608 -0.0003206  -0.00439039  0.04121037 -0.01741036
 -0.01515544 -0.01049813  0.00788351  0.00775628 -0.00551252 -0.00471067
  0.00350896 -0.00025324  0.00064256]
[ 0.0047731  -0.00368679 -0.02001011 -0.00038956 -0.00383069  0.0030617
 -0.00180085  0.00065723  0.00378138  0.00338747  0.01702742 -0.00355171
 -0.00176383  0.0139513   0.00415765 -0.00341218 -0.00355465  0.00305448
  0.00498497 -0.00864491  0.01122013]
[ 0.0098462   0.00834551  0.00383925  0.00360384  0.01391896  0.00557019
 -0.00311628 -0.00437479  0.00117493 -0.0007892  -0.00500978 -0.01024383
  0.00396185  0.0092453  -0.0129105   0.00860767 -0.0034094   0.00459898
  0.0037694   0.00928092  0.00092597]
[ 0.01155968 -0.01465709  0.0069523   0.02319755 -0.00899353  0.001354
  0.00852779  0.01082548 -0.00252408  0.0032845  -0.02428846  0.00657463
 -0.02980678 -0.00359397 -0.01207658  0.00857504  0.00478538 -0.00460518
  0.04186812 -0.01415683  0.00823512]
[  8.10141954e-03   6.63388083e-03   6.42892610e-03   8.76826297e-04
   1.54212608e-02   1.03878120e-02  -7.91026278e-04  -1.74551024e-02
  -3.50144916e-03   7.71775317e-03  -5.79316157e-03  -8.97980011e-05
  -4.05247830e-03   2.71114115e-03   1.05002552e-02  -2.54565285e-03
  -1.24809813e-02  -2.94352898e-03   1.12344979e-02  -3.28719226e-03
   1.49183584e-02]
[ 0.03537297  0.02934616  0.0113093   0.01492126  0.04012751  0.0149127
 -0.01030466  0.00404113  0.00900073  0.01174615 -0.01910785 -0.00864849
 -0.00088913  0.00146946  0.01657401  0.00697468 -0.02257137 -0.02787312
 -0.00916805  0.00958963  0.01838927]
[ 0.00704785  0.00461202 -0.00223353 -0.00147692 -0.00652687 -0.00556234
  0.00244388  0.00081917 -0.01754726  0.00338988  0.00255636 -0.01327725
  0.00917602 -0.01725842 -0.00574777 -0.02916404 -0.00292282  0.01746932
 -0.00045693 -0.01189936 -0.00994953]
[ 0.00916134  0.00586448  0.00684827  0.01646147  0.01918299  0.00474167
  0.00514369  0.00120815  0.0014926  -0.01128483  0.02121901  0.00315876
 -0.00325358  0.00592329 -0.00605008 -0.01339266  0.01574058 -0.0014393
 -0.00245368  0.02101906 -0.00478685]
[ 0.01070373 -0.0142441  -0.00318283  0.00675505 -0.00173872  0.00225893
  0.00423105  0.00313819  0.00144291  0.01304582 -0.00940154  0.00563969
 -0.0062867  -0.01184675 -0.01002371  0.00748612  0.00564024  0.01527188
 -0.00664228 -0.00016677  0.0315535 ]
[ 0.02149244  0.01771043 -0.00696519 -0.00897182 -0.00647199  0.00352499
 -0.00784905  0.00094615  0.02926628  0.00152009 -0.00206641  0.00358188
 -0.01855543  0.00516904 -0.00507223 -0.00601688  0.00169089 -0.00325703
 -0.00949687  0.01866326 -0.0069679 ]
[ 0.01477928  0.0115353   0.00179229  0.00187281  0.01175145  0.00162899
 -0.00309423  0.01623397 -0.00266903  0.00311611 -0.00069775 -0.03036676
  0.01354804  0.01111111 -0.00194586  0.01924103 -0.00079913  0.02741113
  0.00576015 -0.01630922 -0.01018798]
[ 0.00859728  0.00663617 -0.00997875 -0.00911425 -0.01647639  0.00128201
 -0.00312901  0.00448058  0.00918139  0.00015399  0.01222778 -0.00197022
 -0.00323203  0.01433311 -0.00047984  0.00355753  0.00071168  0.01455081
  0.00405908 -0.01796441  0.00658513]
[  9.08077033e-03   7.58042050e-03  -1.28331012e-03   4.33820237e-03
   7.99776873e-03   7.61228803e-05  -2.16219407e-03   1.90409191e-02
   8.28737933e-04   7.86032135e-03  -2.99137660e-03   8.66486100e-03
  -7.34689006e-03  -9.44307321e-03   4.48553205e-02  -1.45439253e-02
  -1.23430922e-02   3.65488771e-03   1.24151017e-02  -5.98439887e-03
  -3.06143208e-03]
[ 0.01191548  0.00904601  0.00097498  0.00067567  0.00367815  0.00111154
  0.0059455  -0.01008091 -0.0161373   0.00708259 -0.00674286  0.00154127
  0.01136421 -0.00138671 -0.00807128  0.0128933  -0.01816168 -0.02204574
 -0.00177891  0.01277501  0.00531134]
[ 0.00808873 -0.01026096  0.00763229 -0.01328751  0.00486175 -0.02032145
 -0.00193666  0.00082174  0.00739033 -0.00573965 -0.0001742   0.00470951
  0.00715223  0.00630776 -0.00202475 -0.00249248 -0.01077465  0.00215393
  0.00811825 -0.00694842  0.02401071]
[ 0.00834835 -0.01075618 -0.01670114 -0.0052269   0.00908045  0.00200869
  0.01015935 -0.00554149  0.00889221  0.00367288 -0.00389598 -0.00151516
  0.00983765 -0.02778548 -0.00196948  0.01760083  0.0130823  -0.00449433
  0.00652549  0.00537253 -0.00030456]
[ 0.01295323 -0.01617178  0.00308991 -0.00816327  0.00925463 -0.02813558
 -0.00314691  0.00763414 -0.01240095 -0.00113526 -0.00759579  0.00041674
 -0.01565247  0.01994412 -0.0098529  -0.0172598  -0.0107287   0.00127325
 -0.02147871 -0.00361729 -0.00481251]
[ 0.01649099 -0.0207586   0.01988424 -0.0119638   0.00419376 -0.01875775
 -0.01411889  0.00340806 -0.01066777  0.00520088 -0.00639831  0.01548138
 -0.00265656  0.01490376 -0.00521859  0.0063184  -0.01644119  0.01260308
 -0.00973804 -0.00542807 -0.00948509]
[  9.78129185e-03   7.84898340e-03   5.48554698e-03  -2.67014716e-04
   9.79493668e-03   2.79127836e-03   9.61639967e-05  -2.28681725e-02
   3.67127071e-03   2.07228801e-04   4.55731599e-03   1.62988833e-02
  -4.82242207e-03   1.50533380e-03  -1.15491459e-02  -4.99699350e-03
   5.99538952e-03   9.98935683e-03   8.80825993e-03  -3.36617409e-03
  -1.43949734e-04]
[ 0.00989205  0.00833805  0.0011403   0.0065109   0.00733484  0.00010013
 -0.00375928  0.02263975 -0.00067037 -0.0003669  -0.00372425 -0.02414201
  0.01171898  0.00076305 -0.00336872  0.00885208 -0.00303319  0.00586819
  0.00866742 -0.00039868 -0.00255956]
[ 0.01328079 -0.01721379  0.0064861  -0.00010679 -0.0007402   0.0059139
  0.01507767  0.00073884  0.00723052 -0.01194565  0.00211634  0.00139177
  0.00838515  0.00970592  0.00455394 -0.01874499 -0.02507631  0.00928751
 -0.0187188   0.01244863  0.00788326]
[ 0.02102385  0.01664036 -0.00183227 -0.00302759 -0.01721769 -0.01045596
  0.00700878 -0.00492375 -0.0186309  -0.01641491 -0.00168593  0.01342536
  0.00471826  0.00305358 -0.00938273  0.02095067  0.00933998 -0.01209554
 -0.00889795  0.01843142  0.01062374]
[ 0.02585292  0.02151755  0.00963844  0.01313201  0.03760133  0.00945116
 -0.00988463 -0.00989128  0.02737165 -0.00325555  0.01605187  0.01008548
  0.00096666  0.02358991 -0.02430822  0.00258129  0.02539312  0.02492139
 -0.01237049 -0.0207665  -0.00856079]
[ 0.00408236  0.00176111 -0.00948922 -0.00472668  0.0042041   0.00316344
  0.00412014  0.00722564 -0.00564187  0.01042895 -0.00232751  0.00265972
  0.00068097  0.00357337  0.00475807  0.00130071 -0.00701281 -0.00151225
  0.00510467  0.0023755  -0.00492382]
[  1.10221819e-02  -1.45460264e-02   1.00128118e-02  -3.92645185e-03
   1.89885923e-03   1.10151284e-02  -7.03034183e-05   2.19004302e-03
  -7.17498745e-03   3.13442507e-03   7.16667333e-03  -2.93453369e-04
  -1.90028392e-02  -1.49255462e-02  -3.91008399e-03   9.79011000e-03
  -1.73499389e-02  -2.14267503e-03  -1.58878055e-02  -1.04573577e-02
   1.48098475e-03]
[ 0.00574767 -0.00741966  0.00402747 -0.00592558  0.00254591  0.00065659
 -0.01727893 -0.00041194 -0.00979054 -0.00464643  0.0024365   0.00214784
 -0.00916983 -0.005499    0.000143    0.00911932  0.00130313 -0.00188277
  0.00434265 -0.00481539 -0.01689346]
[ 0.00962996  0.00684163  0.0002096   0.00784579 -0.00343788 -0.01036483
  0.01392594 -0.00321226 -0.04925951 -0.01339031  0.01244989  0.00811127
  0.01774495  0.00635209  0.01361473  0.02045353  0.01753883  0.00855912
 -0.00283983 -0.00602589  0.01051646]
[ 0.00194718 -0.00193409 -0.00991022  0.00859834  0.00534393 -0.01627463
  0.01072468 -0.00548858  0.00350786 -0.00634129 -0.00659374 -0.00693357
 -0.01109505 -0.0121879  -0.00033946  0.00256584 -0.00097036  0.00621333
 -0.00460512  0.00406929 -0.00253351]
[ 0.00602095 -0.00740901  0.00478846 -0.01018314  0.00182336  0.00089943
 -0.00118022  0.00379086 -0.00897634  0.00847418  0.00178149 -0.00423198
 -0.00561646  0.00071658  0.00082846  0.00355939  0.0032805   0.01164979
 -0.00365469  0.00734499 -0.00920945]
[ 0.00416572 -0.00554119 -0.00465585  0.02255721 -0.01441632  0.00655965
 -0.00542867 -0.00746068  0.00591407  0.01648268  0.00387456 -0.0006873
  0.00790363  0.00687375  0.00367764  0.00071508  0.00068808  0.00825059
 -0.01423667 -0.00168936  0.0059699 ]
[ 0.00729913  0.00624951 -0.00248347 -0.00643173 -0.01294337 -0.0016769
 -0.00273671  0.00495228  0.0076488   0.00089187 -0.00227549 -0.00358309
 -0.00312644 -0.00272938  0.00043722 -0.000203   -0.00114115  0.00189941
 -0.00474068 -0.00703654 -0.00071436]
[ 0.02647725  0.02198654  0.00691256 -0.00366356  0.01091058 -0.000475
 -0.00522446 -0.02747362  0.01077194  0.00790604 -0.00352505  0.05481902
 -0.00961568 -0.01554146  0.02057769 -0.00927122  0.00226085  0.00751627
  0.00398727 -0.01285289 -0.00708987]
[  8.01417149e-03  -1.06191761e-02   8.62839646e-04  -3.24180165e-03
  -5.91204695e-04   8.59986457e-05  -3.22177371e-03  -4.40978893e-03
   8.01167746e-03   6.17073558e-04  -2.61729682e-03   4.15909558e-03
   2.44002895e-02  -1.93371966e-03   6.95889967e-03   5.94915625e-03
   1.01642233e-02  -9.26077910e-03   3.91112947e-03   1.47660701e-03
  -7.45371335e-03]
[  1.34842698e-03  -1.47860143e-03  -3.53505958e-03   4.01189782e-03
   2.68687156e-05  -6.26818221e-03   1.29422376e-03  -1.38199397e-03
   1.52562091e-03   3.47708387e-03   2.55105586e-03  -2.69320225e-03
  -1.92327750e-03   5.04043378e-03   5.55489951e-04  -2.67998688e-03
   2.19183391e-03  -8.74432584e-03   2.74006317e-03  -4.88399268e-03
   3.98034908e-04]
[ 0.01417234  0.01180528 -0.00150923 -0.01008346 -0.01017011  0.00289223
 -0.00018242 -0.00808086  0.00038303 -0.00106523 -0.00920903  0.00718126
 -0.01509286  0.00466521  0.03343032  0.01075578  0.01087678  0.00254217
 -0.00957435  0.00371623  0.00853523]
[ 0.00411046  0.00177954 -0.00211784 -0.00787254 -0.00672247  0.00474788
  0.00906502 -0.00766015 -0.01048749  0.0005555  -0.00593484 -0.00940787
 -0.00203448  0.00741277  0.00769556  0.00210318  0.00026186  0.0099146
  0.00600638  0.00450645 -0.00222342]
[ 0.02275798  0.0182297   0.00252809  0.0028089   0.02034084  0.00232839
 -0.00243781 -0.01289629  0.01175144  0.0040285   0.01935758  0.03241565
 -0.0037247   0.00129829 -0.00529886 -0.01399278  0.0156494   0.02467293
  0.00857148 -0.01966341 -0.016246  ]
[ 0.01191344 -0.01468662 -0.00041732 -0.0212933   0.01014325 -0.00459013
  0.027567    0.00129215  0.00895764  0.00434528  0.00417795 -0.00709748
  0.00685006 -0.00910487  0.00629205 -0.0009243  -0.00255514  0.02181498
 -0.00021153  0.01342303  0.00645712]
[ 0.00953213 -0.01130238  0.0129009   0.00803434 -0.0068188  -0.00644784
 -0.01130916  0.00204453 -0.0167193   0.01307807  0.00061853  0.0031089
 -0.00983519  0.00839109 -0.00088396  0.00319628 -0.00867691 -0.000351
 -0.00799905  0.0099292  -0.02460057]
[ 0.00276554 -0.00246166  0.00284503  0.00312424  0.00179077 -0.00147112
 -0.00030813  0.00270304  0.00286726 -0.00330377  0.00617682 -0.00297312
 -0.00274944 -0.00295271 -0.00453977 -0.00365642  0.00172705  0.0033125
  0.01169657  0.00574593  0.00606542]
[ 0.00866407  0.00682234 -0.00485902 -0.00101318 -0.00490073 -0.00092089
 -0.00199596  0.01872866  0.00533155 -0.00340222 -0.00158207 -0.0091433
 -0.00020048  0.00575544 -0.00064614  0.00863041 -0.00646341  0.00066582
  0.00737784  0.01081321 -0.00905525]
[ 0.00316161 -0.00020421 -0.00381756  0.00503245  0.00011513 -0.00191275
  0.00377195  0.00475639 -0.00220752  0.00506113 -0.00176611 -0.00264184
 -0.00864131  0.00726523  0.00636575 -0.0041244  -0.00815407 -0.00530823
  0.0087876   0.00597318 -0.00198282]
[ 0.0083831   0.00709394 -0.00284844 -0.00853322 -0.01424951 -0.00128526
 -0.0004808   0.00028069  0.00443331  0.00018432 -0.00449536  0.00254544
 -0.00232085 -0.00288304 -0.00314505  0.00623036  0.00473841  0.00036521
 -0.00291374 -0.00258989  0.00096519]
[ 0.00243847 -0.00268703  0.00363606  0.00080764 -0.00085479  0.0042362
  0.00241192  0.00156153  0.00046927 -0.00745831  0.00109914 -0.00020823
  0.00125463  0.00313177  0.00124165 -0.01206033 -0.00043455 -0.00087355
 -0.00818679  0.01044878  0.00109638]
[ 0.00146971  0.0012777   0.00060725 -0.00032342  0.00126131  0.00068377
 -0.00076467 -0.00298693  0.0006502  -0.00039509 -0.00248329  0.00249972
 -0.00084537  0.00114054 -0.00019488  0.00288781 -0.00028563 -0.00110848
 -0.00239012  0.00283254  0.00132042]
[ 0.01378515  0.01111014 -0.00200055 -0.00438115 -0.01345037 -0.00581457
  0.00153914  0.00552036 -0.00033987  0.00110274  0.00600357  0.01205089
  0.00682219 -0.00835566 -0.01507869 -0.00760681 -0.02303205 -0.01233754
  0.00441793  0.010391   -0.00872041]
[ 0.01076445 -0.01398069 -0.01672307 -0.00272061  0.00747934 -0.0089551
  0.00112807 -0.00816391  0.0040746  -0.00432228 -0.00070549 -0.00829141
  0.00328746 -0.00346139  0.00905743 -0.00279908 -0.00181616 -0.00832233
 -0.00332502  0.00411928 -0.01384722]
[ 0.00733557 -0.00952442 -0.00378931  0.00351328  0.00132272  0.01394763
 -0.0016961  -0.00175382 -0.00405784 -0.02069316  0.00307288  0.00020896
 -0.01253775 -0.00913547 -0.0043845   0.01050711 -0.00204083 -0.00412195
 -0.00584041 -0.01766175  0.00206146]
[  6.87326248e-03   1.17079945e-03  -1.95295774e-03   1.95545751e-02
   2.29449201e-03  -1.16794327e-02   1.14714527e-02  -2.78590298e-03
  -5.01517088e-04   1.48551061e-03   1.24914509e-02  -5.83847338e-04
  -5.36626752e-05   6.78335555e-04  -4.72515275e-03  -1.88272528e-03
   1.75141817e-03  -1.45957791e-02  -3.29384426e-03   3.85258934e-03
  -1.12624272e-03]
[ 0.00218018  0.00181749  0.00051092 -0.00218793 -0.00327948 -0.0007265
  0.00092141 -0.00727497 -0.00568609  0.0022807  -0.00088818 -0.00397741
  0.0028213  -0.0082218  -0.00710631 -0.01355364  0.00223982  0.00462726
  0.00066274 -0.00830308 -0.00372468]
[  6.61871023e-03  -8.22736561e-03   3.73800521e-03   8.81470967e-03
  -2.01754731e-03   1.71479975e-03   1.50296904e-02   1.43378716e-03
   1.70411364e-03   2.04937869e-03  -3.36695293e-03   2.78201674e-03
  -4.61190380e-03   6.62856193e-03  -4.79697401e-03   4.53429977e-03
  -7.85314694e-05  -5.62272147e-03  -2.91383143e-03  -1.52489638e-02
  -5.37727973e-03]
[ 0.00289932 -0.00364719 -0.00251057  0.01198819 -0.00781274  0.00469955
 -0.00270234 -0.00495673  0.00508397  0.00757667  0.00408127  0.00034877
  0.00883555  0.00190191  0.0043474   0.00166377 -0.00197987  0.00427443
 -0.0066494   0.00157782  0.00160512]
[ 0.00607008 -0.0076755   0.00454027 -0.00332043 -0.00336211  0.01546149
  0.02850171  0.00594138  0.00551146 -0.00354388 -0.00697156  0.00459125
  0.00893188  0.00412905  0.00197236 -0.00042428 -0.00221563  0.00629918
  0.00191278 -0.00460678 -0.01268258]
[ 0.00990558 -0.01272337  0.00770841 -0.0084962   0.00226068 -0.01571742
 -0.02564725 -0.00719428  0.00364727 -0.00047135 -0.00316047 -0.00032933
  0.02009592 -0.00755379  0.0109749   0.00576581  0.00182926  0.00398773
  0.0073269   0.01435438 -0.01427629]
[  2.02093816e-02   1.59899609e-02  -7.15937728e-03   7.10341464e-03
   2.08268192e-03  -9.19405028e-03   4.71705527e-03   1.43357666e-02
  -6.29035409e-05  -8.59707262e-03   7.39142563e-03   6.38156820e-03
  -1.10429300e-02  -7.72296106e-03   2.24587607e-02  -4.64990116e-03
   1.41577924e-02   1.38118121e-02  -7.14229018e-04   1.12523250e-02
  -6.38226395e-03]
[ 0.00682497 -0.00884588 -0.0022052   0.00175341 -0.00190537  0.00631367
  0.00666342 -0.00635946  0.00849945 -0.00171351  0.00514129 -0.00846529
  0.00524864 -0.00391126  0.00590591  0.00207474  0.01563058 -0.03196843
  0.00447011 -0.0153756  -0.00706266]
[ 0.0044021   0.00364494  0.00188934  0.00153174  0.00560012  0.00235188
  0.00272527 -0.0032133  -0.01129041 -0.00076401 -0.00301662 -0.00854606
  0.00542464  0.00806007  0.00546385  0.01145048  0.00058902  0.00658915
  0.00434521  0.00107251  0.00029884]
[ 0.00388921 -0.00509073 -0.00349562 -0.00096454  0.0011519  -0.00936176
 -0.00395992 -0.00308554  0.00238535  0.00147236  0.00451011 -0.00302249
  0.00398745  0.003814    0.00306457  0.0012465   0.00067918  0.00080452
 -0.00022164 -0.00186911  0.00300937]
[ 0.00230251 -0.00309969  0.00604875 -0.00252346 -0.00101346 -0.00118459
 -0.00628061  0.00140443 -0.00061675 -0.00181293  0.0031992  -0.00074518
  0.00070505 -0.000579    0.00072713 -0.00593923  0.00179991 -0.0006969
 -0.00149318  0.00788707  0.00801518]

Right eigenvectors

[ 1.          0.82052217  0.12608774 -0.00241223 -0.62860209 -0.3116515
  0.09184842 -0.25514529 -0.69893227  0.19114042 -0.06383988  0.25883061
  0.61326534 -1.24013857 -0.25439354 -0.5976967   0.01537777 -0.87941377
 -0.55214157 -0.98366435  0.28573644]
[ 1.         -1.21281324 -1.9457466   0.51394307  0.29391416 -0.19947982
 -0.62506227 -0.95557863 -0.18445192 -3.29834262 -0.27854434 -0.56894579
 -0.30980401  0.11842755  0.30973027  0.01467486 -1.02611056  0.61479611
  0.09345229 -0.91372206 -0.00896108]
[ 1.          0.80066496 -0.22717815 -0.17296095 -0.66319381 -0.24703115
  0.00728294 -0.14377235  0.43334159 -0.64458462 -0.03584209  0.71489887
 -0.27439061  0.66674082 -1.06600625  1.05401633 -0.81640968 -0.71480964
 -0.12700279  1.65122791 -0.32470551]
[ 1.         -1.2705697  -0.18688801 -0.26751938  0.68866098 -2.20877273
  0.53989284 -0.32621084  0.69590861  1.89197484 -0.73007965  0.39347173
  1.25754243  0.56961466  0.13040013  1.03541581 -0.19100992 -0.70576698
 -0.54984953 -0.24050888 -2.05912985]
[ 1.         -1.14355526  0.71654247  0.40306453 -0.72153459  2.286154
  2.09242546  0.41965442  0.44395279  1.00735383  0.21430295  0.91965545
  1.61559109 -0.79225378  0.17024199  0.6750912  -0.59855827 -0.36822198
 -1.17652226 -0.09573359 -2.11264206]
[ 1.         -1.35765326  1.65482414  0.63679644 -1.06491328  1.44291129
 -0.34283324  1.29216606 -0.28877946 -2.07767229 -2.95663231  0.84347858
 -0.7666584  -0.16429474 -0.71412795 -1.36276955 -0.06768612  1.43071595
  2.48672284  0.53329554  2.42692815]
[ 1.          0.83712438  0.11760849  0.56533177  0.94734254  0.17530547
 -0.04427258  0.52324863 -0.14022639  0.39151683  0.29051549 -0.05513803
  0.43720581 -0.56664683 -0.30831533 -1.04662551 -0.51431005 -0.83185259
  1.00647668  0.36142247 -0.22159914]
[ 1.         -1.24033556  0.38380828 -0.29217396  0.0443586  -0.1899909
  2.59480506 -0.14467123  1.98471379  0.58594682  0.59787211 -0.06349775
  1.67695898 -1.43254351  0.02130405  0.6289751   0.5510829   0.61328382
  0.94552968  1.07217077  1.21141252]
[ 1.         -1.23532864 -6.1477135  -2.75749883  2.64805426  2.6609826
 -1.20347371  1.96549697 -2.28437556  3.05557627 -0.41223177  1.80711869
 -0.18368581  1.03427361 -1.85563925 -1.58323364  2.76291159 -1.41937001
 -1.07298886  0.94718428  1.1470393 ]
[ 1.          0.8533457   0.28492822 -0.33615635  0.44559116  0.50476367
 -0.20597246 -1.21451976  0.29894959  0.58212722 -0.52808479 -0.56688514
  0.21053584  0.16599566 -1.15695967 -0.17775689  0.11063338  0.77730298
  0.75090587 -0.69672137 -0.31925225]
[  1.00000000e+00  -1.32684453e+00   4.15826988e-01  -1.59293530e+00
   5.55977507e-01   9.77746208e-01   1.29587963e+00   9.72646918e-01
  -2.92509368e-01  -1.01097235e+00  -4.76736562e-01  -7.29673086e-04
  -1.58675073e-02   7.45082559e-01  -1.59243010e-01  -1.34867810e+00
   1.65514369e+00  -1.14924982e+00  -7.56309440e-01  -4.05398344e-01
  -1.02459488e+00]
[ 1.          0.83760799 -0.14779059 -0.56612987 -1.07300693  0.04714736
 -0.01590933 -0.17712019  0.12159634  0.0271684  -0.62908219 -0.57536442
 -0.38727542  0.25203811  0.26498793 -0.07402559 -0.30863229 -0.2274547
 -0.34517105  0.25488374  0.21530233]
[ 1.         -1.32576404  0.06639888  0.17646374 -0.47436917  1.51335174
 -0.61532727 -0.33246889  0.89388973 -1.83908564 -0.63546832  0.6384061
  2.34301037 -1.16540752  0.41604659 -0.56340581 -0.69350144  0.88749961
  0.36685797  1.09881452  1.67890845]
[ 1.          0.6998745   0.20361374  1.1898876   0.33202115 -0.21658992
 -0.22151526  2.79691145  0.63204443 -0.48001293  1.14271212 -1.34234476
  0.7262514  -0.88474888 -1.47937652 -0.4076613   0.35800446 -0.16827569
  1.63485388  0.96713939 -0.30872344]
[ 1.          0.81748363  0.08456114  0.2025366   0.1259823   0.04490699
 -0.21452069  1.13714138 -0.13990494 -0.12210471 -1.00875108 -0.35984138
 -0.3838193  -0.66150668  1.87780694  0.34979633  0.50199322 -0.67107379
 -0.90010536 -0.38989484  1.14781733]
[ 1.         -1.33231594  0.66723713 -0.34500557 -0.24767154 -1.61928997
 -0.20059969 -0.60482582  0.65393632  0.56236338  0.80539026 -1.54231401
  0.70212699  1.01022133  1.32135661 -0.59966645  1.09690749  0.37798882
 -0.11484965  0.84788189  0.22484679]
[ 1.          0.83009139 -0.06286393 -2.63663008 -3.28255796 -0.38164063
  0.76280336 -5.76207846  3.22935063  0.12537572 -0.01477728  3.10644564
 -3.81294801  1.11362996 -2.60786684 -0.58586632  0.07446297  1.23257794
  3.13916613  3.14380701 -2.40712285]
[ 1.         -0.79806289 -0.20099813 -1.29384379  1.38910392 -0.49961496
  1.70449421 -0.23929662  1.02066385  2.00576137  1.0989989   1.22060052
  0.45539873  0.83772872 -0.67215988  2.2480185  -3.14323545  0.4318395
 -0.13432439 -1.42299875 -0.90617178]
[ 1.         -1.21732551  2.11621663 -1.69380245  0.09420641 -1.30923982
  0.18082534  1.24697911  0.48846227 -2.45435499 -2.07629113  1.08268187
  0.90398932  1.91613779 -0.8266453  -1.37296256  0.77293514 -1.22100927
  0.09879584 -2.47470794  2.30889933]
[ 1.          0.83205543  0.22914842  0.16023306  0.44728826  0.15512681
 -1.00728901  1.65072529  1.71643817 -0.34663462 -0.55080937 -1.0520235
  0.19144417  0.09629786 -0.61143436  0.425751    0.47860238  0.22251917
 -0.93915107 -0.79599785 -0.21796274]
[ 1.         -1.20207831 -4.01576383  1.3800922  -0.27070453  1.9904665
 -2.47042951 -1.3405286  -0.03745243 -4.99332456 -2.00006294  1.13979609
  1.15783546  1.02841196 -0.0616048   0.01915601 -2.45131769  0.3023822
  2.30461434 -0.64684148 -1.05833433]
[ 1.          0.80100963  0.5204348   0.38570348  1.10222321  0.62680822
  0.60956301 -1.93604157 -1.53067644  0.46774225  0.17904872 -0.90450436
  0.36186324  0.63343309 -0.36306661 -0.74938036 -0.67248767 -0.93522058
  1.76099244  1.01889269  0.79735224]
[ 1.          0.79067831 -1.31152802 -0.63355054 -3.06634052 -1.23859233
  0.63082666  2.1385954  -1.39906733 -0.38014758  2.75220824  0.95883469
  1.56994077 -0.30978371 -1.80694493  0.01169172 -1.53316078 -0.02757071
  1.86839639 -0.50626726  0.05778298]
[ 1.         -1.33733009  0.82823519 -0.46040653  0.12334314 -2.23331729
 -1.27548794 -0.07317507  0.19821074  1.30798964 -0.08380213 -0.32133703
  0.10218757  0.59194418  0.26764234 -0.35753906  1.58353308 -0.55424363
  1.33128956  0.05852848  2.01133771]
[ 1.         -1.29989657  0.17875475  1.62973379 -1.02678452  1.02702902
 -0.88509252  0.34831826 -0.66091202  1.38896393 -0.44455602  0.35188314
 -0.99496063 -0.78546326 -1.02610026  0.82599184  0.6234309   0.84251908
  0.41908615  0.50523058 -0.03858282]
[ 1.         -1.06279523 -7.79906186 -3.15237977  3.56487101  2.09837814
 -0.76562911  1.27550753 -1.81253713  1.29823875 -0.25574078  1.50356575
 -0.77961638  0.59547898 -1.80407273 -1.03437319  0.11992786 -0.09112363
 -1.37763789  0.79094882  1.3945351 ]
[ 1.          0.68047342 -0.34986214 -0.47491485 -1.43504153 -1.34827667
  0.76091745  0.00571421  1.69696495  0.29175451  1.35773906  2.30446983
 -0.28271315 -0.74973912 -1.26848698 -0.3310422  -1.2956275  -0.22928328
  1.15046757  0.49099823 -0.90895523]
[ 1.         -1.35095449  1.38129983 -0.70105648  0.0200357  -0.35767358
 -0.92167259  0.53088565 -0.58820756  0.15978232 -0.01230766 -0.03884635
 -0.88576193 -0.53947016 -0.37165591 -0.07478619  1.36029154 -0.70543204
 -0.7146663  -0.00243962 -0.20264222]
[ 1.         -0.98764342  0.70731892 -1.88862144 -0.36999848  0.38275204
  0.09145973 -1.56578306  0.72171749  0.27581809  2.59029966 -2.68644084
 -0.36177306  0.22313298  1.46573014  0.35832312  1.13274063 -2.04783537
  1.11378587 -0.77789468 -0.468851  ]
[  1.00000000e+00  -1.32579955e+00  -1.21842469e+00   1.45614299e+00
  -8.64360372e-01   4.33693892e-01  -3.28512791e+00  -1.28174142e+00
  -1.64467690e-03  -2.02957561e+00  -1.98726092e+00   9.96566849e-01
   2.29449535e+00   1.26029788e+00   6.89459818e-01  -3.73791076e-01
  -7.20137752e-01  -7.12287553e-01   1.96860033e+00  -3.59577190e-01
  -2.28791883e+00]
[ 1.          0.84737821 -0.34374844 -0.30627188 -1.55186495 -0.49066745
  0.00776935  0.89212854  0.22367372 -0.86234864  0.5882519   0.81888377
 -0.5572258  -0.12525259  0.52733528  0.7944744   1.07177066 -0.49745849
 -0.70023008  0.67858131  0.43371444]
[ 1.          0.84757143  0.22705443 -0.19824174 -0.11922942  0.27567073
 -0.28681519 -0.41010431 -0.17309057  0.3537152  -1.41415173 -1.49509185
  0.42262192 -0.55820047 -0.67688793 -0.39583342 -0.40748602 -0.85881689
 -1.31653848 -0.52568133  0.57152293]
[ 1.         -1.25204711  0.73364518  0.93771799 -1.03172257  2.09085816
  1.21548279  0.8588303  -0.43341566 -0.48221482 -0.49085267 -0.25530933
 -0.88027626  1.24220263  0.26236331 -1.73264944  0.7813585  -0.45193996
  0.17556697  0.61913398 -0.96794838]
[ 1.          0.83958239  0.12629392  0.61304362  0.55178619 -0.33201235
 -0.12622278  0.9713287  -0.03785503  0.03014007  0.15737625  1.46886121
 -0.4196535  -1.36618551  3.38670403 -1.28138435  0.7816656   0.73261861
  0.06650791 -0.98907896 -0.70365864]
[ 1.         -1.30362898 -0.352462   -0.15481556 -0.15088332  1.18869071
 -2.91941484 -0.03743992 -1.26956463  0.79584351  0.70737525 -0.26585619
 -0.35785928 -3.3395006  -0.51996907 -0.06994321  0.65150467  0.56390573
  0.16938777  2.07589315  0.12094942]
[ 1.          0.49908821  0.45485357  1.67046273  1.71354612 -0.39075562
  0.73677184 -0.35022119 -1.6993517  -2.40833388  1.57021349  0.76496695
  0.04507459  1.71476745 -1.01379506  1.38496284  2.12046586  0.54720105
 -1.64179196  0.22791493 -0.30340671]
[ 1.         -1.03771109  2.1331276  -0.2525962   0.8490671   1.88630234
  0.1744396  -0.54056024 -0.13730284 -0.50592872  3.43971488 -0.19172856
 -2.33487622 -1.21004015  0.15701653  1.42670093 -5.28373266 -0.63907059
 -1.63298767 -1.80446151  2.82051264]
[ 1.         -1.17197137 -1.56709889  2.8769697  -0.68668415 -1.77324133
 -0.48999599 -1.01000298 -0.01915147  0.82012168  0.45638353 -1.19794694
 -0.57687203  1.31219089  0.23375313 -2.0650712  -0.26151067 -0.2331237
 -0.96293367  0.08331467  0.24834052]
[ 1.         -1.26636835  0.88341753 -0.17275113 -0.27605016 -0.54755119
  0.99512593  1.17327354 -0.39854962  1.4177686  -1.36369615  1.14037742
  0.49180423  0.98362591 -0.42212951 -0.03729259  1.93351011  0.58033714
  1.24857517  0.01028917  1.80206294]
[ 1.          0.76079768 -0.19827452 -2.4746393  -2.75722279  0.73014357
  0.40986076 -3.24934809  0.80981705  0.15184482 -0.98957776 -2.63003702
 -2.23040077  1.36514495 -0.17994412 -0.35343042  1.73503635  0.96080307
  0.98864936  1.05653399 -0.6999782 ]
[ 1.         -1.23414993  1.01164801 -1.25570996  0.17583352  1.39635581
 -0.85757224 -0.44397985 -0.03597974 -0.49272144  4.62492979 -1.95391823
 -1.70085455 -1.1781777   0.88474515  0.87046707 -0.61865575 -0.52866558
  0.39380172 -0.02842088  0.0721127 ]
[ 1.         -0.77240908 -4.19226473 -0.08161631 -0.80255818  0.64144819
 -0.37729085  0.1376951   0.79222742  0.70969959  3.56736979 -0.74410839
 -0.3695362   2.92290025  0.8710587  -0.71487743 -0.74472571  0.63993611
  1.04438694 -1.81117088  2.35069913]
[ 1.          0.84758615  0.38992159  0.36601301  1.41363777  0.56571955
 -0.31649559 -0.44431204  0.11932786 -0.08015278 -0.50880298 -1.04038414
  0.40237339  0.93897133 -1.31121557  0.87421165 -0.34626578  0.46708146
  0.38282749  0.94258839  0.09404353]
[ 1.         -1.26794962  0.60142625  2.0067638  -0.77800851  0.1171316
  0.73771876  0.936486   -0.21835167  0.2841338  -2.10113583  0.56875528
 -2.57851238 -0.3109059  -1.04471598  0.74180558  0.41397184 -0.398383
  3.62191004 -1.224673    0.71240068]
[ 1.          0.81885413  0.79355551  0.10823119  1.90352576  1.28222122
 -0.09764045 -2.15457332 -0.43220193  0.95264208 -0.71507981 -0.01108423
 -0.5002183   0.33465014  1.29610066 -0.31422306 -1.5405919  -0.36333496
  1.38673202 -0.4057551   1.84144993]
[ 1.          0.82962108  0.31971582  0.42182654  1.13441166  0.42158444
 -0.29131461  0.11424354  0.2544523   0.33206563 -0.54018212 -0.24449431
 -0.02513598  0.04154192  0.46855017  0.19717526 -0.63809649 -0.78797781
 -0.25918225  0.27110041  0.51986775]
[ 1.          0.65438724 -0.31691017 -0.20955569 -0.92607958 -0.78922473
  0.34675588  0.1162303  -2.489734    0.4809816   0.36271487 -1.88387262
  1.30196064 -2.44875008 -0.81553529 -4.13800617 -0.41471115  2.47867396
 -0.06483304 -1.68836791 -1.41171146]
[ 1.          0.64013359  0.74751822  1.79684086  2.09390607  0.5175738
  0.56145638  0.13187425  0.16292368 -1.23178802  2.3161461   0.34479277
 -0.35514256  0.64655276 -0.66039187 -1.46186625  1.71815235 -0.15710612
 -0.26783012  2.29432147 -0.52250549]
[ 1.         -1.33076049 -0.29735727  0.63109284 -0.162441    0.21104175
  0.39528731  0.29318678  0.13480422  1.2188108  -0.8783426   0.52689057
 -0.58733705 -1.10678695 -0.93646872  0.69939411  0.52694126  1.42678138
 -0.62055793 -0.01558067  2.94789829]
[ 1.          0.82403081 -0.32407626 -0.41744079 -0.30112866  0.16401049
 -0.36520065  0.04402242  1.36170101  0.07072683 -0.09614577  0.16665764
 -0.86334704  0.24050497 -0.2360006  -0.27995325  0.07867374 -0.15154303
 -0.44187037  0.86836422 -0.32420226]
[ 1.          0.78050454  0.12127037  0.12671875  0.79512973  0.11022119
 -0.20936279  1.09842706 -0.1805926   0.21084332 -0.04721133 -2.05468424
  0.91669132  0.75180331 -0.13166118  1.30189203 -0.05407125  1.8546992
  0.38974462 -1.10351877 -0.68934196]
[ 1.          0.7718914  -1.16068662 -1.06013174 -1.91646486  0.14911769
 -0.36395377  0.52116267  1.06794072  0.01791197  1.42228382 -0.2291674
 -0.37593614  1.66716687 -0.05581324  0.41379665  0.08278001  1.69248888
  0.47213491 -2.08954531  0.7659551 ]
[ 1.          0.83477725 -0.14132172  0.47773506  0.88073681  0.00838287
 -0.2381069   2.09683963  0.09126295  0.86560072 -0.32941881  0.95419889
 -0.80906022 -1.03989781  4.93959421 -1.60161801 -1.35925607  0.40248653
  1.36718595 -0.65901886 -0.33713352]
[ 1.          0.75918186  0.08182439  0.05670509  0.30868635  0.09328536
  0.49897289 -0.846035   -1.35431386  0.59440242 -0.56589087  0.12935042
  0.95373491 -0.11637887 -0.67737746  1.0820633  -1.52420872 -1.85017708
 -0.14929369  1.07213537  0.44575104]
[ 1.         -1.26855057  0.94357138 -1.64271896  0.60105246 -2.51231577
 -0.23942649  0.10159055  0.91365727 -0.70958575 -0.02153617  0.58223127
  0.88422175  0.77982084 -0.25031679 -0.30814254 -1.33205723  0.26628735
  1.00364914 -0.85902535  2.96841494]
[ 1.         -1.28842018 -2.000532   -0.62609971  1.08769398  0.24060913
  1.21692913 -0.66378318  1.06514605  0.43995322 -0.46667712 -0.18149227
  1.17839471 -3.32826039 -0.23591269  2.1083007   1.5670523  -0.53834902
  0.78165056  0.64354419 -0.03648096]
[ 1.         -1.24847411  0.23854364 -0.63021117  0.71446496 -2.17208926
 -0.24294437  0.58936175 -0.95736347 -0.08764276 -0.58640074  0.0321726
 -1.20838356  1.53970238 -0.7606521  -1.33247061 -0.82826425  0.09829589
 -1.65817395 -0.279258   -0.37152971]
[ 1.         -1.25878485  1.20576439 -0.72547498  0.2543059  -1.13745485
 -0.85615805  0.20666183 -0.64688462  0.31537712 -0.38798854  0.93877829
 -0.16109161  0.90375183 -0.31645074  0.38314259 -0.99698033  0.76424061
 -0.59050692 -0.32915367 -0.57516787]
[ 1.          0.80244854  0.5608203  -0.02729851  1.00139499  0.28536909
  0.00983142 -2.33795012  0.37533597  0.02118624  0.46592169  1.66633237
 -0.49302507  0.15389928 -1.1807383  -0.51087255  0.61294455  1.02127173
  0.90052112 -0.34414412 -0.01471684]
[ 1.          0.84290388  0.11527442  0.65819475  0.74148798  0.01012261
 -0.38003042  2.28868134 -0.06776872 -0.03708999 -0.37648866 -2.44054644
  1.18468634  0.07713724 -0.3405483   0.89486765 -0.30662882  0.5932227
  0.87619999 -0.04030315 -0.2587495 ]
[ 1.         -1.2961419   0.48838203 -0.00804073 -0.05573489  0.44529726
  1.13529916  0.05563231  0.54443422 -0.8994687   0.15935359  0.10479604
  0.63137471  0.73082394  0.34289681 -1.41143678 -1.88816438  0.69931922
 -1.40946452  0.93734157  0.59358341]
[ 1.          0.79149888 -0.08715211 -0.1440076  -0.81895994 -0.4973379
  0.33337255 -0.23419806 -0.88617933 -0.78077571 -0.08019116  0.63857743
  0.22442408  0.14524337 -0.44628979  0.99651912  0.44425651 -0.57532478
 -0.423231    0.8766909   0.50531868]
[ 1.          0.83230621  0.37281821  0.50795078  1.45443237  0.36557398
 -0.38234088 -0.38259827  1.05874502 -0.12592567  0.62089202  0.39010995
  0.03739064  0.91246591 -0.94025015  0.09984527  0.98221483  0.96396808
 -0.4784947  -0.80325551 -0.33113413]
[ 1.          0.43139499 -2.32444318 -1.15783033  1.02982077  0.77490412
  1.00925399  1.76996573 -1.38201231  2.55463551 -0.57013787  0.65151537
  0.16680774  0.87531808  1.16551766  0.3186178  -1.71783106 -0.37043407
  1.25041979  0.5818937  -1.20611914]
[ 1.         -1.3197048   0.90842374 -0.35623181  0.17227616  0.99936006
 -0.00637836  0.19869415 -0.6509589   0.28437428  0.65020459 -0.02662389
 -1.72405421 -1.35413716 -0.35474682  0.88821887 -1.57409295 -0.19439663
 -1.44143923 -0.94875568  0.13436403]
[ 1.         -1.29089775  0.70071371 -1.03095264  0.44294616  0.11423584
 -3.00624726 -0.07167001 -1.70339172 -0.80840119  0.42391039  0.37368777
 -1.5953988  -0.95673407  0.02487973  1.5866099   0.22672329 -0.3275713
  0.75554834 -0.8377983  -2.93918239]
[ 1.          0.71045287  0.02176541  0.81472671 -0.35699828 -1.07631094
  1.44610511 -0.33356972 -5.11523358 -1.39048392  1.29282847  0.84229506
  1.84268134  0.65961777  1.41378797  2.12394707  1.82127674  0.88880089
 -0.29489541 -0.62574346  1.09205609]
[ 1.         -0.99327951 -5.08952129  4.41578953  2.74444674 -8.35805068
  5.50780045 -2.81873258  1.80150829 -3.25665399 -3.38630312 -3.56082772
 -5.69800911 -6.25925652 -0.17433606  1.31772069 -0.49834344  3.19093648
 -2.36502167  2.08983471 -1.30111455]
[ 1.         -1.23053766  0.79529843 -1.69128382  0.30283529  0.14938268
 -0.19601806  0.62961114 -1.49085052  1.40744881  0.29588187 -0.70287546
 -0.93281884  0.11901512  0.13759651  0.59116687  0.54484692  1.93487441
 -0.60699572  1.21990518 -1.52956711]
[ 1.         -1.33018704 -1.1176555   5.4149554  -3.46069836  1.57467075
 -1.30317625 -1.7909679   1.41969824  3.95673811  0.93010571 -0.16498818
  1.8972995   1.65007398  0.88283234  0.17165748  0.16517685  1.98059004
 -3.41757334 -0.40553848  1.43310003]
[ 1.          0.85619935 -0.34024151 -0.88116422 -1.77327696 -0.22973955
 -0.37493718  0.6784751   1.04790635  0.1221886  -0.31174794 -0.49089297
 -0.42833071 -0.37393246  0.0599009  -0.0278116  -0.15634104  0.26022408
 -0.64948561 -0.96402528 -0.09786863]
[ 1.          0.83039362  0.26107552 -0.13836627  0.41207375 -0.01793983
 -0.1973187  -1.03763129  0.40683741  0.2985975  -0.13313511  2.07041971
 -0.36316744 -0.58697396  0.77718391 -0.35015798  0.08538845  0.28387657
  0.15059232 -0.48543142 -0.26777217]
[ 1.         -1.32504977  0.10766424 -0.40450864 -0.07376991  0.01073082
 -0.40200958 -0.55024889  0.9996888   0.0769978  -0.32658358  0.51896763
  3.0446428  -0.24128753  0.86832428  0.74232954  1.26828123 -1.1555504
  0.48802667  0.18424949 -0.93006661]
[ 1.         -1.096538   -2.62161736  2.97524291  0.01992597 -4.64851438
  0.95980263 -1.02489344  1.13140788  2.57862229  1.89187542 -1.99729187
 -1.42631194  3.73801018  0.41195405 -1.98749129  1.62547467 -6.48483452
  2.03204416 -3.6219927   0.29518462]
[ 1.          0.83297994 -0.10649155 -0.71148835 -0.71760232  0.20407565
 -0.01287141 -0.57018538  0.02702679 -0.07516253 -0.6497889   0.50670929
 -1.06495156  0.32917708  2.35884173  0.75892728  0.76746514  0.17937516
 -0.67556597  0.26221717  0.6022454 ]
[ 1.          0.43293028 -0.51523172 -1.91524559 -1.63545555  1.15507188
  2.20535387 -1.86357427 -2.55141602  0.13514376 -1.4438374  -2.28876435
 -0.4949522   1.80339283  1.87218943  0.51166436  0.06370627  2.41204062
  1.46124173  1.09633698 -0.54091833]
[ 1.          0.80102432  0.11108577  0.1234249   0.89378895  0.10231078
 -0.10711899 -0.56667118  0.5163656   0.17701495  0.85058401  1.42436385
 -0.16366555  0.05704766 -0.23283508 -0.61485166  0.68764445  1.08414382
  0.37663632 -0.86402236 -0.71385924]
[ 1.         -1.23277803 -0.03502977 -1.78733516  0.85141256 -0.38529038
  2.31394195  0.10846131  0.75189345  0.36473762  0.3506923  -0.59575427
  0.57498574 -0.76425217  0.52814731 -0.07758435 -0.21447538  1.83112408
 -0.01775566  1.12671319  0.54200273]
[ 1.         -1.18571349  1.35341139  0.84286853 -0.71534919 -0.67643224
 -1.18642468  0.21448779 -1.75399369  1.37199792  0.06488906  0.3261498
 -1.03179327  0.88029505 -0.09273484  0.33531626 -0.91028031 -0.03682281
 -0.83916699  1.04165514 -2.58080387]
[ 1.         -0.89011692  1.02874051  1.12970042  0.64753013 -0.53194547
 -0.11141902  0.97739799  1.03677965 -1.19461957  2.23349075 -1.07505837
 -0.99417848 -1.06767617 -1.64154846 -1.32213442  0.62448692  1.19777627
  4.22939217  2.07768433  2.19321084]
[ 1.          0.7874283  -0.56082413 -0.11694075 -0.5656375  -0.10628792
 -0.2303716   2.16164528  0.61536339 -0.39268174 -0.18260125 -1.05531191
 -0.02313921  0.66428841 -0.07457747  0.99611436 -0.74600148  0.07684832
  0.85154363  1.2480512  -1.0451496 ]
[ 1.         -0.06459124 -1.20747301  1.59173478  0.03641623 -0.60499176
  1.19304645  1.50441983 -0.69822483  1.60080735 -0.55861125 -0.83560069
 -2.73319928  2.29795247  2.01345299 -1.30452411 -2.57908857 -1.67896475
  2.77946882  1.88928502 -0.62715603]
[ 1.          0.84621897 -0.33978356 -1.01790752 -1.69978906 -0.15331504
 -0.05735331  0.03348244  0.52883822  0.02198699 -0.5362402   0.3036388
 -0.27684899 -0.34391042 -0.37516474  0.7432046   0.56523294  0.04356498
 -0.34757268 -0.3089422   0.1151351 ]
[ 1.         -1.10192903  1.49111918  0.33120621 -0.35054366  1.73723409
  0.98910944  0.64037246  0.19244552 -3.05859555  0.45074819 -0.08539233
  0.5145156   1.2843159   0.50918975 -4.94585215 -0.17820412 -0.35823588
 -3.35734259  4.28496878  0.4496164 ]
[ 1.          0.86935832  0.41317507 -0.2200565   0.8582028   0.46524403
 -0.52028717 -2.0323255   0.4423987  -0.26882406 -1.6896517   1.7008251
 -0.57519461  0.77603018 -0.13259982  1.96488804 -0.19434627 -0.75421833
 -1.62625624  1.92727848  0.89842486]
[ 1.          0.80594995 -0.14512387 -0.3178163  -0.9757148  -0.42179941
  0.11165223  0.40045712 -0.02465457  0.07999503  0.43551005  0.87419334
  0.49489442 -0.60613477 -1.09383581 -0.55181165 -1.67078724 -0.89498771
  0.32048476  0.75378213 -0.63259427]
[ 1.         -1.29878317 -1.55354592 -0.25274005  0.6948185  -0.83191384
  0.10479545 -0.75841436  0.37852333 -0.40153287 -0.06553862 -0.77025871
  0.30539978 -0.32155707  0.8414207  -0.26003002 -0.16871814 -0.77313105
 -0.30888871  0.38267458 -1.28638443]
[ 1.         -1.29838816 -0.51656593  0.47893794  0.18031546  1.90136869
 -0.23121543 -0.23908413 -0.55317265 -2.82093372  0.41890055  0.028486
 -1.70917164 -1.24536535 -0.59770445  1.43235018 -0.27820969 -0.56191274
 -0.79617711 -2.40768498  0.28102184]
[ 1.          0.17034115 -0.28413839  2.84502086  0.33382866 -1.69925603
  1.66899674 -0.40532469 -0.07296638  0.21612889  1.81739763 -0.08494472
 -0.00780745  0.09869193 -0.68746869 -0.27392018  0.25481613 -2.1235591
 -0.47922573  0.56051829 -0.16385854]
[ 1.          0.83364432  0.23434606 -1.00355681 -1.5042261  -0.33322848
  0.42263158 -3.33686674 -2.60808328  1.04610481 -0.4073865  -1.82435142
  1.29406838 -3.77115804 -3.25950772 -6.21675281  1.02735769  2.12242329
  0.30398274 -3.80843915 -1.70842631]
[ 1.         -1.24304666  0.56476339  1.33178661 -0.30482484  0.25908367
  2.27078839  0.21662637  0.25746914  0.30963415 -0.50870227  0.42032611
 -0.69679796  1.00148846 -0.72475964  0.68507301 -0.01186507 -0.84951921
 -0.44024158 -2.30391772 -0.81243619]
[ 1.         -1.2579499  -0.86591687  4.13483264 -2.69468523  1.62091834
 -0.9320611  -1.70961927  1.75350534  2.61326014  1.40766821  0.12029349
  3.04745956  0.65598684  1.49945731  0.5738492  -0.68287542  1.47429017
 -2.2934391   0.54420403  0.55362157]
[ 1.         -1.2644809   0.7479747  -0.54701585 -0.55388282  2.54716385
  4.69544184  0.97879735  0.9079716  -0.58382813 -1.1485114   0.75637425
  1.4714605   0.68023054  0.32493219 -0.06989709 -0.36500894  1.03774216
  0.31511571 -0.75893241 -2.08935992]
[ 1.         -1.28446527  0.77818889 -0.85771873  0.22822264 -1.58672425
 -2.58917298 -0.72628558  0.36820395 -0.04758478 -0.31905944 -0.03324657
  2.02874777 -0.76257902  1.10795184  0.5820776   0.18466945  0.40257422
  0.73967438  1.44912092 -1.44123739]
[ 1.          0.79121476 -0.35426009  0.35149095  0.1030552  -0.45493971
  0.23340918  0.70936196 -0.00311259 -0.42540008  0.3657423   0.31577256
 -0.54642592 -0.38214732  1.11130371 -0.23008627  0.70055545  0.68343566
 -0.03534146  0.5567872  -0.31580699]
[ 1.         -1.29610462 -0.32310812  0.25691161 -0.27917649  0.92508315
  0.97632888 -0.93179213  1.24534596 -0.25106427  0.75330607 -1.24034081
  0.76903436 -0.57308045  0.86533811  0.30399289  2.29020395 -4.68403683
  0.65496338 -2.25284428 -1.03482611]
[ 1.          0.8280001   0.42919116  0.34795544  1.27214538  0.53426276
  0.61908321 -0.7299475  -2.56477501 -0.17355643 -0.68526716 -1.94135852
  1.23228418  1.83095858  1.24119046  2.6011382   0.13380488  1.4968194
  0.98707657  0.24363608  0.06788657]
[ 1.         -1.30893803 -0.89879917 -0.24800536  0.2961772  -2.40711036
 -1.01817994 -0.79335802  0.61332386  0.3785753   1.15964787 -0.7771466
  1.02526073  0.98066071  0.78796796  0.32050298  0.17463122  0.20685835
 -0.05698916 -0.48058983  0.77377519]
[ 1.         -1.3462222   2.62702118 -1.09596135 -0.44015403 -0.51447753
 -2.72772025  0.60995735 -0.26785809 -0.78737033  1.38944    -0.32363654
  0.30621103 -0.25146372  0.31579759 -2.57945753  0.7817168  -0.30267034
 -0.64849999  3.42541675  3.48105822]
