Cluster centers 

[-0.90941558 -0.895121    0.6886421   1.06871235]
[ 0.97589031 -0.4665655  -0.96938763 -1.38061693]
[-1.09799511  1.92036577  0.30497794 -1.31669665]
[ 1.02523614 -0.15158099 -0.96395344  0.17240962]
[ 1.02501673  0.17670056  0.0878817   0.92607399]
[-1.12752671 -0.76440297 -1.2628081   0.808866  ]
[-1.11456912 -1.48644659  0.19960364 -1.48734073]
[-1.02779777  0.76551201  0.28732883  0.59013525]
[ 0.61209371 -0.70437758  1.8142784   0.48177003]
[ 0.86905992  1.70663565  1.41974222  0.06967902]
[ 1.03783398 -0.48012459 -0.20835686 -0.70839988]
[-1.03709757  1.34465241 -1.85116191 -0.09180577]
[ 1.02600153 -0.61007619  0.11874333 -2.13789081]
[ 0.93852228  0.43966332 -1.83543026  0.69791439]
[-1.1267171  -1.23165759 -0.53750244  0.00169791]
[ 0.77035057  1.3168539   1.58376786  0.53126278]
[-1.02787354 -0.68139752  0.0853754   1.16992319]
[-0.87196652  2.16949278 -0.79686483 -1.51479495]
[ 0.87653982 -0.49035763 -0.86798588 -3.43285593]
[-0.90249428 -1.48615936  1.17045919 -0.65039717]
[-0.77494971  1.18583983  1.51846556  0.06316618]
[ 0.9412087  -0.57409888  0.91726031 -0.07318756]
[-1.12069581 -0.39121651 -0.97113567  1.14862381]
[ 0.92817802 -0.31956034 -1.52981828 -0.63713463]
[ 0.96260428  0.09755436  0.58386249  1.00994168]
[-1.08098866  2.3996152   0.8180851  -2.4763649 ]
[ 1.04587388  1.55563446 -0.59905391  0.38214543]
[-1.09191922  1.01483281 -1.45102376  0.31946576]
[ 0.95489856  0.88915917  0.72275495  0.95174727]
[-1.08773527  1.22612883  0.0060724  -0.04264717]
[-0.87710774 -1.56610002  1.64865312 -2.20628944]
[-1.03970496  0.08816822  0.01297128  1.16613437]
[-1.10110554 -1.0343227  -0.36689288  0.65051394]
[-1.03227297 -1.54082541  0.87245295 -1.55734669]
[ 0.62645262  1.87940956  2.18257346 -0.37891985]
[ 1.00011612 -0.40319021 -0.92563048 -0.78103461]
[ 1.04444881 -0.21563455 -0.50403292  0.19241754]
[ 0.20794269 -0.91882223  2.19157097  0.57873168]
[ 0.37578804 -1.01901949  2.20653253 -0.05000157]
[-1.11664508  1.69141339 -0.78546455 -0.75664388]
[ 1.03898816 -0.38647893 -0.07857722 -0.11344633]
[ 0.74873043 -0.41544483 -2.06438233 -1.46755263]
[ 0.54256077  1.43675456 -2.85020355  0.20109489]
[-1.0006945   1.91871566  1.09459334 -1.36245293]
[ 0.77357606 -0.01888094  1.30939281  1.15309106]
[ 0.75107631 -0.92010756  1.86743871 -0.94258254]
[ 1.03090695  0.29799111 -1.07624983  0.72774669]
[ 1.01317149 -0.62278585  0.48848508 -1.00849223]
[-1.06598806  1.59579553  0.37983559 -0.67913033]
[-1.02980171 -1.21443618  0.2921089   0.40805594]
[ 1.01367146 -0.40828476  0.33177961  0.0889281 ]
[-1.11722994  0.32852564 -1.36117702  0.93114135]
[ 0.30789048  0.41119493  2.01684464  1.23387521]
[-1.07369    -1.50914858  1.01373326 -3.06286768]
[ 0.83434155 -0.14309496 -2.13391959 -0.14388793]
[ 0.82723551 -0.49117898 -1.34387968 -2.77438988]
[-0.60450597 -1.28471229  1.72093579  0.29188514]
[-1.12002287  2.24100258 -0.05291216 -1.97081862]
[-0.92293164  0.29363554  0.6684074   1.06619044]
[-1.10714178 -1.33193845 -0.14248485 -0.24303193]
[ 0.98589401 -0.53799495 -0.5289     -2.44419099]
[-0.41360441 -0.59558045  1.6776854   1.33472477]
[ 1.02279332 -0.3395881  -0.7852852  -0.3574141 ]
[-0.95250463  0.25751176 -2.618361    0.92252999]
[-1.11139758  0.94828544 -0.49262847  0.36027856]
[ 0.90364958 -0.42685253 -1.44757445 -1.36460541]
[-1.07692909 -0.46000996 -0.30155351  1.2250571 ]
[ 1.02671857  1.71545304  0.38061137  0.1746467 ]
[ 0.86502405  0.68937259  1.09071655  1.06725445]
[-0.7101142   1.64171763  1.92210478 -0.72408037]
[ 1.04848471  0.22777503 -0.40143971  0.86794632]
[ 0.98305725  2.30855792  1.03170573 -0.81039842]
[ 1.01283229 -0.69471371  0.77026076 -2.16984782]
[-1.08016601 -1.43772168  0.27840851 -0.67215468]
[-0.82514547 -0.5155603   0.92203559  1.31057491]
[ 0.34189122  2.06429791  2.57163118 -0.94076991]
[ 1.04283038 -0.0947181  -0.22240524  0.56297722]
[ 1.01765884 -0.55172273 -0.33989851 -1.75691646]
[-1.13443118 -1.38736513 -0.45358194 -1.04078503]
[-0.96810639  1.08587224  0.77894683  0.17126082]
[-1.11577202 -0.0087768  -0.83056764  1.16002947]
[ 0.18798667  1.03391807  2.28925479  0.62956031]
[-1.07767592 -1.19496815 -0.03213467  0.36592515]
[-1.12465641 -1.13927909 -1.24988785 -0.12231414]
[ 0.84053418 -0.57492518  1.27981385  0.31497547]
[-1.12051507  1.40687564 -0.71396452 -0.28634449]
[ 0.97474952 -0.18520961 -1.39124528 -0.06940909]
[-1.00151781 -1.40419043  0.64460121 -0.23891639]
[-1.03598781 -0.98523005  0.12056686  0.87005679]
[ 0.41155297 -0.44469779  1.91742557  1.11952255]
[ 1.01809629 -0.49504902 -0.55570125 -1.22569664]
[ 1.02973418  0.97370895  0.12992952  0.87849791]
[-1.09457714 -0.65142225 -1.8086848   0.66469288]
[-1.11113637  0.45349805 -0.68592424  0.88282865]
[-0.84002282 -1.21006962  1.08311965  0.55885416]
[-0.80303022  0.74356445  1.2425043   0.65902116]
[ 0.98525774 -0.26639869  0.49024719  0.55474996]
[ 1.05088374  0.67640094 -0.4291875   0.95258704]
[ 0.83162465 -0.34599641  1.19628219  0.79099051]
[-1.12271323 -0.83809218 -0.812476    0.84909218]

Populations

0.00728217815
0.0113521439052
0.0132397888148
0.0220034547972
0.015747576981
0.0106631048371
0.0118311257936
0.0138475338336
0.00867032125396
0.00568714231853
0.0220758462783
0.00387823415302
0.00936184383028
0.0133201512455
0.0107891367343
0.00929183658033
0.00684356321901
0.00701464918835
0.0044114231392
0.00638129638539
0.00302965853949
0.0137226059764
0.010795394896
0.0107240162686
0.0187692824524
0.00577204308703
0.0113552884478
0.00821988404466
0.0118801245009
0.0149480010092
0.00694645866962
0.0117674119772
0.0140640953416
0.0109334540872
0.00744556971238
0.0156118476769
0.0194005110277
0.00961648814578
0.0043041715203
0.00916939593506
0.0265303752068
0.00251944656445
0.00126497377028
0.0071795225337
0.0144712819022
0.00311131491076
0.0163752240771
0.0189894053038
0.0150035881313
0.0076864982318
0.0156676756909
0.0111093939898
0.00427615155017
0.004440297777
0.00706496064325
0.00250706454159
0.00682378267367
0.00799276658699
0.0063738367823
0.00821324304826
0.00505492794299
0.00418080262773
0.0233375219479
0.001450178367
0.0120306591013
0.00883642833253
0.0108155352268
0.0086773878236
0.00573950785824
0.00244427921716
0.0210692473268
0.00561894429424
0.00382896089957
0.010566515366
0.00585348555863
0.00422345397183
0.0250784783478
0.0119433056218
0.00928379034782
0.00863147112475
0.0092204853171
0.00228586410462
0.0068902965954
0.00827797440637
0.00743817410213
0.0101317879861
0.0131704524739
0.00633935979638
0.00927258306536
0.00952404115853
0.015097410911
0.0113149218165
0.00439856902489
0.00933101073251
0.00398044778755
0.00488754308814
0.018052610889
0.0175715109609
0.0146656150194
0.00971560078907

State labels

0
1
2
3
4
5
6
7
8
9
10
11
12
13
14
15
16
17
18
19
20
21
22
23
24
25
26
27
28
29
30
31
32
33
34
35
36
37
38
39
40
41
42
43
44
45
46
47
48
49
50
51
52
53
54
55
56
57
58
59
60
61
62
63
64
65
66
67
68
69
70
71
72
73
74
75
76
77
78
79
80
81
82
83
84
85
86
87
88
89
90
91
92
93
94
95
96
97
98
99

Eigen values

1.0
0.952251996
0.318004252913
0.3102572779
0.305260147346
0.288749327175
0.283977286339
0.272362628996
0.270140448347
0.260701041462
0.252159100245
0.245556309101
0.232428900867
0.230272624063
0.220155640723
0.21366748066
0.207078623723
0.196026725661
0.191303990681
0.187957633011
0.177791371968

Left eigenvectors

[ 0.00728218 -0.00938201  0.01095989 -0.00918812 -0.00048099 -0.01356991
 -0.00598864  0.00632476  0.00153891 -0.00244372  0.01348101  0.00609539
  0.00580308 -0.00168736  0.00227465 -0.00283683 -0.00125652  0.00013662
 -0.00923576  0.01111697  0.01145792]
[ 0.01135214  0.01017082  0.00344878 -0.00419631  0.01045649  0.00793649
 -0.00476649 -0.00284239 -0.00468232 -0.01245876  0.00382171  0.0043026
  0.0004036   0.00263955  0.0069545   0.00959806  0.00718757  0.0171781
 -0.00847728 -0.01349719  0.00566014]
[ 0.01323979 -0.01551146 -0.00044019 -0.0255892  -0.02109223  0.0116653
  0.01582525 -0.02328776  0.00604064 -0.00702888 -0.0113155  -0.00968651
 -0.00994856 -0.00635207 -0.0136589   0.00869237 -0.02181828  0.01938899
  0.01163828  0.01273961 -0.00035015]
[ 0.02200345  0.01844298  0.00940585  0.00755873 -0.0146563  -0.00734774
  0.01416635  0.00679686  0.00955318  0.02662163 -0.02141459 -0.0080138
  0.00688659 -0.00896139  0.00037702 -0.01362508 -0.00846835  0.00078348
  0.00188657 -0.00281953  0.01953703]
[ 0.01574758  0.01344244  0.01057337  0.01541992 -0.01890523 -0.00750709
  0.01809324  0.00630286  0.00832155  0.03496239 -0.01285386  0.04252391
 -0.01228527 -0.01905083  0.01145204  0.01132342 -0.00412217  0.00823795
  0.00180394  0.00164722 -0.00027495]
[ 0.0106631  -0.01331862  0.01239512 -0.02246796 -0.01467103 -0.00503769
  0.01186995 -0.03819583  0.00492687 -0.0046049   0.00265922  0.00279446
 -0.00841638  0.00634412  0.00187541 -0.01263758  0.00307863 -0.00568386
 -0.00156767 -0.01942718  0.0033656 ]
[ 0.01183113 -0.01414845 -0.00639459  0.01904046  0.01702124 -0.0110526
  0.00269689 -0.00863299 -0.00887718  0.00718309 -0.00377391 -0.00208696
 -0.00502749 -0.00131337  0.00197129 -0.01087191  0.00080277  0.01625314
  0.00648111 -0.001723   -0.01869757]
[ 0.01384753 -0.01688333 -0.00755478 -0.02804389 -0.00976292  0.03320836
  0.00944542  0.02191439 -0.00815507  0.00492625 -0.01552713  0.00807655
  0.02154566  0.01790553 -0.00318243  0.00415033 -0.00053279  0.01325641
  0.01641501  0.03141837 -0.00958298]
[ 0.00867032  0.00626976 -0.01309093 -0.00452943 -0.00987789  0.00282026
 -0.01772069 -0.00588456  0.00769537  0.00861835 -0.01026041 -0.01090805
  0.0058531   0.00096278  0.0148363  -0.00534623  0.00797402 -0.00420987
 -0.01758383  0.00536927  0.00654162]
[ 0.00568714  0.00493061 -0.00654521 -0.00313793 -0.00222638  0.00061573
 -0.00873734 -0.00459443 -0.00110205 -0.00725828 -0.00394956 -0.01489493
  0.00609973 -0.01138758  0.02851713 -0.00819299 -0.00478691 -0.00781071
 -0.00039192  0.01139713  0.00084866]
[ 0.02207585  0.01873713  0.00139663 -0.00104644  0.00287211 -0.00098582
  0.01097939  0.00549898  0.00732077 -0.00200867  0.00784126 -0.0052561
 -0.00693021  0.0014992   0.00620903 -0.00384843  0.00064998 -0.0108543
  0.02643766  0.00469328 -0.00014598]
[  3.87823415e-03  -5.00619962e-03  -2.68586510e-03   1.68912401e-03
   1.96321958e-03   1.69055933e-03   5.73939345e-03  -1.04622447e-02
  -3.01455762e-03   3.63835214e-03   3.55554901e-03   2.18419092e-04
   2.90053433e-03  -7.64334812e-04   1.10395734e-03  -3.83049095e-03
  -4.32019658e-03   5.25929173e-03  -7.87702604e-05   5.83951481e-03
  -2.45212315e-03]
[ 0.00936184  0.00771412 -0.01583063 -0.00518417 -0.00554362  0.00310968
 -0.02077449 -0.00673445  0.00999644  0.01284144  0.00599849  0.00282287
 -0.00554634  0.00066936  0.00746837 -0.0084027  -0.00676136 -0.01859084
 -0.00731584  0.01199241  0.00043479]
[ 0.01332015  0.01175566  0.01201671 -0.00351686  0.01299326  0.01470559
 -0.01099179 -0.00620676  0.00304435 -0.00145536 -0.00801272  0.01126399
  0.00536442 -0.02188386  0.00359493 -0.00185481  0.00586723  0.0029218
 -0.00332067 -0.00496437  0.00188667]
[ 0.01078914 -0.01242984  0.00389755 -0.00401734  0.02021921 -0.01681736
 -0.00253205 -0.00829899 -0.01679689  0.00796504 -0.01510554  0.00015012
 -0.02025723  0.01168948  0.00870593 -0.00928368  0.02703371 -0.0149777
 -0.0079801   0.00236799 -0.00843695]
[ 0.00929184  0.00759202 -0.01911104  0.00249423 -0.01590307 -0.02492237
  0.01161246  0.0050127  -0.01202169 -0.00727728 -0.00583801 -0.00054453
  0.00643219 -0.00098653 -0.02469807 -0.00750008 -0.0016439  -0.00775622
  0.00796153  0.0096463  -0.00809204]
[ 0.00684356 -0.00875047  0.0099328  -0.0104758   0.0058606  -0.01850146
 -0.01415121  0.01717153  0.00619103 -0.00382965 -0.00455239  0.00414779
 -0.00788316  0.00452313  0.00113882  0.00325582 -0.0089513   0.00230493
  0.00107468  0.00819269 -0.00388433]
[  7.01464919e-03  -6.31616952e-03  -6.61546522e-03   2.05817617e-03
  -1.31866125e-03   4.38353449e-03  -4.50252414e-03  -5.21669416e-03
   2.85964926e-03   5.57759912e-03   1.10772151e-03  -7.65513776e-03
  -8.15492218e-03  -7.83654673e-03  -4.86942919e-03   2.19978433e-02
   9.17561372e-04  -1.42516997e-02  -1.65463274e-03  -1.93399844e-03
  -7.35312600e-05]
[ 0.00441142  0.00397105  0.00088892 -0.0001517   0.00072729 -0.00085921
  0.00789204  0.00227149  0.00062258 -0.00322575  0.00216328  0.00643944
 -0.00440785 -0.00174702  0.01579841  0.01159013  0.00118283  0.01076294
  0.00636313 -0.00364228 -0.00015308]
[ 0.0063813  -0.00761074 -0.00313436  0.00628964  0.00946424 -0.00988087
 -0.00285242 -0.00377293  0.0031933  -0.00130263 -0.01436224  0.0054518
  0.00163629  0.00409629 -0.00103661  0.00333511 -0.01425363  0.0043836
  0.00894772 -0.01274472  0.0068327 ]
[  3.02965854e-03  -2.13243829e-03  -4.24342348e-03  -7.18893155e-03
  -2.67547484e-03   4.79892630e-03   2.47857702e-03  -2.78798407e-03
  -3.19933903e-03   8.77076032e-04  -7.85422265e-03   4.93897943e-05
  -3.74788691e-03   1.92562107e-03   2.86660898e-03   1.14169426e-03
   5.05798782e-03  -4.46426420e-03  -5.67561822e-03   3.09718538e-03
  -2.24645836e-03]
[  1.37226060e-02   1.11297539e-02   6.62658142e-03  -7.61557382e-05
   6.29191098e-03  -9.32611897e-03   3.73758842e-02   1.15528041e-02
   8.87587069e-03  -4.80348366e-04  -1.06738373e-02   7.97153054e-03
  -2.34530705e-03  -1.55536261e-02   7.94723551e-03   1.06047401e-02
   1.63511606e-02   1.65439094e-03  -2.28022774e-03   1.68329794e-03
   7.30657947e-04]
[ 0.01079539 -0.01233788 -0.00223287 -0.00984094 -0.01242265  0.00164862
 -0.00317834  0.00490085  0.00011793 -0.00363708  0.00215267 -0.01755386
 -0.02811819 -0.02389775 -0.00784218  0.00708678 -0.00917314  0.00275428
 -0.00250219 -0.00145059 -0.00620984]
[ 0.01072402  0.00946467 -0.01236622 -0.0050643  -0.00395542 -0.00733298
  0.00311135  0.00271722 -0.00365    -0.01228007 -0.0021722  -0.00214218
  0.00939077 -0.00063881  0.00872401 -0.00803047 -0.01471413 -0.01680219
 -0.01382989 -0.0060202  -0.00465989]
[ 0.01876928  0.01623462 -0.00011568 -0.00310473  0.0037569   0.00244899
  0.00352006  0.00229929  0.00121268 -0.01147799  0.02013355 -0.01440941
 -0.00887895  0.02327678  0.03224402  0.02511552  0.0103426   0.04241105
  0.00326024 -0.01949926 -0.00266169]
[  5.77204309e-03  -7.04064123e-03  -2.84248791e-03  -6.14066765e-03
   1.22888355e-05  -8.12664693e-05   4.13165481e-03  -1.00437197e-02
  -3.25177657e-03   3.62087153e-03  -3.29833523e-03  -4.33729210e-03
  -4.05442517e-03  -3.85288520e-03  -2.23162993e-03   9.32051806e-03
  -7.53768122e-04  -5.59097391e-04  -3.58343502e-04   1.58186646e-03
   1.56271445e-03]
[ 0.01135529  0.00946345  0.00485684 -0.00211202  0.01561111 -0.00416697
  0.01575102  0.00396962 -0.00258089 -0.00753569  0.00123437 -0.00985416
 -0.00811865  0.00456639 -0.01961959 -0.01147541  0.0235287  -0.01575008
  0.02290194  0.00982662  0.02910503]
[ 0.00821988 -0.01070133 -0.00473445  0.00580623  0.01215629 -0.00063321
 -0.00845131  0.02321054 -0.00203152 -0.00285461 -0.01213655  0.00385472
 -0.01465702  0.00412087  0.00307981 -0.01238114 -0.01105065  0.00555937
 -0.00393422 -0.00944042  0.00733105]
[ 0.01188012  0.0099801   0.00325121  0.00410987 -0.00348911 -0.0002158
  0.00232792  0.00504844 -0.01711153 -0.00332087  0.01315411 -0.00319668
 -0.00441923  0.02653591 -0.01065849  0.00796642 -0.0281442  -0.02046754
 -0.00915984  0.00056265  0.00279425]
[ 0.014948   -0.01876387 -0.00759632  0.00018188  0.00350732  0.01547972
 -0.00321102  0.0215362  -0.01090145  0.01219431  0.00261913 -0.0050271
  0.00399588 -0.00394016  0.00011199  0.01186662  0.0068876  -0.01521416
  0.00511466 -0.01087276 -0.01318716]
[  6.94645867e-03  -7.54789705e-03   1.13850808e-02  -8.91901048e-03
   3.43059246e-04  -7.73815425e-03  -3.85803762e-03  -2.52686168e-03
   1.30182412e-02  -3.24792430e-05  -8.64447089e-04   2.72740357e-03
   1.30612997e-02   8.61666751e-03  -3.13540148e-03   6.78956115e-03
  -6.15571138e-03  -1.70964445e-04   6.44368026e-03   5.62616633e-03
  -9.53965229e-03]
[ 0.01176741 -0.0138844  -0.0014999   0.0107031   0.00290554 -0.00822087
 -0.00990329 -0.00456909  0.01964545 -0.00422817 -0.0050739  -0.00650331
  0.01523199 -0.00077862 -0.00874424  0.03604205  0.00208625 -0.0118085
  0.00586952  0.00382043 -0.00204668]
[ 0.0140641  -0.01825383 -0.00027739  0.00912532  0.01401801 -0.00852153
  0.00309795 -0.00404315 -0.00714963  0.00473355  0.01876459  0.00932007
  0.01658724 -0.00190519  0.00870109 -0.01917045 -0.00507502  0.01242313
 -0.01224807  0.01476801  0.01448421]
[ 0.01093345 -0.01284747  0.00646415  0.02302298 -0.00238694  0.00413182
 -0.00298324  0.00491069  0.01058598 -0.02042751 -0.00232036  0.00529661
 -0.01125754  0.00509982 -0.00021932 -0.01511661  0.01322206  0.00504264
 -0.0141134   0.02532892 -0.00919086]
[ 0.00744557  0.00590114 -0.01095301 -0.00171965 -0.0117616  -0.01093035
  0.00558347  0.00042765 -0.00438979 -0.00778779 -0.00831979 -0.01197745
  0.00891466 -0.00291214  0.01087265 -0.0028313  -0.00816319  0.00443267
  0.00024946  0.0081279  -0.00510734]
[ 0.01561185  0.01269333 -0.00932169  0.00327582 -0.00430733 -0.01516534
  0.00730939  0.00398417  0.00093019  0.01043548 -0.00362208 -0.00488385
  0.00235886  0.00400655 -0.03277797 -0.01329097  0.01824381  0.02072357
  0.00836532 -0.0076946   0.01114068]
[ 0.01940051  0.01697576 -0.01138311 -0.01178333  0.01173199 -0.00414279
  0.01000009  0.00084341 -0.01639041 -0.03665525 -0.00311615  0.01477908
  0.01498154 -0.01210182 -0.01248439 -0.00155529 -0.00290941 -0.00680427
 -0.02049099 -0.01960011 -0.01786827]
[  9.61648815e-03   5.14810986e-03  -3.16316290e-03   8.84430850e-03
  -2.16148601e-02  -1.20704964e-02  -5.42914771e-03   4.36812235e-03
   5.65915753e-05   5.74319927e-03  -9.43993665e-03  -3.24026483e-02
   1.03233568e-02  -3.84668041e-03   6.73398155e-03  -1.63697164e-02
   4.56844982e-04   1.92630805e-03   1.71458873e-02  -7.31595524e-03
   1.14146205e-03]
[ 0.00430417  0.00293203  0.0275307   0.01496495 -0.01369952  0.00671795
 -0.00904535 -0.00295507 -0.01910543  0.00544783 -0.00911197 -0.0042702
  0.00068784  0.00365131 -0.00372787 -0.00184182 -0.0089617  -0.00253568
  0.00217908 -0.00176017 -0.01327478]
[ 0.0091694  -0.01142611 -0.01451611  0.01293371  0.00731261  0.01954953
  0.00179474  0.00775911  0.00540068 -0.00677125 -0.02765988  0.00692193
 -0.00599613  0.01852023 -0.00058216 -0.00115999 -0.0094343  -0.00423644
 -0.00127668 -0.00574614  0.00819218]
[ 0.02653038  0.02353483  0.00190483 -0.00985653  0.03133928  0.01195502
  0.00396012 -0.00366015 -0.00320345 -0.02611202  0.02163773  0.01665338
 -0.01756274 -0.00792743 -0.00252853  0.00709808  0.00199885 -0.02353337
  0.04260784  0.01534344 -0.00353301]
[ 0.00251945  0.0022483   0.00218152 -0.00133699  0.00487122  0.00224898
  0.00247538  0.00032543  0.00246107  0.000257    0.00279094  0.00412974
 -0.00126853 -0.00242878 -0.00325103  0.00146508 -0.00796481 -0.00593933
 -0.0034719   0.00080261 -0.01146702]
[ 0.00126497  0.00115445  0.00083968 -0.00089128  0.00317864  0.00088337
  0.00090973  0.00022555  0.00060565 -0.00099148  0.00189156 -0.00123505
 -0.00182451  0.00106375 -0.0016209  -0.00167961  0.00045077 -0.0052793
  0.00525516  0.00223366  0.00717127]
[ 0.00717952 -0.00915229 -0.00749983  0.0004551  -0.00297892  0.01510564
  0.00581182 -0.00160119 -0.00269668  0.00338228  0.00396104 -0.00619236
 -0.002258   -0.00852849 -0.00507647  0.00566538 -0.00877761 -0.00126188
  0.00257484 -0.00460769  0.00056942]
[ 0.01447128  0.01201008 -0.02856202 -0.00323746 -0.01633899 -0.01146939
 -0.00994899 -0.00151442  0.00516569  0.00570843  0.01416018  0.00476884
 -0.01143837  0.00216436  0.00687674 -0.01336723 -0.00939278 -0.01562194
  0.00466397  0.01325902 -0.01955566]
[ 0.00311131  0.00252178  0.00288588  0.00639754 -0.00808589 -0.00452853
  0.0048237   0.00206792 -0.00634147  0.00477392  0.00056414  0.00368582
 -0.00377061  0.00751736 -0.00454875  0.0038499  -0.00572929 -0.00472881
 -0.00495534  0.00690834  0.00744605]
[ 0.01637522  0.01440856 -0.00270404 -0.00067701  0.00071162 -0.00286361
  0.00601837  0.00531872 -0.00813208 -0.00941363  0.01457397 -0.00329165
 -0.00477961  0.02188968  0.00087066  0.0094192  -0.02195296 -0.01462438
  0.00138757 -0.0048003   0.01022064]
[ 0.01898941  0.01695053  0.01120062 -0.00476576  0.01630895  0.0098157
  0.00231736 -0.00291885 -0.0100439  -0.02251991 -0.01445336  0.00880016
  0.01200183 -0.0266145   0.01937744 -0.00219401 -0.00333095 -0.00668799
 -0.00730616 -0.00368888  0.00878729]
[ 0.01500359 -0.01861115  0.01337065 -0.00047373 -0.02387989  0.00862374
  0.00490421  0.0050391  -0.00379378 -0.00713064  0.04145612  0.00025294
  0.00119571 -0.02606797 -0.00578197 -0.01010804  0.00425732 -0.0025355
 -0.02034432 -0.01186788  0.02311461]
[ 0.0076865  -0.00867461  0.00685827 -0.01514484 -0.01034551  0.00289543
  0.00273333  0.0045333   0.00117917 -0.00588145 -0.00438102  0.0064665
 -0.00205974  0.00361344  0.00115006 -0.00344514  0.01678211  0.00214808
 -0.01263389  0.01649109  0.00513913]
[ 0.01566768  0.01295213 -0.00537879 -0.00565072  0.00839047  0.00871081
 -0.01705554 -0.00735691  0.00383975  0.00047913  0.01392133  0.00102043
 -0.01264716 -0.00916413 -0.00129105 -0.003936    0.00156124 -0.00975094
  0.02733308  0.00777198 -0.00627763]
[ 0.01110939 -0.01347419 -0.010473    0.00055019  0.00774901  0.00853197
  0.01418371 -0.01360321 -0.02196222  0.02095605  0.00695296  0.00058056
 -0.00683829  0.00236931  0.01310723 -0.02078797  0.01198956 -0.00393625
 -0.00155555 -0.01399558 -0.01079535]
[ 0.00427615  0.00259027  0.01286326  0.00426604  0.00598948  0.0058386
 -0.00465426 -0.00333566 -0.00847813 -0.00532616 -0.00403203 -0.00335907
 -0.00412463  0.00055294  0.00083152 -0.00288199  0.00497132 -0.00190993
  0.00858988  0.00595998 -0.00102682]
[ 0.0044403  -0.00524887  0.00606709 -0.00324772  0.00065797 -0.01356785
 -0.00598634  0.00148135  0.00385788  0.00143255  0.00318588  0.00137702
  0.01520247  0.00449477  0.00456003 -0.00124032 -0.00208883 -0.00204634
  0.01134109 -0.01015514 -0.00018068]
[ 0.00706496  0.00577905  0.01621848 -0.0041627   0.01460756  0.00499051
  0.01866269  0.00774519  0.02724537  0.01644089 -0.00055707 -0.01575448
  0.00521546  0.00259007 -0.00889904 -0.00807758 -0.01014318 -0.00435426
 -0.01841128 -0.00182623 -0.01546279]
[ 0.00250706  0.00211504  0.00223649  0.00205195 -0.00255546 -0.00151978
  0.00552496  0.00270565  0.00339778  0.00580216 -0.00502095  0.00539862
 -0.00042208 -0.00536227  0.00704255  0.00452974  0.00417235  0.00541383
  0.00025623 -0.00257425  0.00330453]
[ 0.00682378 -0.00402522 -0.00636768  0.00827397  0.00722188 -0.00686932
  0.00344727 -0.00692543 -0.0037443   0.00312951 -0.00341214 -0.01139992
 -0.00344935 -0.00701028 -0.00664149  0.01623572  0.00882249  0.00535585
 -0.00150021  0.0098203  -0.00776762]
[ 0.00799277 -0.00887296 -0.00242069  0.03611052 -0.01133519  0.01046897
  0.00091906 -0.0005154   0.02408751 -0.02251852  0.01541156  0.00209053
  0.00462198 -0.00194031  0.00225625 -0.01458842  0.00656704  0.0002332
  0.01030911 -0.00359936 -0.01046225]
[  6.37383678e-03  -7.48867395e-03  -4.79530261e-03  -6.05434791e-04
  -2.66820061e-03   8.46630412e-03  -6.35231511e-05  -6.95738412e-03
   6.81348730e-03  -3.18910245e-03  -1.67251867e-02   1.22347514e-04
  -2.97728474e-03   1.10993800e-02   1.76629824e-04   7.77791368e-03
   5.67450499e-03  -1.31642661e-02  -2.42981829e-03  -2.66973478e-03
  -1.63519662e-06]
[ 0.00821324 -0.01058531  0.00635473 -0.00897426  0.00848787 -0.01640737
 -0.00327806 -0.00306214 -0.00212129  0.00721931  0.0008277   0.00831437
  0.01740697  0.01251658  0.00915819 -0.00537874 -0.00515964  0.00309399
  0.01113975  0.00490722 -0.00637336]
[  5.05492794e-03   4.29038024e-03   1.45139466e-02   3.22450347e-03
   3.02753769e-03   8.31667338e-03  -9.03711369e-03  -3.63151700e-03
  -3.43505080e-03   2.73983022e-03  -4.46605589e-03  -9.70324341e-03
   1.88221414e-03  -2.88623858e-03  -2.29858091e-03  -6.84459395e-03
  -4.27728122e-03   9.33298573e-05   1.11440615e-02   1.98804069e-03
  -7.02375572e-04]
[ 0.0041808  -0.00227304  0.01192533  0.00061496 -0.01214592  0.00144671
 -0.00125259  0.00124308  0.00183933 -0.00502725  0.0044232   0.00171964
  0.00150115  0.00162854  0.00138431  0.00011194  0.0064485  -0.00151926
  0.00765061 -0.0092135  -0.01389225]
[ 0.02333752  0.02005404 -0.00500258 -0.00062131 -0.00349434  0.01429383
 -0.04429232 -0.01589277  0.00387994  0.02702923  0.00484875  0.03525677
 -0.00827078 -0.00083027 -0.02137273  0.00775999  0.00122901  0.0223572
  0.00032952 -0.00084839  0.00987662]
[  1.45017837e-03  -1.67836997e-03   3.68060213e-03  -6.47452613e-03
  -6.87302564e-03   4.66501095e-03   1.70150871e-03   3.43076138e-03
  -1.46926502e-04  -2.44194735e-03   1.14855723e-03   3.16782933e-03
   2.76769117e-03   2.18753191e-03  -4.93966857e-05  -1.83379582e-03
   6.32082840e-03   1.77248250e-03   8.50218264e-05   4.75381075e-03
  -1.85381740e-03]
[ 0.01203066 -0.01496877 -0.00780367 -0.00110121  0.00484907  0.01624027
  0.00077217  0.02822672 -0.02073332  0.01466984  0.01746453  0.00138022
  0.01165433 -0.00834143  0.00028173  0.0012764  -0.00673403 -0.0118415
 -0.00745354 -0.01527126  0.02394693]
[ 0.00883643  0.00781542  0.00641638  0.00051766  0.00525627  0.00529891
 -0.00654768 -0.00455887 -0.0053857  -0.00171997 -0.00341511 -0.00763768
  0.00218944  0.0002654  -0.00674204 -0.00265355  0.00535141  0.00394335
  0.00344457  0.0109974   0.01850225]
[ 0.01081554 -0.01189851 -0.00534516 -0.00039636 -0.00188931 -0.00323833
 -0.00128508  0.00309122 -0.00687042  0.00644336  0.00262863 -0.01835427
 -0.01340384 -0.02041188 -0.00439585  0.00576973  0.0001941   0.00432163
  0.00436469 -0.00908527 -0.00208385]
[ 0.00867739  0.00695526  0.00375357 -0.00099565  0.01204678  0.00402829
  0.00072623 -0.00487058 -0.00751133 -0.0144076  -0.00058059 -0.00949867
  0.00154506 -0.00555454  0.00800007  0.01083846 -0.00090322  0.00589097
  0.00276209  0.00970168 -0.00569487]
[  5.73950786e-03   5.14103018e-03  -3.61077557e-03  -3.39429310e-03
   2.45271270e-03   3.36597524e-03  -8.21359637e-03  -3.01860432e-03
   3.99808161e-03   2.31976693e-03   3.14165861e-03   1.52431422e-02
  -5.17964237e-05  -5.83136965e-03  -5.30251642e-03  -2.36809510e-03
  -6.20291234e-03  -3.96951086e-03  -8.18748874e-03  -3.35259813e-03
  -1.35666138e-02]
[ 0.00244428 -0.00305157  0.00211627 -0.00384555 -0.00109328 -0.00510998
 -0.00508561  0.00860726  0.0004351  -0.00277278 -0.0016074  -0.00442523
 -0.01333622 -0.00702058 -0.00133825  0.00045212 -0.00090808  0.00287963
 -0.00252861  0.0011143  -0.00206416]
[ 0.02106925  0.01652212  0.0122767   0.01449666 -0.00993546 -0.00154375
  0.01670138  0.0069634   0.0019589   0.01494573  0.01407703 -0.01528768
 -0.02157792  0.02950538  0.02274921  0.02130334  0.00679866  0.00223252
  0.00824449  0.00477345  0.01993289]
[ 0.00561894  0.00475055 -0.00622172  0.00230633 -0.00737652 -0.01006218
  0.00310143  0.00230761 -0.00724375 -0.00304128 -0.00845722  0.00122264
  0.00688518 -0.00589541 -0.01427503 -0.00658447  0.00802786 -0.00094001
  0.00554169 -0.00083566  0.00481523]
[ 0.00382896  0.00339841  0.01089255 -0.00291887  0.0121542   0.00332475
  0.0160369   0.00577461  0.0163727   0.00678124 -0.00239451 -0.00835094
  0.00212317 -0.00493576 -0.00500187 -0.00756706 -0.00178966 -0.00899248
 -0.00469461  0.00091964 -0.00515813]
[ 0.01056652 -0.01327905  0.01153004 -0.02030244 -0.01530128  0.00115395
  0.00279567 -0.00441047  0.00486181 -0.00550428  0.0088641   0.0052057
  0.00145961  0.00338284  0.00157286 -0.00984329  0.00166294 -0.00222503
  0.00549127 -0.01414259  0.00320284]
[  5.85348556e-03  -7.51516267e-03   7.63254013e-04  -9.09852702e-05
  -2.31112936e-03   1.61635757e-03   9.50760315e-03  -2.70111571e-02
   3.82001932e-03  -5.00417577e-03  -2.61074935e-03   2.93606090e-03
  -7.27573518e-03   6.16679800e-03   2.26641231e-04  -1.15733367e-02
  -2.32335573e-03   4.09834419e-04  -4.06613934e-03  -7.05882446e-03
   6.63355610e-03]
[ 0.00422345  0.00256899 -0.00403161  0.00664986 -0.00603992 -0.00107536
  0.00522479  0.00088185  0.00463261  0.00674184  0.00907819  0.00750205
 -0.01044412  0.00525273  0.00876437 -0.00025475  0.00245062 -0.0021289
  0.00759165  0.00265358 -0.00543012]
[ 0.02507848  0.02110169 -0.01515274 -0.00838621  0.00868709  0.00624543
 -0.01390586 -0.00257053  0.00496001 -0.00137459  0.02458245  0.00665685
 -0.00657391  0.02597341 -0.02416726  0.0035262   0.00636525  0.01132264
 -0.01003992 -0.0054628  -0.0174153 ]
[ 0.01194331  0.00972714  0.00806729 -0.0010316   0.00419064  0.01052065
 -0.0246701  -0.00940156  0.00332742  0.01083456 -0.00606179  0.005976
  0.00544857 -0.00727066 -0.0110253  -0.00337185 -0.00034242  0.01082163
  0.00915203  0.00212523  0.00696715]
[ 0.00928379 -0.01157206  0.00466345 -0.00374475  0.00390984 -0.01387191
 -0.00736388  0.00359793 -0.00396685  0.00620707  0.0084391  -0.00705958
  0.00067566 -0.00879619  0.0008637   0.00963246  0.01168236 -0.01204365
  0.00085808 -0.0129543  -0.0055158 ]
[ 0.00863147 -0.01068502 -0.0089724  -0.00679601 -0.00099309  0.02093415
  0.00532406  0.01710712 -0.01348423  0.01429726  0.00418928  0.00067106
  0.01906385  0.00282473  0.00215419 -0.00316475  0.00111516  0.00124333
  0.01648025 -0.00925779 -0.00648453]
[ 0.00922049 -0.0111119  -0.00608903  0.01617225 -0.00419892  0.01340366
  0.0031542   0.00263179  0.01380207 -0.01494419 -0.00241541  0.00629571
  0.01190649  0.0062934   0.00022903  0.00139267  0.00087784 -0.00095652
 -0.00190797  0.01863111  0.00589513]
[ 0.00228586  0.000244    0.01010969  0.00927728 -0.00786772 -0.00075847
  0.00114627 -0.00072579 -0.00797928  0.00302882 -0.0002723   0.00366564
 -0.00276907  0.00280227 -0.0022582   0.00286659 -0.00166124 -0.00307971
 -0.00820858  0.00509247  0.001706  ]
[ 0.0068903  -0.00871901  0.00082006  0.00799228  0.00951019 -0.00937972
 -0.00279578  0.00334969 -0.00227198  0.0004574   0.00780934 -0.0004921
 -0.00348483 -0.00605813  0.00179263 -0.0106478  -0.00558938  0.01508091
 -0.00526303  0.01724866 -0.00960678]
[ 0.00827797 -0.010488   -0.00106793  0.01332895  0.0050176  -0.00742179
 -0.00171703 -0.00112998  0.00342227 -0.00263247  0.01537238 -0.00033395
  0.01519543 -0.01160659 -0.00177076  0.00732101 -0.00451179  0.00263122
 -0.00782398  0.00766625  0.01873659]
[ 0.00743817  0.00553948 -0.00182311  0.0009266  -0.00499384 -0.00596968
  0.00182081  0.00041925 -0.00176978 -0.00220337 -0.01171499  0.02221258
  0.0071254  -0.01561005 -0.00616742  0.00085683 -0.00209998 -0.00284526
  0.00096941 -0.00877047 -0.00775069]
[ 0.01013179 -0.01287355 -0.00939727  0.01173112  0.0161018  -0.00124789
  0.00790636 -0.0212702  -0.00366684  0.00974216 -0.00403659  0.00519846
  0.01751365  0.00835211  0.00202822  0.00533259 -0.01435261  0.00179614
  0.00719001 -0.00052696  0.00521265]
[ 0.01317045  0.01149088  0.00793194  0.00148865 -0.00051151  0.0030926
  0.00264766  0.00220558 -0.00692189 -0.00695299  0.005441   -0.0261129
  0.00485581  0.02532807  0.01270095  0.01204432 -0.01255642  0.0129357
 -0.02256013 -0.0068146  -0.00528412]
[ 0.00633936 -0.00761724 -0.00075742  0.00010756  0.00321224  0.00088569
 -0.00691175  0.01252297  0.00046227 -0.00270318 -0.01430745  0.00292736
 -0.01015602  0.01018863  0.00388386 -0.00492177  0.01160203 -0.0083766
 -0.00832807 -0.00593603  0.00300339]
[ 0.00927258 -0.01120022  0.00451351  0.00607551  0.00695519 -0.01436552
 -0.00018955 -0.01868489 -0.00379408  0.00748014  0.00151814  0.00178472
  0.00609555  0.00341768  0.00098253  0.01221495  0.00845409 -0.01273506
 -0.01049981  0.00206354  0.0036359 ]
[ 0.00952404  0.00432059 -0.00628448  0.00185502 -0.01032769 -0.00031542
 -0.01444212  0.00173531  0.00896835  0.01050965 -0.01272716 -0.00834211
  0.01227919  0.00128237 -0.0012683   0.00448712  0.02033831  0.00753482
 -0.00960873 -0.00709703  0.00623534]
[ 0.01509741  0.01313339 -0.0156131  -0.00385241 -0.00106427 -0.00170464
 -0.00988751 -0.00061252  0.01214238  0.01134412  0.01936719  0.00422983
 -0.00946894  0.02280251 -0.01849972 -0.00292059  0.01319662  0.01572296
 -0.00768399 -0.00323271 -0.00600767]
[ 0.01131492  0.00977792 -0.00779367 -0.00515614  0.00232462 -0.00556992
  0.00240864  0.00273429  0.00536504 -0.00175014  0.00089869 -0.0165029
  0.01096108  0.01275246 -0.01934949 -0.00707564  0.00633654  0.02170662
 -0.01561022 -0.01319619 -0.00665564]
[ 0.00439857 -0.00545056 -0.00430135  0.00528276  0.00618736  0.00234403
  0.00232171  0.0039241  -0.01020794  0.00684086  0.00364683 -0.00361363
 -0.00281067 -0.00587395 -0.00015273 -0.0044602   0.00507559  0.00775433
 -0.00163203  0.00610109 -0.01253755]
[ 0.00933101 -0.01110716 -0.00344637  0.0026555  -0.00216985  0.00189641
 -0.00108164 -0.00552989  0.00892609 -0.00399595 -0.00444546 -0.00750156
 -0.00333751 -0.00941794 -0.01301992  0.01977245 -0.00913685  0.00806339
 -0.00284324  0.00872709  0.00568751]
[ 0.00398045 -0.00438524  0.0027083   0.00771295 -0.00413678 -0.00122284
 -0.00662199  0.00328484  0.00857808 -0.00420194  0.00126062 -0.00138631
  0.00854251  0.00196556  0.00065562  0.00923516  0.01582155 -0.01391287
  0.00105707 -0.00911372 -0.00712604]
[ 0.00488754 -0.00623318 -0.00275775  0.00775442 -0.00133019  0.00402584
 -0.00155078  0.00435648  0.00819188 -0.01152556 -0.00748071  0.00175659
 -0.01399319  0.0004103  -0.00173795 -0.011473   -0.01296519  0.0057882
  0.00385086 -0.0180588   0.00748925]
[  1.80526109e-02   1.46573978e-02  -1.30917948e-02   1.73667036e-03
  -1.53445818e-02  -1.10459565e-02   1.64384023e-02   6.06759736e-03
  -3.45599166e-03  -6.55577973e-03  -1.01234376e-02   1.57286802e-02
   3.38836451e-03  -7.25311980e-03   2.52478507e-02   7.10289552e-03
  -6.72230302e-03  -7.14722705e-03  -4.51124526e-03   2.38827458e-04
   9.14528274e-05]
[ 0.01757151  0.01535451  0.00861986  0.00083843  0.00588637  0.00416896
 -0.00605552 -0.00523067 -0.02948134 -0.02981117 -0.01018258  0.00374541
  0.01690158 -0.00805985 -0.01549696  0.00323204  0.00978797  0.00700858
 -0.02312672 -0.00853283 -0.0036897 ]
[ 0.01466562  0.01284365  0.00745249 -0.00403311  0.006885    0.01310532
 -0.01583804 -0.00498256  0.01987308  0.02048804 -0.00443294 -0.00758113
  0.00476038 -0.0096747   0.00933846 -0.01412319 -0.00747416 -0.0016
 -0.00766519  0.00259805  0.01434526]
[ 0.0097156  -0.01236741  0.01264726 -0.01870893  0.00094472 -0.02166235
 -0.01242036  0.01331185  0.0036365  -0.00583213 -0.00527769  0.00566833
 -0.00799819  0.00446743  0.00297548 -0.00162651 -0.01071456  0.00528539
  0.00812232 -0.00303581  0.00484388]

Right eigenvectors

[ 1.         -1.28835197  1.50502914 -1.26172652 -0.06604963 -1.86344101
 -0.82236921  0.86852552  0.21132534 -0.33557538  1.85123365  0.83702797
  0.79688747 -0.23171066  0.31235861 -0.38955722 -0.1725468   0.01876056
 -1.26826865  1.52659941  1.57341902]
[ 1.          0.89593836  0.30380013 -0.36964938  0.92110271  0.69911818
 -0.41987574 -0.25038315 -0.41246101 -1.09748076  0.33665118  0.37901228
  0.03555267  0.23251556  0.61261522  0.84548443  0.63314667  1.51320355
 -0.74675623 -1.18895544  0.49859641]
[ 1.         -1.17157923 -0.03324761 -1.93274986 -1.59309405  0.88107903
  1.19527956 -1.75892247  0.45624861 -0.53089078 -0.85465892 -0.73162098
 -0.75141354 -0.47977137 -1.03165552  0.65653377 -1.64793228  1.46444837
  0.87903827  0.96222139 -0.02644689]
[ 1.          0.83818583  0.42747162  0.34352449 -0.66609085 -0.33393582
  0.64382377  0.30889986  0.43416736  1.20988432 -0.97323784 -0.36420658
  0.31297777 -0.40727191  0.01713457 -0.61922471 -0.38486464  0.03560715
  0.08573986 -0.12814019  0.88790757]
[ 1.          0.85361977  0.67142827  0.97919307 -1.20051647 -0.47671402
  1.14895369  0.4002433   0.5284339   2.2201761  -0.81624393  2.70034636
 -0.78013688 -1.20976281  0.72722531  0.71905821 -0.26176553  0.52312515
  0.11455378  0.10460138 -0.01745992]
[ 1.         -1.24903784  1.16243024 -2.10707459 -1.37586852 -0.47244162
  1.11317988 -3.58205473  0.46204795 -0.43185376  0.24938504  0.26206793
 -0.78929963  0.59495957  0.1758786  -1.18516854  0.28871801 -0.53303969
 -0.14701851 -1.82190665  0.31563068]
[ 1.         -1.19586712 -0.54048886  1.60935282  1.43868272 -0.93419657
  0.22794878 -0.72968499 -0.75032383  0.60713531 -0.31898159 -0.17639548
 -0.42493787 -0.11100955  0.16661884 -0.91892461  0.06785273  1.37376082
  0.5478019  -0.14563297 -1.58037141]
[ 1.         -1.21922988 -0.54556843 -2.02519052 -0.70502938  2.39814259
  0.68210106  1.58254804 -0.58891865  0.35574958 -1.12129203  0.5832482
  1.55592032  1.29304825 -0.22981949  0.29971652 -0.03847543  0.95731228
  1.18541004  2.26887843 -0.6920353 ]
[ 1.          0.72312943 -1.50985561 -0.52240624 -1.13927634  0.32527737
 -2.0438329  -0.67870151  0.88755316  0.99400564 -1.1833947  -1.25809038
  0.67507298  0.11104266  1.71115869 -0.6166132   0.91969096 -0.48554937
 -2.0280483   0.61927016  0.75448429]
[ 1.          0.86697501 -1.15087893 -0.55175782 -0.39147664  0.10826698
 -1.53633252 -0.80786349 -0.19378002 -1.27626079 -0.69447251 -2.61905362
  1.07254673 -2.00233699  5.01431619 -1.4406167  -0.84170664 -1.37339733
 -0.06891318  2.00401772  0.14922495]
[ 1.          0.84876168  0.06326516 -0.04740182  0.13010196 -0.04465592
  0.49734835  0.24909487  0.33161918 -0.09098935  0.35519644 -0.23809279
 -0.31392712  0.06791111  0.28125895 -0.17432747  0.02944316 -0.491682
  1.19758324  0.21259785 -0.00661283]
[ 1.         -1.29084512 -0.69254846  0.43553946  0.50621481  0.43590956
  1.47989864 -2.69768258 -0.7773016   0.93814659  0.91679586  0.05631921
  0.74790077 -0.1970832   0.28465464 -0.98768945 -1.11395971  1.35610474
 -0.02031086  1.50571486 -0.63227826]
[ 1.          0.82399571 -1.6909737  -0.55375558 -0.59215058  0.33216487
 -2.21905939 -0.71935115  1.06778493  1.37167799  0.64073822  0.30152881
 -0.59244069  0.07149925  0.79774543 -0.8975475  -0.7222252  -1.98580965
 -0.78145312  1.28098764  0.04644296]
[ 1.          0.88254674  0.90214543 -0.26402565  0.975459    1.104011
 -0.8251999  -0.46596779  0.22855188 -0.10925972 -0.60154861  0.84563562
  0.40272999 -1.64291407  0.26988636 -0.13924853  0.44047806  0.21935153
 -0.24929648 -0.37269596  0.1416405 ]
[ 1.         -1.15207033  0.3612473  -0.37235084  1.87403432 -1.55873115
 -0.23468471 -0.76919853 -1.55683338  0.73824619 -1.40006927  0.01391386
 -1.87755833  1.08344895  0.80691605 -0.8604657   2.50564207 -1.38822015
 -0.73964179  0.21947944 -0.78198597]
[ 1.          0.81706338 -2.05675556  0.2684322  -1.71151001 -2.68217935
  1.2497489   0.53947342 -1.29379077 -0.78319077 -0.62829473 -0.05860287
  0.69224083 -0.10617136 -2.65803983 -0.80716913 -0.17691839 -0.834735
  0.85683092  1.03814816 -0.87087576]
[ 1.         -1.278642    1.45140767 -1.53075201  0.85636628 -2.70348319
 -2.0678137   2.50915103  0.90465001 -0.55959932 -0.66520803  0.60608597
 -1.15190886  0.66093159  0.16640756  0.47574875 -1.30798823  0.33680304
  0.15703568  1.19713853 -0.56758903]
[ 1.         -0.90042557 -0.94309281  0.29341113 -0.18798677  0.62491143
 -0.64187446 -0.74368568  0.40766818  0.79513586  0.15791545 -1.09130728
 -1.16255595 -1.11716873 -0.69418     3.13598623  0.13080645 -2.03170526
 -0.23588246 -0.2757085  -0.01048253]
[ 1.          0.90017406  0.20150524 -0.03438723  0.16486611 -0.1947691
  1.78900068  0.5149112   0.14112897 -0.73122725  0.49038214  1.45972033
 -0.99919082 -0.39602289  3.58125051  2.62729842  0.26812968  2.4397888
  1.44242088 -0.82564826 -0.03470169]
[ 1.         -1.1926636  -0.49117962  0.9856375   1.48312243 -1.5484111
 -0.44699724 -0.59124792  0.50041631 -0.20413235 -2.25067682  0.85434053
  0.25642002  0.64192163 -0.16244506  0.5226381  -2.23365816  0.68694536
  1.4021794  -1.99719987  1.07073878]
[ 1.         -0.70385433 -1.40062764 -2.37285208 -0.88309452  1.58398256
  0.81810441 -0.92023046 -1.05600647  0.28949666 -2.59244484  0.0163021
 -1.23706578  0.63559013  0.9461822   0.37683925  1.66949105 -1.47352058
 -1.87335244  1.0222886  -0.74148896]
[ 1.          0.8110525   0.48289526 -0.00554966  0.45850701 -0.67961719
  2.72367248  0.84188121  0.6468065  -0.03500417 -0.77782874  0.58090501
 -0.17090828 -1.13343093  0.57913457  0.77279346  1.19154923  0.12055953
 -0.1661658   0.12266606  0.05324484]
[ 1.         -1.14288384 -0.20683568 -0.91158673 -1.15073583  0.15271484
 -0.29441632  0.45397636  0.01092387 -0.33691009  0.19940637 -1.62605069
 -2.60464695 -2.21369855 -0.72643766  0.65646329 -0.84972702  0.2551348
 -0.23178322 -0.13437126 -0.57523032]
[ 1.          0.88256774 -1.15313333 -0.47223949 -0.36883759 -0.68379052
  0.29012887  0.25337725 -0.34035731 -1.14509992 -0.20255491 -0.19975578
  0.87567672 -0.05956851  0.8135018  -0.74883015 -1.37207292 -1.56678192
 -1.28961806 -0.56137546 -0.43452816]
[ 1.          0.86495671 -0.00616344 -0.16541523  0.20016232  0.13047854
  0.18754359  0.12250264  0.06461007 -0.61153067  1.07268596 -0.76771261
 -0.47305757  1.24015269  1.71791417  1.33811814  0.55103869  2.25959877
  0.17370095 -1.03889199 -0.14181108]
[ 1.         -1.21978321 -0.49245785 -1.06386379  0.00212903 -0.01407932
  0.71580457 -1.74006319 -0.56336665  0.62731194 -0.57143288 -0.751431
 -0.70242462 -0.66750805 -0.38662739  1.61476931 -0.13058948 -0.096863
 -0.06208261  0.27405659  0.27073853]
[ 1.          0.83339582  0.4277159  -0.18599475  1.37478765 -0.36696292
  1.38710885  0.34958311 -0.22728547 -0.66362803  0.10870411 -0.86780349
 -0.71496653  0.40213811 -1.72779335 -1.01057803  2.07204738 -1.38702604
  2.01685214  0.86537844  2.56312531]
[ 1.         -1.30188329 -0.5759758   0.70636373  1.47888844 -0.07703384
 -1.02815424  2.82370632 -0.24714696 -0.34728064 -1.47648723  0.46895011
 -1.7831175   0.50132933  0.37467849 -1.50624309 -1.34438013  0.67633248
 -0.47862193 -1.14848627  0.89186738]
[ 1.          0.84006668  0.27366773  0.34594493 -0.29369298 -0.0181648
  0.195951    0.42494828 -1.44034943 -0.2795312   1.10723668 -0.2690779
 -0.37198536  2.23363926 -0.89717007  0.67056731 -2.36901576 -1.72283926
 -0.77102218  0.04736037  0.23520417]
[ 1.         -1.2552761  -0.50818301  0.01216755  0.23463486  1.03557137
 -0.21481249  1.44074143 -0.72929157  0.81578214  0.17521617 -0.33630617
  0.26731852 -0.26359107  0.00749168  0.79386033  0.4607705  -1.01780571
  0.34216351 -0.72737243 -0.88220232]
[ 1.         -1.08658201  1.63897625 -1.2839651   0.04938621 -1.11397111
 -0.55539633 -0.36376257  1.87408316 -0.00467565 -0.12444429  0.39263223
  1.88028179  1.24044033 -0.45136689  0.97741331 -0.88616541 -0.02461174
  0.9276209   0.80993303 -1.3733116 ]
[ 1.         -1.1799024  -0.1274623   0.90955455  0.24691379 -0.69861331
 -0.84158594 -0.38828318  1.66947905 -0.35931177 -0.43118252 -0.55265452
  1.29442104 -0.06616743 -0.74308989  3.06287009  0.17729027 -1.00349186
  0.49879456  0.32466181 -0.17392779]
[ 1.         -1.29790293 -0.01972294  0.64883826  0.99672303 -0.6059069
  0.22027348 -0.28748051 -0.50836034  0.33656974  1.33421957  0.66268567
  1.17940298 -0.13546452  0.61867434 -1.36307725 -0.36084941  0.88332253
 -0.87087536  1.05005021  1.02987143]
[ 1.         -1.17506092  0.59122636  2.10573673 -0.21831506  0.37790577
 -0.27285431  0.44914351  0.96821926 -1.86834913 -0.21222613  0.48444069
 -1.02964141  0.46644193 -0.02005926 -1.38260158  1.20932101  0.461212
 -1.29084593  2.31664412 -0.84061776]
[ 1.          0.79257012 -1.47107754 -0.23096329 -1.57967748 -1.46803424
  0.74990541  0.05743688 -0.58958379 -1.04596338 -1.11741484 -1.60866779
  1.19731071 -0.39112323  1.46028437 -0.38026603 -1.09638192  0.59534312
  0.0335041   1.09164307 -0.68595653]
[ 1.          0.81305759 -0.59709062  0.2098291  -0.27590117 -0.97139974
  0.46819492  0.25520148  0.05958242  0.6684334  -0.23200872 -0.31282951
  0.15109437  0.25663544 -2.09955713 -0.85133865  1.16858735  1.32742606
  0.5358313  -0.49286957  0.71360423]
[ 1.          0.87501613 -0.58674286 -0.60737201  0.60472581 -0.21354037
  0.51545504  0.04347358 -0.84484416 -1.88939609 -0.1606219   0.76178818
  0.77222407 -0.62378872 -0.6435081  -0.08016745 -0.1499654  -0.3507264
 -1.05620891 -1.01028812 -0.92102054]
[ 1.          0.53534199 -0.32893119  0.91970253 -2.24768749 -1.25518757
 -0.56456657  0.45423259  0.00588485  0.59722418 -0.98164075 -3.36948871
  1.0735059  -0.40000885  0.70025372 -1.70225514  0.04750643  0.20031305
  1.78296765 -0.76077203  0.11869843]
[ 1.          0.68120564  6.39628221  3.47684866 -3.18284656  1.56079957
 -2.10152998 -0.686559   -4.43881632  1.26570961 -2.11700913 -0.99210742
  0.1598085   0.84831802 -0.86610738 -0.42791504 -2.08209537 -0.58912091
  0.50627171 -0.40894541 -3.08416605]
[ 1.         -1.24611318 -1.58310426  1.41053075  0.79750202  2.13204081
  0.19573196  0.84619628  0.58898943 -0.73846154 -3.0165434   0.75489436
 -0.6539287   2.01978685 -0.063489   -0.12650621 -1.02889043 -0.46201978
 -0.13923255 -0.62666517  0.89342689]
[ 1.          0.88708998  0.07179795 -0.3715188   1.18126041  0.45061645
  0.14926726 -0.13796072 -0.12074662 -0.98423102  0.8155834   0.62770999
 -0.66198618 -0.29880583 -0.09530696  0.26754558  0.07534186 -0.88703496
  1.60600207  0.57833479 -0.13316835]
[ 1.          0.89237846  0.86587378 -0.53066796  1.93345032  0.89264922
  0.98251085  0.12916652  0.97683149  0.10200839  1.10775983  1.63914396
 -0.50349464 -0.96401157 -1.29037362  0.58150917 -3.16133416 -2.35739629
 -1.37804164  0.31856598 -4.55140533]
[ 1.          0.9126237   0.66379144 -0.70458426  2.51280905  0.69832733
  0.71917049  0.17830263  0.47878276 -0.78379665  1.49533415 -0.97634228
 -1.4423271   0.84092735 -1.28136957 -1.32778534  0.35634666 -4.17344281
  4.15436068  1.76577966  5.66910682]
[ 1.         -1.27477715 -1.04461433  0.06338888 -0.4149183   2.1039896
  0.8094998  -0.22302173 -0.37560676  0.47110111  0.55171307 -0.86250369
 -0.31450628 -1.18789108 -0.70707636  0.78910273 -1.22259033 -0.17576041
  0.35863697 -0.64178173  0.07931177]
[ 1.          0.82992498 -1.97370381 -0.22371645 -1.12906276 -0.79256212
 -0.68749886 -0.10465022  0.35696172  0.39446622  0.97850195  0.32953806
 -0.79041865  0.14956263  0.47519931 -0.92370737 -0.64906344 -1.07951306
  0.3222912   0.91622978 -1.35134265]
[ 1.          0.81051889  0.92754222  2.05621665 -2.59886659 -1.45550444
  1.55037295  0.66464384 -2.03819739  1.53437329  0.18131845  1.18465005
 -1.21190397  2.41613722 -1.46200351  1.23738775 -1.84143695 -1.51987411
 -1.59268252  2.22039136  2.39321689]
[ 1.          0.87989993 -0.16512966 -0.04134377  0.04345698 -0.17487479
  0.36752928  0.3248029  -0.49660893 -0.57487047  0.89000126 -0.20101379
 -0.29188083  1.33675578  0.05316908  0.57521055 -1.34062019 -0.89307963
  0.08473601 -0.29314392  0.62415271]
[ 1.          0.89263109  0.58983517 -0.2509696   0.85884478  0.51690395
  0.12203411 -0.15370962 -0.52892114 -1.18591977 -0.76112759  0.46342481
  0.63202764 -1.40154477  1.02043434 -0.11553883 -0.17541114 -0.35219588
 -0.38474909 -0.19426011  0.46274708]
[ 1.         -1.24044637  0.89116376 -0.03157436 -1.5916122   0.57477861
  0.32686945  0.33585951 -0.25285798 -0.47526219  2.7630802   0.01685861
  0.07969521 -1.73744893 -0.38537255 -0.67370845  0.28375321 -0.16899298
 -1.35596347 -0.79100289  1.54060564]
[ 1.         -1.12855216  0.89224926 -1.97031729 -1.34593275  0.37669052
  0.35560179  0.58977411  0.15340797 -0.76516624 -0.56996241  0.84128007
 -0.26796876  0.47010171  0.14962107 -0.44820618  2.18332338  0.27946101
 -1.64364749  2.14546207  0.66859123]
[ 1.          0.82667852 -0.34330485 -0.36066088  0.53552774  0.55597317
 -1.08858111 -0.4695595   0.24507487  0.030581    0.88853812  0.06512975
 -0.80721364 -0.58490656 -0.08240209 -0.25121763  0.09964719 -0.62236036
  1.74455213  0.49605164 -0.40067404]
[ 1.         -1.21286415 -0.94271599  0.0495249   0.69751847  0.76799558
  1.27673147 -1.22447834 -1.97690561  1.88633596  0.62586278  0.05225882
 -0.61554088  0.21327088  1.17983274 -1.87120642  1.07922716 -0.35431683
 -0.14002127 -1.25979701 -0.97173164]
[ 1.          0.60574828  3.00813848  0.9976359   1.40067093  1.36538671
 -1.08842295 -0.78006161 -1.98265514 -1.24554956 -0.94291017 -0.78553624
 -0.96456661  0.12930763  0.19445484 -0.6739681   1.16256846 -0.44664747
  2.00878677  1.39377258 -0.24012689]
[ 1.         -1.18209766  1.36636941 -0.73141931  0.14818186 -3.05561752
 -1.34818537  0.33361534  0.86883311  0.32262549  0.71749272  0.31011908
  3.42374975  1.01226812  1.02696529 -0.27933349 -0.47042462 -0.46085648
  2.55412882 -2.28704053 -0.04069116]
[ 1.          0.81798815  2.29562244 -0.58920333  2.0676065   0.70637482
  2.64158402  1.09628276  3.85640833  2.32710219 -0.07884933 -2.22994643
  0.73821443  0.36660755 -1.25960235 -1.14333025 -1.43570188 -0.61631778
 -2.60599838 -0.25849179 -2.18865967]
[ 1.          0.84363365  0.89207538  0.81846849 -1.01930195 -0.60619901
  2.20375792  1.07921126  1.35528222  2.31432264 -2.00272116  2.15336163
 -0.16835686 -2.13886561  2.80908343  1.8067902   1.66423586  2.15942962
  0.10220355 -1.02679954  1.31808658]
[ 1.         -0.5898804  -0.93315913  1.21251893  1.05833931 -1.00667362
  0.5051842  -1.01489546 -0.54871371  0.45861823 -0.50003644 -1.67061637
 -0.50549003 -1.02733079 -0.97328602  2.37928449  1.29290291  0.7848804
 -0.21985059  1.43912825 -1.13831585]
[ 1.         -1.11012345 -0.30286071  4.51789978 -1.41818102  1.30980542
  0.11498665 -0.0644837   3.01366301 -2.81736207  1.92818904  0.26155229
  0.57827098 -0.24275841  0.28228659 -1.82520329  0.82162328  0.02917602
  1.28980494 -0.45032685 -1.30896488]
[  1.00000000e+00  -1.17490833e+00  -7.52341607e-01  -9.49874952e-02
  -4.18617656e-01   1.32829007e+00  -9.96623436e-03  -1.09155354e+00
   1.06897737e+00  -5.00342659e-01  -2.62403749e+00   1.91952694e-02
  -4.67110288e-01   1.74139696e+00   2.77116955e-02   1.22028755e+00
   8.90280876e-01  -2.06535977e+00  -3.81217526e-01  -4.18858354e-01
  -2.56548241e-04]
[ 1.         -1.28881048  0.77371791 -1.09265724  1.03343729 -1.99767241
 -0.39911824 -0.37282908 -0.25827663  0.87898416  0.10077663  1.01231249
  2.1193789   1.52395107  1.11505219 -0.65488679 -0.62821025  0.37670795
  1.35631518  0.59747678 -0.77598636]
[ 1.          0.84875201  2.87124699  0.63789306  0.59892796  1.64526052
 -1.78778289 -0.71841123 -0.67954496  0.54201173 -0.88350535 -1.91956117
  0.37235232 -0.57097522 -0.45472081 -1.35404382 -0.84616067  0.01846314
  2.20459354  0.39328764 -0.13894868]
[ 1.         -0.54368423  2.85240088  0.14709206 -2.90516518  0.34603524
 -0.29960581  0.29733135  0.43994595 -1.20246127  1.05797783  0.41131769
  0.35905814  0.38952886  0.33111024  0.02677402  1.54240696 -0.36338877
  1.8299391  -2.20376463 -3.32286588]
[ 1.          0.85930463 -0.21435774 -0.02662294 -0.14973047  0.61248259
 -1.89790156 -0.6809966   0.16625319  1.15818787  0.20776639  1.51073328
 -0.35439839 -0.03557652 -0.91580969  0.33251111  0.05266239  0.95799373
  0.01411988 -0.0363529   0.42320785]
[ 1.         -1.15735416  2.53803409 -4.46464123 -4.73943468  3.21685322
  1.17330996  2.36575132 -0.10131616 -1.68389448  0.79201101  2.18444117
  1.90851776  1.50845714 -0.03406249 -1.26453122  4.35865584  1.22225137
  0.05862853  3.27808693 -1.27833751]
[ 1.         -1.24421889 -0.64864843 -0.09153366  0.40305931  1.34990701
  0.06418342  2.346232   -1.72337398  1.21937146  1.45166841  0.11472495
  0.96871887 -0.69334774  0.02341799  0.10609538 -0.55973937 -0.98427695
 -0.61954568 -1.26936159  1.99049216]
[ 1.          0.88445444  0.72612785  0.05858251  0.59484047  0.59966597
 -0.74098764 -0.51591775 -0.60948866 -0.19464587 -0.38648025 -0.86433989
  0.24777389  0.03003526 -0.76298222 -0.30029686  0.60560779  0.44626092
  0.38981526  1.24455243  2.09386115]
[ 1.         -1.10013168 -0.49421158 -0.03664738 -0.17468443 -0.29941503
 -0.11881831  0.2858126  -0.6352363   0.59575073  0.24304206 -1.69702795
 -1.23931367 -1.88727399 -0.40643809  0.5334665   0.01794684  0.39957604
  0.4035575  -0.84002068 -0.19267229]
[ 1.          0.80153856  0.43256933 -0.11474024  1.38829553  0.46422882
  0.08369256 -0.56129519 -0.86562148 -1.66036138 -0.06690815 -1.09464589
  0.1780559  -0.64011639  0.92194485  1.24904627 -0.10408931  0.67888782
  0.31830908  1.11804122 -0.6562885 ]
[ 1.          0.89572666 -0.62910892 -0.59139097  0.4273385   0.58645712
 -1.43106283 -0.52593435  0.69658962  0.40417523  0.54737422  2.6558274
 -0.00902454 -1.01600517 -0.92386256 -0.4125955  -1.08073941 -0.69161171
 -1.42651407 -0.58412641 -2.36372423]
[ 1.         -1.24845419  0.86580563 -1.57328497 -0.44728245 -2.09058673
 -2.08061618  3.52138935  0.17800547 -1.13439636 -0.65761551 -1.81044486
 -5.45609493 -2.87224969 -0.54750091  0.18497041 -0.37151325  1.1781107
 -1.03449963  0.45588273 -0.84448752]
[ 1.          0.78418193  0.58268357  0.68804848 -0.47156226 -0.07327053
  0.79268969  0.33050064  0.09297417  0.70936208  0.66813156 -0.72559202
 -1.02414287  1.40040022  1.0797353   1.01111074  0.32268184  0.10596118
  0.39130462  0.22656004  0.94606583]
[ 1.          0.84545214 -1.10727605  0.4104562  -1.31279407 -1.79076012
  0.55195963  0.41068399 -1.28916613 -0.54125504 -1.50512544  0.21759307
  1.22535187 -1.04920237 -2.54051888 -1.17183322  1.42871334 -0.16729282
  0.98625127 -0.1487222   0.85696333]
[ 1.          0.88755454  2.84478085 -0.76231391  3.1742804   0.86831719
  4.18831675  1.50814043  4.276017    1.77103942 -0.62536756 -2.18099476
  0.55450353 -1.28906106 -1.30632597 -1.97626956 -0.46740134 -2.3485438
 -1.22608064  0.24017958 -1.34713615]
[ 1.         -1.2567103   1.09118647 -1.92139426 -1.44809146  0.10920836
  0.26457803 -0.41740033  0.46011479 -0.5209169   0.83888596  0.49266042
  0.13813526  0.32014676  0.14885313 -0.93155506  0.15737793 -0.21057353
  0.51968584 -1.3384346   0.303112  ]
[ 1.         -1.28387823  0.13039308 -0.01554378 -0.3948296   0.27613591
  1.62426354 -4.61454237  0.65260592 -0.85490529 -0.44601619  0.50159189
 -1.24297482  1.05352579  0.03871902 -1.97717011 -0.39691833  0.07001545
 -0.69465266 -1.20591815  1.13326599]
[ 1.          0.60826856 -0.95457608  1.57450805 -1.43008939 -0.25461549
  1.23708938  0.20879724  1.09687715  1.59628572  2.1494703   1.77628371
 -2.47288603  1.24370585  2.07516543 -0.06031905  0.5802407  -0.5040663
  1.79749695  0.62829628 -1.28570544]
[ 1.          0.84142633 -0.60421279 -0.33439864  0.34639611  0.24903549
 -0.55449384 -0.10249949  0.19777974 -0.05481161  0.98022093  0.26544088
 -0.26213355  1.03568507 -0.96366519  0.14060681  0.25381325  0.45148822
 -0.40033998 -0.21782806 -0.69443205]
[ 1.          0.8144431   0.67546576 -0.08637513  0.3508776   0.88088275
 -2.065601   -0.78718275  0.27860087  0.90716621 -0.507547    0.50036396
  0.45620313 -0.6087641  -0.92313613 -0.28232173 -0.02867063  0.90608312
  0.7662897   0.17794356  0.5833523 ]
[ 1.         -1.24647973  0.50232168 -0.40336392  0.42114745 -1.49420725
 -0.79319721  0.38754918 -0.42728764  0.66859274  0.90901424 -0.76042044
  0.07277856 -0.94747836  0.09303292  1.0375567   1.2583607  -1.29727707
  0.09242798 -1.39536804 -0.59413254]
[ 1.         -1.23791414 -1.03949811 -0.78735253 -0.11505462  2.42532819
  0.61681955  1.98194742 -1.5622171   1.65641101  0.48534946  0.07774532
  2.20864414  0.32725894  0.24957449 -0.36665276  0.1291974   0.14404661
  1.90932075 -1.07256199 -0.75126609]
[ 1.         -1.2051318  -0.66038087  1.75394778 -0.45539051  1.45368293
  0.3420861   0.28542888  1.496892   -1.62075995 -0.26196138  0.68279616
  1.2913089   0.68254522  0.02483963  0.15104065  0.09520537 -0.10373883
 -0.20692751  2.02062141  0.63935143]
[ 1.          0.10674161  4.42270042  4.05854378 -3.441902   -0.33181057
  0.50146102 -0.31751083 -3.49070511  1.32502179 -0.11912463  1.60361369
 -1.21138904  1.22591401 -0.9878971   1.25405293 -0.72674569 -1.34728345
 -3.59101989  2.22781129  0.74632806]
[ 1.         -1.26540409  0.11901623  1.15993255  1.3802288  -1.36129341
 -0.40575621  0.48614646 -0.32973689  0.06638304  1.13338288 -0.07141982
 -0.50575915 -0.87922646  0.2601673  -1.54533199 -0.81119649  2.18871778
 -0.76383159  2.50332634 -1.39424716]
[ 1.         -1.26697638 -0.12900811  1.61017005  0.60613804 -0.89657028
 -0.20742171 -0.13650397  0.41341852 -0.31800954  1.85702219 -0.04034222
  1.83564613 -1.40210463 -0.21391231  0.88439646 -0.54503545  0.3178582
 -0.94515633  0.92610252  2.26342675]
[ 1.          0.74473652 -0.24510157  0.12457368 -0.67137946 -0.80257323
  0.24479229  0.05636416 -0.23793249 -0.29622393 -1.5749825   2.98629487
  0.95795017 -2.09863972 -0.82915846  0.11519374 -0.28232426 -0.3825219
  0.13032959 -1.17911604 -1.04201486]
[ 1.         -1.27060974 -0.9275032   1.15785246  1.58923621 -0.12316607
  0.78035211 -2.09935346 -0.36191432  0.96154396 -0.39840888  0.51308401
  1.7285843   0.82434715  0.20018399  0.52632252 -1.41659176  0.1772779
  0.70964893 -0.05201092  0.51448457]
[ 1.          0.87247443  0.60225255  0.11302975 -0.03883788  0.23481366
  0.20103046  0.16746457 -0.52556185 -0.52792368  0.41312204 -1.98268828
  0.36868935  1.9230982   0.96435158  0.91449578 -0.95337828  0.98217581
 -1.71293478 -0.51741555 -0.40121047]
[ 1.         -1.20157937 -0.11947818  0.01696754  0.50671325  0.13971343
 -1.09029172  1.97543211  0.07292127 -0.42641287 -2.25692344  0.46177473
 -1.60205788  1.60720178  0.61265784 -0.7763823   1.83015816 -1.32136394
 -1.31370794 -0.93637713  0.47376924]
[ 1.         -1.20788526  0.48675856  0.65521171  0.75008152 -1.5492463
 -0.02044217 -2.01506821 -0.409172    0.80669462  0.16372309  0.19247265
  0.65737305  0.36857856  0.10596048  1.3173187   0.91173023 -1.37340995
 -1.13234953  0.22254256  0.39211265]
[ 1.          0.45365046 -0.65985414  0.19477286 -1.08438136 -0.03311828
 -1.51638606  0.18220277  0.94165432  1.10348612 -1.33631923 -0.87590056
  1.28928402  0.13464587 -0.13316835  0.4711363   2.1354709   0.79113729
 -1.0088926  -0.74517002  0.65469491]
[ 1.          0.86991035 -1.03415743 -0.25517048 -0.07049343 -0.11290941
 -0.6549145  -0.04057117  0.804269    0.75139498  1.28281507  0.28016898
 -0.62718947  1.51035908 -1.22535733 -0.19344946  0.87409847  1.04143419
 -0.50896099 -0.2141238  -0.39792712]
[ 1.          0.86416125 -0.688796   -0.45569424  0.20544712 -0.49226317
  0.21287263  0.24165351  0.47415652 -0.1546758   0.07942486 -1.45850728
  0.96872772  1.1270479  -1.71008637 -0.62533701  0.56001633  1.91840678
 -1.37961402 -1.16626464 -0.58821837]
[ 1.         -1.23916645 -0.9778984   1.20101862  1.40667584  0.53290788
  0.52783358  0.89213185 -2.32074164  1.55524779  0.82909521 -0.82154783
 -0.63899744 -1.3354225  -0.03472172 -1.01401074  1.15391816  1.76292008
 -0.37103605  1.38706249 -2.85037075]
[ 1.         -1.1903486  -0.36934614  0.28458835 -0.23254141  0.20323772
 -0.11591848 -0.59263566  0.95660519 -0.42824408 -0.47641797 -0.80393851
 -0.35767907 -1.00931602 -1.39533813  2.11900424 -0.97919185  0.86414923
 -0.30470857  0.93527812  0.60952791]
[ 1.         -1.10169534  0.68040196  1.93770835 -1.03927547 -0.30721175
 -1.66362891  0.82524501  2.15505389 -1.05564443  0.31670376 -0.34828047
  2.14611822  0.49380445  0.16471106  2.32012995  3.97481744 -3.4953031
  0.26556608 -2.28962267 -1.79025998]
[ 1.         -1.27532045 -0.56424141  1.58656775 -0.27215855  0.82369444
 -0.31729305  0.89134294  1.67607318 -2.35814959 -1.53056581  0.35940167
 -2.86303211  0.08394905 -0.3555879  -2.347397   -2.65270053  1.18427654
  0.78789339 -3.69486159  1.53231419]
[ 1.          0.81192676 -0.72520229  0.09620051 -0.84999239 -0.61187584
  0.9105831   0.33610636 -0.19143999 -0.36314856 -0.56077415  0.871269
  0.18769388 -0.40177678  1.39857059  0.3934553  -0.3723729  -0.39591099
 -0.24989434  0.01322952  0.00506591]
[ 1.          0.87382999  0.4905588   0.04771533  0.33499528  0.23725694
 -0.34462134 -0.29767914 -1.67779184 -1.69656276 -0.57949356  0.2131525
  0.96187429 -0.45868859 -0.88193671  0.18393644  0.55703646  0.39886065
 -1.3161487  -0.48560583 -0.20998179]
[ 1.          0.87576633  0.50816106 -0.27500448  0.4694658   0.89360869
 -1.07994409 -0.33974446  1.3550797   1.39701215 -0.30226782 -0.51693258
  0.32459467 -0.65968621  0.63675889 -0.9630139  -0.50963823 -0.10909899
 -0.52266428  0.1771523   0.97815574]
[ 1.         -1.27294313  1.30174784 -1.92565815  0.09723708 -2.22964626
 -1.2783937   1.37015229  0.37429499 -0.60028473 -0.54321825  0.58342607
 -0.82323205  0.45982072  0.30625776 -0.1674123  -1.10282038  0.54401108
  0.83600809 -0.31246712  0.49856674]
