Cluster centers 

[-0.78264301 -1.17976163  0.03730957  0.17716033]
[ 1.386699    0.19060815 -1.23198295  0.60465893]
[-0.71644436  0.88532933  0.97655543  0.10742329]
[-0.82277445  2.32397683 -0.0799214  -2.73253127]
[ 1.38061151 -0.65545783 -0.08540494 -2.32259259]
[ 1.38989759 -0.0921557   0.07032755  0.51525236]
[-0.77319202 -0.53216068  0.1726233   1.1582941 ]
[-0.73142379 -0.59831581 -1.95027046  0.65570923]
[-0.80810697  1.02565295 -0.78687945  0.50698077]
[ 0.8687322  -1.09444401  1.86294158 -0.87660805]
[-0.79848157 -1.38024241 -0.08053034 -0.77820225]
[-0.08484768  0.17389987  2.35744263  0.73779759]
[ 1.30433999  2.04623094  1.27335077 -0.94269149]
[-0.7358991  -1.59872672  0.59198217 -4.09414797]
[ 1.31381457 -0.60810397  0.62233278 -0.53757287]
[-0.82004225 -0.32763158 -0.7400991   1.23722916]
[-0.82279309  1.37869498 -0.11958736 -0.3503243 ]
[ 1.30447491 -0.18850434 -1.82572702 -0.82918804]
[ 1.25461633  1.38336506  1.35094564  0.14301558]
[ 0.74713793  0.30298019  2.32254298  0.77199126]
[-0.73838225  1.65405868  1.12703829 -1.53977744]
[-0.78822185 -0.97643375 -1.55124229 -0.19673786]
[ 1.26887247  0.07353378  0.98243692  0.88031116]
[-0.53039013 -1.38370398  1.26174796 -0.10464463]
[ 0.99253524  1.81690378 -2.53494955  0.65185535]
[ 1.37485658  1.2957315   0.55312837  0.5365581 ]
[-0.79223111  0.40878812 -1.20280314  1.21477519]
[ 1.2710499   2.28355425 -1.50212143 -0.19662175]
[-0.647873   -0.38014895  0.97211651  1.14584709]
[ 1.02325663  1.85650827  2.29271362 -1.25103966]
[ 1.40265437 -0.51948309 -0.29412883 -1.27692043]
[ 1.41152822 -0.16478107 -0.64224758  0.04876817]
[-0.81201051  0.60652299 -0.08270458  0.79845625]
[-0.7684269  -1.53686788  0.25148137 -1.70057484]
[ 1.24018854 -0.32859419 -2.00415616 -3.15796231]
[-0.80904177 -0.97885056 -0.29933096  0.56812683]
[-0.54491288  1.45106635  1.92833011 -1.33515471]
[ 0.58947887 -0.68978139  2.16641744  0.6312052 ]
[ 1.24767919 -0.24405537 -2.09159883 -1.5020368 ]
[-0.80067781  1.05913067  0.3038095   0.05172409]
[ 1.39263082  1.00484073 -0.97602775  1.01693988]
[-0.62184107  0.38963674  1.27929154  0.69588452]
[-0.43583109 -1.6404176   1.51734494 -1.49753492]
[ 1.37636854 -0.35711435  0.16706739 -0.02935171]
[ 1.15297641  0.70816251  1.58732301  0.73671185]
[-0.69875072 -1.00438622  0.6197566   0.72028619]
[-0.81510587  1.63238864  0.29366012 -1.0831463 ]
[ 1.41395586  0.49062892 -0.7506664   0.97359514]
[-0.76973122  2.05136326 -0.92347319 -1.37595292]
[-0.6845943  -1.52250605  0.7104786  -0.99357318]
[ 1.24446789  0.33770457 -2.15842206  0.60263668]
[ 0.40552432 -1.14140699  2.23307016 -0.0064882 ]
[ 1.35607976 -0.64299767  0.30690358 -1.1740546 ]
[-0.73460884 -1.35966295  0.41671436 -0.29372828]
[-0.79796111 -0.2449654  -1.31443814  1.24008246]
[ 1.32915178  0.63862443  0.76905316  0.92409971]
[-0.67867784  1.1790647   1.2957578  -0.52518051]
[-0.74689977  0.20908517  0.55669418  1.0113719 ]
[ 1.37368609  0.19196139  0.30669236  0.88176216]
[-0.81898568 -0.71736091 -0.54807354  0.94794847]
[-0.81109642 -1.20161977 -1.29664455 -1.24104618]
[-0.8270875  -1.40055205 -0.48749322 -1.56986376]
[-0.80661583  1.40131958 -0.73763572 -0.10850653]
[ 1.39371384 -0.43937867 -0.96655031 -1.78399995]
[ 0.16240717  1.38850576  2.86858099 -1.15618607]
[-0.81197734  1.68727829 -0.52473792 -0.77464229]
[-0.74052957  2.0255355   1.22858415 -2.63662955]
[-0.81458465 -0.84896028 -1.15598141  0.50355339]
[ 1.31894945 -0.30110441  0.63451767  0.3681461 ]
[ 1.41442074  0.29669377 -0.30965354  0.88770025]
[-0.81579762  0.5668726  -0.72839001  0.9998057 ]
[-0.72250364  1.50490575 -1.47745979  0.05948306]
[  1.41425514e+00  -4.80793014e-04  -5.06088685e-01   4.84811471e-01]
[-0.81054019 -1.51391365 -0.1199317  -2.5555558 ]
[-0.79018821  1.29531367  0.53178934 -0.46756471]
[ 1.17955515 -0.65686076  1.22037803 -0.09975001]
[-0.68984388  0.16620256 -2.02100624  1.30059606]
[ 1.39941483 -0.36026305 -0.93738117 -1.03374343]
[-0.44674663 -0.88158427  1.53015252  0.87643806]
[-0.81678848  1.9648457   0.34693358 -1.95002493]
[-0.81913473  1.01094563 -0.14756342  0.29261435]
[-0.7691787   0.65806173  0.51055559  0.5744766 ]
[ 1.32878792 -0.35636279 -1.62207132 -2.19762799]
[ 0.86000466  1.30257547  2.41558276 -0.3338467 ]
[ 1.10461757 -0.28532001  1.52220206  0.70139021]
[ 1.4061509   0.81545302  0.01261204  0.97354194]
[-0.82546423  1.84907503 -0.11939071 -1.37798134]
[-0.82487772 -1.14737576 -0.66209985 -0.11704336]
[ 1.4062099   1.78244431  0.05060231  0.09373282]
[ 1.40447088 -0.26396824 -0.8844019  -0.4619205 ]
[-0.65073069  1.07690241 -1.95485783  0.86101571]
[-0.81032008  0.0413243  -0.20644018  1.22039468]
[ 1.35548674  2.75623636 -0.76026223 -1.47661684]
[-0.75888411  1.4215515   0.88512795 -0.87810653]
[-0.45139986  0.91408388  1.99809653 -0.21553579]
[-0.8285087  -1.26087709 -0.77464751 -0.8123986 ]
[ 1.4031883  -0.39228962 -0.2506519  -0.48756444]
[-0.83430382 -1.41960069 -0.6332563  -2.60822747]
[-0.63580148 -1.67350553  0.97528504 -2.69593019]
[ 1.36134101 -0.06799204 -1.47090617 -0.07650239]

Populations

0.0178595994359
0.0145978245856
0.0101278929337
0.00515623915447
0.00547709186768
0.0202610349407
0.0197403309013
0.00397966551175
0.0119941244115
0.00465304550883
0.0167163305309
0.002880652979
0.00297167886069
0.00211588559439
0.0117240820194
0.0143214392251
0.0137272662108
0.0113865043685
0.00663714211237
0.00662825803336
0.00502455159757
0.00693073809638
0.0161463992181
0.00898222946988
0.00083769806996
0.00667173909575
0.0101833300301
0.00158758995786
0.0109204573578
0.00283676009707
0.0101308657415
0.0230555924698
0.0154616882551
0.0106723762576
0.0031778649189
0.0185953506601
0.00197744352827
0.0106835035881
0.00641582779887
0.0131527433331
0.0076791076054
0.00780308586792
0.00488021421241
0.0188314763328
0.0115378105876
0.0149372461242
0.0122389708555
0.010037599685
0.00645737719507
0.0124247738399
0.0077000911923
0.0107885766622
0.00750469528619
0.0144505526807
0.00872934891238
0.0128434136098
0.00573612833357
0.0126794448369
0.0176370607063
0.0156724369524
0.00318741841484
0.00853817528495
0.010828504662
0.0105012388897
0.00166946253354
0.0100399997844
0.00437146649046
0.0144604908926
0.0172029810449
0.0137018375373
0.0129146587182
0.00604179539307
0.0183567875012
0.00386627830799
0.0103561098925
0.0108444656629
0.00384448128836
0.0188241997757
0.00790647355931
0.00736719556326
0.0141930360764
0.0123587207548
0.00605541113565
0.00662828210616
0.0156086720305
0.0102892245864
0.0091358498053
0.01716656464
0.0033968208661
0.0187752465002
0.00298733302591
0.0193830804317
0.000930046730451
0.00676353511628
0.00345975437268
0.00963227736895
0.018589891542
0.00190957017087
0.00444374957008
0.0164986617661

State labels

0
1
2
3
4
5
6
7
8
9
10
11
12
13
14
15
16
17
18
19
20
21
22
23
24
25
26
27
28
29
30
31
32
33
34
35
36
37
38
39
40
41
42
43
44
45
46
47
48
49
50
51
52
53
54
55
56
57
58
59
60
61
62
63
64
65
66
67
68
69
70
71
72
73
74
75
76
77
78
79
80
81
82
83
84
85
86
87
88
89
90
91
92
93
94
95
96
97
98
99

Eigen values

1.0
0.949606387599
0.229526288627
0.149064079602
0.122843633955
0.119199731102
0.107653806616
0.104735549437
0.103584874642
0.0982742128062
0.0933725358494
0.0899545815799
0.0878091327688
0.0854650260166
0.0805595664012
0.0783041232433
0.075620764094
0.073136928012
0.0695638393715
0.0686661236228
0.064814982097

Left eigenvectors

[ 0.0178596   0.01608463  0.02625879 -0.00209055  0.00345034  0.01199698
 -0.00186483  0.01528515  0.00111675 -0.00478563  0.02294408  0.01819902
 -0.01770685  0.01137454 -0.00816307 -0.00217371  0.01964825 -0.00595465
 -0.00050881 -0.01996502  0.00536171]
[ 0.01459782 -0.01672808 -0.00126667  0.01253847 -0.02767894  0.01253029
  0.00441772  0.00419711  0.00514504 -0.00529394  0.0166632  -0.01625416
 -0.00759756  0.00398535  0.00759034 -0.0067397  -0.00893338 -0.00329568
 -0.01547763  0.01038309 -0.01600838]
[ 0.01012789  0.00940026 -0.01131857 -0.00032511 -0.00269423 -0.00523546
  0.0001672  -0.00684125 -0.00082017 -0.00879649 -0.00168505 -0.00430144
  0.00702402 -0.01679663  0.01714571  0.00632265  0.01027395 -0.00648778
 -0.0045096  -0.01483807  0.00525443]
[  5.15623915e-03   4.84016949e-03  -9.72510152e-03  -1.07029626e-04
  -1.29738214e-03  -4.85871355e-03  -1.20409209e-03  -3.99828811e-03
  -8.37597712e-03  -1.01409424e-02  -1.31436818e-02  -5.89434980e-03
   2.03448602e-03   4.87240559e-03   5.92704565e-05  -4.08845203e-03
   1.19073507e-03   2.54373925e-03   9.67395153e-04   1.37937468e-02
   9.38695597e-04]
[ 0.00547709 -0.00629049 -0.00034891 -0.0204091  -0.00390547 -0.00295931
  0.0060159  -0.0004511  -0.00287025  0.00261231  0.00352307 -0.00375449
 -0.00390969 -0.00089744 -0.00239127 -0.00632259  0.00450657 -0.00370466
 -0.00564185  0.00238769 -0.00893042]
[ 0.02026103 -0.02284317 -0.0019465  -0.01083895 -0.04630781  0.0267824
  0.02351662  0.00259972 -0.00916244  0.01922486 -0.03162838  0.01064626
  0.00456391  0.0074912  -0.00438146  0.00805467  0.01430887 -0.01271818
  0.01343808 -0.00186123  0.00049101]
[ 0.01974033  0.01777202  0.00699838 -0.00024756 -0.00331447  0.00159998
  0.00393025 -0.01361241  0.01791134 -0.00394732  0.00575695  0.00416434
 -0.03810335 -0.0270977   0.01605845  0.02653146 -0.02942237 -0.00081328
  0.021946   -0.0215713  -0.01145404]
[  3.97966551e-03   3.71466480e-03   4.52414362e-04  -1.00058064e-04
   2.55818445e-04  -4.01423382e-05  -3.56897607e-03   2.77799600e-03
  -4.46446145e-03   6.67814208e-03  -5.96728059e-03  -6.76080358e-03
   9.98276961e-04   2.84800872e-03  -1.10901358e-02  -1.25209115e-03
  -6.23376116e-03   5.46812225e-03   1.49963391e-04   7.13610382e-03
   1.52593838e-03]
[ 0.01199412  0.0114208  -0.01717768 -0.00061031 -0.00043868  0.00481663
  0.00111281  0.00079857 -0.00098152 -0.0058627   0.00614254  0.00215586
 -0.01671513  0.0187814  -0.0208479   0.00688391 -0.00305763  0.0167977
  0.00503091  0.00549948  0.00439197]
[ 0.00465305 -0.00399927  0.00244217 -0.00098147 -0.00587271  0.00149127
 -0.0026064  -0.01319781 -0.00439039  0.00259949  0.00416335  0.00477325
 -0.0002388   0.00493803 -0.00078823  0.00210757  0.00395827 -0.00142259
 -0.00777764  0.00054511 -0.00831355]
[ 0.01671633  0.0153047   0.03357557 -0.0021634  -0.00277006  0.00516549
  0.00201202 -0.00018623  0.00173169 -0.0028612   0.00978196 -0.00179072
  0.01881329  0.00075092  0.00806815 -0.00055729 -0.01034191 -0.00619939
 -0.0025383   0.01150454  0.00766205]
[ 0.00288065  0.00130508  0.0003443   0.00193817  0.00506172  0.00061664
 -0.00106945  0.00445432 -0.00191339 -0.00046873  0.00120191  0.00952115
  0.00016546  0.0042737  -0.00235817 -0.00954033 -0.00030054  0.00467845
 -0.00544562  0.00295893  0.00241389]
[ 0.00297168 -0.00341217 -0.00034662  0.0127776   0.00290506  0.00140316
 -0.00053938  0.00559623  0.00392013 -0.00399121  0.0010931  -0.00271907
 -0.0023135   0.00589554  0.01065925  0.00445113 -0.00218127 -0.00213422
  0.00136395  0.00607607 -0.01201359]
[  2.11588559e-03   1.83112550e-03   7.90944005e-03  -1.82572069e-04
   9.09678481e-05  -3.83484972e-04   3.90725757e-04   1.40379270e-03
  -1.89073359e-03  -4.25082840e-04   3.15275705e-03  -9.36990408e-04
   3.07457218e-03   2.61294543e-04  -4.10197544e-03   4.95002462e-03
   5.57746702e-03   4.93675163e-03  -2.21076995e-03   6.94139983e-03
  -1.20316301e-03]
[ 0.01172408 -0.01306497 -0.00060232 -0.00466244 -0.00478505 -0.00112785
 -0.02063018 -0.00416773  0.0048497  -0.00227873 -0.00231019  0.00840775
  0.01268035 -0.00768518  0.00182065 -0.01322654 -0.00615043  0.03129469
  0.01933246 -0.01063745 -0.00151846]
[ 0.01432144  0.01328622  0.00595785 -0.00029719 -0.00028808  0.00360529
  0.00367178 -0.00383846  0.01218169 -0.0032016  -0.00236794  0.00889414
 -0.02140623  0.00442428  0.00807288 -0.00900504 -0.00570141 -0.00096646
  0.00775768  0.00494497  0.0185648 ]
[ 0.01372727  0.01273728 -0.02101179  0.00066676 -0.00416633  0.00428052
 -0.01140261  0.00763891 -0.0263625  -0.00583441  0.00296855  0.00336383
 -0.01833347 -0.01333941 -0.00083775  0.01311562  0.01242659  0.01245841
 -0.01850073  0.00486605 -0.00827512]
[ 0.0113865  -0.01291866  0.00028716  0.00451352  0.00604888 -0.01755473
  0.00205903 -0.00391968 -0.01028232  0.00388165  0.01336224 -0.00843681
 -0.00716434 -0.00438635 -0.00441452 -0.00439174 -0.0139112   0.00805386
 -0.00715866 -0.01303137  0.02984768]
[ 0.00663714 -0.00732996  0.00010401  0.01885924 -0.0016732  -0.0058815
 -0.01986915 -0.01164609  0.00099199  0.00260039  0.0101779  -0.00346978
 -0.0011617  -0.00125466 -0.00889714 -0.00185918  0.00983279 -0.01421199
 -0.00545507  0.00115451  0.02152443]
[ 0.00662826 -0.00586024  0.00043135  0.01234005 -0.01402573  0.0063432
 -0.01099426 -0.02189313 -0.00369745 -0.00037287  0.00853426  0.00725463
 -0.01293023 -0.00033223  0.00490835 -0.00262729 -0.00354572 -0.0038854
 -0.0237782   0.00888891 -0.01165259]
[ 0.00502455  0.00477298 -0.00486699  0.0007076  -0.00020265  0.0012986
 -0.00395967  0.00934147 -0.00320644  0.01281645  0.00191442 -0.00314464
  0.00713457 -0.00524779  0.00464138  0.00306652  0.01988144  0.00126377
 -0.01181857 -0.00840693 -0.00038818]
[ 0.00693074  0.00648545  0.01097694  0.00024269  0.00083977  0.00320608
 -0.00450908  0.00634905 -0.0076454  -0.00248069 -0.001513   -0.01039381
  0.00162664  0.00979487 -0.00457162  0.01159916  0.01119025  0.00856913
 -0.00624072 -0.00189165 -0.00250335]
[ 0.0161464  -0.01795357  0.00059405  0.00470157 -0.0169562   0.03389722
 -0.00382744 -0.04173691 -0.02004221  0.0179233  -0.00920653  0.02235155
  0.0044229  -0.00011352 -0.00886574  0.00922271 -0.00169214 -0.00951122
  0.00314445 -0.00344237  0.02743777]
[ 0.00898223  0.00730346  0.01078282  0.00115973 -0.00250971  0.00160116
 -0.00757448 -0.00105329 -0.00766044  0.00150696 -0.01188015 -0.02421289
  0.00243948  0.01087024 -0.01465415  0.00936424  0.00433994  0.00790342
 -0.00625352 -0.00845126 -0.00739575]
[ 0.0008377  -0.00097626 -0.00014887  0.00266618  0.00840292  0.00457677
  0.0097334  -0.0028335  -0.0061434   0.00162314  0.00241299 -0.00496289
 -0.00146163 -0.00179558  0.00036734 -0.00292481  0.00052004  0.00016867
  0.00172207 -0.00114585  0.00133507]
[ 0.00667174 -0.00711734  0.00029996  0.01543985 -0.00693445 -0.00863814
 -0.0016492   0.00602446 -0.00286831  0.00877008 -0.0035737  -0.00613098
 -0.00175697  0.00344699  0.01699184 -0.01765219  0.0061356   0.01447173
  0.01133132 -0.00160321 -0.0151319 ]
[ 0.01018333  0.00950221 -0.01179986 -0.00016067  0.00099324 -0.00476983
  0.0044693  -0.00946814  0.00980124  0.00193341 -0.01514252 -0.00975535
  0.00950914 -0.00723532  0.01783532 -0.00916844  0.01195707 -0.00183335
 -0.01526357  0.01263707  0.01305508]
[ 0.00158759 -0.00185986 -0.00036132  0.00880902 -0.00472715  0.00112295
  0.00318477  0.004442    0.00164476 -0.00037162  0.00025818 -0.00546004
  0.00109774 -0.00177496 -0.00200324 -0.00303319  0.00399234 -0.00160284
  0.00766395 -0.00079587 -0.00358232]
[ 0.01092046  0.00965622  0.00691896 -0.00011667 -0.00046424 -0.00186418
  0.00546254  0.00302007 -0.00534805 -0.00670539  0.01611811  0.01841846
  0.01612825 -0.00818752  0.01208959  0.00458733  0.0056654   0.00224149
  0.00172932  0.00268109  0.00462814]
[ 0.00283676 -0.00305137 -0.00016969 -0.00139893  0.01700301  0.00796709
  0.01288175 -0.00629157 -0.00922401  0.00659752 -0.00326006 -0.0031381
 -0.00120164  0.00010145  0.00216451  0.00058782  0.00563861 -0.00177964
  0.00765727 -0.00144195 -0.00023125]
[ 0.01013087 -0.01121236  0.00061186 -0.02316997  0.01019872 -0.0284352
 -0.01059412  0.00753777  0.00043708  0.00599017  0.00822002 -0.00865443
 -0.01026368  0.00937366  0.01711372 -0.00402563  0.00056795  0.00072749
  0.00162401  0.00096485  0.00289157]
[  2.30555925e-02  -2.58932552e-02  -1.11017655e-03  -2.16773821e-02
  -1.56802676e-02  -7.18292007e-06   4.81068459e-03   1.24131360e-02
   3.51981325e-03   3.08527565e-03   1.04519645e-02  -1.71152029e-02
  -5.31973000e-03   1.40345173e-03   8.91744912e-03  -1.14483168e-02
  -9.22634402e-03   5.53029835e-03  -1.03930116e-02   1.16313839e-03
   1.53874173e-04]
[  1.54616883e-02   1.47373086e-02  -1.67851396e-02   1.15539658e-03
   4.06504328e-03  -1.27407628e-03   1.07589413e-02   2.65963838e-05
   2.94920748e-02   4.36840470e-02   1.19057771e-02   3.44869613e-03
   2.03464366e-02   9.80677520e-03  -8.78180717e-03  -7.67727439e-04
  -2.36918867e-02   4.86626510e-03   2.02640736e-03   2.50853117e-02
   6.41907953e-04]
[ 0.01067238  0.00944662  0.02144494  0.0015217   0.00208158  0.00300351
 -0.00656115  0.01230205  0.00226623  0.02976328  0.00088172  0.00050487
  0.00557752  0.00425166 -0.01354088 -0.00773576  0.00698088  0.0009788
 -0.00861923 -0.0004812   0.00052758]
[ 0.00317786 -0.0037218  -0.0007502  -0.00185835  0.00195119  0.0136674
 -0.00717692 -0.0050306   0.00477127 -0.00368096 -0.00209819  0.00138688
  0.00801845 -0.00813236 -0.00638866 -0.00224091  0.00127865  0.00476507
  0.00535356  0.00065995 -0.00241049]
[ 0.01859535  0.01713069  0.02834126 -0.00091504  0.00140975  0.0102148
  0.00182442  0.01162592 -0.00193901 -0.01033032  0.01067058  0.00776927
 -0.0103896   0.01233597  0.00418666  0.00472803  0.02931998  0.00960516
 -0.00209278  0.00011492  0.00402634]
[ 0.00197744  0.00173794 -0.00068116  0.00038799  0.0011546   0.00074132
  0.00168106  0.00095692  0.00118177 -0.00131946  0.00273289  0.00394707
  0.00063625  0.00805565 -0.00712749 -0.00849424 -0.0050711  -0.00397255
 -0.00089667 -0.0023876  -0.00212248]
[ 0.0106835  -0.00770795  0.00706953 -0.00317508  0.00170283 -0.03405591
 -0.00180729 -0.01977737 -0.01913357  0.01568372 -0.0094413   0.01571808
  0.00253103 -0.00560738 -0.0109461   0.00290275 -0.0069405   0.0028002
  0.00672859 -0.01212494  0.0072834 ]
[ 0.00641583 -0.00735529 -0.00074361 -0.00764439 -0.00158922  0.01012433
 -0.01774048 -0.01334829  0.00084916  0.00331057  0.01432673 -0.00755461
  0.0017989   0.00135648 -0.00231278 -0.0118004   0.00512779 -0.00147765
  0.00201389  0.00189947  0.00718592]
[ 0.01315274  0.01251123 -0.01768032 -0.00087703 -0.00318645 -0.00137853
 -0.00438103  0.00288896 -0.01381001  0.00415805  0.0091412  -0.00846822
  0.01675783 -0.00608375  0.00599186  0.02177313  0.00539623  0.00481334
 -0.00102637 -0.01482131 -0.00273914]
[ 0.00767911 -0.00856555 -0.00055616  0.01510209  0.00278679  0.01057749
  0.01859509 -0.00391446 -0.01667506  0.00797797  0.0038648  -0.00256064
 -0.00636525  0.00192424  0.01278998 -0.02116846 -0.00862367  0.01409792
 -0.01464536 -0.00580313 -0.01275749]
[ 0.00780309  0.00705546 -0.00082318  0.00085845  0.00027861 -0.00178729
  0.00027864  0.00534311  0.00272293 -0.00046857 -0.00579251  0.01063425
 -0.01184866 -0.02029037  0.00702375 -0.01950952  0.01074426 -0.01223832
  0.0049937   0.00637358  0.00439732]
[ 0.00488021  0.00377188  0.00830249 -0.00085186 -0.00112789 -0.00735952
  0.00244754 -0.00586769 -0.00727016 -0.00869945 -0.00294472  0.00241607
  0.00625542  0.002572    0.00410843  0.00121803 -0.00761236 -0.00249694
  0.0037859   0.00900508 -0.00536956]
[ 0.01883148 -0.02125427 -0.00236802  0.02517719 -0.01166759  0.00632513
  0.02335393  0.01639751  0.01742822 -0.0267674   0.01862081 -0.03118454
  0.00952642 -0.03516769 -0.0427416  -0.00912664  0.01556219 -0.01602375
  0.00087559  0.01417518  0.00038956]
[ 0.01153781 -0.0124263   0.00050778  0.01544496  0.00415597  0.01196897
 -0.00753815 -0.00900855 -0.00100692  0.00380925 -0.01095845  0.01850674
 -0.00191252  0.01350688  0.00273828  0.01813559  0.00403861 -0.02252076
 -0.01173388  0.01051509 -0.00234832]
[  1.49372461e-02   1.35724589e-02   1.70743157e-02  -1.19776315e-05
   2.98309476e-03   4.80970144e-03  -1.90135668e-03   5.36245477e-03
   7.50066496e-03   1.44454255e-02   2.18627516e-03  -1.08695596e-03
   6.69251152e-04  -6.63352878e-04  -1.33247924e-03  -6.88478878e-03
  -2.99725959e-03  -4.95636177e-03  -1.05121280e-02  -2.66265461e-02
  -8.45612669e-03]
[ 0.01223897  0.01131233 -0.02444222  0.00356059  0.00478576 -0.00586031
  0.01129683 -0.01225315  0.03509378  0.03123614 -0.00639871 -0.00494851
 -0.00468711 -0.00144862 -0.00690876  0.00072998  0.01400071  0.00853752
 -0.01099627  0.01650066  0.00156419]
[ 0.0100376  -0.01150619 -0.00129326 -0.03600895  0.00317156 -0.00094096
  0.00356846  0.00654647  0.00205937  0.00061629 -0.00193533 -0.00122242
 -0.00353962  0.00235862  0.0047233  -0.0023367   0.00420563 -0.00317046
 -0.00129217  0.00343261 -0.01292017]
[ 0.00645738  0.00615323 -0.01174092  0.0004415   0.00203194 -0.00236664
  0.004465   -0.0013172   0.00978583  0.00869481  0.00691419  0.00687783
  0.00714879  0.00523473 -0.00844729 -0.00627403 -0.01464603 -0.01180196
  0.00643666  0.00065688 -0.00879878]
[ 0.01242477  0.0110249   0.01810033  0.0005391   0.00261229  0.00757856
 -0.0210553   0.02235746 -0.02125448  0.00876387 -0.01797881 -0.00162742
 -0.03851631 -0.01408758 -0.0288476  -0.00995079 -0.01281727 -0.00832478
  0.01333431  0.00410514 -0.01167101]
[ 0.00770009 -0.00870745 -0.00080093 -0.03161791 -0.0049958  -0.0016542
 -0.005618    0.00363503  0.00777062 -0.00515583  0.00796392 -0.00834191
 -0.00143046 -0.00480359 -0.00495123 -0.00606882  0.00139194  0.00051723
 -0.00411656  0.00423612 -0.01054693]
[ 0.01078858 -0.00457329  0.0070122   0.00484318 -0.00750272 -0.03650311
  0.0164823  -0.02102368 -0.00183034 -0.01648858 -0.00285248  0.02065432
  0.01105899 -0.01790317 -0.02448117  0.00011044  0.01898393  0.00545088
 -0.00565239  0.00536678 -0.03160774]
[ 0.0075047  -0.00853086 -0.00028012 -0.00451638 -0.00342041 -0.00761812
  0.00163986  0.01450485  0.00509471 -0.00207173  0.00362602 -0.00605223
 -0.00781791  0.00909598  0.0070661   0.00976155 -0.00380193 -0.01309278
 -0.00300196  0.00458354  0.00616265]
[ 0.01445055  0.01301371  0.01682721  0.00033984  0.00110334 -0.00591682
  0.00889769 -0.00570659  0.00685634 -0.00623506  0.00041035  0.00609364
  0.01220276  0.0099064   0.00204562 -0.00702021  0.00480121  0.00455658
  0.00248549  0.00170883 -0.00343806]
[  8.72934891e-03   8.26049375e-03   8.50933680e-03  -2.80111396e-06
   2.59843252e-04   5.50189332e-04   8.28802643e-04  -3.26520880e-03
   6.02787843e-03   2.86885731e-03  -3.56911438e-03  -1.29480273e-02
   1.48371620e-02   6.60342895e-04   4.18183579e-03   4.59613124e-03
  -1.02024345e-03  -5.73423367e-03  -9.80166846e-03   2.42992140e-03
  -1.72465924e-03]
[ 0.01284341 -0.01397185  0.00060005  0.02410541  0.01476674 -0.01077611
  0.00147918  0.00706758 -0.00491966 -0.00021009 -0.00313348  0.00720367
 -0.00292245  0.00396135  0.01009277 -0.0034648  -0.01557444  0.02083237
 -0.01657467 -0.00960025 -0.00057056]
[ 0.00573613  0.00539019 -0.00400222 -0.00016214  0.00145649  0.00185083
  0.00170288  0.00584711 -0.00237624 -0.00089135  0.0137775   0.00748673
  0.0137894   0.01458814 -0.00047988 -0.00194686 -0.00453915 -0.00708348
  0.01152704 -0.00520469  0.00183916]
[ 0.01267944  0.01179909 -0.01582433 -0.00021855  0.00137939 -0.00528591
  0.00713123 -0.0073973   0.01148796 -0.00485706 -0.00130135  0.00752774
  0.00127385  0.00979408 -0.01816058 -0.01610231 -0.01588667 -0.01370525
  0.01095864 -0.01284319 -0.02325077]
[ 0.01763706 -0.01971928 -0.00296775 -0.01259227  0.05259475  0.03343278
 -0.03225821 -0.01118005  0.01491921 -0.01357624 -0.01084075  0.01106401
  0.01505421 -0.00989908  0.00277589 -0.00420604 -0.00261195  0.01802963
 -0.00471896  0.00071686 -0.01850803]
[ 0.01567244  0.01470281  0.01512965 -0.00147033 -0.00166245  0.00344243
  0.00049145 -0.00655271 -0.00341324 -0.01321938 -0.00488475 -0.01427385
  0.02413963  0.01106408  0.01191202 -0.00413353 -0.01818307 -0.0066199
 -0.0080132  -0.00453038  0.00543054]
[  3.18741841e-03   3.06009808e-03   4.82344629e-03  -2.01720471e-04
  -7.51220483e-04   1.61740499e-03   1.72584416e-03  -3.53336286e-03
   9.72804144e-03   3.78641485e-03  -2.51042236e-03  -3.61839226e-03
  -1.00987881e-02  -9.00824642e-03   5.99448348e-03   3.02885432e-03
  -2.24005478e-04   2.24517316e-03   1.00221197e-03  -4.06407777e-03
   2.48331157e-05]
[ 0.00853818  0.00770836  0.01167475 -0.00042582  0.0014898  -0.0014486
 -0.0047388   0.00524596 -0.00944228  0.0078893  -0.00669886 -0.00402045
 -0.00112722 -0.01225688 -0.00574777 -0.0041814  -0.00980443  0.00136011
  0.00108637  0.02024125  0.00652251]
[ 0.0108285   0.01020621 -0.01407513 -0.00067239 -0.00226836 -0.00176466
 -0.01099172  0.01126471 -0.02809279 -0.00933078 -0.00273274 -0.00153813
  0.02217629 -0.01016544  0.01143112 -0.00390413 -0.01258499 -0.01171953
  0.0067953   0.01292875 -0.00291949]
[ 0.01050124 -0.01200622 -0.00093179  0.00634414  0.02070644 -0.00161652
 -0.01366285  0.01247271  0.01425825 -0.01821941  0.00459616  0.00025853
  0.0022337  -0.01110734 -0.00460801 -0.00234746 -0.01761882  0.01254759
 -0.026941    0.00292655  0.0039759 ]
[  1.66946253e-03  -7.15939644e-05  -7.75170441e-04   2.65172051e-03
  -6.78086435e-05  -2.42414027e-03  -4.03221225e-03   5.94170276e-03
   7.72437070e-04   8.67047541e-03  -9.74435165e-03  -1.42788205e-03
   3.48223186e-04   3.31287765e-04   4.79119489e-03  -5.91950207e-03
   8.35771782e-03  -8.06968136e-04   4.57894038e-04  -5.31784417e-04
  -5.43560899e-04]
[ 0.01004     0.00952831 -0.02197052 -0.00010525 -0.00130056  0.0021109
 -0.00366967  0.00706301 -0.01340385  0.00092441  0.00509185  0.00410874
 -0.0094351  -0.01517052 -0.00255288  0.00391694 -0.00646998 -0.0034278
  0.0050379   0.00646317 -0.0084221 ]
[ 0.00437147  0.00409654 -0.00784924  0.00017254 -0.0009673  -0.00175283
 -0.00216369  0.00069538 -0.00603208 -0.0003621  -0.00219126 -0.00868138
  0.01138685  0.00413923  0.00295765  0.00877105  0.00456283  0.0025772
 -0.00495223 -0.00711078 -0.00232823]
[ 0.01446049  0.01329413  0.01559722  0.0002474  -0.00234641  0.00192656
  0.00113744 -0.00820599  0.00578985 -0.01425446 -0.01258293 -0.0063989
 -0.00167441  0.01631958  0.00282891 -0.01167778  0.00231726 -0.00288856
 -0.00136204 -0.00677583  0.00576823]
[ 0.01720298 -0.01886735 -0.00168928  0.00070398 -0.00411552  0.00600883
  0.00485802  0.02516697  0.01167437 -0.0055634  -0.03296141  0.02737316
  0.00093544  0.01330219  0.01436309  0.02183716 -0.00268929 -0.00504747
  0.00656066 -0.00036194 -0.00204968]
[ 0.01370184 -0.01547106  0.00011468  0.01496933 -0.00613796 -0.0105341
  0.00609604  0.01852511  0.00593218 -0.0046551  -0.01550766  0.01219317
  0.01674154 -0.01243032 -0.00871309 -0.00138788 -0.00569886  0.02872037
  0.01291173 -0.02091917  0.02399641]
[ 0.01291466  0.01174402 -0.00745904 -0.00082454 -0.00317202 -0.00345505
 -0.00469061 -0.00298115 -0.02076548 -0.00836609 -0.0123392  -0.00602941
 -0.00263778 -0.01654516  0.00924716  0.00373821 -0.01494082  0.00126664
  0.01182775  0.03178059  0.00859898]
[ 0.0060418   0.00583419 -0.00848127 -0.00014225  0.00165584  0.00303623
  0.00028082  0.00647388 -0.00197995 -0.00529993  0.00922338  0.01268394
  0.00123401  0.00599044  0.00025946 -0.01362513  0.00460959 -0.00832031
 -0.00043778 -0.01253675  0.00302196]
[ 0.01835679 -0.02086112 -0.00181021 -0.0240322   0.00067585 -0.00703692
 -0.01473141 -0.00836466 -0.00346762  0.00855396  0.013643   -0.00857702
 -0.00907403  0.01888457  0.01818015  0.00894853  0.00286722 -0.01325286
  0.01719233  0.00685975  0.01017828]
[ 0.00386628  0.00355129  0.00332976  0.00034249 -0.00047985  0.00051312
  0.00230825 -0.00509122  0.01119076  0.00680364  0.00042543 -0.00235951
 -0.00898777 -0.00411083 -0.00071518  0.00597384 -0.00059436  0.00717861
 -0.00022822 -0.00609862 -0.00208032]
[ 0.01035611  0.00985781 -0.01587501 -0.0004982   0.00202438  0.00218955
 -0.0012309  -0.00310888  0.00267464 -0.01570793 -0.00609191 -0.00292715
 -0.00697997  0.01173941  0.00038993 -0.01030536  0.012328   -0.00425432
 -0.00737218 -0.02093576  0.00789836]
[  1.08444657e-02  -1.09538519e-02   1.45439046e-03   3.96517512e-03
   1.33747512e-02  -1.93023505e-02   1.38450560e-02   1.73873976e-03
  -1.35973961e-02   5.34318990e-03  -2.25602934e-03   1.33990675e-02
  -8.10909977e-03   1.66107873e-02   1.00404977e-02   7.82758433e-04
  -3.77724721e-03   1.81621617e-05  -3.69491955e-03   3.41432619e-03
  -6.18305889e-03]
[ 0.00384448  0.0036483   0.00088964 -0.00031289 -0.00166425  0.0004969
  0.00285785 -0.0060431   0.00465066 -0.00852317 -0.00050724 -0.00165983
 -0.01319936 -0.00162398  0.00106281  0.00966452  0.00085706  0.00962667
  0.00732997 -0.00297054  0.00099329]
[ 0.0188242  -0.02138501 -0.0003307  -0.00804659 -0.02943007 -0.00505073
  0.01075186  0.00608985 -0.00412596  0.00324541 -0.00564503  0.01157083
 -0.00059841  0.00320316  0.00052078 -0.00144635 -0.00924454  0.00910085
 -0.01730426 -0.00861538  0.00121313]
[  7.90647356e-03   5.62112713e-03   7.43864391e-03  -9.33494595e-04
   9.89697696e-04  -1.50436099e-03   8.27270095e-03  -6.59693082e-03
  -1.39499981e-03   6.35378259e-06   6.34505576e-03   7.77516947e-03
  -2.40203640e-03   7.57376336e-03   4.74834104e-03   9.73821533e-03
  -8.81998636e-04   7.45295546e-03   8.14023678e-03   1.08874661e-02
  -3.47601954e-04]
[  7.36719556e-03   6.95244679e-03  -1.25083641e-02   7.80083089e-05
  -6.98462059e-04   2.14465193e-03  -2.61443884e-03   7.37842762e-03
  -4.34996729e-03   1.06466434e-02   1.37202944e-02   7.16442753e-03
   2.55368176e-03  -1.27606368e-02  -9.84778905e-04   7.91823045e-03
  -5.78617304e-03  -5.34110871e-03   2.07435241e-04  -3.74815221e-03
  -1.13134032e-02]
[  1.41930361e-02   1.35971218e-02  -2.04647303e-02  -4.40218562e-04
   5.23963525e-04   9.02098768e-04  -2.06034326e-03   2.13195322e-03
   1.81954800e-03  -8.70492628e-04  -5.49722862e-03  -5.06675068e-03
  -1.80993881e-03   4.12806741e-03   3.47677645e-03  -6.29069318e-03
   2.46336368e-03  -1.55124212e-04   4.64771467e-03  -6.94797878e-05
   1.16120337e-02]
[ 0.01235872  0.01144214 -0.01602139 -0.00232873 -0.00015084 -0.00385704
  0.00521055 -0.01646891  0.00913483 -0.01642773 -0.01000467 -0.011952
 -0.0040315   0.00332808  0.00447918  0.00371745 -0.00319975 -0.00165586
  0.00343217 -0.01492764  0.00546012]
[ 0.00605541 -0.00702906 -0.00095891 -0.00539549  0.00525416  0.01182496
  0.00518474  0.00060989  0.00135922 -0.00438212 -0.00183012  0.0002342
  0.00262302 -0.00379378 -0.00246436  0.0058966  -0.00472039 -0.00089895
  0.00266277  0.00084903  0.01342803]
[ 0.00662828 -0.00640087  0.00080797  0.01846106  0.01939562 -0.01836579
 -0.01488771  0.0018798   0.00833193  0.00311521 -0.00712894  0.0013359
 -0.00332423  0.00558816 -0.00635715  0.01875226  0.00881354 -0.0244468
  0.00633566  0.00191957 -0.00672994]
[ 0.01560867 -0.01647255  0.00204469 -0.00878752  0.02552336 -0.02589506
  0.00702339 -0.00759469 -0.00792995 -0.0022372   0.01760387 -0.01443724
 -0.00692816 -0.01058805 -0.01488015  0.0022731   0.002326   -0.01411699
 -0.00924229  0.00029662  0.01572264]
[  1.02892246e-02  -1.16884397e-02  -8.17238676e-04   1.74793426e-02
   6.68768256e-03   7.34267006e-03   7.69999675e-03   4.50109606e-03
   5.28747482e-04  -5.18904984e-03   1.70113127e-02  -2.10492947e-02
  -3.76988122e-03   8.67301306e-03   1.01170735e-02   8.59305380e-03
  -1.94183775e-03  -6.64483142e-03   1.72650227e-02   7.07575265e-03
  -2.49582594e-05]
[ 0.00913585  0.00861092 -0.01487968  0.00034242  0.00102423  0.00264643
 -0.00102363  0.00656914 -0.00299993  0.00553553  0.00625253  0.00392818
 -0.00812424  0.01290342 -0.00902542  0.01489725  0.00819702  0.02949539
  0.00030542  0.01573859  0.00558263]
[ 0.01716656  0.01577776  0.03115799 -0.00043337  0.00117029  0.00144556
  0.004201    0.00394492  0.00922336  0.00155628  0.00466922  0.00814978
  0.01008795 -0.01986923  0.02026609 -0.01320152  0.00224765 -0.00658003
  0.0126693   0.0218177   0.01248512]
[ 0.00339682 -0.00369374  0.00018294  0.00269196 -0.00991567 -0.00685735
 -0.00824355 -0.00814193 -0.00320492  0.00485679  0.00980476 -0.00839477
  0.00081103  0.0034109   0.00036745 -0.00615853  0.00747167  0.00424623
  0.02180286 -0.0032799  -0.00200539]
[  1.87752465e-02  -2.10759780e-02  -6.95724733e-04  -1.91480720e-02
   3.10653008e-02   1.46497031e-02   1.65717603e-02  -9.11147258e-05
  -1.40354763e-03   1.47180663e-04  -1.69137107e-02  -3.22861939e-04
   1.01276776e-02  -6.21137460e-03  -1.14101595e-02   8.79830278e-03
   2.27369455e-02  -7.22531197e-03   1.45026375e-02   3.78858552e-05
  -2.37212993e-02]
[  2.98733303e-03   2.90317964e-03  -5.09197587e-03  -2.04603663e-04
   4.89217430e-05   2.10795053e-03  -2.16028401e-04   6.44922313e-03
  -3.17308398e-03   6.06226812e-03   1.54557838e-02   1.16952364e-02
   2.41531099e-03  -1.18588781e-02   5.58716276e-03   5.86856706e-03
   3.39079023e-03  -2.60321729e-03  -3.24176157e-04  -5.03784765e-03
  -5.91169133e-04]
[ 0.01938308  0.01763533 -0.00093146 -0.00055711 -0.00142421  0.00059933
 -0.00507754 -0.00226611 -0.01329269 -0.02422753 -0.00384428 -0.00715271
  0.00949238  0.02197831 -0.01498079 -0.00324695 -0.00257552 -0.00901864
 -0.0024218  -0.01122962 -0.00641532]
[ 0.00093005 -0.00107824 -0.00020473  0.00310325  0.00210806  0.00156516
 -0.009811   -0.00363872  0.00244686 -0.00034804  0.00150301  0.00019864
  0.00128364  0.00113506  0.00358462 -0.0018973   0.0015186   0.00312229
  0.00563141  0.00082235 -0.00445142]
[ 0.00676354  0.00647229 -0.01289536 -0.00030165 -0.0004159  -0.00089885
  0.00423497 -0.00563296  0.00435557 -0.00971959 -0.00200459  0.00063171
 -0.00826796  0.01315547 -0.00878716 -0.00438812  0.00589196  0.0081153
  0.00235276  0.00535897  0.00719393]
[  3.45975437e-03   2.77137708e-03  -4.68192774e-03  -7.00533885e-04
   3.08269989e-04  -2.32206979e-05  -2.10451415e-03  -4.10440054e-04
   1.46827697e-03  -7.04712435e-03  -9.39824817e-03   3.82862623e-03
  -8.66143079e-03  -2.99247883e-03   5.26397892e-03  -1.45114917e-02
   6.84233323e-03  -9.95345596e-03  -3.16315463e-03  -3.80688229e-03
   1.80849390e-03]
[ 0.00963228  0.00878072  0.00571729 -0.00026502 -0.00161083 -0.00161175
 -0.00488557 -0.00858603  0.00160456  0.0142515  -0.01599974 -0.02239386
  0.00699156 -0.01029331 -0.0002368   0.00744862 -0.02600824 -0.00938422
 -0.00854687 -0.02669317 -0.01071573]
[ 0.01858989 -0.02084059 -0.00137616  0.0048229  -0.00605855 -0.00451645
  0.00452708  0.02222012  0.01285179 -0.01042678 -0.00938693  0.00656332
  0.00765908 -0.00486282 -0.00831867  0.00843872  0.00156694  0.00406071
  0.00897133 -0.00916986  0.0228046 ]
[  1.90957017e-03   1.70798905e-03   2.57322977e-03  -1.23943096e-04
  -6.38979956e-05  -2.40688070e-03   3.98552879e-03  -5.31125487e-03
   5.55603475e-03   3.77201462e-04  -2.39330302e-03   1.33524613e-03
   8.56676979e-04  -2.08742444e-03   3.58395869e-03  -2.88098886e-03
   2.13994945e-03   1.34291529e-03  -2.12548097e-03   7.01917295e-03
   2.95741247e-03]
[ 0.00444375  0.00369828  0.00672117 -0.00067737 -0.00235097 -0.00179701
  0.00650108 -0.00676196  0.00609176 -0.00801582  0.00648005  0.00164248
  0.00234481 -0.00273053  0.00476604  0.00792571  0.00437985  0.00544688
  0.00163371 -0.00134456 -0.00639168]
[ 0.01649866 -0.01909077 -0.00167728 -0.00019214 -0.01877266  0.01093571
  0.00070365  0.01450352  0.00963209 -0.00366333 -0.00571077  0.00010334
  0.00061744  0.00294285  0.00114842  0.01491125 -0.01585358 -0.00739988
 -0.00535826  0.00120436  0.00690315]

Right eigenvectors

[ 1.          0.90061538  1.47029016 -0.11705445  0.19319241  0.67173836
 -0.10441609  0.85585075  0.06252948 -0.26795851  1.28469167  1.01900484
 -0.99144733  0.63688661 -0.45706914 -0.12171114  1.10015042 -0.33341429
 -0.0284892  -1.11788741  0.30021456]
[ 1.         -1.14592938 -0.086771    0.85892704 -1.89610001  0.85836702
  0.30262879  0.28751632  0.35245257 -0.3626529   1.14148542 -1.1134645
 -0.52045817  0.27301004  0.51996368 -0.4616922  -0.61196634 -0.22576538
 -1.06026934  0.71127638 -1.09662799]
[ 1.          0.92815573 -1.1175643  -0.03210047 -0.2660206  -0.51693486
  0.0165084  -0.67548638 -0.08098112 -0.8685408  -0.16637683 -0.42471201
  0.6935319  -1.65845258  1.69291984  0.62428067  1.01442097 -0.64058517
 -0.44526557 -1.46507015  0.51880814]
[ 1.          0.93870151 -1.88608426 -0.0207573  -0.25161403 -0.94229794
 -0.23352138 -0.7754272  -1.62443534 -1.96673236 -2.54908305 -1.14314903
  0.39456782  0.94495337  0.0114949  -0.79291358  0.23093092  0.49333229
  0.18761642  2.67515653  0.18205044]
[ 1.         -1.14850888 -0.06370327 -3.72626523 -0.71305559 -0.54030766
  1.09837548 -0.08236059 -0.52404566  0.47695237  0.64323704 -0.68548896
 -0.71382594 -0.16385306 -0.43659402 -1.15436923  0.82280381 -0.6763926
 -1.03008065  0.43594057 -1.63050388]
[ 1.         -1.12744332 -0.09607087 -0.53496514 -2.28556     1.32186744
  1.16068212  0.12831128 -0.45221998  0.94885864 -1.56104476  0.52545505
  0.22525558  0.36973453 -0.21625074  0.39754488  0.70622613 -0.62771638
  0.66324752 -0.09186253  0.02423421]
[ 1.          0.90028971  0.35452192 -0.0125407  -0.16790366  0.08105141
  0.19909732 -0.68957337  0.90734769 -0.19996228  0.29163384  0.21095585
 -1.93022844 -1.3727073   0.81348447  1.34402292 -1.49047008 -0.04119899
  1.11173436 -1.09275268 -0.58023562]
[ 1.          0.93341131  0.1136815  -0.02514233  0.06428139 -0.01008686
 -0.89680303  0.69804761 -1.12181826  1.67806617 -1.49944275 -1.69883714
  0.25084444  0.71564022 -2.78670047 -0.31462221 -1.56640329  1.37401554
  0.03768241  1.79314161  0.38343383]
[ 1.          0.95219949 -1.43217418 -0.05088373 -0.03657416  0.4015827
  0.0927793   0.06657995 -0.08183305 -0.48879758  0.51212891  0.17974326
 -1.39360973  1.5658834  -1.73817611  0.5739405  -0.2549277   1.40049386
  0.41944825  0.45851489  0.36617673]
[ 1.         -0.85949538  0.52485411 -0.21092986 -1.26212086  0.32049429
 -0.56015022 -2.83638116 -0.94355237  0.55866484  0.89475871  1.02583378
 -0.05132034  1.06124615 -0.16940189  0.4529446   0.85068451 -0.30573374
 -1.67151555  0.11715209 -1.78668934]
[ 1.          0.91555406  2.0085489  -0.12941846 -0.16570999  0.30900832
  0.12036234 -0.0111406   0.10359277 -0.17116224  0.5851741  -0.10712391
  1.12544403  0.0449216   0.48265052 -0.03333812 -0.6186712  -0.37085854
 -0.15184542  0.68822159  0.45835745]
[ 1.          0.45305033  0.11952018  0.67282161  1.7571439   0.21406315
 -0.37125152  1.54628812 -0.66422218 -0.16271699  0.41723413  3.30520393
  0.05743817  1.48358883 -0.81862484 -3.31186327 -0.1043319   1.62409296
 -1.89041085  1.02717176  0.8379664 ]
[ 1.         -1.14822872 -0.11663947  4.29979216  0.97758338  0.47217891
 -0.18150546  1.88318818  1.31916202 -1.34308101  0.3678394  -0.9149935
 -0.7785164   1.98390847  3.58694561  1.49785133 -0.73402013 -0.71818644
  0.45898384  2.04465982 -4.04269394]
[ 1.          0.86541801  3.73812274 -0.08628636  0.0429928  -0.18124088
  0.18466299  0.66345397 -0.89358971 -0.20090067  1.49004136 -0.44283605
  1.45308999  0.12349181 -1.93865654  2.33945759  2.6359965   2.33318458
 -1.0448438   3.28061208 -0.5686333 ]
[ 1.         -1.1143708  -0.05137488 -0.39768026 -0.40813828 -0.09619927
 -1.7596416  -0.35548424  0.41365309 -0.19436292 -0.19704686  0.71713463
  1.08156402 -0.65550413  0.15529151 -1.12815141 -0.52459814  2.66926598
  1.6489528  -0.90731592 -0.12951592]
[ 1.          0.92771535  0.41600931 -0.02075171 -0.02011517  0.25174078
  0.25638347 -0.2680217   0.85059141 -0.22355299 -0.16534234  0.62103688
 -1.49469822  0.30892736  0.56369198 -0.62878055 -0.39810342 -0.06748323
  0.54168272  0.34528455  1.29629416]
[ 1.          0.927882   -1.53066065  0.04857186 -0.30350776  0.31182593
 -0.83065418  0.55647689 -1.92044799 -0.42502377  0.21625215  0.24504743
 -1.33555173 -0.97174587 -0.06102789  0.95544276  0.90524846  0.90756657
 -1.34773596  0.35448074 -0.60282342]
[ 1.         -1.13455914  0.02521904  0.39639237  0.53123259 -1.54171405
  0.18083032 -0.34423927 -0.90302684  0.3408992   1.17351514 -0.74094836
 -0.62919616 -0.38522389 -0.38769724 -0.38569676 -1.2217271   0.70731588
 -0.62869689 -1.14445737  2.621321  ]
[ 1.         -1.10438455  0.01567049  2.84146986 -0.25209674 -0.88614992
 -2.9936309  -1.75468407  0.14946104  0.39179409  1.53347559 -0.5227828
 -0.1750295  -0.18903578 -1.34050747 -0.28011712  1.48147983 -2.14128136
 -0.82190016  0.17394756  3.24302747]
[ 1.         -0.88413009  0.0650771   1.86173309 -2.11605101  0.95699423
 -1.65869593 -3.30299941 -0.55783104 -0.05625431  1.28755752  1.09450046
 -1.95077356 -0.05012339  0.74051865 -0.39637693 -0.5349392  -0.58618703
 -3.58739865  1.3410626  -1.75801762]
[ 1.          0.94993227 -0.96864182  0.14082881 -0.04033182  0.25845119
 -0.7880636   1.85916529 -0.63815405  2.55076416  0.38101322 -0.62585456
  1.41994134 -1.04442971  0.92374097  0.61030794  3.95685843  0.25151966
 -2.35216367 -1.67316938 -0.07725703]
[ 1.          0.93575121  1.58380564  0.03501597  0.12116629  0.46258843
 -0.65059089  0.91607175 -1.10311477 -0.35792576 -0.21830262 -1.49966914
  0.23469977  1.4132513  -0.65961493  1.67358254  1.61458289  1.23639535
 -0.90044056 -0.27293652 -0.3611956 ]
[ 1.         -1.11192383  0.03679135  0.29118393 -1.05015347  2.09936706
 -0.23704634 -2.58490487 -1.24128024  1.11004934 -0.57019089  1.38430542
  0.27392508 -0.00703068 -0.54908437  0.57119298 -0.10479968 -0.58906122
  0.19474624 -0.21319739  1.69931222]
[ 1.          0.81310153  1.20046164  0.12911418 -0.27940799  0.1782586
 -0.84327354 -0.11726384 -0.85284376  0.16777157 -1.32262771 -2.69564353
  0.27158983  1.21019431 -1.63145977  1.04253006  0.48316968  0.87989557
 -0.69621065 -0.94088702 -0.82337602]
[  1.          -1.16540575  -0.17771379   3.18274071  10.03096213
   5.46351308  11.61922722  -3.38248077  -7.33366417   1.93762161
   2.88049795  -5.92443356  -1.74481738  -2.14347352   0.43850955
  -3.49148475   0.62079448   0.20134969   2.05572245  -1.36785878
   1.59373546]
[ 1.         -1.06678904  0.04495969  2.31421699 -1.03937699 -1.29473539
 -0.24719147  0.90298247 -0.42991982  1.31451147 -0.53564794 -0.91894782
 -0.2633455   0.51665608  2.5468377  -2.64581588  0.91964035  2.16910933
  1.69840614 -0.24029923 -2.26805971]
[ 1.          0.93311415 -1.15874322 -0.01577808  0.09753612 -0.46839562
  0.43888383 -0.9297688   0.96247909  0.18986008 -1.48699057 -0.95797289
  0.9337952  -0.71050663  1.75142267 -0.90033839  1.17418066 -0.18003457
 -1.49887777  1.2409564   1.282005  ]
[ 1.         -1.17150022 -0.22759213  5.54867141 -2.97756607  0.70732805
  2.00603963  2.79794996  1.03600906 -0.23407697  0.16262214 -3.43920112
  0.69145022 -1.11802453 -1.26181399 -1.91055987  2.51471482 -1.00960782
  4.82741077 -0.50130553 -2.25645145]
[ 1.          0.88423224  0.63357797 -0.0106835  -0.04251107 -0.17070537
  0.50021153  0.2765512  -0.48972746 -0.61402056  1.47595594  1.68660158
  1.47688438 -0.74974108  1.10705903  0.42006746  0.51878797  0.20525565
  0.15835568  0.24551036  0.42380496]
[ 1.         -1.07565366 -0.05981712 -0.49314269  5.99381179  2.80851613
  4.5410065  -2.21787211 -3.25160012  2.32572419 -1.14921978 -1.10622504
 -0.42359516  0.03576103  0.7630232   0.20721516  1.98769525 -0.62735084
  2.6993014  -0.50830796 -0.08151748]
[ 1.         -1.10675217  0.06039563 -2.28706759  1.00669772 -2.80678871
 -1.04572746  0.74404055  0.0431435   0.59127918  0.81138413 -0.85426347
 -1.0131098   0.92525716  1.68926529 -0.39736281  0.05606153  0.07180906
  0.16030288  0.09523828  0.28542202]
[  1.00000000e+00  -1.12307915e+00  -4.81521589e-02  -9.40222295e-01
  -6.80106904e-01  -3.11547842e-04   2.08655865e-01   5.38400218e-01
   1.52666354e-01   1.33818971e-01   4.53337491e-01  -7.42344963e-01
  -2.30734908e-01   6.08725077e-02   3.86780307e-01  -4.96552705e-01
  -4.00178136e-01   2.39867978e-01  -4.50780503e-01   5.04492950e-02
   6.67404984e-03]
[  1.00000000e+00   9.53150025e-01  -1.08559553e+00   7.47264178e-02
   2.62910700e-01  -8.24021453e-02   6.95845181e-01   1.72014746e-03
   1.90742915e+00   2.82530900e+00   7.70017925e-01   2.23047837e-01
   1.31592594e+00   6.34262898e-01  -5.67972075e-01  -4.96535324e-02
  -1.53229624e+00   3.14730514e-01   1.31059903e-01   1.62241738e+00
   4.15160326e-02]
[ 1.          0.8851472   2.00938737  0.14258312  0.19504356  0.28142882
 -0.61477831  1.15270037  0.21234526  2.78881479  0.08261707  0.04730656
  0.5226123   0.39837945 -1.26877828 -0.72483905  0.65410735  0.09171345
 -0.80762023 -0.04508806  0.04943399]
[ 1.         -1.17116426 -0.23607132 -0.58477889  0.61399425  4.30081305
 -2.25840797 -1.58301368  1.50140881 -1.1583114  -0.6602514   0.43641943
  2.52321993 -2.55906413 -2.01036116 -0.70516097  0.40236197  1.49945763
  1.68464023  0.20767171 -0.75852576]
[ 1.          0.92123505  1.5241045  -0.049208    0.07581208  0.54932027
  0.09811174  0.62520579 -0.10427377 -0.55553257  0.57383037  0.41780691
 -0.55872016  0.66339021  0.22514532  0.25425868  1.57673705  0.51653579
 -0.11254334  0.0061803   0.21652413]
[ 1.          0.87888117 -0.34446709  0.19620792  0.58388673  0.37488859
  0.85011884  0.48391559  0.59762388 -0.66725332  1.382033    1.99604845
  0.3217551   4.07377057 -3.60439715 -4.29556704 -2.56447522 -2.00893176
 -0.4534487  -1.20741777 -1.07334696]
[ 1.         -0.72148123  0.6617235  -0.29719481  0.15938888 -3.18770944
 -0.16916671 -1.85120677 -1.7909449   1.46803174 -0.88372699  1.47124736
  0.23690997 -0.52486326 -1.02457962  0.27170434 -0.64964613  0.26210514
  0.62981155 -1.13492166  0.68174266]
[ 1.         -1.14642811 -0.11590174 -1.19148872 -0.24770272  1.57802435
 -2.76511086 -2.08052565  0.13235324  0.5160012   2.23302837 -1.17749573
  0.28038506  0.21142729 -0.36048024 -1.8392643   0.79924127 -0.23031341
  0.31389447  0.29606019  1.12003006]
[ 1.          0.95122557 -1.34423097 -0.06668066 -0.24226511 -0.10480925
 -0.3330888   0.21964695 -1.04997198  0.3161355   0.69500309 -0.64383661
  1.27409387 -0.46254613  0.45555985  1.65540614  0.41027427  0.36595728
 -0.07803436 -1.12686077 -0.20825593]
[ 1.         -1.11543601 -0.07242563  1.96664594  0.36290514  1.37743794
  2.42151674 -0.50975416 -2.17148472  1.03891929  0.50328755 -0.33345508
 -0.82890505  0.25058173  1.66555607 -2.75663051 -1.12300376  1.83588057
 -1.90717015 -0.75570351 -1.66132427]
[ 1.          0.90418894 -0.1054943   0.11001447  0.03570481 -0.2290489
  0.03570867  0.68474332  0.34895561 -0.06004892 -0.7423362   1.36282674
 -1.51845819 -2.60030122  0.90012506 -2.50023081  1.37692467 -1.56839529
  0.6399645   0.81680188  0.56353666]
[ 1.          0.77289134  1.70125497 -0.1745544  -0.23111545 -1.50803252
  0.50152253 -1.20234216 -1.48972063 -1.78259595 -0.60340059  0.49507435
  1.28179197  0.52702627  0.84185504  0.2495862  -1.55984065 -0.51164581
  0.77576504  1.84522222 -1.10027216]
[ 1.         -1.12865638 -0.12574816  1.33697401 -0.61957902  0.33588055
  1.2401539   0.87075005  0.92548369 -1.42141827  0.98881317 -1.65597971
  0.50587732 -1.8674953  -2.26968926 -0.4846481   0.82639221 -0.85090257
  0.04649629  0.75273868  0.02068669]
[ 1.         -1.07700643  0.04401026  1.33863868  0.36020438  1.03736907
 -0.65334323 -0.78078522 -0.08727094  0.3301536  -0.94978601  1.60400821
 -0.16576142  1.17066262  0.23733135  1.57184019  0.35003275 -1.95190919
 -1.01699395  0.9113596  -0.20353278]
[  1.00000000e+00   9.08631940e-01   1.14306985e+00  -8.01863438e-04
   1.99708483e-01   3.21993854e-01  -1.27289640e-01   3.58998889e-01
   5.02145101e-01   9.67074213e-01   1.46364005e-01  -7.27681628e-02
   4.48041859e-02  -4.44093157e-02  -8.92051473e-02  -4.60914196e-01
  -2.00656772e-01  -3.31812285e-01  -7.03752747e-01  -1.78256058e+00
  -5.66110153e-01]
[ 1.          0.92428735 -1.99708114  0.2909222   0.39102647 -0.47882377
  0.9230209  -1.00115831  2.86737976  2.55218702 -0.52281439 -0.40432419
 -0.38296626 -0.11836129 -0.56448878  0.05964413  1.14394508  0.69756878
 -0.89846355  1.34820651  0.1278037 ]
[ 1.         -1.14630916 -0.12884171 -3.58740612  0.31596818 -0.09374382
  0.35550964  0.65219523  0.20516519  0.06139775 -0.19280769 -0.12178426
 -0.35263603  0.23497807  0.47056058 -0.23279504  0.41898777 -0.31585838
 -0.12873338  0.34197499 -1.28717761]
[ 1.          0.95289972 -1.8182184   0.06837186  0.31467017 -0.36650143
  0.69145743 -0.20398446  1.51544917  1.34649241  1.07074217  1.06511192
  1.1070726   0.81065831 -1.30816075 -0.97160711 -2.26810789 -1.82767009
  0.9967915   0.10172528 -1.36259297]
[ 1.          0.88733168  1.45679335  0.04338921  0.21024878  0.60995573
 -1.69462219  1.79942565 -1.71065365  0.70535446 -1.44701305 -0.13098161
 -3.09996085 -1.13382963 -2.32178081 -0.80088336 -1.03158952 -0.67001473
  1.07320338  0.33039982 -0.93933392]
[ 1.         -1.13082442 -0.10401589 -4.10617406 -0.64879735 -0.21482824
 -0.72960114  0.47207609  1.00915984 -0.66958019  1.03426291 -1.08335264
 -0.18577131 -0.6238353  -0.64300964 -0.78814975  0.1807697   0.06717248
 -0.53461245  0.55013854 -1.36971451]
[ 1.         -0.42390156  0.64996486  0.44891731 -0.69543144 -3.38349657
  1.52775484 -1.94869776 -0.16965541 -1.52833695 -0.26439775  1.91446211
  1.02506474 -1.65945573 -2.26917488  0.01023691  1.75963225  0.50524558
 -0.52392349  0.49745051 -2.92974146]
[ 1.         -1.13673659 -0.03732541 -0.60180791 -0.45576914 -1.01511389
  0.21851118  1.9327694   0.67886931 -0.27605828  0.483167   -0.80645906
 -1.04173518  1.21203837  0.94155768  1.30072547 -0.50660649 -1.74461225
 -0.40001065  0.61075595  0.82117259]
[ 1.          0.90056843  1.16446798  0.02351764  0.07635293 -0.40945309
  0.61573329 -0.39490466  0.47446902 -0.43147542  0.02839718  0.42168936
  0.84444937  0.68553792  0.14156005 -0.48580944  0.3322513   0.3153224
  0.17199985  0.1182534  -0.2379187 ]
[  1.00000000e+00   9.46289790e-01   9.74796275e-01  -3.20884638e-04
   2.97666246e-02   6.30275337e-02   9.49443826e-02  -3.74049523e-01
   6.90530129e-01   3.28645050e-01  -4.08863755e-01  -1.48327526e+00
   1.69968713e+00   7.56462941e-02   4.79054719e-01   5.26514782e-01
  -1.16875091e-01  -6.56891336e-01  -1.12284072e+00   2.78362273e-01
  -1.97570204e-01]
[ 1.         -1.08786097  0.04672068  1.87686938  1.1497516  -0.83903768
  0.11517056  0.55028802 -0.38304897 -0.01635759 -0.243976    0.56088401
 -0.22754481  0.30843423  0.78583216 -0.26977247 -1.21264019  1.62202764
 -1.29051904 -0.74748438 -0.04442448]
[ 1.          0.9396915  -0.69772122 -0.02826583  0.25391439  0.32266203
  0.29686883  1.0193478  -0.41425927 -0.15539247  2.40188209  1.30518816
  2.40395637  2.5432034  -0.08365874 -0.33940247 -0.79132612 -1.23488928
  2.00955125 -0.907353    0.32062707]
[ 1.          0.93056848 -1.24803032 -0.0172369   0.10878914 -0.41688851
  0.56242457 -0.58340893  0.90603058 -0.38306554 -0.10263468  0.5936964
  0.1004661   0.77243793 -1.43228548 -1.26995355 -1.25294674 -1.08090297
  0.86428399 -1.01291438 -1.83373759]
[ 1.         -1.11805926 -0.16826808 -0.71396651  2.98205853  1.89559799
 -1.8290014  -0.6338955   0.84590102 -0.76975655 -0.61465732  0.62731573
  0.85355549 -0.56126583  0.15738975 -0.23847756 -0.14809462  1.022258
 -0.26755948  0.04064505 -1.04938309]
[ 1.          0.9381314   0.96536703 -0.09381634 -0.10607482  0.21964885
  0.03135752 -0.41810416 -0.21778626 -0.84347943 -0.31167775 -0.91076124
  1.54026008  0.70595809  0.76006187 -0.2637449  -1.16019443 -0.42239137
 -0.5112924  -0.28906669  0.34650238]
[ 1.          0.96005534  1.51327678 -0.06328647 -0.23568305  0.50743416
  0.54145516 -1.10853437  3.05201269  1.18792526 -0.78760364 -1.13521094
 -3.16832836 -2.82618886  1.8806704   0.95025313 -0.07027803  0.70438608
  0.31442749 -1.27503743  0.00779098]
[ 1.          0.90281102  1.36735921 -0.04987227  0.17448672 -0.16966182
 -0.55501361  0.61441225 -1.10588926  0.92400304 -0.7845779  -0.47087895
 -0.13202092 -1.43553907 -0.67318494 -0.48972951 -1.14830451  0.15929775
  0.12723731  2.37067609  0.76392334]
[ 1.          0.94253191 -1.29982235 -0.06209456 -0.20948073 -0.16296435
 -1.01507269  1.04028273 -2.59433729 -0.8616869  -0.25236535 -0.14204442
  2.04795467 -0.93876702  1.05565121 -0.36054164 -1.16220902 -1.08228541
  0.62753842  1.19395542 -0.26961167]
[ 1.         -1.1433148  -0.08873188  0.60413243  1.97180896 -0.15393621
 -1.30107055  1.1877368   1.35776882 -1.73497687  0.43767783  0.02461917
  0.21270869 -1.05771685 -0.43880612 -0.22354157 -1.67778511  1.19486717
 -2.56550699  0.27868611  0.37861254]
[ 1.         -0.04288444 -0.46432335  1.58836779 -0.04061705 -1.45204832
 -2.41527568  3.55905128  0.46268608  5.19357292 -5.83681961 -0.85529446
  0.20858401  0.19843977  2.86990262 -3.54575317  5.00623263 -0.48337002
  0.27427632 -0.3185363  -0.32559035]
[ 1.          0.94903466 -2.18829888 -0.01048317 -0.12953775  0.21024896
 -0.36550468  0.70348688 -1.33504495  0.09207258  0.50715591  0.40923756
 -0.93975075 -1.51100819 -0.25427105  0.39013358 -0.64442035 -0.3414145
  0.50178335  0.64374194 -0.83885417]
[ 1.          0.93710884 -1.79556188  0.03946995 -0.22127596 -0.40097009
 -0.49495859  0.15907188 -1.37987567 -0.08283159 -0.50126346 -1.98591911
  2.60481204  0.94687496  0.67658011  2.00643087  1.04377462  0.58955155
 -1.13285404 -1.62663588 -0.53259799]
[ 1.          0.91934171  1.07860964  0.01710871 -0.16226337  0.13322894
  0.07865847 -0.56747673  0.40039096 -0.9857523  -0.87015932 -0.44250912
 -0.11579209  1.1285634   0.19563048 -0.8075645   0.1602475  -0.19975507
 -0.0941901  -0.46857545  0.39889599]
[ 1.         -1.09674861 -0.09819692  0.04092206 -0.23923287  0.3492903
  0.28239396  1.46294212  0.67862481 -0.32339743 -1.91602902  1.59118677
  0.05437636  0.77324884  0.83491855  1.26938225 -0.15632698 -0.29340652
  0.3813676  -0.02103954 -0.11914665]
[ 1.         -1.12912327  0.00836954  1.09250513 -0.44796618 -0.768809
  0.44490697  1.35201621  0.43294787 -0.33974282 -1.13179423  0.88989321
  1.22184632 -0.90720114 -0.63590681 -0.10129183 -0.41591916  2.09609597
  0.94233592 -1.5267419   1.75132764]
[ 1.          0.90935578 -0.57756393 -0.06384519 -0.24561359 -0.2675294
 -0.36320041 -0.23083439 -1.60789979 -0.64779777 -0.95544169 -0.46686564
 -0.20424691 -1.28111448  0.71602011  0.28945449 -1.15688822  0.09807748
  0.91583939  2.46081556  0.66583088]
[ 1.          0.96563848 -1.40376652 -0.0235437   0.27406347  0.50253817
  0.04647959  1.0715154  -0.32770814 -0.87721077  1.52659516  2.0993666
  0.2042464   0.99149983  0.04294377 -2.25514605  0.76294961 -1.37712541
 -0.07245842 -2.07500457  0.50017633]
[ 1.         -1.13642536 -0.09861258 -1.30917269  0.03681738 -0.38334141
 -0.80250506 -0.45567129 -0.18890144  0.46598329  0.74321265 -0.46723979
 -0.49431473  1.0287516   0.99037771  0.48747795  0.15619413 -0.72195988
  0.93656556  0.37369029  0.5544698 ]
[ 1.          0.9185294   0.861231    0.0885827  -0.12411089  0.13271611
  0.59702145 -1.31682581  2.89445317  1.75973955  0.11003569 -0.61027932
 -2.32465775 -1.06325229 -0.1849784   1.5451133  -0.15372988  1.85672431
 -0.05902826 -1.57738758 -0.53806856]
[ 1.          0.95188379 -1.53291258 -0.04810734  0.19547731  0.21142588
 -0.11885738 -0.30019803  0.25826665 -1.51677884 -0.58824295 -0.2826494
 -0.6739953   1.1335731   0.0376524  -0.99509991  1.19040813 -0.4108026
 -0.71186764 -2.02158507  0.76267599]
[  1.00000000e+00  -1.01008682e+00   1.34113612e-01   3.65640433e-01
   1.23332505e+00  -1.77992638e+00   1.27669324e+00   1.60334295e-01
  -1.25385580e+00   4.92711220e-01  -2.08035085e-01   1.23556733e+00
  -7.47763884e-01   1.53172944e+00   9.25863755e-01   7.21804519e-02
  -3.48311049e-01   1.67478622e-03  -3.40719373e-01   3.14845036e-01
  -5.70158003e-01]
[ 1.          0.94897154  0.23140698 -0.08138555 -0.43289311  0.12925047
  0.74336307 -1.57188974  1.20969794 -2.21698828 -0.13194069 -0.43174251
 -3.43332588 -0.42241799  0.27645126  2.51386717  0.22293185  2.50402388
  1.90662136 -0.77267769  0.25836712]
[ 1.         -1.13603831 -0.01756766 -0.42746013 -1.5634167  -0.2683106
  0.57117233  0.32351198 -0.21918406  0.17240605 -0.29988139  0.61467862
 -0.03178941  0.17016205  0.02766535 -0.07683463 -0.49109868  0.48346525
 -0.91925596 -0.45767553  0.06444521]
[  1.00000000e+00   7.10952498e-01   9.40829543e-01  -1.18067124e-01
   1.25175616e-01  -1.90269528e-01   1.04631994e+00  -8.34370820e-01
  -1.76437675e-01   8.03617762e-04   8.02514005e-01   9.83392838e-01
  -3.03806290e-01   9.57919268e-01   6.00563703e-01   1.23167620e+00
  -1.11553985e-01   9.42639649e-01   1.02956605e+00   1.37703187e+00
  -4.39642213e-02]
[ 1.          0.9437033  -1.69784607  0.0105886  -0.09480705  0.29110832
 -0.35487572  1.0015246  -0.5904509   1.44514195  1.86234969  0.9724769
  0.34662875 -1.73208878 -0.1336708   1.07479575 -0.78539697 -0.72498533
  0.02815661 -0.50876242 -1.53564584]
[ 1.          0.95801362 -1.44188532 -0.03101652  0.03691694  0.06355925
 -0.14516579  0.15021122  0.12820005 -0.06133238 -0.38731872 -0.3569885
 -0.12752302  0.29085161  0.24496355 -0.44322393  0.17356143 -0.0109296
  0.32746444 -0.00489534  0.81815009]
[ 1.          0.92583536 -1.29636346 -0.1884282  -0.01220544 -0.31209056
  0.42160894 -1.33257439  0.73914052 -1.32924205 -0.80952316 -0.96709006
 -0.32620722  0.26929024  0.36243077  0.30079581 -0.25890614 -0.13398335
  0.27771267 -1.20786248  0.44180319]
[ 1.         -1.16079015 -0.15835559 -0.89102015  0.86768092  1.95279167
  0.85621524  0.1007187   0.224464   -0.72367045 -0.302229    0.03867574
  0.43317014 -0.62651103 -0.4069677   0.97377378 -0.77953183 -0.14845364
  0.43973475  0.14020973  2.21752603]
[ 1.         -0.96569081  0.1218978   2.78519487  2.92619099 -2.77082208
 -2.24608906  0.28360237  1.25702767  0.46998791 -1.07553426  0.20154559
 -0.50152202  0.84307768 -0.95909397  2.82912875  1.32968765 -3.68825581
  0.95585205  0.28960247 -1.01533737]
[ 1.         -1.05534611  0.13099727 -0.56298954  1.63520354 -1.65901759
  0.44996735 -0.48656885 -0.5080479  -0.1433307   1.12782646 -0.92495009
 -0.44386639 -0.67834403 -0.95332602  0.14563037  0.14901977 -0.90443252
 -0.5921254   0.01900333  1.00730134]
[ 1.         -1.1359884  -0.07942665  1.69880077  0.64996954  0.71362715
  0.7483554   0.43745727  0.05138847 -0.50431884  1.65331338 -2.04576103
 -0.36639119  0.84292193  0.9832688   0.83515077 -0.18872537 -0.64580488
  1.67797122  0.6876857  -0.00242567]
[ 1.          0.94254174 -1.62871359  0.03748047  0.11211145  0.28967488
 -0.11204532  0.7190504  -0.32836889  0.60591267  0.6843946   0.42997452
 -0.88926996  1.41239395 -0.98791268  1.63063648  0.89723631  3.22853272
  0.03343045  1.72272858  0.61106827]
[ 1.          0.91909805  1.81503948 -0.02524482  0.06817286  0.08420806
  0.24471975  0.22980249  0.5372865   0.09065748  0.27199518  0.47474701
  0.58765127 -1.15743803  1.18055622 -0.76902493  0.13093191 -0.38330518
  0.73802158  1.27094144  0.72729296]
[ 1.         -1.08741151  0.0538561   0.7924934  -2.91910327 -2.01875463
 -2.42684343 -2.39692626 -0.94350471  1.42980393  2.88645335 -2.4713621
  0.23876212  1.00414497  0.10817552 -1.81302712  2.19960759  1.25006048
  6.41860645 -0.96557944 -0.5903727 ]
[ 1.         -1.12254068 -0.03705542 -1.01985729  1.65458817  0.78026688
  0.88263876 -0.00485292 -0.07475522  0.00783908 -0.90085159 -0.01719615
  0.53941649 -0.33082786 -0.60772355  0.46861184  1.2110065  -0.3848318
  0.77243394  0.00201786 -1.26343477]
[ 1.          0.97182993 -1.70452234 -0.06849041  0.01637639  0.70562958
 -0.0723148   2.15885644 -1.06217953  2.02932451  5.17377327  3.91494228
  0.80851749 -3.96972082  1.87028454  1.96448371  1.13505598 -0.87141851
 -0.10851691 -1.68640309 -0.19789194]
[ 1.          0.90983102 -0.04805551 -0.02874204 -0.07347678  0.03092025
 -0.2619575  -0.11691182 -0.68578816 -1.24993162 -0.1983315  -0.3690182
  0.48972503  1.13389138 -0.77287977 -0.1675144  -0.13287452 -0.46528391
 -0.12494384 -0.5793517  -0.33097517]
[  1.          -1.15933982  -0.22013052   3.33665599   2.26661432
   1.68288147 -10.54892967  -3.91240908   2.63090411  -0.37421261
   1.6160557    0.21357724   1.3801876    1.22042925   3.85423549
  -2.04000572   1.63282261   3.3571288    6.05497186   0.88420479
  -4.7862278 ]
[ 1.          0.95693853 -1.90660102 -0.04460018 -0.06149134 -0.13289692
  0.62614757 -0.8328427   0.64397789 -1.43705809 -0.29638135  0.09339907
 -1.22243219  1.94505787 -1.2991961  -0.64879138  0.87113638  1.19986124
  0.34785912  0.79233289  1.06363483]
[ 1.          0.8010329  -1.35325437 -0.20248082  0.0891017  -0.00671166
 -0.60828427 -0.11863271  0.42438763 -2.03688574 -2.71644954  1.10661793
 -2.50348142 -0.86493968  1.5214892  -4.19437051  1.97769335 -2.87692561
 -0.91427144 -1.10033311  0.52272321]
[ 1.          0.91159299  0.59355555 -0.0275134  -0.16723297 -0.1673276
 -0.50720858 -0.89138116  0.16658194  1.47955712 -1.66105484 -2.32487657
  0.72584657 -1.06862701 -0.02458449  0.77329747 -2.70011304 -0.97424678
 -0.88731551 -2.7712212  -1.11248108]
[ 1.         -1.121071   -0.07402716  0.25943694 -0.32590537 -0.24295205
  0.24352361  1.19527961  0.69133212 -0.5608843  -0.50494812  0.35305834
  0.41200236 -0.2615841  -0.44748359  0.45394147  0.0842901   0.21843662
  0.48259169 -0.49327156  1.22672042]
[ 1.          0.89443639  1.34754397 -0.06490628 -0.03346198 -1.26043061
  2.08713398 -2.78138764  2.90957349  0.19753213 -1.25332028  0.6992391
  0.44862294 -1.09313838  1.87684053 -1.50871066  1.12064457  0.70325527
 -1.11306775  3.67578686  1.54873202]
[ 1.          0.83224263  1.51249988 -0.15243278 -0.52905022 -0.40439148
  1.46297151 -1.52167793  1.3708605  -1.8038421   1.4582393   0.36961621
  0.52766412 -0.6144642   1.07252624  1.78356418  0.9856199   1.22574002
  0.36764232 -0.3025723  -1.43835335]
[ 1.         -1.1571101  -0.1016616  -0.01164584 -1.13782897  0.66282417
  0.0426488   0.87907259  0.58381012 -0.22203772 -0.34613556  0.00626367
  0.03742382  0.17836881  0.06960679  0.90378547 -0.96090068 -0.44851407
 -0.32476956  0.07299731  0.41840671]
