Cluster centers 

[ 0.81009126 -0.45542474  0.55628377  0.47238706]
[-1.30484077  0.20223449  0.1157694   1.14319875]
[ 0.84356455 -0.3238673  -0.86404929 -0.7582489 ]
[-1.23870609  1.61649917  0.76080206 -0.80197237]
[-1.174018   -1.52704984  0.49928258 -0.5979983 ]
[ 0.86581483  0.11897436 -0.62509572  0.83605491]
[ 0.74460527  2.16976808  1.70290582 -1.53598218]
[ 0.84886236 -0.42835329 -0.67399147 -2.27582835]
[-1.37567628 -1.27995356 -0.54718012 -1.42031593]
[-0.17190179 -1.48053699  1.91240938 -0.00766764]
[-1.3972184  -0.89662682 -1.24300025  0.19936993]
[-1.31986763  2.11013043  0.28102631 -1.32243502]
[-1.12571628 -1.07918348  0.72168381  0.87636703]
[-1.35136687  1.24158421 -0.77425641  0.67836005]
[ 0.84617445 -0.65623794  0.00759365 -1.08647138]
[ 0.33702573  0.17475687  2.07355042  0.55613836]
[ 0.8865976   0.84233142  0.22196706  0.88116605]
[-1.22380406  1.04172683 -2.02896018  1.37620917]
[-0.15749945  0.76893403  2.47989861 -0.33699572]
[ 0.50338438 -0.90548148  1.53193141  0.38609882]
[ 0.83817364 -0.04723451 -0.96222315  0.38270689]
[-1.04042333 -1.59687149  0.76746258 -2.75011665]
[ 0.87037265 -0.19606334 -0.05014297  0.59714008]
[ 0.78314499  0.53015491 -1.32072562  1.11295347]
[-1.34111124  2.39231264 -0.54127178 -1.17864662]
[-1.28943592 -1.22359737  0.02926741  0.37696568]
[-1.23959311  0.74309885  0.57181486  0.50954897]
[ 0.85325282 -0.48353865  0.10071822  0.05644147]
[ 0.8879337   2.05794039  0.76585664 -0.62323278]
[-1.36321279  0.72172011 -0.61379305  1.08536996]
[ 0.74012455 -0.14153944 -1.58739045 -1.34023677]
[ 0.83734683 -0.22021973 -0.95031129 -0.23433423]
[ 0.66435092  1.13855765  1.68567696 -0.06198432]
[-1.35501714 -0.16910942 -0.37526066  1.37741524]
[ 0.69874397 -0.67061903  1.06253255  0.43152495]
[-1.37357247 -1.14739603 -0.56750078  0.0289976 ]
[-0.94124471  0.89205501  1.63134996 -0.21717092]
[ 0.21953061 -1.43886736  1.76871434 -0.62687809]
[ 0.76412824  0.03176163 -1.48139157  0.21927945]
[ 0.22544246  2.22048267 -2.41159888  0.90999226]
[ 0.87835419  0.70514847 -0.44587288  1.07231214]
[ 0.84379639 -0.67865825  0.00468889 -1.45280852]
[ 0.77424075 -0.12694327 -1.42298219 -0.50906339]
[-1.35000335  1.83058124 -0.6715905  -0.1561655 ]
[-1.0417257   1.8168561   1.57050395 -1.69917509]
[ 0.61603102  2.42987009  2.20398111 -2.51290046]
[-0.82089713 -1.67387554  1.32601225 -0.63595372]
[-1.30350249 -1.36395205 -0.05764626 -0.40988709]
[ 0.84384311 -0.62104529 -0.05930978 -2.97908489]
[-0.91420886 -1.05709037  1.26664415  0.91398177]
[-1.38243454 -0.53398341 -1.26698923  1.1171507 ]
[ 0.80604531  0.57633735  0.95535002  0.76564551]
[ 0.32027674  1.57427875  2.36041562 -1.23649813]
[-1.29794539 -0.9287141   0.00147464  0.97532245]
[ -1.33299485e+00   1.26901599e+00  -1.31677201e-03   1.93296269e-01]
[-1.3450725   2.87321031 -0.08979042 -2.55373212]
[ 0.80962891 -0.27698406 -1.14139372 -2.04891614]
[ 0.86308625 -0.48447928 -0.37582833 -0.75693672]
[-1.34575525 -1.34855446 -0.27467731 -2.23373749]
[ 0.87451375  0.10079945  0.08695656  0.92188382]
[-1.37964543 -0.02045471 -0.96734791  1.47583758]
[ 0.59185921 -1.2074058   1.21970922 -1.54737703]
[-1.35405816 -1.30195385 -0.40711586 -0.81634345]
[ 0.88203467  1.67475434 -0.2435763   0.45105359]
[ 0.54771152  1.43936984  2.02677994 -0.69938588]
[ 0.63811642  0.75679195 -1.92169473  1.2569796 ]
[-1.24195032 -1.51111115  0.22294975 -1.60588484]
[ 0.7971016  -0.22126301 -1.26777703 -1.02426374]
[ 0.74060906 -0.78330392  0.82818039 -0.01778503]
[ 0.86620675 -0.26159996 -0.52958822  0.12025108]
[-1.40300655 -0.96392602 -1.38903842 -0.76459955]
[-1.37074062 -0.89491343 -0.57161538  0.82012506]
[ 0.46489651 -1.17673151  1.50769359 -0.26081408]
[-1.26978419 -0.4970066   0.22085978  1.2775684 ]
[-1.17009908  1.79553691  1.1402083  -1.37095106]
[ 0.63658706 -0.35614147  1.35159644  0.79285693]
[-1.31788432  1.4922345   0.19818833 -0.23830537]
[-1.24547323  2.42270531  0.89075687 -2.42685751]
[ 0.85261405 -0.58894108 -0.24840977 -2.12869242]
[ 0.88281163  0.3277393  -0.23168068  1.01165543]
[-0.79061067  1.29270135  2.0279264  -1.02128414]
[ 0.84133903  0.80057026 -0.87925431  1.16725945]
[ 0.86301509  1.35933412  0.77754379  0.24757036]
[ 0.74632881  3.34928579 -0.9752337  -1.48686107]
[ 0.86896074 -0.10646016 -0.52901526  0.52456947]
[ 0.15068734 -1.15806904  1.89432552  0.38325982]
[ 0.63013345  0.01799883 -1.95606522 -2.95523166]
[-1.18921479  0.23962119  0.72444629  0.89909764]
[-0.93639906 -0.1839757   1.41044772  0.90594628]
[-0.69752068 -1.50814846  1.53795122  0.21190927]
[ 0.84572421 -0.3919791  -0.78211022 -1.38407457]
[ 0.81686265 -0.08028281  0.65870028  0.8617111 ]
[ 0.64288368  0.66446602  1.63618493  0.42388785]
[ 0.79378113 -0.77971736  0.52999213 -0.5000344 ]
[ 0.64809709  0.15654699 -1.98777265  0.25331109]
[-1.23968957 -1.24173113  0.27508367  0.47682871]
[-1.1646367   0.95081702  0.97262     0.04969429]
[ 0.86573618 -0.43308925 -0.26623805 -0.2164114 ]
[ 0.62947244  0.0223582  -2.04932299 -0.67195235]
[ 0.0111359  -0.63119528  2.06267509  0.76881303]

Populations

0.0180062517442
0.00812811325622
0.0173234215452
0.00498969739538
0.00734609501378
0.0117346538876
0.0054091032562
0.00637992493562
0.00885783570004
0.00518766765516
0.0088358257801
0.015574720192
0.00884720712337
0.00880811428621
0.0140018216774
0.0045388940336
0.0190799064642
0.00209497978048
0.00250958923384
0.00964349731633
0.0225571020973
0.00830073678717
0.0263739544174
0.0109152971789
0.00764017493454
0.0071265202748
0.010038150974
0.022766113667
0.00820175455123
0.0115261622266
0.00636145357906
0.0272574973949
0.010745173704
0.0130313354376
0.0138480769928
0.0101850494233
0.00304400029793
0.0061234084724
0.0128324723169
0.00184306256642
0.0136828184705
0.00635428324231
0.0153457330286
0.0107954369245
0.00146061016951
0.00272439019732
0.00609991027547
0.00957775184906
0.00188637517101
0.00381948678794
0.0116135518394
0.0209052997179
0.00535404470573
0.00960269821148
0.0107080832294
0.00443797205799
0.0108476413945
0.0127350746135
0.00738404959435
0.0235562455443
0.0138186123459
0.00361391806286
0.0117636321497
0.0136549765381
0.00814520067453
0.00456776116995
0.00733628981132
0.0137468318999
0.0107345550737
0.0208716256891
0.00298926600988
0.0141212402333
0.010740159899
0.00723484878002
0.0027740318445
0.017390098475
0.00645677796689
0.003644119343
0.00545651769188
0.0163741665455
0.00299701989175
0.0103709292982
0.00819779632975
0.00189318303409
0.0181036451337
0.00962305785739
0.00546244358467
0.00952716914523
0.00373325123829
0.00471953751486
0.0144686648269
0.0198598552454
0.00909956223657
0.0100909382636
0.00572019833884
0.00366431188233
0.00867910687038
0.0263946411752
0.00913443491034
0.00591934842239

State labels

0
1
2
3
4
5
6
7
8
9
10
11
12
13
14
15
16
17
18
19
20
21
22
23
24
25
26
27
28
29
30
31
32
33
34
35
36
37
38
39
40
41
42
43
44
45
46
47
48
49
50
51
52
53
54
55
56
57
58
59
60
61
62
63
64
65
66
67
68
69
70
71
72
73
74
75
76
77
78
79
80
81
82
83
84
85
86
87
88
89
90
91
92
93
94
95
96
97
98
99

Eigen values

1.0
0.945086034265
0.423668683001
0.388976807947
0.376030514424
0.367892564079
0.356137268228
0.339228987992
0.325840768965
0.312547634134
0.303564358709
0.298274741106
0.277506888594
0.272638980627
0.263731434572
0.241220149493
0.238678494804
0.234842307078
0.229991400426
0.22278215975
0.205950260865

Left eigenvectors

[ 0.01800625 -0.0126126  -0.00217761  0.01334072  0.01532617 -0.00387863
  0.01165957  0.00650159 -0.00459496 -0.00090034  0.00032217  0.00497898
 -0.00556305 -0.01073178  0.00854823  0.00446331  0.00197913 -0.00726813
 -0.01995103 -0.01157745  0.00625178]
[ 0.00812811  0.01151823 -0.0069414   0.00404585 -0.01209549 -0.00806473
  0.00556594 -0.0056929  -0.00145074 -0.01143428  0.01779579 -0.01450984
 -0.01546165  0.00147016  0.02112408 -0.00562807  0.02051018 -0.01602462
  0.01992853 -0.00101281  0.00282469]
[ 0.01732342 -0.01257548  0.00198787  0.00998551  0.01108539  0.00076489
  0.00355632  0.00311167 -0.01454853  0.01968392  0.0108133  -0.00986446
  0.01699718 -0.0012354   0.01483745  0.00839751 -0.00200317 -0.00443439
  0.00206043  0.00880896 -0.01431347]
[ 0.0049897   0.00716432  0.00633477  0.00170862  0.00059301 -0.01015495
 -0.01141023  0.00894863 -0.00467522  0.00157391 -0.00697337 -0.00879903
  0.00855835  0.00020215 -0.00186856  0.00388132 -0.00269559  0.00627616
 -0.00094629 -0.00559355  0.01465863]
[  7.34609501e-03   1.12108904e-02  -7.38017731e-03  -9.97617932e-05
  -3.31879080e-03   1.89525090e-03   4.92241333e-03  -4.19506099e-03
  -4.59622685e-03  -1.39736170e-03  -2.99103578e-03  -1.86356210e-03
  -1.25769835e-03  -7.37295519e-03  -4.23494513e-03  -2.71671159e-03
   1.30450166e-03  -4.60362086e-03   1.43836508e-03   9.65414814e-04
  -4.93984117e-03]
[  1.17346539e-02  -8.27176277e-03   2.19223944e-03  -5.06839676e-03
  -2.63655789e-03   7.58565058e-03  -3.30716813e-03   1.28438923e-02
  -1.47288139e-04  -3.21306003e-03  -3.63455178e-03   1.42085807e-03
  -2.62674335e-02   1.63438230e-04  -6.33514070e-03  -4.08962187e-03
  -2.33424318e-03  -1.05061215e-03  -1.71749582e-03  -1.25758772e-03
  -4.66178088e-05]
[ 0.0054091  -0.00364756  0.00118355  0.00325563 -0.00136232  0.00555529
 -0.00088112 -0.00066542 -0.00205158  0.01164416  0.01185471 -0.0005455
  0.00508656 -0.00510839 -0.00621903 -0.01319224  0.01473987  0.01369142
  0.00532178  0.00758021  0.01155162]
[  6.37992494e-03  -4.62898493e-03  -6.75883661e-05   7.01264499e-03
   9.03282531e-03  -2.66359658e-03   1.45469253e-03  -1.65953815e-03
   1.38499579e-03  -1.78527794e-02   1.36331975e-02  -4.85288458e-03
   3.00750172e-03   3.41405295e-03  -2.41713144e-02   7.47581770e-03
   9.03736885e-03  -6.90077617e-03  -4.29536913e-03   2.49557560e-03
  -6.35422128e-03]
[ 0.00885784  0.01257516 -0.01151386  0.00116229 -0.00238195 -0.00374629
  0.00077808  0.00505921  0.00519658  0.00108825 -0.00508721 -0.00050882
 -0.00059406 -0.00799887 -0.00444747 -0.01064831 -0.00122464 -0.00751265
  0.0013902   0.01890344  0.00952198]
[ 0.00518767 -0.00168967 -0.00896042  0.00274369  0.00269711 -0.00778131
 -0.00604154 -0.01732058  0.0132307  -0.00272509 -0.00759037  0.01031825
 -0.00550469 -0.00704876 -0.00514714  0.00199178  0.00075698  0.00925393
  0.00466487  0.00683791  0.00830289]
[ 0.00883583  0.01362928  0.00871701 -0.00212908  0.00459655  0.00810473
  0.00207352 -0.00574781  0.00578152 -0.00496991 -0.00563663 -0.0062409
 -0.00193518 -0.01238197  0.00516036 -0.01205641 -0.00518135 -0.03696475
  0.00464621  0.01248085  0.02142078]
[ 0.01557472  0.02195863  0.00153085  0.01225216 -0.00683494 -0.00786278
 -0.0013617   0.00205929 -0.01963378  0.00025858 -0.00251292  0.02299709
  0.00431418  0.0206203  -0.01116997 -0.0048691  -0.01215612 -0.0115337
 -0.01663464  0.01853718  0.00421495]
[ 0.00884721  0.0137811   0.02071456 -0.00626447  0.00584392  0.01870021
  0.01016066 -0.02352757 -0.00820717 -0.00538725  0.00136851 -0.00929682
 -0.00329151 -0.00131167  0.0033359   0.00476427 -0.00874407  0.01191144
 -0.00701362 -0.0046046   0.00730499]
[ 0.00880811  0.01372744  0.00613501 -0.00079575  0.00724553  0.00278152
 -0.00559205  0.013602    0.01790372  0.0070891  -0.00177513  0.01022538
  0.00691632 -0.00209405 -0.00420256  0.00369934  0.00285204  0.00051007
 -0.00049609 -0.00908356 -0.02389416]
[ 0.01400182 -0.01066524  0.00226882 -0.0111746  -0.01277544  0.00874657
 -0.00301177  0.01412394 -0.00361976 -0.03659253 -0.00966358  0.01868362
  0.00741431 -0.0075425   0.01772563  0.00111142  0.00358726  0.00925419
 -0.01059591  0.00017413  0.00784365]
[  4.53889403e-03  -3.29253496e-03   1.33105689e-03  -1.01296374e-02
  -9.56208723e-03   6.53050477e-03  -1.31157387e-02   4.09718716e-03
  -2.17138765e-03  -2.87182104e-03  -3.55689248e-03   2.92664494e-05
  -1.45324003e-02   1.71576231e-03  -6.52061497e-03   5.82783089e-03
   1.90643235e-03  -5.20361554e-03  -7.68873580e-03   2.33172677e-05
  -2.15445705e-03]
[ 0.01907991 -0.01300999  0.00086632 -0.02115422 -0.00296078 -0.02471611
 -0.00759967 -0.02475884  0.00661861  0.01748171 -0.00390787 -0.00671458
  0.02187664  0.01688511  0.01138704 -0.00755772 -0.01189418 -0.0065001
 -0.00130958  0.00114333 -0.01015969]
[  2.09497978e-03   3.14171406e-03  -1.26454363e-03   4.75153231e-03
  -5.44323015e-03  -6.60580825e-03  -2.15578101e-03   3.27268391e-03
  -6.15514909e-03   8.75337759e-04  -4.49828341e-03   3.64773696e-04
   3.91572036e-03   7.42686995e-05  -7.12205680e-03   3.34441626e-05
  -5.04779876e-03   6.28826069e-03  -2.43101973e-03  -5.61088954e-03
   1.39840594e-03]
[ 0.00250959  0.00013768  0.00088203 -0.0065878   0.0084946  -0.00598477
 -0.00910965  0.00154431 -0.0107265   0.0008518  -0.00632164 -0.0102284
  0.00318534  0.00675167  0.00214041  0.00086749 -0.00345913  0.00191243
  0.00188959  0.00619245  0.00345754]
[ 0.0096435  -0.00383421 -0.00762098  0.00818387  0.002137   -0.01217599
 -0.00918872 -0.02243394  0.00768466 -0.00126717  0.02157899  0.00491646
  0.00315862 -0.00666248 -0.00327581  0.01391521  0.00095994 -0.00635475
 -0.00518664 -0.00296325  0.00498433]
[ 0.0225571  -0.01506609 -0.00040167 -0.00153354  0.01294663 -0.01126541
 -0.00988831 -0.00361389 -0.02217665  0.03209728  0.00754691  0.00080468
 -0.01328106 -0.01222785  0.02057746 -0.02394019 -0.00429558 -0.00516367
 -0.01755371 -0.00344525 -0.01568346]
[ 0.00830074  0.01094679  0.01602903 -0.00046078 -0.00880448 -0.00156216
  0.00652305 -0.01540088 -0.00355051 -0.0125252   0.01106657 -0.01548032
 -0.00841707  0.00015324  0.01422892 -0.00394799  0.01282624 -0.00033774
  0.00810589  0.00105196 -0.00392054]
[  2.63739544e-02  -1.88355490e-02  -4.45934347e-04  -6.07606851e-04
  -1.04881528e-02   1.81636251e-03   1.61889325e-02   1.43757870e-03
  -9.84909304e-04   1.14180961e-02  -9.31489022e-03   6.02322622e-05
   1.63924873e-02  -6.71875786e-04   2.09349010e-02   2.48527115e-02
  -9.82508873e-03  -9.98446046e-03   7.44330096e-03  -2.15605857e-03
  -1.44376244e-02]
[  1.09152972e-02  -7.98377843e-03   6.54007744e-04  -8.36886656e-05
  -2.47504937e-03   9.81538121e-04   6.72384765e-03   2.29063089e-03
   5.15102911e-03   2.18594206e-03  -2.25572707e-03   1.71762601e-03
  -7.91970229e-04  -7.57800486e-04   3.66373046e-03   1.30674746e-02
  -1.17912597e-02   3.99633020e-03   1.61912062e-02  -4.58808327e-04
   6.43351485e-03]
[  7.64017493e-03   1.14222737e-02  -2.63139608e-02  -6.07615857e-03
   2.78083395e-03  -1.90008923e-03  -1.56410806e-03   1.92651877e-02
   1.64847027e-02  -1.05617002e-03   1.50912736e-02  -1.22988915e-02
  -3.69552151e-03   1.15192291e-02   1.58426581e-02   1.92608919e-03
  -4.38274937e-03   7.70860515e-03  -8.22793618e-03  -5.46758370e-05
   7.09591978e-03]
[  7.12652027e-03   9.95960678e-03  -4.01487337e-03   7.65494621e-03
  -8.50758971e-03  -9.97137308e-03  -8.44568545e-04  -7.16097632e-05
  -6.54991597e-03   4.20620308e-04   9.13165141e-04  -6.72426415e-04
  -5.91665208e-04   4.15212911e-03  -7.29289802e-03   5.80661678e-03
  -1.32957098e-02   1.46014434e-02  -1.04656377e-02  -1.21739762e-03
   8.63369814e-03]
[ 0.01003815  0.01439281  0.01363832  0.01806907 -0.01167005 -0.01661513
 -0.00827748  0.01161913 -0.00450278  0.00591411 -0.00492014  0.01627001
  0.00971209  0.0045243  -0.01564151 -0.0030199  -0.01044364  0.00646669
 -0.00592731 -0.00484835 -0.00372878]
[ 0.02276611 -0.01697434 -0.00416265  0.01972746 -0.00329832  0.01252282
 -0.00622361 -0.00956714  0.00637181  0.01057173  0.00713266 -0.00095803
  0.0144772   0.00089065  0.01454641  0.01056036 -0.02130274 -0.01152265
  0.01217294 -0.01200167 -0.00999091]
[ 0.00820175 -0.00623277 -0.00143924  0.00841666 -0.00116105  0.00767983
  0.00267633 -0.00018709  0.0073203   0.00338548 -0.01366868 -0.00446627
 -0.00193596  0.00840832  0.00056103  0.00519564  0.0076035   0.0030134
  0.00030997  0.00084204  0.0141247 ]
[ 0.01152616  0.01684598 -0.01153995  0.00144336 -0.00461176 -0.00924295
 -0.00505281  0.00726374  0.00155594  0.00118265 -0.00137542 -0.0080385
  0.00675578 -0.00726303 -0.00407052  0.00373713 -0.00194254 -0.00767838
  0.00295265 -0.01655454  0.01465284]
[  6.36145358e-03  -4.79894174e-03   1.92327153e-05  -4.75747661e-03
  -5.47377026e-03   2.57252391e-04  -4.22041254e-03  -4.24703656e-03
   5.00769814e-03   3.37762004e-03  -5.27470949e-03   7.41079617e-04
  -4.70944081e-03   3.42929022e-03   3.00507553e-04  -5.83731157e-03
  -1.94300407e-03  -1.08608077e-03  -6.78292528e-03  -4.94274373e-03
  -7.23500464e-04]
[ 0.0272575  -0.01996102 -0.00191997 -0.01105275 -0.00631542 -0.00133288
 -0.02054125 -0.00961327  0.00564883 -0.01414189 -0.00074703  0.01398705
 -0.01209931 -0.00415537 -0.00875329  0.01410477 -0.0214975   0.00661238
  0.03794933  0.01063264 -0.01522372]
[ 0.01074517 -0.00699011 -0.00884514  0.01618206  0.00946209 -0.00090538
 -0.00061919 -0.01699755  0.01954568 -0.01570823 -0.03495323  0.00847351
 -0.0011019   0.00865524  0.01033873  0.00348422  0.01496612  0.01880706
  0.00534967  0.00612569  0.02095903]
[ 0.01303134  0.01903712 -0.01619064 -0.01976088  0.02319299  0.01862952
 -0.00448119  0.0098813   0.01604054  0.00643729 -0.00079525  0.01737775
  0.00822524  0.00292046 -0.00193452 -0.00314129  0.00486635 -0.02252115
  0.00038791  0.00485285 -0.0104532 ]
[ 0.01384808 -0.01003094  0.00624926 -0.0172297  -0.00520188 -0.0062038
  0.01060812  0.01023049 -0.00505651 -0.01180611  0.01393153  0.01864955
 -0.00459523 -0.02269938  0.00214797  0.01171969  0.00248075  0.00820965
 -0.00462599  0.00387323  0.00723785]
[  1.01850494e-02   1.38622683e-02   1.61603351e-02   5.42697030e-03
  -1.66825237e-02   3.90263496e-04   6.71805646e-03  -2.10862462e-02
  -8.91265262e-04  -1.14764491e-02  -2.10259658e-05  -3.14649765e-02
  -1.14651897e-02  -1.29763134e-02   9.13951513e-04   8.52639098e-03
  -1.27572303e-02   1.90391202e-02  -1.53216193e-02   6.81196945e-03
  -2.99255859e-02]
[ 0.003044    0.00219486 -0.00707745  0.00301177 -0.00082782 -0.00344269
 -0.00098342  0.00244982  0.00123026  0.00214629  0.00225514  0.00410666
  0.00113487 -0.00334709 -0.00046115  0.00037142 -0.00174032 -0.00747482
 -0.003517   -0.0019282   0.00588841]
[ 0.00612341 -0.00201426  0.00036315 -0.02434871  0.00461787 -0.00626111
 -0.03324395  0.00035372 -0.01769966 -0.00491431 -0.00425662 -0.00289368
 -0.00101682  0.00200044  0.00109922  0.00908532  0.00788498 -0.00204134
  0.00852515  0.00684169 -0.00039873]
[ 0.01283247 -0.0093451   0.00322973 -0.00529035  0.00626762 -0.00427435
 -0.00055398  0.00481599 -0.00837228 -0.01454917  0.01244207  0.00350542
  0.01582006 -0.00470254  0.00023659 -0.00837327  0.00572267  0.00349508
 -0.00461123  0.00875815 -0.00347668]
[ 0.00184306 -0.00142875  0.00157874 -0.00390696 -0.00492798  0.00091343
  0.00471741  0.00330237  0.00248382  0.00075675 -0.00111955 -0.00195772
  0.00014746  0.00354286 -0.00605451  0.00406682  0.00084139 -0.00196847
  0.00092945  0.00139996  0.00208812]
[ 0.01368282 -0.01020581 -0.0003297   0.01471027  0.00203362  0.01595494
 -0.01067963  0.00345305 -0.0091523  -0.00146446  0.00615207 -0.01154841
  0.01513247  0.0098205  -0.0026162  -0.01309162  0.0209916   0.00392797
 -0.0086586   0.01155489 -0.00018448]
[  6.35428324e-03  -4.81561528e-03   6.80886566e-05   1.12825312e-03
  -9.96510154e-03   1.54768319e-02  -9.06280060e-03   9.22020088e-03
  -4.56716330e-03  -6.36340680e-03  -4.45413216e-03   9.87451693e-04
  -1.00129847e-02  -6.84085270e-04  -3.51203986e-04   4.21948699e-03
   7.73077422e-03  -6.54016843e-03  -1.80955662e-02  -2.16752936e-03
  -3.03914640e-03]
[ 0.01534573 -0.01023345 -0.00155682 -0.00373    -0.0031174  -0.00147617
  0.00159769 -0.0065748   0.01425867  0.00321553 -0.00958276  0.00042321
 -0.01366721  0.0020989  -0.01883844 -0.02109711  0.00447477  0.01684234
  0.01439945  0.00206506  0.01560584]
[ 0.01079544  0.0162435  -0.01811786  0.00670065 -0.01477815 -0.00939368
  0.00636531  0.00336078 -0.01542791 -0.00486569  0.01028765  0.00270891
 -0.01029667  0.01868582  0.0048089  -0.00539036 -0.00082193 -0.00390529
  0.00493581  0.00408154  0.00025313]
[  1.46061017e-03   2.27109730e-03  -2.23051406e-03  -4.42838370e-03
   5.06564406e-03   4.98292401e-03  -4.95485627e-06  -3.54253558e-05
   3.19634139e-03   1.03845195e-03  -2.21109876e-03   3.84165150e-04
   3.62784418e-03  -4.10379574e-03  -2.21588512e-03  -2.29660172e-03
   3.86790712e-04  -9.65605756e-04   4.75321983e-04   5.06871751e-03
  -4.23977040e-03]
[  2.72439020e-03  -2.01326148e-03  -2.29888130e-04   4.94048204e-03
   1.32324806e-02  -5.41543380e-03   4.19442788e-03   2.00289163e-03
  -1.72145513e-03  -5.54750771e-03  -9.87178238e-04  -2.65602505e-03
  -9.10039376e-03  -1.17339648e-03  -4.63610588e-03  -9.04650020e-05
  -1.50542764e-03  -1.22624833e-03  -3.01594493e-04  -6.36573685e-03
  -6.25802575e-04]
[ 0.00609991  0.00641188 -0.01437083  0.00489491 -0.01280471 -0.00357514
  0.00821893 -0.00812876 -0.02006293 -0.00215407 -0.00556735  0.00103095
 -0.00493975 -0.00418738 -0.00076119 -0.00043412  0.00582847 -0.00487943
  0.00931786 -0.00222283 -0.00520804]
[ 0.00957775  0.01428922  0.01499595  0.00059078  0.00374087  0.00886298
  0.008038   -0.01014758 -0.01116914  0.00462341  0.00685103  0.02194874
 -0.0065739   0.01964386 -0.00073237  0.0039792   0.00454844  0.01126951
  0.00502476 -0.0136107  -0.00093924]
[ 0.00188638 -0.00140997  0.00288457 -0.00982305 -0.00521254 -0.00476704
  0.00815634  0.00345272  0.00199658 -0.00952028 -0.00071774  0.00374643
  0.00800425  0.00163398  0.00218865 -0.00964389  0.00037713  0.0024204
 -0.00209002 -0.00240221  0.0027871 ]
[ 0.00381949  0.0051054   0.0021136  -0.00563387  0.00111515 -0.002455
 -0.00898379  0.00215756 -0.00556904 -0.00011607 -0.00203423 -0.00570491
  0.00655245 -0.00500349 -0.00103061  0.00686749  0.0114186   0.00159167
  0.00957885 -0.01816785  0.00771175]
[  1.16135518e-02   1.72904573e-02   2.04804354e-02   4.33762868e-03
   7.40484792e-03   4.45700606e-03   2.30827393e-03   7.37056407e-05
   3.90281187e-03   4.24145768e-03   7.59582159e-03   3.20162714e-02
  -1.41776772e-02   3.27869688e-02   1.07470933e-02  -4.90657988e-04
   1.16473922e-02   1.13220561e-02   8.19301807e-03   8.78354268e-03
  -1.71344129e-02]
[ 0.0209053  -0.01484826  0.00142859 -0.00183023 -0.00429516  0.01134739
 -0.00494599  0.01231422  0.00554326 -0.01396457  0.00142159 -0.01398678
  0.00291397  0.01579661 -0.01771056 -0.0074165  -0.01695591  0.00624273
  0.03157344  0.00669541  0.00377892]
[ 0.00535404 -0.00306404 -0.00091938  0.00181078  0.00300522 -0.00765656
  0.00806358 -0.00136983 -0.00108741  0.01409157 -0.00697138  0.00079614
 -0.00037899 -0.00376844  0.00536998  0.00785977  0.00656652 -0.00225387
 -0.00967256  0.00956578  0.0074741 ]
[ 0.0096027   0.01443913 -0.00762735 -0.01403441  0.01190823  0.01559131
  0.00577338 -0.00908647 -0.00892113 -0.00072023 -0.00058065 -0.00620907
  0.00393509  0.00563544 -0.00294848 -0.00301749 -0.01633187  0.00518941
 -0.00567579  0.01538607  0.01264051]
[ 0.01070808  0.01557717 -0.01113725 -0.00210632 -0.00077332  0.0008417
  0.00055153  0.00944882  0.01862819 -0.00372528  0.00934391 -0.0196242
 -0.00522786 -0.00127047  0.00796431  0.00492267 -0.01233851  0.02421934
 -0.01414322  0.00502002 -0.00669827]
[ 0.00443797  0.00478769 -0.00739881  0.00737646 -0.00586497 -0.01055235
  0.00082475 -0.00158625 -0.00128557  0.0036922  -0.00682441  0.00759352
 -0.00233263 -0.00663884 -0.00551031 -0.00132899 -0.00046562 -0.00305772
 -0.00455694  0.01602778  0.00976404]
[ 0.01084764 -0.00728706 -0.00231233 -0.02547552 -0.0067702  -0.0217971
 -0.02630158 -0.03238322  0.01272534  0.00949148  0.0028253   0.01017774
 -0.01380823 -0.00064133 -0.00215327 -0.01212902 -0.00551312 -0.00642541
 -0.02057696 -0.01351917 -0.00604925]
[ 0.01273507 -0.00954977  0.00152181  0.00288018 -0.00781369  0.01900806
 -0.01049088  0.01166877 -0.00387534  0.00870047  0.00337662 -0.00039808
 -0.02429567 -0.00602114 -0.00273792 -0.02184708  0.00059117  0.00390165
 -0.01099915 -0.0098124   0.00690255]
[ 0.00738405  0.01051369 -0.00588175 -0.01206856  0.00960267  0.01841172
  0.00955351 -0.01356106 -0.01605113  0.00451035 -0.00114046  0.00826407
  0.00660514  0.00139402 -0.01039152  0.0077311   0.0012421   0.01243346
 -0.0033703  -0.0170297   0.0035497 ]
[ 0.02355625 -0.015859    0.00412732  0.00338093  0.05542819 -0.02885534
  0.01853094  0.01817016 -0.01886493 -0.00210059 -0.01384341 -0.0172549
 -0.03767664  0.00255725 -0.00403129 -0.00064689 -0.00135405 -0.00529776
 -0.00410741 -0.00690186 -0.01094918]
[ 0.01381861  0.02083932  0.00576128  0.00912679 -0.00737162 -0.01157512
 -0.00369068  0.00874905  0.00945099 -0.00111461 -0.00200903 -0.00090665
 -0.00595137 -0.00342402  0.00757487 -0.00246926  0.01008544  0.00043982
  0.00158836  0.01576306 -0.00891204]
[  3.61391806e-03  -2.34529346e-03   6.26633483e-04  -1.56194163e-06
   1.15126368e-02  -4.33646470e-03  -3.72087968e-03   3.40965244e-03
  -1.11226282e-02   1.30762053e-03  -5.95202414e-03  -1.20192499e-02
   2.74876210e-03   8.50831783e-03   4.71595468e-03  -3.46814900e-03
  -1.70271884e-03   1.17961131e-03   2.07872132e-03   6.70636940e-03
  -3.93564238e-03]
[  1.17636321e-02   1.73046098e-02   3.23647816e-02  -3.47356834e-03
   1.26270089e-02   7.16647647e-03  -6.74575465e-03   2.22456080e-05
   1.51116927e-02   2.23057948e-03  -6.31066198e-03  -6.10067344e-03
   5.23850857e-03  -1.55553849e-02   7.75870734e-03  -2.22480746e-04
   1.48291905e-02  -3.53365362e-03   8.22047645e-03  -3.40038355e-03
   5.21675366e-03]
[ 0.01365498 -0.00960153  0.00539449 -0.00734894 -0.02469471  0.01764745
 -0.00092878  0.00677068  0.00981762  0.00680127 -0.00273837 -0.01795049
 -0.01570274  0.01601257 -0.03389687  0.02103998  0.00634476 -0.01158799
 -0.005886    0.00820672 -0.00107607]
[ 0.0081452  -0.00505382 -0.00289789  0.01667879  0.00778264  0.00223207
 -0.00450419 -0.00632094 -0.00126941 -0.02295078  0.00669878  0.00383626
  0.02043585  0.00670429 -0.00230665  0.00608509  0.01816681 -0.01081947
 -0.03052164  0.00375187 -0.0033545 ]
[ 0.00456776 -0.00334461  0.00114035 -0.0065518  -0.00239287  0.00431
 -0.01032073  0.00699858 -0.00763499 -0.01705255 -0.00171556  0.00499519
 -0.0004344  -0.00285486  0.00412902  0.00456899  0.00877078  0.00272611
 -0.00582015  0.00433381  0.00156191]
[  7.33628981e-03   1.06086408e-02  -1.43513530e-02  -6.90001375e-03
   3.31007723e-03   1.99034686e-03   1.13340678e-04   2.02560738e-03
   5.56933579e-05   2.52698015e-03   9.61764937e-03   2.37871473e-03
   1.88193754e-03   1.16192401e-02   1.64979496e-03   1.18629048e-02
   4.64593208e-03  -6.19842634e-04   1.99128244e-03  -2.93007675e-02
   5.91791513e-03]
[  1.37468319e-02  -1.03386964e-02   1.93897139e-03  -6.81073447e-03
  -9.40662749e-03   5.97702015e-03  -3.71081025e-03   6.21703398e-03
   4.02046463e-05  -3.46767922e-03   3.32227027e-03   7.92859408e-03
  -8.07328740e-03  -6.03213239e-03  -8.81638144e-04   6.54861771e-04
  -2.23887100e-02   6.10450689e-03   2.51319675e-02   3.32843316e-03
  -3.82760312e-03]
[ 0.01073456 -0.00640431 -0.00911485  0.01086849 -0.00888224  0.00923237
  0.00514562 -0.00539196 -0.00422001 -0.00175426 -0.03811493  0.00172057
  0.002124    0.00282826  0.02013687 -0.00476358  0.01490178  0.00485447
 -0.0048877  -0.01114528 -0.01232783]
[ 0.02087163 -0.01536293 -0.00232441  0.01308659 -0.01250755  0.02213705
  0.0004134   0.01249448 -0.00365056  0.01282966  0.00388768  0.0043118
 -0.00044265 -0.0138701   0.0195291  -0.01219475 -0.02172134 -0.00997908
 -0.00289508 -0.0234128  -0.0073732 ]
[ 0.00298927  0.00469128 -0.00193872 -0.00857845  0.00798922  0.01309636
  0.00519553 -0.00810129 -0.00429888  0.0001479  -0.00023704 -0.00137259
  0.00305058  0.00010595 -0.00288349  0.0013378  -0.00829816  0.00315769
 -0.00578425  0.00022639  0.01005499]
[ 0.01412124  0.02215148  0.03632963  0.01254641 -0.00212373 -0.00272289
 -0.00596034  0.001032    0.00389926 -0.00054038 -0.00908249  0.0027033
  0.00204337 -0.00426169 -0.00369202 -0.00341824 -0.01559332 -0.01736704
 -0.00306506 -0.00076591  0.01003533]
[ 0.01074016 -0.00579439 -0.00129006 -0.00144587  0.00098771 -0.0031607
 -0.00560849 -0.00258622 -0.01197416  0.00927997  0.01270225  0.01343089
 -0.00618842 -0.01364062  0.0022942   0.01124521  0.00087946  0.0097304
  0.01951881  0.02020021  0.00069474]
[ 0.00723485  0.01043356 -0.02407926 -0.01047756  0.00814395  0.00983358
  0.00224077  0.00117652  0.00924656  0.00205126 -0.00856527  0.00113911
  0.0092294  -0.01854048 -0.01312474 -0.00684832  0.00237424  0.00623376
  0.00118498  0.01017891 -0.02443397]
[  2.77403184e-03   4.33458705e-03  -9.47196015e-03  -1.86223752e-03
   1.76648782e-05  -6.43492403e-04   4.98939257e-04   6.22923708e-03
   3.06153061e-03  -9.31434049e-04   7.48022359e-03  -4.07961151e-03
  -2.26723929e-03   9.95293077e-03   6.40875848e-03   1.83139169e-03
  -5.03821100e-03   5.21844530e-03  -6.37003814e-03   1.18943103e-03
   5.04015055e-03]
[ 0.0173901  -0.01278033 -0.00536215  0.02654225  0.02650403 -0.00435353
  0.00249307 -0.01017267  0.01228569 -0.03032731  0.00938151  0.00151455
 -0.00399712 -0.00377994 -0.02297488 -0.00184114 -0.00630982  0.00382469
  0.01275734 -0.01390229  0.00661066]
[ 0.00645678  0.01013862  0.01039781  0.00479741 -0.00123846 -0.00551482
 -0.00830847  0.00996792  0.00349052  0.00373248 -0.00738589  0.00349764
  0.01044184 -0.00823256 -0.00849814 -0.00114593  0.00064126 -0.00604644
  0.00415869 -0.00899127  0.00138888]
[ 0.00364412  0.00575684  0.00864922  0.00054942  0.00087381  0.00346037
  0.00017567 -0.00304283  0.00497074 -0.00254228 -0.00242363 -0.00702506
 -0.00026079 -0.00751361  0.00173387 -0.00138493 -0.00768077 -0.0098338
 -0.00447545  0.00328889  0.00430536]
[ 0.00545652 -0.00384342  0.00291291 -0.00756174 -0.00785897 -0.00186409
  0.01021472  0.00122587  0.00124479  0.00910641  0.00189094  0.00155449
  0.00343523 -0.00174104 -0.00188197  0.01512937  0.01016586 -0.00078388
 -0.00063323  0.00703131  0.00237905]
[ 0.01637417 -0.01232864  0.00184995  0.00556556 -0.00173671  0.00744662
  0.01159999  0.01967781 -0.0086728  -0.01293665  0.01525499  0.01568465
  0.00843767 -0.03119911  0.01934162  0.03605107 -0.02867375 -0.00683846
 -0.0001659   0.00560805  0.00717806]
[ 0.00299702  0.0037956   0.00335576 -0.00120861  0.00669696  0.00065963
 -0.00134713  0.00444879  0.00493518  0.00253462 -0.00027364  0.00468156
 -0.00028611  0.00319023  0.00060143  0.00271316  0.00351787 -0.00503771
  0.0024395  -0.0098637  -0.00396852]
[ 0.01037093 -0.007906    0.00519884 -0.01392438 -0.00770153 -0.00525528
  0.02098385  0.01227206  0.00764111 -0.00700042 -0.00704473 -0.00461658
  0.01055224  0.01433553 -0.00837237 -0.01573106 -0.0106469   0.00031005
  0.01428787 -0.00471069  0.00357009]
[  8.19779633e-03  -6.00402235e-03   9.54950813e-05  -1.70737862e-03
   2.24421316e-03  -8.13270124e-03  -5.06529410e-04  -7.72096083e-03
  -6.32731907e-04   7.97855184e-03   4.67922276e-03   7.92613831e-04
   1.04868685e-02   6.05588529e-04   5.65053589e-03  -7.37703780e-03
  -3.77363191e-04  -9.40193123e-03  -1.58190341e-02  -2.62784293e-04
  -9.53337253e-03]
[ 0.00189318 -0.00143195  0.0007803  -0.00049871  0.00512432 -0.00426402
  0.0035178   0.00106222 -0.00016052 -0.00486009  0.00276854 -0.0025938
 -0.00336305  0.00146086 -0.01104822  0.0013261   0.00176419 -0.00302105
  0.00060455  0.00022034 -0.00540086]
[ 0.01810365 -0.01285206  0.00099219  0.01721938  0.00040457  0.00868217
 -0.00826825 -0.00269742 -0.00327387  0.01052903  0.02210929 -0.00459894
  0.02951895  0.00251315  0.00337382 -0.01589671 -0.01821636  0.00274145
  0.0221047   0.00427202 -0.00781549]
[ 0.00962306 -0.00324302  0.00591325 -0.00333059  0.00572915 -0.00203745
  0.01098869  0.00115584 -0.00780776  0.02214985  0.01520349  0.00614238
  0.00023576 -0.0187677  -0.00169553  0.00356812  0.02539409  0.01971701
 -0.00287128  0.00729321  0.0141    ]
[  5.46244358e-03  -3.86735632e-03   1.82629431e-03   8.96502986e-04
   1.03726252e-02  -6.28057213e-03   1.16339498e-02   6.07499456e-03
  -4.21980060e-03   1.20418670e-02  -3.33152074e-03  -3.82020334e-03
  -1.16225553e-02  -4.21315370e-03   7.53222998e-04   2.53618883e-03
   5.29827948e-03   8.79961223e-05  -6.49862103e-03  -9.98028917e-04
   4.16256608e-03]
[ 0.00952717  0.01409009 -0.0198637  -0.00149443 -0.00686446  0.00199961
  0.00781005 -0.00502677 -0.01754459 -0.00308313 -0.00226828  0.0019495
 -0.00192869 -0.00530791 -0.00232814 -0.00618277  0.0104704  -0.01993354
  0.0174544  -0.01077211 -0.00085639]
[ 0.00373325  0.00502224  0.00432963  0.00265826  0.00055978 -0.00048248
 -0.00049259  0.0016897  -0.00279613  0.00222695  0.00266553  0.01345024
 -0.00348894  0.0115817   0.00089374 -0.0005763  -0.0019732   0.00087507
  0.00158862  0.01341644 -0.00647375]
[  4.71953751e-03   3.24392262e-03   7.42268810e-04  -2.37353776e-04
   7.17450757e-03   4.50105004e-04  -1.05545915e-03   8.60551168e-04
   1.31085526e-02  -1.36209170e-03  -2.02180157e-03   3.57147930e-03
  -1.04373974e-02   6.70628261e-03   1.00252119e-02  -4.78316333e-05
   2.80456262e-03   5.87919519e-04   7.70914826e-04   3.77835870e-03
   9.69401312e-04]
[ 0.01446866 -0.00958198 -0.00052581  0.01442271 -0.0037922   0.01022822
 -0.00994128 -0.01127621  0.00738897 -0.00566956  0.0215735  -0.01119347
  0.01639772  0.01005905 -0.01526247 -0.00472172  0.00675188 -0.00219934
  0.00864161  0.00146461  0.00078475]
[ 0.01985986 -0.0142009  -0.00306326  0.00623074  0.00689713  0.00096098
  0.00282297  0.00076828  0.00732858 -0.00444985 -0.01335273  0.01137028
 -0.01998471 -0.01069875  0.01399354 -0.01763091 -0.01646825  0.00527237
 -0.00046423 -0.0204525  -0.00118423]
[  9.09956224e-03  -6.69874106e-03  -2.19972127e-03   6.64709938e-03
   4.03107446e-03  -3.29981238e-04   2.20936622e-03  -3.96750436e-03
  -5.14624233e-04  -9.59293773e-03  -1.71264345e-02  -4.49144350e-03
   1.84534314e-02   1.33844462e-02   1.38464648e-02  -1.96547592e-03
   1.11681695e-03   2.11760359e-03   4.33990622e-03  -2.95370096e-05
  -7.40619090e-03]
[ 0.01009094 -0.00733867  0.00622603 -0.01349195  0.00511225 -0.01667609
  0.02434253  0.00643358  0.00246153  0.00355502  0.00119276 -0.00631492
 -0.00483308  0.00326474 -0.01707632 -0.01070247  0.00225138 -0.00381557
 -0.00191752 -0.00415886 -0.00302038]
[  5.72019834e-03  -3.41137519e-03   7.27822035e-03  -2.23873103e-02
  -8.34135403e-03  -1.64867367e-02   1.59618182e-02  -1.82899519e-03
   3.15087959e-03  -8.30317497e-03   5.78164976e-03   5.09467049e-03
   1.12991260e-02  -7.86451659e-04   2.65709653e-03  -1.28471395e-02
   5.19706757e-03   1.23654181e-03  -7.89590858e-03  -2.32493450e-03
   7.04088624e-05]
[ 0.00366431  0.00461123 -0.00898338  0.00170194 -0.00616851  0.00094753
  0.00482316 -0.00469416 -0.00961176 -0.00100627 -0.01126521 -0.00174193
  0.00154544 -0.00902113 -0.00677736 -0.00296397  0.0024763   0.00490194
  0.00091105 -0.0030242  -0.01366203]
[ 0.00867911  0.01272784  0.00401145  0.00330834 -0.00284591 -0.00986051
 -0.00852224  0.01686956  0.0160934   0.00359024  0.00141112 -0.01375988
  0.00498253 -0.01745561  0.00341281  0.00316011  0.01576229  0.02339424
  0.00249396 -0.00207836 -0.01157047]
[  2.63946412e-02  -1.95383120e-02   2.66375448e-03  -4.25110541e-03
  -2.91420001e-02   1.07765388e-02   2.39207894e-02   5.94120132e-05
   1.75874848e-02   4.12818297e-02  -2.27929479e-02  -2.28013931e-02
   1.42035063e-02   3.11664311e-02  -8.95045235e-03   3.41220612e-02
   2.21257874e-02  -2.08082994e-02  -4.42754045e-03   6.87931026e-03
   3.72768765e-03]
[ 0.00913443 -0.00698951 -0.00011884  0.00932334 -0.00622216  0.01757678
 -0.01442679  0.00049653 -0.00115239  0.01026891  0.013398   -0.00595257
 -0.00185203  0.00033001 -0.00546437 -0.03600621  0.00627189  0.0064122
 -0.00817331 -0.00818338  0.01061139]
[ 0.00591935 -0.00074744 -0.00448987 -0.00210925 -0.00244809 -0.00906874
 -0.00581118 -0.01909777  0.01341224  0.00406017  0.00515937 -0.00107691
  0.00110215  0.00280272  0.00149324  0.01259977 -0.00330483 -0.001223
 -0.00130382 -0.00743032  0.00132729]

Right eigenvectors

[ 1.         -0.70045662 -0.12093659  0.74089402  0.85115816 -0.21540471
  0.64752919  0.36107418 -0.25518683 -0.05000147  0.01789201  0.27651408
 -0.30895082 -0.59600307  0.47473674  0.24787556  0.10991358 -0.40364491
 -1.1080056  -0.64296861  0.34720044]
[ 1.          1.4170856  -0.85399855  0.49775968 -1.4881051  -0.99220227
  0.68477608 -0.70039672 -0.17848367 -1.40675702  2.18941247 -1.78514305
 -1.90224331  0.18087333  2.59889098 -0.69242061  2.52336292 -1.97150531
  2.45180276 -0.12460609  0.34752077]
[ 1.         -0.72592378  0.11475067  0.57641665  0.63990765  0.04415369
  0.20528942  0.17962236 -0.83981875  1.13626035  0.62420113 -0.56942882
  0.98116735 -0.07131375  0.85649662  0.48474908 -0.11563363 -0.25597672
  0.11893916  0.5085003  -0.82624964]
[ 1.          1.43582303  1.26956932  0.34242985  0.11884683 -2.03518303
 -2.28675874  1.79342046 -0.93697531  0.31543272 -1.39755279 -1.76344048
  1.71520476  0.04051442 -0.37448376  0.77786736 -0.54023151  1.25782339
 -0.18964814 -1.12102048  2.93777946]
[ 1.          1.52610202 -1.00463951 -0.01358025 -0.45177619  0.25799433
  0.6700721  -0.57106    -0.6256694  -0.1902183  -0.40715996 -0.25368064
 -0.17120638 -1.00365639 -0.57648929 -0.3698171   0.17757756 -0.62667592
  0.19579996  0.13141878 -0.6724445 ]
[ 1.         -0.70490045  0.18681756 -0.43191702 -0.22468135  0.64643156
 -0.2818292   1.09452672 -0.01255155 -0.27380953 -0.30972808  0.12108223
 -2.23844979  0.01392783 -0.539866   -0.34850809 -0.19891879 -0.08953073
 -0.14636101 -0.10716871 -0.00397266]
[ 1.         -0.67433667  0.21880748  0.60188006 -0.25185782  1.02702683
 -0.1628958  -0.12301772 -0.37928222  2.15269686  2.19162136 -0.10084912
  0.94037011 -0.94440527 -1.14973477 -2.43889546  2.72501183  2.53118192
  0.98385627  1.40138053  2.13558837]
[ 1.         -0.72555476 -0.01059391  1.09917359  1.41582    -0.41749654
  0.22801092 -0.26011876  0.21708653 -2.7982742   2.13688995 -0.76064917
  0.4714008   0.53512431 -3.78865184  1.17177205  1.41653216 -1.08163909
 -0.67326327  0.39116065 -0.99597117]
[ 1.          1.41966515 -1.29985076  0.13121606 -0.26890868 -0.42293464
  0.08784098  0.57115645  0.58666479  0.12285732 -0.57431745 -0.05744237
 -0.06706657 -0.90302788 -0.50209476 -1.20213506 -0.13825454 -0.8481363
  0.15694541  2.13409277  1.07497847]
[ 1.         -0.32570915 -1.72725417  0.52888657  0.51990713 -1.49996347
 -1.16459646 -3.33879947  2.55041388 -0.52530073 -1.46315705  1.98899635
 -1.06111059 -1.35875402 -0.99218799  0.38394579  0.14591845  1.7838334
  0.89922226  1.31810944  1.60050559]
[ 1.          1.54250227  0.98655263 -0.24096012  0.52021748  0.9172579
  0.23467153 -0.65051185  0.6543275  -0.56247208 -0.63792913 -0.70631774
 -0.21901542 -1.4013374   0.58402689 -1.36449186 -0.58640297 -4.1835086
  0.52583756  1.41252762  2.42430955]
[ 1.          1.40988926  0.0982905   0.78666957 -0.43884842 -0.50484273
 -0.08743006  0.13222033 -1.26061823  0.01660251 -0.16134631  1.47656502
  0.27699861  1.3239594  -0.71718567 -0.31262819 -0.78050301 -0.74054002
 -1.0680537   1.19020945  0.2706274 ]
[ 1.          1.55767836  2.34136712 -0.70807263  0.66053851  2.11368467
  1.14845945 -2.65932169 -0.92765672 -0.60892062  0.15468276 -1.05081939
 -0.37203987 -0.14825802  0.37705688  0.53850577 -0.988342    1.34635073
 -0.79274949 -0.52045826  0.82568279]
[ 1.          1.55849937  0.69651793 -0.09034265  0.822597    0.31579062
 -0.63487463  1.54425823  2.03263913  0.80483764 -0.20153346  1.160905
  0.78522121 -0.23774123 -0.47712323  0.41999276  0.3237968   0.05790854
 -0.05632155 -1.03127218 -2.71274382]
[ 1.         -0.76170343  0.16203739 -0.79808205 -0.91241275  0.62467385
 -0.21509878  1.00872181 -0.25852033 -2.61341213 -0.69016559  1.33437097
  0.52952463 -0.53867958  1.26595137  0.07937647  0.25619981  0.6609275
 -0.75675203  0.01243633  0.56018774]
[ 1.         -0.72540468  0.29325578 -2.23174134 -2.10669982  1.43878767
 -2.88963316  0.90268403 -0.47839576 -0.63271383 -0.78364739  0.00644793
 -3.20174919  0.3780133  -1.43660877  1.28397597  0.42002134 -1.14645011
 -1.6939668   0.00513721 -0.47466564]
[ 1.         -0.68186857  0.04540506 -1.10871695 -0.15517789 -1.2953999
 -0.39830731 -1.29763953  0.3468889   0.91623686 -0.20481607 -0.35191907
  1.1465801   0.88496843  0.59680788 -0.39610892 -0.62338768 -0.34067797
 -0.06863683  0.05992338 -0.53248127]
[ 1.          1.49963932 -0.60360661  2.2680564  -2.59822562 -3.15316086
 -1.02902235  1.56215537 -2.93804702  0.41782635 -2.14717271  0.174118
  1.86909697  0.0354508  -3.3995826   0.01596395 -2.40947374  3.00158539
 -1.16040248 -2.67825475  0.66750331]
[ 1.          0.05485979  0.35146245 -2.62504991  3.384857   -2.38476172
 -3.62993561  0.61536466 -4.27420475  0.33941683 -2.51899519 -4.07572536
  1.26926893  2.69034767  0.85289263  0.34567066 -1.3783646   0.7620487
  0.75294917  2.4675171   1.37773117]
[ 1.         -0.39759546 -0.79027144  0.84864091  0.22160033 -1.26261138
 -0.95284148 -2.32632859  0.79687428 -0.13140146  2.23767265  0.5098212
  0.32753887 -0.69087786 -0.33969098  1.44296304  0.09954238 -0.65896709
 -0.53783831 -0.30727999  0.51685867]
[ 1.         -0.66790877 -0.01780702 -0.06798462  0.57394898 -0.49941743
 -0.43836791 -0.16021082 -0.98313369  1.42293477  0.33456905  0.03567306
 -0.58877497 -0.54208432  0.91223843 -1.06131483 -0.19043141 -0.22891558
 -0.77819005 -0.15273447 -0.69527795]
[ 1.          1.31877289  1.93103695 -0.05551069 -1.06068697 -0.18819551
  0.78584005 -1.85536329 -0.42773455 -1.50892605  1.33320351 -1.86493324
 -1.01401507  0.01846157  1.714175   -0.47561944  1.54519271 -0.04068783
  0.97652624  0.12673144 -0.47231205]
[ 1.         -0.71417235 -0.01690813 -0.02303814 -0.39767085  0.06886956
  0.61382272  0.05450751 -0.03734401  0.43293076 -0.35318519  0.00228378
  0.62154074 -0.02547497  0.79377179  0.94232026 -0.37252998 -0.37857275
  0.28222165 -0.08174954 -0.54741978]
[ 1.         -0.73143024  0.05991662 -0.0076671  -0.22675053  0.08992317
  0.61600225  0.20985511  0.4719092   0.20026409 -0.20665741  0.15735953
 -0.07255599 -0.06942555  0.335651    1.19717076 -1.08025091  0.36612198
  1.48335002 -0.04203352  0.58940355]
[ 1.          1.49502777 -3.44415685 -0.7952905   0.36397517 -0.24869708
 -0.2047215   2.52156369  2.15763419 -0.13823898  1.97525237 -1.60976569
 -0.48369593  1.50771798  2.07359887  0.25210014 -0.57364516  1.00895663
 -1.07693034 -0.00715636  0.92876405]
[ 1.          1.39754135 -0.56337079  1.07414922 -1.19379296 -1.39919241
 -0.11851065 -0.01004835 -0.91909034  0.05902184  0.12813619 -0.0943555
 -0.08302302  0.58263065 -1.02334628  0.81478991 -1.86566646  2.04888822
 -1.46854809 -0.17082637  1.21148861]
[ 1.          1.43381106  1.35864908  1.80003929 -1.16256988 -1.65519842
 -0.82460163  1.15749753 -0.44856692  0.58916294 -0.49014379  1.6208178
  0.96751811  0.45071006 -1.55820594 -0.30084185 -1.04039515  0.64421116
 -0.59047819 -0.48299253 -0.37146064]
[ 1.         -0.74559691 -0.18284396  0.86652754 -0.1448785   0.55006415
 -0.27337165 -0.42023591  0.27988146  0.46436236  0.31330163 -0.04208155
  0.63591015  0.03912154  0.63894989  0.46386309 -0.93572138 -0.5061316
  0.53469547 -0.52717276 -0.43885024]
[ 1.         -0.75993088 -0.17547896  1.02620184 -0.14156174  0.93636432
  0.32631243 -0.02281132  0.89252854  0.41277522 -1.66655593 -0.54454998
 -0.23604238  1.02518504  0.06840358  0.63347957  0.92705822  0.36740925
  0.03779292  0.10266612  1.7221559 ]
[ 1.          1.4615426  -1.00119612  0.12522472 -0.40011213 -0.80191017
 -0.43837709  0.63019565  0.13499189  0.10260533 -0.11932996 -0.69741375
  0.58612554 -0.63013407 -0.3531547   0.32423008 -0.16853339 -0.66616943
  0.25616909 -1.43625799  1.27126775]
[ 1.         -0.75437817  0.00302332 -0.74785999 -0.86045904  0.04043925
 -0.66343525 -0.66762046  0.78719401  0.53095098 -0.82916733  0.11649533
 -0.74030892  0.53907337  0.04723882 -0.91760657 -0.30543398 -0.1707284
 -1.06625399 -0.77698338 -0.11373194]
[ 1.         -0.73231294 -0.07043805 -0.40549383 -0.23169488 -0.04889958
 -0.75359997 -0.35268359  0.20723944 -0.51882561 -0.02740643  0.51314505
 -0.44388926 -0.15244871 -0.32113317  0.51746381 -0.78868227  0.24258936
  1.39225279  0.39008112 -0.55851506]
[ 1.         -0.65053522 -0.82317369  1.50598446  0.88059017 -0.08425906
 -0.05762491 -1.58187763  1.81901989 -1.46188719 -3.2529236   0.78858713
 -0.10254863  0.80550056  0.96217476  0.32425908  1.39282219  1.75027931
  0.49786763  0.57008796  1.95055332]
[ 1.          1.46087255 -1.24243872 -1.51641219  1.77978587  1.42959438
 -0.34387825  0.7582722   1.2309203   0.49398571 -0.06102567  1.33353573
  0.63118912  0.22411076 -0.14845124 -0.24105654  0.37343469 -1.72823034
  0.02976767  0.37239833 -0.80215887]
[ 1.         -0.72435587  0.45127276 -1.24419464 -0.37563921 -0.44798974
  0.76603576  0.73876638 -0.3651416  -0.85254532  1.00602607  1.34672457
 -0.33183181 -1.6391722   0.1551095   0.84630429  0.17914036  0.59283706
 -0.33405313  0.27969438  0.52266086]
[  1.00000000e+00   1.36104085e+00   1.58667223e+00   5.32836913e-01
  -1.63794234e+00   3.83172903e-02   6.59599790e-01  -2.07031359e+00
  -8.75072103e-02  -1.12679366e+00  -2.06439507e-03  -3.08932979e+00
  -1.12568818e+00  -1.27405503e+00   8.97346174e-02   8.37147728e-01
  -1.25254476e+00   1.86932035e+00  -1.50432449e+00   6.68820461e-01
  -2.93818760e+00]
[ 1.          0.72104548 -2.32504944  0.98941181 -0.27195117 -1.13097636
 -0.32306762  0.8048016   0.40415819  0.70508899  0.74084871  1.3491012
  0.37282027 -1.09956809 -0.15149366  0.12201681 -0.57172178 -2.45559144
 -1.15538764 -0.63344272  1.93443029]
[ 1.         -0.32894428  0.05930591 -3.9763334   0.75413371 -1.02248795
 -5.4289945   0.05776452 -2.89049215 -0.80254441 -0.69513934 -0.47256
 -0.16605392  0.32668765  0.1795108   1.48370282  1.28767777 -0.33336654
  1.39222277  1.11730066 -0.06511619]
[ 1.         -0.72823877  0.25168445 -0.41226252  0.48841903 -0.33308872
 -0.04317046  0.37529719 -0.65242939 -1.13377785  0.96957721  0.27316826
  1.23281448 -0.36645592  0.01843666 -0.65250613  0.445952    0.27236213
 -0.35934072  0.6824992  -0.27092857]
[ 1.         -0.77520281  0.85658296 -2.11981893 -2.6737975   0.4956062
  2.55955101  1.7917857   1.34766133  0.41059373 -0.60744036 -1.06220886
  0.08000688  1.92226703 -3.28502606  2.20655717  0.45651997 -1.06804248
  0.50429672  0.75958558  1.13296149]
[ 1.         -0.74588482 -0.02409618  1.07509098  0.14862552  1.16605676
 -0.78051404  0.25236419 -0.66888982 -0.10702905  0.44962012 -0.84400826
  1.10594713  0.71772491 -0.19120304 -0.95679251  1.5341578   0.28707333
 -0.63280804  0.84448198 -0.0134824 ]
[ 1.         -0.75785342  0.0107154   0.17755789 -1.5682495   2.43565344
 -1.42625065  1.45102139 -0.7187535  -1.00143581 -0.70096532  0.15539938
 -1.57578507 -0.10765735 -0.05527043  0.66403823  1.21662411 -1.02925353
 -2.84777457 -0.34111312 -0.47828312]
[ 1.         -0.66685951 -0.10144984 -0.24306452 -0.20314426 -0.09619439
  0.1041132  -0.42844512  0.92916186  0.20953884 -0.62445767  0.02757823
 -0.89061935  0.13677408 -1.22760137 -1.37478671  0.29159728  1.09752568
  0.93833597  0.13456872  1.01694998]
[ 1.          1.50466331 -1.67828848  0.62069312 -1.36892549 -0.87015257
  0.5896293   0.3113151  -1.42911397 -0.45071719  0.95296254  0.25093091
 -0.953798    1.73089946  0.44545706 -0.49931801 -0.0761369  -0.3617539
  0.45721274  0.37807979  0.02344773]
[  1.00000000e+00   1.55489627e+00  -1.52711114e+00  -3.03187242e+00
   3.46816979e+00   3.41153589e+00  -3.39231944e-03  -2.42538061e-02
   2.18836036e+00   7.10971329e-01  -1.51381854e+00   2.63016894e-01
   2.48378675e+00  -2.80964478e+00  -1.51709550e+00  -1.57235775e+00
   2.64814473e-01  -6.61097517e-01   3.25426998e-01   3.47027401e+00
  -2.90273920e+00]
[ 1.         -0.73897692 -0.0843815   1.81342674  4.8570431  -1.98775998
  1.53958412  0.73517062 -0.63186805 -2.03623832 -0.36234833 -0.97490626
 -3.34034154 -0.4307006  -1.70170407 -0.0332056  -0.55257416 -0.45010011
 -0.11070165 -2.3365731  -0.22970372]
[ 1.          1.05114299 -2.35590872  0.80245683 -2.09916327 -0.58609671
  1.3473846  -1.33260359 -3.28905261 -0.35313189 -0.91269357  0.16901074
 -0.80980662 -0.68646617 -0.12478648 -0.07116856  0.95550041 -0.79991812
  1.52754131 -0.3644036  -0.85378962]
[ 1.          1.49191781  1.56570696  0.06168203  0.39057961  0.92537172
  0.83923687 -1.05949514 -1.16615424  0.48272391  0.71530657  2.29163804
 -0.68637218  2.05098849 -0.07646582  0.41546298  0.47489655  1.17663408
  0.52462828 -1.42107457 -0.0980649 ]
[ 1.         -0.74745027  1.52915805 -5.20736971 -2.76325662 -2.52709121
  4.32381668  1.83034877  1.05842393 -5.04686342 -0.38048899  1.98604671
  4.24319276  0.86619932  1.16024044 -5.11239222  0.19992563  1.2830938
 -1.10795488 -1.27345109  1.4774875 ]
[ 1.          1.33667078  0.55337325 -1.47503248  0.29196293 -0.64275638
 -2.35209297  0.56488172 -1.45805995 -0.03038772 -0.53259123 -1.49363191
  1.71553161 -1.30998932 -0.26982946  1.79801503  2.98956299  0.4167224
  2.50789003 -4.7566216   2.01905452]
[ 1.          1.48881734  1.76349455  0.37349716  0.63760407  0.38377631
  0.19875693  0.00634652  0.3360567   0.36521623  0.65404811  2.75680273
 -1.22078735  2.82316463  0.92539246 -0.04224874  1.00291387  0.97490038
  0.70547049  0.75631838 -1.47538093]
[ 1.         -0.71026315  0.0683362  -0.08754856 -0.2054579   0.54279967
 -0.23659004  0.58904764  0.26516057 -0.6679917   0.06800145 -0.66905415
  0.13938921  0.75562704 -0.8471805  -0.3547663  -0.81108198  0.29861972
  1.51030774  0.32027333  0.18076363]
[ 1.         -0.57228463 -0.17171725  0.33820874  0.56129849 -1.4300523
  1.50607288 -0.25584896 -0.20310141  2.63194893 -1.30207804  0.14869973
 -0.07078595 -0.70384866  1.00297716  1.46800649  1.22646    -0.42096571
 -1.8065901   1.78664573  1.3959727 ]
[ 1.          1.50365332 -0.79429212 -1.46150693  1.2400922   1.62363848
  0.60122483 -0.94624164 -0.92902287 -0.07500339 -0.06046787 -0.64659675
  0.40978997  0.58685997 -0.30704736 -0.31423357 -1.70075825  0.54041186
 -0.59106167  1.60226531  1.31634969]
[ 1.          1.454711   -1.04007855 -0.19670394 -0.07221845  0.07860425
  0.05150568  0.88240105  1.73963826 -0.34789436  0.87260367 -1.83265254
 -0.48821647 -0.11864627  0.74376657  0.45971503 -1.15226103  2.26178145
 -1.32079874  0.46880701 -0.62553425]
[ 1.          1.07880241 -1.66715952  1.66212468 -1.32154387 -2.37774078
  0.18583971 -0.3574259  -0.28967439  0.83195694 -1.53773193  1.71103446
 -0.52560795 -1.49591784 -1.2416269  -0.29945892 -0.10491809 -0.68898976
 -1.0268068   3.61150937  2.20011401]
[ 1.         -0.67176491 -0.21316419 -2.34848444 -0.62411755 -2.00938575
 -2.42463552 -2.98527709  1.17309713  0.87498095  0.26045285  0.93824425
 -1.27292501 -0.05912203 -0.19850081 -1.11812476 -0.50823195 -0.59233251
 -1.89690607 -1.24627783 -0.55765551]
[ 1.         -0.74987941  0.11949721  0.22616121 -0.61355691  1.49257515
 -0.82377879  0.91627059 -0.30430468  0.68318943  0.26514305 -0.03125824
 -1.90777578 -0.47279993 -0.21499082 -1.71550467  0.04642059  0.30637045
 -0.86368917 -0.77050205  0.54201099]
[ 1.          1.42383768 -0.7965478  -1.63440946  1.30046097  2.49344453
  1.29380347 -1.83653457 -2.17375708  0.61082342 -0.15444955  1.11917917
  0.89451463  0.18878779 -1.40729333  1.04700033  0.16821366  1.68382733
 -0.45642965 -2.30628163  0.48072507]
[ 1.         -0.67323965  0.17521131  0.14352574  2.35301469 -1.22495481
  0.78666765  0.77135228 -0.80084641 -0.08917328 -0.58767474 -0.73249798
 -1.59943322  0.10855938 -0.17113452 -0.02746148 -0.0574815  -0.22489847
 -0.17436597 -0.29299508 -0.46480989]
[ 1.          1.50806144  0.41692141  0.66047065 -0.53345607 -0.83764742
 -0.26708016  0.63313494  0.68393178 -0.08066026 -0.14538561 -0.0656105
 -0.43067778 -0.24778345  0.54816431 -0.17869121  0.72984476  0.0318278
  0.11494338  1.14071192 -0.64493024]
[  1.00000000e+00  -6.48961437e-01   1.73394491e-01  -4.32201728e-04
   3.18563857e+00  -1.19993443e+00  -1.02959714e+00   9.43478071e-01
  -3.07772008e+00   3.61829049e-01  -1.64697263e+00  -3.32582246e+00
   7.60604432e-01   2.35431952e+00   1.30494234e+00  -9.59664536e-01
  -4.71155906e-01   3.26407875e-01   5.75198798e-01   1.85570599e+00
  -1.08902369e+00]
[  1.00000000e+00   1.47102609e+00   2.75125754e+00  -2.95280258e-01
   1.07339373e+00   6.09206101e-01  -5.73441482e-01   1.89104927e-03
   1.28461112e+00   1.89616561e-01  -5.36455229e-01  -5.18604574e-01
   4.45313871e-01  -1.32232840e+00   6.59550320e-01  -1.89125895e-02
   1.26059625e+00  -3.00387973e-01   6.98804276e-01  -2.89058983e-01
   4.43464535e-01]
[ 1.         -0.70315247  0.39505679 -0.53818786 -1.80847675  1.29238231
 -0.06801742  0.49584001  0.71897767  0.4980796  -0.20054017 -1.31457526
 -1.14996498  1.17265485 -2.48238219  1.5408284   0.46464797 -0.8486279
 -0.43105153  0.60100557 -0.07880406]
[ 1.         -0.62046555 -0.35577826  2.04768368  0.95548774  0.27403507
 -0.55298712 -0.77603242 -0.1558471  -2.81770634  0.82242026  0.47098374
  2.50894347  0.82309742 -0.28319118  0.74707706  2.23036978 -1.32832454
 -3.74719358  0.46062368 -0.41183754]
[ 1.         -0.73222165  0.24965278 -1.43435722 -0.5238603   0.94356879
 -2.25947297  1.53216919 -1.67149511 -3.73323983 -0.37557957  1.09357422
 -0.09510204 -0.62500136  0.90394759  1.00026872  1.9201495   0.59681493
 -1.27418086  0.94878273  0.34194142]
[ 1.          1.44604986 -1.95621403 -0.94053179  0.45119227  0.27130156
  0.01544932  0.27610787  0.00759149  0.34444934  1.31096912  0.32423947
  0.25652443  1.58380331  0.22488138  1.61701693  0.63328088 -0.08448993
  0.27142909 -3.99394902  0.80666322]
[ 1.         -0.75207848  0.1410486  -0.4954403  -0.68427603  0.43479255
 -0.2699393   0.45225213  0.00292465 -0.25225297  0.24167534  0.57675791
 -0.58728349 -0.43880164 -0.06413391  0.04763729 -1.62864507  0.44406645
  1.82820068  0.24212365 -0.27843529]
[ 1.         -0.59660715 -0.84911342  1.01247735 -0.82744329  0.86006067
  0.47935118 -0.50229913 -0.39312354 -0.16342143 -3.55067622  0.16028344
  0.19786595  0.26347233  1.87589231 -0.44376084  1.38820652  0.45222799
 -0.45532408 -1.03826182 -1.14842443]
[ 1.         -0.73606779 -0.11136713  0.62700401 -0.59926079  1.06062893
  0.01980664  0.59863477 -0.17490524  0.61469408  0.18626647  0.20658659
 -0.02120809 -0.66454317  0.9356768  -0.58427409 -1.04071147 -0.47811693
 -0.13870888 -1.12175274 -0.3532641 ]
[ 1.          1.56937449 -0.64855935 -2.86975117  2.67263486  4.38112968
  1.73806343 -2.71012789 -1.43810419  0.04947557 -0.07929662 -0.4591719
  1.02051101  0.03544248 -0.96461446  0.44753314 -2.77598746  1.05634272
 -1.93500807  0.07573323  3.36369916]
[ 1.          1.56866416  2.57269424  0.88847771 -0.15039277 -0.19282259
 -0.42208329  0.07308124  0.27612763 -0.03826731 -0.64317961  0.19143509
  0.14470206 -0.30179254 -0.26145174 -0.24206347 -1.10424574 -1.22985236
 -0.21705328 -0.05423789  0.71065471]
[ 1.         -0.53950654 -0.12011534 -0.13462248  0.0919645  -0.2942884
 -0.52219782 -0.24079905 -1.1148962   0.86404374  1.18268755  1.25052966
 -0.57619427 -1.27005777  0.21360941  1.04702462  0.0818854   0.90598254
  1.81736706  1.88081072  0.06468633]
[ 1.          1.4421254  -3.32823285 -1.44820663  1.12565544  1.35919592
  0.30971837  0.16261904  1.27805862  0.28352532 -1.18389084  0.15744819
  1.27568717 -2.56266249 -1.81409954 -0.94657401  0.32816755  0.86162912
  0.16378804  1.40692808 -3.3772613 ]
[ 1.          1.56255851 -3.41451024 -0.6713108   0.00636794 -0.23197009
  0.17986068  2.24555356  1.10363932 -0.33576905  2.69651684 -1.47064336
 -0.81730831  3.58789348  2.31026853  0.6601913  -1.81620518  1.88117714
 -2.29631039  0.42877339  1.81690436]
[ 1.         -0.73491988 -0.30834513  1.52628511  1.52408714 -0.25034516
  0.14336148 -0.58496898  0.70647641 -1.74394097  0.53947427  0.08709252
 -0.22985055 -0.21736177 -1.32114709 -0.10587306 -0.36284002  0.21993473
  0.73359799 -0.79943729  0.38013925]
[ 1.          1.57022905  1.6103716   0.74300406 -0.19180723 -0.85411286
 -1.28678275  1.54379222  0.54059741  0.57807171 -1.1438968   0.54169978
  1.61719113 -1.27502634 -1.31615754 -0.1774778   0.09931505 -0.93644871
  0.6440808  -1.39253225  0.21510426]
[ 1.          1.57976263  2.37347447  0.15076795  0.23978621  0.94957719
  0.0482057  -0.83499863  1.36404427 -0.69763899 -0.66507929 -1.9277812
 -0.07156337 -2.06184463  0.47579901 -0.38004593 -2.10771541 -2.69853942
 -1.22812954  0.90252004  1.18145296]
[ 1.         -0.70437273  0.53384119 -1.38581727 -1.44028962 -0.34162711
  1.87202214  0.22466137  0.22812929  1.6689058   0.34654756  0.28488755
  0.62956523 -0.31907575 -0.34490331  2.77271593  1.86306814 -0.14365853
 -0.11605106  1.28860748  0.43600213]
[ 1.         -0.75293242  0.11297988  0.33989854 -0.10606398  0.45477856
  0.70843237  1.20175923 -0.52966365 -0.79006451  0.93164973  0.95788985
  0.51530352 -1.90538599  1.18122755  2.20170394 -1.75115754 -0.41763735
 -0.01013152  0.34249379  0.43837734]
[ 1.          1.26645796  1.11969761 -0.40326976  2.23454039  0.22009589
 -0.44948941  1.48440499  1.64669657  0.84571185 -0.09130474  1.5620713
 -0.09546573  1.06446682  0.20067574  0.90528428  1.17379002 -1.68090787
  0.81397402 -3.29117017 -1.32415623]
[ 1.         -0.76232282  0.50129006 -1.34263553 -0.74260759 -0.50673184
  2.02333328  1.18331351  0.73678168 -0.67500399 -0.6792766  -0.44514586
  1.01748298  1.38227977 -0.80729247 -1.51684142 -1.0266101   0.02989619
  1.3776851  -0.45422101  0.34424052]
[ 1.         -0.73239467  0.01164887 -0.20827288  0.2737581  -0.99205944
 -0.06178848 -0.9418337  -0.07718317  0.97325568  0.57079032  0.09668621
  1.27923018  0.07387211  0.68927498 -0.89988059 -0.04603227 -1.14688519
 -1.92966908 -0.03205548 -1.16291893]
[ 1.         -0.75637086  0.41216416 -0.2634223   2.70672274 -2.25230467
  1.85813873  0.56107595 -0.08478593 -2.56715399  1.46237061 -1.37007251
 -1.77640146  0.7716399  -5.83579161  0.70045918  0.93186433 -1.59574949
  0.31933174  0.11638788 -2.85279584]
[ 1.         -0.7099155   0.05480613  0.9511555   0.02234751  0.47958138
 -0.4567174  -0.14899873 -0.18084055  0.58159719  1.22126196 -0.25403386
  1.63055263  0.13881997  0.18636117 -0.87809449 -1.00622586  0.1514309
  1.22100834  0.23597578 -0.43170832]
[ 1.         -0.3370056   0.61448714 -0.34610542  0.59535612 -0.21172555
  1.14191233  0.12011188 -0.81135947  2.30174733  1.57990197  0.63829817
  0.02449997 -1.95028479 -0.1761945   0.37078892  2.63887969  2.04893427
 -0.29837495  0.75788861  1.46523108]
[ 1.         -0.70799016  0.33433651  0.16412123  1.89889836 -1.14977336
  2.12980686  1.11213864 -0.77251152  2.20448355 -0.60989568 -0.69935795
 -2.12772088 -0.77129469  0.13789122  0.46429566  0.96994676  0.0161093
 -1.18969119 -0.18270741  0.7620337 ]
[ 1.          1.47893731 -2.08495293 -0.1568603  -0.72051457  0.20988462
  0.81976635 -0.52762499 -1.84153279 -0.32361425 -0.23808514  0.20462544
 -0.20244058 -0.55713365 -0.244368   -0.64896207  1.09900481 -2.09228333
  1.83206545 -1.13067299 -0.08988929]
[ 1.          1.34527141  1.15974703  0.71205024  0.14994393 -0.12923983
 -0.13194711  0.45260914 -0.7489794   0.59651859  0.71399807  3.60282109
 -0.93455718  3.1023103   0.23939951 -0.15436885 -0.52854819  0.23439856
  0.42553135  3.5937677  -1.7340779 ]
[ 1.          0.68733909  0.15727575 -0.05029174  1.52017174  0.09537057
 -0.22363614  0.18233803  2.77750786 -0.28860703 -0.42838977  0.75674349
 -2.21152969  1.42096182  2.12419372 -0.01013481  0.59424522  0.12457143
  0.16334542  0.80057817  0.20540176]
[ 1.         -0.66225767 -0.03634118  0.99682416 -0.26209776  0.7069224
 -0.68709026 -0.77935415  0.5106878  -0.39185103  1.49105009 -0.77363509
  1.13332609  0.69522977 -1.0548636  -0.32634106  0.46665521 -0.15200682
  0.59726362  0.10122643  0.05423788]
[ 1.         -0.71505579 -0.15424379  0.31373534  0.34729028  0.04838795
  0.1421443   0.03868505  0.36901481 -0.22406263 -0.67234765  0.57252596
 -1.00628689 -0.5387124   0.70461463 -0.88776619 -0.82922284  0.26547886
 -0.02337528 -1.02984159 -0.05962909]
[ 1.         -0.7361608  -0.24173924  0.73048562  0.44299653 -0.03626342
  0.24279918 -0.43601046 -0.05655483 -1.0542197  -1.88211631 -0.49358896
  2.02794716  1.47088902  1.52166274 -0.21599676  0.12273304  0.23271489
  0.47693572 -0.00324598 -0.81390629]
[ 1.         -0.72725392  0.61699174 -1.33703588  0.50661785 -1.65258028
  2.41231571  0.63756025  0.24393463  0.35229868  0.11820089 -0.62580131
 -0.47895266  0.32353205 -1.69224303 -1.06060168  0.22310957 -0.37811831
 -0.19002412 -0.41213762 -0.29931619]
[ 1.         -0.59637358  1.27237203 -3.91372973 -1.45822811 -2.88219669
  2.79043091 -0.31974332  0.55083398 -1.45155368  1.01074288  0.89064578
  1.97530318 -0.13748678  0.46451126 -2.24592553  0.90854674  0.21617114
 -1.38035573 -0.40644299  0.01230881]
[ 1.          1.25841586 -2.4515877   0.46446384 -1.68340206  0.25858374
  1.31625286 -1.28104826 -2.62307327 -0.27461298 -3.07430464 -0.47537712
  0.42175584 -2.46189055 -1.8495591  -0.80887586  0.67578787  1.33775071
  0.24862745 -0.82531222 -3.72840248]
[ 1.          1.46649138  0.46219573  0.38118389 -0.32790331 -1.13612068
 -0.98192611  1.94369782  1.85426872  0.41366446  0.16258843 -1.58540291
  0.5740834  -2.01122211  0.3932217   0.36410504  1.81611895  2.69546677
  0.28735183 -0.23946672 -1.33314086]
[ 1.         -0.74023783  0.10092028 -0.16105941 -1.10408775  0.4082851
  0.90627447  0.00225091  0.66632786  1.56402315 -0.86354453 -0.86386448
  0.53812083  1.18078631 -0.33910112  1.29276473  0.83826816 -0.78835319
 -0.16774392  0.26063284  0.14122896]
[ 1.         -0.76518203 -0.01300997  1.02068082 -0.68117605  1.9242325
 -1.5793852   0.0543577  -0.12615931  1.12419744  1.46675705 -0.65166231
 -0.20275283  0.03612797 -0.59821667 -3.94181071  0.6866204   0.70198103
 -0.89477971 -0.89588217  1.16169069]
[ 1.         -0.12627113 -0.7585073  -0.35633098 -0.41357407 -1.5320503
 -0.98172682 -3.22632908  2.26583066  0.68591489  0.87161143 -0.18193082
  0.18619527  0.4734845   0.25226446  2.12857458 -0.55830981 -0.20661113
 -0.22026477 -1.25525929  0.22422958]
