Cluster centers 

[ 0.97968709  1.12530785  1.76669409  0.09628881]
[-0.9142762  -0.49337832 -0.7211578   1.34088414]
[ 1.24935963 -0.42360263 -0.92439713 -2.08289555]
[-0.89647473  1.69448639  0.17259772 -0.96008554]
[-0.88705137 -1.40261324 -0.11315926 -1.26674183]
[ 1.15021374 -0.02670618  0.96793667  0.70346733]
[ 1.20782696 -0.42686128  0.37812405 -0.15685526]
[  1.17015422e+00  -1.27776256e-01  -1.76411939e+00   1.59129033e-03]
[-0.84694084  0.55035204  0.61949322  0.60283823]
[ 0.15273891 -1.10975643  2.22784987 -0.28039592]
[-0.72819796 -0.93573608  1.06067084  0.69062865]
[-0.90916171 -0.74288286 -1.02279332  1.06037581]
[-0.92680578 -1.22540795 -0.97754503 -0.7099387 ]
[ 1.24292494  2.1668147  -0.83730503  0.14138254]
[ 1.23438686 -0.53497194 -0.18754786 -1.47671275]
[ 1.10208311  0.19406933 -1.99264535  0.98887441]
[ 1.00810235  2.2156763   1.65127588 -1.55851271]
[-0.63017443  1.126329    1.6087498  -0.59450189]
[-0.90238181  0.7751398  -0.77025789  0.97636436]
[-0.89893623 -1.02270311 -0.08752541  0.60388122]
[-0.90623501 -0.95414922 -1.21732659  0.51331986]
[ 1.26695616  0.21047801 -0.10978812  0.94994995]
[-0.74685143 -1.45423067  0.43889873 -3.36532231]
[ 1.25798737 -0.38809391 -0.70486973 -0.89507316]
[-0.90475292  1.41098571 -0.77102851  0.11981369]
[-0.83852104 -1.21563839  0.4057157   0.14349878]
[-0.8923313   1.03929569  0.20159934  0.17455046]
[-0.69881691 -0.00435785  1.3226171   0.79550781]
[-0.86253719 -1.45113296  0.01499689 -2.11153357]
[ 1.26278651 -0.28876826 -0.60934338 -0.19561715]
[ 1.22640951 -0.29236559 -1.39425517 -0.9170452 ]
[ 1.0984424  -0.60296995  0.9615171  -0.38899836]
[ 0.56364457 -0.40597318  2.2497622   0.42882216]
[-0.87378561  1.87156595 -1.16526243 -0.45949933]
[ 1.1977333   0.93913592  0.83769693  0.7229164 ]
[ 1.16109839 -0.25792425 -1.98661376 -2.27281983]
[-0.91262246 -0.11716901 -0.29566052  1.35021828]
[ 1.26725625 -0.0992122  -0.42395277  0.48226516]
[-0.91596003  2.24185454 -0.25920521 -1.92844742]
[-0.92676372 -1.29685554 -0.84145906 -1.32553267]
[ 0.82182344  1.60097472 -2.52443085  1.24812512]
[-0.92306157 -1.12986811 -0.61233049  0.15696687]
[ 1.1156446   2.68152873 -1.69960604 -0.34419497]
[-0.61977121 -1.51815633  1.07198054 -1.64959718]
[ 1.26679433  0.79348405  0.03090223  1.06361591]
[-0.84076795  1.87881756  0.65628819 -1.63466557]
[ 1.08490123 -0.18268023 -2.28900342 -0.72953596]
[-0.58832537 -1.32305005  1.37670771 -0.23171318]
[ 1.24943706 -0.07477758 -1.00549323  0.42096393]
[-0.85359069 -0.83178657  0.40672693  0.89978808]
[ 0.7877322  -0.84216414  1.80500644 -0.43409173]
[-0.91386118  1.53598903 -0.2216649  -0.42061449]
[-0.91352603  1.04328325 -0.27981763  0.40829793]
[ 0.21292915  1.28862145  2.49530829 -0.8891132 ]
[-0.91880318 -0.89209004 -0.50144568  0.83461066]
[ 1.00583658 -0.38644248  1.45099669  0.33362885]
[-0.19361531  0.4122893   2.30791509  0.1848706 ]
[ 0.859236    1.68871134  2.03669445 -0.8995173 ]
[-0.3753983  -0.81740466  1.98875785  0.53018423]
[-0.92031295 -1.10490623 -1.10303341 -0.02794983]
[-0.89555913 -1.33848249 -0.15193005 -0.67329706]
[-0.87397684  1.25106659  0.41519151 -0.26678404]
[-0.88436817  0.0883591  -1.11432262  1.52116368]
[ 0.68828154  0.54526079  2.2931322   0.33229243]
[ 1.00299838  0.17192528  1.60282762  0.68428508]
[ 1.24583663 -0.25725316 -1.11317816 -0.36556286]
[-0.89829793 -1.24292382 -0.13915323 -0.10932717]
[-0.80933967 -0.56564553 -1.89149469  1.15980564]
[ 1.24626335 -0.40678731 -0.0969215  -0.40165873]
[ 1.19256236  0.73912992 -1.3741184   1.39251464]
[-0.89768993 -0.5297929   0.00702983  1.20110949]
[-0.75620365  0.74854009  1.13311122  0.15800255]
[-0.76023278 -1.45505975  0.68459603 -1.00748907]
[ 0.81326629 -0.99379389  1.5832317  -1.43091273]
[-0.81168174  1.34651078  0.8687771  -0.66055921]
[-0.92657191 -1.32331056 -0.79672996 -2.47888078]
[ 1.20554412  1.57208439  0.7922374   0.1227971 ]
[-0.87687717 -0.01165026  0.31347946  1.13398123]
[ 1.22810935 -0.33493713 -1.37585466 -1.4989069 ]
[-0.79946642 -0.39257816  0.82768969  1.03927061]
[-0.91204343  0.31858168 -0.47207865  1.24378617]
[ 1.26450759  0.38621533 -0.67278326  1.11218271]
[-0.88865831  2.29461996 -1.07765735 -1.4519168 ]
[-0.85975741  2.31001476  0.42932218 -2.55993246]
[-0.87678296 -1.01472751 -1.71127255 -0.14830858]
[-0.7739084   0.68961909 -1.78956299  1.4447714 ]
[ 1.18842732 -0.28541716  0.62536075  0.32407874]
[-0.91736301  1.91837539 -0.51074966 -1.00355993]
[-0.63437762  1.65149495  1.56958867 -1.57289934]
[-0.81168615 -1.37400691  0.48906099 -0.51787682]
[ 1.19513864 -0.62596555  0.04143283 -2.38859681]
[ 1.17291246  0.41533972  0.93366546  0.86353099]
[ 1.18761411 -0.58422034  0.36729679 -0.89482147]
[ 1.08490316 -0.17650285 -2.46034447 -2.85175909]
[ 1.20534617  2.27551138  0.73332487 -0.97174315]
[ 1.26896914  1.42156625 -0.05928432  0.70930865]
[ 1.25231791 -0.23775501 -0.03363495  0.23650673]
[-0.90377001  0.57316827 -0.00786269  0.84617998]
[ 1.23927828  0.05006823  0.31658777  0.76595782]
[-0.86774963  1.28500994 -1.18662138  0.55538383]

Populations

0.01117905191
0.0102502930984
0.00774352810431
0.0142608330368
0.00934162094791
0.0155699829574
0.0145662017895
0.0141820456183
0.0138398105881
0.0101576988104
0.00892884282686
0.00672964159412
0.00841244391531
0.0018329416663
0.00937499494356
0.00874469417071
0.00361638557163
0.00399562616564
0.0101219436007
0.0166716063125
0.00671860279917
0.0161043033093
0.00572975804784
0.0205111802954
0.00936971458058
0.0122439165751
0.0142594951981
0.00667376492381
0.01001654748
0.0237670001086
0.0125496007605
0.0122791934572
0.00876627301114
0.00594328717241
0.00979894981009
0.00502343336992
0.0119502426661
0.0250796650964
0.00864172314713
0.00737087270038
0.00136717917277
0.0117279572143
0.00115963479883
0.00638845370584
0.0138728634856
0.00613126160041
0.00938577600718
0.00808458677584
0.0268637036329
0.0127271307683
0.00891910445559
0.0120810139407
0.0114759391568
0.00359873495383
0.0137979564243
0.015742651704
0.00311199413286
0.00555155122585
0.00431431547866
0.00454860166075
0.011187057662
0.0105133143152
0.00786758811869
0.00569246341672
0.0130300808824
0.0190911024447
0.0132185732121
0.00503702555423
0.0163701647793
0.00634220266984
0.0142730301319
0.0102593763231
0.00951649914301
0.00437130345104
0.00875207506935
0.00365794569185
0.00713783172121
0.0116794200015
0.0128383930224
0.00777728402438
0.011501452151
0.015620347918
0.00453808234466
0.00454750883694
0.00284044693152
0.00374536949932
0.0166960621113
0.0116827495204
0.00319922570827
0.00755621221556
0.00300859684665
0.0125728192983
0.0120832150596
0.00273798253901
0.00271793323954
0.00769210139708
0.0188513310073
0.0125447646379
0.0262708853081
0.00781205936174

State labels

0
1
2
3
4
5
6
7
8
9
10
11
12
13
14
15
16
17
18
19
20
21
22
23
24
25
26
27
28
29
30
31
32
33
34
35
36
37
38
39
40
41
42
43
44
45
46
47
48
49
50
51
52
53
54
55
56
57
58
59
60
61
62
63
64
65
66
67
68
69
70
71
72
73
74
75
76
77
78
79
80
81
82
83
84
85
86
87
88
89
90
91
92
93
94
95
96
97
98
99

Eigen values

1.0
0.951930174322
0.227324995605
0.212790536329
0.181880429456
0.174209534676
0.166622745886
0.162433951613
0.158632603636
0.148331806788
0.146708257642
0.141861103724
0.138662347456
0.133239380124
0.1265058035
0.123926938099
0.119086140535
0.117656950685
0.110721723596
0.106915547541
0.10230312143

Left eigenvectors

[ 0.01117905  0.01042891  0.00866259  0.01807214 -0.03758038  0.01107039
 -0.02075028  0.00054709  0.00141319  0.01426164 -0.01364149  0.00406625
 -0.00319271  0.00434981 -0.00431259 -0.01580119  0.01333219 -0.00061822
  0.00974358 -0.00076316 -0.00247727]
[ 0.01025029 -0.0107827   0.00178759  0.00132463 -0.0015051   0.00659834
 -0.00033772  0.00816948 -0.00968092 -0.00071112  0.01107363  0.01060307
  0.0008556   0.00298017  0.00828296  0.00401146 -0.00689323 -0.0017253
  0.00478529 -0.01471401 -0.01805315]
[ 0.00774353  0.00775727  0.00442185  0.01006752  0.02652843 -0.00950384
  0.01236352 -0.00282006 -0.00709122  0.01138462  0.00312381  0.00156416
  0.01406692  0.00395446 -0.0045838   0.00232335 -0.0033788   0.01454574
  0.01329462  0.00347973  0.00828436]
[  1.42608330e-02  -1.51496271e-02  -2.47946656e-02   1.66225865e-02
  -3.29996892e-03   1.08934425e-02   2.02054390e-02  -1.26784875e-02
   3.97818553e-02   8.46267992e-05  -4.44893171e-03  -1.56147503e-02
  -4.73716465e-03  -1.32799337e-02  -2.48397977e-03   3.28050691e-03
   1.51414133e-03   7.97457641e-03   9.83312194e-03  -1.49815973e-02
   1.13638723e-02]
[ 0.00934162 -0.00956991  0.01261721 -0.00678218  0.00172272 -0.00891891
 -0.01365025  0.00161284  0.01596253  0.00408591  0.00786806  0.00419913
  0.01481391 -0.00098227  0.00223162  0.00348229  0.00586119 -0.00010246
 -0.00239151  0.00568948  0.00494543]
[ 0.01556998  0.01504306 -0.00115874  0.0017823  -0.01141617  0.01328166
 -0.01750288  0.00217406 -0.00038829 -0.02228335 -0.00092784 -0.01562591
  0.00083399 -0.0080133   0.01528748  0.00167907  0.00681615  0.01405298
  0.01483625  0.01550191 -0.0134118 ]
[ 0.0145662   0.0144798  -0.00223177 -0.00203242 -0.02497403  0.0008559
 -0.00041758  0.00073998  0.00305808 -0.02719738  0.01038102 -0.00878321
  0.01117554  0.0078054  -0.00272105 -0.00493767 -0.0003466  -0.0064495
  0.00397836  0.00061624 -0.01266142]
[ 0.01418205  0.01432002  0.00040839  0.0009133   0.01788878  0.00629617
  0.00197821  0.01482476 -0.00443146  0.04227814  0.00688012 -0.03563427
 -0.00831977  0.00151729  0.00769392  0.00664119 -0.01278343 -0.01645266
 -0.00678122  0.0012296  -0.00672909]
[ 0.01383981 -0.01464811 -0.00798677  0.00176438 -0.00210455  0.00400458
  0.00371313 -0.03027255  0.00405428  0.00750314  0.00613104 -0.01544272
  0.00090962 -0.02143768 -0.01458916 -0.00413382  0.00668829  0.0097581
 -0.00733941 -0.00874522  0.00291095]
[  1.01576988e-02   1.28500430e-03   1.92843746e-02   2.29601445e-02
   1.05136577e-03   2.51244297e-02  -6.28982819e-04   1.68150363e-02
  -4.89882514e-05  -2.79751545e-04   2.50325345e-02   7.64089531e-03
  -8.44790108e-03   7.99079387e-04  -1.72742257e-02  -9.26677152e-03
  -2.77394391e-04   9.39614011e-03   4.96453671e-03  -3.09201543e-03
   4.24254589e-03]
[ 0.00892884 -0.00901951  0.01100571 -0.00638376  0.00253987 -0.01581021
 -0.00715302 -0.01856452  0.00883318  0.00199904  0.00802503 -0.00951403
 -0.0143778   0.01831218  0.00885002 -0.01087314  0.00479405 -0.00284356
  0.01801965  0.00570961  0.01337996]
[  6.72964159e-03  -7.06436555e-03   8.02835263e-04  -1.57721606e-03
   6.78421751e-04   1.00238565e-03   1.01504742e-03   5.94456862e-03
   3.34831189e-03  -9.14240204e-05  -1.09312225e-02   6.12206268e-03
   1.46348572e-02  -1.18925657e-02   1.18125368e-02  -1.26944480e-02
  -1.43421393e-02  -1.57251539e-02   1.44275768e-02  -3.29405629e-03
   9.00095429e-03]
[ 0.00841244 -0.00872411  0.00900703 -0.00530639  0.00029581 -0.00400944
  0.00233929 -0.00731431  0.00138927 -0.00388229  0.00112616 -0.00925477
 -0.02108321  0.01671573  0.0126943   0.00011362  0.00518763  0.01130406
  0.01215691 -0.0111249  -0.00031491]
[ 0.00183294  0.00190523  0.00149987  0.0054628  -0.00541369 -0.01247957
  0.00965379 -0.00097657 -0.00217697 -0.00152393  0.00320986  0.00186791
  0.00144117 -0.00312457  0.00422906  0.00128243  0.00253097 -0.0037939
 -0.0015383   0.00214317 -0.00763531]
[ 0.00937499  0.00951221 -0.00605493 -0.01214359  0.00226031 -0.00219336
  0.0073944   0.00109968 -0.0017141   0.01983223 -0.00409188 -0.00029492
  0.00452673  0.00585693  0.00070407  0.00765324 -0.00530077  0.00721452
  0.00666863  0.00268986  0.00132061]
[ 0.00874469  0.00895664 -0.01114586 -0.02434116  0.01174399  0.00719634
  0.00395182 -0.00519897  0.0076821   0.00183135 -0.00368855  0.02497526
 -0.00521537  0.00382109 -0.00386126 -0.01489813  0.02696555 -0.00955009
  0.00505297 -0.00295477 -0.01783971]
[ 0.00361639  0.00356761  0.00179346  0.00403929  0.00950616  0.00781602
 -0.00536323 -0.00041691 -0.00121347 -0.00688474 -0.0020374  -0.00734766
  0.00643752  0.00461189 -0.00157142  0.00192102 -0.00294971  0.00423504
  0.00257853  0.00108209 -0.0026356 ]
[ 0.00399563 -0.0036734  -0.00296731 -0.0007113   0.0009025   0.00213566
  0.00510223 -0.00221965 -0.00780593 -0.00070835 -0.00965477 -0.00441719
  0.00416221 -0.00918326 -0.0047535  -0.00394394  0.00551625  0.00180575
 -0.00848202 -0.00181847  0.00603826]
[ 0.01012194 -0.01037235 -0.00340648 -0.00090179 -0.0031793   0.00203967
 -0.00430831  0.00040311 -0.0133913   0.00042144  0.00071208  0.00368108
  0.00483557 -0.01225833  0.0069747   0.00728167  0.00165974  0.00888943
 -0.00670636 -0.02275775 -0.00107079]
[  1.66716063e-02  -1.73512455e-02   2.27211810e-02  -1.92923193e-02
  -1.89140295e-03  -3.64630028e-03   1.17810192e-02   2.68317080e-02
  -2.54772118e-02  -1.03560961e-02  -3.84682016e-02  -2.14575439e-03
   1.21421927e-03  -6.63577875e-03  -3.15493645e-05  -7.20001968e-04
   1.91204697e-03  -8.65696067e-03   1.24169614e-02  -1.08521686e-02
   1.34894156e-02]
[ 0.0067186  -0.00726205  0.00936266 -0.00828815 -0.00099918 -0.00166674
  0.00904044  0.00189269 -0.00533322 -0.00243835 -0.01531131 -0.01020302
 -0.002306   -0.00897869 -0.01734128 -0.00044784  0.00540427  0.0076669
 -0.01537218  0.00210391 -0.00507857]
[ 0.0161043   0.01591834  0.00736007  0.0163363  -0.0050432  -0.01192544
  0.0083991   0.00370006 -0.00504404 -0.02927204  0.01467427 -0.00467393
 -0.00755608 -0.01656413  0.00373824  0.00307007 -0.00413243  0.00033641
 -0.0062503   0.00829777  0.01224832]
[ 0.00572976 -0.005567    0.01247732 -0.00138466 -0.00320434  0.01388897
  0.00511595  0.00421051 -0.01509291 -0.00360277  0.01073065  0.01107509
 -0.00167261  0.0047069   0.00352362  0.02487976  0.00606006 -0.00443283
  0.00215437 -0.00628554  0.00446225]
[ 0.02051118  0.0204577   0.00139444  0.00185261  0.00659963 -0.00874798
  0.00870227  0.00326821 -0.00148999  0.02348454 -0.0014938   0.01795685
 -0.01007821 -0.00190089 -0.0044294  -0.00077331  0.00086691  0.0075123
 -0.01890332 -0.01034346  0.03271995]
[ 0.00936971 -0.01024357 -0.01134114  0.00394505  0.00245776 -0.00104568
  0.00229799  0.02404429 -0.00595931 -0.00398344 -0.01217119  0.0047919
  0.00814895 -0.00626349 -0.00974333 -0.0021924   0.00028737 -0.00035254
 -0.00201186  0.00310072  0.00834449]
[ 0.01224392 -0.01238527  0.01728885 -0.00980934  0.00090784 -0.00255241
 -0.00969167 -0.01211969 -0.01040378  0.00371803  0.00533005  0.00316244
 -0.00349316  0.01087839 -0.0012876  -0.00431419 -0.00388596 -0.00510533
 -0.00696226  0.03003782 -0.00804651]
[ 0.0142595  -0.01537423 -0.02945463  0.01149921  0.00221755 -0.00696283
 -0.00554001  0.00257816 -0.00219338 -0.00502063  0.00320612 -0.0038377
 -0.01616756  0.02330905  0.02870572 -0.00467532  0.0110156   0.01514904
 -0.00713469  0.00027183  0.01837843]
[ 0.00667376 -0.00662789 -0.0050057   0.00337029  0.00034712  0.00634739
  0.00551116  0.00066982 -0.00389064 -0.00032208 -0.00507359  0.00347072
  0.0036741  -0.00510684  0.00219365 -0.0131056  -0.01337125 -0.01472577
  0.0099663   0.00776414  0.00956701]
[ 0.01001655 -0.00998877  0.01371932 -0.01200273  0.0023099  -0.01301848
 -0.01122007 -0.01418832  0.01323993  0.00087465  0.00264604 -0.00206924
 -0.00669127  0.01537952  0.01035975 -0.00811273 -0.00724565 -0.00793471
 -0.00557407  0.02260485  0.00287385]
[ 0.023767    0.02309947  0.0066698   0.01212311  0.01580716 -0.02095924
  0.01670381 -0.00153454 -0.00691412 -0.02203495  0.01388892 -0.01153359
  0.01932091 -0.00092929 -0.00313329 -0.0006957   0.00461868  0.01601185
  0.00579587 -0.00082657  0.01849439]
[ 0.0125496   0.0126986  -0.00453509 -0.00854403 -0.00495375  0.00149434
 -0.00528399 -0.0057861   0.00079476  0.01065846 -0.01532604  0.01463043
 -0.00041514  0.00310348  0.00057762  0.00375407  0.00135028  0.00980862
 -0.00230772 -0.00346085  0.00644606]
[ 0.01227919  0.0112709   0.0010866   0.00102056 -0.02314461  0.01158637
 -0.01107876  0.00187315 -0.0027266   0.00611697 -0.00646778  0.00244971
 -0.00027107 -0.00325703 -0.00262376 -0.00819405  0.00505012  0.01452939
  0.01768475  0.01151157  0.00668063]
[ 0.00876627  0.00612717  0.00949546  0.01604706  0.01625717  0.01054071
 -0.00326441  0.01224408 -0.00045657  0.00392095  0.01408442  0.00330273
 -0.00633629 -0.00392    -0.0081607  -0.01048761 -0.00356539  0.00496032
  0.00239535  0.00730102  0.00888436]
[ 0.00594329 -0.00636211 -0.00967263  0.00446642  0.00261312 -0.00287708
 -0.0019562   0.01551081  0.00364229 -0.00305199 -0.0065361   0.00510752
  0.00313397  0.00449039  0.00681938  0.00091126 -0.00046302 -0.003288
  0.0021068   0.01114122  0.01290543]
[ 0.00979895  0.00982858 -0.00298042 -0.00594843 -0.01232781 -0.00512689
  0.00937784  0.01193248 -0.00194185  0.02552237  0.01027998 -0.0163508
 -0.00180494  0.00137375 -0.00033906  0.00229538 -0.00907021 -0.00208484
 -0.00722098 -0.00099802  0.01338007]
[ 0.00502343  0.00511145 -0.00311863 -0.00545815 -0.0045132   0.0025828
 -0.00289785  0.00204082  0.00250318 -0.01713733  0.0045185  -0.00808334
 -0.00317646 -0.00869389  0.00590369  0.00223738  0.00173288  0.00333303
  0.00587009  0.00651112 -0.00588836]
[  1.19502427e-02  -1.27469876e-02  -3.07213072e-03  -7.77419075e-04
   8.61530796e-05   7.96612745e-03   1.44596313e-02  -1.68737647e-02
  -4.65215863e-03   1.26842905e-03  -7.77766873e-03  -8.70277086e-03
   1.33342220e-03  -1.61757165e-02   8.56541503e-03  -1.99469470e-02
  -1.20738919e-02   4.53913301e-03  -8.03183794e-03   6.91597239e-05
  -8.21243790e-03]
[ 0.02507967  0.02527482 -0.01933717 -0.03222355 -0.01169345 -0.00221953
  0.01134999 -0.00125202 -0.00408923  0.03918755 -0.01261901 -0.0027694
  0.01160128  0.0041456   0.01146707  0.02185165 -0.00333558  0.02632775
  0.00841054  0.01169369 -0.00386104]
[ 0.00864172 -0.0090993  -0.01326179  0.00533861  0.00266833 -0.00904747
 -0.01285789  0.01828333 -0.00534999 -0.00111924 -0.00013505  0.00442615
  0.00296091 -0.00037147  0.00469885 -0.01200585 -0.00303661  0.01247218
 -0.00430226 -0.01207735 -0.01026834]
[  7.37087270e-03  -7.80884971e-03   7.17708647e-03  -1.74161578e-03
  -3.11026970e-05   1.42687331e-03   9.03725313e-04   9.93917354e-03
   1.62349442e-02   9.09934666e-04   1.75158421e-03   5.82680100e-03
   9.50216732e-03   1.72014123e-03  -1.03038820e-03   1.85032230e-02
   8.14529539e-03   1.45700893e-04  -6.17464325e-03  -4.77911932e-03
   4.44910058e-03]
[ 0.00136718  0.00141801 -0.00106012 -0.00144683  0.00073019  0.00072506
 -0.00011067 -0.00313923 -0.00033992 -0.00693205 -0.0010174  -0.00017137
  0.00827352  0.00778483 -0.00411447  0.00273767 -0.00727739  0.00646441
  0.0032822  -0.00093308 -0.00094407]
[ 0.01172796 -0.01203466  0.02355614 -0.00379836 -0.00565592  0.02539017
  0.01638218 -0.02364173  0.01668179  0.00421715  0.01147842  0.0101736
  0.01316681  0.00273005  0.00344033  0.01479908  0.00265418 -0.00011937
 -0.03294247  0.03122234  0.00866192]
[ 0.00115963  0.00119348  0.00172248  0.00534107 -0.00131606 -0.00949554
  0.00757919 -0.00250137 -0.00263268 -0.00133482  0.00132008  0.00032185
  0.00792924  0.00265261  0.00082874  0.00085983  0.00194863  0.00143756
  0.0026971   0.00084549 -0.003671  ]
[ 0.00638845 -0.00614903  0.01202167 -0.00291727  0.00167733  0.00208024
  0.00454575  0.01021008 -0.00072989 -0.00127715  0.00047385  0.00363965
  0.00051829  0.00220679  0.00345526 -0.01144318 -0.00361073  0.00769584
 -0.00613361 -0.00015955 -0.00344275]
[ 0.01387286  0.01378766 -0.00530059 -0.00707364 -0.02303887  0.00309319
 -0.00817468  0.00075143  0.0017604  -0.01175941 -0.0021906   0.00031738
 -0.00258848 -0.00428648  0.00211811 -0.00260925 -0.00674827  0.00489089
  0.01334921  0.01149724 -0.00480922]
[ 0.00613126 -0.00647359 -0.01145963  0.00833902  0.00315508 -0.00086361
 -0.00182642  0.02011422  0.00569789 -0.00218273 -0.00666876  0.01003346
  0.0061694   0.00758401  0.00370247 -0.00103616 -0.00239695 -0.00161721
 -0.01201786  0.02141132 -0.00189514]
[ 0.00938578  0.00956561 -0.0018079  -0.00350208  0.01018722 -0.00338561
 -0.00391701 -0.00726761  0.00358882 -0.02027846 -0.00289311  0.0044581
 -0.00215605  0.0049525  -0.00393234  0.00875172 -0.02612304 -0.00477349
 -0.00383977 -0.00545781 -0.00300292]
[ 0.00808459 -0.00718017  0.00769875 -0.00343784 -0.00095763  0.00263934
 -0.00154949  0.01158626 -0.00088998 -0.00260061 -0.00288034  0.0037138
  0.00465946 -0.00074335  0.00791253  0.01422199  0.00892614 -0.00419659
 -0.00094371 -0.00345718  0.00641983]
[ 0.0268637   0.02685243 -0.00689371 -0.0113268  -0.01788343  0.00198512
  0.00598003  0.0185863   0.00047148  0.00250173  0.02957301 -0.02560417
 -0.00380389  0.00088878  0.00888891 -0.01361088 -0.00016954 -0.04057903
 -0.00945047 -0.00059385 -0.00852062]
[  1.27271308e-02  -1.34366681e-02   1.13377787e-02  -8.09180257e-03
   5.32044452e-04  -1.57666024e-02  -2.18241829e-03  -4.66165854e-03
   3.69974142e-02   1.29172926e-03  -4.58912467e-03  -1.15173440e-02
  -6.59253230e-04   3.56955258e-05  -5.20551976e-03   1.21912525e-02
   7.03842563e-03  -3.57817744e-03   1.22079487e-02  -1.64914594e-02
   2.70582886e-03]
[ 0.0089191   0.00694532  0.00728825  0.0069489   0.0119073   0.00655414
  0.00104379  0.01019133 -0.00351372  0.00060851  0.01873113  0.00382314
 -0.00052728 -0.00054069 -0.01468023 -0.02449148 -0.00563668 -0.00443334
  0.0061547  -0.00012206  0.01875521]
[ 0.01208101 -0.0128201  -0.01478404  0.00132745  0.00113486 -0.01459077
 -0.01517205  0.00017165 -0.0140139  -0.00049279 -0.0026787  -0.00075033
 -0.00406894  0.00163921 -0.01738265  0.01618343  0.00700386 -0.01509199
  0.00566533 -0.00512895  0.00351403]
[ 0.01147594 -0.01225092 -0.01604396  0.00564403  0.00148101 -0.00081754
  0.01135493 -0.00192674  0.00121029 -0.00111609 -0.01512626 -0.01335744
 -0.01152015 -0.00060478 -0.01772456 -0.00161747  0.00640595  0.00679179
 -0.00364607  0.00604945  0.00013016]
[ 0.00359873  0.00023417  0.00291606  0.00128048 -0.00345664 -0.00343335
 -0.0004877   0.00399611  0.00289022 -0.00413331  0.00474596 -0.00594979
 -0.00762445 -0.00710408 -0.00111275 -0.00074189 -0.00029157  0.00799146
  0.00168123 -0.00487402  0.00509559]
[ 0.01379796 -0.01487645  0.0104728  -0.00831513 -0.00295204  0.0110557
  0.00998924 -0.01203407 -0.02084935 -0.00124158 -0.00358512  0.00701499
  0.00118778  0.0008041   0.02025337  0.00355184 -0.00775651 -0.01733999
  0.0070584  -0.00048288  0.00647055]
[ 0.01574265  0.01566329 -0.00893158 -0.01786395  0.02481298  0.0014408
  0.00821151 -0.00496649 -0.00335701  0.00671607  0.0050991   0.0032579
  0.01819533  0.00904981 -0.00210751  0.00176583 -0.00552025  0.00942373
  0.0144727   0.00096114 -0.01028135]
[ 0.00311199 -0.00142056  0.00113041  0.00474045 -0.00226691  0.00790804
 -0.00187616 -0.00825432  0.00606606  0.00084516 -0.00011512  0.00367096
  0.00671988 -0.00558914 -0.00261858  0.00650997  0.00631223 -0.00394328
 -0.00014671  0.00836644  0.00784134]
[ 0.00555155  0.00494182  0.01288901  0.0300863  -0.00564263 -0.02011183
  0.00749087 -0.0046855  -0.0027964   0.01212062 -0.00587544  0.0076111
 -0.00064941 -0.0013176   0.00698125 -0.00354848  0.00846727 -0.00653938
  0.00728914  0.00198614 -0.01367846]
[ 0.00431432 -0.0020123   0.00099622 -0.00428046 -0.00091307 -0.00265009
 -0.01622638 -0.00012685 -0.00483605  0.00434031  0.0068862   0.00817525
  0.01045504 -0.00429784  0.01069689 -0.00111281 -0.00489455 -0.00013035
 -0.00015698 -0.00336089 -0.00249561]
[ 0.0045486  -0.00495577  0.00958066 -0.00500837 -0.00172128  0.00605166
  0.01043654  0.00595639 -0.01170391 -0.00526876 -0.00669659  0.00191914
 -0.00736996  0.00705917  0.00445254  0.00953853  0.00295216 -0.00183483
  0.00795175 -0.00591845  0.00468122]
[  1.11870577e-02  -1.19376724e-02   1.16057156e-02  -4.82496490e-03
  -3.37354033e-04   1.26846986e-02   1.69850081e-02  -5.69002475e-03
  -2.13019393e-04   1.80401205e-04  -6.62873171e-03  -1.10547105e-03
   2.45260975e-03  -6.16567042e-03   9.11361005e-03  -2.06248312e-02
  -1.76827719e-02   9.63198788e-03  -1.50735802e-02  -1.02206058e-05
  -2.61110981e-02]
[ 0.01051331 -0.01123152 -0.00578467 -0.00280764  0.00169917 -0.00976359
 -0.01054938 -0.00288765 -0.02616635 -0.00272179  0.00179535 -0.00434828
 -0.01556167  0.01607419  0.00540754 -0.00584529  0.01352449  0.01000193
 -0.00406751  0.00546009  0.01447628]
[ 0.00786759 -0.00840313  0.00259144  0.00121643 -0.00101675  0.01109585
  0.01643011  0.00068933 -0.00326002 -0.00284392 -0.00442642  0.00084353
 -0.01206568  0.00829526  0.00596939 -0.00596703 -0.01518318 -0.00095428
  0.0115882  -0.00328092 -0.02029315]
[  5.69246342e-03   4.53422318e-03   4.13582956e-03   3.98483339e-03
   5.02055948e-03  -8.18595555e-03  -6.94938963e-03  -4.04602625e-03
   4.94986968e-03  -7.22621812e-03  -2.74080557e-03  -7.05338723e-05
  -8.92916017e-03   4.59070304e-03  -4.40564073e-03   3.44690697e-03
  -1.75725279e-02  -1.33355935e-02  -1.36074314e-02  -1.01252660e-02
   7.41725166e-03]
[ 0.01303008  0.01231619  0.01130029  0.02251575  0.01419859  0.0109338
 -0.02549408 -0.01294675 -0.00293799  0.00068728 -0.02898798 -0.00021742
 -0.00361997  0.00502956  0.00011303  0.00349902 -0.01003601  0.00525532
 -0.00694293 -0.01005712 -0.01192363]
[ 0.0190911   0.01903581 -0.00629893 -0.01249625 -0.01914965  0.02030333
 -0.00757939  0.01005857  0.00282367  0.0137217  -0.00176105 -0.02676212
  0.01187189  0.01857617  0.00361937 -0.00848762  0.0183905  -0.0261045
 -0.0137534  -0.0153466  -0.00368299]
[ 0.01321857 -0.01386903  0.0211295  -0.017151    0.00128383 -0.01714174
 -0.00583307  0.0003196  -0.00460195 -0.00099112 -0.00981238 -0.01040347
 -0.00012986 -0.00333059 -0.01291432 -0.00887497  0.00181976 -0.010566
  0.01382758  0.00941442  0.0025733 ]
[ 0.00503703 -0.00533628 -0.00215673  0.00166139 -0.00060504  0.00242639
 -0.00079057  0.00063932 -0.00246481  0.00018594  0.0057735   0.00017719
 -0.00120947  0.00038394  0.00313092  0.00123714  0.00355143  0.01244463
 -0.01205128 -0.00775182 -0.0043484 ]
[  1.63701648e-02   1.62122016e-02  -8.72851354e-03  -1.62064254e-02
   3.38728683e-05  -1.41715823e-03  -4.19187871e-04  -2.03281526e-03
   3.12253319e-03  -1.62673361e-02   2.89428935e-03   1.14880728e-02
  -8.46329355e-03  -2.68446391e-02   5.81871072e-03   2.09309055e-02
  -6.04550459e-03   3.05492092e-02   1.84419511e-02   2.47712936e-02
   1.94652190e-03]
[  6.34220267e-03   6.12638344e-03   1.56556879e-03   2.89154907e-05
   8.74155939e-03   2.69739300e-03  -7.81621668e-03  -2.33058192e-03
   6.79777560e-03  -9.93373283e-03  -3.50215306e-03   1.28869625e-02
  -1.80843838e-02  -8.50676815e-03  -5.66351258e-03   3.88595528e-03
  -1.35392876e-02   2.70621999e-03  -8.78287484e-04  -4.08549914e-03
  -1.02833679e-03]
[  1.42730301e-02  -1.43551342e-02   1.19859645e-02  -4.02031035e-04
   1.62962034e-03  -4.49002380e-03  -8.45892170e-03   5.59379700e-03
   1.03272762e-02  -9.22064179e-05   1.75066751e-02  -1.44263017e-03
  -6.90483745e-03   9.02460365e-03  -6.61665535e-03  -3.10082906e-03
   4.65101257e-03   1.16298252e-02   1.50045911e-02  -1.81771896e-02
  -5.15706839e-03]
[ 0.01025938 -0.01057218 -0.00725074  0.01520662 -0.0011999   0.01485894
  0.01344596 -0.00634721  0.00497296  0.00285663  0.01416069  0.00539438
 -0.01159744  0.01258089 -0.01024366  0.00713692 -0.00015423 -0.00611791
  0.0119743   0.00687935 -0.00981091]
[ 0.0095165  -0.0095953   0.01426529 -0.00737509 -0.00098154 -0.01103626
 -0.00652301  0.01519164  0.00839049  0.00340053  0.00123374 -0.004874
  0.00314074 -0.00857249 -0.0292614   0.00775709  0.00218627  0.00151305
  0.00308832  0.00263558 -0.0154778 ]
[  4.37130345e-03   3.54806953e-03   6.12926969e-04  -1.07992415e-03
   3.03272130e-03  -3.91471790e-03  -9.40443293e-03  -5.78695570e-03
   3.04535401e-03  -1.80432330e-03  -7.17759523e-03   3.91840440e-03
  -5.52106311e-03  -1.73592142e-05   5.79805983e-03   3.42587173e-03
  -9.44359814e-03  -1.08625112e-02  -3.64549661e-03  -4.63800642e-03
   4.32291816e-05]
[ 0.00875208 -0.0094169  -0.01758692  0.00671923 -0.00112957  0.00156646
  0.00470948 -0.00123528  0.00371435 -0.00039596 -0.01069143  0.00018245
  0.00522279 -0.00936881 -0.00752505  0.00565553 -0.00625829 -0.02022677
  0.01586625  0.01073395  0.01040927]
[ 0.00365795 -0.00362353  0.00364294  0.00216745 -0.00139016  0.00596591
  0.00805883  0.00433334  0.01690267  0.00035672 -0.00108203 -0.00052351
  0.00282284  0.00020685  0.00185479  0.00183447  0.00107928  0.00252766
  0.00322133 -0.0110704   0.00114637]
[  7.13783172e-03   6.53223604e-03  -1.84577697e-03  -6.58227451e-03
  -1.28845501e-02  -4.83720792e-03  -1.30880045e-03   8.43209564e-03
   2.22846826e-03   5.74068848e-03   2.02904840e-03  -2.37930152e-03
  -1.67095785e-02  -1.98708602e-02   9.68865478e-03   1.94330615e-02
  -1.16789810e-02   7.06127933e-03  -2.11658629e-05   8.83050983e-03
   7.61253614e-04]
[  1.16794200e-02  -1.19378540e-02   7.52738812e-04  -1.14483713e-03
   4.15143326e-03  -1.35903488e-02  -1.29777771e-02   2.05804370e-02
   6.03651211e-03  -2.32885378e-05   5.02158000e-04   3.53946327e-05
   1.89997884e-03   5.49542556e-03  -2.50817005e-02   1.23217017e-03
  -3.17191363e-04   4.17200476e-03  -1.36331938e-02   1.88923696e-02
  -2.10658391e-02]
[ 0.01283839  0.0130662  -0.00450169 -0.00996169  0.02787675  0.01619711
 -0.0008502   0.0074081   0.00149252  0.01093644  0.0057815  -0.01980316
 -0.00270635  0.00257802  0.0028932   0.00366028  0.00353857 -0.00990846
  0.00394811  0.00232556 -0.01946528]
[ 0.00777728 -0.00784321  0.00185204 -0.00559936 -0.00323995 -0.00448495
 -0.02073519 -0.01361697 -0.00971022  0.00931079  0.01835096  0.00452162
  0.01785408 -0.0216394  -0.0047637  -0.00291627 -0.00764852 -0.00335385
 -0.00051022 -0.0024297  -0.00328184]
[ 0.01150145 -0.01174159 -0.01048407  0.00608575  0.00105259  0.00717205
 -0.00671053 -0.00589979  0.00102788  0.00313834  0.01097175  0.00772816
  0.01829719 -0.01044601  0.03318275 -0.01623344 -0.00083325  0.01354718
 -0.01470946 -0.01155899  0.01151587]
[  1.56203479e-02   1.59061750e-02  -4.71216226e-03  -7.36684341e-03
   5.29515067e-03  -1.65752080e-02   1.75630604e-02  -4.53681194e-03
   6.92066191e-04   1.53932509e-02   2.73335574e-04   2.67028820e-02
  -4.13055989e-03  -2.08710761e-04   3.42921506e-04   2.97408148e-05
   4.24158101e-03   6.47363676e-03   2.61089630e-03  -2.99472464e-03
  -8.42681976e-04]
[ 0.00453808 -0.00492756 -0.00616493  0.00180812  0.00025947 -0.00497655
 -0.01016416  0.00052996 -0.00010028  0.00261661  0.00912996  0.00457309
  0.00539435  0.0001466   0.00133509  0.00509427 -0.00037346 -0.00062013
  0.00023138 -0.01075021 -0.01317071]
[ 0.00454751 -0.00498017 -0.00420893  0.00052871  0.0003574  -0.00015357
 -0.00135957  0.00153276 -0.01161263 -0.0012313   0.00098264  0.00120645
 -0.00166537  0.00400161 -0.00354632  0.00819155  0.0095461   0.00456278
 -0.0153548   0.00298397 -0.00402737]
[ 0.00284045 -0.00285728  0.00381473  0.00108364 -0.00043547 -0.00337148
  0.00064054  0.00777485  0.01385276  0.00170005 -0.00334347  0.00337884
  0.00771491 -0.00161038  0.00618678  0.00237945 -0.00020938 -0.00110098
  0.00215358 -0.00801531 -0.00540249]
[  3.74536950e-03  -4.12140793e-03  -4.18305521e-03  -4.44912709e-05
   6.24940463e-04  -6.87682534e-03  -6.34892400e-03  -4.02212614e-03
   2.52078617e-03   1.46989387e-03   2.45097428e-03  -4.69877449e-03
  -2.10693039e-03   1.72153147e-03  -1.00697670e-03  -1.06581280e-03
   6.89533287e-03   4.73020512e-03  -5.17457462e-04  -4.73536214e-03
   7.55152791e-03]
[ 0.01669606  0.01606977  0.00839141  0.02269447 -0.00346008 -0.00163037
 -0.00052716 -0.00799956 -0.00658842 -0.00995571 -0.016203   -0.00032789
  0.00478795 -0.01060277  0.00677191  0.0003814   0.0243662   0.00401299
 -0.00230599  0.00937782 -0.00626762]
[ 0.01168275 -0.01226912 -0.02473284  0.01380321 -0.00466902  0.01108158
  0.0008308  -0.01657208 -0.01759348  0.00203992  0.01808916  0.00836634
 -0.00333061  0.00477089 -0.01261667  0.02648729  0.00038595 -0.02420232
  0.01281048 -0.00319689 -0.00576383]
[ 0.00319923 -0.00305268 -0.00312928 -0.00058711  0.000581   -0.00405258
 -0.00770099 -0.00402097 -0.00448279  0.00153508  0.00382929  0.00061909
  0.00290367 -0.0062052  -0.00597615 -0.00211331 -0.00106741 -0.00276276
  0.00675443  0.00182289  0.0040686 ]
[ 0.00755621 -0.00790387  0.00322078 -0.00472894  0.00169407  0.00023467
  0.00306321 -0.01090385 -0.00865561  0.00073907  0.00033609 -0.00703193
 -0.00442401 -0.00455826 -0.00307487 -0.01192195 -0.00258872  0.00693944
 -0.00071296 -0.00085185 -0.00095284]
[ 0.0030086   0.00310429 -0.00460946 -0.01078026 -0.00026888  0.00130849
  0.00316905 -0.00186145  0.00439026  0.00091098  0.00045387  0.0237245
 -0.00826639 -0.00098612 -0.00812648 -0.011866    0.00936234  0.00063241
  0.00343556 -0.00157642 -0.00085663]
[  1.25728193e-02   1.17664903e-02   9.77879302e-03   2.16481122e-02
   1.14003968e-02   3.55804868e-03  -1.52304400e-02  -1.57359719e-02
   8.22251472e-04   1.48940712e-02  -3.19724260e-02   1.18426623e-02
  -1.24045811e-02   1.17710398e-04   2.70992495e-05   1.20795460e-02
  -3.19035661e-03   7.20313204e-04  -1.08408958e-02  -6.14470086e-03
  -6.67509486e-04]
[ 0.01208322  0.01196471  0.00351455  0.00575364 -0.00115841 -0.00846651
  0.00113838  0.00235854  0.00423357 -0.0002342   0.00137533  0.00924777
 -0.02696494 -0.01702551  0.00492872  0.00448353 -0.00260078 -0.01211767
 -0.01505193 -0.00444769 -0.00160646]
[  2.73798254e-03   2.78697361e-03  -1.20646675e-06   4.24421458e-04
   3.99919145e-03   8.60662019e-04  -1.29249758e-03  -7.65200939e-04
   1.15768145e-03  -8.69464308e-03  -4.61898849e-04  -1.88541414e-03
  -1.43019564e-03  -3.29443595e-03   2.56565167e-03  -5.60925027e-04
   8.37826444e-03  -7.35245298e-03  -4.86596755e-03  -2.74458293e-04
  -1.59624062e-03]
[ 0.00271793  0.00270424  0.00083744  0.00281157 -0.01409203  0.00465542
 -0.00348537  0.00034153 -0.00020802  0.00027933 -0.0033213  -0.00226785
  0.00375913  0.00778542 -0.00526792 -0.00547939  0.00244811 -0.00137559
 -0.00202859 -0.00261092  0.00215307]
[ 0.0076921   0.00745143 -0.00176983 -0.00070849 -0.0231227  -0.0011033
  0.00140737 -0.0084692  -0.00100358 -0.00145536 -0.00768931  0.00509955
  0.01595624  0.02932067 -0.01868843  0.00166791 -0.02218263  0.00868929
 -0.00617741 -0.01037361  0.0091388 ]
[  1.88513310e-02   1.94662744e-02  -1.03450421e-02  -1.65716831e-02
  -1.15881901e-02  -2.19228110e-02   2.67953396e-02  -1.90428745e-03
   2.48597847e-03  -2.79459303e-02   2.04016350e-02   9.85435916e-03
  -7.81680116e-05   5.82998304e-03  -1.16790282e-02  -1.44734337e-02
  -6.16837321e-03  -2.12492394e-02  -3.59878476e-02  -2.09306138e-02
   1.25645473e-02]
[ 0.01254476 -0.01383096 -0.02496606  0.01238237  0.00300383 -0.0027263
  0.00210653  0.0090657   0.01649499 -0.00252673 -0.00181532  0.00369038
 -0.00772372  0.02191916  0.0096894  -0.00296581 -0.00891819  0.00040556
 -0.00706531  0.02190664 -0.01327438]
[ 0.02627089  0.02557246 -0.00100377 -0.00014532  0.04534284  0.01457957
 -0.00900493 -0.0122381   0.0009285  -0.03215657 -0.01387006 -0.01952088
  0.03225956  0.005922    0.00939785 -0.0042174   0.05068955 -0.02213341
 -0.00287434 -0.00895375  0.00054006]
[ 0.00781206 -0.00857079 -0.01437997  0.0040367  -0.00047812 -0.00070859
  0.00222278 -0.01049155 -0.00649385  0.00294033 -0.00069785 -0.0072205
 -0.00285742 -0.00888294 -0.01627111 -0.00306724 -0.00350307 -0.0025083
  0.00153236 -0.00368706 -0.0123918 ]

Right eigenvectors

[ 1.          0.93289774  0.77489522  1.61660788 -3.36167856  0.99027985
 -1.85617502  0.04893904  0.12641406  1.27574668 -1.2202728   0.36373802
 -0.28559739  0.38910375 -0.38577462 -1.41346451  1.19260432 -0.0553013
  0.87159313 -0.06826741 -0.22159958]
[ 1.         -1.05194058  0.1743941   0.12922871 -0.14683464  0.64372243
 -0.0329475   0.7969998  -0.94445288 -0.06937556  1.08032338  1.03441631
  0.08347042  0.29073963  0.808071    0.39135035 -0.67249129 -0.16831701
  0.466844   -1.43547241 -1.76123211]
[ 1.          1.0017741   0.57103865  1.30012076  3.42588433 -1.22732639
  1.59662675 -0.36418291 -0.91576041  1.47021034  0.4034095   0.20199579
  1.81660289  0.51067938 -0.59195243  0.30003779 -0.43633904  1.8784387
  1.71686862  0.44937301  1.06984333]
[ 1.         -1.06232414 -1.73865478  1.16561119 -0.23140085  0.7638714
  1.41684844 -0.88904256  2.78958846  0.00593421 -0.31196857 -1.09493956
 -0.33218008 -0.93121725 -0.17418195  0.23003613  0.10617482  0.55919429
  0.68951946 -1.05054153  0.79685894]
[ 1.         -1.02443751  1.35064505 -0.72601711  0.18441324 -0.95474964
 -1.46122916  0.17265087  1.70875411  0.43738783  0.84225883  0.44950765
  1.58579647 -0.10515012  0.23888949  0.37277105  0.62742713 -0.0109678
 -0.2560059   0.60904595  0.52939698]
[ 1.          0.96615805 -0.0744217   0.11447046 -0.7332166   0.85302993
 -1.12414277  0.13963132 -0.02493832 -1.4311735  -0.05959134 -1.00359168
  0.0535637  -0.51466354  0.98185614  0.10784041  0.43777531  0.90256868
  0.95287542  0.99562772 -0.86138844]
[ 1.          0.99406826 -0.15321588 -0.13952998 -1.71451934  0.0587593
 -0.0286677   0.05080138  0.20994362 -1.86715631  0.71267858 -0.60298582
  0.76722386  0.53585722 -0.18680562 -0.33898109 -0.02379494 -0.44277159
  0.27312268  0.04230633 -0.86923258]
[ 1.          1.00972886  0.02879661  0.06439854  1.2613683   0.44395363
  0.13948717  1.04531917 -0.31246943  2.98110325  0.48512863 -2.51263251
 -0.58664117  0.10698635  0.54251149  0.46828144 -0.90138138 -1.16010519
 -0.47815545  0.08670114 -0.47447973]
[ 1.         -1.05840375 -0.57708675  0.12748613 -0.15206478  0.28935191
  0.2682935  -2.18735324  0.29294339  0.54214148  0.443      -1.11581895
  0.06572486 -1.54898675 -1.05414416 -0.29869031  0.48326461  0.70507492
 -0.53031134 -0.63188893  0.21033139]
[ 1.          0.12650545  1.89849836  2.2603687   0.10350433  2.47343716
 -0.06192178  1.6553982  -0.00482277 -0.02754084  2.46439031  0.752227
 -0.8316747   0.07866736 -1.70060425 -0.91229044 -0.02730878  0.92502645
  0.4887462  -0.30440117  0.41766801]
[ 1.         -1.01015389  1.23260158 -0.7149599   0.28445624 -1.77068959
 -0.80111407 -2.07916316  0.98928599  0.22388586  0.89877569 -1.06553942
 -1.61026465  2.05090188  0.9911718  -1.21775419  0.53691699 -0.31846903
  2.01813907  0.63945729  1.49850993]
[ 1.         -1.04973875  0.11929837 -0.23436851  0.10081098  0.14895082
  0.15083231  0.88334104  0.49754684 -0.01358527 -1.62433948  0.90971601
  2.17468598 -1.76719154  1.75529954 -1.88634831 -2.13118917 -2.33670006
  2.14388486 -0.48948465  1.33750872]
[ 1.         -1.03704775  1.07067994 -0.63077837  0.03516305 -0.47660847
  0.27807528 -0.8694627   0.16514507 -0.46149383  0.13386877 -1.10012813
 -2.50619289  1.98702383  1.50899095  0.01350672  0.61666172  1.34373115
  1.44511051 -1.32243385 -0.03743405]
[ 1.          1.03943601  0.81828835  2.98034332 -2.95355492 -6.80849181
  5.26682638 -0.5327866  -1.18768962 -0.83141416  1.75120689  1.01907597
  0.78626276 -1.70467775  2.30725555  0.69965623  1.38082536 -2.06984401
 -0.83925382  1.16925036 -4.16560264]
[ 1.          1.01463611 -0.64585929 -1.29531653  0.2410997  -0.23395887
  0.78873639  0.1172996  -0.1828372   2.11543915 -0.43646782 -0.03145843
  0.48285155  0.62474004  0.07510114  0.81634628 -0.56541598  0.76954928
  0.71132061  0.2869184   0.14086476]
[ 1.          1.02423691 -1.2745855  -2.7835348   1.34298449  0.82293774
  0.45191111 -0.59452809  0.87848752  0.20942392 -0.42180441  2.85604746
 -0.59640443  0.43696083 -0.44155405 -1.70367611  3.08364679 -1.09210072
  0.57783215 -0.33789243 -2.04006094]
[ 1.          0.98651381  0.49592689  1.11694137  2.6286355   2.16127978
 -1.48303731 -0.11528249 -0.33554842 -1.90376135 -0.56338061 -2.03176872
  1.78009859  1.27527595 -0.434529    0.53119804 -0.8156505   1.17106877
  0.7130139   0.29921918 -0.72879309]
[ 1.         -0.91935463 -0.74263994 -0.17802076  0.22587263  0.53449826
  1.27695429 -0.55552075 -1.95361867 -0.17728112 -2.41633358 -1.10550581
  1.04169033 -2.29832923 -1.18967466 -0.98706424  1.38057086  0.45193233
 -2.12282598 -0.45511443  1.51121674]
[ 1.         -1.02473857 -0.33654408 -0.08909252 -0.31409991  0.20150966
 -0.4256409   0.03982512 -1.32299724  0.04163656  0.07035047  0.36367343
  0.47773172 -1.21106519  0.68906679  0.71939476  0.16397463  0.8782337
 -0.6625564  -2.24835755 -0.10578859]
[  1.00000000e+00  -1.04076627e+00   1.36286693e+00  -1.15719619e+00
  -1.13450553e-01  -2.18713195e-01   7.06651717e-01   1.60942548e+00
  -1.52817979e+00  -6.21181662e-01  -2.30740823e+00  -1.28707117e-01
   7.28315705e-02  -3.98028758e-01  -1.89240100e-03  -4.31873183e-02
   1.14688827e-01  -5.19263741e-01   7.44796943e-01  -6.50937195e-01
   8.09125126e-01]
[ 1.         -1.08088632  1.39354336 -1.23361207 -0.14871775 -0.24807822
  1.34558295  0.2817093  -0.79379944 -0.36292497 -2.2789423  -1.51862242
 -0.34322559 -1.33639221 -2.58108433 -0.06665664  0.80437424  1.14114459
 -2.2880023   0.31314708 -0.75589708]
[ 1.          0.98845243  0.45702511  1.01440563 -0.31315826 -0.74051238
  0.52154358  0.22975627 -0.31321067 -1.81765311  0.91120159 -0.29022886
 -0.46919648 -1.0285531   0.23212678  0.19063675 -0.25660386  0.02088961
 -0.38811361  0.51525142  0.76056209]
[ 1.         -0.97159357  2.17763492 -0.24166125 -0.55924582  2.42400591
  0.89287369  0.73484952 -2.63412713 -0.62878269  1.87279209  1.9329075
 -0.29191689  0.82148289  0.61496789  4.34220068  1.05764622 -0.77364998
  0.37599692 -1.09699898  0.7787855 ]
[ 1.          0.99739286  0.06798462  0.09032218  0.32175776 -0.42649821
  0.42426952  0.15933775 -0.07264293  1.14496306 -0.07282844  0.87546639
 -0.4913519  -0.09267599 -0.21595074 -0.03770189  0.04226531  0.36625376
 -0.92161063 -0.50428382  1.59522529]
[ 1.         -1.09326345 -1.2104041   0.42104293  0.26230919 -0.11160194
  0.24525746  2.56617072 -0.63601871 -0.42514045 -1.29899271  0.511424
  0.86971197 -0.66848285 -1.03987444 -0.2339877   0.03067038 -0.03762503
 -0.21471951  0.33093018  0.8905813 ]
[ 1.         -1.01154504  1.41203616 -0.80116069  0.0741465  -0.20846341
 -0.79155006 -0.98985407 -0.84970988  0.30366348  0.4353223   0.25828666
 -0.2852978   0.88847293 -0.10516233 -0.35235346 -0.31737862 -0.41696889
 -0.56862991  2.45328552 -0.6571847 ]
[ 1.         -1.07817517 -2.06561506  0.80642492  0.15551367 -0.48829417
 -0.38851405  0.18080334 -0.15381869 -0.35209014  0.22484123 -0.26913263
 -1.13381033  1.63463361  2.01309537 -0.3278745   0.77250998  1.06238243
 -0.50034626  0.01906313  1.28885564]
[ 1.         -0.99312623 -0.75005652  0.50500548  0.05201274  0.95109546
  0.82579418  0.10036627 -0.58297536 -0.04826016 -0.76022897  0.52005385
  0.55052897 -0.76521171  0.32869824 -1.96374898 -2.00355472 -2.20651652
  1.49335466  1.16338242  1.43352573]
[ 1.         -0.997227    1.36966573 -1.19828998  0.23060878 -1.29969749
 -1.12015355 -1.41648795  1.32180549  0.08732057  0.26416705 -0.20658174
 -0.66802129  1.53541163  1.0342636  -0.8099324  -0.72336791 -0.79216014
 -0.55648663  2.25675047  0.28690997]
[ 1.          0.97191337  0.28063301  0.51008158  0.66508865 -0.88186323
  0.70281522 -0.06456605 -0.29091247 -0.92712394  0.58437853 -0.48527744
  0.81293009 -0.03909999 -0.13183384 -0.0292717   0.19433162  0.67370108
  0.24386212 -0.03477804  0.77815408]
[ 1.          1.0118732  -0.36137299 -0.68082058 -0.39473367  0.11907488
 -0.42104857 -0.46105841  0.06332968  0.84930668 -1.22123694  1.16580827
 -0.03307968  0.24729696  0.04602678  0.29913856  0.10759569  0.7815883
 -0.1838877  -0.27577372  0.51364638]
[ 1.          0.91788607  0.08849154  0.08311286 -1.88486416  0.94357718
 -0.90223832  0.15254667 -0.22205077  0.49815719 -0.52672711  0.19950126
 -0.02207553 -0.26524783 -0.21367506 -0.66731164  0.41127476  1.18325259
  1.44022075  0.93748553  0.54406093]
[ 1.          0.69894769  1.08318112  1.83054535  1.85451319  1.20241636
 -0.37238268  1.39672529 -0.05208229  0.4472773   1.60665974  0.37675412
 -0.72280345 -0.44716783 -0.93092026 -1.19635849 -0.40671673  0.56584149
  0.2732458   0.83285295  1.01347104]
[ 1.         -1.07047019 -1.62748757  0.7515073   0.4396763  -0.48408884
 -0.32914521  2.60980295  0.61284031 -0.51351833 -1.09974454  0.85937596
  0.52731232  0.75553993  1.1474094   0.15332603 -0.077907   -0.55322872
  0.35448375  1.87458825  2.17143033]
[ 1.          1.00302377 -0.30415715 -0.60704798 -1.25807454 -0.52320788
  0.95702473  1.21773036 -0.19816887  2.60460284  1.04909009 -1.66862751
 -0.1841975   0.14019397 -0.03460171  0.23424803 -0.92563129 -0.21276161
 -0.73691367 -0.10185006  1.36545982]
[ 1.          1.01752116 -0.62081567 -1.08653707 -0.89842971  0.51415064
 -0.57686599  0.4062601   0.49830035 -3.41147803  0.89948439 -1.60912655
 -0.63232882 -1.73066712  1.17523098  0.44538765  0.34495952  0.66349635
  1.16854237  1.2961489  -1.17217857]
[ 1.         -1.06667186 -0.25707685 -0.06505467  0.00720932  0.66660801
  1.20998642 -1.41200185 -0.38929407  0.10614253 -0.65083772 -0.72825056
  0.11158118 -1.35358896  0.71675658 -1.66916669 -1.010347    0.37983605
 -0.67210668  0.00578731 -0.68721934]
[ 1.          1.00778132 -0.77102972 -1.28484752 -0.46625239 -0.08849934
  0.45255735 -0.04992163 -0.16304961  1.56252274 -0.5031571  -0.11042406
  0.46257695  0.1652972   0.45722591  0.87128974 -0.13299926  1.04976468
  0.33535282  0.46626176 -0.15395092]
[ 1.         -1.05294966 -1.53462387  0.61777187  0.30877299 -1.04695186
 -1.48788545  2.1157042  -0.61908798 -0.12951567 -0.01562805  0.51218354
  0.34262913 -0.04298508  0.54374041 -1.38928852 -0.35138997  1.44325152
 -0.49784706 -1.39756307 -1.18822813]
[ 1.         -1.05941997  0.97370919 -0.23628352 -0.00421968  0.19358268
  0.12260764  1.34843918  2.202581    0.12345006  0.23763593  0.79051711
  1.28915092  0.23337009 -0.13979189  2.51031645  1.10506526  0.01976712
 -0.83770857 -0.64837903  0.60360567]
[ 1.          1.03717769 -0.77540445 -1.05825925  0.5340861   0.53033041
 -0.0809455  -2.29613643 -0.24863129 -5.07032955 -0.74415857 -0.12534672
  6.05152376  5.69408493 -3.00945815  2.002423   -5.32292313  4.7282806
  2.40070723 -0.68248608 -0.69052741]
[ 1.         -1.02615142  2.00854614 -0.32387199 -0.48225965  2.16492713
  1.3968485  -2.01584343  1.42239525  0.35958072  0.97872279  0.86746532
  1.12268532  0.23278168  0.29334396  1.26186343  0.2263124  -0.01017858
 -2.8088838   2.6622148   0.73856992]
[ 1.          1.02918378  1.48536444  4.60582277 -1.13489336 -8.18838868
  6.53584171 -2.157035   -2.27026902 -1.15106937  1.1383569   0.27754349
  6.83770106  2.28745653  0.71465383  0.74146591  1.68038254  1.23966872
  2.32581642  0.72910012 -3.16564819]
[ 1.         -0.96252223  1.88178139 -0.45664654  0.2625561   0.32562431
  0.71155771  1.59820881 -0.11425183 -0.19991461  0.07417259  0.56972342
  0.08112912  0.34543472  0.54086084 -1.79122906 -0.56519595  1.20464808
 -0.9601086  -0.02497423 -0.53890228]
[ 1.          0.99385834 -0.38208329 -0.50989007 -1.66071451  0.22296699
 -0.58925683  0.05416549  0.12689555 -0.84765554 -0.15790533  0.02287789
 -0.18658569 -0.30898284  0.15267984 -0.1880829  -0.48643681  0.35255114
  0.96225331  0.82875771 -0.34666366]
[ 1.         -1.05583253 -1.86904896  1.36008186  0.51458851 -0.14085429
 -0.29788689  3.28059975  0.92931757 -0.3560006  -1.08766503  1.63644346
  1.00622086  1.2369405   0.60386766 -0.16899692 -0.3909388  -0.26376442
 -1.9600951   3.49215541 -0.30909419]
[ 1.          1.01915975 -0.19262074 -0.37312678  1.08538933 -0.36071715
 -0.4173345  -0.77432166  0.38236765 -2.16055207 -0.30824444  0.47498442
 -0.22971458  0.52765975 -0.41896813  0.93244496 -2.78325811 -0.50858744
 -0.40910563 -0.58149835 -0.31994423]
[ 1.         -0.88813111  0.95227529 -0.42523349 -0.11845155  0.32646595
 -0.19165991  1.43312946 -0.11008386 -0.32167543 -0.35627561  0.45936766
  0.57633906 -0.09194596  0.97871776  1.75914901  1.10409395 -0.51908556
 -0.11672893 -0.42762652  0.79408267]
[ 1.          0.99958035 -0.25661788 -0.42163962 -0.6657097   0.07389614
  0.22260646  0.69187396  0.01755092  0.09312692  1.10085361 -0.95311375
 -0.1415996   0.03308497  0.33088909 -0.50666435 -0.00631102 -1.51055217
 -0.35179312 -0.02210616 -0.31717974]
[  1.00000000e+00  -1.05574998e+00   8.90835407e-01  -6.35791579e-01
   4.18039589e-02  -1.23881829e+00  -1.71477636e-01  -3.66277256e-01
   2.90697211e+00   1.01494146e-01  -3.60578103e-01  -9.04944266e-01
  -5.17990459e-02   2.80467974e-03  -4.09009686e-01   9.57894806e-01
   5.53025325e-01  -2.81145649e-01   9.59206669e-01  -1.29577198e+00
   2.12603211e-01]
[ 1.          0.77870119  0.81715065  0.77910327  1.33503342  0.73484326
  0.11702862  1.14264038 -0.39395456  0.06822571  2.1001136   0.4286459
 -0.0591177  -0.06062176 -1.64593127 -2.74595786 -0.63197876 -0.49706088
  0.69005769 -0.01368492  2.10281319]
[ 1.         -1.06117725 -1.2237414   0.10987903  0.09393759 -1.20774404
 -1.25585932  0.01420847 -1.15999385 -0.04079035 -0.2217279  -0.06210809
 -0.33680425  0.13568516 -1.43884014  1.33957541  0.57974124 -1.24923238
  0.46894483 -0.42454607  0.29087234]
[ 1.         -1.06753074 -1.39805178  0.49181438  0.12905373 -0.07123924
  0.98945535 -0.16789358  0.10546363 -0.09725499 -1.31808442 -1.16395153
 -1.0038526  -0.05269981 -1.54449715 -0.14094432  0.55820743  0.59182894
 -0.31771466  0.52714242  0.01134194]
[ 1.          0.06506951  0.81030167  0.35581263 -0.96051624 -0.95404381
 -0.13551919  1.11041975  0.80312    -1.14854505  1.31878574 -1.65330132
 -2.11864771 -1.97404924 -0.30920626 -0.20615255 -0.08101959  2.22062901
  0.46717304 -1.35437059  1.41593949]
[ 1.         -1.07816334  0.75901109 -0.60263493 -0.21394795  0.80125653
  0.7239654  -0.87216347 -1.51104623 -0.08998255 -0.25982997  0.50840819
  0.08608349  0.05827688  1.46785255  0.25741751 -0.56214902 -1.25670679
  0.51155423 -0.03499663  0.46894995]
[ 1.          0.99495865 -0.56734931 -1.13474873  1.5761625   0.09152193
  0.52160905 -0.31547999 -0.21324284  0.42661611  0.32390341  0.20694752
  1.15579817  0.57485913 -0.1338726   0.11216845 -0.35065581  0.59861128
  0.91933047  0.06105337 -0.65308871]
[ 1.         -0.45647752  0.3632427   1.52328394 -0.72844409  2.54114913
 -0.60287906 -2.65242124  1.94925328  0.27158106 -0.0369913   1.17961675
  2.15934715 -1.79599924 -0.84144835  2.09189641  2.02835538 -1.26712209
 -0.04714461  2.68844933  2.5197164 ]
[ 1.          0.89016934  2.32169438  5.41943942 -1.01640592 -3.62274046
  1.34932841 -0.8439989  -0.50371423  2.18328526 -1.05834202  1.3709862
 -0.11697824 -0.2373384   1.25753179 -0.63918624  1.52520709 -1.17793817
  1.31299185  0.35776386 -2.46389853]
[ 1.         -0.46642389  0.23090994 -0.99215345 -0.21163782 -0.61425553
 -3.76105478 -0.02940219 -1.12093125  1.00602574  1.59612919  1.89491165
  2.42333707 -0.99618184  2.4793938  -0.25793525 -1.1344895  -0.03021385
 -0.03638649 -0.77900974 -0.57844971]
[ 1.         -1.08951518  2.10628702 -1.10107966 -0.3784206   1.33044328
  2.29444948  1.30949884 -2.57307791 -1.15832433 -1.47223083  0.42191908
 -1.62026868  1.55194304  0.97888145  2.0970244   0.64902687 -0.4033837
  1.74817471 -1.30115735  1.02915587]
[  1.00000000e+00  -1.06709671e+00   1.03742342e+00  -4.31298831e-01
  -3.01557427e-02   1.13387264e+00   1.51827304e+00  -5.08625675e-01
  -1.90415925e-02   1.61258850e-02  -5.92535760e-01  -9.88169615e-02
   2.19236355e-01  -5.51143170e-01   8.14656573e-01  -1.84363323e+00
  -1.58064546e+00   8.60993853e-01  -1.34741240e+00  -9.13609828e-04
  -2.33404519e+00]
[ 1.         -1.06831413 -0.55022299 -0.26705534  0.16162083 -0.92868853
 -1.00343028 -0.27466595 -2.48887743 -0.25889003  0.17076962 -0.41359777
 -1.4801865   1.52893609  0.51435149 -0.55598938  1.28641546  0.95135867
 -0.38689121  0.51934982  1.3769475 ]
[ 1.         -1.06806926  0.32938156  0.15461232 -0.12923283  1.41032402
  2.08832845  0.08761603 -0.41436091 -0.36147238 -0.56261473  0.10721534
 -1.53359353  1.05435821  0.75873216 -0.75843133 -1.92983905 -0.12129223
  1.47290326 -0.41701686 -2.57933512]
[ 1.          0.79653093  0.72654478  0.70001915  0.88196605 -1.43803393
 -1.22080532 -0.71076895  0.86954791 -1.26943602 -0.4814797  -0.01239075
 -1.56859333  0.8064528  -0.77394274  0.60552115 -3.08698126 -2.3426753
 -2.39042932 -1.77871429  1.30299505]
[ 1.          0.94521233  0.86724631  1.72798213  1.08967753  0.83911969
 -1.95655544 -0.99360453 -0.22547739  0.05274541 -2.22469689 -0.01668594
 -0.27781643  0.38599634  0.00867472  0.26853403 -0.77021857  0.4033225
 -0.53283884 -0.7718385  -0.9150847 ]
[ 1.          0.99710363 -0.32994055 -0.65455886 -1.0030666   1.06349687
 -0.39701156  0.52687231  0.14790487  0.71874858 -0.0922447  -1.4018112
  0.62185465  0.97302768  0.18958438 -0.44458529  0.96330214 -1.36736492
 -0.72040902 -0.8038616  -0.19291649]
[ 1.         -1.04920748  1.59847076 -1.29749286  0.09712321 -1.29679219
 -0.44127863  0.02417831 -0.34814257 -0.07497898 -0.74231757 -0.787034
 -0.00982378 -0.25196277 -0.97698294 -0.67140173  0.13766727 -0.79932989
  1.0460718   0.71221156  0.19467295]
[ 1.         -1.05941074 -0.42817568  0.32983541 -0.1201179   0.48171068
 -0.15695228  0.12692392 -0.48933747  0.03691483  1.14621306  0.0351784
 -0.24011504  0.07622355  0.62158187  0.24560876  0.70506407  2.47063005
 -2.39253974 -1.53896689 -0.86328728]
[ 1.          0.99035055 -0.53319644 -0.9899977   0.00206918 -0.08656958
 -0.02560682 -0.12417806  0.19074537 -0.99371853  0.1768027   0.70176892
 -0.51699501 -1.63985149  0.35544607  1.27860078 -0.36930017  1.8661516
  1.12655867  1.51319757  0.11890668]
[ 1.          0.96597093  0.24684938  0.00455922  1.378316    0.42530855
 -1.23241358 -0.367472    1.07183197 -1.56629066 -0.55219823  2.03193799
 -2.85143582 -1.34129554 -0.89298827  0.61271383 -2.13479264  0.42670033
 -0.13848304 -0.64417669 -0.1621419 ]
[ 1.         -1.00575239  0.83976313 -0.02816718  0.1141748  -0.31458098
 -0.59265073  0.39191377  0.72355177 -0.00646019  1.2265563  -0.10107385
 -0.48376815  0.63228365 -0.46357748 -0.21725093  0.32586021  0.81481123
  1.05125478 -1.27353403 -0.3613156 ]
[ 1.         -1.03048922 -0.70674236  1.4822166  -0.11695657  1.44832807
  1.3106021  -0.61867391  0.48472353  0.2784405   1.38026842  0.52580028
 -1.13042333  1.22628184 -0.99846857  0.6956488  -0.01503274 -0.59632381
  1.16715677  0.67054259 -0.95628752]
[ 1.         -1.00828037  1.49900619 -0.77497955 -0.10314123 -1.15969797
 -0.68544254  1.5963472   0.88167789  0.35732963  0.12964224 -0.51216307
  0.33003071 -0.90080273 -3.07480695  0.81512061  0.22973443  0.15899217
  0.32452299  0.2769482  -1.62641718]
[ 1.          0.81167313  0.14021607 -0.24704854  0.69377963 -0.89554934
 -2.15140245 -1.32385129  0.69666955 -0.41276551 -1.64198055  0.89639268
 -1.26302444 -0.00397118  1.32639152  0.78371858 -2.16036206 -2.4849593
 -0.833961   -1.06101223  0.00988931]
[ 1.         -1.07596209 -2.00945732  0.76773    -0.12906273  0.1789819
  0.53809913 -0.14114192  0.42439699 -0.04524163 -1.22158773  0.02084598
  0.59674933 -1.0704673  -0.85980182  0.64619265 -0.71506326 -2.31108269
  1.81285568  1.22644686  1.18934918]
[ 1.         -0.99059077  0.99589907  0.59253138 -0.38003838  1.63094638
  2.20310396  1.18463752  4.62080939  0.0975192  -0.29580141 -0.14311586
  0.77170154  0.05654752  0.50705662  0.50150338  0.29505185  0.69100448
  0.88063885 -3.02639827  0.31339295]
[ 1.          0.91515691 -0.25859071 -0.92216723 -1.80510701 -0.6776859
 -0.18336107  1.18132452  0.31220521  0.80426223  0.28426677 -0.33333673
 -2.34098801 -2.78387906  1.35736666  2.72254409 -1.6362085   0.98927512
 -0.00296531  1.23714178  0.10665054]
[  1.00000000e+00  -1.02212730e+00   6.44500165e-02  -9.80217452e-02
   3.55448580e-01  -1.16361504e+00  -1.11116623e+00   1.76211122e+00
   5.16850332e-01  -1.99398067e-03   4.29951144e-02   3.03051287e-03
   1.62677499e-01   4.70522128e-01  -2.14751251e+00   1.05499260e-01
  -2.71581434e-02   3.57209927e-01  -1.16728346e+00   1.61757772e+00
  -1.80367168e+00]
[ 1.          1.01774456 -0.35064313 -0.7759299   2.17135844  1.26161538
 -0.06622313  0.57702676  0.11625469  0.85185406  0.45032921 -1.54249496
 -0.21080092  0.20080565  0.22535529  0.28510428  0.27562415 -0.77178335
  0.30752348  0.18114092 -1.51617737]
[ 1.         -1.00847698  0.23813454 -0.71996403 -0.41659167 -0.57667334
 -2.66612204 -1.75086383 -1.24853625  1.19717788  2.35955913  0.58138826
  2.29567046 -2.78238543 -0.6125144  -0.37497344 -0.9834436  -0.4312363
 -0.06560422 -0.31240974 -0.4219775 ]
[ 1.         -1.02087869 -0.91154314  0.52912922  0.09151796  0.62357817
 -0.58345103 -0.51296038  0.08936958  0.27286429  0.95394452  0.67192889
  1.59085878 -0.9082338   2.8850919  -1.4114252  -0.07244758  1.17786718
 -1.27892178 -1.00500293  1.00125354]
[ 1.          1.01829838 -0.3016682  -0.47161839  0.33899057 -1.06112924
  1.12437063 -0.29044244  0.04430543  0.98546146  0.01749869  1.70949342
 -0.26443456 -0.01336147  0.02195351  0.00190398  0.27154203  0.41443614
  0.16714713 -0.19171946 -0.05394771]
[ 1.         -1.08582354 -1.35848764  0.39843289  0.05717697 -1.0966202
 -2.23974824  0.11678158 -0.02209714  0.57658918  2.01185493  1.0077149
  1.18868534  0.0323051   0.29419638  1.12256002 -0.08229477 -0.13664957
  0.05098601 -2.36888797 -2.90226386]
[ 1.         -1.09514188 -0.9255467   0.11626345  0.07859197 -0.03377
 -0.29897082  0.33705497 -2.55362391 -0.27076379  0.21608259  0.26529831
 -0.36621641  0.87995669 -0.77983779  1.80132613  2.09919295  1.00335872
 -3.37652957  0.65617743 -0.88562038]
[ 1.         -1.00592652  1.34300425  0.3815024  -0.1533089  -1.18695444
  0.22550569  2.73719305  4.87696577  0.59851516 -1.17709377  1.18954456
  2.71609106 -0.56694747  2.17810224  0.83770236 -0.07371483 -0.38760797
  0.75818415 -2.8218496  -1.90198539]
[ 1.         -1.10040089 -1.11686049 -0.01187901  0.16685683 -1.83608729
 -1.69513956 -1.07389301  0.67304072  0.3924563   0.65440119 -1.25455565
 -0.56254273  0.45964263 -0.26885911 -0.28456813  1.84102873  1.26294752
 -0.13815926 -1.26432443  2.01623042]
[ 1.          0.96248892  0.50259832  1.35927101 -0.20723935 -0.09765026
 -0.03157384 -0.47912863 -0.39460948 -0.59629089 -0.97046838 -0.01963865
  0.28677148 -0.63504601  0.40559906  0.02284397  1.45939782  0.24035548
 -0.13811605  0.56167849 -0.37539528]
[ 1.         -1.05019143 -2.1170391   1.18150334 -0.39965036  0.94854192
  0.07111302 -1.41850827 -1.50593647  0.17460922  1.54836529  0.71612753
 -0.2850878   0.40837044 -1.07994036  2.26721353  0.03303596 -2.0716285
  1.0965292  -0.27364179 -0.49336205]
[ 1.         -0.9541949  -0.97813785 -0.18351547  0.18160652 -1.26673717
 -2.40714102 -1.25685604 -1.40121017  0.47982773  1.19694142  0.19351171
  0.90761541 -1.93959295 -1.86799741 -0.66057017 -0.3336453  -0.86357118
  2.11127072  0.56979046  1.27174574]
[ 1.         -1.04600921  0.42624243 -0.62583416  0.22419501  0.03105693
  0.40539019 -1.44303064 -1.14549609  0.0978095   0.04447922 -0.93061584
 -0.58547992 -0.60324698 -0.40693244 -1.57776741 -0.34259551  0.91837532
 -0.09435444 -0.11273468 -0.12609971]
[ 1.          1.03180561 -1.53209507 -3.58315201 -0.08937062  0.4349157
  1.05333289 -0.61870977  1.4592369   0.30279175  0.15085788  7.88556873
 -2.74759122 -0.32776701 -2.70108609 -3.94403219  3.11186422  0.21020174
  1.14191478 -0.52397256 -0.28472613]
[  1.00000000e+00   9.35867289e-01   7.77772494e-01   1.72181845e+00
   9.06749439e-01   2.82995293e-01  -1.21137826e+00  -1.25158658e+00
   6.53991322e-02   1.18462461e+00  -2.54297984e+00   9.41925757e-01
  -9.86618893e-01   9.36229140e-03   2.15538367e-03   9.60766693e-01
  -2.53750296e-01   5.72913033e-02  -8.62248595e-01  -4.88728957e-01
  -5.30914722e-02]
[ 1.          0.99019244  0.29086227  0.47616794 -0.0958694  -0.70068336
  0.09421169  0.19519124  0.35036808 -0.01938244  0.11382136  0.7653402
 -2.23160298 -1.40902127  0.40789845  0.37105448 -0.21523909 -1.00285136
 -1.24568955 -0.36808819 -0.13294967]
[  1.00000000e+00   1.01789313e+00  -4.40640775e-04   1.55012478e-01
   1.46063439e+00   3.14341675e-01  -4.72062023e-01  -2.79476194e-01
   4.22822803e-01  -3.17556557e+00  -1.68700436e-01  -6.88614378e-01
  -5.22353821e-01  -1.20323483e+00   9.37059179e-01  -2.04868007e-01
   3.06001383e+00  -2.68535423e+00  -1.77720913e+00  -1.00241068e-01
  -5.82998832e-01]
[ 1.          0.99496319  0.30811649  1.03445061 -5.1848332   1.71285444
 -1.28235924  0.12565661 -0.07653716  0.10277114 -1.22199519 -0.83440415
  1.38308394  2.86446437 -1.93820802 -2.01601372  0.90072331 -0.50611783
 -0.74637384 -0.9606254   0.79217017]
[ 1.          0.96871223 -0.23008405 -0.09210578 -3.00603157 -0.14343316
  0.18296271 -1.10102575 -0.13046842 -0.18920236 -0.99963742  0.66295936
  2.07436673  3.81178923 -2.42956059  0.21683475 -2.88381944  1.12963794
 -0.803085   -1.34860485  1.18807588]
[ 1.          1.03262069 -0.54876985 -0.87907231 -0.61471469 -1.16293173
  1.42140306 -0.10101607  0.13187284 -1.48243805  1.08223844  0.52274076
 -0.00414655  0.30926108 -0.61953335 -0.7677672  -0.32721155 -1.12720101
 -1.90903483 -1.11029899  0.66650717]
[ 1.         -1.10252853 -1.99015783  0.98705502  0.23944856 -0.2173255
  0.16792127  0.72266794  1.31489072 -0.20141706 -0.14470707  0.29417698
 -0.61569307  1.7472758   0.77238567 -0.23641802 -0.71090897  0.03232879
 -0.5632077   1.74627784 -1.0581609 ]
[ 1.          0.97341465 -0.0382084  -0.0055316   1.72597297  0.55497071
 -0.34277236 -0.46584284  0.03534345 -1.22403824 -0.52796303 -0.74306134
  1.22795848  0.22542064  0.35772886 -0.160535    1.92949514 -0.8425072
 -0.10941177 -0.34082414  0.02055722]
[ 1.         -1.09712289 -1.84074014  0.51672704 -0.06120255 -0.0907047
  0.2845321  -1.34299446 -0.83126022  0.37638342 -0.08933023 -0.92427618
 -0.36576979 -1.13708009 -2.08281993 -0.39262924 -0.44841846 -0.32108102
  0.19615262 -0.47197084 -1.58624033]
