Cluster centers 

[-0.80009892  0.95205836 -0.00236445 -0.18695545]
[ 1.25823776 -0.27396801  0.80166286  0.98084783]
[-0.78312724  0.08777474  1.24914266 -0.1886884 ]
[-0.80018067 -0.10604828 -1.2533148  -0.46817753]
[ 1.42166525  0.54422387 -0.09283797  0.26117971]
[  1.10962911 -10.80361899   0.51346852  -0.09913461]
[ 1.40769282  0.714973   -0.41447262 -1.20398375]
[-0.76286854 -1.14008293  1.81463933 -0.22846496]
[-0.71490173 -0.0590293  -0.83227927  0.89021569]
[ 1.3573194  -0.256325   -1.56096547  0.97891844]
[-0.69242002  0.79359497  0.28413904  0.87584244]
[-0.78315518  0.70817682  0.62188832 -1.20481779]
[ 1.42496566 -0.36004693  0.42595254 -1.34017906]
[-0.62113709 -1.1715579  -1.97763964 -1.53151885]
[ 0.5933031   0.25761247 -0.24702203  2.53491163]
[-0.79603192 -1.12090587 -1.49475313  0.00306602]
[-0.5465458  -1.06967416  1.9095696   0.90680422]
[-0.78363844  0.42756152 -0.68435618  0.26731857]
[ 1.42383242  0.62534572 -0.89210956  0.45559895]
[ 1.16956134 -1.32592321 -1.73757243  1.71648577]
[-0.80113802  0.29569714 -0.92259839 -0.14376993]
[ 1.32865192  0.60717267 -0.32263009  1.04484469]
[ 1.44731666  0.56932538 -1.39167377 -0.35894719]
[-0.61814305  1.09636066 -0.71984507 -1.91770663]
[ 1.44211349  0.11309687  0.29440396 -0.24474654]
[-0.11181474 -0.02289354  1.33190938  2.03007988]
[-0.80032443  0.9752083   0.2307311  -0.68479712]
[-0.70627965 -0.21043519  1.48448267  0.3984026 ]
[ 1.21534     0.35863938  0.2832853   1.37380124]
[ 1.27338514  0.50998705 -0.22959202 -2.13471105]
[ 1.33488488  0.04067632 -2.02477087 -1.26936128]
[-0.70224557 -1.44348101 -1.36608447  0.89705988]
[-0.72713218  0.28736068  1.15504817  0.38656928]
[-0.80609595 -0.73021904  1.51661723 -1.09825468]
[-0.77736787 -0.65711934 -1.25054395  0.35188252]
[-0.76695226  0.8650194   0.34156822  0.30166778]
[-0.76922945 -0.68969219  1.35851207 -1.78376864]
[-0.75793046 -0.17703711 -1.47744088 -1.05969851]
[ 1.43441202 -0.99697507  0.7144381  -1.25369035]
[-0.69142577  0.34583948 -1.35744221 -1.493506  ]
[-0.80547088  0.23607232  1.06860774 -0.82424935]
[ 1.4453362   0.14884143  0.18622689 -0.85362411]
[-0.79836279  0.90525121 -0.45414818 -0.5794581 ]
[ 1.45014961  0.5318623  -0.12031192 -0.39810657]
[-0.71937701  0.62857994 -0.27359945  0.80781421]
[ 1.40582716 -0.30600297  0.63545305  0.1105766 ]
[-0.22939311 -0.92624861  1.85494323  1.66273077]
[-0.79075909  0.77535169  0.61385881 -0.09973994]
[ 1.43651997  0.71094222 -0.61964351  0.19275859]
[-0.79252898 -1.26456442 -1.72365403 -0.69130493]
[ 0.91203159 -0.55923761 -1.16472674  2.29027216]
[-0.60678877 -0.53245143  1.68065889  0.80357731]
[-0.79804872 -0.1175663  -1.11356001  0.01272793]
[ 1.31916848 -0.62325942  0.43985374 -2.18349199]
[-0.51727379  0.65193918  0.24617057  1.598414  ]
[-0.79162044 -0.64964416  1.59246018 -0.4591058 ]
[-0.77426198 -0.08559241 -0.98282696  0.40023944]
[ 1.40711635  0.24222045  0.26785242  0.28830259]
[-0.01571975  0.4694018   0.55496014  2.3383742 ]
[-0.77588438 -1.7659602  -1.58651491  0.26824666]
[-0.69069386 -1.74129694  2.0493867   0.1619679 ]
[ 1.39130449  0.17276441  0.0952131  -1.56303564]
[ 1.14600586  0.37436238 -0.55621497  1.80005125]
[-0.71075165 -0.73240226 -1.14398717  0.89395231]
[-0.80261772 -0.58912688 -1.38145226 -0.21333291]
[-0.75962977  0.87595297 -0.74316526 -1.11024146]
[-0.5594913  -0.02029218  1.40420495  1.09648861]
[-0.71302552  0.63617482  0.80141926  0.60540977]
[-0.40026172 -0.76364313 -0.93059123  1.98501299]
[-0.76768133  1.07415427 -0.12278984 -1.15034967]
[ 0.98919445  0.18341153  0.6247823   1.88190458]
[-0.68093171  0.78399617  0.40920906 -1.97099618]
[-0.70820129 -0.79423948  1.74552745  0.25147961]
[-0.78948593 -1.92369906  1.95524506 -0.72440405]
[ 1.41521982 -0.93121689  0.88061685 -0.20034069]
[-0.79465127  0.75662027 -0.4118095   0.04497287]
[-0.78997698  0.40075089 -1.03427224 -0.69731256]
[-0.80612724 -0.25109635  1.35366606 -0.81176285]
[-0.55744302  0.51767323  0.90484335  1.29972538]
[-0.80483129  0.65714088  0.74269973 -0.60102028]
[ 1.44754414  0.79681387 -0.80906102 -0.50526338]
[ 1.36941882  0.4297062  -1.02042601  0.91512619]
[-0.79908141 -2.20549504 -1.83884273 -0.4286229 ]
[-0.57141197  0.27178989 -0.430504    1.50497342]
[ 1.34633069  0.07336826  0.48227695  0.67199033]
[ 0.57154091 -0.00856533  1.04790105  2.28463577]
[ 1.33326666 -1.72783622  0.7838814  -2.29590966]
[-0.48334114 -2.04220653  2.19516082  0.89467351]
[ 1.44784932 -0.38265254  0.52950232 -0.71665665]
[-0.77190545  0.11656553  1.01971503 -1.53965371]
[ 0.79975692 -0.81703085  1.4155137   1.7846766 ]
[-0.78414269 -0.70378239 -1.59656737 -0.80349523]
[ 1.34874369  0.42617829  0.13187468  0.7990423 ]
[-0.73846354  0.30000805 -0.64350569  0.71621536]
[-0.80227923  0.62369477 -0.69542956 -0.26271401]
[-0.7881222   0.44560218  0.98633745 -0.16029421]
[-0.61922552 -0.29490365 -0.83950782  1.3647578 ]
[-0.76946108 -0.26134394  1.45908371 -0.10280471]
[-0.77796906  0.83277555 -0.14838956  0.2775553 ]
[-0.51494586 -2.40585296 -1.46612777  1.49464012]

Populations

0.0126113498542
0.00881304413619
0.0128552529744
0.0122907462317
0.0219965208425
0.0169644089586
0.00779895023957
0.00893594443565
0.00976289331118
0.00968491630861
0.0102124093894
0.019568524758
0.00357462695934
0.00673395077531
0.0131282139509
0.00382316807813
0.0119043297669
0.00936434956446
0.00340489855873
0.0114689268419
0.0182300287352
0.00664917766214
0.00316925630656
0.0225425374167
0.0048748748922
0.0126800114946
0.0106821071481
0.0138562062523
0.00895847719628
0.00378605163564
0.00673601700567
0.0132504258592
0.00584657260279
0.0137861920096
0.0113224844574
0.00152809381309
0.00784713393864
0.0124497237006
0.0064855134106
0.0143388323578
0.0287625224492
0.00943190293916
0.0277026660226
0.0102903712816
0.0141863915859
0.00216436502687
0.0136853808862
0.0142891834485
0.009385889753
0.00896578868726
0.00665774976472
0.0121747733185
0.0128501261656
0.00568035499066
0.0092075190453
0.0130463540793
0.0148725009006
0.00518548275074
0.00710540926766
0.0037791439472
0.016051969751
0.0152383706736
0.0100127403698
0.0141654512551
0.0077188741541
0.00804899441893
0.0132361374533
0.00440941881396
0.00694931689339
0.011377503904
0.00337651668964
0.00817248951471
0.00394734991431
0.00836609200528
0.00814318152663
0.0108630014424
0.0111412819912
0.00699362962995
0.0125580613566
0.0132869666649
0.00961841045779
0.0041572149301
0.00697243347685
0.0111901336677
0.00942010915563
0.00526601558275
0.00194203403185
0.0198507756539
0.00753497246702
0.00291302307727
0.00935387101191
0.013507704156
0.00899518602842
0.00929035568848
0.014936114825
0.00578012210489
0.0117202406013
0.00868669504108
0.0014662194782

State labels

0
1
2
3
4
6
7
8
9
10
11
12
13
14
15
16
17
18
19
20
21
22
23
24
25
26
27
28
29
30
31
32
33
34
35
36
37
38
39
40
41
42
43
44
45
46
47
48
49
50
51
52
53
54
55
56
57
58
59
60
61
62
63
64
65
66
67
68
69
70
71
72
73
74
75
76
77
78
79
80
81
82
83
84
85
86
87
88
89
90
91
92
93
94
95
96
97
98
99

Eigen values

1.0
0.951755576342
0.229049788583
0.12560904222
0.103134299614
0.0985170094319
0.0944989349336
0.0917574630781
0.0879199476667
0.0834984312109
0.08033770704
0.0775527124727
0.0739265179469
0.0728637972183
0.0713361598378
0.0665934012706
0.0642200830423
0.0629692165027
0.0608513550674
0.0594479770768
0.0563513393715

Left eigenvectors

[ 0.01261135  0.01144493 -0.00721988 -0.00111752  0.02828244  0.00361169
 -0.01407814  0.01259024  0.00318115 -0.0037474  -0.00153716 -0.01019058
  0.00492612  0.01347014 -0.00990992 -0.00726307 -0.00402205 -0.00410054
 -0.01289373 -0.00029061 -0.01009181]
[ 0.00881304 -0.00927891 -0.00059209  0.00450925 -0.00018895 -0.00217235
 -0.00175179 -0.00506204  0.00345807 -0.00024368 -0.00035094  0.0068496
  0.00065102 -0.00050531  0.01687452  0.00482559  0.00103225  0.00183343
 -0.00943017 -0.0051349  -0.00516774]
[ 0.01285525  0.0114181  -0.02227029 -0.00308981 -0.0082986  -0.00351598
 -0.00496924 -0.00273277 -0.00181195  0.00316889 -0.00468951  0.00162862
 -0.00077992  0.00388878 -0.00860408 -0.0201569   0.01700671  0.00984099
 -0.017156    0.02212162 -0.01830591]
[ 0.01229075  0.01128074  0.01869006 -0.00108751 -0.01569733 -0.00446179
 -0.00040135 -0.00024001 -0.00105429 -0.00784413 -0.00406032  0.00078113
 -0.01048905 -0.01551301  0.00148569  0.00864875 -0.00744368 -0.0092133
  0.00885328  0.00957006  0.01097904]
[ 0.02199652 -0.02537604  0.00238735 -0.01035996  0.00458651  0.00096773
  0.00672767  0.00147868 -0.01251762  0.00580698  0.00273846 -0.00067319
 -0.01588815  0.00028402 -0.00126518  0.03097487 -0.01123534  0.00342054
 -0.02280286 -0.00150252 -0.01515767]
[ 0.01696441 -0.01974673  0.00034685 -0.00352761  0.00040471 -0.012895
 -0.01434007 -0.01942789  0.02310692 -0.01638424  0.01058725  0.00899971
  0.02789862 -0.01338271 -0.02191922  0.00666238  0.00447828  0.01064126
  0.00191321 -0.00333193 -0.00849776]
[ 0.00779895  0.00695221 -0.01363787 -0.00105522  0.00316308 -0.00378858
  0.00457264  0.01304406  0.0135166  -0.00153487 -0.00289381  0.0046949
  0.00604933  0.01410927  0.00253096  0.00424851 -0.02074909  0.00014601
 -0.00369128  0.00357034 -0.00060594]
[ 0.00893594  0.00809307  0.01476934  0.00241507  0.00210573  0.00817182
  0.00791581 -0.0121897   0.00041989 -0.0190441  -0.00301692 -0.00912773
 -0.0071072  -0.00284361 -0.00175761  0.00125928  0.00131256 -0.01820788
  0.00018006  0.00942787 -0.0027246 ]
[ 0.00976289 -0.01107542  0.00041494  0.03792078  0.00116783 -0.01353167
 -0.00843467 -0.00911381  0.0065006   0.00484542  0.00830257 -0.00056962
 -0.01157908  0.00715184 -0.02020408  0.01451444  0.0018113   0.01154954
 -0.00317528  0.00508284 -0.0096731 ]
[ 0.00968492  0.00848322 -0.0011089  -0.00193649  0.01860937 -0.008963
  0.00894355  0.01256983  0.00350218 -0.00807797  0.01914506 -0.00536626
 -0.00116898  0.00334513 -0.00178827 -0.00504609 -0.00332558 -0.00212282
  0.00062972  0.00044158 -0.00836037]
[  1.02124094e-02   9.14807577e-03  -7.49047884e-03   4.54808392e-05
   4.92401348e-03   9.77779994e-03  -2.73012012e-03   2.68151935e-03
   1.36358962e-02   2.90446142e-03  -6.73258464e-03  -1.20906305e-02
  -4.23138859e-03   4.38477044e-04   2.42628943e-03   1.04445227e-02
   1.78960771e-03   1.77874682e-02   1.26393331e-03  -2.05767640e-02
   1.34662408e-02]
[  1.95685248e-02  -2.27959094e-02   1.32626954e-03   2.97585640e-04
   2.31445170e-03  -9.22707243e-03  -1.52307315e-02  -1.24434547e-02
   6.65588686e-03   1.46295605e-02   5.07480445e-03   1.75916884e-04
  -3.88402061e-02   2.02444095e-02   8.60780435e-03   2.65885395e-03
  -5.53788245e-03  -6.04265010e-03   7.98691700e-03   6.03928089e-03
   7.57931884e-05]
[ 0.00357463  0.00298116  0.00508664  0.00089841  0.00318394 -0.00100606
 -0.00854136  0.00540368 -0.00857402 -0.0044539   0.00253277  0.00657687
 -0.00055127 -0.0003684  -0.00459749  0.00178403  0.00158008 -0.0116289
  0.00368682 -0.00829126 -0.00063447]
[ 0.00673395 -0.00488926 -0.00155012  0.01215762  0.00093584  0.00511382
  0.01117492  0.00836384 -0.01069243 -0.00386179  0.00460166  0.0041246
  0.00894498 -0.00845582  0.01266913  0.0070601  -0.00753299 -0.0022884
 -0.01933089 -0.01140765 -0.00022336]
[ 0.01312821  0.01184059  0.02718157  0.004194    0.01136479  0.00431376
  0.00251626  0.01410654  0.01811276 -0.00625212  0.00439503 -0.01932013
  0.00669852  0.00320369  0.00571648  0.00264336 -0.00543707 -0.00749901
 -0.00691198  0.02125266 -0.00066138]
[  3.82316808e-03   3.20581665e-03  -6.56331788e-03  -8.23186004e-05
   3.69849552e-03  -1.45465748e-03   6.61845351e-03  -8.20409938e-03
  -6.38357234e-03   7.07490555e-03   3.43186495e-03   6.64100573e-03
  -1.34482836e-03  -5.24549044e-03  -8.89507335e-03  -3.71484014e-03
   4.65699878e-03  -1.08766193e-02   2.22165147e-03   2.50275302e-03
   1.36757915e-03]
[ 0.01190433  0.01093254  0.01119508 -0.00187932  0.00167838 -0.00179428
 -0.0112781   0.02402871  0.02072332 -0.0021937  -0.00276741 -0.01555758
  0.00852729  0.01274239  0.01440608  0.01007014  0.00100833  0.0003818
  0.0078493   0.00423766  0.0061601 ]
[  9.36434956e-03  -1.08002833e-02  -1.38531673e-04   1.21889659e-02
   1.24726098e-03  -1.08129621e-02  -4.47395414e-03  -7.97182268e-03
   5.80732250e-03   2.35873763e-03  -5.28309606e-03  -1.23062401e-04
  -2.52261012e-03  -5.34865127e-03   1.43303836e-02  -3.47717573e-03
  -9.05731976e-03  -1.28251697e-03  -9.97671791e-04   8.21427832e-05
  -1.26080102e-02]
[  3.40489856e-03  -3.89570894e-03   8.41689371e-05   5.36032340e-03
   6.92326682e-04  -4.96666057e-03  -4.16808864e-03  -6.18523335e-03
   4.11784304e-03  -3.57929320e-04  -1.54450607e-03  -3.17254138e-04
  -1.06841582e-03  -1.44751125e-03   6.85740911e-03  -3.75608716e-03
  -3.31483686e-03  -3.58983351e-03   5.87541830e-05  -2.01540006e-03
   7.39210461e-05]
[ 0.01146893  0.0105786   0.01684304 -0.00251493 -0.00045571  0.00059015
  0.00709061 -0.01979368 -0.00390901 -0.00341429 -0.01223732 -0.00900033
 -0.00063163  0.01225037  0.00280695 -0.01102592 -0.00053328  0.02075447
 -0.02206922  0.02091665 -0.00583928]
[ 0.01823003 -0.02036461 -0.001024    0.00759338 -0.00216988  0.01184011
  0.02873389  0.03425226 -0.03233598  0.00368984 -0.01829949 -0.00838271
  0.00396631 -0.00369193  0.01793413 -0.00770565 -0.0005214  -0.00321849
 -0.01158304 -0.01600417 -0.01593282]
[ 0.00664918 -0.00749835  0.00053148  0.0031477   0.00272487 -0.02107046
 -0.01473369 -0.01436975  0.01360678 -0.00448882 -0.00604356  0.00083893
  0.00793542 -0.01109932  0.01105156 -0.00385031  0.00365873 -0.00457791
  0.00492895 -0.01341963 -0.02108035]
[ 0.00316926  0.00295277 -0.0015483  -0.00112455  0.00414578 -0.00535411
  0.00391829  0.00684371  0.00612511 -0.00037437  0.0115693  -0.00580376
  0.00183296  0.00345413  0.00432146 -0.00251484  0.00257577  0.00564796
  0.00175248  0.00360226 -0.00042205]
[ 0.02254254 -0.02636868  0.00202178 -0.02852362 -0.00168564  0.00196487
  0.00199456  0.00293455  0.00445775 -0.01463591 -0.00217986  0.00323252
  0.03524788 -0.02052295 -0.02818901  0.01477135  0.00335514  0.01082708
  0.00285888  0.00577777 -0.01221402]
[ 0.00487487  0.0018602  -0.00489003  0.00611358  0.00295299  0.01316282
 -0.01022168  0.00053986 -0.0071944   0.01154689  0.00612378  0.00674044
  0.00122624 -0.00567175  0.00549891 -0.00974357  0.00067644 -0.0012838
 -0.01161516  0.00650137  0.00034142]
[ 0.01268001  0.0117569  -0.00413104 -0.00454735 -0.0078902  -0.01006731
 -0.00747147 -0.00453317 -0.01610595  0.01574522 -0.00049444  0.01389064
  0.01520627  0.02568339 -0.01134754 -0.00150474  0.01138614 -0.01203743
 -0.00522026 -0.01473108 -0.00665808]
[ 0.01068211  0.00953414 -0.01539575  0.00023175  0.00320109 -0.00376416
 -0.00990426  0.01695662  0.00408065  0.00101495 -0.00380148  0.0155943
  0.00828966  0.01523686 -0.00256221 -0.0001965  -0.02057298 -0.00053758
  0.00345755 -0.00490928 -0.00503078]
[ 0.01385621 -0.01519718 -0.00084774 -0.01603026 -0.0031406   0.01449018
 -0.00236072 -0.00094402  0.0030725   0.00049816  0.02058918  0.00312484
 -0.00938893  0.01539923 -0.01973144 -0.00254349  0.00540358  0.00408768
  0.01041979  0.0037833   0.01368872]
[ 0.00895848 -0.01044057  0.00086249 -0.01619721  0.00128407 -0.00762889
 -0.0020813   0.00445941 -0.0050927   0.00857085 -0.00635591 -0.01076348
 -0.01618151  0.00551002  0.00551552 -0.01336173  0.00423393 -0.00559426
  0.01645337 -0.0020094  -0.00430903]
[  3.78605164e-03  -4.42394149e-03   7.79597626e-04   2.98532573e-03
   1.96419803e-03  -1.39971082e-02  -7.60973501e-03  -9.69215535e-03
   1.00064554e-02  -6.64444576e-03  -2.81710536e-03   9.20889511e-04
   1.29979626e-02  -1.03520685e-02  -2.18108325e-03  -2.90412452e-03
  -8.85855589e-05   1.26215966e-03   5.18923427e-04  -7.02874724e-03
  -4.03803909e-03]
[ 0.00673602  0.00632233  0.00752592 -0.00167288 -0.0143623  -0.00809984
  0.01802629 -0.00603239  0.00602724  0.00211424 -0.00562008  0.01587746
 -0.00456684  0.00713731 -0.00201079  0.00452047 -0.00071815 -0.00278372
 -0.00667225 -0.00652713  0.00115938]
[ 0.01325043  0.01121306 -0.01580775  0.00237962  0.01242295 -0.00305507
  0.01680978 -0.01401593 -0.00486141 -0.02773986 -0.00793424  0.01331658
 -0.01074118 -0.00583605  0.01376198  0.01267484  0.0121553  -0.00351055
  0.00492713  0.01468563 -0.00051427]
[ 0.00584657  0.00505621 -0.00762561 -0.00227064 -0.0196213  -0.00449489
  0.00285252  0.00118606  0.00614971  0.01209442 -0.0027406   0.00050919
  0.00512064  0.01302576 -0.00296533  0.00460622 -0.02159138 -0.00095902
 -0.00520987 -0.01873706  0.00569598]
[ 0.01378619  0.01270976  0.02042725 -0.00109896  0.01115086  0.00737415
  0.00175991 -0.01014876 -0.00010756 -0.01038487  0.0059949  -0.0223024
 -0.00373422  0.00627432  0.0027403  -0.00796332 -0.00894887  0.02588503
 -0.0080958  -0.01436383 -0.00477613]
[ 0.01132248  0.01014755 -0.0024798   0.00167027 -0.00684935  0.00349243
 -0.01630771  0.00589447  0.0009155  -0.00912732 -0.01604855 -0.01131461
  0.00608701  0.01117697 -0.00305585  0.00649673 -0.00226221 -0.01357725
 -0.00277346  0.0068167   0.00632742]
[ 0.00152809  0.00132282 -0.00140109 -0.00034101 -0.00270603  0.00330797
 -0.00506532 -0.0029671  -0.00385487 -0.00550657 -0.00423497 -0.0021762
 -0.00298775 -0.00159854 -0.0009455   0.00404977 -0.00090607  0.00096465
  0.00350391 -0.00248849  0.00374637]
[ 0.00784713  0.00727544  0.01207299 -0.00250633 -0.00021728 -0.00585668
  0.00188255 -0.00315801 -0.00848727  0.01875697  0.00277318  0.01905079
  0.00545595 -0.00513158 -0.00755962 -0.00228632  0.00014037  0.00296614
  0.00957786  0.00131139 -0.00272644]
[ 0.01244972 -0.01451898  0.00064447 -0.01902621  0.001358    0.00253234
  0.00310439  0.01201073 -0.0083913  -0.00061833 -0.00262503 -0.00431132
  0.00632959 -0.00685835 -0.00081628  0.00021653  0.01343253 -0.00823547
 -0.00273573 -0.00523806  0.00839709]
[ 0.00648551  0.00602833  0.00985796  0.00049706 -0.00218896 -0.00363594
  0.00931946 -0.00503073  0.00299424 -0.00100845 -0.00170289 -0.00484093
  0.0047702   0.00567633  0.00084277  0.006732   -0.01619944 -0.01759164
  0.00309964 -0.00409949 -0.00079418]
[ 0.01433883  0.01310265 -0.02352397 -0.00626003  0.0323315  -0.00906724
  0.01995938 -0.0182017  -0.00822655  0.01065783  0.01161864 -0.01290517
 -0.00777383 -0.02977902 -0.00574356  0.00936141 -0.0137401  -0.00031008
  0.01387862 -0.00758315  0.00855621]
[ 0.02876252 -0.03311724  0.00016509 -0.02873675 -0.00279268  0.01047619
  0.00737984  0.00044353 -0.0002295  -0.0052973  -0.0080459   0.00151778
  0.004037    0.00071939  0.00272231 -0.03040698 -0.00845209  0.0018235
  0.0124814   0.00298305  0.02754781]
[ 0.0094319   0.00854989  0.01029173  0.00165803  0.01444931  0.00135843
 -0.0018725  -0.00320703 -0.01707704  0.00301799  0.00901161  0.01700837
  0.01035685  0.0034353   0.00342714 -0.00494591  0.01934016 -0.0132893
  0.00652331  0.00374703 -0.00196342]
[ 0.02770267 -0.03204995  0.00264742 -0.02608647  0.00066146  0.0077679
 -0.01571037 -0.008785    0.01134814  0.00376927  0.02020085  0.00973359
 -0.01328455  0.01239373  0.00602526  0.01778756  0.00396886 -0.00538781
 -0.02157968  0.01371651  0.00666625]
[ 0.01029037  0.00936803  0.00845817  0.00043693  0.00934062  0.00463871
 -0.01312864  0.00057024 -0.013412   -0.01769183 -0.00032875  0.00555652
 -0.01032245 -0.00370518  0.01320866  0.00824135 -0.00614511  0.02151948
  0.00975273 -0.01387094  0.00970562]
[ 0.01418639 -0.0161165   0.00068559 -0.00496669  0.00106336 -0.00390641
 -0.00822241 -0.00351197  0.00833275 -0.00455851  0.0126581   0.00360006
  0.00710646 -0.00398451 -0.00385035  0.01447941 -0.00194135  0.00121726
 -0.01334048  0.00388545 -0.00123566]
[  2.16436503e-03   1.33864707e-03  -2.81789078e-03   1.23873063e-03
   1.58951250e-03   5.89406835e-03  -3.37835055e-03  -4.76893778e-04
  -1.07984637e-03  -1.28918297e-03  -3.07671207e-03   6.97681373e-03
  -2.39190392e-03  -2.83713849e-03   8.15799196e-03   6.15673691e-03
   8.19810501e-03   4.85088072e-03   5.05342300e-03  -6.23313171e-03
   4.17120124e-05]
[ 0.01368538  0.01241628 -0.01981031 -0.00177151  0.00912745  0.01089347
 -0.00750138  0.00167035  0.01265403  0.02432419 -0.01804673  0.00258897
  0.00409917 -0.00812052 -0.00175741  0.01007039  0.00295869  0.00013436
  0.00439661 -0.00370961  0.00557597]
[ 0.01428918 -0.01637041  0.0010524  -0.0015207   0.00187568  0.00185786
  0.0092218   0.02142799 -0.01823579  0.01064596 -0.01509999 -0.01135933
 -0.00353215 -0.00404859  0.01092737  0.02029415  0.01063961 -0.00295501
 -0.01189133 -0.00115201 -0.02363699]
[  9.38588975e-03   8.50853582e-03   9.80645032e-03   3.02641553e-03
  -1.65371583e-02  -5.61419695e-03  -6.81148444e-03   6.34264531e-03
  -9.00767059e-03   5.92562311e-03   1.65611877e-02  -3.66288783e-04
   1.59278577e-02   4.20418345e-03   1.49497469e-02  -4.99494211e-03
   1.42632397e-02   2.03702801e-05   1.18539927e-02   1.41176232e-02
  -2.25444221e-03]
[  8.96578869e-03  -8.80227972e-03  -8.58188211e-04   4.49805899e-02
   3.73806815e-05  -1.51424628e-02   4.53068037e-03   5.72997828e-03
  -8.90647095e-04  -3.29957729e-03  -9.36394333e-03  -6.70981781e-03
   1.11514114e-02  -2.14603192e-03  -1.28192859e-02  -1.32017035e-02
   8.09076396e-03   1.70670030e-03   1.46349540e-02   3.64891014e-03
   1.15329963e-02]
[  6.65774976e-03   5.73647886e-03  -1.08640833e-02   5.21423667e-04
   3.55138124e-03  -6.96675732e-04  -4.37809655e-03  -3.85579014e-03
  -7.30393464e-03   3.25656490e-03  -2.56312362e-04  -3.39887496e-03
  -1.25617402e-03  -1.00969553e-02   7.14591304e-03  -6.11426674e-03
  -2.22896319e-02   1.60572239e-02  -6.60587993e-05   1.96679390e-02
   2.39882521e-03]
[ 0.01217477  0.01129615  0.02158859  0.00142352  0.01979156  0.00995654
 -0.0083271  -0.00318814  0.00282515 -0.00564858 -0.01042687 -0.01567994
  0.00919698  0.00556027 -0.00420763 -0.00201299 -0.0104116  -0.02271252
  0.0019286   0.01351147 -0.0014946 ]
[ 0.01285013 -0.01514336  0.00100537 -0.00893016  0.00089706 -0.01398474
  0.00430729  0.00888166 -0.00487282  0.00235323 -0.02124228 -0.01104061
  0.00399813 -0.00755163  0.01641076 -0.02732637  0.00530395 -0.00682381
  0.00819196 -0.00853488  0.00446491]
[ 0.00568035  0.00460109 -0.00300103  0.00124367  0.00502246  0.01463727
 -0.00363987 -0.01057768  0.00712333  0.02084432 -0.01655111 -0.00542026
  0.01388349  0.00010171  0.0028795   0.00557516 -0.00184025 -0.00200883
  0.01155063  0.00071677 -0.00042324]
[ 0.00920752  0.00830604 -0.01462629 -0.00139214  0.00814475 -0.00128942
  0.00254203  0.01395272  0.01254994 -0.0047808  -0.01015436  0.01875516
 -0.00762282 -0.00160842  0.0019044  -0.00118959 -0.00146533  0.0050794
  0.00694042 -0.00566314 -0.00345966]
[ 0.01304635  0.01197531  0.01931254  0.00184528 -0.01825519  0.00252965
 -0.0144137   0.01377932  0.00062561  0.00259976 -0.00632283  0.02273238
 -0.0111576  -0.01451891 -0.00614188 -0.005617    0.00608552  0.00847366
  0.00208219 -0.00754068 -0.00812917]
[ 0.0148725  -0.01705584  0.00068039 -0.00717007 -0.00401074  0.01200225
  0.00604849 -0.00956482  0.00620054 -0.01268935  0.01138263  0.00648963
  0.01099884  0.003535   -0.02789096 -0.01549154 -0.01380779  0.01146988
  0.02093915 -0.00138108  0.01670283]
[ 0.00518548  0.0006952  -0.00231297  0.0065678   0.0020402   0.01093346
 -0.01205659  0.01023912  0.0056693   0.00540925  0.01776925 -0.00442262
 -0.00246265  0.00354144 -0.00605578  0.00158113  0.01552586 -0.00890139
 -0.00115278 -0.00847786  0.0118125 ]
[ 0.00710541  0.00650221  0.01341765  0.00147726 -0.00987805  0.00022351
  0.00344601  0.00680464  0.01210127 -0.00591629 -0.01068899  0.00715656
 -0.01227319 -0.00865529 -0.01503968 -0.00405776 -0.00060307 -0.01671075
 -0.01149255  0.01312875 -0.00241326]
[ 0.00377914  0.0031168  -0.00864024 -0.00177196 -0.00901416  0.00018201
  0.0055075  -0.00633588  0.00023695 -0.00373707  0.01094577 -0.01017338
 -0.0019307  -0.00229278 -0.00130678 -0.00185842  0.00483347 -0.00468877
  0.00206932 -0.01237622 -0.00491835]
[ 0.01605197 -0.01886561  0.0011396  -0.02121969 -0.00050337  0.00212106
 -0.0030497  -0.00091502  0.00615198 -0.00659801  0.00941339  0.008719
  0.01494657 -0.00425621 -0.00409372 -0.00187468 -0.00010837  0.0037333
 -0.02691557  0.00654724  0.04816175]
[ 0.01523837 -0.01686724 -0.00081417  0.05034555 -0.00339464 -0.0060505
  0.0130469   0.01441626 -0.01149798  0.00618578 -0.00360293 -0.01141281
 -0.00599342  0.01273007 -0.02167588  0.00224418  0.00373061  0.0143283
  0.01064134  0.00321624  0.01682657]
[  1.00127404e-02   9.22830491e-03   1.32135536e-02  -7.71410060e-04
   3.15823309e-03  -5.48320529e-03   1.68075009e-03   9.00540325e-05
   4.45957833e-03   6.08344689e-04  -2.92389852e-03  -4.15409841e-03
   3.36282549e-03   6.61012193e-03   1.13450681e-03   1.59393664e-02
   1.57502947e-02  -8.27380850e-03   1.30627046e-02   4.88057571e-03
   1.45789007e-02]
[ 0.01416545  0.01293644  0.02483622  0.00072289 -0.03934572 -0.00612568
  0.00637153 -0.00638937 -0.00846242  0.02651173  0.0256589  -0.01685567
  0.01180913 -0.0145636   0.01070148  0.00481864 -0.01520129  0.00668788
  0.00422662 -0.00354102  0.00441665]
[ 0.00771887  0.00702169  0.00646888 -0.00253619 -0.00674039 -0.00547577
  0.00470903 -0.0095046  -0.01198398 -0.00682876  0.00137659  0.00128164
  0.0044077   0.01585451 -0.00793205 -0.00820673 -0.00531036 -0.00512919
 -0.01048819 -0.01234143 -0.00998606]
[ 0.00804899  0.00686593 -0.01224797 -0.00011605 -0.01129287  0.00589491
 -0.00072271 -0.0072449  -0.00063517 -0.01042941  0.00388363 -0.01095653
 -0.01523398 -0.01574101 -0.00827506 -0.00821031 -0.00403452  0.00824387
 -0.00709896  0.01018049 -0.00583772]
[ 0.01323614  0.01162083 -0.01818306 -0.00152156 -0.02070702 -0.01031883
 -0.00252268  0.00541205 -0.00229025 -0.01092456 -0.00287212  0.00086192
 -0.00308485 -0.0015396   0.01520909  0.01710829 -0.00359941  0.01492124
  0.00603744  0.00584954  0.01395379]
[  4.40941881e-03   2.78014918e-03   4.64963860e-03   1.11729700e-03
   5.50197723e-03   4.19494324e-03   1.02566485e-02  -1.28751116e-02
  -6.40429407e-03   4.45008145e-03   2.93734075e-05  -8.69796054e-04
  -4.56141959e-03  -4.41375028e-03  -2.00590090e-03   6.31541025e-05
  -9.75777239e-03  -1.38698283e-03  -6.02581148e-03  -8.45239344e-03
   1.90329315e-03]
[ 0.00694932  0.00638233 -0.00316864 -0.00087403  0.00593763  0.00176208
 -0.00789219 -0.00985922 -0.01094957 -0.00881781 -0.01122195 -0.01056759
 -0.00897127 -0.00599447 -0.01387118  0.00211071 -0.00377832 -0.01052393
 -0.00066387 -0.00808687  0.00724496]
[ 0.0113775  -0.01098919 -0.00269151  0.02648264  0.00512133  0.01834661
 -0.00452014 -0.00890972  0.00061603  0.00471403  0.01304939  0.01688994
 -0.00064704 -0.00057832  0.01967842 -0.00214497 -0.00526379 -0.01708894
 -0.02901978 -0.00166245  0.01998075]
[ 0.00337652  0.00308012 -0.001092   -0.0003785  -0.00187602  0.0002546
 -0.00905225  0.00487433 -0.00449231 -0.00291448  0.00320709 -0.00199511
 -0.00315528 -0.00317556 -0.00147529 -0.00865673 -0.00460763  0.01084241
 -0.00487964  0.00598097 -0.0057026 ]
[ 0.00817249  0.00711845 -0.01415608 -0.00122528  0.00212304 -0.01546086
  0.01671865  0.00781549 -0.00585987 -0.01616193  0.0144128   0.01511043
 -0.00177764  0.00294417  0.00882507 -0.00299208 -0.00379512 -0.00460647
  0.00717222  0.01246261  0.0005421 ]
[ 0.00394735  0.00351912 -0.00903202 -0.00024578 -0.01375559  0.0043314
 -0.00179629 -0.01102704 -0.00459538  0.00649789  0.00327953 -0.01133216
  0.00679719  0.0028099   0.00022484 -0.00630734  0.00942242 -0.00247991
 -0.00432251  0.00163617 -0.00623248]
[ 0.00836609 -0.00973986  0.00052822 -0.01387171  0.00185864 -0.00478377
 -0.01154425 -0.00718288  0.00730893  0.00298713  0.0062332   0.00325329
 -0.00792372  0.00338305  0.01006024  0.00327983  0.00629816 -0.00843441
 -0.00512378  0.00285624 -0.00452367]
[ 0.00814318  0.00722413  0.00556259  0.00020584  0.00936137  0.00144031
  0.0232483  -0.0093128   0.00701274  0.0049779  -0.00567154  0.02027136
 -0.00356495  0.00472987 -0.00279437 -0.01178322  0.01350709  0.00524265
 -0.00650445  0.00141219 -0.00679386]
[ 0.010863    0.0098464   0.00916544 -0.00089808 -0.0103004  -0.00570441
  0.01890145  0.00989141  0.02370396  0.00934324  0.02004585 -0.00508749
 -0.01063114 -0.01542719  0.01115089  0.00255545  0.02276139  0.01543089
  0.00744344 -0.00424355  0.00181745]
[ 0.01114128  0.00990193 -0.01194081  0.00039354 -0.00687753  0.01048177
 -0.01019707  0.00416537  0.0088063  -0.00808051 -0.00862543 -0.01064431
 -0.01001959  0.01151081 -0.01256124 -0.01954245  0.01677764  0.00757654
 -0.01992163 -0.01606118 -0.00803461]
[ 0.00699363  0.00581353 -0.01027134  0.0024443   0.0115812  -0.00015049
  0.00281416 -0.00145174  0.00193345 -0.00206017 -0.00236445  0.00020145
  0.00625539  0.00430085  0.00690247 -0.00337909  0.01535331  0.00064205
 -0.00034211  0.01233403  0.00520927]
[ 0.01255806  0.01142424 -0.01204939 -0.00098463 -0.01242625  0.00016002
 -0.01087244 -0.01000722 -0.01172688  0.00061716 -0.01716369 -0.00374081
  0.00028112 -0.0027665  -0.00123839  0.01496585  0.01577187 -0.0022475
  0.00542453  0.00557579  0.01522523]
[ 0.01328697 -0.01533394  0.00118578 -0.01005098 -0.00019656 -0.00182182
  0.00824429  0.00296667 -0.0074033   0.00629626 -0.01404801 -0.00885463
 -0.01158996  0.00578496  0.00855891 -0.02348003 -0.00584848 -0.00370686
  0.02824987 -0.00512191 -0.00504347]
[  9.61841046e-03  -1.09353380e-02   9.18489078e-04  -4.93044641e-03
  -9.28807632e-05  -1.15446471e-02   2.39448159e-03   2.46046279e-03
   6.89153082e-04  -6.01852837e-04  -1.43250242e-02  -3.05756195e-03
   7.91729273e-03  -7.94073675e-03   1.33365620e-02  -2.27674701e-02
   3.61380474e-03  -3.12942881e-03  -7.20348654e-03   1.56679654e-03
   2.38511863e-02]
[ 0.00415721  0.0036697   0.00896676  0.00036263  0.00255387  0.00467285
 -0.01065303  0.00537561 -0.00641947  0.00529298  0.00152649  0.01423557
 -0.00743731 -0.01803068 -0.00503147 -0.00383544 -0.0050152   0.00598678
  0.00412676  0.00116256  0.00126372]
[  6.97243348e-03   5.92701266e-03   3.48235234e-05  -6.39670971e-04
   1.00517256e-02  -8.81930896e-03  -4.17929441e-04   9.33948163e-04
  -1.00998177e-02  -1.03830497e-03   2.00632824e-02   3.30287459e-04
   1.02731979e-02   7.08829297e-03   6.01690200e-03   4.69724983e-04
  -8.98105209e-03   5.56200120e-03   4.01042383e-03  -1.61378301e-03
  -3.24528347e-03]
[  1.11901337e-02  -1.29542597e-02   1.47688303e-03   6.68451438e-03
   1.45696180e-03  -9.28166125e-03  -1.55039641e-04   2.35227786e-03
  -3.16805033e-03   1.61833522e-03  -7.86919927e-03  -1.87434125e-03
  -8.81037762e-05  -2.46499387e-03   5.46380383e-03   8.54350394e-03
  -5.06688746e-04   4.00772463e-03  -1.83597103e-02   9.34626003e-04
   5.11486248e-03]
[ 0.00942011 -0.00629556 -0.00894005  0.01693834 -0.01388541  0.05033798
  0.00650614 -0.00880732  0.01220065 -0.01840211  0.00653291  0.01178075
  0.0188774  -0.00141369  0.0146963  -0.00396039 -0.01139914 -0.01001917
  0.0222248   0.00189918 -0.01827984]
[ 0.00526602 -0.00625875  0.00045911 -0.00926471 -0.00197592  0.00829517
  0.00880837  0.0114654  -0.00822593 -0.00439045 -0.00435721 -0.0037072
  0.01411147 -0.0065277  -0.01533324  0.02091243  0.00548494  0.00784434
  0.00179362  0.00704308 -0.0196858 ]
[ 0.00194203  0.0016225  -0.00216924  0.00075299 -0.00185309  0.00323139
 -0.00272198  0.00432157  0.00554043  0.01175155 -0.00040263 -0.00348953
  0.00203653 -0.0112414   0.00175965 -0.00220579 -0.00088292 -0.00302395
 -0.00067208  0.00622852 -0.00562872]
[ 0.01985078 -0.02303223  0.00014301 -0.00018147 -0.00163812  0.01113006
 -0.00893048 -0.01213765  0.00484671  0.01583025  0.01179043  0.00044182
 -0.04844555  0.03062879  0.00549419  0.00848714 -0.01121157 -0.00660736
  0.03025351  0.01510761 -0.028903  ]
[ 0.00753497  0.00679469 -0.01127656 -0.00111059 -0.01864415 -0.0099614
  0.00338679  0.00155895 -0.00106731 -0.00223054 -0.0082418   0.01055893
 -0.00449864 -0.00099028 -0.00307156  0.00462696 -0.00077052 -0.00837376
 -0.00112031  0.01339126  0.00912263]
[  2.91302308e-03  -2.36885502e-03  -1.69246651e-03  -6.67288947e-05
  -4.13691829e-03   8.43366293e-03   6.18751199e-03   2.14251666e-03
   1.76861067e-03  -4.47274007e-03   8.01175817e-04   2.42653769e-03
   3.04709095e-03   5.29467706e-03  -4.02490293e-03  -1.42426460e-02
  -2.69728009e-03   4.67530122e-03   6.55309296e-03  -2.65709987e-03
   1.50550318e-03]
[ 0.00935387  0.00843517  0.01488188  0.00172733  0.00290439  0.00162543
 -0.01495735  0.00711657 -0.01279277 -0.01614621  0.00460361  0.00559528
 -0.00311305  0.00147565  0.00419039 -0.00980783  0.00687465  0.00939109
 -0.00055583 -0.02428213 -0.00735254]
[ 0.0135077  -0.01519668  0.00100812  0.00952981  0.00217863  0.00067912
  0.01009988  0.00754478 -0.01564457  0.00305858 -0.00581508 -0.0056971
 -0.00442097  0.00119124 -0.0178396   0.01303958  0.00330102  0.00526988
  0.00601327  0.00348771  0.00012266]
[ 0.00899519  0.00810753  0.00962015  0.00031432  0.01019418  0.01312966
  0.01538119 -0.01761718  0.00654604  0.00989663 -0.00250891 -0.01062176
 -0.00124631 -0.00349771  0.0003181   0.00065833  0.01405345  0.01321307
 -0.00483406 -0.01173958  0.00679137]
[ 0.00929036  0.00873126  0.00927098 -0.00291819  0.00161647 -0.00266288
 -0.01487283  0.00334098 -0.0080809   0.01305547 -0.01183641  0.01280817
  0.0046617   0.0024279  -0.0083475  -0.00347468 -0.01393496  0.01269778
  0.00181226  0.00351201 -0.00047395]
[ 0.01493611  0.01326277 -0.02318922 -0.00275596 -0.01244923 -0.01068625
 -0.00846461 -0.01297483 -0.02229982 -0.01268445  0.00707804 -0.01093977
  0.00834187  0.01164359  0.0126172   0.01387146  0.01052118 -0.00231813
  0.00321662  0.00026299 -0.00095673]
[ 0.00578012  0.00536979  0.00420628 -0.00208586  0.01356614 -0.00085731
  0.00833237 -0.00758371  0.00206375  0.0126999  -0.00381022  0.00978277
  0.00977669  0.01223361  0.00020234  0.00393312 -0.00022478  0.00873051
  0.00301362  0.00157789 -0.00052507]
[ 0.01172024  0.01063646 -0.01799129 -0.00384916  0.01139936 -0.0058843
  0.00736022  0.01691698  0.01644349  0.01424709  0.01212975 -0.00531775
 -0.01000202 -0.01902586 -0.01978059 -0.00563007 -0.00490578 -0.01867219
 -0.00539734 -0.01771999 -0.00416866]
[  8.68669504e-03   7.51394782e-03   8.40518274e-04   3.84139360e-03
  -8.34511835e-03  -4.67895068e-05   2.35429015e-03   1.02361274e-02
   5.71130859e-03  -1.02585312e-02   6.63823271e-03  -8.49174723e-04
  -7.31184134e-03  -1.54624349e-02  -1.85643450e-03  -3.72144917e-03
  -5.60268640e-03  -1.88352912e-02  -2.47161650e-04  -6.77957493e-03
  -4.46034273e-03]
[ 0.00146622  0.00127735  0.00234584  0.00020365 -0.00365554  0.00184958
  0.00522949  0.00117698  0.01016565 -0.00237645 -0.00648444  0.00549936
 -0.00429211  0.00243381  0.00164852  0.0014178   0.00400812  0.00402861
 -0.00211183 -0.00302063 -0.00130655]

Right eigenvectors

[ 1.          0.90751037 -0.57249038 -0.08861197  2.24261774  0.28638401
 -1.11630744  0.9983259   0.25224509 -0.29714489 -0.12188683 -0.80804814
  0.3906103   1.06809646 -0.78579361 -0.57591555 -0.31892268 -0.32514699
 -1.02239097 -0.02304388 -0.80021678]
[ 1.         -1.05286129 -0.06718295  0.5116564  -0.02143969 -0.2464927
 -0.19877241 -0.57438083  0.39238126 -0.02765033 -0.03982007  0.77721125
  0.0738698  -0.05733644  1.91472077  0.54755132  0.11712723  0.20803559
 -1.07002427 -0.5826476  -0.58637393]
[ 1.          0.88820516 -1.73238827 -0.24035356 -0.64554127 -0.27350562
 -0.38655303 -0.21258016 -0.14094985  0.24650572 -0.36479302  0.12668915
 -0.06066923  0.30250478 -0.66930484 -1.56798912  1.32293825  0.76552266
 -1.33455154  1.72082374 -1.42400243]
[ 1.          0.91782414  1.52066072 -0.0884823  -1.27716621 -0.36302067
 -0.03265457 -0.01952746 -0.08577896 -0.63821419 -0.33035598  0.06355401
 -0.85341063 -1.26216955  0.12087898  0.70368022 -0.60563297 -0.74961277
  0.72032119  0.7786392   0.89327706]
[ 1.         -1.15363899  0.10853304 -0.47098197  0.20851085  0.04399489
  0.30585164  0.06722351 -0.56907253  0.26399536  0.12449496 -0.03060433
 -0.72230302  0.01291197 -0.05751705  1.40817128 -0.51077793  0.15550386
 -1.03665762 -0.06830734 -0.68909417]
[ 1.         -1.16400916  0.02044599 -0.2079419   0.02385651 -0.76012096
 -0.84530342 -1.14521461  1.36208233 -0.96580069  0.62408619  0.53050524
  1.64453842 -0.78886988 -1.29207116  0.39272705  0.26398072  0.62726953
  0.1127776  -0.19640706 -0.5009171 ]
[ 1.          0.89142843 -1.74868074 -0.1353031   0.40557824 -0.48578032
  0.58631533  1.67254014  1.73313104 -0.19680427 -0.37105067  0.60199186
  0.77565959  1.80912374  0.32452548  0.54475428 -2.66049767  0.01872121
 -0.47330487  0.45779789 -0.07769545]
[ 1.          0.90567553  1.65280124  0.27026419  0.23564678  0.91448865
  0.88583953 -1.36412033  0.04698889 -2.13117921 -0.33761637 -1.02146248
 -0.79534937 -0.31822188 -0.19669043  0.14092257  0.14688532 -2.03759955
  0.02014961  1.05504984 -0.30490287]
[ 1.         -1.1344402   0.04250124  3.88417451  0.11961931 -1.38603092
 -0.86395202 -0.93351556  0.66584757  0.49630951  0.85042078 -0.05834502
 -1.1860298   0.73255309 -2.06947675  1.48669426  0.18552908  1.18300386
 -0.32523977  0.52062845 -0.99080281]
[ 1.          0.87592124 -0.11449724 -0.19994873  1.92148003 -0.92545977
  0.9234512   1.29787707  0.36161149 -0.83407697  1.9767912  -0.55408427
 -0.12070072  0.34539544 -0.18464497 -0.52102576 -0.34337762 -0.21918781
  0.06502095  0.0455948  -0.86323613]
[ 1.          0.89578036 -0.73346833  0.00445349  0.48215982  0.95744301
 -0.2673336   0.2625746   1.33522812  0.28440511 -0.65925526 -1.18391557
 -0.41433793  0.04293571  0.23758247  1.02272855  0.17523854  1.74175041
  0.12376446 -2.01487849  1.31861545]
[ 1.         -1.16492734  0.06777565  0.01520736  0.1182742  -0.47152622
 -0.77832804 -0.6358913   0.34013228  0.74760671  0.25933506  0.00898979
 -1.98483057  1.03453938  0.43988009  0.13587401 -0.28299949 -0.30879436
  0.40815121  0.30862219  0.00387322]
[ 1.          0.83397882  1.42298364  0.25132992  0.89070596 -0.28144346
 -2.38944157  1.51167596 -2.39857777 -1.24597679  0.70854222  1.83987451
 -0.15421797 -0.10306027 -1.28614484  0.49908022  0.4420261  -3.25317977
  1.03138639 -2.31947528 -0.17749404]
[ 1.         -0.72606123 -0.23019473  1.8054212   0.13897279  0.75940796
  1.65948959  1.24204016 -1.58783966 -0.5734801   0.68335281  0.61250832
  1.32834003 -1.2556996   1.88138158  1.04843351 -1.11865814 -0.33983012
 -2.87066114 -1.6940502  -0.03316991]
[ 1.          0.90191942  2.07046992  0.31946459  0.86567702  0.32858671
  0.19166795  1.07452109  1.37968193 -0.47623544  0.3347774  -1.47164923
  0.51023865  0.24403064  0.4354348   0.20134987 -0.41415152 -0.57121311
 -0.52649813  1.61885421 -0.05037829]
[ 1.          0.8385236  -1.7167223  -0.02153151  0.96739025 -0.38048483
  1.73114375 -2.14589032 -1.66970748  1.85053479  0.89764951  1.73704258
 -0.35175758 -1.37202716 -2.32662367 -0.9716654   1.21809941 -2.84492314
  0.58110222  0.65462804  0.35770835]
[ 1.          0.91836642  0.94042123 -0.15786827  0.14098883 -0.15072462
 -0.947395    2.0184846   1.74082196 -0.1842772  -0.23247124 -1.30688457
  0.71631833  1.07039962  1.21015503  0.84592208  0.08470321  0.03207278
  0.65936484  0.35597641  0.51746688]
[ 1.         -1.15334046 -0.01479352  1.30163509  0.13319248 -1.15469441
 -0.47776454 -0.85129486  0.62015225  0.25188483 -0.56417117 -0.01314159
 -0.26938445 -0.57117168  1.53031275 -0.37132058 -0.96721291 -0.1369574
 -0.10653936  0.00877186 -1.34638397]
[ 1.         -1.14414831  0.02471995  1.57429753  0.20333254 -1.45868092
 -1.22414474 -1.81656905  1.20938788 -0.10512187 -0.45361295 -0.0931758
 -0.31378786 -0.4251261   2.01398338 -1.10314216 -0.97354937 -1.05431438
  0.01725578 -0.59191193  0.02171021]
[ 1.          0.92237014  1.4685802  -0.21928224 -0.039734    0.0514562
  0.6182449  -1.72585287 -0.34083483 -0.29769918 -1.06699817 -0.78475766
 -0.05507328  1.06813532  0.24474433 -0.96137293 -0.04649811  1.80962623
 -1.92426183  1.82376664 -0.50913897]
[ 1.         -1.11709151 -0.05617079  0.41653163 -0.11902789  0.64948412
  1.57618455  1.87889207 -1.77377582  0.20240467 -1.00381034 -0.45982956
  0.21757001 -0.20251891  0.98376871 -0.42268993 -0.02860131 -0.17654868
 -0.63538252 -0.87790137 -0.87398764]
[ 1.         -1.12771074  0.07993189  0.47339762  0.40980613 -3.16888158
 -2.21586678 -2.16113216  2.04638523 -0.67509413 -0.90891817  0.12617017
  1.19344368 -1.66927744  1.66209427 -0.57906615  0.55025273 -0.68849283
  0.74128731 -2.0182395  -3.17036877]
[ 1.          0.93169311 -0.48853869 -0.35482972  1.30812478 -1.68938859
  1.23634302  2.15940512  1.93266433 -0.1181249   3.65047708 -1.83126815
  0.5783571   1.08988708  1.36355779 -0.79351218  0.81273584  1.7821079
  0.55296378  1.13662758 -0.13316928]
[ 1.         -1.16973012  0.08968747 -1.26532447 -0.07477605  0.08716268
  0.08847972  0.13017844  0.19774824 -0.64925745 -0.09669964  0.14339648
  1.56361651 -0.91040991 -1.25048066  0.65526553  0.14883604  0.4802956
  0.12682142  0.2563052  -0.5418208 ]
[ 1.          0.38158925 -1.00310973  1.25410012  0.6057567   2.70013556
 -2.09680859  0.11074407 -1.47581146  2.36865391  1.25619195  1.3826902
  0.25154274 -1.16346503  1.12801064 -1.99873321  0.13876031 -0.26334937
 -2.38265871  1.33364946  0.07003767]
[ 1.          0.92719981 -0.3257917  -0.35862378 -0.62225495 -0.79395154
 -0.58923219 -0.35750511 -1.27018417  1.2417356  -0.03899374  1.09547514
  1.19923182  2.02550246 -0.89491579 -0.11867054  0.89795947 -0.94932306
 -0.41169226 -1.16175623 -0.52508461]
[ 1.          0.89253345 -1.44126523  0.02169507  0.29966826 -0.35238026
 -0.92718254  1.58738522  0.38200769  0.09501441 -0.35587378  1.45985225
  0.7760319   1.42639068 -0.23985974 -0.01839487 -1.92592897 -0.05032493
  0.32367663 -0.45957984 -0.47095427]
[ 1.         -1.09677755 -0.06118124 -1.15690129 -0.22665624  1.04575369
 -0.17037276 -0.06812988  0.22174196  0.03595234  1.48591746  0.22551918
 -0.67759733  1.11135965 -1.42401455 -0.1835631   0.38997523  0.29500694
  0.75199475  0.27304012  0.98791258]
[ 1.         -1.16543997  0.09627625 -1.80803159  0.14333524 -0.8515829
 -0.23232787  0.49778608 -0.56847837  0.95673013 -0.70948561 -1.20148533
 -1.80627901  0.61506233  0.61567613 -1.49151807  0.47261693 -0.62446549
  1.83662607 -0.22430125 -0.48099972]
[ 1.         -1.16848419  0.2059131   0.78850634  0.51879853 -3.69701988
 -2.00993957 -2.55996386  2.64297912 -1.75498023 -0.74407473  0.24323216
  3.43311815 -2.73426502 -0.57608386 -0.76705888 -0.02339787  0.33337096
  0.1370619  -1.85648478 -1.06655679]
[ 1.          0.93858629  1.11726497 -0.24834809 -2.13216558 -1.20246782
  2.67610479 -0.89554198  0.8947781   0.31387069 -0.8343335   2.35709941
 -0.67797288  1.05957489 -0.29851361  0.67108915 -0.10661418 -0.41325964
 -0.99053341 -0.96899001  0.17211692]
[ 1.          0.84624178 -1.19299954  0.1795879   0.93755076 -0.23056401
  1.26862179 -1.05777207 -0.36688703 -2.09350741 -0.59879131  1.00499249
 -0.81062878 -0.44044265  1.03860639  0.95656119  0.91735155 -0.26493885
  0.37184711  1.10831403 -0.03881152]
[ 1.          0.86481591 -1.30428797 -0.38837073 -3.35603419 -0.76880725
  0.48789581  0.20286469  1.0518481   2.06863468 -0.46875331  0.08709194
  0.87583558  2.2279311  -0.50719119  0.78784991 -3.69299722 -0.1640306
 -0.89109737 -3.20479354  0.9742434 ]
[ 1.          0.92191924  1.4817179  -0.07971483  0.80884254  0.53489393
  0.12765729 -0.73615406 -0.00780207 -0.75328021  0.43484782 -1.61773497
 -0.27086669  0.45511635  0.19877137 -0.57762978 -0.64911827  1.87760543
 -0.58723957 -1.04189962 -0.34644315]
[ 1.          0.89623024 -0.21901595  0.14751816 -0.60493342  0.30845124
 -1.44029434  0.52059908  0.08085678 -0.80612379 -1.41740569 -0.99930458
  0.5376034   0.98714778 -0.26989234  0.57379019 -0.19979797 -1.1991407
 -0.24495128  0.60204999  0.55883715]
[ 1.          0.8656679  -0.91688642 -0.22315931 -1.77085135  2.16476945
 -3.31479657 -1.94169893 -2.52266815 -3.60355207 -2.77140718 -1.42412695
 -1.95521596 -1.04610384 -0.61874465  2.65020764 -0.59294248  0.63127729
  2.29299669 -1.62849583  2.45166281]
[ 1.          0.92714657  1.53852194 -0.31939371 -0.02768918 -0.74634659
  0.23990253 -0.40244172 -1.08157639  2.39029625  0.35340033  2.42773859
  0.69527963 -0.65394302 -0.96336117 -0.29135712  0.01788747  0.37799034
  1.22055575  0.16711697 -0.34744436]
[ 1.         -1.16620869  0.05176576 -1.52824364  0.1090784   0.20340514
  0.24935411  0.96473881 -0.67401473 -0.04966587 -0.21085071 -0.34629865
  0.50841202 -0.55088351 -0.06556624  0.01739252  1.07894182 -0.66149816
 -0.21974259 -0.42073675  0.6744797 ]
[ 1.          0.92950685  1.51999699  0.0766415  -0.3375146  -0.56062408
  1.43696492 -0.77568713  0.46168171 -0.1554923  -0.26256762 -0.74642191
  0.73551663  0.87523163  0.12994724  1.0380058  -2.49778826 -2.71245129
  0.47793259 -0.63210014 -0.12245482]
[ 1.          0.91378793 -1.64057781 -0.43657908  2.25482094 -0.63235564
  1.39198111 -1.26939933 -0.57372555  0.74328434  0.81029179 -0.90001549
 -0.54215195 -2.07680903 -0.4005597   0.65287092 -0.95824372 -0.02162486
  0.96790448 -0.52885416  0.59671593]
[ 1.         -1.15140245  0.00573977 -0.99910397 -0.09709424  0.36423051
  0.25657821  0.01542036 -0.00797904 -0.18417365 -0.27973565  0.05276939
  0.14035615  0.02501138  0.09464773 -1.05717363 -0.29385771  0.06339837
  0.4339465   0.10371293  0.95776742]
[ 1.          0.9064857   1.09116139  0.17579002  1.53196121  0.14402463
 -0.19852857 -0.34001966 -1.81056146  0.3199764   0.95543906  1.80328039
  1.09806563  0.36422132  0.36335601 -0.52438086  2.05050439 -1.40897382
  0.69162197  0.3972716  -0.20816774]
[ 1.         -1.15692644  0.09556554 -0.94165918  0.02387723  0.28040245
 -0.56710663 -0.31711738  0.40964075  0.13606179  0.72920237  0.35135931
 -0.47954041  0.44738393  0.21749754  0.64208827  0.14326634 -0.19448721
 -0.77897473  0.49513325  0.24063574]
[ 1.          0.91036834  0.82195037  0.04246013  0.90770464  0.45078192
 -1.27581808  0.05541478 -1.30335419 -1.71926029 -0.031947    0.53997264
 -1.00311746 -0.36006265  1.2835946   0.80087969 -0.59717132  2.09122448
  0.94775329 -1.34795367  0.94317503]
[ 1.         -1.13605328  0.04832737 -0.35010218  0.07495647 -0.27536289
 -0.57959824 -0.24755876  0.58737612 -0.32132977  0.89227075  0.25376871
  0.50093495 -0.28086867 -0.2714116   1.020655   -0.13684562  0.08580469
 -0.94037191  0.27388599 -0.08710189]
[ 1.          0.61849413 -1.30194803  0.57232981  0.7344013   2.72323212
 -1.56089685 -0.22033889 -0.49892063 -0.59564027 -1.42153104  3.22349217
 -1.10512963 -1.31084104  3.7692311   2.84459268  3.7877645   2.24124889
  2.33482936 -2.87988931  0.01927217]
[ 1.          0.9072657  -1.44755299 -0.1294455   0.66694903  0.79599321
 -0.54813115  0.12205369  0.92463879  1.77738464 -1.31868696  0.18917792
  0.29952921 -0.59337152 -0.12841518  0.73585015  0.21619324  0.00981788
  0.32126356 -0.27106396  0.40743984]
[ 1.         -1.14565022  0.07364994 -0.10642341  0.1312656   0.13001829
  0.64536911  1.499595   -1.27619528  0.74503599 -1.05674273 -0.79496011
 -0.24719043 -0.28333242  0.76472988  1.42024581  0.74459176 -0.20680019
 -0.83219089 -0.08062139 -1.65418767]
[ 1.          0.90652416  1.04480775  0.32244311 -1.76191696 -0.59815288
 -0.72571537  0.67576388 -0.95970343  0.63133313  1.76447712 -0.03902547
  1.69700029  0.44792594  1.59278953 -0.53217566  1.51964705  0.00217031
  1.26295886  1.50413265 -0.24019483]
[  1.00000000e+00  -9.81763013e-01  -9.57180947e-02   5.01691390e+00
   4.16925748e-03  -1.68891587e+00   5.05329818e-01   6.39093612e-01
  -9.93383991e-02  -3.68018632e-01  -1.04440821e+00  -7.48380098e-01
   1.24377362e+00  -2.39357852e-01  -1.42980014e+00  -1.47245312e+00
   9.02404043e-01   1.90356962e-01   1.63231083e+00   4.06981501e-01
   1.28633372e+00]
[ 1.          0.86162428 -1.63179508  0.0783183   0.53342065 -0.10464132
 -0.65759404 -0.57914315 -1.09705755  0.48913898 -0.03849835 -0.51051407
 -0.18867847 -1.51657176  1.07332256 -0.91836836 -3.34792274  2.41180947
 -0.00992209  2.95414212  0.3603057 ]
[ 1.          0.9278321   1.77322292  0.11692361  1.62562034  0.8178007
 -0.68396377 -0.26186446  0.23204975 -0.46395744 -0.85643212 -1.28790375
  0.7554131   0.45670388 -0.34560233 -0.16534083 -0.8551785  -1.86553962
  0.15840955  1.10979242 -0.12276208]
[ 1.         -1.17846003  0.0782379  -0.69494706  0.06980942 -1.08829626
  0.33519432  0.69117285 -0.37920382  0.18312874 -1.65307976 -0.85918329
  0.31113553 -0.58766945  1.27708946 -2.12654498  0.41275461 -0.53103087
  0.63750053 -0.66418662  0.34746058]
[ 1.          0.81000005 -0.52831695  0.21894185  0.88418152  2.57682305
 -0.64078238 -1.86215091  1.25402977  3.66954579 -2.91374639 -0.95421168
  2.44412306  0.01790531  0.50692327  0.98148066 -0.32396763 -0.35364535
  2.03343496  0.12618431 -0.07450961]
[ 1.          0.90209321 -1.5885158  -0.15119557  0.88457584 -0.14004
  0.27608215  1.51536201  1.36300997 -0.51922814 -1.10283315  2.03693957
 -0.82789115 -0.17468519  0.20683077 -0.12919797 -0.15914516  0.55165765
  0.75377751 -0.61505627 -0.37574247]
[ 1.          0.91790435  1.48030189  0.1414403  -1.39925589  0.19389673
 -1.10480642  1.05618129  0.04795312  0.19927131 -0.48464328  1.74243189
 -0.85522731 -1.11287118 -0.47077374 -0.43054139  0.46645356  0.64950424
  0.15959971 -0.57799174 -0.62309862]
[ 1.         -1.1468038   0.04574794 -0.48210254 -0.26967469  0.80700979
  0.40668975 -0.64312108  0.41691313 -0.85320872  0.76534715  0.43635129
  0.73954186  0.23768675 -1.87533762 -1.04162305 -0.92841053  0.7712139
  1.40791073 -0.09286148  1.12306799]
[ 1.          0.13406672 -0.44604694  1.26657484  0.39344541  2.10847499
 -2.32506581  1.9745736   1.09330306  1.04315227  3.42673036 -0.85288398
 -0.47491246  0.68295201 -1.1678329   0.3049139   2.99410088 -1.7165985
 -0.22230936 -1.63492119  2.27799446]
[ 1.          0.91510726  1.88837129  0.20790644 -1.39021618  0.03145569
  0.48498358  0.95767053  1.70310682 -0.83264545 -1.50434499  1.00719876
 -1.727302   -1.21812662 -2.1166521  -0.57108079 -0.0848752  -2.35183432
 -1.6174367   1.84771236 -0.33963684]
[ 1.          0.82473726 -2.28629634 -0.46887824 -2.38523737  0.04816281
  1.45734044 -1.67653931  0.06269945 -0.98886798  2.8963636  -2.69198099
 -0.51088159 -0.60669255 -0.34578824 -0.49175653  1.27898624 -1.2406967
  0.54756432 -3.27487441 -1.30144428]
[ 1.         -1.17528294  0.07099431 -1.32193674 -0.03135868  0.13213686
 -0.18998918 -0.05700336  0.38325397 -0.41104022  0.58643198  0.54317335
  0.93113626 -0.26515166 -0.25502921 -0.11678846 -0.00675115  0.2325759
 -1.67677658  0.40787751  3.00036359]
[ 1.         -1.10689258 -0.05342893  3.30386706 -0.22276917 -0.39705715
  0.85618744  0.94605006 -0.75454101  0.4059342  -0.23643825 -0.74895243
 -0.39331112  0.83539593 -1.42245373  0.14727142  0.24481689  0.94027785
  0.69832557  0.21106188  1.10422338]
[ 1.          0.92165627  1.31967404 -0.07704285  0.31542145 -0.54762284
  0.16786115  0.00899394  0.44539039  0.06075706 -0.29201781 -0.41488127
  0.33585466  0.66017111  0.11330632  1.59190849  1.57302538 -0.82632808
  1.30460834  0.48743656  1.45603502]
[ 1.          0.91323912  1.75329536  0.05103208 -2.77758355 -0.43243779
  0.4497933  -0.45105299 -0.59739842  1.87157712  1.81137191 -1.18991416
  0.83365751 -1.02810726  0.75546356  0.34016868 -1.07312445  0.47212587
  0.29837492 -0.24997549  0.31179   ]
[ 1.          0.90967778  0.83806061 -0.32856986 -0.87323533 -0.70940031
  0.61006716 -1.23134514 -1.55255585 -0.88468351  0.17834015  0.16603973
  0.57102845  2.05399217 -1.02761714 -1.06320324 -0.68797112 -0.66449958
 -1.35877168 -1.59886443 -1.29371962]
[ 1.          0.85301696 -1.52167707 -0.01441751 -1.40301675  0.73237883
 -0.08978927 -0.90010005 -0.0789127  -1.29574104  0.48249916 -1.36122957
 -1.89265635 -1.95564866 -1.02808616 -1.02004121 -0.50124533  1.02421131
 -0.88196918  1.264815   -0.72527268]
[ 1.          0.87796206 -1.37374402 -0.1149553  -1.56443034 -0.77959518
 -0.19059004  0.40888402 -0.17303017 -0.8253587  -0.216991    0.06511855
 -0.23306306 -0.11631765  1.14905792  1.29254365 -0.2719378   1.1273111
  0.45613332  0.44193733  1.05421881]
[ 1.          0.63050241  1.05447879  0.25338872  1.24777833  0.95135967
  2.32607719 -2.91991124 -1.45241229  1.00922177  0.00666151 -0.19725866
 -1.03447184 -1.00098232 -0.45491276  0.01432255 -2.21293844 -0.31455003
 -1.36657726 -1.91689513  0.43164263]
[ 1.          0.91841057 -0.45596477 -0.12577227  0.85441894  0.25356219
 -1.13567826 -1.41873162 -1.57563298 -1.26887447 -1.61482736 -1.52066659
 -1.29095697 -0.8625985  -1.99604883  0.30372846 -0.54369662 -1.51438291
 -0.09552979 -1.16369317  1.04254282]
[ 1.         -0.96587024 -0.23656394  2.32763174  0.45012812  1.61253348
 -0.39728786 -0.78310003  0.05414415  0.41432927  1.14694638  1.48450268
 -0.0568698  -0.05082979  1.72959036 -0.18852771 -0.4626493  -1.50199421
 -2.55062761 -0.14611736  1.75616316]
[ 1.          0.91221802 -0.32340984 -0.11209715 -0.55560805  0.07540178
 -2.68094194  1.44359828 -1.33045548 -0.86316109  0.949823   -0.59087758
 -0.93447769 -0.94048538 -0.43692582 -2.56380414 -1.36461183  3.2111215
 -1.44516996  1.7713441  -1.6889015 ]
[ 1.          0.87102539 -1.73216241 -0.14992709  0.25977854 -1.89181772
  2.04572331  0.9563168  -0.71702398 -1.97760205  1.76357555  1.84893793
 -0.2175154   0.36025367  1.07985054 -0.36611559 -0.46437691 -0.56365603
  0.87760493  1.52494697  0.0663324 ]
[ 1.          0.89151487 -2.28812243 -0.0622657  -3.48476483  1.09729234
 -0.45506123 -2.79353115 -1.16416775  1.64613895  0.83081912 -2.87082765
  1.72196371  0.71184499  0.05696066 -1.59786758  2.38702431 -0.62824801
 -1.09503982  0.41449931 -1.57890275]
[ 1.         -1.16420618  0.06313846 -1.65808669  0.22216305 -0.57180475
 -1.37988543 -0.85857033  0.87363779  0.35705225  0.74505486  0.38886607
 -0.94712279  0.40437696  1.20250129  0.39203826  0.75282037 -1.00816563
 -0.61244598  0.34140679 -0.54071428]
[ 1.          0.8871391   0.68309845  0.02527805  1.14959585  0.17687304
  2.85494112 -1.14363124  0.86117915  0.61129627 -0.69647713  2.48936552
 -0.43778321  0.58083864 -0.34315495 -1.44700434  1.65869935  0.6438089
 -0.7987603   0.17342025 -0.83430003]
[ 1.          0.90641586  0.8437303  -0.08267345 -0.94820934 -0.52512325
  1.73998386  0.91055929  2.18208227  0.86009762  1.84533238 -0.46833165
 -0.97865606 -1.42015949  1.02650207  0.23524321  2.09531344  1.42049944
  0.6852104  -0.3906422   0.16730683]
[ 1.          0.88876062 -1.07176238  0.03532292 -0.61730131  0.94080469
 -0.91525143  0.37386845  0.79042065 -0.72527689 -0.77418618 -0.95539366
 -0.89932102  1.03316719 -1.12744999 -1.75405791  1.5058982   0.68004171
 -1.78809132 -1.44159173 -0.72115708]
[ 1.          0.83126047 -1.46867092  0.34950402  1.65596476 -0.02151756
  0.40238897 -0.20758071  0.27645828 -0.29457804 -0.33808645  0.02880441
  0.89444057  0.61496694  0.98696573 -0.48316674  2.19532744  0.09180558
 -0.04891755  1.76360892  0.74485862]
[ 1.          0.90971393 -0.95949448 -0.07840582 -0.98950392  0.01274275
 -0.86577348 -0.79687599 -0.9338127   0.04914419 -1.36674708 -0.29788149
  0.02238566 -0.22029668 -0.09861344  1.19173266  1.25591606 -0.17896874
  0.43195632  0.44400084  1.2123869 ]
[ 1.         -1.1540584   0.08924388 -0.75645416 -0.01479335 -0.13711304
  0.62047978  0.22327702 -0.55718524  0.47386744 -1.05727748 -0.66641435
 -0.87228044  0.4353864   0.64415856 -1.76714735 -0.44016667 -0.27898437
  2.12613363 -0.38548376 -0.37958037]
[ 1.         -1.13691738  0.09549281 -0.51260512 -0.00965656 -1.20026559
  0.24894774  0.25580763  0.07164937 -0.062573   -1.48933384 -0.31788641
  0.82313941 -0.82557682  1.38656611 -2.367072    0.37571746 -0.32535821
 -0.74892692  0.16289558  2.47974303]
[ 1.          0.88273085  2.15691469  0.08722906  0.61432186  1.12403329
 -2.56254041  1.29307982 -1.54417499  1.27320296  0.36719149  3.42430562
 -1.78901203 -4.3372026  -1.21029848 -0.92259761 -1.20638443  1.44009416
  0.9926739   0.27964927  0.30398136]
[ 1.          0.85006371  0.00499446 -0.09174286  1.44163808 -1.26488248
 -0.05994026  0.13394867 -1.44853554 -0.14891572  2.87751506  0.04737047
  1.47340206  1.01661679  0.86295581  0.06736887 -1.28808     0.79771305
  0.5751828  -0.23145191 -0.46544488]
[ 1.         -1.15765013  0.13198082  0.59735787  0.13020057 -0.82945044
 -0.01385503  0.21020999 -0.28311104  0.14462162 -0.70322657 -0.16749945
 -0.00787334 -0.22028279  0.48826976  0.76348542 -0.04527995  0.35814806
 -1.64070519  0.08352233  0.45708681]
[ 1.         -0.66831124 -0.94903919  1.79810454 -1.47401753  5.34367253
  0.69066483 -0.93494876  1.29517096 -1.95349218  0.69350709  1.25059625
  2.00394741 -0.15007182  1.5600983  -0.42041872 -1.21008617 -1.06359371
  2.35929358  0.20160913 -1.94051234]
[ 1.         -1.18851718  0.08718319 -1.7593405  -0.37522107  1.57522668
  1.67268174  2.17724325 -1.56207826 -0.83373327 -0.82742015 -0.7039849
  2.67972495 -1.2395897  -2.91173501  3.97120528  1.04157311  1.48961537
  0.34060366  1.3374592  -3.73827169]
[ 1.          0.83546452 -1.11699179  0.38773344 -0.95419964  1.66392028
 -1.40161527  2.22528172  2.85290055  6.05115674 -0.20732378 -1.79684523
  1.04865968 -5.78846575  0.90608523 -1.13581573 -0.45463474 -1.55710384
 -0.34606926  3.2072152  -2.89836398]
[ 1.         -1.16026872  0.00720404 -0.00914172 -0.08252188  0.56068659
 -0.44988088 -0.61144472  0.24415741  0.79746247  0.59395336  0.02225718
 -2.44048669  1.54295199  0.27677464  0.42754724 -0.56479275 -0.33285153
  1.52404657  0.76105879 -1.45601355]
[ 1.          0.90175337 -1.4965626  -0.1473912  -2.47434833 -1.32202218
  0.44947604  0.20689479 -0.14164716 -0.29602481 -1.09380644  1.40132331
 -0.59703535 -0.13142389 -0.40764083  0.61406528 -0.10225946 -1.11131908
 -0.14868161  1.77721431  1.21070567]
[ 1.         -0.81319473 -0.58100004 -0.02290709 -1.42014608  2.8951583
  2.12408616  0.73549594  0.60713926 -1.53542898  0.27503243  0.83299638
  1.04602362  1.81758844 -1.38169277 -4.88930078 -0.92593846  1.60496539
  2.24958498 -0.91214515  0.51681815]
[ 1.          0.90178351  1.59098608  0.1846649   0.31050124  0.17377063
 -1.59905447  0.76081522 -1.36764461 -1.72615307  0.49216098  0.59817849
 -0.33280845  0.15775773  0.44798444 -1.04853182  0.73495255  1.00397885
 -0.05942268 -2.59594437 -0.78604216]
[ 1.         -1.1250378   0.07463275  0.70550891  0.1612876   0.05027642
  0.74771259  0.55855359 -1.15819625  0.22643193 -0.43050124 -0.42176682
 -0.32729218  0.08818954 -1.32069792  0.96534409  0.24438029  0.39013892
  0.44517371  0.25820165  0.00908053]
[ 1.          0.90131916  1.06947784  0.03494319  1.13329329  1.45963239
  1.70993536 -1.95851189  0.72772648  1.10021384 -0.27891749 -1.18082751
 -0.13855322 -0.38884276  0.03536309  0.07318692  1.56233019  1.46890468
 -0.53740484 -1.30509552  0.75499996]
[ 1.          0.93981973  0.99791431 -0.31410989  0.17399484 -0.28662851
 -1.60088943  0.35961819 -0.86981614  1.40527125 -1.27405379  1.37865266
  0.50177882  0.26133532 -0.8985122  -0.37400891 -1.49993819  1.36676972
  0.1950687   0.37802733 -0.05101532]
[ 1.          0.88796685 -1.55256034 -0.18451678 -0.83349887 -0.71546404
 -0.56672129 -0.86868815 -1.49301345 -0.8492467   0.47388779 -0.73243769
  0.55850304  0.77955951  0.84474473  0.92871966  0.70441181 -0.1552031
  0.21535843  0.01760776 -0.0640545 ]
[ 1.          0.92900935  0.72771441 -0.36086853  2.34703288 -0.14832039
  1.44155667 -1.31203273  0.35704325  2.19716827 -0.65919358  1.69248503
  1.69143324  2.11649754  0.03500532  0.6804565  -0.03888808  1.51043765
  0.52137724  0.27298496 -0.09084049]
[ 1.          0.90752911 -1.53506179 -0.32842008  0.97262204 -0.50206278
  0.62799183  1.44339896  1.4029991   1.21559733  1.03494031 -0.45372394
 -0.85339732 -1.62333373 -1.68772905 -0.48037193 -0.41857371 -1.59315745
 -0.46051437 -1.51191344 -0.35568082]
[ 1.          0.86499501  0.09675927  0.44221578 -0.96067818 -0.00538634
  0.27102254  1.17836846  0.65747774 -1.18094755  0.76418393 -0.09775579
 -0.84172879 -1.78001355 -0.2137101  -0.42840794 -0.6449733  -2.16829199
 -0.0284529  -0.78045504 -0.51346832]
[ 1.          0.87118905  1.59992537  0.13889434 -2.4931718   1.26146366
  3.56664581  0.8027311   6.93323802 -1.62080389 -4.42255633  3.75071024
 -2.92733124  1.65991936  1.12433571  0.96697633  2.73363945  2.74761921
 -1.44032027 -2.06015149 -0.8911029 ]
