Cluster centers 

[-0.5892091   0.2383728   1.3039171   0.72847509]
[ 1.44406277  0.02206973 -0.90812798  0.4460217 ]
[-0.76117113  1.40407247  0.64208515 -0.93901936]
[-0.78359423 -0.68999298 -0.19818102  1.01165155]
[-0.51875156 -1.44187294  1.14518152 -0.37020948]
[ 1.41658662 -0.6042167  -0.14728939 -1.08725134]
[-0.78818198  1.26420421 -0.8151593   0.26518646]
[ 1.17139423  0.87896208  1.78485775  0.27638949]
[ 1.41848665 -0.57253865 -0.86970701 -1.92813201]
[-0.78767991 -1.39264942 -0.24644996 -0.89958302]
[ 1.33692612 -0.47138026 -1.8666985  -3.64079776]
[-0.78916513 -1.02978646 -1.55324928 -0.39670618]
[ 1.40324026  0.07955909  0.52702459  0.7497908 ]
[ 0.61129222 -1.03673923  2.20623499 -0.01253848]
[-0.78501685  0.6862181   0.09903084  0.68492405]
[ 1.21535373  1.60095422 -1.89198711  0.95391825]
[-0.82490353  2.25412371 -0.46729161 -2.60329665]
[ 1.36576001  0.0867971  -1.68663254  0.39109757]
[ 0.65068669  0.63010245  2.50542625  0.0824512 ]
[-0.72770722 -1.28595355  0.26437792 -0.10126274]
[ 1.39391676  2.2905197   0.59866175 -1.51309191]
[-0.72176212  0.68925709 -1.42368892  1.23048706]
[-0.66493479 -0.21969161  0.8686066   1.10346354]
[ 1.1248686  -0.77797698  1.48722332 -0.18041485]
[-0.76316013  1.06585584  0.51429072 -0.12350306]
[ 0.75798458 -1.38590861  1.75286987 -1.98696689]
[-0.80924486  1.54841268 -0.4786652  -0.52701026]
[-0.75565873  2.2268982   0.51467558 -3.45883161]
[ 1.44536267 -0.15296545 -0.12899169  0.33814139]
[ 1.45766141  0.21656012 -0.26876551  0.81489776]
[ 1.40391181  0.38294418 -1.34502665  0.90993487]
[-0.5870741  -1.74853338  0.75110412 -3.52582485]
[-0.79973693 -0.79168884 -0.99929549  0.69698558]
[ 1.15563655  2.84839734 -1.79879859 -1.38300928]
[ 1.41501951 -0.18454082 -1.30445502 -0.25021938]
[ 1.00590385 -0.22284578  1.96333108  0.63520023]
[-0.43351073 -0.47475342  1.64073981  0.95616874]
[-0.61092883  1.42102526  1.44559726 -1.47481556]
[-0.79844402 -0.98122608 -0.46630226  0.46652703]
[-0.79810458  0.89023654 -0.53573442  0.70000941]
[-0.82267394 -1.30475513 -0.94584694 -1.199464  ]
[-0.66794415 -1.55703549  0.54846531 -1.1852456 ]
[-0.65904608 -0.87848943  0.75302857  0.8320695 ]
[ 1.42314472 -0.46468152 -0.02721722 -0.39752421]
[-0.79757091 -0.53031119 -0.6255999   1.15024244]
[ 1.45552885  0.81957668  0.06336493  0.91886122]
[-0.67036423 -1.66780044  0.48609553 -2.21896   ]
[ 1.33246586 -0.31432091  0.86550684  0.38121956]
[ 1.34644296 -0.22300629 -1.85198249 -0.74895486]
[-0.35609391 -1.64973508  1.46542586 -1.33547193]
[-0.70721552  1.63371936 -1.47300997 -0.00888695]
[-0.80626129  2.0634387  -0.70311761 -1.72295151]
[ 1.12079055  1.70426137  1.98325454 -1.28521052]
[-0.80491612  1.22986729 -0.13603056 -0.07086564]
[ 1.23124786 -0.35871833  1.30898384  0.4560928 ]
[-0.79277281  0.04634989 -0.47332918  1.33471506]
[ 1.27680229  1.47691272  1.45864336 -0.36772539]
[-0.74984302 -0.90453593  0.15497636  0.76347349]
[-0.7450134   0.26428519  0.43981791  0.99341318]
[ 1.1767818   0.33951857 -2.46083738  0.78739191]
[-0.8080168  -1.52518821 -0.52320065 -2.74337111]
[-0.76926585 -0.10378874  0.10178821  1.24764126]
[ 1.30733828 -0.38665795 -2.06751257 -2.29619779]
[-0.81881866  1.74513035 -0.17711625 -1.24726625]
[ 1.4348485  -0.40402421 -0.90799547 -0.87898081]
[-0.75184478  1.84783005  0.79957393 -2.32584062]
[-0.80466532 -0.98054855 -1.06265322  0.19271285]
[-0.72410734 -0.59473334 -1.84356752  0.7342149 ]
[-0.49484617 -0.96061436  1.36251365  0.7132057 ]
[-0.72850157  0.61121539  0.67672903  0.53599972]
[ 1.39561582  0.76362418  0.75938142  0.76068603]
[ 1.44832521 -0.27074864 -0.59276264 -0.14170624]
[ 0.48857953  1.42843802  2.67657353 -1.59793686]
[ 1.40941976 -0.27530398  0.31895026  0.26208614]
[ 0.34478597 -0.50630253  2.39714933  0.67151291]
[ 1.38311991  1.35233977  0.90085198  0.15497417]
[-0.64779872 -1.1922435   0.72645374  0.29007563]
[-0.76500231 -1.10840465 -0.0081527   0.31390477]
[ 1.34491912 -0.34470309 -1.84955547 -1.51155992]
[ 1.21561843 -0.04105758 -2.44115134 -0.24720253]
[-0.80399096  1.44401463  0.11109881 -0.68865937]
[ 0.78715806 -1.20370556  1.91520582 -0.84802855]
[ 1.26781671  0.25509633  1.34374964  0.76879782]
[-0.77850631 -0.20538659 -1.12538557  1.34600799]
[ 1.32228369 -0.68494286  0.71030552 -0.55931087]
[ 1.4404475   0.76646769 -0.86509835  1.08407396]
[-0.66449097  0.74203572  1.09168165  0.16486386]
[-0.46559997  0.8967614   1.81727694 -0.42993337]
[-0.79781865 -1.21263528 -0.40362911 -0.19638541]
[-0.78346054 -1.50402592 -0.1910743  -1.60733936]
[-0.81542585 -1.16681218 -0.94364842 -0.41517815]
[ 1.4416436   1.65111821 -0.46318409  0.394453  ]
[-0.7870348   1.84587249 -0.91340244 -0.9214591 ]
[-0.79297559  0.98230442  0.07147448  0.26332835]
[-0.72973459 -0.49560914  0.39862544  1.15499476]
[-0.79481605  0.48976004 -0.32535611  1.06414323]
[-0.69763931  1.13792925  1.0119107  -0.54117442]
[-0.73155933 -1.40257189  0.21894068 -0.58302471]
[-0.18620253 -1.19342755  1.94807104  0.23984124]
[-0.79605001  1.73827203  0.39154652 -1.66860836]

Populations

0.00131967451266
0.431432052769
0.253773516111
0.313474756608

State labels

0
1
2
3
