Cluster centers 

[-0.69855587 -0.26467814  0.20848111  1.18590441]
[ 1.56384585 -0.05684855 -0.66968439  0.32977393]
[-0.7557512   1.28549307  0.10392874 -0.2009964 ]
[-0.51487256 -1.49391946  1.05210777 -3.16542394]
[-0.76968987 -1.22236401 -0.74623265 -1.53614075]
[ 0.64006846 -1.02898564  2.19313715  0.13772619]
[-0.6630945   1.63081014  1.21218812 -1.37061132]
[ 1.35979978  0.80805716  1.41307305  0.61935661]
[-0.74058827 -0.62731744 -0.75121771  1.02574402]
[ 1.43368856  0.12345437 -2.04652518  0.26456199]
[-0.61055737 -1.36135612  0.605946   -0.45407994]
[ 1.50437736 -0.2448566  -1.39780778 -2.09438304]
[-0.74328836  0.62975448 -0.58592994  0.91784743]
[ 1.52260043 -0.4691457  -0.0796003  -0.90854906]
[-0.78061838  1.97796111 -0.11128846 -1.42545957]
[-0.76076474 -1.10417378 -1.12064638 -0.88678791]
[ 1.46798729  1.55420646  0.96476209  0.01762918]
[ 1.55856598  0.15146355 -0.12397591  0.8070238 ]
[-0.49105139  0.34063236  1.49795383  0.5935869 ]
[-0.7316364  -1.15095587 -0.25872373 -0.02361458]
[ 1.54886482  0.58386201 -1.05431681  1.04916371]
[-0.73791087  2.16633839  0.90384116 -2.48402452]
[-0.72979991  1.564721   -0.92443542 -0.16433129]
[-0.74428987  1.49537911  0.49250282 -0.75798846]
[ 1.02248748 -0.45933295  1.98086976  0.68270008]
[-0.71130336  0.30211285 -1.14346744  1.27770917]
[-0.51112127  0.10911445 -2.3984865   1.25435522]
[-0.75773789 -1.27739103 -0.16685655 -3.45479841]
[ 1.41745601 -0.11156977 -1.95754    -3.10437429]
[-0.67477341 -1.21931113  0.25614286  0.02866761]
[-0.69326718 -1.02432731  0.10429709  0.56261433]
[-0.7299749   0.47709645  0.08093293  0.85673532]
[-0.70257914  1.07586631  0.70086391 -0.11548306]
[-0.37526505 -0.72922723  1.54931623  0.93380797]
[-0.54034552 -1.18118902  0.93461839  0.37465972]
[ 1.44074132 -0.54455537  0.62093529 -0.3117851 ]
[-0.6625033   1.26514327 -1.44782204  0.52389035]
[-0.71737133 -0.9538446  -1.71716709 -0.8175145 ]
[-0.5758      2.05013006 -1.80165731 -0.50915529]
[ 1.17895784  1.77424463  2.12455618 -1.00690785]
[-0.50110376  1.09209696  1.71847921 -0.5233532 ]
[ 1.48617848  0.05046544  0.59742254  0.8058191 ]
[ 1.52516994  0.17474684 -1.41669505  0.59550314]
[ 1.52721124 -0.03307402 -1.3898776   0.02775865]
[ 1.55354089 -0.27857231 -0.71606726 -0.56799582]
[ 1.40051554 -0.04176284 -2.20040692 -0.70234892]
[ 0.29593909  0.64458796  2.57226601  0.09870398]
[ 0.58435746 -1.27726291  2.07303215 -0.93921341]
[-0.72258646 -1.30976573 -0.08568222 -0.86589237]
[ 0.5676969  -1.35439666  2.04632042 -2.19508423]
[ 1.53992953 -0.3504138  -0.78625224 -1.37736939]
[-0.23323718 -1.25280576  1.73013172  0.21122933]
[ 0.95949563 -1.02499556  1.90609348 -0.46328836]
[-0.75267011  1.7724524  -0.66854509 -0.67696835]
[-0.73736364 -0.05304621 -0.42465874  1.25466218]
[ 1.55173391  1.05936076  0.16459267  0.78387515]
[ 1.49981623  2.35439566  0.56072506 -1.07890224]
[ 1.48530633  1.85251484 -1.08355016  0.42169283]
[-0.72412386 -0.78122786 -0.2137714   0.91618299]
[-0.73445091 -1.36049246 -0.08477666 -1.99527242]
[-0.78915334  2.62370568  0.526374   -3.54401687]
[-0.66122656  0.3539784   0.71536848  0.78637174]
[ 1.52213812 -0.23233315  0.18793794  0.32956533]
[-0.50192536 -1.4779753   1.002979   -1.08946363]
[ 1.47635671  0.75062045  0.83434884  0.81888106]
[-0.64752015  0.77722113  0.96657729  0.22890895]
[ 1.41327333 -0.11826978 -2.09346767 -1.58774762]
[-0.74058159  0.88487289  0.12944242  0.38519846]
[ 1.35592565  0.46966078 -2.34752669  0.85969001]
[-0.74434604  1.06914367 -0.68594377  0.46618618]
[ 0.15239734 -0.57078562  2.29259842  0.84127449]
[-0.73808726 -0.94843911 -1.34417192 -0.09569632]
[ 1.37136383 -0.26436967  1.10391506  0.59288625]
[-0.64461159 -0.852331    0.48149397  0.91481849]
[ 1.51080585 -0.49645707 -0.24606308 -2.09765516]
[ 1.57109775  0.65553938 -0.35062096  1.04017082]
[-0.71933204 -0.40505385 -1.24997421  1.17268657]
[ 1.51807859 -0.16366561 -1.42183773 -0.71664936]
[-0.75738242 -1.09461655 -0.88657668 -0.35935767]
[-0.66838636 -0.66755267 -1.9054883   0.4663584 ]
[-0.75480915 -1.20925075 -0.53981848 -0.70588474]
[ 1.25004243 -0.86304105  1.27197749 -0.96603763]
[ 1.18386969  0.28775144  1.82882843  0.78236562]
[-0.69053688 -1.39564254  0.20368909 -1.36124693]
[-0.59139712 -1.49293142  0.74651058 -2.10131799]
[-0.74825373  2.17584196 -0.78029902 -1.44106737]
[-0.58860879  1.79801187  1.63914338 -1.94473948]
[-0.67336682  1.32715516  1.03245676 -0.68501953]
[-0.0380348   1.59758359  2.59070978 -1.68553114]
[-0.75793695  1.17211881 -0.31702054  0.16448121]
[-0.78684974  2.44171184 -0.25642569 -2.44374559]
[-0.75693522  1.81971009  0.52370149 -1.43898533]
[ 1.24255329  1.26154978  1.8657571  -0.03960579]
[-0.77086317  1.62967637 -0.08850661 -0.72196916]
[-0.74622893 -0.99272919 -0.62939808  0.33167137]
[-0.60600089 -0.31705924  0.8408202   1.10370714]
[ 1.54695984 -0.28804254 -0.21409181 -0.09531361]
[ 1.22361343 -0.6803762   1.46325699  0.08223608]
[-0.73749615 -0.83568223 -1.21069429  0.46656691]
[-0.77960617 -1.18659207 -0.88003983 -2.46481866]

Populations

0.0185000729399
0.0272317166547
0.014518277893
0.00331739029995
0.00865242819639
0.00669222337024
0.00550063990404
0.0124008990005
0.0150764151051
0.00654030084668
0.0117459833906
0.0112618556479
0.0172678988956
0.0151163071269
0.00831575394074
0.00546792250723
0.00652680529483
0.0173837582695
0.00768943170605
0.0147756765059
0.0148654440298
0.00373826716384
0.00830337059155
0.0118198977491
0.0112883614609
0.0128834455559
0.00290499767512
0.00318226572967
0.00343937393801
0.0119836418345
0.0135669696423
0.0216560566893
0.0123619202858
0.00797866988005
0.0107631311261
0.015423817207
0.00820260106057
0.00274590739356
0.00202358481539
0.00254009047841
0.00466473261858
0.0218316507016
0.0100933710665
0.0180776234416
0.0209455877203
0.0045746979537
0.0042667079023
0.00507000766582
0.0139868182229
0.0012551548069
0.0128183602471
0.00727054572596
0.0048164206424
0.0064876841757
0.0203832088924
0.00966904892819
0.00209627081781
0.0045448882382
0.0173524512632
0.00804272679342
0.00129133148784
0.0131324659128
0.0214145812781
0.00941000357413
0.0104602558825
0.01151358649
0.00895144676247
0.0168674079946
0.00328720527858
0.0109070067428
0.00424953835979
0.00684461131526
0.0176148797485
0.0123971447028
0.0047909957888
0.00996553197649
0.0111822555665
0.0175605154257
0.0100665101871
0.00478810270066
0.00890700362328
0.00513499788469
0.0128274688385
0.011051629338
0.00758181246168
0.00592997373524
0.00251776232318
0.00822587861604
0.00139605904127
0.0118177936468
0.00449892588139
0.00906419202668
0.00768219985464
0.0113561997811
0.0151016698871
0.0122746950539
0.0205234556846
0.00960061634319
0.0108511266068
0.00305963256946

State labels

0
1
2
3
4
5
6
7
8
9
10
11
12
13
14
15
16
17
18
19
20
21
22
23
24
25
26
27
28
29
30
31
32
33
34
35
36
37
38
39
40
41
42
43
44
45
46
47
48
49
50
51
52
53
54
55
56
57
58
59
60
61
62
63
64
65
66
67
68
69
70
71
72
73
74
75
76
77
78
79
80
81
82
83
84
85
86
87
88
89
90
91
92
93
94
95
96
97
98
99
