Cluster centers 

[-0.92364758 -1.23268846 -0.67879854 -0.02665929]
[ 1.2113663  -0.10593873  0.51626457  0.53527556]
[-0.89643908  1.10780452  0.10357794 -0.07030403]
[ 1.25502602 -0.60318517 -0.44693856 -1.08861829]
[-0.89074655  0.68729076 -1.03446217  1.07753245]
[ 0.82202012 -0.68660773  1.87145911  0.19850426]
[ 1.25910559 -0.19147068 -0.7758063   0.0554316 ]
[-0.91391063  1.90502482 -0.16297859 -2.13142298]
[-0.86081974 -0.48037721  0.22871038  1.21324132]
[-0.13402889  1.31437872  2.69145948 -1.57624264]
[-0.716247   -1.45459327  0.96893015 -0.16888734]
[ 1.26840429  1.24586676  0.10629648  0.64964983]
[ 1.230185    0.23095716 -1.23148466  0.72616123]
[ 0.40896907  0.46613829  2.4720031   0.44938119]
[ 0.93552224  2.87905271 -2.15256235 -1.56576702]
[-0.91677565 -0.79793769 -0.7245655   0.90083788]
[-0.46670931 -0.0080443   1.88871692  0.80472206]
[-0.92684698 -1.61583394 -0.51080045 -1.61408519]
[ 1.02625364  1.80009489  1.84598507 -1.28746113]
[ 1.19421867  1.13976863  0.91705408  0.46282769]
[ 1.07001835 -0.62995776 -2.16779449 -3.25468348]
[ 1.12276199  1.07089835 -1.77070853  1.11326169]
[-0.86690587  1.319048   -1.2085361   0.22780855]
[-0.87187535  0.77229138  0.3263547   0.4400168 ]
[ 0.09875423 -1.42188949  2.18792882 -0.57691263]
[ 1.26020489  0.45484266  0.11194991  0.90749207]
[ 1.22628671 -0.3313571  -1.2371454  -0.51348644]
[-0.82313785 -1.72671239  0.43370617 -1.49295797]
[-0.88642416 -1.4194048  -0.00983963 -0.31842608]
[-0.89321733  1.60253642  0.31156911 -1.46830938]
[ 1.08993201 -0.11678807 -2.13632171 -0.10521075]
[ 1.16077846 -0.81647284  0.67988473 -0.99950139]
[-0.90825911  1.25834528 -0.54376774 -0.03544368]
[ 0.85162784  0.2592727   2.02368022  0.71797352]
[-0.7010311  -1.87402947  1.00806833 -2.12003659]
[-0.87506788  0.32618727  0.20203351  1.02353644]
[-0.81739635 -1.07773467  0.48285484  0.62148221]
[-0.80185744  2.05365282 -1.58598073 -1.3174624 ]
[-0.9112158  -1.20931634 -1.33107302 -0.34191004]
[ 1.2150218  -0.43568207  0.38322108 -0.06123196]
[ 0.3614991  -0.97991995  2.3492261   0.21994588]
[ 0.92789744  2.03601528 -2.37412009  0.52246854]
[-0.65432505  0.86834724  1.56866354 -0.2359821 ]
[ 1.23745013 -0.78525254 -0.83723888 -2.63858576]
[ 0.75141903  1.05334445  2.35150882 -0.15858342]
[-0.77692731 -0.68995585  0.76504136  1.04890604]
[ 1.25616979  2.07786333 -0.48648738 -0.34016931]
[-0.905957   -1.08040876 -0.31609831  0.48729136]
[-0.77538665  1.61858453  1.22043241 -2.12348834]
[-0.73958881  0.04155482 -2.26753839  1.47156225]
[ 1.09720778 -0.36657692  1.13256239  0.35519919]
[-0.82294779 -0.85094921 -2.02008942  0.32625258]
[ 1.2538132  -0.46370716 -0.71249866 -0.71438846]
[ 1.11126569 -0.33368949 -2.02398656 -0.85642772]
[-0.8868782  -0.87822103 -0.06437077  0.87608277]
[-0.85027583 -1.8939807   0.27117799 -3.43172379]
[ 0.94743108  1.91221815 -2.34265532  0.67576797]
[-0.90681595  0.67750106 -0.3758001   0.84949241]
[ 1.26576092  0.0386155  -0.29753967  0.58582495]
[-0.88797978 -1.31178308 -0.05709684 -0.01056312]
[ 1.22132023 -0.13652274 -1.31289722  0.03268998]
[-0.81309333 -1.32216812  0.51464089  0.11351885]
[-0.86918972  0.15004892 -1.37710169  1.42156207]
[-0.90866588  1.50385064 -0.58119939 -0.57435174]
[-0.51522142 -0.92710374  1.60187681  0.7507234 ]
[ 1.25856252 -0.30299423 -0.17604077  0.00821607]
[-0.90803005  0.27993167 -0.57052215  1.265943  ]
[-0.85660326  1.19425224  0.60053582 -0.51849347]
[ 0.43561382 -0.5899984   2.34653709  0.64063588]
[-0.62019979  1.15186174  1.73089385 -0.93889785]
[-0.84079965  1.97076558  0.87958446 -3.30050718]
[ 1.2182164   1.70840759  0.78893653 -0.30094822]
[ 1.14234472 -0.58302151 -1.78345838 -2.1183793 ]
[ 1.26607631  0.85287126 -0.67599318  1.00727147]
[-0.76973504  0.53212319  1.00182217  0.53185206]
[  1.17288754e+00   4.68430200e-04  -1.69047851e+00   2.81051253e-01]
[-0.89791911 -0.0431852  -0.18191701  1.29419754]
[ 1.23227238 -0.63440178  0.11853996 -0.79024929]
[ 1.20801335 -0.49600507 -1.36828255 -1.270576  ]
[-0.80059752 -1.53217008  0.57332755 -0.51190453]
[ 0.9732002  -0.8587238   1.45045038 -0.45438401]
[-0.90548493  1.42480529  0.01518346 -0.75966469]
[-0.54466943 -1.53270099  1.48482225 -0.41356359]
[-0.90980807 -0.40089596 -0.56373311  1.28802861]
[-0.81689961  1.30946951  0.92313517 -0.98631181]
[-0.89283046  0.54236562  0.02604288  0.86945081]
[ 0.91759339  0.87847921  1.98236237  0.30007736]
[-0.77946687  1.65055515 -1.75451609 -0.10433294]
[ 1.17594889  0.54759158  0.93569447  0.81798061]
[-0.89048547 -0.6142864  -1.33839567  1.03495953]
[-0.81798565  0.94869215  0.81915633 -0.08536772]
[-0.90852983  1.78922913 -0.56944576 -1.38834375]
[-0.92606583 -1.42982358 -0.62669738 -0.71151366]
[-0.90727209  0.97972539 -0.33581976  0.3897397 ]
[-0.85216527  1.11922503 -1.33978786  0.64907202]
[-0.78644227 -0.01007063  0.78845958  1.09688807]
[-0.92005029 -1.03148272 -0.94701437  0.40356578]
[ 1.03438872  0.40156065  1.54878362  0.74963412]
[-0.88145356 -1.49809196  0.02945867 -0.60169919]
[ 1.24966213 -0.65044605 -0.67425371 -1.50813169]

Populations

0.438731380574
0.298181069228
0.00806582725475
0.255021722944

State labels

0
1
2
3
