Cluster centers 

[-1.03630866  0.65267216  0.84359457 -0.38233632]
[ 1.08525939 -0.34355664 -0.82801893 -1.02084759]
[ 0.95889406 -0.42078061  0.26873477  1.14626759]
[-0.91209441 -1.42768264 -0.38030382  0.53603676]
[-1.03309307  1.97407302 -1.35242191  0.14041846]
[ 0.99467039  0.94803125  0.58628496  1.21013548]
[-1.00898575 -1.42982997 -3.52852895 -0.03722321]
[ 0.86562823  0.38539029  1.0749831  -2.144327  ]
[-0.83806114 -0.12509591  0.91500468  1.10804568]
[-1.03485751 -0.84479102  0.91161839 -0.94894242]
[ 0.41107515 -1.10271302 -0.56066096  2.12755418]
[ 1.10879261 -0.28357369  0.1227051  -0.05323321]
[-1.03055016  1.31186433 -0.11990778  0.00740195]
[ 0.66155053  0.77426271  0.33218806  2.12781079]
[ 1.11791948  0.26538322  0.91658882 -0.01514076]
[-1.04932802 -1.27285357 -0.5084231  -0.91240273]
[ 0.83702455  3.10058506 -1.12173332 -1.77114109]
[ 0.83252552 -0.05438342 -4.30902995 -2.4475069 ]
[ 1.05186184  0.02339716  0.54084484 -1.33923622]
[-0.92577864 -0.96446736  0.78627887  0.54378452]
[-0.79494954 -1.6007028  -1.70784365  1.0020184 ]
[-0.91935815 -0.35367822  1.32178611 -2.02235178]
[-1.03257043  1.54823439 -0.0617769  -0.87560326]
[ 0.91845568  2.24810814 -1.23025403  1.54173604]
[-1.01733977 -0.14001765  1.40185166 -1.1974326 ]
[-0.83295371  1.95111381 -1.87284433  1.39020954]
[-0.6737661   1.21550884 -0.63725909  1.8112222 ]
[ 1.03799749 -0.33129145 -1.43316803 -1.45729604]
[-1.00230481 -1.20714415  0.29637731 -0.03148254]
[ 0.65763243  1.51762273 -0.5566506   2.24051773]
[-0.77876741 -1.2012833   0.36018995  1.15117002]
[-0.13224516 -1.45720134 -1.27191115  2.03831216]
[-0.38692401 -0.07203637 -8.28848703  1.63798038]
[ 1.09653533  0.79344257  0.88789289  0.46188812]
[ 1.0790229  -0.56330355 -0.91482772  0.20625076]
[-1.03057834 -1.42911177 -1.2070434  -0.3580281 ]
[ 0.99179731 -0.74374774 -1.21856116  0.8256106 ]
[ 1.11070947 -0.18455568  0.19228469 -0.61426914]
[-0.9441348  -0.37415226  1.10335766  0.52653562]
[-1.01427537  0.25585154  1.02994516  0.01144444]
[-0.91273601  0.7122386   0.34314976  0.8868335 ]
[ 1.09970797 -0.4656416  -1.48328584 -0.58519371]
[ 1.11412177 -0.1091686   0.50275575 -0.0797976 ]
[-1.04896659  2.40001458 -1.84970357 -0.58101348]
[-1.03625059 -1.0924366   0.20559771 -1.18912612]
[ 1.06961778 -0.2296851   0.42332262  0.52478675]
[-0.94442395  1.56211215 -0.89913922  0.85357873]
[-1.04094806  1.14161246  0.33074944 -0.47270233]
[ 0.97306491 -0.65882295 -0.47648968  0.98632158]
[-0.90857769 -1.24280114  0.30232386  0.60993752]
[ 0.77967631 -0.98311346 -1.45435548  1.54513873]
[-0.91099863  2.24985064 -0.74866472 -1.74821338]
[ 1.10258151  0.56131973  1.1060222  -0.77135725]
[-1.04334176 -1.43198451 -2.17077388 -0.47622609]
[ 0.79281448 -0.72857813 -0.13200033  1.63177219]
[ 0.32503409 -0.77094192  0.30042549  2.27182599]
[-0.97396834  0.42154896  0.77263829  0.4469791 ]
[ 1.10769145 -0.37530065 -0.59155879 -0.57939587]
[ 0.97589649  0.42230941  0.80274385  1.22910737]
[-0.72113778 -1.59435848 -2.79061646  1.14280284]
[ 1.08040498 -0.21821209 -0.12975587 -1.09997226]
[ 1.03332821  1.20476073  1.11018182 -1.27248891]
[-1.0456218   1.72007326 -0.51348789 -0.54817828]
[-1.02066643  0.64876222  1.07278812 -1.02035718]
[-0.99182572  1.58658498  0.10906834 -1.31889095]
[-1.01124467 -0.28724336  1.22594761 -0.0448014 ]
[ 1.04582089  2.24005247  0.04276393 -0.9167954 ]
[ 0.80212973 -0.26408612  0.57732144  1.71397883]
[-1.0116047   0.91190491  0.35556     0.18444175]
[-0.92626561 -1.52438022 -1.14493002  0.45781273]
[ 1.00877931 -0.0264781   0.71409185  0.9974006 ]
[-0.98845535 -0.89878049  0.53521452 -1.71851718]
[ 1.11440242  0.05487978  0.70262692 -0.55063164]
[-1.03500669  0.08182725  1.31037575 -0.72460993]
[ 1.04092805 -0.35669877 -2.53784832 -1.30675108]
[ 1.08471679  0.15428907  0.82221389  0.48649151]
[ 1.10081329  1.90138514 -0.05728645  0.44028327]
[-1.02983563  2.10243123 -1.01196263 -0.9152573 ]
[-1.00838987 -0.83341822  0.97249525 -0.08061305]
[-1.02468825 -1.16881845 -0.67106477 -1.54941438]
[ 1.04754587  1.53667164  0.15379209  0.97026003]
[ 1.11493914  1.33590428  0.70138216  0.0395794 ]
[-0.51770382 -1.34154718 -0.09856513  1.74648636]
[-1.02506492 -1.3513835  -0.40201316 -0.28964344]
[-0.60969421  0.49542031  0.30233113  1.85667969]
[-1.03108522  1.64846324 -0.7095416   0.08907939]
[-1.02683139  2.41413063 -2.4202948   0.29038815]
[-1.03474802 -0.4538451   1.26802463 -0.57290024]
[ 0.90697619  1.55392874 -0.20991318  1.64686318]
[ 1.07211525 -0.4203346  -0.05385531  0.41990688]
[ 1.10610566 -0.40069129 -0.33023171 -0.12115085]
[-1.03833455 -1.08459371  0.48822955 -0.57945665]
[ 0.91353814 -0.26109019 -1.50137336 -2.12615703]
[ 0.66058074  0.17585693  0.66766522  2.07940207]
[-0.6128217  -0.68033122  0.79494578  1.68652076]
[-0.9500805  -1.54962326 -2.32116561  0.3445644 ]
[ 0.98703532 -0.21728689 -0.50984384 -1.7691839 ]
[-0.95563883  1.16114785 -0.1803157   0.7029599 ]
[-0.99150967  1.12281438  0.72121248 -1.31042961]
[ 1.12251054  0.5946882   1.05029048 -0.23704731]

Populations

0.0014930452318
0.256775785092
0.301815613259
0.439915556417

State labels

0
1
2
3
