Cluster centers 

[-1.04219745 -0.83693849  0.93244805 -0.59168172]
[ 1.10066518 -0.37876022 -0.23683883 -0.10896939]
[-0.95924009  1.5697049  -0.92439135  0.85325746]
[-0.83331107 -1.53838656 -0.69408524  0.91344894]
[ 0.94626947  0.75527712  0.66785317  1.374849  ]
[ 1.09458851 -0.50420671 -1.40742849 -0.38155065]
[-0.96220375  1.17323272  0.75206674 -1.60650454]
[ 1.07492811 -0.23176006 -0.28153914 -1.06388866]
[-0.00804823 -1.00823536  0.36388071  2.26394669]
[-1.02944736  0.39939027  0.97837173 -0.13395077]
[ 0.34630645  3.41336396 -2.8434535  -0.90477108]
[-0.78633437  0.06195738  0.82883767  1.30275687]
[ 1.08464253  0.15409532  0.8320618   0.37613369]
[-1.01535605 -1.44831253 -0.82988224 -0.08698168]
[ 1.05014511  1.07207712  1.06278791 -1.13263862]
[-1.00906407  0.82009161  0.43737831  0.272621  ]
[ 0.23031258  1.75788839 -1.4141629   2.64425392]
[-0.90615683 -1.54173478 -3.73229633  0.63112377]
[ 1.07411488 -0.46052487 -2.42961614 -0.75769891]
[  0.7709968    2.92489786 -15.11600266   1.9868317 ]
[-0.90223445 -1.0228739   0.73670603  0.65427368]
[ 0.97854415 -0.47402205  0.17035381  1.00126914]
[-1.0397262   1.45783741  0.04181918 -0.83276036]
[-1.05310791  1.8355867  -0.71710345 -0.58486141]
[ 1.03639849 -0.70059489 -1.31028946  0.52514459]
[-1.04648149 -1.18513864 -0.40848734 -1.22651466]
[ 0.81927869  0.85138657  1.18400796 -2.24785713]
[ 0.86472267 -0.20451256 -1.04235267 -2.23750358]
[ 1.1033616  -0.11288072  0.30851794 -0.65063659]
[ 0.97219077 -0.08788432 -0.03444602 -1.80925047]
[-1.03874567 -0.22422121  1.33021444 -0.96202365]
[-1.03924897  1.94007267 -1.34954378  0.22503212]
[-0.73343443 -1.64152134 -1.56434494  1.20682973]
[ 1.07164131 -0.40569472 -1.67533242 -0.99097764]
[  1.00188565e+00   1.56866063e+00  -7.76824281e-05   1.20949910e+00]
[-0.72318925  1.41907516 -0.99125712  1.77843254]
[ 0.99345437  0.01721117  0.76137205  1.03092704]
[-0.02338985  0.52288821  0.32325961  2.36534341]
[ 1.1036898  -0.29495334 -0.21045959 -0.54431813]
[-1.03161295 -0.47016619  1.22737788 -0.32672057]
[ 0.1549641  -1.35562364 -0.89047151  2.17813407]
[-0.94458903 -1.43741958 -0.36157205  0.40772494]
[-0.97207307 -1.5428351  -1.36171603  0.25801928]
[-0.95714112 -0.22662857  1.28047329 -1.8680761 ]
[ 1.05794451 -0.23219984  0.45063782  0.54772141]
[-0.96181401  2.05067058 -1.93081132  0.91350848]
[-0.92963888 -0.20998744  1.08469268  0.62905318]
[ 1.09296788  1.44476564  0.46084731  0.41222445]
[ 0.89950633  2.14476408 -1.14826306  1.696625  ]
[ 0.82186177  0.03538921  0.28816198 -2.39619057]
[ 1.07522585 -0.54663909 -0.70097766  0.21818489]
[ 0.79594113 -0.65456692  0.1631431   1.62211099]
[ 1.07073483 -0.3412736  -0.97556235 -1.06719122]
[-0.86942659 -1.63287046 -2.37227519  0.78283355]
[-1.02516112 -0.83849927  0.7008519  -1.40622376]
[-1.04492744  0.91475807  0.5337004  -0.29285474]
[-0.87990035  2.48750051 -3.00445074  1.04715771]
[-1.04330476  1.63023652 -0.67249956  0.05630988]
[ 0.37749408 -0.48629313  0.63651002  2.22634652]
[-0.82067855  0.71546833  0.2300307   1.31035514]
[-0.8219048  -1.30905899  0.22481296  0.96756595]
[-1.03969143 -1.47831734 -2.18805857 -0.29143533]
[ 0.78606299 -1.0189247  -1.46486644  1.51395653]
[ 1.0677424  -0.05589788  0.29077627 -1.1642661 ]
[ 1.00821456  2.40091489 -0.23692734 -0.93921051]
[-0.6806507  -0.78199017  0.86188799  1.46233385]
[ 1.10004665  0.26268182  0.8741576  -0.74370942]
[ 0.94873932 -0.26255526 -3.30257745 -1.72339987]
[ 0.84935938 -0.17623859  0.68429077  1.56126395]
[-0.94626166  0.56945757  0.57090969  0.70046588]
[-0.96832243  2.13294906 -0.78317165 -1.3936902 ]
[ 1.05814828  0.66571139  0.87347625  0.71832251]
[ 0.71717607 -0.97255596 -0.62351354  1.74348965]
[-1.03561082  0.42376729  1.18811947 -0.92991874]
[ 1.01060133 -0.2205211  -0.59640208 -1.5823931 ]
[-0.97649346 -1.29470813  0.12415472  0.19969868]
[ 1.11128237  0.08845212  0.73852952 -0.19899822]
[-0.54055995 -1.41972066 -0.16301093  1.68929094]
[-0.99332411  1.19821003 -0.16440199  0.51747958]
[ 1.02148512  0.21453009  0.77392511 -1.50067057]
[-1.05552792 -1.37836383 -1.15332295 -0.67329888]
[ 1.1119736   0.7077445   0.99890641 -0.15055224]
[-1.05079561 -1.11174011  0.27476486 -0.82505737]
[ 0.69956961  0.32052227  0.68580454  2.00916409]
[ 0.72219798  1.31856314 -0.17439794  2.10602616]
[-1.05962175  2.39120021 -2.04028006 -0.30738864]
[-0.98448367 -0.79071742  1.0043826   0.17098858]
[-0.8711437   1.12796588 -0.3071355   1.20552453]
[ 1.09908713 -0.40962763 -0.79533315 -0.53276443]
[-1.02069591 -1.12002463  0.49454747 -0.19725357]
[-1.04318555  1.27184923 -0.0206598  -0.09103379]
[ 0.9463547  -0.72408807 -0.51339428  1.07883916]
[ 1.10390441 -0.19794024  0.31057309 -0.07602495]
[ 0.97218348 -0.30099738 -2.05507558 -1.73251827]
[ 1.06644341 -0.43556542 -0.07217246  0.40243345]
[-1.00844198 -0.09061785  1.18605976  0.05122968]
[ 1.01830168 -0.30702745 -1.32919423 -1.50521553]
[-1.04186267  0.90668442  0.74031767 -0.80877777]
[-1.03860239 -1.31253068 -0.26035977 -0.4019168 ]
[ 0.44781684 -0.99033601 -0.03814097  2.13637358]

Populations

0.27572094778
0.133444001169
0.315198375224
0.275636675826

State labels

0
1
2
3
