Cluster centers 

[ 0.86410258  2.94819836 -0.9758923  -1.86818101]
[-0.77101878 -0.7723025   0.89428195  1.21946846]
[ 1.10477139 -0.36392649 -0.67427844 -0.77489919]
[-1.03264884  1.3956427   0.0331936  -0.67508177]
[-0.92709451 -1.5617437  -2.16280722  0.50013205]
[-1.01117082  0.4101505   0.91850988 -0.0187503 ]
[ 1.00519658  0.50678548  0.82871572  1.12592566]
[-0.89538448  2.44159844 -2.93279375  1.2548401 ]
[-0.92022535  1.4908701  -0.77559233  0.93706666]
[-1.03989337 -1.31067867 -0.56729914 -0.73059586]
[ 1.11506384  0.35459882  0.92242631  0.17512327]
[ 0.97085622 -0.29910621 -1.35426019 -1.89559395]
[ 0.77323181 -0.30603029  0.52945536  1.76120342]
[-1.02267001 -0.52523559  1.20486541 -0.33492377]
[-1.03823298  1.86202748 -1.02359129 -0.09947101]
[ 1.12095634  1.43838381  0.58330168  0.12552305]
[ 1.03348156  0.29456538  0.96305466 -1.48497881]
[ 0.93860406  2.14936632 -1.01422714  1.6067536 ]
[ 0.96329532 -0.67696708 -0.56346612  1.06733071]
[-0.93055337 -1.36458005 -0.12531569  0.46670426]
[ 1.09730386 -0.47585008 -2.2554695  -0.65748517]
[-0.99093044 -0.1252093   1.16987861  0.13293839]
[ 1.03659989 -0.24052977  0.45441847  0.78872316]
[-1.02851302  2.59331101 -2.86951291  0.31652401]
[-1.03910508 -1.40688114 -3.49058626 -0.23441627]
[ 1.06240242 -0.06368022  0.35873776 -1.31617185]
[ 1.125246    0.14078636  0.81804759 -0.30340059]
[-1.02870255  0.41624338  1.12419783 -0.73612191]
[-0.95786865  2.17946846 -0.88688316 -1.47967698]
[ 1.04271368  1.52367929  0.17394215  0.99775613]
[-1.01760362  1.49051617 -0.47161974  0.14733294]
[ 1.10458708 -0.45865341 -1.39489796 -0.63000705]
[-1.01197401 -1.24294863  0.1273082  -0.19013094]
[-0.8525309  -0.20246079  1.00677859  0.99492349]
[ 1.11191273 -0.44877768 -0.76335766 -0.28778089]
[ 0.76001048  0.66032871  0.54297167  1.93649845]
[-0.91353423 -0.49027054  1.12597881 -2.08274519]
[-0.84531331 -1.50503486 -0.75754752  0.87248429]
[ 0.98863171  1.64936756 -0.11665666  1.33196176]
[ 0.61115056 -1.06273865 -1.10755583  1.90785794]
[-1.02752687  1.06179746  0.28629807 -0.15655523]
[-0.60080602  0.55475637  0.31376406  1.81370896]
[-1.04236928 -1.43234961 -2.32491679 -0.4592708 ]
[-0.97071088  0.90415513  0.26455936  0.47613275]
[-0.40676504 -1.32586289 -0.16756631  1.89455516]
[ 0.40052553 -0.8083297   0.21581398  2.25200172]
[ 1.01133507 -0.30355142 -3.44187252 -1.38813234]
[-0.91722877  0.36407649  0.74043987  0.75376233]
[ 0.93890318 -0.04229803  0.69453817  1.32522178]
[ 1.11742893 -0.29040692  0.0030924  -0.27922648]
[-0.63062257 -1.6158861  -2.54126095  1.52388   ]
[-0.9449832  -1.53347331 -1.40144096  0.39473653]
[-1.04155793  2.22338395 -1.80504123 -0.02866539]
[-0.99929653  1.23114079  0.49096836 -1.21108288]
[ 0.76246278  1.47206188 -0.2831016   2.06314442]
[-0.27708358 -0.87309558  0.40987894  2.10530602]
[ 1.1268495   0.86305692  0.99765167 -0.20028589]
[-0.94221275 -0.64231208  1.06146224  0.45887515]
[-1.03657765  1.80872571 -0.66058431 -0.64551551]
[ 1.07581087 -0.26108771 -0.34802003 -1.18938623]
[-0.86456682 -1.19365978  0.42111696  0.80763199]
[-1.0382263  -1.07757772  0.43565295 -0.83542597]
[ 1.08504792 -0.36111457  0.07627444  0.35777812]
[-0.98846816  1.9140739  -1.43853246  0.58044058]
[ 1.03472606 -0.30311547 -0.88945138 -1.51542652]
[ 1.11667971 -0.04578495  0.51378689 -0.64445981]
[ 1.05675596 -0.3603898  -1.41622641 -1.32389453]
[ 1.07939589  2.15310326  0.10009373 -0.83018675]
[-0.9863237   0.67761896  1.11275473 -1.38049343]
[ 0.85954282  0.12229656  0.75105298 -2.31466819]
[ 1.109329    2.53711401 -0.64539136 -0.35857709]
[ 1.11614734 -0.10874267  0.50992591 -0.03045195]
[-0.76639327 -1.59123046 -1.54384455  1.15069018]
[-1.02617302 -0.13917502  1.35275908 -0.89157634]
[-1.03032644 -0.96104458  0.76983046 -0.50330676]
[-0.53736187 -0.34036496  0.8180511   1.90587529]
[ 0.9320586  -0.22802161 -0.60290533 -2.04443531]
[-1.02745692 -1.43495637 -1.21516625 -0.32580341]
[ 1.00378451  1.36458366  1.05361322 -1.48247617]
[ 1.07473711  0.37342154  0.88924888  0.65062116]
[-0.87463538 -1.55873152 -3.14895207  0.7953347 ]
[-0.99360479 -1.42260659 -0.62616925  0.03713541]
[ 0.93837111  2.51708421 -1.69597951  1.61729675]
[ 0.93458136 -0.3016864  -2.08557497 -2.01579622]
[-0.97876122 -0.99638006  0.75486447  0.14664658]
[-0.69390742  1.21851956 -0.57065367  1.76528277]
[-0.99824502 -1.5049191  -2.74940268  0.10328835]
[-0.92737541  1.12645899 -0.15256232  0.82463986]
[ 1.08625441  1.05356374  0.71363744  0.63469166]
[ 1.11773187  0.68988993  1.09848878 -0.63666461]
[ 0.77889363 -0.75940168 -0.19671504  1.68000687]
[ 1.10356724 -0.23046993 -0.04455738 -0.85937594]
[-1.03234199  0.6837688   0.82642663 -0.47956241]
[-0.86936551  2.03408203 -1.96793588  1.27626675]
[-1.0484231   2.29192871 -1.72627072 -0.4523143 ]
[ 0.05731938  1.70711993 -1.29615366  2.5718566 ]
[-1.01566978 -1.12979716 -0.20887002 -1.49188347]
[-1.01000871 -0.85336409  0.75566981 -1.41502479]
[-0.63463177 -1.36349092 -5.36592681  1.56914131]
[ 1.08101596 -0.53579257 -0.66140081  0.29263235]

Populations

0.00101824062737
0.26432586068
0.296588812165
0.438067086527

State labels

0
1
2
3
