Cluster centers 

[-0.81840316  0.4483805   0.10110232  0.94907217]
[-0.7962802  -1.50139001  0.09036339 -0.81943038]
[ 1.31881229 -0.37636805  0.46017748  0.00306308]
[-0.7966511   1.37340539  0.40682122 -0.93512444]
[ 1.26035351 -0.46705968 -2.04179714 -1.16106492]
[ 1.35834177  1.53389771 -0.92888609  0.77470117]
[ 1.07488039 -0.35406867  1.63551285  0.27920205]
[-0.83287405 -0.55352119 -0.24100708  1.21306214]
[ 1.35446242  0.2128308  -1.123996    0.89546123]
[-0.54124673  0.83770736  1.68937753 -0.31226795]
[-0.82338175  1.42192178 -0.68496658 -0.33044538]
[-0.84173036 -1.18031731 -1.0335757   0.01943109]
[-0.82950566  1.91735983 -0.67077663 -1.88471572]
[-0.66561574 -0.58800478  1.14033523  0.90594709]
[ 1.26891729  0.84328327  1.14068905  0.58788854]
[ 1.34938458 -0.59838357 -1.33030736 -1.59936389]
[ 0.63904414 -1.2602633   1.99495458 -1.43714162]
[ 1.37163183 -0.50681035 -0.46246327 -0.67999222]
[-0.82370239  0.74872855 -0.58439155  0.89810822]
[ 1.38307467  0.2469343  -0.05557325  0.8453635 ]
[ 1.15452854 -0.63329967 -2.8809727  -3.88971549]
[-0.79762093 -0.72114398  0.30348768  0.99829909]
[-0.77830718  0.90363728  0.59444     0.05637298]
[-0.75623792 -1.67807072  0.27033635 -1.72748986]
[-0.75179923 -1.31049324  0.50742861 -0.07043339]
[ 1.33314693 -0.36652007 -1.47902936 -0.50483266]
[ 1.29722744  1.45209817  0.98955349 -0.02766525]
[ 1.3426225   0.33887574  0.54816205  0.81668839]
[-0.82597701 -0.37502932 -0.80819228  1.39169332]
[ 0.90716034  1.26522351  2.15055791 -0.53548624]
[-0.8509872  -1.34050902 -0.80353243 -0.4691733 ]
[-0.72499132  1.13475912 -1.52203424  0.81734494]
[ 0.47845875 -0.94582662  2.3510616  -0.21916338]
[ 1.27747732 -0.66562365 -2.01711245 -2.79642711]
[-0.51815442  1.3724258   1.61133614 -1.56161045]
[-0.8434939  -1.66175923 -0.55852134 -2.21939065]
[ 1.35780267 -0.73182677 -0.61669449 -1.8751133 ]
[-0.81701295  1.0988111  -0.74543674  0.41892547]
[-0.80620311  2.10141533 -0.09260036 -3.21501623]
[-0.74645963 -0.64206014 -1.74254187  1.05229097]
[ 0.77390421 -0.33352222  2.23921718  0.40279015]
[ 1.35675089  1.97410966  0.31712537 -0.62970627]
[ 1.16981583  2.05894279 -1.89574826  0.40268432]
[-0.80724895  1.72546246  0.24395062 -1.94285339]
[ 1.24279062  0.1713942   1.15115086  0.69233724]
[ 1.31427601 -0.66806601  0.26429178 -0.91699493]
[-0.8237611   1.17795131  0.00643604 -0.19385374]
[ 1.15773292  2.8347308  -2.09381468 -1.53161837]
[-0.78991156 -0.17092539  0.44962438  1.17433106]
[-0.84387889 -1.0638236  -0.75989872  0.42698775]
[ 1.38059259 -0.21784953 -0.61339392  0.14649694]
[-0.59425672  0.18497772  1.51838191  0.65377915]
[-0.32416698 -1.34644086  1.83014004 -0.39445932]
[-0.74502534  1.06914061  0.82084462 -0.4036086 ]
[ 1.08342026  1.78626698  1.73543009 -1.34738127]
[-0.83586874 -0.80060651 -0.80693834  0.95070815]
[-0.8230905   0.34968351 -0.65087804  1.31681045]
[ 1.24636532 -0.22875097  1.00727588  0.35692839]
[-0.82720333 -1.34713514 -0.17678185 -0.27664675]
[-0.78325312  1.85246802 -1.21543214 -1.14330371]
[ 1.22275974  0.37016515 -1.94573607  1.17359396]
[-0.82105882 -1.1942531  -0.05859647  0.20765805]
[-0.09869861  0.13794872  2.43029458  0.39793116]
[ 1.28960779 -0.09146048 -1.72920488  0.35344502]
[-0.82259289  0.85420691  0.01926139  0.43348806]
[-0.74277459  0.2074995   0.83427863  0.88997669]
[-0.36723876 -0.6909148   1.96625493  0.63465481]
[-0.770265    0.16579891 -1.31250353  1.56355047]
[ 1.37811779 -0.16367155 -0.20845597  0.31794965]
[-0.7585672   1.48707702 -1.34989033 -0.00642876]
[ 0.92239732 -0.73602835  1.86271199 -0.2238868 ]
[-0.83019952  1.45234861 -0.17220364 -0.76938895]
[-0.69436073 -1.817291    0.41522044 -3.00226985]
[-0.60641341 -1.16078632  1.23213709  0.24065335]
[-0.7053907   1.26849449  1.0298833  -1.00839737]
[ 1.36589329 -0.52487726 -1.00037956 -0.99939049]
[ 1.20269726 -0.52561916  1.08342955 -0.12879562]
[-0.8511348  -1.49584424 -0.7236588  -1.18121041]
[ 1.34811611 -0.11316557  0.3171063   0.4550081 ]
[ 0.59636397  0.50705166  2.54459285  0.1964932 ]
[-0.80264814 -1.21306826 -1.68328809 -0.4681291 ]
[ 1.38431097  0.11359025 -0.59216712  0.74972222]
[-0.74668694 -1.03804202  0.62121282  0.54984129]
[ 1.37370577 -0.36551597 -0.86386714 -0.32492568]
[ 1.14061074 -0.77677636  1.18597402 -0.70205535]
[ 1.20073647 -0.18429754 -2.22077571  0.06019875]
[ 1.23416421 -0.86432061  0.65506468 -1.44135957]
[ 1.03939537  0.41689235  1.90930323  0.52485357]
[-0.66759874 -1.43339565  0.88337303 -0.45144879]
[-0.70346799  1.72548806  0.90577122 -2.39543673]
[ 1.37864035  1.13112859  0.25342231  0.71326028]
[-0.82802917  1.64284186 -0.10596172 -1.38941423]
[-0.56642655 -1.64411969  1.09276476 -1.38027825]
[-0.82787914 -0.01963405 -0.11000101  1.31536937]
[ 1.35926831 -0.42104114 -0.04117776 -0.24527092]
[-0.83233807 -0.96831995 -0.21529823  0.6934651 ]
[ 1.29536819  0.97821959 -1.42465179  1.3092526 ]
[-0.74850877  0.65054657  0.81090954  0.38908578]
[ 1.3626449  -0.15648696 -1.08959423  0.22821544]
[ 1.38797576  0.79686132 -0.4625457   1.09817932]

Populations

0.260702328334
0.286886594804
0.242565271216
0.209845805646

State labels

0
1
2
3
