Cluster centers 

[ 1.15782093 -0.03908064  0.59412619  0.6176521 ]
[-0.95480032  1.35300596 -0.36365796 -0.26959904]
[-0.91229886 -1.54455063  0.08268588 -0.78052242]
[-0.95174402  0.27805399 -0.4438621   1.25533994]
[ 1.19670738 -0.58380492 -0.62086053 -1.1979878 ]
[-0.89148636  2.13519396  0.67270841 -3.54633125]
[ 0.8966616  -0.57267196  1.63247353  0.19915653]
[ 1.18867511 -0.28325363 -0.95884725 -0.21824268]
[-0.94111864 -1.05672635 -0.20211413  0.59550599]
[-0.55917241  0.79282906  1.84653085 -0.20778405]
[ 0.79379239  1.33457362  2.13188438 -0.54546425]
[ 1.21811698  0.67958208 -0.12760861  0.9838408 ]
[-0.95199799  1.94841241 -0.54792339 -1.72964589]
[-0.74727142 -1.65756705  0.92638778 -0.97677556]
[ 1.01960244  0.01372426 -2.09138529  0.34831013]
[-0.88603969  0.69691134  0.5390347   0.46264487]
[-0.86222302  1.25535304 -1.5946664   0.64506916]
[-0.83455538  1.2962939   0.96457164 -0.9128976 ]
[-0.5883232  -0.7671649   1.57298607  0.84824904]
[-0.81626071 -1.85221877  0.60300844 -2.47555447]
[ 1.16510629  0.89289452  0.74353487  0.73086666]
[-0.95703734 -0.69306196 -0.59423468  1.10432563]
[ 1.01390477  0.85387094 -1.98779285  1.21279103]
[ 1.1793306  -0.33236485  0.27010641  0.10788063]
[ 1.09079336 -0.2186945  -1.78144892 -0.2851847 ]
[ 1.08941358 -0.57705794 -1.76341267 -2.2724601 ]
[ 1.16789182  0.25831153 -1.19324048  0.83089573]
[-0.86589165 -1.32510931  0.42155921  0.09070083]
[-0.96683077 -1.40847867 -0.60232428 -0.58412625]
[-0.96691031 -1.19892135 -0.89331221  0.02781298]
[ 1.11653637 -0.51673852 -1.61804131 -1.64723078]
[ 1.14028214 -0.41862384 -1.45697269 -0.97392249]
[-0.8951029  -0.21300641  0.33910757  1.23656271]
[ 1.1280792  -0.62220807  0.61280297 -0.44388592]
[-0.95036184  1.53496822 -0.07668918 -0.89084919]
[ 0.60240661 -0.452148    2.19402129  0.53477096]
[-0.94928185  0.69536768 -0.26855374  0.80561778]
[-0.95891415  2.25911152 -0.433674   -2.99564975]
[-0.95433887  1.0375466  -0.39493368  0.36164203]
[-0.92720177  1.63878861  0.34017593 -1.46593199]
[ 0.86957614  0.1705519   1.85269189  0.6994094 ]
[ 1.02105504  1.99215429  1.57988617 -1.48136455]
[ 1.09686219 -0.40370278  0.90014487  0.19194552]
[ 1.14268493  1.55847359  0.97272652 -0.12425501]
[-0.8711485   0.2358808  -1.67853849  1.5085467 ]
[ 1.20900259 -0.15143708 -0.45553748  0.26489554]
[-0.8773996  -1.71337456  0.30327221 -1.57434061]
[ 0.92458002 -0.85131489  1.46413622 -0.47003028]
[ 1.19320875  0.43583029  0.35849907  0.89563227]
[-0.94499    -0.31230185 -0.25724081  1.32419826]
[-0.79795612 -1.92244273  0.60211029 -3.78867608]
[-0.76212585 -0.29575846  1.07512039  1.08281129]
[-0.42741823 -1.41276728  1.77799961 -0.18943121]
[ 1.09915686 -0.87154052  0.67617018 -1.31727388]
[ 1.18353547 -0.65049177  0.01454616 -0.98440552]
[-0.95754207 -1.71748349 -0.39235864 -2.44921892]
[-0.80694158 -1.50395952  0.70292787 -0.40150434]
[-0.92300063  1.18875595  0.30227396 -0.30599747]
[-0.35443827  1.35092151  2.22806981 -1.53151783]
[ 0.59624566 -1.28433466  1.94182432 -1.21376319]
[ 1.1328185   1.71001068 -1.16792053  0.62153739]
[ 1.10444282  0.35531119  1.04302628  0.80358055]
[ 1.1871615  -0.69868067 -0.73399024 -2.03975652]
[-0.93519077  1.90882338  0.31535844 -2.32643127]
[ 1.19704212  0.79675443 -0.81034863  1.08198467]
[-0.966506   -1.55376631 -0.55928553 -1.30730108]
[-0.94870894 -0.06619864 -0.92247218  1.43509019]
[ 1.16897586 -0.06702719 -1.20049133  0.28464813]
[ 1.05099381  0.89986393  1.39173955  0.48728426]
[ 1.20056779 -0.42933137 -0.21166758 -0.33600994]
[ 0.43812677 -1.03876496  2.21667842 -0.12719145]
[-0.90947745  1.77490358 -1.16681254 -0.71282942]
[ 1.07090072 -0.64431976 -1.7945523  -3.21760405]
[-0.51430409 -1.77764801  1.51694449 -1.62662208]
[-0.95536131 -1.2491471  -1.35461688 -0.47398918]
[-0.9626739  -0.99158546 -0.85777873  0.58364061]
[-0.62897259  0.19701463  1.5936166   0.67984365]
[-0.94313514  0.95612237 -0.05103275  0.32310432]
[-0.83957332  0.90731782  0.88220854 -0.03429689]
[-0.87466197 -1.06668463  0.39220061  0.6443066 ]
[-0.9091863  -0.71275744  0.15745345  1.08187136]
[-0.12900962 -0.57605877  2.28220521  0.67718349]
[ 0.91276826 -0.35304067 -2.50952204 -1.10015205]
[-0.94227     1.23953044 -0.86458819  0.25581261]
[-0.94220785  0.71682536 -0.90712398  1.03985114]
[  1.20397371e+00   4.14267699e-04   4.20331898e-02   5.98726820e-01]
[-0.913665   -0.60055193 -1.56271461  1.04976916]
[-0.93698159 -1.33014771 -0.15006727 -0.07317519]
[-0.74014294 -1.22900036  1.0249666   0.35136499]
[ 1.01673288 -0.12112578  1.34253556  0.61976424]
[ 0.58602128  0.62206113  2.33250277  0.29368342]
[ 0.96516306  2.71023342 -1.77541919 -1.07679087]
[-0.80281926 -0.80970444  0.8222412   0.94957567]
[ 1.20787875  2.11034795  0.00258388 -0.60098834]
[-0.85280117  0.26495241  0.70619307  0.904312  ]
[-0.78498383  1.6334864   1.26821891 -2.05534463]
[ 1.21350437  0.20140236 -0.46506426  0.78757101]
[-0.92474915  0.33853872  0.12989076  1.02641014]
[ 1.21009805  1.30108774  0.20618244  0.57227689]
[ 1.19480002 -0.44635414 -0.80483207 -0.7127028 ]

Populations

0.168073902647
0.279644043329
0.282488416584
0.26979363744

State labels

0
1
2
3
