Cluster centers 

[-0.04484917  1.51413832  2.35943709 -2.01597928]
[-0.99178008  0.77400662 -0.24731674  0.75402375]
[ 1.15596049 -0.51285942 -0.4149175  -0.64704284]
[-0.93666929 -1.66219379  0.04291576 -1.33453643]
[ 0.8163411  -0.64008318  1.69951912 -0.06308961]
[-0.85800165  1.89937316  0.79519867 -2.84797947]
[-0.9902087   1.52829187 -0.12794197 -0.87514032]
[ 1.1663764   0.21218519 -0.29703959  0.84816885]
[-0.9901851  -1.33024191 -0.39194    -0.07653115]
[-0.99016205 -0.26026722 -0.70926998  1.48403296]
[ 1.09446441 -0.50224863 -1.55864571 -1.16909437]
[-0.98190294  1.5596069  -0.95683392 -0.28597754]
[-0.88607275  0.79683284  0.83562002  0.13039764]
[ 0.98762935  0.76380129  1.48472322  0.4439182 ]
[-0.92633824 -0.45487869  0.49578328  1.20205424]
[-0.9309312  -0.94719062  0.34642063  0.79651488]
[ 1.13599362  0.07977331  0.45584876  0.66097699]
[-0.94617963  1.37741564 -1.30246859  0.39510261]
[-1.00341866  1.90409727 -0.43559051 -1.78516368]
[ 0.84081068  0.10695896 -2.46214168  0.93021963]
[-0.98556222 -1.720456   -0.55067989 -2.24510093]
[ 1.12884136  1.03635092  0.69371623  0.59497019]
[-0.97744093  1.17133529  0.07704039 -0.14595273]
[-0.99137414 -0.90234735 -0.43042513  0.91344786]
[ 0.78524861  0.8241141   2.05085156  0.0867199 ]
[-0.64174569  1.2007314   1.6910596  -1.15601976]
[ 0.53371499 -1.19083333  2.00229122 -1.02073428]
[-0.78952834 -1.50610321  0.8787319  -0.49495955]
[ 1.14626802 -0.6810402  -0.5276333  -1.43101562]
[ 1.07981388 -0.09208024 -1.49535762  0.35627256]
[ 1.1620206  -0.19222367 -0.48735197  0.23661991]
[ 1.16263569  2.42308294 -0.32272816 -1.10350486]
[ 0.98682725 -0.72233946  1.09721678 -0.5385265 ]
[-0.96480852  0.85720422  0.23297     0.35613269]
[ 1.08532204  0.42596226 -1.30349338  1.14435891]
[ 1.16594068  1.2909958   0.17607822  0.60796308]
[-0.9932918  -1.2317598  -1.27879136 -0.08887136]
[ 1.00556244  2.13054072  1.29973362 -1.80013094]
[ 1.13378242 -0.70721596 -1.10274143 -2.14995285]
[-0.93648535  0.05817304  0.45034877  1.12719903]
[-0.9199916  -1.37521909  0.29601202 -0.09307945]
[-0.88102327  0.52216705  0.84345986  0.54126342]
[ 0.81615748  2.95090726 -2.34567788 -1.2834991 ]
[-0.99473641  1.43194721 -0.31331864 -0.47735269]
[ 1.15407403  0.53042435  0.32681915  0.88497878]
[-0.48847174 -0.08245518  2.04181411  0.53143344]
[ 1.082238   -0.04299967  0.8754944   0.54037609]
[ 0.08118764 -0.9704039   2.24088472  0.00536811]
[-0.87232282  1.38140921  0.8625781  -1.17837702]
[-0.9834214   0.36741641 -0.79419336  1.42661365]
[ 1.11039543 -0.64024815  0.32804432 -0.72488925]
[-0.94629302 -0.70679827 -1.56348316  1.0870672 ]
[ 0.97138045 -0.42637377 -2.22660789 -1.03560098]
[-0.98401694  1.08231466 -0.83762909  0.62629583]
[ 0.74201123  2.56513409 -2.47003584 -0.14244137]
[ 1.13053366  1.71288455  0.65882789 -0.25466098]
[ 1.14752409 -0.51360308 -0.8929167  -0.87213654]
[ 0.91509177  1.05604179 -2.01001124  1.42376819]
[ 1.04144793 -0.65342715 -1.95562809 -2.79248846]
[-0.90710006 -1.8583285  -0.25751892 -4.06225068]
[-0.99734923  1.81897137 -0.7122337  -1.23563992]
[ 1.16901104  0.77704417 -0.24794889  1.05693114]
[-0.99424738  1.09915011 -0.29551132  0.24252717]
[-0.70316949  0.79681532  1.56046288 -0.22617682]
[ 1.16276013 -0.05541202 -0.12705007  0.5193696 ]
[ 0.67426463 -0.33162561  2.10867105  0.34997529]
[ 1.11534646 -0.39607344 -1.28327008 -0.54200785]
[-0.99981226 -1.1253898  -0.65786243  0.44975272]
[-0.85650047 -1.16637361  0.73886384  0.41434253]
[ 1.15678163 -0.33040551 -0.14163488 -0.01421306]
[-0.87656255  1.05697622  0.86800177 -0.3878571 ]
[-0.9968597   2.2191989  -0.25144365 -3.25542134]
[-0.99348227  1.33991907 -0.655097   -0.00398964]
[ 0.93143363 -0.99723553  1.09942749 -1.39427   ]
[-0.95542601  1.26455006  0.32700433 -0.52544501]
[-0.87938768 -0.48706289  0.77075052  1.08967385]
[-0.94434226  1.7905394   0.35309101 -2.08538093]
[-0.89099238  2.00378086 -1.7493708  -0.77984448]
[-0.9715835  -0.4862923   0.0183246   1.27469862]
[ 0.75966456 -0.85734304  1.74585068 -0.44544733]
[ 1.14019197  0.011982   -0.91661416  0.60373326]
[ 1.06630182  1.44471613  1.13235649 -0.12784789]
[ 0.96973654  1.60850095  1.54753735 -0.73611301]
[-0.93389478  0.89974732 -1.33650396  1.19871472]
[ 1.00573726  0.24485915  1.32975559  0.62477365]
[-1.00713525 -1.50034821 -0.82451801 -0.97782169]
[ -2.23969867e-01   4.63514773e-01   2.45538206e+00   3.01091987e-04]
[-0.95348715  1.58798342  0.31688484 -1.39442689]
[ 1.14105321 -0.30290113 -0.97273779 -0.13809213]
[ 0.70353794  1.22976167  2.1929748  -0.60168618]
[ 1.12320735 -0.33037588  0.41095891  0.1046117 ]
[ 1.13032776  1.93882125 -0.81279467  0.252447  ]
[ 1.03422337 -0.3513959   1.04023259  0.18180086]
[ 0.56343949  0.76445166  2.41835044 -0.09038211]
[ 1.157232    1.02466883 -0.55720384  1.07952654]
[-0.99314187  2.15271696 -0.87391889 -2.25614356]
[-0.81179164 -1.77514427  0.6264036  -1.84211604]
[-0.97761912 -1.49784788 -0.26110188 -0.64856938]
[-0.97232208  0.39339901  0.10219093  1.02991743]
[-0.7563357  -0.17144658  1.32330341  0.87219763]

Populations

0.280113837091
0.20604443637
0.0714151045478
0.442426621992

State labels

0
1
2
3
