Cluster centers 

[-0.61907585  1.69967505  0.90361935 -1.36359863]
[-0.64210877 -1.19112761 -0.24912174  0.15168984]
[ 1.78568524  0.81370285 -0.24305354  0.9929123 ]
[-0.60129075  0.47526555  0.38178431  0.86347713]
[ 1.80254135 -0.50146501  0.14652079 -1.70472887]
[-0.36468106 -1.51807567  2.11513266 -1.05936536]
[-0.60029389  1.06640543 -0.79755731 -0.19139478]
[-0.61777107 -1.32596643 -0.71005504 -0.93029045]
[-0.54211907 -0.54919738  0.61863337  1.40106639]
[ 1.27094785 -0.39926203  1.81486729  1.10328575]
[-0.62788303 -0.28880023 -1.01687066  0.97397871]
[-0.62411846 -1.52274097  0.77741961 -1.68472101]
[-0.18635506 -1.23937011  4.10095919 -5.46430098]
[ 1.80889116 -0.18000745 -0.70091391 -0.12161528]
[ 1.75177259 -0.2009961   0.19386479  0.36099564]
[-0.62331141  1.11428827  0.39955237 -0.12350993]
[ 1.22975476  1.25550084 -3.11137779 -0.45460781]
[-0.6299232   0.6045294  -0.61553949  0.50683273]
[-0.56014868 -1.36754345  0.91571093 -0.06355286]
[-0.63383186 -0.58569336 -0.31916239  1.12545886]
[-0.61558101  2.24605783  1.33173909 -2.93502232]
[-0.55073819  1.36781518 -1.01223877 -0.74385505]
[ 1.79731663 -0.43768125 -0.63791361 -1.86651088]
[ 1.21580968  1.48602189  2.31986384  0.63347991]
[-0.08304502 -0.93445322  2.01328534  1.3009893 ]
[-0.33538203  0.90773908 -2.38092888 -0.06395583]
[-0.53965322 -1.51853669  1.36446958 -1.07716402]
[ 0.75527226 -1.03133284  2.70688595  0.07787805]
[-0.54724843  0.0372796   0.65596682  1.32512039]
[-0.38650024 -0.6836793  -2.39617841  0.08878833]
[-0.63011903  1.46116441  0.40156644 -0.84323043]
[ 1.59171163  0.41693182  0.87515786  1.37447922]
[-0.46778901  1.8707932   2.18800607 -1.57943895]
[ 1.79292165  0.25828362 -1.43953161  0.43444981]
[-0.63462446  0.2439765  -0.2309702   0.96465496]
[-0.62571498  1.68935904  0.23610637 -1.39577372]
[-0.62072883 -1.44795368  0.55494293 -0.77695719]
[-0.58418347  0.68336108 -1.21196688  0.31955139]
[ 1.71274716 -0.39321784 -1.44962554 -1.836549  ]
[-0.36661172  0.36802558  1.51766885  1.27363566]
[-0.63744208 -1.26161104 -0.53235339 -0.32785931]
[ 1.63465678 -0.07386066 -2.28918502 -0.4327894 ]
[ 1.80158288  0.1796488  -0.53848294  0.72807483]
[-0.58775258  1.29411468  0.9938488  -0.38199379]
[-0.63417711  0.67449105 -0.10136492  0.50442579]
[-0.64139906 -1.457259    0.09466607 -1.39529402]
[ 1.42190621 -0.01430226  1.41389647  1.34126067]
[ 1.14866681 -0.67377202  2.16729201  0.68417193]
[-0.62513095 -1.13343631 -0.88391933 -0.01683435]
[-0.4173658   1.03923448  1.70608546  0.32421287]
[-0.55752754 -1.04209162 -1.5150323  -0.17372861]
[ 1.69898357  0.77737352  0.43057176  1.196807  ]
[-0.63220504  1.02948698 -0.13838105 -0.04882924]
[-0.57824988 -1.54089103  1.33119326 -2.6144615 ]
[ 1.66063654 -0.22930445  0.70197948  0.63759893]
[ 1.4192838   2.19923871  2.36411915 -0.61501096]
[-0.25553894 -1.38897801  2.09629295 -0.096468  ]
[-0.61080656  0.11514515  0.16640721  1.15343455]
[ 1.80070471 -0.42260105 -0.04217902 -0.93153807]
[-0.61086501 -1.39782464 -0.54995791 -1.71872825]
[-0.4776437  -0.86450393  0.9851739   1.26160692]
[-0.49126028  1.04537273 -1.63332776 -0.22362673]
[ 1.75278846  0.07520773  0.05170055  0.83537624]
[ 1.81184388  0.60250299 -1.14061418  0.77899827]
[-0.6416128  -0.90831092 -0.45697351  0.74510154]
[ 1.78132722 -0.48354352 -0.16780787 -3.37616696]
[ 1.13383352  0.50425299  1.95666069  1.6484439 ]
[ 1.78858733 -0.28556726 -1.09067596 -0.83049797]
[-0.64187692 -1.38105866 -0.19056224 -0.82578547]
[-0.55624521 -0.34759195 -1.72585305  0.76410564]
[-0.60875336  2.02599293  0.22778002 -2.28732825]
[-0.63158819 -0.9425629  -0.90579886  0.47472709]
[-0.63440297  0.1240092  -0.74902862  0.93627709]
[ 1.65501965 -0.53323845  1.04910746 -0.38076621]
[ 1.76918311 -0.37705399  0.2200032  -0.33170523]
[-0.60279873 -1.24703158  0.44129772  0.28172123]
[-0.6332321  -1.34159829  0.19552761 -0.26521972]
[-0.57170152  1.68034021 -0.55939367 -1.3997949 ]
[-0.53729074  0.66076673  0.95695061  0.75418594]
[-0.60340849  0.85144403  0.55351009  0.36504415]
[-0.63626095 -0.15210129 -0.35071831  1.16481473]
[-0.61648753 -0.97109976  0.12809362  0.84830187]
[-0.54250922 -1.16102165  0.80037271  0.668991  ]
[-0.51434624  1.49933361  1.57491502 -0.7143772 ]
[ 1.76239962  1.74092569 -1.46151267 -0.21917043]
[-0.6269707   1.29200248 -0.14099004 -0.54223222]
[ 1.73709441  1.50049087  0.43902816  0.60121965]
[-0.60096403 -1.22342937 -1.03613782 -0.5556268 ]
[-0.43441993  1.67323286 -1.45741436 -1.35072061]
[-0.56653025  0.24430873 -1.54516416  0.69052723]
[ 1.61916264 -0.08064795  0.81165944  0.99913966]
[-0.4492978   0.65530712 -2.05579347  0.25389911]
[-0.60808231 -0.65362111 -1.30273418  0.72815292]
[-0.56880614 -1.34533484 -0.96927247 -1.66346242]
[-0.56825089 -1.45939252  1.00594225 -0.62516301]
[ 1.69301938 -0.33485085  0.64213055  0.25425781]
[ 1.79815738 -0.09922662 -0.34418328  0.31260303]
[-0.24283118 -0.3285592   1.66475521  1.63936691]
[ 0.58393997 -0.6627313   2.42710334  1.39605681]
[ 1.52160979 -0.41372301  1.31789636  0.56444601]

Populations

0.0481885295077
0.318017055415
0.344289739479
0.289504675598

State labels

0
1
2
3
