Cluster centers 

[ 1.2145561  -0.24319055 -0.23127761  0.13125489]
[ -9.25208026e-01   1.06948959e+00   1.66775415e-01  -1.52669887e-04]
[-0.9679575  -1.64464136 -0.76038845 -2.17533692]
[-0.91781461 -0.78768667 -1.52915054  0.75938721]
[ 0.65836836  1.01007613  2.3385283  -0.16741504]
[-0.93906399  1.72314708  0.06529984 -1.56881783]
[-0.78879779 -0.07224797  0.96126344  1.03697103]
[ 1.10023893 -0.5005993  -1.75367057 -1.56660067]
[-0.7468783  -1.9747786   0.87392815 -3.57456688]
[ 1.09513871  0.42152505  1.14096446  0.79719111]
[ 0.92862601 -0.53953179  1.5564859   0.23067345]
[-0.89815918 -1.46975861  0.1474616  -0.42663395]
[-0.93294749  1.22308384 -0.90432033  0.29324835]
[ 1.18105276  0.25376816 -1.15816294  0.79698182]
[ 1.20281388 -0.18550452 -0.89161399  0.06473569]
[ 0.72292553  2.82531662 -2.18644157 -1.39357702]
[-0.94067228  0.18276553 -0.30479291  1.26283884]
[ 1.18467017 -0.53527643  0.19801083 -0.43653567]
[-0.7529176  -1.87084037  0.86933028 -2.25884131]
[-0.84437361  1.43209761  0.92102755 -1.27489792]
[ 1.1606023   1.94299065  0.91186523 -0.8354365 ]
[ 1.20184425 -0.64064749 -0.59191426 -1.42001404]
[-0.91332254 -0.94285529  0.03884996  0.79992329]
[ 1.10801089 -0.13799811  0.94265102  0.56453268]
[-0.76068961 -1.59233039  0.87476853 -0.68330712]
[ 1.22426817  0.62294822 -0.1135477   0.97114083]
[-0.95024321  1.99695508 -0.34712987 -2.14785987]
[ 1.20876515  0.15078649  0.14647291  0.75560049]
[-0.70638914  0.3954928   1.37520398  0.56094719]
[-0.78769017 -0.97198962  0.83334463  0.75639362]
[ 1.18551543 -0.63560246  0.14377458 -0.78638967]
[ 1.0281827  -0.01017864 -2.11246876  0.26557703]
[-0.94292808 -1.30973261 -0.30941757 -0.06695591]
[-0.85929389 -0.1027489  -1.81421723  1.45813813]
[-0.87244921  1.22475813  0.69918359 -0.62054731]
[-0.9527464  -0.72531079 -0.77751448  1.03402277]
[-0.94506206  0.64913135 -0.38193231  0.90014866]
[ 1.15851484 -0.40901489 -1.39266671 -0.87151478]
[-0.90519017  2.05636171  0.218171   -2.86408268]
[ 1.22040437  0.10901796 -0.48567813  0.66749609]
[ 1.10432969  1.94787045 -1.4164636   0.36703547]
[-0.94478742  1.62129744 -0.64812845 -0.75105244]
[ 1.22516005  1.56578956 -0.14800618  0.41149427]
[ 1.2112204  -0.4654477  -0.3684009  -0.52695555]
[ 1.05943679 -0.27350608 -1.99445962 -0.54363806]
[-0.85891097  0.76571903  0.71472667  0.27496756]
[-0.86644418 -1.73981041  0.34128657 -1.64207161]
[-0.87274549  1.63274847 -1.44194876 -0.19937082]
[-0.93890438 -0.01101592 -0.98062205  1.42469288]
[-0.51900463 -1.36452793  1.5945859  -0.00517936]
[ 0.40671071 -1.13725389  2.21842614 -0.30949541]
[ 1.20839659  0.92932119 -0.75600944  1.04832026]
[-0.73572874 -1.97701624  0.76123528 -4.78376228]
[-0.95079276 -1.16112971 -1.24049649 -0.04858514]
[ 1.20053762 -0.4296739  -0.87890596 -0.67591347]
[ 0.66217112  0.35747599  2.23289975  0.55029624]
[-0.90310735  0.34472623  0.28249767  0.97235818]
[ 1.20287905  1.04145933  0.45438037  0.71706213]
[-0.90269131  2.00557481 -1.15997777 -1.42666124]
[ 1.15062502 -0.12479637 -1.45673794  0.07422872]
[-0.7904885   2.00638177  1.20192063 -3.48644962]
[ 0.82015546 -0.97355532  1.72057043 -0.58348554]
[ 1.1910333  -0.20544059  0.26827407  0.34064722]
[-0.89620406 -1.61337068  0.16535229 -1.02698858]
[ 1.07213191 -0.65186711  0.98481228 -0.28107865]
[ 0.9942013   1.00965229 -2.07476252  1.17792464]
[-0.5177383  -0.73451715  1.70344194  0.8405059 ]
[-0.95546768 -1.04831821 -0.65030184  0.51218697]
[-0.88918798 -0.37991011  0.31156131  1.21334234]
[ 0.86149756  1.51330475  2.03771334 -0.80059647]
[ 1.02679924 -0.62897229 -2.11943841 -3.35591448]
[ 1.02571911  1.0431356   1.54314462  0.28001852]
[-0.94082759 -0.43952576 -0.31135988  1.28270812]
[-0.9110473  -1.79247089  0.06617013 -2.30789649]
[-0.95990511 -1.54897085 -0.53078239 -1.1986859 ]
[-0.55848705  1.16080449  1.88783845 -0.99604773]
[ 1.15992871  1.52591045  0.9006261  -0.02789321]
[ 0.95687306  2.01199905  1.84201892 -1.82011069]
[ 0.95774552  0.04900985  1.60020342  0.71242141]
[-0.94674024  0.99991275 -0.34954395  0.38939529]
[-0.92433172  0.76859307  0.11690483  0.53571644]
[-0.93982174  1.50773232  0.03652028 -0.92836241]
[ 1.17430331  0.30295626  0.59991737  0.83413667]
[-0.93119857  1.27362806  0.13792469 -0.41445107]
[-0.9476328   1.34198479 -0.45572292 -0.21039117]
[ 1.09470421 -0.86762963  0.71693726 -1.20802306]
[ 0.47484227 -0.55346173  2.26663427  0.5085423 ]
[ 1.13325001 -0.40138014  0.70727709  0.13491855]
[-0.68750558  0.83357128  1.49750091 -0.14781655]
[-0.84529811 -1.29848685  0.49477936  0.17212515]
[-0.86001103  1.09872132 -1.58491268  0.84896982]
[-0.51903748 -1.75936129  1.48482496 -1.45764435]
[ 1.2106612   2.27507528 -0.4490855  -0.71998896]
[ 1.14493207  0.87520478  0.93934552  0.68185097]
[ 1.17182979 -0.70045952 -1.09453706 -2.40329005]
[-0.9625631  -1.3546615  -0.93571018 -0.57386828]
[-0.93215659 -1.83091497 -0.11154236 -3.09300458]
[-0.48657204  0.11793839  1.90656105  0.67695058]
[-0.77396424  1.6604976   1.27322919 -2.18400307]
[-0.93418999  0.72545963 -0.94251885  1.03135918]

Populations

0.135423647906
0.312001815515
0.275944370797
0.276630165782

State labels

0
1
2
3
