Cluster centers 

[-1.03126038  0.54926119  0.99284413 -0.58274471]
[ 1.10216776 -0.1288936   0.27705993 -0.8953427 ]
[-0.93523551 -1.57016072 -2.14500224  0.43659035]
[ 1.02158041  1.45725916  0.15962923  1.15240148]
[-1.00040125  1.98898646 -1.59705863  0.4972902 ]
[-0.88186169 -0.87312854  0.87180782  0.76213734]
[ 0.98469649 -0.38630623  0.29382501  1.06652655]
[-0.95569255  0.51620478  0.66520619  0.55229346]
[-1.03217815 -1.33612113 -0.46012289 -0.48659789]
[ 1.1037764  -0.50537479 -1.67244335 -0.47342556]
[-1.03574734  1.29600891  0.13253891 -0.55179123]
[ 0.92574572  1.29025119  1.23908067 -1.86575106]
[ 1.01815497 -0.33643425 -1.51584105 -1.61898014]
[ 0.27158229 -0.93858261  0.11170731  2.31237719]
[-1.02742917 -0.17717271  1.35004216 -0.81862443]
[-0.31058521  0.36601497 -0.05996345  1.18481017]
[ 0.99987724  0.44197999  0.80913994  1.15036927]
[-0.63658549 -1.39341886 -5.3816756   1.49865023]
[ 1.11017004 -0.38713828 -0.70279619 -0.66905789]
[ 1.12124065 -0.17378818  0.32315605 -0.23938382]
[ 1.08381164  1.60620168  0.75611903 -0.8681018 ]
[-1.0395653   1.88838738 -1.02425267 -0.22789009]
[ 1.07254125 -0.56259537 -0.69074395  0.38012287]
[-0.54739272  1.31922412 -0.85426517  2.12812578]
[ 1.12384523  0.4770596   0.98839284 -0.01892595]
[-0.85104845 -1.54696389 -1.04553038  0.82921258]
[ 0.65918931  0.12992852  0.69901155  2.0890978 ]
[ 1.07613667  1.82521945 -0.11873341  0.79691096]
[-1.02903188 -1.15833813  0.30334803 -0.49025884]
[-0.93754154  0.91002032  0.14898227  0.75307369]
[-0.85243837  2.49978553 -3.26240279  1.45926822]
[ 1.00325199 -0.30782689 -3.10243691 -1.57348611]
[ 0.47368655 -1.14215347 -1.05771033  1.97162724]
[-0.99657215  1.40179923 -0.44101449  0.38996385]
[ 0.57206555 -0.54752867  0.45630996  2.13223734]
[-1.02341797  2.55507901 -2.86386693  0.36569431]
[-1.00662469 -0.45939064  1.20473054 -0.09596843]
[ 0.98017254 -0.20453056 -0.36528754 -1.86405982]
[ 1.07218381  0.10963895  0.73304187 -1.24194766]
[ 0.86382672  2.95347934 -0.97465468 -1.86385006]
[-0.93254417  1.52211037 -0.84494271  0.88834592]
[-0.98799043  0.64067371  1.16501041 -1.36704048]
[ 0.61035606  0.92119964  0.14814555  2.30000319]
[-0.92693806 -0.49601655  1.14438091 -1.97824181]
[-0.95470809 -1.39629318 -0.32704743  0.30148442]
[-0.99949892  1.1651406   0.5934654  -1.20025787]
[-0.50196062  0.38068792  0.41256128  2.06229384]
[-1.03046824  0.83519626  0.615651   -0.2859737 ]
[ 1.0956419  -0.3531144   0.04821458  0.23178423]
[-1.00070621 -1.50781714 -1.61646362 -0.00373197]
[-1.02555957  1.67409704 -0.31982849 -0.83954068]
[-0.81111844 -1.46178905 -0.44052628  0.99171108]
[-1.04910899  2.28387749 -1.82183478 -0.29935556]
[ 0.88272546  0.65243864  0.63648721  1.64364764]
[ 0.94538128 -0.26618049 -1.00491673 -2.03323549]
[-0.80216033  0.28577773  0.65699906  1.29879271]
[-0.90701012 -1.54624565 -3.21870727  0.55784121]
[ 0.9319086   2.44153579 -1.63016634  1.62864718]
[ 1.06926799 -0.33467701 -0.88692836 -1.24467645]
[-0.99257861  2.18389656 -1.01584113 -1.26713168]
[-0.95760461 -0.26811007  1.12529434  0.41837529]
[-0.50609393 -0.49569918  0.75830796  1.9376467 ]
[-1.01471712  0.31154492  1.02106179 -0.07609923]
[ 1.08671608 -0.27007245 -0.33355874 -1.08822486]
[-0.93894913 -1.54381082 -1.39846832  0.40390781]
[-0.66941507 -1.62937735 -2.55724224  1.37848685]
[ 1.08134051  0.81119741  0.82463953  0.66857005]
[ 0.89168842  1.740898   -0.50612141  1.72097522]
[ 1.05002419 -0.00632925  0.71428302  0.7725236 ]
[-1.01560978 -1.1271773  -0.1915388  -1.48171238]
[ 1.11196898 -0.44161951 -0.60278852 -0.20189007]
[-0.83507795 -0.24688264  0.99170284  1.05624122]
[ 1.00402372 -0.02302093  0.42302132 -1.67099808]
[-1.03493316 -1.45712073 -2.63676125 -0.32339778]
[ 1.11135143  1.40097113  0.53133981  0.35866538]
[ 1.1234294   0.08501868  0.7410732  -0.44000363]
[-0.36123234 -1.31516604 -0.17980703  1.93821912]
[-0.7565797   0.80405187  0.05311756  1.52990766]
[ 1.09988914 -0.42813671 -1.29572184 -0.82506465]
[ 0.94110825 -0.30631465 -1.99758133 -2.0004298 ]
[-1.01931116 -0.86896533  0.92812801 -0.3207361 ]
[ 1.06688162 -0.27543817  0.3563909   0.58113816]
[-0.97427684 -1.13275487  0.49748111  0.18474465]
[ 1.12444293  0.91027417  1.01803353 -0.36165223]
[-0.85211545  1.14821485 -0.33331373  1.20548844]
[ 0.88108943 -0.266651    0.54713779  1.50640801]
[-0.63191855 -1.60353619 -1.56259669  1.46950101]
[-0.85108058 -1.21404465  0.37714725  0.85127157]
[ 1.02134599  0.51377925  1.17919937 -1.52582667]
[ 1.08460903  2.29259609 -0.12833241 -0.71476904]
[-1.02380735 -1.43301105 -1.06958926 -0.29941572]
[-1.02263325 -0.90239154  0.74287164 -1.16578716]
[-1.03255349  1.55685209 -0.50728123 -0.05190141]
[-1.01552978  1.02639446  0.24321079  0.08136072]
[-0.83734148  2.01454024 -2.04871986  1.42802141]
[ 1.11339041 -0.27124037 -0.10764481 -0.66108999]
[ 1.10846109  0.10661974  0.77864914  0.24351293]
[ 0.95968409 -0.67292932 -0.47795933  1.0797121 ]
[ 1.03928959 -0.31013309 -0.96030903 -1.51438634]
[ 0.75531529 -0.78297124 -0.20295877  1.73232205]

Populations

0.00107615874291
0.26110949806
0.300181795081
0.437632548115

State labels

0
1
2
3
