Cluster centers 

[-0.9748446   1.43955353 -0.04278703 -0.67957285]
[ 1.1334794   0.22281138  0.66134621  0.75987093]
[-0.85778011 -1.3639175   0.57512218  0.0057129 ]
[ 1.15514914 -0.71439951 -0.840913   -2.09285784]
[-0.78475418  0.7515106   1.25350882 -0.02858212]
[-0.95432699 -0.86285885 -1.41838524  0.7556188 ]
[ 0.90853619  0.74916082 -2.15732819  1.36195417]
[-0.97718974  0.25333919 -0.5890038   1.3961581 ]
[-0.90762583 -1.73605628  0.10073995 -1.72840494]
[ 0.66979934 -0.74908174  2.01136209  0.00943579]
[ 1.13858394 -0.20008555 -1.17931485  0.02252027]
[ 1.15761151  1.45871666  0.52097621  0.23931617]
[-0.97362711  2.25625496 -0.14793606 -3.45785684]
[ 1.16599586  1.06127471 -0.59272611  1.0243251 ]
[-0.92063019 -0.21850016  0.42645983  1.21078813]
[-0.54728802  1.16086859  1.89667045 -1.19535428]
[-0.98850085 -1.55248731 -0.65587207 -1.22331204]
[-0.91722164  1.23995752 -1.34383703  0.699408  ]
[ 0.96706785 -0.34128832 -2.27140037 -0.87143262]
[ 0.81181443  1.61565023  1.96197529 -1.24585655]
[-0.98150831  1.13784876 -0.49219507  0.30697372]
[-0.513585   -1.41342674  1.63709803 -0.22469251]
[ 1.12986457 -0.42051116  0.4322438  -0.03979692]
[-0.98068587 -0.72059959 -0.48689699  1.13004593]
[-0.92160966  0.52335966 -1.34232975  1.51105254]
[ 0.89095112 -0.79840203  1.479747   -0.39081013]
[ 1.00276912  0.17921232  1.39154115  0.63462685]
[ 1.03583518 -0.61635158 -2.0504383  -2.9936753 ]
[-0.86376946  1.33937473  0.90781527 -1.1115802 ]
[-0.98945067  1.98428862 -0.49856727 -1.93375122]
[-0.89978546 -1.64307379  0.22118202 -1.10338238]
[ 1.06471855  0.84085282 -1.49133587  1.26411729]
[-0.85283056 -1.90643821  0.14932019 -3.71419074]
[ 1.10490503  1.7957299   0.97612007 -0.66640686]
[-0.96709904  1.5405278  -0.89641231 -0.24248324]
[-0.56949201 -0.5516435   1.7722521   0.7555394 ]
[ 0.95649963  3.08262157 -1.79839423 -1.99267966]
[ 1.01805281 -0.08561925 -1.94867817  0.20525805]
[-0.95077847  0.33258534  0.19579965  1.02901841]
[-0.98963355 -1.19693047 -0.92622261  0.0982784 ]
[-0.94936943 -1.50234942 -0.10594855 -0.61938405]
[ 1.07247152 -0.87634003  0.5480008  -1.3842617 ]
[-0.71261459 -1.01252883  1.28030809  0.60379015]
[ 1.17382005 -0.23301367 -0.56564965  0.09013074]
[-0.9720106  -0.26130255 -0.20385077  1.36538339]
[ 1.00339316 -0.39518214  1.22622161  0.22404698]
[ 1.17080068 -0.47233738 -0.55013002 -0.61305121]
[ 1.16664508  0.87154732  0.40566898  0.83047017]
[ 1.18149353  0.28064216 -0.31190456  0.89108702]
[-0.92694143  1.66861329  0.49776498 -1.77631957]
[-0.95279876 -1.0781669  -0.02824689  0.60445222]
[ 1.12886032 -0.01062879 -1.21948213  0.48008682]
[-0.97174436  1.23710406 -0.00237138 -0.22857506]
[-0.80684632 -1.86268854  0.51703086 -2.43258555]
[ 1.14272308  2.24089884 -0.63969858 -0.44280977]
[-0.95686009 -1.32912897 -0.13766762 -0.02150395]
[-0.9713806  -1.23070717 -1.53155331 -0.41498831]
[ 1.15157924 -0.6463466  -0.03730897 -0.9524498 ]
[ 1.00717208  1.07063745  1.48444364  0.14910617]
[-0.90496369  0.63049926  0.64149104  0.47564476]
[-0.98473653  1.75201351 -0.6435421  -1.03116384]
[ 1.17676205  0.42163112  0.14892423  0.9152668 ]
[-0.86699911 -1.08168996  0.61715382  0.60158403]
[-0.96289184  1.94287217  0.17681397 -2.46224108]
[-0.8045435  -1.5656117   0.74865427 -0.61015086]
[ 1.08498131 -0.52836305 -1.73836203 -1.71548896]
[-0.99244933 -1.38543799 -0.76896927 -0.49336932]
[ 1.14529378  0.28663611 -1.00103334  0.93976373]
[-0.52033561  0.36548353  1.96621428  0.23228252]
[-0.88040383 -0.3001478  -1.81173716  1.50821222]
[ 1.11980252 -0.18777829  0.63916139  0.40684503]
[-0.98213784 -1.69723073 -0.65306225 -2.29739779]
[-0.93367726 -0.72839282  0.22377455  1.07011049]
[-0.97080124  0.75315176 -0.03472473  0.66098789]
[-0.98542924 -1.01978272 -0.63280148  0.64178406]
[-0.62731718 -1.75812544  1.20553968 -1.46589829]
[ 0.66248863  2.24973738 -2.25962834  0.36947332]
[ 0.07944971 -0.62633612  2.41513735  0.40547779]
[-0.96646945  1.59134648  0.1326086  -1.23945203]
[-0.94836134  0.96097849  0.29328377  0.13581643]
[-0.89185752  2.06251717 -1.52956188 -1.06391663]
[ 0.61943365  0.68395241  2.30297704  0.03968836]
[ 1.09269145 -0.34872184 -1.63403165 -0.65913144]
[ 0.29614035 -1.18676275  2.2213631  -0.44660084]
[-0.74748981  1.71266885  1.30197053 -2.54112073]
[ 1.06610119 -0.69673916  0.75223451 -0.58253728]
[-0.79960284 -0.44682247  1.07731046  1.0078125 ]
[ 1.16250135 -0.5910994  -0.78373818 -1.26801565]
[ 1.14307426 -0.45290777 -1.19075525 -0.89288987]
[ 1.09236258  0.72890248  1.05515348  0.65563921]
[-0.97796496  0.73750179 -0.56741829  0.96923612]
[ 1.16649504 -0.40108649 -0.08672212 -0.18451608]
[-0.89544872  1.0981699   0.72354531 -0.40926828]
[-0.82607255  0.16863186  1.03231029  0.82041903]
[ 0.73622487 -0.14563971  2.05019806  0.48065349]
[-0.96794292 -0.33893927 -1.02216011  1.47004967]
[ 1.17619053 -0.00571643 -0.52912682  0.55125729]
[ 1.17155162 -0.10354551  0.02868056  0.44822074]
[ 1.15483365 -0.3407153  -0.9994979  -0.35698153]
[ 0.61037876 -1.29379971  1.78861683 -1.44817518]

Populations

0.0399611252209
0.402863553105
0.243789386671
0.313385935004

State labels

0
1
2
3
