Cluster centers 

[ 0.74483829  0.21408371  0.66090242  1.92486929]
[ 1.07881794 -0.31031815 -0.61265293 -1.06148779]
[-1.01492989 -1.14986587  0.42370016 -0.15160773]
[-1.04885532  1.64824938 -0.64621965 -0.11210396]
[ 1.09474254  0.12515679  0.79144508  0.30862946]
[-0.49105494 -0.5668578  -7.3285701   1.4537451 ]
[-0.98900266  0.28693502  0.91679337  0.34075488]
[ 0.87154285  0.53743166  1.24095841 -2.05335383]
[-0.95039233 -1.54598667 -1.18659384  0.32587482]
[-0.90519548  1.56990705 -1.08892211  1.09531895]
[ 1.06133432 -0.29320454  0.31015491  0.53341243]
[-1.03211101 -0.05600914  1.39947483 -0.97714132]
[ 1.01666267 -0.34367144 -2.8730047  -1.47578567]
[-1.04164175  1.06360877  0.54961338 -0.72013697]
[ 1.06328272  1.61915315  0.08808811  0.8234624 ]
[ 1.03642517  0.14517354  0.74685878 -1.41011238]
[-1.02328768  2.52708269 -2.90901744  0.38192244]
[ 0.84388568  2.96568442 -0.92559665 -1.73192678]
[ 0.89983961 -0.23015626 -0.97454012 -2.15175882]
[-0.94275901  0.85011523  0.18664474  0.78501949]
[-0.58667596 -1.16178136  0.34931914  1.64666933]
[-1.03324808 -0.58239771  1.19232645 -0.41286551]
[ 0.32473842 -0.86285214  0.2304301   2.24236572]
[ 0.96041926  0.70752137  0.66280182  1.33483012]
[-0.95645338 -1.55927268 -3.21910038  0.27343255]
[-1.00302196 -1.54267819 -1.90358948 -0.01663464]
[ 0.57682367  0.80883005  0.20248792  2.26880495]
[ 1.0960185  -0.4327079  -1.10010391 -0.70059293]
[ 0.31826642 -1.22144742 -0.79968795  2.08220984]
[-1.04475732 -1.42027693 -1.16247803 -0.53211408]
[-0.49197229  0.41291884  0.31442454  2.10156349]
[ 1.11124853  0.55242713  1.06481605 -0.50407619]
[-0.94210492 -1.39226764 -0.17996237  0.4000527 ]
[ 1.08693055 -0.52345216 -0.71184009  0.07864054]
[ 0.97336798  1.4713052  -0.00997958  1.36470192]
[ 1.10916276  1.56404217  0.47079959  0.10696575]
[-1.0300963   0.62556646  1.09781413 -0.96061682]
[ 0.69915548  1.44885049 -0.46398143  2.15710529]
[-0.97663378 -0.48327869  1.22150287 -1.67575961]
[-0.8938653  -1.63036932 -2.21980908  0.62220003]
[ 1.10850389 -0.28301027  0.00789846 -0.28923389]
[ 0.85298433  0.07202466  0.53513733 -2.27678041]
[-0.97089146  2.27361874 -1.03683896 -1.42469866]
[-0.82146641  1.97544044 -2.10303336  1.48001066]
[-1.04151827  0.23212496  1.21642933 -0.53409372]
[-0.89797336 -1.14005352  0.53418683  0.66869975]
[-0.71622207 -1.63528628 -1.49680471  1.201989  ]
[ 0.9704707  -0.30404872 -1.80033169 -1.84863734]
[-1.02059927  0.95609077  0.30046975  0.16236774]
[-1.0443501   1.92365692 -1.28167341  0.06852967]
[-1.04621095  1.29977286  0.01093774 -0.26146854]
[ 1.08041754 -0.40041363 -0.05561571  0.27976914]
[ 1.07809659  2.43978083 -0.43720678 -0.50850573]
[-0.63907501 -0.52409373  0.83804518  1.65820456]
[-0.86207539  0.00367394  0.86037181  1.03747041]
[ 1.08750136 -0.23412492 -0.15544637 -0.95771448]
[ 1.03737216 -0.05715223  0.67396428  0.79295332]
[ 1.0345535  -0.70139938 -1.32650364  0.46028057]
[ 1.00970915  1.54927268  0.92777335 -1.28884909]
[-0.66653081  1.23151156 -0.74669928  1.85027798]
[ 1.1125714   1.1165552   0.94039274 -0.27170509]
[ 0.25287829 -0.37810963  0.62262338  2.35483389]
[ 1.1147738   0.15411162  0.8230292  -0.16391246]
[ 0.7705076  -0.81487594 -0.28394826  1.64524491]
[-1.04406769 -1.29271284 -0.24476934 -0.56421136]
[-1.0212078   1.56022826  0.01893659 -1.05043272]
[-1.04307148 -0.93349183  0.76891473 -0.73857673]
[-1.03848329  0.63442456  0.83116333 -0.25608766]
[ 0.80085639 -0.4503273   0.41280206  1.66695182]
[-0.96086021 -0.66304443  1.0448056   0.37627661]
[ 1.04973019 -0.33846069 -1.18522801 -1.33904961]
[ 1.0904642  -0.48689328 -1.86845395 -0.69042186]
[-0.52505327 -1.63259593 -2.6536949   1.39937099]
[ 1.04300691  0.38449883  0.85931216  0.83895744]
[ 0.96762052 -0.71690232 -0.67604747  0.94319585]
[-1.02325608 -0.97540359  0.42799271 -1.41300562]
[-1.01248782  2.0379822  -1.78902838  0.52316934]
[ 0.99518676 -0.1971846  -0.40134586 -1.71100609]
[ 1.11079611  0.61621404  0.98996834  0.11130996]
[ 0.98277725  2.29130266 -1.25534985  1.36588778]
[ 0.94000047 -0.06630707  0.67642834  1.29656416]
[-1.04962376  1.85410535 -0.71130215 -0.67158942]
[-0.97045265  1.15023598  0.82486697 -1.53726443]
[ 1.07195011  0.49279296  1.09966678 -1.07370158]
[ 1.07822673  0.99252225  0.73642602  0.62854151]
[-0.75779088  0.75745717  0.04840243  1.54518643]
[ 0.96741804 -0.49726088  0.1000279   1.0624946 ]
[ 1.1100226  -0.13118664  0.43000114 -0.16348076]
[ 0.76959828  2.02259026 -1.30058408  2.04878989]
[ 1.10380685  0.05832753  0.66911061 -0.70688096]
[-1.00779084 -1.42121358 -0.56641569 -0.06995754]
[-0.78148756 -1.47057119 -0.38226333  1.06853907]
[ 1.10460317 -0.38469262 -0.55445433 -0.51336903]
[-0.99753523  1.40059598 -0.51635403  0.49847276]
[ 1.0329913  -0.08933384  0.16897613 -1.46805708]
[ 1.09000494 -0.09536467  0.31211697 -0.92913458]
[-1.05318427 -1.44656799 -2.36053555 -0.59785488]
[-1.02184869 -0.05019939  1.21537391 -0.08992206]
[-1.04451969 -1.20947494 -0.50094246 -1.25341116]
[-1.05810349  2.41113069 -2.08567874 -0.40023842]

Populations

0.000911438601413
0.244967823262
0.311749843426
0.442370894711

State labels

0
1
2
3
