Cluster centers 

[ 1.08547504 -0.10031447  0.27003242 -0.90830509]
[-0.87800017 -1.4923088  -0.48565864  0.75200949]
[-0.99133618  2.38888683 -2.67421928  0.80348966]
[-0.94759369  0.87412511  0.19133654  0.78215986]
[ 1.07856913 -0.40253027 -0.07960195  0.23631059]
[  0.86323514   3.07834199 -15.16056043   1.75217502]
[ 0.80032857 -0.25701238  0.6271754   1.66916507]
[-1.05238505 -1.11928632  0.11287935 -1.0567745 ]
[-1.01998274  1.72832504 -0.27647034 -1.05026585]
[ 1.04247182 -0.34536228 -1.39306629 -1.28590888]
[-1.05804113  1.94960878 -1.07787826 -0.30727964]
[ 1.0809786   0.87481778  0.83561546  0.52263715]
[ 0.66945662  1.35510398 -0.2979662   2.22801588]
[-1.0485754   0.44188198  1.08517009 -0.61015402]
[-1.04090704 -0.53071044  1.23609481 -0.3921131 ]
[-0.90926356 -0.46308574  1.08757254  0.6840894 ]
[ 1.06665909  1.71491232  0.61823383 -0.85447036]
[ 1.09984254 -0.10988663  0.50917839  0.01177638]
[-0.88691248  1.83116188 -1.63395215  1.3270834 ]
[ 1.08867779 -0.38701045 -0.88161455 -0.73197209]
[-1.06303198 -1.37434589 -1.21124514 -0.74149268]
[-1.03201098  1.15030051  0.06519162  0.12309353]
[ 1.01256705 -0.54561667 -0.17778031  0.75501153]
[ 0.06491123 -1.07952887  0.08365192  2.22559328]
[-1.04241534 -0.8694039   0.91124357 -0.44679396]
[ 1.00340252 -0.25973152 -0.88711615 -1.59404102]
[ 0.94270633  1.32251194  1.19171266 -1.73304012]
[ 1.08574231  0.13373963  0.73073561 -0.8911982 ]
[ 1.03762511 -0.0207472   0.73569098  0.72984279]
[ 0.7408309   3.20276412 -1.20309464 -2.05987577]
[ 0.85425906  2.20482609 -1.36182019  1.86809976]
[ 1.0983199   0.2581821   0.89960101  0.15678649]
[-1.0174449   1.58062164 -0.76103922  0.43382605]
[-1.04611772  0.73956466  0.71982363 -0.27708534]
[-0.92761927 -1.14891727  0.55315471  0.53395328]
[-0.95284263 -0.62126733  0.87009851 -2.04610468]
[-0.98680004 -1.51800149 -1.15457363  0.17381245]
[-1.05167971  1.16142673  0.35831674 -0.61595071]
[ 0.70189409 -0.88450174 -0.28966238  1.75581678]
[-0.90188818 -1.622363   -2.11872325  0.68116955]
[ 0.378674   -0.55076349  0.56484345  2.25290945]
[-0.63156023  0.03806561  0.71501009  1.74678848]
[-0.5990279   2.77735931 -2.28999752 -0.6737943 ]
[-1.01291721 -1.21920745  0.27921306 -0.05501535]
[-0.97975368  0.54514737  1.29823424 -1.60028739]
[ 1.01943918 -0.14606448 -0.13639245 -1.50714953]
[-1.00804549  0.1740483   1.05219369  0.1489172 ]
[ 1.07379279 -0.20235834 -0.12772657 -1.04918636]
[ 1.02293729 -0.69869466 -1.11855229  0.61932015]
[ 1.00932614 -0.33892063 -2.96532474 -1.36592377]
[-0.82664089 -1.59778054 -1.16579874  0.9628782 ]
[-1.03924402 -1.38192632 -0.59391192 -0.32425649]
[ 0.91927905 -0.06763527  0.03384388 -2.00741438]
[ 1.0854823  -0.47381963 -1.75440924 -0.63641858]
[-0.91503403  1.07885098 -0.15330866  0.98282761]
[-1.04548264 -0.21261464  1.33345473 -0.92365791]
[-1.05926308  1.6485396  -0.4736968  -0.41319741]
[ 0.61552817  0.46912862  0.54478435  2.19581856]
[ 1.01289782  0.30848475  0.8604039   0.95585289]
[-0.76373284 -1.66154566 -2.43681702  1.17827541]
[-0.96920841 -1.50296802 -3.38414864  0.23452091]
[-0.78289623 -1.36393014  0.07532823  1.09116287]
[-0.54316677  1.48932698 -1.19490891  2.17823052]
[-0.95191589 -1.33308697  0.08185388  0.39735623]
[ 0.99850005  2.41446072 -0.25922123 -0.88699619]
[ 0.93440549 -0.26856237 -1.67217762 -1.94956418]
[ 0.84477073  0.41226545  1.07685293 -2.26183459]
[ 1.10221634  1.40780474  0.60493685  0.05837798]
[-1.02918524 -0.41074234  1.23052468 -0.21774115]
[ 0.9174027  -0.46858921  0.30380681  1.26153431]
[-0.91700096  1.37828598 -0.65605232  1.04383212]
[-1.04711177  1.53714664 -0.50200736  0.03952587]
[ 1.10425841 -0.18686289  0.22759565 -0.37683727]
[-1.04725548 -0.90572981  0.69689117 -1.137184  ]
[ 0.85322871 -0.87897428 -0.89569484  1.33412658]
[-0.99593745 -0.91468432  0.88673281  0.1005356 ]
[ 1.06135652 -0.41618581 -2.3677802  -0.99585708]
[ 1.08934572 -0.46728338 -0.57207169 -0.04839814]
[-0.99643363  1.90494498 -1.51774623  0.70802266]
[-1.03754409 -1.4827615  -1.77526125 -0.24394995]
[-0.89577111  0.22291156  0.82468928  0.90248444]
[ 1.11104739  0.67454685  1.01711114 -0.12564644]
[ 1.00940715  0.11100465  0.63295071 -1.54861691]
[-0.96512079 -1.36146814 -0.07642095  0.30639275]
[ 1.08788554 -0.53594262 -1.12567181 -0.09706452]
[ 1.06373384 -0.28601107 -0.60459688 -1.12694732]
[ 1.0966715  -0.31557934 -0.33720718 -0.61838948]
[-0.77593184  0.82514927  0.03459168  1.49857717]
[ 0.9854452   1.10796999  0.43804361  1.22930866]
[-1.00201704  1.18315518  0.66006382 -1.36716191]
[-0.38110281  0.409717    0.37144533  2.26027944]
[-1.05831813 -1.23370911 -0.5635337  -1.1441196 ]
[ 0.99040665  0.71766128  1.21813826 -1.58934148]
[ 1.10111905  0.60524795  1.07505522 -0.62712556]
[ 1.06468074 -0.20863595  0.46127164  0.4686425 ]
[-1.05223217 -1.18963318  0.14996659 -0.58846481]
[-0.99185563  0.68450569  0.54625786  0.41380175]
[-1.05864299  2.15856514 -1.65965333 -0.05044132]
[ 1.10888149  0.14647866  0.80452432 -0.35912821]
[ 0.86249489 -0.19035193 -0.84168778 -2.26463966]

Populations

0.174341238871
0.272779065778
0.261047540955
0.291832154397

State labels

0
1
2
3
