Cluster centers 

[-1.01083804 -1.01468977 -0.64088672  0.68098821]
[ 1.11990768  0.01225155  0.46718656  0.61575211]
[-1.01395838  2.0031018  -0.56816947 -1.89258662]
[-1.00204255  0.90663777 -0.1426156   0.51906266]
[ 1.13142433 -0.6581128  -0.730521   -1.54340148]
[-0.99201178 -1.65885818 -0.4143447  -1.60165387]
[ 0.66890328 -1.01727181  1.83455748 -0.63001465]
[ 1.13461054 -0.14858675 -0.80072577  0.25958935]
[ 0.93260243  1.99884312  1.46897988 -1.73045002]
[-0.89463454  0.92391752  0.85695563 -0.14907574]
[-0.98686244  1.93966271 -1.03681196 -1.14171494]
[ 1.12163084 -0.29827253  0.28641592  0.16491952]
[-0.87128087 -1.55944004  0.53521587 -0.6141043 ]
[-0.9632249  -0.46523449  0.24636869  1.22290683]
[ 0.99758332 -0.11812744  1.24812628  0.47793698]
[-0.95315558  0.86472246 -1.23338809  1.26034799]
[ 1.09829794 -0.45869091 -1.3775267  -0.98753358]
[ 0.98713472  0.88798232 -1.63944935  1.38785645]
[-0.77867789 -1.42201273  1.00174007 -0.14753008]
[ 1.11267579  1.99935198 -0.73241739  0.16431087]
[-0.8711505   1.30823025  0.94983518 -1.08916023]
[ 1.15215884  0.88532262  0.1185817   0.91644641]
[ 1.08151945 -0.00301892 -1.34819302  0.52046866]
[-0.86995145 -1.90592573  0.05924942 -3.74715585]
[-0.82491687  0.01880556  1.14922749  0.84469701]
[ 0.99353998  2.91627584 -1.41758881 -1.62165279]
[-1.00255896  0.0409533  -0.39926962  1.44502149]
[ 1.14449355 -0.33421153 -0.30071718 -0.07293287]
[-0.99859896 -1.41649897 -0.39479294 -0.38286299]
[-0.6508168   0.59637611  1.73345222 -0.07352437]
[ 1.13102071  0.94172655 -0.65769338  1.12732   ]
[ 1.14114512  0.37787763  0.3115521   0.87061084]
[-0.41209847  1.22626581  2.02517628 -1.42785702]
[-0.92323617 -1.39824586  0.32123361 -0.11259507]
[-0.88521812 -1.7519331   0.32789105 -1.63880543]
[ 1.10128199  0.91663415  0.84432567  0.60581667]
[ 1.04136238 -0.64664547 -1.85379182 -2.91831117]
[ 1.01044392 -0.53380818  1.00915221 -0.08720666]
[-0.96847411  1.20657726  0.34312774 -0.40074805]
[ 1.13020855 -0.3529707  -0.92776213 -0.34306449]
[-0.46214963 -1.41620025  1.76499104 -0.3207052 ]
[ 1.11640032 -0.63026845  0.04909073 -0.80124346]
[ 0.9579813  -0.32961662 -2.18994098 -0.73138076]
[-0.90733914 -0.29133103 -1.75461791  1.58295222]
[-0.98264309  1.63763439 -1.02984996 -0.29339355]
[-0.96610122  0.26055976  0.32054965  1.03556379]
[ 0.83933519  0.12871958  1.84510415  0.49695347]
[-0.83714605 -0.66839807  0.99948167  0.94096139]
[ 1.0106345  -0.13947373 -1.8558766   0.11385729]
[-0.99568907 -0.41153195 -0.96671261  1.47378011]
[ 0.95001504 -0.81097936  1.1208753  -0.66580597]
[ 0.78840776 -0.58185124  1.77549002  0.07598431]
[-1.00760055  1.53492657 -0.23638242 -0.74781378]
[-1.01121724 -1.5259326  -0.62000984 -0.99491165]
[-1.00323204  0.61709198 -0.39056106  1.06219215]
[ 1.08292385  1.71057287  0.90045756 -0.46576233]
[-1.00313284  2.29152198 -0.30012146 -3.44135057]
[-1.00598639  1.25850655 -0.25000997 -0.06741908]
[-0.96925952 -0.98303226  0.091724    0.78141977]
[-0.89726858 -1.83614752  0.14236571 -2.45766472]
[-1.00472703 -0.69221127 -0.40494946  1.17738441]
[-1.00116729  1.11876469 -0.7066836   0.54197652]
[-0.60071787 -0.67681287  1.7399346   0.65484165]
[-0.94583452 -1.59485486  0.06594276 -0.91864904]
[ 1.13974202 -0.50066997 -0.60775203 -0.72239336]
[-0.96972657  0.79399755  0.33398193  0.39870415]
[ 1.04996842 -0.8661189   0.47928717 -1.37370952]
[ 1.04535658 -0.52613169 -1.84047725 -1.73187169]
[ 1.15254083  0.28829729 -0.25768966  0.90285251]
[-0.9930205   1.97658509  0.0295245  -2.44437018]
[ 1.12313514  0.20897672 -0.88448923  0.87471842]
[ 0.51402187  0.55848501  2.37378583  0.04391463]
[-1.02061908 -1.65637631 -0.95236557 -2.30656828]
[-0.77913927  1.76591072  1.19481265 -2.714462  ]
[ 0.77264425  1.30251432  2.01741492 -0.6885836 ]
[ 0.25406628 -0.5073787   2.39657449  0.33546705]
[ 0.90397883  0.08418437 -2.20444314  0.7071007 ]
[-1.00661741 -1.19981159 -1.31941561 -0.08016563]
[ 1.13277656  1.47065529  0.50053934  0.22766495]
[-0.59656884 -1.86032993  1.16450898 -2.18180031]
[-0.70184626 -1.70344307  1.06548297 -1.17652089]
[-0.92546083  1.40054929 -1.45591621  0.60204866]
[ 0.5472086   2.25408452 -2.26700009  0.43125259]
[-0.97914814 -0.86828924 -1.41840769  0.7921663 ]
[ 1.11077289 -0.48501428  0.27804064 -0.24752521]
[-0.94297506  1.68596409  0.49064486 -1.84091929]
[ 1.07133752  0.36337652  0.97529374  0.72126547]
[ 0.98686273  0.83925264  1.46413738  0.3413103 ]
[ 1.08037573 -0.26363529  0.71711738  0.29532443]
[-0.98177473 -1.24285901 -0.10649214  0.2449375 ]
[ 0.53079839 -1.33491893  1.76575139 -1.51909882]
[-1.0151658  -1.22761611 -0.75041217  0.11482135]
[ 1.14827652 -0.06685583 -0.16091511  0.4972845 ]
[-1.01755255 -1.38036007 -1.2476282  -0.79332523]
[ 1.08603889 -0.28946133 -1.42784074 -0.30205016]
[-0.96600281  0.30738125 -1.15642072  1.63214784]
[ 0.30196588 -1.07737167  2.25327288 -0.28784171]
[-0.98719214  1.60635024  0.12724464 -1.27119177]
[-0.89745083  0.57779588  0.84755908  0.43134331]
[-0.86928871 -1.14391976  0.71415778  0.48312869]

Populations

0.0528943425166
0.402110393266
0.261017064223
0.283978199994

State labels

0
1
2
3
