Cluster centers 

[ 1.78851608  0.12423909  0.05306825  0.83892678]
[-0.63595524 -0.98972766 -0.54524249  0.52963369]
[-0.61879894  1.49018792  0.39891588 -1.14507938]
[ 1.83444151 -0.61235695  0.14596753 -1.88667915]
[-0.60209714 -1.51978599  0.70229211 -0.65203493]
[-0.62037266  0.36068675 -0.11456902  0.89884471]
[-0.45629378  0.55750263 -2.0078318   0.4041832 ]
[-0.1946903  -1.64943629  4.02520183 -5.45294978]
[ 1.25835673 -0.61169075  1.93602408  0.76498901]
[-0.61738774 -1.36861084 -0.70054935 -0.93915868]
[-0.56480549  0.22611053  0.51761765  1.16112726]
[-0.61964241  1.04253283 -0.11404384 -0.13194355]
[ 1.249563    1.01772263 -3.50638085  0.10556717]
[-0.60677631 -0.0241231  -1.13722474  0.93522738]
[ 1.83197695 -0.3241351  -0.99206983 -0.91207116]
[-0.44940744  1.3913415   1.94936865 -0.6936886 ]
[ 1.6354405   0.52590127  0.8621478   1.31280849]
[-0.4302382  -0.8270334   1.11044095  1.31199207]
[ 1.79134388 -0.41695274  0.28996724 -0.30371929]
[-0.54818806  1.39107201 -0.8426849  -0.87372776]
[ 1.46387731  2.14942765 -2.2197725  -1.07312622]
[-0.58308546  1.26526471  1.01148798 -0.52179736]
[-0.56072838  0.85696465 -1.18483084  0.11636133]
[-0.56864928 -1.73530312  1.50116355 -2.43745117]
[-0.46132908  0.77177953  1.37714916  0.60465591]
[-0.54761655 -1.62728941  1.27455012 -1.08956576]
[-0.6355264  -1.31516944 -0.45513977 -0.4238625 ]
[ 1.34931278  1.7419999   2.37281262 -0.04450497]
[-0.58330983  0.85672659  0.69119988  0.31253469]
[ 1.8520717   0.62155654 -1.19182648  0.71088153]
[ 1.67091255 -0.5869762   1.05185377 -0.3129588 ]
[ 1.83267202 -0.07664598 -0.3312747   0.31952245]
[-0.53514564 -1.7789386   2.33012383 -3.90167784]
[-0.57961439 -1.09200754  0.40759408  0.72748303]
[-0.60198548  2.07105286  1.0930463  -3.06261884]
[-0.32872334 -1.60676058  2.06791716 -0.75657759]
[ 0.5942634  -0.65278589  2.38848397  1.42379771]
[-0.60997754  1.694894    0.27330575 -1.72182931]
[ 1.829886   -0.19478481 -0.23301443  0.07099873]
[-0.62715169 -0.10414481 -0.40773743  1.14015748]
[ 1.82905708 -0.45175731 -0.02892465 -0.7968378 ]
[-0.30434536  0.27806445  1.61127125  1.36236988]
[-0.38093202 -0.61261931 -2.38074354  0.11295377]
[-0.61555022  1.30542375 -0.01812869 -0.69089915]
[ 1.7189684  -0.31757906  0.62568143  0.34124676]
[-0.62258558 -1.57761656  0.59603905 -1.15094286]
[-0.60851875 -0.6488217   0.01271898  1.16408957]
[ 1.7338841  -0.42252743 -1.57625008 -1.80543025]
[-0.61849382  0.66146783 -0.55197164  0.45662046]
[-0.63968389 -1.48739555 -0.14165963 -1.17042308]
[ 1.84119578  0.22811218 -0.54653569  0.69536557]
[-0.58973212  1.122809   -0.69171114 -0.32090666]
[ 1.49601276 -0.2391218   1.33435692  1.03555797]
[-0.48872553  1.2305442  -1.40821002 -0.52834279]
[ 1.75627737  1.43721781  0.60712589  0.63131114]
[  1.67154033e+00   1.28620777e-03  -2.30714150e+00  -3.87494471e-01]
[-0.61403744  1.71125673  0.98171438 -1.79039462]
[-0.60484    -1.04437382 -1.09524897  0.0800103 ]
[ 1.81068798 -0.63178493 -0.29572316 -3.28459705]
[-0.37090357  1.63803506 -1.61926725 -1.34654411]
[-0.55820968 -1.42248668 -0.93990065 -1.82944975]
[ 1.74809561  0.78653252  0.37775135  1.15392867]
[-0.63058117 -1.41222439  0.20381322 -0.40231962]
[-0.56263794 -1.1695589  -1.31086742 -0.52383326]
[ 1.84196943  1.56038184 -0.62974466  0.3231039 ]
[-0.5567617  -1.29066047  0.71292473  0.32933834]
[-0.6148797  -0.67645937 -1.09574162  0.75307961]
[-0.61168998  1.3119593   0.63604803 -0.67474016]
[ 1.82527555  0.30301445 -1.53974124  0.35318129]
[ 1.84641667 -0.16208954 -0.83234418 -0.19423586]
[-0.54941046  1.65215266 -0.55745815 -1.52976329]
[ 1.83560809 -0.53885102 -0.05477309 -1.41092684]
[ 1.64986913 -0.03269268  0.80378789  1.01779712]
[-0.62078852  0.69762223 -0.01653416  0.47511682]
[-0.51695046 -0.22647764  0.70510083  1.45791472]
[-0.599162    1.50562553  1.03100499 -1.16261252]
[-0.6352073  -1.20716335 -0.19194331  0.15784411]
[-0.53487531 -1.50039034  1.09808509 -0.34959898]
[-0.43909458  1.68915081  2.29176155 -1.57145448]
[-0.5586264   0.60499112  0.73093629  0.74800783]
[-0.17939891 -1.43309162  2.16119041  0.09374648]
[ 0.7714138  -1.12478394  2.6522224   0.09322338]
[-0.53306044 -0.73280789  0.62327697  1.30267581]
[-0.15010668 -0.96044011  1.85513423  1.24657232]
[-0.54551603 -0.12396943 -1.7168198   0.78627515]
[-0.53049119  1.1543182   1.3280589  -0.20385873]
[-0.61208831  1.05231032  0.4175409  -0.10405969]
[-0.57461721  0.50662408 -1.27220806  0.54950456]
[-0.40218159  0.97711735 -2.00000644 -0.09298489]
[-0.60624898  0.10127986  0.07230151  1.15850264]
[ 1.82386757 -0.5027084  -0.78328584 -1.93023739]
[-0.56727945  1.62093626  1.49109284 -1.47077566]
[ 1.77710371 -0.19599449 -1.67865539 -0.73225385]
[-0.63272878 -0.76347025 -0.46140595  0.89805161]
[-0.62378047  0.2064819  -0.69240377  0.91565916]
[-0.63318169 -1.63591255  0.50572542 -2.02226114]
[ 1.82825978  0.8253792  -0.25429799  0.95434624]
[ 1.21251447  0.27076608  1.88565613  1.51049965]
[ 1.7756362  -0.17001016  0.23688003  0.44045382]
[-0.35975292  1.04602349  1.95008249  0.20142096]

Populations

0.18577007415
0.205343761873
0.389057665943
0.219828498034

State labels

0
1
2
3
