Cluster centers 

[-1.02193334 -0.66188875  1.12067313 -0.26038088]
[ 1.10073272 -0.35842263 -0.62443067 -0.7578458 ]
[-0.93953407  1.14039772 -0.17384726  0.80024133]
[ 0.92200142  0.43405303  0.71476485  1.45546721]
[-0.99288695 -1.48530301 -1.20514364  0.07099343]
[-1.04528061  1.93679916 -0.92862862 -0.53659577]
[ 1.05991237  0.15922513  0.80015839 -1.28788946]
[-1.0172411   1.32746899  0.31656954 -1.05243303]
[ 1.10981282  0.08405154  0.77119277  0.13459261]
[ 1.08157226  2.54098701 -0.51106639 -0.64724335]
[-0.76106111 -0.78531655  0.86108427  1.26798141]
[-0.94961012  0.7279145   0.40839327  0.65586003]
[-1.03292957  0.80640841  0.64091803 -0.26138102]
[ 0.95921123 -0.6776585  -0.57090381  1.04649407]
[ 0.94540154 -0.30075693 -2.06209224 -1.95215916]
[-0.90362568 -1.54391109 -3.08267869  0.61154461]
[-0.44691682 -1.27079522  0.01396573  1.89703152]
[-1.02174537 -1.2994374  -0.1109419  -0.24340252]
[ 0.67756114  1.51977997 -0.48462008  2.19340472]
[ 0.75486644 -0.77400362 -0.19943422  1.72424556]
[-0.85417852  2.52480553 -3.24141273  1.45763306]
[-1.04059449  1.65488138 -0.357631   -0.67253773]
[ 1.08198985  1.04373129  0.72731757  0.62820203]
[ 1.03189947 -0.25370962 -0.50910961 -1.51078743]
[ 1.09044997 -0.4657177  -2.27835129 -0.71172292]
[-1.03289905  0.57529289  1.03589936 -0.78242506]
[ 0.8602849   2.68496456 -0.38363128 -1.89659405]
[ 1.1095914  -0.19429481  0.16414902 -0.65205906]
[-0.96631411 -0.52172896  1.10898564  0.35275305]
[-1.00968373 -0.97822936  0.39732389 -1.5323131 ]
[ 0.20837489 -0.98466436  0.08320777  2.35154641]
[-1.04106699  2.54717569 -2.65578086  0.15043457]
[ 0.97720184  1.66817614 -0.17135102  1.36199444]
[-1.03318738 -1.39176622 -0.79261255 -0.38311683]
[ 0.9674543  -0.26834408 -0.94720092 -1.89109388]
[-0.97134732  2.13796139 -0.80570849 -1.42455178]
[ 1.11743876  0.68302897  1.10112779 -0.52619797]
[-0.94217866  0.04098823  0.99553087  0.60785783]
[ 1.10071089 -0.44867884 -1.35489372 -0.66700847]
[ 1.09008632 -0.33972622  0.08611495  0.23609705]
[-0.87138542 -1.58958631 -2.34003026  0.77339312]
[-0.98523247  1.4644073  -0.59098901  0.54682907]
[ 0.41849652 -1.16162    -1.00786716  2.05207942]
[ 1.09715819 -0.45190112 -0.44636512  0.03267095]
[ 0.6511841   0.8137822   0.32537703  2.18146962]
[-0.92130411  1.54622446 -0.89348764  0.96847233]
[-1.04058676  1.26339007  0.10794159 -0.37312141]
[ 1.02287402  0.25852191  0.8252775   0.98025134]
[ 1.02457573  1.48607853  0.16114019  1.10745859]
[ 1.06058979 -0.12383865  0.59153974  0.63401434]
[-1.04305912 -1.40007663 -3.48932859 -0.27798722]
[-0.93232896 -1.41028865 -0.34426349  0.45869791]
[ 1.10412909  1.63702455  0.28328765  0.40161147]
[ 0.98255324 -0.25906608 -3.51114838 -1.5921766 ]
[-1.03056721 -0.18021869  1.29965261 -0.45643127]
[-1.04409967 -1.43176312 -2.07194115 -0.46497602]
[ 1.08306329 -0.22236652 -0.10327524 -1.07545144]
[-0.87263642 -1.21900583  0.35387071  0.77946163]
[ 0.87223073 -0.30726684  0.51876124  1.50101469]
[-0.84497351 -1.54737405 -1.15339893  0.85504171]
[-1.03532615  0.53790343  0.94255876 -0.38947847]
[-0.83419828  0.03027338  0.85172293  1.14324557]
[-1.03932784 -1.01345307  0.62258179 -0.71945387]
[ 1.11031008  1.27559556  0.85707098 -0.34640727]
[-1.04447576  2.06283918 -1.43907106 -0.05446042]
[ 1.06703425  2.12531985  0.18346462 -0.88454338]
[ 1.11670603  0.0796034   0.73940346 -0.51632626]
[-1.01960383  1.06178793  0.19671613  0.09291176]
[ 1.08822403  0.43630984  0.90458142  0.51554835]
[ 0.92367157  0.65082597  1.09245974 -1.94854084]
[-0.49802972 -0.31122051  0.81265361  1.98717784]
[ 1.11900546  0.52953872  0.99703812  0.01829707]
[ 1.03139442 -0.33534984 -1.34105481 -1.48706373]
[-0.9892765   0.69206853  1.12118496 -1.38897833]
[ 0.9338797   2.52061652 -1.71528461  1.60284692]
[ 0.9989132  -0.37711832  0.27754774  0.96536357]
[-0.96799792 -0.59761567  1.10577707 -1.71433985]
[ 1.04045796 -0.05363883  0.37365756 -1.45321592]
[ 0.6757627   0.0211294   0.69037416  2.06502821]
[-1.03958935 -1.21141861 -0.3265782  -1.14480592]
[-0.56226828  1.42130982 -0.98413984  2.07452619]
[-0.90787448 -0.7472523   0.94114418  0.69207033]
[-1.00716568  1.90896017 -1.36001002  0.42534568]
[-0.78096986  0.99247644 -0.18471318  1.48417926]
[-0.88337796  2.03542695 -1.96168116  1.21634722]
[-0.61610661 -1.61668389 -2.37338344  1.53301603]
[-1.0227633   0.08333544  1.16012603 -0.15475392]
[-0.51674047  0.44913217  0.35875776  2.01952977]
[-0.17576302 -0.83231382 -0.89269644 -1.52977964]
[ 1.09607983 -0.51542274 -0.98119444 -0.09188234]
[-0.95989185 -1.54567929 -2.02188584  0.32704827]
[-1.03201606 -0.22360647  1.34151348 -0.87030188]
[ 0.52510423 -0.68115744  0.29503822  2.16770855]
[-1.05376909  2.38287154 -1.89725279 -0.46884232]
[-0.99041497 -1.07839917  0.60243772  0.08117443]
[-1.03343143  1.56111095 -0.52207298  0.0056675 ]
[-0.63810433 -1.35786199 -5.38715377  1.50174797]
[-1.00270638  0.29415213  0.96739358  0.15580963]
[ 0.94297011  2.09129909 -0.90315517  1.55534782]
[ 1.11758688 -0.1103462   0.47724179 -0.21764569]

Populations

0.00101095079718
0.279066511924
0.278067073875
0.441855463404

State labels

0
1
2
3
