Cluster centers 

[-0.821141   -1.58437169 -2.80757726  0.88053274]
[ 1.11319819 -0.38809422 -0.67057779 -0.59934164]
[-0.9511009   0.54955231  0.6216567   0.58358108]
[ 0.80502362 -0.29970667  0.56032229  1.69781183]
[-1.02007089 -1.32311509 -0.24954814 -0.28826431]
[-1.03969194  2.03162302 -1.37439759 -0.08005182]
[-1.02591982 -0.10213035  1.36426155 -0.86854054]
[ 0.96053776 -0.51759353  0.05132226  1.12420109]
[ 1.11514011 -0.11565744  0.34420229 -0.72388746]
[ 1.10793633  0.75345845  0.9283337   0.39106571]
[-1.031431    1.44791512  0.00347441 -0.75285619]
[-0.9140809  -0.94280513  0.81922595  0.58747722]
[ 0.37713703 -1.20497286 -1.00980821  2.10774248]
[ 0.54852913  0.74555943  0.2907242   2.37137983]
[ 0.85513399 -0.06315503 -4.5334605  -2.34772766]
[ 0.85120227  3.02645069 -0.93715459 -1.87506692]
[-1.02865584  0.60991422  0.87297799 -0.37103658]
[ 0.95294174 -0.2952425  -1.84520923 -1.96025823]
[-1.01460885  1.31409974 -0.19845829  0.16733753]
[-0.49631201  0.05487524  0.61614232  2.02526315]
[-1.03411852 -1.0079044   0.6425236  -0.69793275]
[-0.87008807 -1.55042364 -1.17479096  0.73777612]
[ 0.62405084  0.15191002  0.69750699  2.14729838]
[ 0.49692173 -0.88312013 -0.00465853  2.09403895]
[ 0.91358614  0.2732819   0.94696888 -2.09400604]
[-1.03096666 -0.85309283  0.94865597 -0.56977753]
[ 1.06871129  0.14439141  0.75367183 -1.27243916]
[ 0.48423976  2.39991279 -1.82271458  1.54019984]
[ 1.10219937 -0.11595632  0.55407599  0.26339233]
[-0.92750386 -0.1060831   1.05771345  0.62139283]
[ 1.05093725  0.99437265  0.65954029  0.92792709]
[-0.63463123 -1.38309048 -5.38091889  1.51936542]
[ 1.00457778  1.25723271  1.11702803 -1.4848231 ]
[-0.8730459  -1.20450807  0.40218252  0.7593424 ]
[-1.04885484  2.44242754 -2.15986847 -0.30063904]
[-0.92944796  1.50875235 -0.8164614   0.90634372]
[ 1.01674998 -0.13325447  0.61852706  0.94682806]
[ 0.8281359  -0.82961975 -0.6206325   1.50810885]
[-1.04097606 -1.21839918 -0.16658426 -0.90920036]
[ 1.06611468  1.63560201  0.08656016  0.88889715]
[ 1.07963949 -0.36130768  0.11584343  0.43594479]
[-0.82274483 -0.0526975   0.90329389  1.15524772]
[ 1.11693811 -0.29777432  0.0602999  -0.10891295]
[-0.71209861 -0.74270572  0.86692093  1.38454226]
[-1.01423781 -0.34228138  1.25116776 -0.20177524]
[ 1.04396727 -0.10364385  0.17853998 -1.47371916]
[-1.03301728  0.98889957  0.49210579 -0.43279408]
[ 1.10482081 -0.45187953 -1.35817234 -0.65917539]
[ 0.75676784  1.64571276 -0.56524041  2.03083623]
[-1.03804194 -1.40949353 -3.49118515 -0.2701934 ]
[ 1.09944773 -0.48006065 -0.52798825  0.10291854]
[-0.98592922 -1.14268887  0.472546    0.06925226]
[-0.95517376  2.46276993 -2.85753381  0.87666776]
[ 1.12607475  0.0077315   0.68090196 -0.17089078]
[-1.02103143 -1.44904919 -1.32642698 -0.28526366]
[-0.95555072  2.01227745 -1.7433321   0.77241881]
[ 1.12593906  0.10010552  0.77183677 -0.38355774]
[-0.97203529  1.21582499  0.63156744 -1.44399808]
[-0.95300482  1.1935832  -0.22447951  0.70107103]
[-1.02928936 -0.7666939   1.0110257  -0.77094007]
[-1.01810229 -1.14652043 -0.37158628 -1.50198781]
[-0.92637506  1.82779349 -0.0975789  -1.68901076]
[-1.00185817  0.95191213  0.29231792  0.2184262 ]
[ 1.01865214  0.40798886  0.84714296  1.03805872]
[ 1.05757484 -0.38057759 -2.4732338  -1.23102517]
[-1.00960082  0.24905054  1.04940073 -0.03416248]
[-1.02173289 -1.4620657  -2.32815632 -0.29057304]
[-1.04026076  1.6887634  -0.59942771 -0.31766117]
[ 1.09618209 -0.22283685 -0.0966021  -1.0034383 ]
[ 1.05692635  2.26747916 -0.02841901 -0.91447255]
[-1.01721528  1.65941075 -0.20061291 -1.0077625 ]
[ 0.96542043 -0.26597975 -0.98780514 -1.90297184]
[-0.92016626 -1.40137593 -0.28015155  0.48780444]
[ 0.99370208  1.58917265 -0.05737599  1.32126393]
[-1.04281306 -1.31299524 -0.58730761 -0.74903849]
[-0.57946429 -1.33210773 -0.05836736  1.60152961]
[-0.94632029 -0.54232826  1.11667983 -1.84346852]
[ 1.01400662 -0.68701156 -0.94615982  0.74015939]
[ 1.07673085 -0.31007984 -0.69301644 -1.18489729]
[-0.63390478 -1.60913207 -1.7127502   1.46922993]
[-1.01601312  1.67292208 -0.82484997  0.2230825 ]
[-1.00607592 -1.42382698 -0.75007599 -0.11067146]
[ 1.12210622  1.30044732  0.71644228  0.05237647]
[-1.02311186  2.07174544 -1.00588583 -0.87972011]
[ 1.10955589  0.22572222  0.88689623  0.25482918]
[ 1.12546308  0.64520046  1.07790721 -0.4191015 ]
[-0.95189394 -1.54581617 -1.68283025  0.3351113 ]
[-0.64012031  1.30986968 -0.77344304  1.88546495]
[ 1.12387007 -0.12577091  0.44269118 -0.23235976]
[-1.00843573  0.41918676  1.24007586 -1.10318893]
[ 0.28985855 -0.65759666  0.46174992  2.26335548]
[-0.93961586 -0.46136765  1.11579346  0.49791261]
[-1.03387885  1.23300708  0.11948192 -0.30241091]
[-0.85605954  0.81725368  0.15094215  1.1303839 ]
[ 0.85907958  0.66883908  0.6093981   1.70784671]
[-1.02465131 -1.16299234  0.31742034 -0.40405322]
[ 1.11928294 -0.30552519 -0.1234338  -0.41390946]
[-1.01682068  0.94956307  0.76706    -1.02382089]
[-1.0065047  -0.96555901  0.43440666 -1.48895041]
[-0.99946021 -0.77731287  1.02244357 -0.0496301 ]

Populations

0.000997764734299
0.249540669182
0.309547462856
0.439914103228

State labels

0
1
2
3
