Cluster centers 

[-0.72387721  1.30374519 -0.14708097 -0.58885672]
[-0.73682172 -1.08099443 -0.72013408  0.36312984]
[ 1.57827962  0.4712736   0.14647011  0.89759137]
[ 1.5495113  -0.45912775  0.0444445  -0.35746557]
[-0.33285155 -0.59668664  1.93236408  0.77891356]
[-0.71809581  0.09866573  0.06140233  1.2132294 ]
[-0.73662903 -1.73403221 -0.51068274 -2.24090525]
[-0.7254113   1.68566891 -0.25111153 -1.8522286 ]
[ 0.04559296  1.3320628   2.59266182 -1.68058381]
[-0.45625743 -1.54037767  1.24349802 -0.89879565]
[ 1.47238295 -0.25402079  0.76751903  0.23609178]
[ 1.48384832 -0.61427762 -2.13096863 -1.69623066]
[-0.69538652  1.31539497 -0.91876706 -0.14372398]
[ 1.39276183  0.88966905  1.35305961  0.51933075]
[-0.68298127 -1.24245622  0.34387742  0.08202189]
[-0.60289259 -0.10564363  1.09598823  1.03602801]
[ 1.52821376  1.8566749   0.68934146 -0.6950763 ]
[ 1.54557973  0.02069701 -1.45609801  0.51976319]
[-0.5556282   0.89560874  1.33694863 -0.26099695]
[-0.71147411  0.97670158 -0.62500142  0.4544814 ]
[-0.70737686 -0.54390676 -1.03191761  1.22420871]
[-0.73042723 -1.2620342  -0.24512737 -0.02078463]
[ 1.11481991 -0.24718105  1.98642495  0.41727604]
[-0.55075003  1.60173708  1.26130207 -2.49199227]
[-0.59488721  1.52770059 -1.65993018 -0.2012571 ]
[-0.43926822  1.03039228  1.75711376 -0.72260547]
[ 1.58494172  0.02050343 -0.20541065  0.55308419]
[-0.67762085  1.78859224  0.48568206 -2.91926101]
[ 1.45488048 -0.80224101 -2.47620116 -3.55473274]
[-0.54555316  0.08891329 -1.95862186  1.6105378 ]
[ 1.57821407 -0.63677547 -0.96461901 -1.37408889]
[-0.69092341  0.62162662  0.5027826   0.56812351]
[-0.70942445  1.43209411 -0.73968836 -0.58773102]
[-0.72599796 -0.52371878 -0.11659444  1.18686021]
[ 1.54851325 -0.69991867 -0.15911432 -1.23454801]
[ 1.56017075 -0.34465146 -1.39013354 -0.34751469]
[ 1.2552926  -0.53224784  1.54392399 -0.054676  ]
[-0.36928938 -1.21131162  1.68118755  0.01376543]
[ 1.37786504  0.31290025  1.35666549  0.69562328]
[-0.54494289 -1.96114599  0.54589877 -4.17222649]
[-0.74312242 -1.50328721 -0.64978798 -0.998706  ]
[-0.63509341 -0.99528487  0.75492269  0.57103084]
[-0.48617636  0.35641074  1.60984505  0.54201465]
[ 1.27365281  2.02366309  1.73595041 -2.13639172]
[-0.68495633 -0.39692029  0.50056556  1.14426439]
[-0.7067952  -1.2549654  -1.41023895 -0.34884424]
[-0.68461625  1.33454026  0.52510021 -1.0723505 ]
[-0.72899004 -0.9686946  -0.16983853  0.65126126]
[ 1.50971732  1.44546292  0.87211579  0.03615135]
[-0.6459918   0.82404059 -1.32070308  1.03105686]
[-0.55985929  1.31669098  1.28794287 -1.40557006]
[ 1.58733474 -0.16791808 -0.87350405  0.17689267]
[ 1.33325602 -0.89197731  1.00210306 -1.22675589]
[ 1.34197362  2.57468469 -2.32202828 -1.13886383]
[-0.60098898 -1.31698839  0.84537764 -0.11947298]
[-0.723023    2.04566463 -0.73175204 -3.29541431]
[-0.69195731  0.10572851 -1.01505639  1.4624521 ]
[-0.67145007 -1.49876557  0.34455674 -0.71746071]
[-0.72337651  0.66770682 -0.13466288  0.74748958]
[-0.19364941  0.17502786  2.29787014  0.53852244]
[-0.65749348  0.864004    0.78726171  0.02360087]
[-0.68209515 -1.68208635  0.18015456 -1.58864676]
[ 0.6835851  -0.91366809  2.32468021 -0.31512567]
[-0.72497201 -0.09523093 -0.49028215  1.37428497]
[ 1.51955442  0.20846155  0.63465275  0.71126229]
[-0.72001612  1.04451831  0.01163956 -0.010142  ]
[-0.49743487  1.27939998 -2.06457661  0.65574046]
[ 1.58322138 -0.44393413 -0.59649817 -0.49261822]
[ 0.76176501  0.20672772  2.5987128   0.46586402]
[ 1.47059218  2.25125742 -1.75551467 -0.42026595]
[ 1.56142539  0.78807608 -1.18489066  1.08975088]
[-0.71224287  0.51564347 -0.63909214  1.12508387]
[-0.72305328  1.18995761 -0.35775439 -0.15749277]
[-0.70498942 -0.86425879  0.21587495  0.80474643]
[-0.57224537 -1.74960275  0.76000576 -1.87766459]
[-0.63423482  1.2387254   0.92592524 -0.98365095]
[-0.74251541 -1.37396811 -0.63936776 -0.47231752]
[ 1.28133584  0.72114903 -2.46510791  1.23425663]
[-0.69136674  1.1414171   0.45955862 -0.47416814]
[ 1.435119   -0.5574733   0.80576716 -0.35327278]
[-0.56437499 -0.6078745   1.20579452  0.90909127]
[-0.62813486  0.51013288  0.99499933  0.54358587]
[-0.71844599  1.58323703 -0.61069323 -1.17761268]
[-0.68620882  1.54991713  0.46145523 -1.80369524]
[ 1.58615797 -0.19263378 -0.38957553  0.18460189]
[-0.72426034  1.49932719 -0.10253681 -1.24651952]
[ 1.59814116  0.63131906 -0.42903567  0.95638056]
[-0.70150292  0.32638364  0.3548844   0.97750654]
[ 1.5637385  -0.50044268 -1.36319483 -0.90260961]
[-0.73152317 -0.75623553 -0.6364696   0.97273889]
[ 1.58018901  1.04050169  0.23108007  0.7754295 ]
[-0.70861509  1.8903368  -0.9469835  -2.15738042]
[ 1.42495663 -0.31967242 -2.33394964 -0.35099027]
[ 1.19907642  1.26546518  2.00775213 -0.31062941]
[-0.71893922 -1.40168179 -0.0610547  -0.4264881 ]
[-0.62263868  1.19809886 -1.47657666  0.47619049]
[-0.64646357  1.76566062 -1.38951426 -1.19881305]
[-0.71093653  0.84030911  0.22942049  0.31196845]
[-0.68561106 -0.87314452 -1.36645391  0.70309683]
[ 1.54726047 -0.24035637  0.21739631  0.1728397 ]

Populations

0.301785291532
0.0780471277033
0.278644318865
0.341523261899

State labels

0
1
2
3
