Cluster centers 

[-0.89744646  0.58542738  0.78013142  0.48059247]
[ 1.14552617 -0.12343384 -0.75232107  0.32997438]
[-0.96948952 -1.46131867 -0.10004468 -0.4248747 ]
[-0.98969176  1.84683862 -0.00571836 -1.97684804]
[ 1.02808796  0.01152206  1.15117699  0.59674802]
[-0.99201139  0.21549452 -0.75340399  1.48164781]
[ 0.55696295  1.47077444  2.30276721 -1.31704936]
[ 0.9972783  -0.55030293 -2.1322734  -1.9438887 ]
[ 0.39138254 -0.85847471  2.28447887 -0.00449612]
[-0.9979703   1.44956482 -0.16476081 -0.63406347]
[ 1.14394473 -0.53088153 -0.20005363 -0.59887448]
[ 1.12356143  1.65382722  0.64835658 -0.15345049]
[-0.99853205  1.10411958 -0.60769351  0.43348163]
[-0.88927713 -0.87494633  0.64026249  0.85763899]
[ 1.14118476  1.53495825 -0.57875943  0.70505355]
[-0.9854193  -1.75048931 -0.45097067 -2.3336907 ]
[-0.63651608 -1.3445807   1.43535188 -0.04019443]
[ 0.89799973 -0.89436031  1.32907715 -0.78147079]
[-0.93570443 -1.67037614  0.09676686 -1.28748815]
[ 0.94516174 -0.32669711 -2.23014043 -0.58356707]
[-0.87703285  1.3512555   0.89740801 -1.13703636]
[-0.98008921 -0.94023738 -0.09565454  0.84317367]
[ 1.15998395  0.35222884 -0.06036426  0.908104  ]
[ 1.08040534  0.35678033 -1.33961326  1.05136286]
[-0.29845943 -0.71659     2.17963378  0.48506715]
[ 1.11690274 -0.6041503  -1.25853053 -1.61050433]
[-0.82651309  1.76191208  1.04291532 -2.54287087]
[-0.98671884  0.78997417 -0.00612806  0.5951034 ]
[-0.99067408 -1.18329008 -1.45658371 -0.07564993]
[-0.46051907  0.61143189  2.1223088  -0.1517624 ]
[ 1.0739698  -0.77054898  0.50439901 -1.01170226]
[ 0.96800148 -0.65198314 -2.4250491  -3.91393436]
[ 0.95670116  1.53568366  1.56279768 -0.62041462]
[-0.95291458 -0.29722853  0.29955051  1.24357057]
[-1.00255732  1.78219083 -0.69807923 -1.11915354]
[ 1.14892848 -0.43472092 -0.64488004 -0.4764714 ]
[ 1.11372122 -0.15571179  0.52304436  0.42117522]
[ 1.12456831  1.0101091   0.68053365  0.61606392]
[-0.99827809 -1.21401213 -0.46999059  0.25036969]
[ 1.00685783 -0.37007543  1.13357479  0.21749566]
[-0.94738441  1.18802641  0.45202628 -0.43410042]
[-0.96248096 -0.31884018 -1.28096861  1.53767071]
[ 1.12926482 -0.39166616  0.22663534 -0.05359224]
[-1.00892901 -1.5553069  -0.69599075 -1.17821371]
[ 1.0754995  -0.45968156 -1.61356224 -1.02702569]
[ 0.9038909   0.50307476  1.72031293  0.49010762]
[-0.89636079 -1.29245363  0.48987008  0.17458328]
[ 1.13315731 -0.31577726 -0.98912876 -0.21279726]
[-0.77545013  0.89349421  1.33596569 -0.31796462]
[ 0.70395614  1.09891858  2.1821234  -0.38266908]
[ 1.15620555 -0.03828313 -0.15545682  0.53596243]
[-0.72657651 -0.55037014  1.38958163  0.87017255]
[-0.75881844 -1.82500992  0.79751809 -1.99507157]
[ 1.09684403 -0.0844981  -1.31671168  0.35303779]
[ 1.09421496 -0.7211811  -1.47374312 -2.82175404]
[-0.97628624  0.35537234  0.10565917  1.05243389]
[ 0.74931338 -0.20186948  1.96890396  0.44367747]
[ 0.95499805  2.98093587 -1.76897653 -1.74820384]
[-1.00442098 -0.89488039 -0.7640237   0.87946006]
[-0.99544308 -0.36674274 -0.32860662  1.3679437 ]
[ 0.89427984  0.68699012 -2.06165323  1.44807672]
[-0.60610077  1.26978774  1.79215984 -1.41180865]
[ 0.19388702 -1.3290751   2.05248561 -0.84794774]
[ 1.14343608  2.32649352  0.08247176 -1.19667899]
[-0.8627981  -1.92260706  0.21316066 -3.57775631]
[-0.90707168  1.96785607 -1.6438507  -0.7404893 ]
[ 1.15088288  0.71788703 -0.55782416  1.11924442]
[ 0.62101009  2.2338294  -2.33673564  0.40102513]
[-0.99458279  2.20329682 -0.18086386 -3.27169234]
[-0.99166003  1.50870624 -0.86140447 -0.23125034]
[-0.99790109  2.10571186 -0.89316505 -2.02634581]
[ 1.13924959  0.19281187 -0.81121209  0.84224771]
[-1.01263468 -1.34707223 -0.86322506 -0.32138533]
[ 1.15348695 -0.30553773 -0.33146378 -0.00233663]
[ 1.03271614  1.28357164 -1.4438715   1.25938589]
[ 1.13550997 -0.74971645 -0.67614352 -1.9811007 ]
[-0.81151557 -1.58576414  0.77929235 -0.70322888]
[-0.93520896  0.76172829 -1.36804276  1.3358981 ]
[-0.92761829  1.35459586 -1.43318673  0.54384582]
[-0.97391767  1.57776949  0.20154478 -1.27505919]
[-0.99398528  1.16979953 -0.10498199 -0.02665988]
[ 1.05666385 -0.56342821  0.77193616 -0.25111971]
[-0.94132454  0.89873026  0.49745143  0.13156778]
[ 1.13068094  0.32640132  0.50804262  0.81370169]
[ 1.13523734 -0.5101745  -0.9593941  -0.91607236]
[ 0.38699184  0.33948919  2.48371392  0.23159305]
[ 1.07947266 -0.29899211 -1.51638168 -0.30179232]
[ 0.68577857 -1.28138697  1.56485922 -1.8036556 ]
[ 1.05723264  0.51710223  1.1086874   0.69737667]
[ 1.15940907  0.97359229  0.1415902   0.84875949]
[ 0.97085015  2.04954694  1.41792926 -1.72464878]
[ 0.82463343 -0.69604316  1.65918663 -0.13398179]
[ 1.13954772 -0.67389244 -0.31965714 -1.2299267 ]
[-0.89087543  0.08059465  0.78223473  0.98062993]
[-0.67665964  0.23268016  1.62909132  0.52492226]
[-0.94344442 -0.75156113 -1.64693454  0.97204394]
[-0.99772005  0.68104673 -0.50325259  1.00537622]
[ 1.10664397  2.16787211 -0.88395298 -0.1221513 ]
[ 1.02569941  1.10713207  1.30592535  0.21963871]
[ 0.95993174 -0.05771126 -2.07493798  0.38201248]

Populations

0.00112689576976
0.444476813812
0.276153756614
0.278242533804

State labels

0
1
2
3
