Cluster centers 

[ 1.27661522 -0.32619107  0.30148283  0.08115531]
[-0.85520105  0.99841116 -0.84604701  0.67918473]
[-0.82438361 -1.61577277  0.12693312 -1.28292597]
[-0.77887207  0.69837147  0.84598328  0.29660247]
[-0.84711048  1.36436153  0.2975351  -0.79679862]
[ 1.3062824  -0.52964478 -0.54493457 -0.8397849 ]
[-0.86638872 -0.53804191 -0.1268191   1.22073853]
[ 1.28573614  1.77765072 -0.86473325  0.42525343]
[ 1.0033526   0.39008098  1.85132591  0.5518551 ]
[ 1.06098189  1.62591566 -2.04327188  0.96222817]
[-0.88749494 -1.30562089 -1.09012424 -0.45816558]
[ 1.01336616 -0.46524924  1.60767109  0.17188262]
[ 1.16557311 -0.53054212 -2.15729344 -1.80534515]
[-0.87696517  1.83939784 -0.44366053 -1.67320103]
[ 0.06820104 -0.00372483  2.56711856  0.45922132]
[-0.84892368  0.3478492   0.21025561  1.00156874]
[-0.86593364  1.47360705 -0.70256635 -0.38166977]
[ 1.29557954  0.16402702 -1.00915082  0.80774101]
[ 1.26076349  1.58765168  0.81275375 -0.13720735]
[-0.80898742 -0.63883913 -1.60586904  1.09919842]
[-0.86471954 -1.17168885 -0.14668619  0.29356307]
[ 1.29049065 -0.71629572 -0.72394324 -1.9447553 ]
[ 0.44112268 -1.02309609  2.29029399 -0.27912389]
[ 1.1209161  -0.60489793 -2.5532148  -3.25487025]
[ 1.07042839  1.16899862  1.71381554 -0.04461228]
[-0.87449058 -1.70845511 -0.4069047  -2.403845  ]
[ 1.31427915 -0.00904895 -0.11604001  0.57296332]
[ 1.26612481  0.00197379  0.57245397  0.60810766]
[ 1.28959286  0.99785409  0.5652119   0.69558997]
[ -7.90921632e-01  -1.31048013e+00   4.75033146e-01  -3.11871084e-04]
[-0.70978602 -0.51432793  1.08642549  0.97689183]
[-0.88041517 -0.92186979 -0.62122909  0.77123691]
[-0.86357331  1.18576416  0.02097169 -0.18885273]
[-0.78865644  2.02228681  0.67023514 -3.38156699]
[-0.72003144 -1.85036381  0.48972419 -3.11178237]
[-0.8731875  -0.54766136 -0.75291644  1.27337352]
[ 1.20739627 -0.40647238 -1.90979804 -0.9181839 ]
[-0.8474948   0.81518565  0.26662066  0.38442364]
[-0.74863172 -1.75712606  0.49283239 -2.03824619]
[ 1.17275707 -0.07750604 -1.97901979  0.30148389]
[ 1.18408961 -0.60171267  0.82913071 -0.37333198]
[ 1.28127345  2.12268047  0.52915101 -1.10152329]
[-0.77162665  1.31232569  0.89404826 -1.03097221]
[-0.8708819   0.01394948 -0.40285727  1.38988281]
[-0.86266658  2.12696007 -0.86663555 -2.33996045]
[ 1.11446744  2.80528145 -1.91082745 -1.36772595]
[-0.84152845  1.41186939 -1.03942998  0.01018574]
[ 1.2586937  -0.31143031 -1.50614412 -0.37079689]
[-0.61053185  0.82030137  1.57765386 -0.23479615]
[-0.8853834  -1.14999012 -0.89825139  0.17832362]
[-0.74740256  0.23266574  0.98730397  0.80998673]
[ 0.96290767  1.81835505  1.90287547 -1.57942641]
[-0.45147122 -0.60494331  1.85753812  0.68970073]
[-0.89299196 -1.57064298 -0.75977937 -1.63727032]
[ 1.3245607   0.60388354 -0.35316609  1.01581073]
[ 0.22131169 -1.37798277  2.08328627 -1.0878714 ]
[ 1.29814092 -0.43858653 -0.11542709 -0.3249143 ]
[ 0.91543939 -0.82279459  1.71169423 -0.42176489]
[-0.72375143  1.55186506 -1.78589118  0.25433694]
[-0.80257534 -1.49315711  0.33061333 -0.63299906]
[-0.6873461   1.63085349  1.20118597 -2.17552062]
[-0.82731174 -0.21644624  0.40773246  1.19529439]
[ 1.28721183 -0.12513835 -1.17542095  0.25568437]
[-0.87389766  1.49662106 -0.2586223  -0.76915546]
[ 1.30647624 -0.32846646 -0.85796265 -0.24331384]
[-0.89025014 -1.47978808 -0.69156419 -1.02199619]
[-0.82915578 -1.08010841 -1.73125014 -0.01154026]
[ 1.19033375  0.20171991  1.11813152  0.70674828]
[-0.80160754  1.03694318  0.70040396 -0.25908605]
[-0.8136406   0.01167528 -1.33663657  1.5936871 ]
[ 1.29283799 -0.45593888 -1.1386904  -0.82491375]
[ 0.87493938 -0.09590364  2.05511377  0.52290939]
[ 1.25341563 -0.6758222  -1.64504208 -2.79792987]
[ 1.19110962  0.84103925  1.23342578  0.55063441]
[-0.58040764 -1.67548532  1.16901879 -1.38521443]
[-0.56591426  1.17568424  1.68526962 -1.06578244]
[ 1.24224062 -0.7349811   0.30082264 -1.14066439]
[-0.8248807   1.88717503 -1.23904428 -1.10499501]
[-0.76176981 -1.03469921  0.72155788  0.58951442]
[-0.78975171  1.11034898 -1.4296032   0.83695665]
[-0.86839388  0.73433553 -0.16902258  0.72814389]
[ 0.56780961 -0.60383811  2.32282919  0.28152611]
[-0.55030412 -1.34060743  1.4088664  -0.1490526 ]
[-0.87103615  1.0999496  -0.44270247  0.26904413]
[-0.87456198 -1.38081986 -0.31607406 -0.39120288]
[ 0.50121548  0.51128654  2.59720682  0.15392964]
[ 1.30179374  0.41676438  0.32609239  0.88521918]
[ 1.00709722 -0.98613444  1.33167859 -1.22210754]
[-0.55443253  0.38719539  1.73514877  0.36952068]
[-0.85457328  1.59256395  0.18542977 -1.3690974 ]
[ 0.84323536  1.31516033  2.16379734 -0.64990355]
[ 1.24269937  0.63246148 -1.36910524  1.21411839]
[-0.86961339  0.52958637 -0.48045875  1.11173016]
[-0.84224675 -0.86669348  0.17084587  0.86778343]
[ 1.29176759 -0.57382065 -1.10674417 -1.39218681]
[ 1.3157944  -0.16666624 -0.5448689   0.25011788]
[-0.84539847  0.56457386 -0.97852509  1.284185  ]
[ 1.1854551  -0.32758641  0.97791496  0.23304975]
[-0.82165449  2.25691287 -0.44912429 -3.32486976]
[-0.84806004  1.80537519  0.27317304 -2.16182239]

Populations

0.0360383161728
0.441423476905
0.197880285176
0.324657921746

State labels

0
1
2
3
