Cluster centers 

[-1.0069166   1.46081423 -0.19681289 -0.60835139]
[ 1.07776346 -0.55472775  0.57051411 -0.3005408 ]
[-0.9849005  -1.39692562 -0.17760562 -0.22256357]
[ 1.01641169 -0.20646138 -1.8354665  -0.08979577]
[-0.90386163  0.98870327  0.80496519 -0.23643853]
[ -9.93747759e-01  -4.05091116e-04  -6.61099032e-02   1.34091683e+00]
[ 1.12574049  0.04300432  0.39296221  0.64393107]
[-1.00686297  1.66401289 -0.17603058 -1.19202142]
[-1.01400289 -1.49772099 -0.63153688 -0.8413492 ]
[-0.98842671  0.68293736 -0.92935747  1.25221126]
[ 1.10903401  0.22169783 -1.04391283  0.887319  ]
[-0.83949654 -1.87404153  0.45550471 -2.45253806]
[ 1.13220685 -0.68472769 -0.59057568 -1.5219037 ]
[ 0.9731247   0.79741586  1.50218305  0.37266355]
[-1.00268644  2.27462576 -0.25929048 -3.46574535]
[-0.85549289 -1.08314617  0.79929605  0.58250146]
[-1.00003316 -0.72152684 -1.08279473  1.11591992]
[ 0.89767261  1.87450686  1.60106053 -1.53870325]
[-0.53705733 -1.41238084  1.62206605 -0.24641424]
[-0.8661167   1.32470329  0.97959297 -1.14348481]
[ 1.14056704  1.5427949   0.36170385  0.20056552]
[ 0.97091165 -0.08530676  1.35524735  0.49804005]
[ 1.14442235 -0.34215888 -0.4093203  -0.12060827]
[-0.96412502  0.72194969  0.38050565  0.48715427]
[ 1.05592137 -0.57801418 -1.72874621 -1.90891283]
[-1.00868477  1.2356131  -0.34210957  0.02943872]
[ 0.97400595  0.82288872 -1.72424779  1.38378245]
[-0.77039347 -1.68391748  0.89520536 -1.06885432]
[-0.99256029  1.16395358 -0.88848755  0.55973337]
[ 0.74284117 -1.13830351  1.54101298 -1.25356929]
[-0.43241608  0.18929089  2.12709518  0.3254407 ]
[ 1.10846967 -0.51307585 -1.25491092 -1.14088367]
[-0.82067096 -0.49614097  1.09519889  0.97755175]
[-0.7903258   1.75110904  1.17818307 -2.63932703]
[ 1.08889552  2.51142113 -0.78111598 -1.02782681]
[-1.01895861 -1.28985725 -0.84022173 -0.12175133]
[ 0.39426088 -1.12860823  2.12552526 -0.5062883 ]
[ 0.91796745  0.03632941 -2.16742924  0.59213172]
[ 1.14669311  0.42990377  0.18146292  0.91261771]
[ 1.10933975 -0.35774161 -1.19563595 -0.44551402]
[-0.9657761  -1.62175187 -0.0890138  -1.11852526]
[-1.00526749  0.58069467 -0.34561534  1.05761776]
[-0.99620078 -0.49965179 -0.16112603  1.30879873]
[-0.98586108  1.93883331  0.13341443 -2.43297045]
[ 1.06428655  1.60688291  1.04816315 -0.3756401 ]
[ 1.12690318 -0.59363202 -0.05543833 -0.72910592]
[ 0.60677139 -0.54600985  2.1388932   0.23743631]
[-1.0008357   1.56305437 -0.85555125 -0.3111949 ]
[-0.98841787 -1.12125655 -1.54702478  0.05327785]
[-0.9143655   0.28473542  0.72287711  0.8464726 ]
[-0.87554057 -1.54131073  0.52778535 -0.54362317]
[-0.97541472  0.38570761  0.23640487  0.97538404]
[-0.97098011 -1.1351471   0.04210186  0.50907749]
[ 1.14736608 -0.10389647 -0.18188181  0.43367275]
[-0.96539905  1.37240184  0.37487353 -0.83126861]
[-1.00184434 -1.72654685 -0.57219098 -2.28053814]
[-0.97733799  1.12490296  0.2567641  -0.16348722]
[ 1.1059619   1.53484097 -0.84410896  0.8275975 ]
[-0.90810991 -0.40688543 -1.82142247  1.43215877]
[-0.90586692  1.1658469  -1.59860378  1.03220688]
[ 1.12920656 -0.36937321  0.12507914 -0.02578994]
[ 1.13935296  0.87947688  0.39670048  0.819025  ]
[ 0.99329322 -0.38884884 -2.01325829 -0.90596451]
[-0.93500344 -0.21155077  0.52702624  1.18430132]
[-0.62160809 -0.77594852  1.66470687  0.68007835]
[-0.99588458  1.92651802 -0.97953253 -1.22101826]
[-0.41025877  1.29922571  2.02876651 -1.57786628]
[-0.90109869 -1.75617304  0.26505992 -1.67138447]
[ 1.1389183  -0.48591293 -0.65933822 -0.67637763]
[-0.90946892  1.88599473 -1.64509453 -0.4014948 ]
[ 1.14162781  0.72947537 -0.52880318  1.1164387 ]
[-1.00117402  0.8926419  -0.13151578  0.52310051]
[-1.01327098 -1.07569053 -0.71420977  0.53121417]
[-1.00510246 -0.83198067 -0.39141285  1.01178619]
[ 1.05680661 -0.81885351  0.51482531 -1.15174338]
[-0.96612738  0.07605193 -1.24938678  1.64912018]
[-0.76926333  0.16728446  1.3724283   0.65774522]
[ 1.03010331 -0.669217   -1.89408349 -3.05895597]
[-0.95091048 -0.73590185  0.31543191  1.05499058]
[-1.02212526 -1.4856851  -1.14930595 -1.23753737]
[-0.88506354 -1.3558984   0.56001055  0.03487864]
[-1.00563261 -0.08707262 -0.64046523  1.49532386]
[ 1.08684339  0.95966079  0.94327786  0.52831265]
[ 0.84361013 -0.68199726  1.59385851 -0.13415464]
[-0.69914012  0.83378162  1.60166976 -0.37685026]
[ 0.07629141 -0.69061001  2.41596898  0.30268046]
[ 1.07975409 -0.05239879 -1.37389721  0.40795028]
[-0.87379516 -1.91940974  0.09128268 -3.74005259]
[-0.51786167 -1.79673324  1.39617661 -1.78051837]
[ 1.08953991 -0.25298182  0.63356733  0.30200435]
[ 1.07172586  0.32912831  0.95046029  0.72600274]
[ 1.14977566  0.16402748 -0.37566179  0.78985642]
[-0.9665041   1.6765472   0.32424382 -1.67459667]
[-1.01505436  2.03845306 -0.60075239 -2.03180379]
[ 0.9970764  -0.56872251  1.06645357 -0.13906827]
[ 1.13091648 -0.16598004 -0.8639639   0.20448457]
[ 0.74574671  0.18761469  2.03758524  0.45037176]
[-0.89708752  0.69903611  0.84252456  0.26711729]
[ 0.69250255  2.29957335 -2.1498862   0.26477982]
[ 0.66832061  1.07756933  2.18405448 -0.44547634]

Populations

0.013736907448
0.00914520517423
0.019034711205
0.00879887029066
0.00955155931462
0.0137599237364
0.016433923319
0.0126941073784
0.0104220672273
0.010130095652
0.0140569494435
0.0051846701107
0.0100104516439
0.0100372774712
0.00308168832485
0.0128737584993
0.0105863746019
0.00618581408675
0.00707622268652
0.00957340914871
0.00618028420822
0.0152413720245
0.0187042608698
0.010026706736
0.00954621395214
0.0134756570636
0.00560811763544
0.00624464517918
0.0112162502589
0.00512374760357
0.00302803614896
0.0126666385497
0.00867131840005
0.00441631806711
0.00223595856086
0.0129464464205
0.00771921342942
0.00477399114166
0.0155393182839
0.0161281298616
0.0118033579613
0.0148045932434
0.0133588055575
0.00566040788527
0.00756919315654
0.0114159417809
0.00750248669018
0.0114608065159
0.00579890024777
0.00904448657567
0.0118508779837
0.0126412546126
0.0172753897081
0.0188499215334
0.0113603730985
0.00578636444253
0.0150827338454
0.00412635024717
0.003646606139
0.00432527681027
0.0168912640307
0.00993262728439
0.00993678400847
0.0118111788983
0.00570005026176
0.00884422617387
0.00261873476863
0.00806308911982
0.0159007057933
0.00412591146144
0.0116862639876
0.0147095016362
0.016441829012
0.0158179678614
0.00678605058862
0.00771312159549
0.00610246332115
0.00399332226591
0.014391367129
0.00457626088303
0.0129233066712
0.0146000746993
0.00878018908382
0.00853130334321
0.00538545872662
0.00427317677807
0.0109938038445
0.00277087614854
0.00396715008055
0.0167764494628
0.0162218470578
0.0163620439171
0.0112177821117
0.00869738491685
0.00993918307741
0.0211991409375
0.00903489206294
0.00807791168743
0.00148816741271
0.00748639870563

State labels

0
1
2
3
4
5
6
7
8
9
10
11
12
13
14
15
16
17
18
19
20
21
22
23
24
25
26
27
28
29
30
31
32
33
34
35
36
37
38
39
40
41
42
43
44
45
46
47
48
49
50
51
52
53
54
55
56
57
58
59
60
61
62
63
64
65
66
67
68
69
70
71
72
73
74
75
76
77
78
79
80
81
82
83
84
85
86
87
88
89
90
91
92
93
94
95
96
97
98
99
