Cluster centers 

[ 1.16670187 -0.45524457  0.76891235  0.09956466]
[-0.88050176 -1.00027268 -0.04199972  0.68512315]
[-0.82089519  0.84151199  0.76322868  0.13678371]
[ 1.25515058 -0.46126978 -0.80541316 -0.81893483]
[-0.87799998  1.73365638  0.5608903  -2.03992651]
[ 1.26572857 -0.01441569 -0.09619679  0.55128101]
[-0.77457482 -1.83814799  0.65823843 -2.0848079 ]
[ 0.9227752   0.71459436  1.96249157  0.47227103]
[-0.90609119  1.55709872 -0.52596849 -0.70017327]
[-0.90355437  0.77025106 -0.30119262  0.70104007]
[ 1.23221641  0.18882416 -1.24019088  0.63273875]
[-0.92111444 -1.5469438  -0.55114836 -1.32774788]
[-0.36902276  0.39597058  2.14730435  0.36940374]
[-0.73648352  0.17158158  1.08374655  0.88836512]
[ 1.25585923  2.22527714  0.22352174 -1.05453418]
[-0.91002085 -0.61822482 -0.59187459  1.11485323]
[-0.63077072 -0.90194618  1.2973412   0.82686067]
[ 1.18861294  0.53002729  0.8819561   0.83607166]
[ 1.20754334 -0.51399689 -1.41725172 -1.57437731]
[-0.88420679  1.49555141  0.39322425 -1.16500484]
[ 0.84421399 -0.93931634  1.77870891 -0.28956903]
[ 1.26393047 -0.41194757 -0.5067817  -0.45578551]
[ 1.10638052  2.2993145  -1.44781008 -0.36255647]
[-0.91243879 -1.16313977 -0.50295816  0.20987166]
[-0.89221297  1.12199169 -0.85761188  0.42322143]
[ 1.13768618 -0.64566655 -1.75636356 -3.1776823 ]
[-0.49435026  1.16181475  2.0589939  -1.09832471]
[ 1.22563658 -0.07840795  0.44775397  0.57358724]
[ 0.68050971 -0.59448068  2.10166359  0.50378501]
[-0.88137827  0.38510573  0.10377743  0.99616882]
[-0.89371347  1.05679892  0.08556603  0.05163793]
[-0.89388669  0.59495823 -0.91975893  1.12803365]
[ 1.11917025 -0.74540192  0.93508995 -0.4969759 ]
[ 1.11262111 -0.39555428 -2.00182332 -1.32853414]
[-0.59795469 -1.7526495   1.28206517 -1.250929  ]
[ -8.97756701e-01  -1.89182302e+00  -6.88164179e-04  -4.72511502e+00]
[-0.74747006  1.93035174  1.35509809 -3.42253877]
[ 0.76578871  1.15874944  2.30521514 -0.34119805]
[-0.86989932  1.60040472 -1.07751737 -0.41511771]
[-0.85555284 -1.37227048  0.19193879 -0.10927022]
[-0.82624009 -1.62437663  0.39457491 -0.98049775]
[-0.78029904 -0.57383978  0.72688398  1.12817963]
[-0.92364144 -1.29180701 -0.89084403 -0.41065479]
[ 1.25755636  1.01580459 -0.83567196  0.98137978]
[ 0.33961168 -1.12295996  2.28672363 -0.00354408]
[ 1.21798311  1.61813326  0.85867039 -0.16684812]
[-0.75166014  1.62434917 -1.79736662  0.04426023]
[ 1.26748743 -0.23781873 -0.44929784  0.04954768]
[-0.73857249  1.58354403  1.41945728 -2.10774877]
[-0.5655727   2.50285075 -0.63625097 -3.54468152]
[-0.9132347  -0.91035175 -0.97974531  0.61631059]
[-0.84823647  0.62986997  0.49689013  0.57898041]
[ 0.87010956  0.03542695  1.93574054  0.76657611]
[ 1.06217231  0.23493772  1.42923032  0.80185162]
[-0.79035553  1.3095813   1.08944731 -1.07130588]
[-0.33013355 -0.78230015  1.98435641  0.79653776]
[-0.88640044 -0.55243184 -1.39571962  1.06204387]
[ 1.24555337 -0.19369701 -1.07581012 -0.08726161]
[ 1.26010911  0.47556989  0.19297194  0.9137679 ]
[-0.91100292  1.72948947 -0.13811491 -1.47672449]
[ 1.26879427  0.0516994  -0.66794474  0.53104509]
[ 1.24845869 -0.64456325 -0.13106483 -1.0494912 ]
[ 1.15961169 -0.08183223  0.91112601  0.65821313]
[-0.85469793  2.0056573  -1.14691554 -1.47217821]
[-0.83605036 -0.01164638  0.46921565  1.16492463]
[-0.80243283 -0.01345199 -1.92399098  1.38186559]
[-0.57550924  0.00738799  1.62308553  0.87561192]
[-0.89937337  1.34705335  0.0894809  -0.57996906]
[-0.89769324 -1.43933844 -0.18856617 -0.51512428]
[ 0.43591089  0.30844654  2.5184908   0.53421006]
[ 1.19904713 -0.30390189 -1.51270041 -0.62986442]
[ 1.07376009  0.9771967  -2.02963551  1.06872143]
[ 1.17355696 -0.84847959  0.5822535  -1.21767296]
[ 1.27657492  0.44593945 -0.40953388  0.93315988]
[ 1.24026952 -0.32981794  0.19671761  0.10572274]
[ 1.13293521 -0.0320108  -1.92266208  0.08146848]
[-0.7621432  -1.37255162  0.73593841  0.03356024]
[ 0.97785344  1.76197276  1.96694493 -1.31337674]
[-0.62533806  0.98213313  1.68322161 -0.52830984]
[-0.64251697  0.70879062  1.56823319  0.06126641]
[ 1.24407421 -0.72882724 -0.66808899 -2.13043124]
[ 1.24460765 -0.48925158  0.05808008 -0.35809634]
[-0.87769331 -0.49897452  0.01822284  1.21064019]
[-0.79309223 -1.05676966  0.60245498  0.67235268]
[-0.47669622 -1.46610563  1.60532086 -0.18113153]
[ 1.25011208 -0.55425475 -0.86324254 -1.28110036]
[-0.8368765   1.12812625  0.73078465 -0.42580871]
[ 1.0210722  -0.49831007  1.40651658  0.3066217 ]
[ 1.11093062  1.11768272  1.41428867  0.27473316]
[-0.89882703 -0.03303197 -0.98143111  1.39886863]
[-0.72885048 -1.97893095  0.84701172 -3.48338526]
[ 1.25197351  1.13797526  0.42362123  0.64168383]
[-0.90752987  2.05116099  0.25453147 -3.00445124]
[-0.91279888  1.95361128 -0.3491184  -2.04500441]
[-0.90221415 -1.76198949 -0.16862268 -2.45166336]
[-0.90692177  1.26518487 -0.46192711 -0.06440118]
[-0.83191955  1.11097606 -1.49378169  0.75311823]
[ 0.58152151 -1.36529423  2.03661215 -1.16643664]
[-0.88080226 -1.06504768 -1.59619229 -0.14681337]
[-0.90291255  0.10063674 -0.38363106  1.29021324]

Populations

0.0141243995588
0.0173401503518
0.00951211187466
0.0153181665681
0.00685255141358
0.0190655788612
0.00880758784383
0.00449118710027
0.0110843992342
0.0178131145444
0.0181863998965
0.0121713871221
0.00153458252939
0.00735220592992
0.00153361754892
0.0185780786813
0.00639566824632
0.0173775345074
0.0108688150646
0.0133778148973
0.00700740355561
0.0164498463797
0.00356490779892
0.0148448861813
0.00963877146958
0.00565670030652
0.00206105341373
0.0175370594785
0.0082499227387
0.0134310435221
0.0168901913144
0.0132373963366
0.00781654318157
0.00813775995078
0.00633309529578
0.00045150881887
0.00144881390759
0.00644777345402
0.00619553004815
0.0150882022053
0.0144155553789
0.00939637408239
0.0118078291985
0.0114593615258
0.00646122365781
0.00794660987571
0.00234551991665
0.0185054401836
0.00430282917638
0.00111583065445
0.0150184815767
0.0121141066586
0.00843384006097
0.0110363418744
0.00830928106923
0.00394507330292
0.00747010954617
0.021605762528
0.0188448472912
0.00975098175951
0.0160311831947
0.0100812135108
0.0139377604066
0.00527605658271
0.0109843309123
0.00529330288461
0.00390196993318
0.0159202600891
0.0149716113192
0.00378285336691
0.0157537944362
0.00644323180959
0.00661153047647
0.0157432961731
0.0176689418441
0.0117380650604
0.0103700096821
0.00603362451688
0.00347761017438
0.00426037955938
0.00643462240619
0.0164163756634
0.0159549876103
0.011432655566
0.00590253153539
0.0116350793805
0.0111072818474
0.0124863388545
0.00881066633529
0.0120848189978
0.00198726647044
0.0128387986606
0.00331719742667
0.00644421645593
0.00584414452569
0.0112515414985
0.00551278927721
0.00378111020814
0.00602595972113
0.0158914311763

State labels

0
1
2
3
4
5
6
7
8
9
10
11
12
13
14
15
16
17
18
19
20
21
22
23
24
25
26
27
28
29
30
31
32
33
34
35
36
37
38
39
40
41
42
43
44
45
46
47
48
49
50
51
52
53
54
55
56
57
58
59
60
61
62
63
64
65
66
67
68
69
70
71
72
73
74
75
76
77
78
79
80
81
82
83
84
85
86
87
88
89
90
91
92
93
94
95
96
97
98
99
