Cluster centers 

[ 0.88656835 -0.85649283  1.54890259 -0.42529022]
[-0.96127182  1.20516189 -0.38178123  0.04450496]
[ 1.20590563  1.04369483 -0.41399651  0.96031105]
[ 1.1706021  -0.28188238 -1.08154452 -0.25374007]
[-0.83095533 -1.13291723  0.66823523  0.53756911]
[-0.95423753  0.22758647 -0.90986029  1.40782544]
[-0.73863556 -1.65441593  0.99221816 -0.97169484]
[-0.92286168  1.50913931  0.43131897 -1.12903313]
[-0.9536031   0.09398389 -0.28127133  1.2928188 ]
[ 1.15152795 -0.01423374  0.57922434  0.64394401]
[ 1.18628119 -0.65439952 -0.45333293 -1.44404315]
[-0.95827723 -1.48118157 -0.31379223 -0.7294992 ]
[ 1.07361406 -0.18222282 -1.82549993 -0.15529535]
[-0.76861448  0.7310798   1.21690745  0.14176265]
[ 0.82081696  1.32471058  2.03093203 -0.41575358]
[ 0.59637593 -0.29013875  2.19755722  0.61724951]
[-0.96441384 -0.77714376 -0.8981475   0.96432399]
[ 1.16702511  0.19451611 -1.11554118  0.76738202]
[ 1.0764988   1.01327154  1.23399256  0.4499173 ]
[-0.8505029  -1.83123856  0.47731008 -2.50881555]
[-0.95176329 -0.58556729 -0.27704984  1.19693287]
[ 1.17511628 -0.43341726  0.17146936 -0.16864934]
[ 1.08136542 -0.51103716 -1.77881666 -1.76614335]
[-0.92101582  1.45809841 -1.17623171  0.0241735 ]
[ 1.14491081  2.27153316  0.78397258 -1.48887758]
[-0.15128298  1.36070885  2.46207357 -1.5072977 ]
[-0.87967774  0.39400846  0.59680283  0.81124547]
[-0.91981688  1.80565005 -1.14395436 -0.80556549]
[-0.74253271  0.05114427  1.21516514  0.90811832]
[-0.96109952  1.96900141 -0.46727111 -1.84170861]
[-0.97079673 -1.68607693 -0.49143325 -2.3760329 ]
[ 1.18757117 -0.1554837   0.11264601  0.39243849]
[-0.96198377 -1.24749232 -1.37149743 -0.47929532]
[ 1.13400221 -0.39993617 -1.43128967 -0.8677874 ]
[ 1.19469025  0.35786808  0.18180621  0.88785321]
[-0.67359871 -0.89907635  1.32427319  0.78418585]
[ 1.13469663  1.67812267 -1.15271832  0.64780345]
[ 1.16907536 -0.63923431  0.10950599 -0.87377158]
[ 0.87062528 -0.56496503  1.68181055  0.2286563 ]
[-0.90116371  0.52473629 -1.4553828   1.38820306]
[-0.96231798  1.55348579 -0.21589775 -0.83186531]
[-0.90871939 -1.6426205   0.16957243 -1.26284186]
[ 0.92266309  1.8696179   1.89344434 -1.41924793]
[-0.85757032 -1.52316689  0.48991414 -0.53574574]
[-0.9577262   0.62484465 -0.6385705   1.0270895 ]
[-0.4346646   0.38807497  2.05191005  0.33845114]
[ 1.02864822 -0.60587845 -2.00017108 -3.15588911]
[ 1.18636404  0.98360675  0.43566144  0.75378706]
[-0.97791254 -1.53907949 -0.65222322 -1.33058304]
[-0.86720633  1.19438404  0.80863269 -0.56804806]
[ 1.06318668 -0.39308074  1.04304097  0.25035758]
[ 1.19085845 -0.46979906 -0.63236334 -0.71084857]
[-0.95352258  2.21535722  0.12496086 -3.30933355]
[-0.94524918  0.79237274 -0.01237969  0.5608301 ]
[ 1.20393055  0.02299946 -0.36426021  0.58743145]
[-0.43558301 -1.39514963  1.79564377 -0.14965225]
[-0.79532127 -0.47075577  0.9306644   1.0970526 ]
[-0.94442167 -1.33780554 -0.15076095 -0.09759062]
[-0.92625678  1.72441358  0.42521983 -1.74609933]
[ 1.00487678  0.8201831  -1.99195097  1.19152324]
[ 0.44622441 -1.29325377  2.1086629  -0.93008926]
[ 1.08799521 -0.71012227  0.79506821 -0.60447929]
[-0.86903331 -1.33553724  0.4467029   0.06592595]
[-0.90152704 -0.83983262 -1.79795185  0.57096733]
[ 1.0141713  -0.97736489  1.00180758 -1.43223982]
[-0.89703338 -0.85922346  0.29942809  0.93052851]
[ 0.98375092 -0.33054053 -2.21312774 -0.86608452]
[-0.9315845   0.38638004  0.12500015  0.98646362]
[ 0.97871416  0.027979   -2.21767646  0.39031359]
[-0.95889662 -0.17499822 -0.84694303  1.40786457]
[-0.94521585  1.24348015  0.11674504 -0.3088283 ]
[ 0.85890809  2.51236918 -1.87277376 -0.58900496]
[-0.46308187 -1.76826456  1.62630712 -1.67029015]
[ 1.17151571  1.71983182  0.56115914 -0.14954313]
[-0.85840514  1.84515598  0.92266928 -2.48694253]
[-0.80660728 -1.90914265  0.61360975 -3.79903519]
[-0.87511731  1.12768163 -1.58156098  0.82496651]
[-0.34068666 -0.63746681  2.03496457  0.75561147]
[ 1.16539997  0.58811252 -1.09851859  1.09299974]
[ 0.97771119  0.05293376  1.48468985  0.69389454]
[-0.89911601  0.9242942   0.5367073   0.10153817]
[ 1.19803717 -0.31861563 -0.34506888 -0.08490818]
[ 1.13872077 -0.04465115 -1.39199093  0.31167477]
[ 0.40251093 -0.98396373  2.2646594   0.01277884]
[-0.90461299 -0.26465166  0.30773204  1.23596054]
[ 0.68802791  0.5721215   2.20299686  0.4180649 ]
[ 1.16709987 -0.71532876 -0.90836824 -2.49711953]
[-0.74189279  1.30490359  1.40488305 -1.12733861]
[-0.73355944 -1.41205937  1.05424243 -0.0855482 ]
[-0.90103853 -0.26473793 -1.63089054  1.40763321]
[-0.95394017  1.02460191 -0.77363096  0.57050665]
[ 1.16610074 -0.54187025 -1.09181182 -1.38531846]
[ 1.11154853  0.41505087  0.96014481  0.81725048]
[-0.97632677 -1.28694665 -0.80524185 -0.22460067]
[-0.94081882 -1.07470835 -0.1205385   0.57789564]
[-0.97002347 -1.06161148 -0.75396058  0.46065361]
[-0.80674127 -1.77970203  0.70555417 -1.81372149]
[ 1.20673093  0.42514339 -0.41547493  0.96356419]
[ 1.19035342 -0.11638973 -0.81093911  0.26436538]
[ 1.13345732 -0.37736956  0.61920638  0.14111198]

Populations

0.00652484841608
0.0164280026655
0.00722679191545
0.0165640807995
0.0102916753974
0.00747234606918
0.00624645739537
0.0142221164113
0.0155021290518
0.015074280861
0.00890815397254
0.0131832576027
0.00692549072134
0.00779157285892
0.00761008050667
0.0081573300392
0.0141149167495
0.0112070104902
0.0114448331335
0.00576161027228
0.0190095819194
0.0146674573174
0.00880370031941
0.00908065147819
0.00205252976987
0.00188871534199
0.0120741848857
0.00956735098933
0.00753885275433
0.0139218257985
0.00471344171952
0.0187532558008
0.00649570149932
0.0131983691716
0.018073880746
0.00624579045733
0.00367575539317
0.0101852242308
0.00972139587142
0.00491077591336
0.0187711528883
0.010414165701
0.00435062370378
0.011832290275
0.0150302989391
0.00312309331236
0.00356905822157
0.012437048348
0.00791081640242
0.0110936959099
0.0133205903927
0.019363865285
0.00423899848217
0.0177211841038
0.0181385103957
0.00484024199207
0.00882412820895
0.0159877553518
0.011291154394
0.00464078144725
0.00405743514439
0.00735872646917
0.0107145194534
0.00409981530655
0.00374324945096
0.0139705319954
0.00512496915516
0.0128126363745
0.00464170531784
0.0113309558416
0.0174773381573
0.00186727345091
0.00330536404126
0.00795941936429
0.00600836761535
0.00239266903446
0.00515549462569
0.0041530936882
0.00735480724596
0.0131464804672
0.0157586240095
0.0202551658144
0.010315460596
0.00720370763492
0.0145908956833
0.0070702599594
0.00511707211164
0.00840592982479
0.00674408485881
0.00796625078974
0.0109236488298
0.0100067548773
0.0162690981149
0.0121325418085
0.0158779841974
0.016413225405
0.00606345793494
0.0125875292854
0.0157856841089
0.0117028914941

State labels

0
1
2
3
4
5
6
7
8
9
10
11
12
13
14
15
16
17
18
19
20
21
22
23
24
25
26
27
28
29
30
31
32
33
34
35
36
37
38
39
40
41
42
43
44
45
46
47
48
49
50
51
52
53
54
55
56
57
58
59
60
61
62
63
64
65
66
67
68
69
70
71
72
73
74
75
76
77
78
79
80
81
82
83
84
85
86
87
88
89
90
91
92
93
94
95
96
97
98
99
