Cluster centers 

[ 1.11620189  0.58299202  1.03834996 -0.3976254 ]
[-0.9446191  -1.40539031 -0.26029185  0.35981542]
[-1.03301025  1.11880609  0.16768356 -0.00832267]
[ 0.72320307 -0.83622531 -0.14981511  1.75823162]
[ 1.07579557 -0.19816211 -0.15131395 -1.09649686]
[-1.02626953  1.87060301 -1.2676027   0.32277797]
[-1.04104485 -0.9538937   0.73655158 -0.62263533]
[ 1.01750047  0.87279894  0.69945759  1.06420374]
[-1.04749849 -1.46305086 -2.20443389 -0.41010939]
[ 1.09592094 -0.30861158  0.13943997  0.13835623]
[ 1.08545879 -0.37866021 -1.06761842 -0.90978119]
[-0.53329618 -0.51876199  0.8134717   1.86019759]
[-1.02727531  0.98416355  0.74809841 -1.01115736]
[ 0.90341217  2.51645744 -0.26826196 -1.37192365]
[-0.93644043 -1.5674069  -3.05183137  0.43070271]
[-1.01759545 -1.41655066 -0.6827458  -0.16778182]
[-0.96009248 -0.156193    1.12314988  0.45142395]
[ 0.91050101  2.08340159 -1.09605833  1.72574647]
[-0.0446502  -1.39153734 -0.59389347  2.22981049]
[-0.92591007 -0.39465392  1.14460183 -2.07794553]
[-0.88188789 -1.57570523 -1.14828801  0.69969684]
[ 1.03658132  1.34996945  0.99268687 -1.2498608 ]
[-0.88468243  0.68341659  0.33550274  1.04032222]
[ 0.8410158  -0.0660667  -4.58835272 -2.2769045 ]
[-1.02637773 -1.11520338 -0.36715415 -1.54023392]
[ 0.98202498 -0.06974386  0.72463714  1.08716452]
[-0.92873824 -1.18258986  0.46419905  0.4831051 ]
[ 1.10495335  1.12320882  0.80073441  0.16469892]
[ 0.53618562 -0.54523335  0.53435472  2.14508561]
[-0.97563415  2.48485476 -3.03864019  0.93711731]
[-1.03391552 -1.20656222  0.15330837 -0.42989714]
[ 1.05745477 -0.58364592 -0.662429    0.43640791]
[ 1.10927805  0.46708647  0.96611886  0.14049597]
[-1.03360397  1.76745144 -0.4334183  -0.87503836]
[ 1.10388264 -0.07296762  0.37834982 -0.74501181]
[-1.03422646  0.74762732  0.67134326 -0.13850947]
[-0.6409469  -1.4733482  -5.36941004  1.57376187]
[-1.02429876  2.1593808  -1.98307186  0.48264344]
[-0.63262452 -1.37735888 -0.01554487  1.47856613]
[-0.97371951  1.47677543 -0.70048636  0.70099191]
[ 1.10329535 -0.35133101 -0.51342999 -0.6130329 ]
[ 0.90956012  0.0158686   0.29249757 -2.08497155]
[ 0.77184782  0.39006061  0.69424649  1.86519744]
[-1.04574229  1.2092564   0.27617915 -0.55521537]
[ 0.50470471 -1.12998633 -0.60791884  2.08946296]
[ 1.07189887  1.600746    0.1769868   0.74817301]
[-0.98544043  0.8005152   1.07844189 -1.45706483]
[-0.86309678 -0.05199818  0.97453752  0.99244359]
[-1.05513522  2.15772517 -1.48487042 -0.35730703]
[ 0.82051397 -0.35531803  0.56241394  1.63013437]
[ 0.97151929 -0.29503005 -1.94559876 -1.76612132]
[ 0.38315338 -1.32281785 -1.34486765  2.17157486]
[-1.0200343   0.27008978  1.04659226 -0.0496769 ]
[-1.02970601 -1.04846621  0.17600279 -1.31944988]
[ 1.0989633  -0.4981752  -0.94299787 -0.18445786]
[-0.8426091   1.95640705 -2.02434246  1.52123095]
[ 1.06223787 -0.44311519 -0.04957314  0.47527194]
[ 0.90782497  0.87772265  1.22060836 -1.99435336]
[-0.95566006  1.06998503 -0.06395992  0.74006823]
[-1.0248503  -0.46219821  1.2219658  -0.2525051 ]
[-0.9513016   0.41185167  0.74881057  0.62702354]
[ 0.68814119  1.52408762 -0.55371541  2.22531113]
[-0.95381068 -0.67955142  1.07174505  0.3875015 ]
[ 1.06839226  0.01179734  0.74327527  0.56294518]
[-1.02628268 -0.80044126  0.82800796 -1.33264708]
[-0.90604036 -1.60609057 -1.85686039  0.57974093]
[ 1.02559206  0.42572417  0.87439918  0.94720794]
[ 1.10216969 -0.03535932  0.63801592  0.14835852]
[-0.60394474  0.42772416  0.39286834  1.8871508 ]
[-0.65468149 -1.68270585 -2.25598554  1.44210882]
[-0.43794723 -1.62390556 -1.28995872  1.86874252]
[-0.6738212   1.14329503 -0.54384332  1.84192489]
[ 1.11370788 -0.1248126   0.41554604 -0.25269802]
[-0.81189082 -1.06239235  0.66843185  1.03300215]
[ 1.10923565 -0.29578842 -0.0750193  -0.34048616]
[ 0.91115015 -0.25872108 -2.20489647 -2.09706036]
[-1.03386861  1.34974384 -0.19201319  0.03427697]
[ 0.30841115 -0.94355816  0.21367731  2.2709916 ]
[-1.00221075 -0.96679049  0.8000901  -0.01845649]
[ 0.9329873  -0.75200112 -0.58781569  1.14174023]
[-0.84384178 -0.56205726  1.04571707  0.97661373]
[ 1.00377713  1.60101589 -0.04750978  1.22377883]
[ 1.04290433  0.1479958   0.6871082  -1.39024836]
[ 1.05502091 -0.27146399  0.40183104  0.59933821]
[ 1.09260853 -0.49020749 -1.80525837 -0.56083705]
[-1.00208825  0.81730172  0.4290146   0.31233633]
[-1.0472251   1.72995096 -0.78181751 -0.09591139]
[ 0.54581943  0.7879142   0.23744216  2.36484086]
[-0.99365257  1.50638471  0.2104052  -1.2828673 ]
[-1.03470891 -0.08532184  1.35413144 -0.84121245]
[-0.98913455 -1.56145244 -2.44757711  0.1829009 ]
[-1.0514185  -1.25673739 -0.41897036 -0.8870436 ]
[-1.04144377  0.5742841   0.9859158  -0.5761077 ]
[ 0.97997233 -0.23481558 -0.86322961 -1.76651751]
[ 1.09857593  0.3762667   0.96886302 -0.81566816]
[ 0.95556538 -0.46175565  0.24971522  1.12814483]
[-1.05771195 -1.38581969 -1.33722929 -0.71453484]
[-1.01294148 -1.49362636 -1.29801028 -0.07254186]
[ 1.11657761  0.07328988  0.72121039 -0.32531512]
[-1.06240426  2.43013554 -2.12064425 -0.33634137]

Populations

0.00842458729621
0.0213094307512
0.0113253714641
0.00711401287975
0.0218525022202
0.0118455911776
0.0201264435553
0.0104327245614
0.00502754698536
0.0136473372279
0.0185371483791
0.00452522454975
0.0086171818871
0.00301554816779
0.00387063413321
0.0181527683105
0.0107955799528
0.00428833499529
0.00222227477597
0.00537190945709
0.0122370487723
0.00439210879638
0.00814998292021
0.00094266111651
0.00392035911467
0.0105987979268
0.0159129303747
0.0081177454688
0.00617793808583
0.00272281523319
0.0216763086767
0.0104611725896
0.0134627773319
0.0151827859728
0.0172167776011
0.0128017934843
0.00109740485
0.00736193447699
0.00887193814327
0.0166642376009
0.0158263294864
0.00818006345754
0.0088995661897
0.014147902117
0.00341199755675
0.00626701209285
0.00739886230724
0.00657802930828
0.0107590158158
0.008983706542
0.00817848850887
0.00233169150012
0.0170957972748
0.00827643110973
0.013296825274
0.00537312492284
0.0117445346659
0.00383749005815
0.0129657332651
0.0220077316206
0.0097520767933
0.00437905731961
0.0118708351161
0.0107441149218
0.0117070498069
0.0071217068119
0.0112216935389
0.0122030058497
0.00385200329514
0.00312021246735
0.00284090877359
0.00585978594443
0.0115672420745
0.00828562179428
0.0180655337703
0.00316823324863
0.0165952394367
0.00603017887007
0.0158774214032
0.00791752452944
0.00715078058281
0.00583440083479
0.0123552908489
0.0109768095033
0.0104245661258
0.0117764712954
0.0165323683255
0.00459415636504
0.0076301546035
0.0228213494611
0.00421526084922
0.0134676401301
0.0143825931544
0.0145046219182
0.00956472184603
0.0107828437964
0.00808859866327
0.0112455268235
0.0116936678211
0.00574672694744

State labels

0
1
2
3
4
5
6
7
8
9
10
11
12
13
14
15
16
17
18
19
20
21
22
23
24
25
26
27
28
29
30
31
32
33
34
35
36
37
38
39
40
41
42
43
44
45
46
47
48
49
50
51
52
53
54
55
56
57
58
59
60
61
62
63
64
65
66
67
68
69
70
71
72
73
74
75
76
77
78
79
80
81
82
83
84
85
86
87
88
89
90
91
92
93
94
95
96
97
98
99
