Cluster centers 

[ 0.88297717  0.11602181  1.87653838  1.97367441]
[-0.64271921 -1.25755257 -0.52811616 -0.3416694 ]
[-0.62404126  1.37126064  0.01343073 -0.89986831]
[ 1.80725037  0.23618541 -0.55138822  0.60185809]
[-0.62879161  0.33225659 -0.34452493  0.90853247]
[ 1.78691754 -0.57089415 -0.47902021 -2.18780156]
[-0.57577081 -1.82917779  2.02263904 -2.11274178]
[-0.61840257 -1.67767187  1.06916294 -1.33754027]
[-0.52911839 -0.74175633  0.4501821   1.37593511]
[-0.48884208  0.57285757 -1.97391872  0.13579798]
[-0.63332616  1.35289027  0.58188711 -0.77579987]
[-0.63131833 -0.58331613 -1.04364197  0.75015804]
[ 1.46769378  0.88341418  1.1889617   1.32597835]
[-0.22532398 -1.84678534  4.86216533 -4.75643465]
[-0.48165644 -1.12548023 -1.6819613  -1.13771251]
[-0.49380458  0.91997814  1.3440791   0.50424994]
[ 1.77631718 -0.49976447  0.29081274 -0.65483609]
[-0.63167195  0.8983594   0.01303624  0.1733943 ]
[-0.64775221 -1.55108408  0.04256818 -1.5374675 ]
[ 1.72145976 -0.2702668   0.3406552   0.35683857]
[ 1.00070196 -1.00924982  2.39563213  0.51593315]
[ 1.80048257 -0.30341878 -0.95466087 -0.96321785]
[-0.53136921 -1.08896765  0.62653502  0.95254241]
[ 1.55791253  0.75319163 -2.64098976 -0.13011278]
[-0.6417205  -1.55070184  0.50483939 -0.89401601]
[-0.57851055  0.50583241 -1.42429229  0.38439436]
[-0.60953276 -0.15831578 -0.16439036  1.2506368 ]
[ 1.55865366  2.18284596  2.05570461 -0.85211565]
[-0.29550714 -1.58514479  2.11094113 -0.14159632]
[-0.51999662  1.38946853 -1.0178474  -1.02500325]
[-0.59724926 -1.408303   -0.70178017 -1.51624333]
[-0.54249982  0.54395322  0.7222941   0.99024991]
[-0.65814476 -1.78548041  1.30836997 -2.92668951]
[-0.63266154  1.59584382  0.83026517 -1.46839839]
[-0.56247852 -0.18262154 -1.80138969  0.56733714]
[ 1.69057644  0.0031886   0.33452381  0.91347802]
[ 1.79451338 -0.75329126  0.48123511 -3.37320362]
[ 1.74029923  0.85182818  0.06907494  1.06284082]
[ 1.24764831 -0.54087837  1.69720796  1.13964811]
[ 1.79156235 -0.66396606  0.4588158  -1.65440881]
[ 0.30969318 -0.81488247  2.04730566  1.680745  ]
[-0.64360252 -1.10666439 -0.42664817  0.25918695]
[-0.58660308 -0.6626608  -1.55957315  0.34069206]
[-0.62918428  1.08432246 -0.21322732 -0.25212367]
[-0.58725976  0.73621654  0.56788616  0.62837296]
[-0.60329861  1.32314624  1.13994613 -0.59284541]
[-0.32978118  0.78614545  1.75305003  0.95083399]
[-0.42177173 -1.28611284 -1.48072453 -2.15440076]
[ 1.8012713   0.25693647 -1.56106064  0.03532442]
[-0.62561823 -1.06201055 -0.96018821 -0.04697643]
[-0.45902533  1.68933363 -0.95258414 -1.75076229]
[-0.56403693  1.19330569 -0.91747101 -0.58745375]
[-0.63275685 -0.0497274  -0.8950376   0.95866755]
[-0.57839171 -1.53586813  0.98440353 -0.37343953]
[-0.43682486 -0.73840825  0.83669512  1.5501751 ]
[-0.42873022  1.18491261 -1.74583645 -0.66787421]
[-0.62417476  0.8036132  -0.60554713  0.19552295]
[-0.59827158 -1.31380759  0.4824143   0.25318363]
[ 1.72227306 -0.16377125 -1.75151552 -0.9884764 ]
[ 1.81050744 -0.19211239 -0.49265988 -0.17088043]
[-0.65230484 -1.73637375  1.06368194 -2.12617605]
[ 1.52628476 -0.44354063  1.13768616  0.70642907]
[-0.51675439  1.46550947  2.02366445 -0.84259133]
[ 1.66853726 -0.68573613 -0.56055082 -3.87000858]
[ 1.68126693 -0.54802425  0.82024796 -0.16251796]
[-0.64827258 -1.43686935 -0.16242497 -0.89071653]
[-0.61065435  0.0063297  -1.32918309  0.75172891]
[-0.61359287  1.94835899  0.84939543 -2.72555653]
[-0.62649445  0.32391446 -0.90548915  0.73123235]
[-0.50915245 -0.07409144  0.54017261  1.53686995]
[ 1.82236989  0.59507308 -1.21631858  0.42063825]
[-0.24772998 -1.04920828  1.51910319  1.36226806]
[ 1.80247329  0.75094611 -0.48497638  0.82678131]
[-0.60063745  0.24833     0.06056517  1.13749905]
[ 1.73919175  1.55004556  0.52924411  0.44735725]
[-0.60411507  0.94427893  0.62126643  0.22857571]
[-0.63148834  0.62181378 -0.51923593  0.50166012]
[-0.62838342 -1.32103906 -0.66291493 -0.8070038 ]
[-0.22096766 -0.12972603  1.39983828  1.88761503]
[-0.63558066 -0.87764391 -0.90344171  0.44978472]
[ 1.56732946  0.01889922  0.78850467  1.23363137]
[-0.63808004 -0.75409989 -0.59836829  0.82139849]
[-0.56581424 -1.78933901  1.85336117 -1.70928604]
[-0.36963877 -0.20190069 -2.57015573 -0.05723046]
[-0.64256923 -1.33034695 -0.00234724 -0.17346311]
[-0.63281308  1.20464854  0.3351114  -0.42867369]
[ 1.77694269  0.0072455  -0.17598743  0.54570273]
[ 1.7436468   0.3052291  -0.02695923  0.98596201]
[-0.60984928  1.22634508 -0.40672151 -0.59704042]
[-0.62574736  0.65744424 -0.02536645  0.58430806]
[-0.57984607 -1.13665165 -1.25762781 -0.61319416]
[-0.58864717  1.63715827 -0.08308384 -1.63461291]
[-0.63175808 -0.07247598 -0.5703212   1.09202451]
[-0.61894893 -0.89058402 -0.13035058  0.89207288]
[ 1.81063663 -0.50524198 -0.20902611 -1.32568838]
[-0.58631781  0.88600286 -1.05865784 -0.04307034]
[-0.63067963  1.05294641  0.26507274 -0.09056657]
[ 1.38756449 -0.11114132  1.25842012  1.46470468]
[-0.44994644 -1.3240397   1.21166225  0.62812964]
[ 1.7386187  -0.4412984  -1.17228463 -1.86178517]

Populations

0.00651448772625
0.00704458577463
0.0106002350294
0.0212368987974
0.0112344700925
0.0202334005701
0.00209565732918
0.00692058447905
0.00545326181291
0.00387740958753
0.0121092376312
0.00797827789912
0.0176809040659
0.000334372415246
0.0013827714385
0.00683842862423
0.0280482534748
0.00729271678531
0.00557061003354
0.0302999058882
0.00375658210059
0.0223815809736
0.00657344087594
0.00566423345482
0.0108238122703
0.0098779812403
0.00842981813883
0.00708714866498
0.00416715343694
0.00591245475604
0.00350858992247
0.00869269805747
0.00223453217412
0.0146433117632
0.00560458078807
0.0155131643325
0.00479695809901
0.0202797736776
0.00833737445225
0.0133574557155
0.00583472943615
0.0120578028047
0.00783961003956
0.00880884656553
0.00747333707687
0.0145816652272
0.0027879334609
0.000708222514851
0.0191630696283
0.00872616372603
0.0024518449684
0.00525603397651
0.00700939017975
0.0147115152625
0.00278393896231
0.00624935043777
0.00872333573601
0.0120860474331
0.0126318066944
0.0411286758552
0.00281456239985
0.0190615248962
0.00917033958921
0.00277380283422
0.0155758738623
0.00935196550023
0.00799865002233
0.00345236991396
0.00868321386244
0.00917208659243
0.0153487471869
0.00252639111193
0.013211879219
0.00922430153904
0.0115176908433
0.0108361919077
0.00970128059467
0.00671216226494
0.00495372845687
0.00930775146004
0.0177634425406
0.0105322667244
0.00349398558629
0.00405573928012
0.012351437965
0.00946583457737
0.0188487164071
0.0173305296599
0.00923470060446
0.0108041691615
0.00554330175325
0.00739808190709
0.00881111454848
0.0133644444274
0.024256782921
0.00948584645686
0.0090363505388
0.0136648396018
0.00403087899666
0.0137305879485

State labels

0
1
2
3
4
5
6
7
8
9
10
11
12
13
14
15
16
17
18
19
20
21
22
23
24
25
26
27
28
29
30
31
32
33
34
35
36
37
38
39
40
41
42
43
44
45
46
47
48
49
50
51
52
53
54
55
56
57
58
59
60
61
62
63
64
65
66
67
68
69
70
71
72
73
74
75
76
77
78
79
80
81
82
83
84
85
86
87
88
89
90
91
92
93
94
95
96
97
98
99
