Cluster centers 

[-0.6147768   1.40727421 -0.78909325 -0.54281089]
[-0.64216397 -1.11925546 -0.31018798  0.43668445]
[ 1.81922044  0.32509359 -0.75531015  1.18787012]
[-0.6284283   0.7110674   0.3393668   0.40334127]
[-0.61128708 -1.50485049  0.0677245  -1.03322341]
[ 1.5305645  -0.46593024  1.2411418  -0.45246577]
[ 1.74868019 -0.21113184 -1.7502395   0.59094479]
[ 1.79352189 -0.5748604  -1.87672133 -0.9974639 ]
[ 1.64911845  0.72148936  1.26348233  0.4409475 ]
[-0.52813102  0.14198532 -0.97464287  1.69801009]
[-0.43102989 -0.54345543  1.76920186  0.47031401]
[-0.65421902 -1.66916726 -1.25353221 -2.35770679]
[-0.59108276  1.36138178  0.41673782 -1.27133548]
[-0.63460974 -1.31378164 -0.94483578 -0.10633703]
[-0.45907062  1.36266182 -1.70383227  0.38837338]
[ 1.43764321  2.01169848  1.35632182 -2.01347132]
[-0.58293929  0.31053367  1.00770899  0.61087336]
[ 1.78894534 -0.1849348   0.02306822  0.23274867]
[-0.63349401 -0.03277538  0.25269305  1.24007826]
[-0.55394134 -1.179704    0.89297497 -0.06025725]
[ 1.80974453 -0.43777542 -1.39356386 -0.3422868 ]
[-0.63950113 -0.82222559  0.11763797  0.91210393]
[-0.62691417  2.01776207 -1.354031   -2.76155952]
[ 1.15837088  0.4649552   2.44254718 -0.04391993]
[ 1.81249143  1.55948131 -0.55984715  0.66145888]
[-0.392716    0.45467189  1.8384289   0.00830423]
[ 1.75934458 -0.48905235 -0.07236365 -0.57506175]
[ 1.21947708  0.99896827 -2.74466527  2.30640034]
[-0.61303511 -1.09755226 -0.9271999   0.57823084]
[-0.60616955 -0.60474573 -0.56753437  1.36282628]
[-0.34930681 -1.55891928  1.13395461 -1.79411549]
[-0.60081203 -1.29592113  0.44942535 -0.24917   ]
[-0.57986111  1.70671574 -1.35773359 -1.14441878]
[-0.6007188   0.8656963  -0.60557534  0.71280657]
[-0.6269013   1.31230599  0.0293469  -0.85621964]
[ 1.77986148  0.54426915  0.51552242  0.79178585]
[ 1.67955717 -0.72284974 -3.46790815 -2.73785855]
[-0.64589252 -1.43970883 -0.89034424 -0.64876079]
[-0.21201072 -1.70732185 -0.3162908  -6.79027585]
[-0.59527536  0.92874085  0.67919891 -0.24419068]
[ 1.46951809 -0.10091411  1.71413491  0.08298084]
[-0.63124509  1.04669311  0.053523   -0.1352635 ]
[ 1.40918097  1.4167289   1.80654949 -0.74178353]
[-0.59495159  1.24830177 -0.87905348  0.01442511]
[-0.53956509  0.01652606  1.34501228  0.67984356]
[-0.559549   -1.58905452  0.30078674 -1.56471045]
[-0.45158973 -0.85396613 -1.80241919  1.17044966]
[-0.37477132  0.81261223 -1.72403363  1.53622963]
[-0.5042595   1.65680797  0.58120293 -2.44519671]
[ 1.79986848 -0.66632732 -1.00994675 -1.50008362]
[ 0.46622837 -0.77207685  2.5966875  -0.53635739]
[-0.64179402 -1.51813084 -1.29264193 -1.13256562]
[ 1.69924913  0.09369194  0.90093539  0.46309927]
[ 1.65889131 -0.67687099  0.35466243 -1.20426101]
[-0.55665318  0.63538254  1.10237654  0.10529897]
[-0.62591738  1.62016651 -0.2186216  -1.77912306]
[ 0.17175616  0.23747464  2.79719368 -0.1579065 ]
[ 1.8196146  -0.18146617 -0.72780919  0.38715149]
[ 1.73610396 -0.46895216 -2.2562991  -0.32724001]
[-0.5976707  -1.65063598 -0.15782547 -1.94060099]
[ 1.8230393   0.88570401 -0.00454779  1.03382293]
[-0.64244161 -1.27069877 -0.16742893 -0.02371624]
[-0.4587355  -0.96498639  1.46688565  0.15461958]
[ 1.71838784 -0.31260288  0.4946758  -0.10185692]
[-0.5647162  -1.24393119 -1.61182704  0.09627493]
[-0.4739083   1.30044407  1.09129369 -1.46454731]
[-0.46683037 -1.33485993 -2.49132266 -0.55297395]
[-0.62732551  0.32745944  0.48886152  0.86164037]
[ 1.81257616  0.1838844  -0.00437299  0.80511525]
[-0.63227046  1.62486711 -0.68776233 -1.4234824 ]
[-0.5718471  -1.44786363  0.47740941 -0.84235074]
[ 1.70677929  1.48240902  0.86760901 -0.13245699]
[ 1.7982425   0.21225357 -1.12280291  1.22606336]
[-0.63661613 -0.50472465  0.06938981  1.25236051]
[-0.63907039 -1.10639685  0.09423465  0.3826574 ]
[-0.60109696 -0.97510663  0.68947554  0.47210615]
[-0.63101395  0.88923148 -0.15063371  0.35845409]
[ 1.09947197 -0.80267846  1.98496127 -1.06973992]
[-0.58714581 -1.74410868 -0.47187999 -3.07870595]
[-0.50937887  1.55609094 -1.64631621 -0.2943984 ]
[-0.63226962  1.26802985 -0.32111434 -0.47236913]
[-0.62572201 -0.70686025  0.52483003  0.90012447]
[-0.62292477  0.24567398 -0.15571403  1.26597294]
[-0.60833633  1.19771628  0.36863937 -0.74018035]
[-0.5300338  -0.53129684  1.36491992  0.67536793]
[ 1.80856614 -0.46688841 -0.67744727 -0.50844993]
[-0.36476511 -0.16907833  0.86459943 -0.87634846]
[-0.35077224 -1.18923504  1.65135732 -0.45933321]
[-0.57775867  0.56690144 -0.71781486  1.25919206]
[-0.61902259 -0.2073859   0.68312663  1.05169959]
[-0.62180234 -0.91091311 -0.57086887  0.95270888]
[-0.49699845  1.05146211 -1.36348701  0.88222214]
[-0.47425578  0.94099736  1.33867204 -0.62339642]
[-0.61160684  1.09394631 -0.59844744  0.20695924]
[ 1.6099255  -0.21386727  1.15895307  0.02977458]
[-0.64941668 -1.53946195 -0.71282922 -1.18434413]
[-0.64449699 -1.39611638 -0.30705132 -0.46992054]
[-0.63391909  1.44036115 -0.28185276 -1.05567236]
[-0.6322379   0.60825229  0.02265486  0.75979456]
[ 1.10465456 -0.02439325  2.49971539 -0.01113615]

Populations

0.0101287499685
0.00981240049742
0.0130867224369
0.0142020594512
0.00856950863761
0.0134152468326
0.015690843918
0.0189628043204
0.0264115106476
0.0104106129595
0.00375153124921
0.00309791354228
0.00865627162624
0.00982635810559
0.00429945460511
0.00498191983632
0.00960905644529
0.028922772767
0.00880159535353
0.0086611927271
0.020058990392
0.0111291539541
0.00273918804418
0.00860438808061
0.00447334394318
0.00555841498626
0.0212055811184
0.00379777544739
0.0115781172139
0.0116586382351
0.00579392933618
0.00975794647585
0.00642277519329
0.00827402530339
0.00550218367268
0.0249155306507
0.00596070311606
0.00710838040663
0.000288917041285
0.0120010239446
0.0171897771743
0.0148914654002
0.00514343514481
0.00751799976132
0.00770762928851
0.00545873107267
0.00394786753666
0.00375764502116
0.00431087667008
0.0151847491337
0.00625688137889
0.00430750991195
0.0230876658801
0.00810876896458
0.00914806062036
0.00909866669428
0.00367258353094
0.0287456927976
0.0114142649927
0.00738559283633
0.00921251903346
0.00854820281801
0.00458181015533
0.0257265532532
0.00364755544389
0.0058852067917
0.00123365806201
0.011872880381
0.0243193333513
0.0093852899182
0.00928238157953
0.0119127266802
0.01378541993
0.0112550734302
0.00706445564973
0.01045997864
0.00822386342772
0.00765003597721
0.00423793128512
0.00519700469385
0.0107234051331
0.0106359645411
0.0130051872942
0.0101166596454
0.00651071071464
0.0220391273226
0.00528348900852
0.0111907334495
0.0114290555859
0.00978539851625
0.00669663292328
0.00652794224138
0.00798988239991
0.0136875987497
0.00676257076856
0.0104302336912
0.0106480182124
0.0124591106338
0.00613300237279

State labels

0
1
2
3
4
5
6
7
8
9
10
11
12
13
14
15
16
17
18
19
20
21
22
23
24
25
26
27
28
29
30
31
32
33
34
35
36
37
38
39
40
41
42
43
44
45
46
47
48
49
50
51
52
53
54
55
56
57
58
59
60
61
62
63
64
65
66
67
68
69
70
71
72
73
74
75
76
77
78
79
80
81
82
83
84
85
87
88
89
90
91
92
93
94
95
96
97
98
99
