Cluster centers 

[-0.92131155 -0.74548977  0.0474344   1.05243494]
[ 1.19969987  0.06936032  0.14651344  0.67507804]
[-0.93102041  0.9431629   0.1485721   0.24397985]
[ 1.18242542 -0.29879959 -1.03805687 -0.27758496]
[-0.85447597 -1.61040062  0.46150121 -0.92964242]
[ 0.99194143  2.10971904  1.77360736 -1.9623337 ]
[ 0.82159193 -0.81810145  1.75588081 -0.17959798]
[-0.89285057  1.66058198 -1.37604553 -0.30389458]
[-0.95603581  2.06443108  0.07426771 -2.73454243]
[ 1.17824496 -0.61741981  0.14760603 -0.74887886]
[ 1.15231509 -0.65631255 -1.31402475 -2.37072071]
[-0.95168166  0.06051355 -0.81982908  1.4245606 ]
[-0.94427906 -1.04408708 -1.30004641  0.2879481 ]
[ 1.12689803  0.98974596  1.00760267  0.57545212]
[-0.95150764  1.48518432 -0.0851601  -0.7727417 ]
[-0.59495431  0.1361109   1.65205473  0.69976243]
[-0.95547792 -1.36611718 -0.39931199 -0.29203937]
[-0.77590044 -1.83596294  0.7341976  -2.21547727]
[-0.91146218 -0.09626463  0.22799142  1.24759634]
[-0.91966454  0.30204231  0.16403996  1.04760519]
[-0.83524728  1.26409132  0.95564452 -0.82675901]
[ 0.5319766   0.95535602  2.51821412 -0.22517692]
[-0.94490712  0.7908959  -0.85473689  0.93007312]
[ 1.12921371  0.05052261  0.81899462  0.70749653]
[ 1.18331771  0.2835489  -1.03071518  0.87362358]
[ 0.32755034 -0.8163993   2.37531298  0.35739323]
[-0.61675158 -1.61322616  1.37736674 -0.73762534]
[ 0.68489846  2.72458065 -2.55842249 -0.81810676]
[-0.81390983 -1.91690946  0.50858347 -4.16935376]
[ 1.20937819  2.02304233 -0.32125097 -0.22182009]
[-0.76211438 -0.95272581  0.97469689  0.77648507]
[-0.66816124  1.67849722  1.61277712 -2.35226374]
[-0.91553875 -1.29404947  0.07380929  0.10264886]
[-0.95264881 -0.66192972 -1.07773699  1.08672333]
[ 1.18821431 -0.48480873 -0.9409689  -0.93692893]
[-0.95470902  2.12240921 -0.64862159 -2.27916455]
[-0.91586683  1.13609952 -1.22238217  0.61560329]
[ 0.98067117 -0.58001566 -2.34862023 -3.21457344]
[ 1.20789382 -0.22874205 -0.22276053  0.16873283]
[-0.94706866 -1.10393016 -0.28052635  0.4827456 ]
[-0.96017957 -1.21740733 -1.25660838 -0.22609903]
[-0.53097585 -1.79691835  1.50052483 -1.71392424]
[ 0.58634647 -1.19911542  2.07883206 -0.79604416]
[ 1.19575648 -0.63754271 -0.56771132 -1.40553241]
[-0.66856024  0.88053329  1.60720097 -0.28742539]
[ 0.866699    1.30600626  2.03755169 -0.37932632]
[ 1.06490144 -0.44093896  1.05650173  0.15312574]
[ 1.0575781  -0.81695057  0.95237627 -0.82393793]
[ 1.19056859 -0.38707883  0.08195715 -0.08482044]
[ 0.89104466  0.85665371 -2.36159856  1.35813422]
[-0.92996396  1.20341104  0.20769145 -0.28955543]
[ 1.20842788  0.63115845  0.14884162  0.93342626]
[-0.97138632 -1.52121932 -0.62093209 -1.14410632]
[-0.95269997  1.14326423 -0.51092949  0.22450575]
[-0.95313445  1.47802398 -0.59232016 -0.42421517]
[ 1.17294762 -0.72034841  0.18217063 -1.12191473]
[ 0.98459032  0.21646114  1.5303978   0.73811651]
[ 1.2042581  -0.4364405  -0.49707573 -0.49801707]
[ 1.20232573 -0.0627002  -0.76247221  0.37962355]
[-0.95177244  0.45507033 -0.48228605  1.13450148]
[-0.92212527  0.63796444 -1.24551605  1.23548099]
[ 1.00823612 -0.09965035 -2.16865724  0.04018087]
[-0.92290057 -1.53434677  0.0087839  -0.77032287]
[ 1.21099899  0.93981424 -0.56305705  1.02605184]
[-0.94381712  1.89280134 -0.79478271 -1.3737218 ]
[-0.92075498  1.49313183  0.37457458 -1.08788719]
[-0.94937964  0.73582655 -0.23853488  0.73594907]
[-0.93144958 -0.32424773 -0.04432903  1.29769481]
[-0.83231591 -0.08594667 -2.01736892  1.4983472 ]
[ 1.16320969 -0.27338786  0.47104193  0.27971271]
[-0.87814698 -1.05069328  0.35946234  0.66261364]
[ 1.21429048  1.36874963  0.06883437  0.57597245]
[ 1.19953305 -0.11542951  0.10028644  0.4593262 ]
[-0.8517657  -0.38551611  0.60296662  1.15374275]
[-0.4755146   1.28364622  2.06491139 -1.31735017]
[-0.96438203 -0.98704598 -0.74133759  0.63150751]
[-0.10193872 -1.45746873  2.18377168 -0.57303293]
[ 1.15637344  1.63980641  0.88421311 -0.19115918]
[ 0.71718322 -0.41359474  2.0397608   0.53161077]
[ 0.9092693   0.66708577  1.83020427  0.51863618]
[-0.95580592 -0.61232284 -0.50740899  1.17955749]
[ 1.21515324  0.2449625  -0.33854604  0.81884327]
[-0.88731687  2.05874195  0.72483402 -3.26050194]
[ 1.07805514  1.39881985 -1.5990463   1.01480209]
[ 1.12415335  0.52131804  0.96328021  0.82597326]
[-0.94163949  1.79882851  0.13603184 -1.83204262]
[-0.86092693  0.92742664  0.76433252 -0.02033554]
[ 0.3316287  -1.06002693  2.30756355 -0.04441964]
[-0.73601929 -1.70965238  0.98572952 -1.21142795]
[ 1.13409442 -0.0202098  -1.50295182  0.35434528]
[-0.86081487 -1.37248417  0.45813969 -0.0423275 ]
[ 0.59904444  0.26428012  2.35838016  0.55479029]
[ 0.85442688  1.6900898   2.02163609 -1.1493882 ]
[-0.91624144  1.31089456  0.41276436 -0.64420287]
[ 1.13218065 -0.38355085 -1.52804623 -0.81205725]
[ 1.10636103 -0.5104216  -1.6837359  -1.58784542]
[-0.96815157 -1.73995785 -0.46046392 -2.77177626]
[-0.87055415  0.49633806  0.60903881  0.69570145]
[-0.49605488 -1.21041728  1.70577326  0.27885573]
[-0.74778613 -1.4089629   0.98058363 -0.08405379]

Populations

0.0130629848356
0.0136783029281
0.0151261397365
0.0190036422668
0.0106865848528
0.00242482731648
0.00814830439118
0.00725305816628
0.0049419120716
0.00919255687932
0.00707732610171
0.0153789466699
0.00880600889277
0.0105566674084
0.0133308820915
0.00964877288526
0.0167912065737
0.0100800866582
0.00875462237188
0.0136247240784
0.010254389336
0.00273635362366
0.00894700550529
0.0160193850678
0.0155338514739
0.00461319162919
0.00362369239301
0.00149138805248
0.00193779445807
0.00280023782875
0.0117529953249
0.00450647342687
0.0113135195464
0.0115066836333
0.0141050083853
0.00481998526745
0.00770328223312
0.00311184787314
0.0166497004246
0.0139287528746
0.010007250585
0.00305385517801
0.00442159112384
0.0111639768316
0.00568985548635
0.0057186099018
0.0171471157137
0.00801299800056
0.0161600605292
0.00304453303875
0.0143331556947
0.0165142170932
0.0142681010021
0.0148936871902
0.0141965421937
0.00639188921582
0.0116716110038
0.0195725890369
0.0183864040229
0.0121260900068
0.00769764486544
0.00819516517477
0.0126316572844
0.00932034284191
0.0108189504188
0.0133286875546
0.0143995507339
0.0134462804969
0.00525598736209
0.0157914537355
0.0129286528257
0.00590103894053
0.0112442177684
0.0150752821069
0.00269416184449
0.0138161209784
0.00206243027676
0.0080702117631
0.0102526454123
0.00677784798197
0.0161355227399
0.0175104706582
0.00206625926956
0.00410242347867
0.012298460585
0.0143360488643
0.0133938531731
0.00392341100665
0.00480713530058
0.0135452828645
0.0117442170062
0.00447754907534
0.00373329418669
0.00799425244664
0.013667448163
0.0118531045406
0.00542793014441
0.0143220884175
0.00562509274968
0.00763059657981

State labels

0
1
2
3
4
5
6
7
8
9
10
11
12
13
14
15
16
17
18
19
20
21
22
23
24
25
26
27
28
29
30
31
32
33
34
35
36
37
38
39
40
41
42
43
44
45
46
47
48
49
50
51
52
53
54
55
56
57
58
59
60
61
62
63
64
65
66
67
68
69
70
71
72
73
74
75
76
77
78
79
80
81
82
83
84
85
86
87
88
89
90
91
92
93
94
95
96
97
98
99
