Cluster centers 

[ 1.05846893 -0.34852968 -1.07742203 -1.13080073]
[-0.96388793 -0.24930318  1.12711357  0.48416658]
[ 1.04484076 -0.08870816  0.64251289  0.66417887]
[-0.91359239 -1.56653201 -1.10422537  0.55957226]
[-1.0280593   1.36805417 -0.34230682  0.27419883]
[-1.05179304  0.74964772  0.85444382 -0.60483257]
[-0.99285521 -1.26034826  0.22283121  0.12473247]
[ 1.09383127  0.26059456  0.89483803 -0.71216487]
[ 0.72803612 -0.84065028 -0.21440405  1.72110254]
[ 0.87120174  2.13982305 -1.25141195  1.74019495]
[-1.03844056 -1.04840118  0.17585811 -1.37925125]
[-1.02856292  2.10443052 -1.89910119  0.49590986]
[ 1.09329469 -0.16776655  0.14994314 -0.72097213]
[ 1.03443452  2.18913555  0.08343721 -0.87624822]
[ 0.9305682  -0.19057734 -4.02266863 -1.86728254]
[-0.83465381 -0.23544989  0.9608094   1.13493409]
[-0.79561278 -1.65870626 -2.4557373   0.94713299]
[ 0.82275351 -0.20200222  0.62002448  1.6388643 ]
[-1.04850561 -0.70310614  1.09613955 -0.5982558 ]
[ 1.0977739  -0.28617223  0.0631167  -0.14261283]
[ 1.06613115  1.58902437  0.19337495  0.6946197 ]
[-0.79752504 -0.99879544  0.72479247  1.12910336]
[-1.05695254  1.3481055   0.01209816 -0.39057059]
[ 0.94463162  0.30906067  0.95520754 -1.85384778]
[ 0.1661406  -1.01490861  0.16386495  2.28377637]
[ 0.81703041  0.94952003  1.25150715 -2.13253219]
[-0.49714908 -0.5730594  -7.33499172  1.52931789]
[ 0.99381627  0.17685475  0.8053201   1.04613198]
[ 1.04803761 -0.61579766 -0.84817629  0.40753965]
[-1.01246886  0.61761414  0.66262405  0.26401401]
[-0.71015721 -1.65193382 -1.58787651  1.22969477]
[ 1.08374154 -0.47738395 -1.66265191 -0.621771  ]
[-1.0452446   2.09464159 -1.1280188  -0.70116865]
[-1.06002071 -1.28754222 -0.40997992 -0.76027618]
[-0.57284879  0.48919036  0.26386895  1.96602176]
[ 1.09329313 -0.43739944 -0.5853908  -0.21645775]
[ 1.09501672  1.12561309  0.77624278  0.24412081]
[-0.98100804  0.84992147  1.09603433 -1.54571915]
[-0.98872094 -1.56821608 -1.94437339  0.15545064]
[-1.05388384 -1.03782379  0.55550098 -0.71999036]
[ 0.97571826 -0.06587839  0.10774246 -1.75581253]
[ 1.10722657  0.55426193  1.02244966 -0.23512584]
[ 0.84532189 -0.95063365 -1.37506893  1.30029639]
[-0.96947106 -1.55983633 -3.20290837  0.27303505]
[ 0.68231223  1.44057445 -0.46717202  2.18807284]
[-1.01226333 -0.64200042  1.12828533  0.01867124]
[-0.8272242   1.91257274 -1.96482441  1.51192393]
[-1.02681598  1.74994735 -0.29855914 -1.00862134]
[-0.95332933 -1.43304121 -0.3482625   0.35811692]
[ 0.5682128   0.11232194  0.66604169  2.16933926]
[ 1.10360281 -0.05822519  0.50296006 -0.41150583]
[-1.01618132  0.93851142  0.2761097   0.2996885 ]
[ 0.94328942 -0.44742388  0.26672376  1.15010069]
[-0.95977319 -0.49352623  1.1124189  -1.92760039]
[ 0.97227643  0.79631485  0.65119105  1.24554313]
[-0.64941997 -1.40546926 -0.09775246  1.45518291]
[-1.03714868  1.74043138 -1.00226129  0.26560569]
[-1.03917985  0.50990325  0.89445767 -0.11670789]
[-0.94491545 -1.10404696  0.63391645  0.46854936]
[ 1.08407851 -0.31650428 -0.5054134  -0.83339592]
[-1.06558957  2.25802275 -1.9501272  -0.00852204]
[ 0.642594    0.75559634  0.31542834  2.15832913]
[-1.03362211 -0.02585276  1.21956282 -0.15808037]
[-1.04887837 -1.19383    -0.66733798 -1.39652347]
[ 1.05696282  0.97326774  1.13488603 -1.02785154]
[-0.95596775  1.09945432 -0.14655005  0.79073016]
[ 0.30205752 -1.26648973 -0.81878185  2.13304844]
[ 0.80442682  0.09060846  0.53045256 -2.40618839]
[-1.0643772  -1.43896283 -2.33891192 -0.61023113]
[ 0.95436322 -0.21100416 -0.6850622  -1.8350213 ]
[ 0.50498986 -0.67084146  0.39831491  2.14578241]
[-0.76950615  1.29465972 -0.75240442  1.56574332]
[ 0.93144642 -0.72528394 -0.47934946  1.11455027]
[-1.03998909 -1.26404235  0.01577727 -0.35505012]
[-1.05059342 -1.43648914 -1.29881106 -0.48413811]
[ 1.05733889 -0.44416895 -0.08495583  0.4252417 ]
[ 1.09834919  0.00867925  0.67216073  0.03075526]
[ 0.84613908  3.11153782 -1.24414329 -1.53776824]
[-1.04024385 -0.80789865  0.85654864 -1.2832725 ]
[ 0.98127073  1.60878469 -0.12664608  1.29328783]
[-1.0354511   2.60122575 -3.03797077  0.34860252]
[-1.06189496  1.70636344 -0.64855247 -0.26737115]
[ 1.05545063 -0.13190665  0.05941456 -1.2128542 ]
[-1.02378128 -1.02108617  0.71630845 -0.14409231]
[-1.05031502  1.04190555  0.34916373 -0.19385608]
[-1.04892398  2.47482957 -1.92548772 -0.77229537]
[ 1.06728165 -0.28236439  0.30068643  0.39638069]
[-1.04586071  0.44789436  1.18306451 -0.83457302]
[ 0.97006931 -0.30185407 -2.01274355 -1.74387541]
[-0.54135765 -0.63309915  0.78878618  1.8358066 ]
[-1.02434855  1.25042237  0.50539015 -1.11678191]
[ 1.0843404   0.42027978  0.92024506  0.38642612]
[-0.96727506  0.27113873  0.87371414  0.55532982]
[-0.88208219 -1.28380217  0.2728686   0.75891335]
[ 1.0477561   0.13431906  0.70591987 -1.25208375]
[-0.93819735 -0.79499673  0.98640856  0.54637638]
[-0.896227    0.65392763  0.35843364  1.01416298]
[-1.02305185 -1.43922127 -0.74026746 -0.13623898]
[-1.04401525 -0.127581    1.37798312 -0.91753274]
[-0.97465817  1.70138413 -1.20475267  0.81165208]

Populations

0.0181410936947
0.0102672408219
0.012916660428
0.0126564544849
0.0158513496939
0.011947559457
0.0123052434494
0.0113461641547
0.00799644744093
0.0045090681915
0.00844224850168
0.00662977357851
0.0166027761264
0.00360783140217
0.00194368421707
0.00854887840174
0.00477055724664
0.0110985596482
0.0170620972847
0.0186976791499
0.00655077430577
0.00637393063616
0.0149456936112
0.00362498209877
0.00598512474495
0.00261102692659
0.000894631039126
0.0136673412301
0.0102894891867
0.010184604253
0.00602719690419
0.0131895878394
0.0101160286096
0.0133669678212
0.00400391146882
0.0191805696397
0.00901976135287
0.00623076224093
0.00923932558155
0.0150630290434
0.00836356842673
0.0118826561783
0.00312799023966
0.00408756158834
0.00479271130357
0.0149844725775
0.0045512844623
0.0115597961128
0.0163707495237
0.00532401880988
0.0157037199993
0.012758013726
0.013332391311
0.00562990420621
0.0136748411651
0.00885704986127
0.0141621774139
0.0134891229683
0.00940660389828
0.0198263139354
0.00678856393623
0.00504875508436
0.0175670310636
0.00501319019234
0.00680661175584
0.0123417772431
0.00539579248495
0.00234526150512
0.00417371485503
0.011856091305
0.00618279622474
0.00701919907005
0.00762654282135
0.0144343011178
0.0123936268654
0.014809826416
0.0169220188501
0.000912855624811
0.00884599783992
0.00580089058657
0.00365153167074
0.0146748943748
0.0135409173915
0.0140610968595
0.0138814300956
0.00378822254882
0.0139292191768
0.0110583242555
0.0106093437081
0.00416204198818
0.00987204698622
0.015316423552
0.0109954739933
0.00842745288058
0.0116291600622
0.00891304684868
0.00961214802004
0.0156408869536
0.0163143460448
0.00984609413148

State labels

0
1
2
3
4
5
6
7
8
9
10
11
12
13
14
15
16
17
18
19
20
21
22
23
24
25
26
27
28
29
30
31
32
33
34
35
36
37
38
39
40
41
42
43
44
45
46
47
48
49
50
51
52
53
54
55
56
57
58
59
60
61
62
63
64
65
66
67
68
69
70
71
72
73
74
75
76
77
78
79
80
81
82
83
84
85
86
87
88
89
90
91
92
93
94
95
96
97
98
99
