Cluster centers 

[ 1.25789888 -0.41795098 -0.13446221 -0.31914401]
[-0.90880526 -0.15439271  1.02531707  0.15473127]
[-0.92116586 -0.52169032 -0.18965804 -1.28184109]
[-0.83469747  1.66462998 -1.65874931  1.74174627]
[ 0.66435646  1.57684029  1.07057295 -1.17136703]
[ 0.97540338  1.53759041  2.61993556  1.86535556]
[-0.90959286 -0.12050349 -1.52191369  0.13818789]
[ 1.26289663  0.32323124 -0.77615452  1.65394526]
[-0.88622872  0.49955943  1.5952138   1.42225899]
[ 1.01399049 -2.43357034 -0.67851534  0.23299597]
[-0.76396823  1.63116517 -1.3025638   0.16993337]
[ 1.23971217 -1.61185993  1.6183344   0.66926078]
[-0.90533788  0.22298086 -0.80974737 -1.17548948]
[ 1.05120882  0.67792459  1.6692363  -0.22937022]
[ 0.92952345  1.4247343  -0.19284791 -0.42520219]
[-0.8759006   0.91006967  2.13237081  3.61735829]
[-0.74269971 -1.92171383  0.56142666 -0.06642157]
[-0.88581092 -0.78406233 -1.29394099 -0.49529461]
[ 1.29373953  0.34504097 -1.01247896  3.31205898]
[-0.87772976 -1.21346659 -0.43116206 -1.13182223]
[-0.89914939  0.68925395 -1.57721168  0.61709463]
[ 1.14623127  0.35777202  0.27211496 -0.84454952]
[-0.88626118 -0.4327332   1.42682401  1.47239919]
[ 1.23788973 -1.28763862 -0.59169745  0.45459143]
[ 1.26334146  0.05188475 -0.62912938  0.92571352]
[ 0.99004843 -1.91903309 -1.28691543  2.33369026]
[ 1.21660116 -0.20155064  0.60750115 -0.86414542]
[-0.56210642  2.10557981 -1.02924491 -0.24190445]
[-0.83378758  0.62301373  0.30664312 -1.30283246]
[-0.87120472  1.45743325 -1.83460634  2.85011911]
[-0.91380758 -0.76792983  0.19083356 -0.97455975]
[ 1.03497694  0.7347445   0.75843392 -1.07007243]
[-0.85753279  0.91733383  1.81907828  1.94889789]
[ 0.08651928  2.11348318  0.06404567 -1.33087911]
[-0.76069243  1.07215099  1.08070099 -0.44626184]
[ 1.24461125 -0.83055569 -0.95325786  1.87299363]
[-0.82027305  0.92152361 -0.74306256 -1.20642975]
[ 1.12451962  1.01785442 -0.48834826  0.51168711]
[-0.8376971  -0.59115007 -1.80990642  1.18607949]
[-0.88050181  0.516164    1.46115702  0.9435932 ]
[-0.80271188 -1.50313346 -1.18018209 -0.63201613]
[ 1.26265863 -1.15960707 -0.15951412 -0.29307783]
[ 0.80143975 -3.00173305  1.38021305  1.10210467]
[-0.89142522 -0.97887459  0.50089659 -0.50997747]
[-0.90130633  0.08167013  1.42468782  1.13447829]
[-0.92115    -0.21395698 -0.38888948 -1.3771847 ]
[ 0.5920476   2.09094676 -0.23665787 -0.65512351]
[-0.55009532 -2.54367988 -0.76389785 -0.80893885]
[-0.86711769  0.45473893  0.83985698 -0.55896378]
[-0.89864412  0.87212509 -1.73294294  1.45464085]
[-0.9196207  -0.04497019 -1.2357167  -0.57483561]
[ 0.48072984  2.5117739  -0.56877806  0.11013371]
[ 1.2408971  -0.10546373 -0.20491438 -0.20734713]
[ 1.04307259  0.91174518  0.05999595 -0.73813346]
[ 1.27062392 -0.71573158 -0.41049794  0.166858  ]
[ 0.85884335  1.34436632  0.27769223 -1.09626752]
[-0.88088502 -0.46386958 -1.63260223  0.44954816]
[-0.90152111 -0.37016645  1.21794835  0.7756686 ]
[ 1.26510102 -0.79449681  0.15705785 -0.61241206]
[-0.82882515 -1.60624149  0.03025513 -0.86618464]
[-0.89312455 -0.65482132  1.08202769  0.55520305]
[-0.8440955   0.62286734 -0.24954964 -1.48789547]
[-0.88773572  0.33933947  1.21026947  0.32570278]
[ 1.24163391 -0.38454224  0.25672902 -0.73598248]
[-0.86616898  1.03355994 -1.411617    0.18502939]
[-0.8149018  -1.02445172  1.46086716  1.91901476]
[-0.58628678  1.80570208 -0.71761795 -1.02943628]
[-0.88869004 -0.10626762  1.63488561  2.04237498]
[-0.90570002  0.36603245 -1.18383618 -0.61977292]
[ 1.24978177 -1.48505016  0.32251686 -0.61364413]
[-0.85900828 -1.15384932  0.80825665  0.13047747]
[-0.91064851 -0.07480018  0.30483043 -1.08707143]
[-0.91492328 -0.20005202  0.49100209 -0.81898897]
[ 1.16979934  0.45803785 -0.17901809 -0.28283524]
[-0.91725654  0.05842336 -1.35130721 -0.30133669]
[-0.79567836  1.20795891  1.73862936  1.31884742]
[-0.82431227  1.27632598  2.01560908  2.48918177]
[ 0.01000857  2.71061408 -0.73613787 -0.07647248]
[-0.92198487 -0.3284037  -0.82162153 -1.15745616]
[ 0.77084641 -3.32825829  0.33270263 -0.30183718]
[-0.75583686  1.43423226 -1.04344043 -0.6072554 ]
[-0.90457133 -0.37928384 -1.43059729 -0.16151946]
[-0.84229679 -0.91283945 -1.58270614  0.22916403]
[ 1.2426665  -0.4642636   1.05298158 -0.5920327 ]
[-0.831255   -1.21709337  1.06673396  0.77931698]
[ 1.21888265  0.32285684 -0.42661232  0.30379901]
[-0.90298564 -0.0210866   1.29203055  0.7835297 ]
[-0.91490656 -0.5831277   0.52505468 -0.61776717]
[-0.88975998  0.28659712  0.97469007 -0.20276122]
[ 1.26546814 -0.82884037 -0.661677    0.78618115]
[ 1.17302436 -1.48891258 -0.93326897  1.33951719]
[-0.91246544  0.31233835 -1.45656851  0.04640473]
[ 1.2751865  -0.51124814 -0.7657317   1.25771569]
[-0.87076454  1.12228779 -1.55003729  0.74029589]
[ 0.86932551  1.78282925  2.5748346   1.66826699]
[ 1.2518024   0.0654734  -0.53130028  0.59010731]
[ 1.1966704   0.09513836  0.13280678 -0.6934229 ]
[ 1.2633566  -0.31219803 -0.38742271  0.15768957]
[ 1.13641576  0.2854117   0.9755293  -0.88186699]
[-0.80007456  1.01899166  1.42855527  0.44866404]

Populations

0.0212022444125
0.012285435881
0.00515768174507
0.00295797684388
0.0179588091967
0.00488834176786
0.00201557381381
0.0434366241893
0.00215309471741
0.00975396047098
0.00275562997148
0.00868008398147
0.00511924542143
0.0170992295713
0.0160707941477
0.00102745928142
0.00291262575565
0.00304631164695
0.00445481979157
0.0108483951661
0.00925456693012
0.0227552095665
0.00342661356518
0.0269490979977
0.0214478170145
0.0043152191128
0.020652585566
0.00304130946262
0.00642255269901
0.00204204337236
0.00386460155161
0.0276326934934
0.000998872177223
0.014734796744
0.0030622661557
0.0237392504748
0.00408611878962
0.0146514171063
0.00303065839115
0.00456192880545
0.00303529970562
0.0178280937254
0.00931570165804
0.00465175010814
0.00563055865006
0.00251934171539
0.00430278399513
0.00181368916503
0.00459160222471
0.00293037124811
0.00194306055827
0.004001499751
0.0262988614126
0.0360654427884
0.027500626242
0.0199268314524
0.00723932534767
0.00700158180266
0.0149490257935
0.00308808291272
0.00297553677221
0.00297733012288
0.00498089535917
0.0163318517146
0.00746069086031
0.0010142110808
0.000929050874165
0.00391651842513
0.00205564494503
0.0242279540966
0.00805653730205
0.00413027795034
0.00506792852482
0.0440930597446
0.00200926425926
0.00520033116079
0.00203751997521
0.00324007247668
0.00482380541254
0.00417410248412
0.00117671675477
0.0050338281781
0.00100129197282
0.0117274220347
0.004959958345
0.0228701369675
0.00199795384767
0.00406092570892
0.00308823925323
0.017726608647
0.0133142496886
0.0040352964406
0.015953373711
0.00302456671866
0.0042558794103
0.0145473650257
0.0397818749018
0.033006184717
0.0269869002273
0.00262115690152

State labels

0
1
2
3
4
5
6
7
8
9
10
11
12
13
14
15
16
17
18
19
20
21
22
23
24
25
26
27
28
29
30
31
32
33
34
35
36
37
38
39
40
41
42
43
44
45
46
47
48
49
50
51
52
53
54
55
56
57
58
59
60
61
62
63
64
65
66
67
68
69
70
71
72
73
74
75
76
77
78
79
80
81
82
83
84
85
86
87
88
89
90
91
92
93
94
95
96
97
98
99
