Cluster centers 

[-0.829207    0.3265102   0.30930174  0.98587666]
[ 1.32808189 -0.44818051 -0.64373061 -0.57136032]
[ 1.20321396 -0.353109    0.94592059  0.18067741]
[-0.84107806  1.13102891  0.21015426 -0.19265244]
[-0.80639701 -1.49294363  0.24804443 -0.68209371]
[-0.81988473  1.49336543  0.44687721 -1.25117649]
[ 1.34180604  0.53899907 -0.49668258  1.03224529]
[-0.85188803 -0.57271638 -1.01333287  1.24018873]
[ 1.32866173 -0.32672466 -0.24904141 -0.06760598]
[-0.84964802 -1.11358959 -1.39076921  0.08988821]
[ 1.2119306   1.28932864  1.22275279  0.12252318]
[-0.83934042  0.62983157 -0.88678831  1.1462766 ]
[-0.79401554 -1.05992101  0.46095593  0.55813567]
[ 1.31085703 -0.14569885 -1.14357058  0.21426455]
[-0.87720869 -1.30385859 -0.89268384 -0.34610543]
[-0.53841884 -1.67351783  1.28087607 -1.46385753]
[ 1.14177292  1.16119355 -1.95439648  1.36439486]
[ 0.58687376 -0.99302906  2.19299584 -0.37536931]
[ 1.28499606 -0.4637103  -1.46868529 -0.99600826]
[ 1.30049644 -0.03213521  0.37737786  0.57085461]
[-0.362519   -0.35588333  2.06474353  0.69066723]
[-0.85274338  1.83483044 -0.7585869  -1.44322956]
[ 1.33061294  1.1920558   0.25302722  0.6697327 ]
[-0.78722816  1.23479962 -1.36935254  0.52577633]
[ 1.29227534 -0.39635925  0.27636307 -0.08762673]
[ 1.30577971  2.23519409  0.34685232 -1.25200654]
[ 0.97828436 -0.07405132  1.8585681   0.57167146]
[-0.85934211  1.26093137 -0.28565622 -0.19257348]
[-0.85319091  0.92236883 -0.06001004  0.35806507]
[-0.83541532 -0.62553493  0.15430586  1.11726115]
[ 1.11122289 -0.80068106  1.13467049 -0.80012861]
[-0.88040556 -1.57009668 -0.71594313 -1.62985831]
[-0.7088226  -0.12324113  1.10174179  1.0062306 ]
[ 1.30930881 -0.69590594 -0.86409823 -1.96178167]
[-0.73883721 -0.76823682  0.86125008  0.89515834]
[-0.82767883  2.18873549 -0.57143391 -2.95444245]
[ 1.33385357 -0.19343217 -0.66832474  0.16739485]
[-0.76230716 -1.32982687  0.59112017 -0.06544157]
[-0.49483742 -1.34371583  1.54924775 -0.19719832]
[-0.86241171 -0.36134609 -0.47567884  1.36316054]
[ 1.27930117 -0.64926002  0.20720306 -0.89573787]
[ 0.82094878  1.93463176  2.01334847 -2.06072669]
[ 1.2176666  -0.65787821 -2.0193193  -3.02228134]
[ 0.99455218 -0.56748004  1.66235105  0.03933119]
[-0.75657687 -0.18096207 -1.7332632   1.51638035]
[-0.85688805  0.65040892 -0.28432683  0.8688651 ]
[-0.78170831  0.83594662  0.76072238  0.11598472]
[-0.71806513 -0.84279377 -2.23538265  0.47051576]
[-0.78994274  1.228307    0.69740982 -0.68173471]
[-0.83643048 -0.86787303 -1.37890709  0.74491013]
[ 1.23915394  0.77709011  1.03419431  0.69145038]
[-0.86532477 -0.75414697 -0.41858355  1.03825411]
[ 1.29063976  1.70089873  0.74433458 -0.26829542]
[-0.79168176 -1.66076135  0.2790036  -1.53471958]
[ 1.27012466 -0.08828788 -1.54230733  0.3173577 ]
[ 0.25840897 -0.83846629  2.41798121  0.20501576]
[ 1.31529483  0.15916838 -1.02902509  0.79673577]
[-0.86021606  1.71891097 -0.15307796 -1.54325603]
[-0.77386163 -1.78406438  0.22391862 -2.68782469]
[-0.85571087 -1.28957386 -0.18474075 -0.05174789]
[ 1.3232116  -0.5860273  -0.68247321 -1.17422467]
[-0.70276352  1.61349958  1.16296802 -2.06721122]
[ 1.20775015  0.34742777 -1.79246477  1.08507568]
[-0.57975278  1.18468897  1.62611947 -1.00807793]
[ 1.14852995  2.11034331 -1.68680181  0.19107502]
[-0.72324947  0.90710479 -1.72762521  1.18567463]
[-0.8719027  -1.44813489 -0.47760905 -0.75909411]
[-0.60081225 -0.85671457  1.40562802  0.68951416]
[-0.68701572  0.33039595  1.23354983  0.65302153]
[ 0.28705613  0.38387025  2.58463523  0.26941487]
[-0.85539131  0.09895021 -0.16958681  1.28403544]
[-0.87346882 -1.15771345 -0.85602577  0.16757732]
[ 0.99213851  1.14848515  1.96499785 -0.11783679]
[ 1.25693098  0.19923031  0.81535062  0.75561275]
[-0.79540463  2.05219582  0.55677344 -3.42989494]
[-0.80952719 -0.20559195  0.4666924   1.19353104]
[ 0.41644488 -1.31196167  2.09873882 -1.20502413]
[ 0.94199877  0.46648073  2.03748112  0.52777574]
[-0.84939568  1.06834472 -0.70900837  0.43836826]
[-0.84820309 -1.29591247 -1.51652788 -0.71920257]
[-0.85706729  1.45291883 -0.11627081 -0.77546938]
[-0.76066911  1.65233441 -1.54995721 -0.25665229]
[ 1.3001288  -0.33263351 -1.28375195 -0.37458101]
[-0.84752957  0.12897297 -0.82054475  1.45457728]
[-0.84579589  1.48972254 -0.81294    -0.39973792]
[-0.8706355  -0.97965617 -0.69773     0.64787788]
[ 1.12900825  2.89183399 -1.95344996 -1.76075249]
[ 1.19594884 -0.16199468 -2.00062146  0.06235684]
[ 1.20879887 -0.49926362 -2.02009745 -1.46357445]
[ 0.72836689 -0.36132349  2.26360707  0.45064097]
[-0.85375117 -1.03103071 -0.1254631   0.59978481]
[ 1.33484448 -0.0220278  -0.20796255  0.5535684 ]
[ 1.33031848  0.47683068  0.16205209  0.93330847]
[ 0.95156377  1.5387185   2.00455068 -0.88063142]
[-0.83899298  1.8151837   0.2112618  -2.15296141]
[ 1.13886783  0.20891823  1.41658716  0.67885193]
[-0.78293594  1.98996562 -1.4732233  -1.31236471]
[-0.61029145  0.78017966  1.54776243 -0.10988182]
[-0.81768905  0.63834777  0.45163718  0.56914819]
[ 1.30349747  1.12244026 -1.0464098   1.08675912]

Populations

0.0115164659776
0.0244941097525
0.0221112205764
0.0124044517767
0.0163162211809
0.0113110131586
0.0158284942462
0.00801592249121
0.0208946982798
0.00355848020211
0.00691348408793
0.0111778848945
0.0121799473016
0.0122120197914
0.00734892148461
0.0066610061896
0.00315703062661
0.00783998635347
0.0189917369144
0.0224230330297
0.00372284062324
0.00827419688597
0.0116992610688
0.00599471693974
0.024681845222
0.00183282133259
0.00861853003604
0.011461104679
0.0124854969148
0.013665658511
0.00917184051054
0.00795352282522
0.00789392355497
0.00789228202477
0.00688391875661
0.0034648995529
0.0160762548778
0.0136270262568
0.00713546140671
0.0111501084616
0.0169353118704
0.00253892601123
0.00593561399127
0.0110429642728
0.00564558426839
0.0136914941203
0.0106545118892
0.0010856053993
0.0123725718923
0.00439244120362
0.0172816948426
0.0109231095502
0.00562688556862
0.0106342104925
0.00762173535012
0.00451819033001
0.0184773005092
0.00953307552684
0.009111224912
0.0160205223559
0.0155559929773
0.00530676188673
0.00569486968501
0.00526550756843
0.00329835305937
0.00338912098489
0.0118992046908
0.00647737725104
0.00695569424691
0.00422395697029
0.013739453412
0.00820120321363
0.00587383661145
0.0180954518329
0.00186803373084
0.0112537626614
0.00398047062105
0.00716831128842
0.00960401225488
0.0030399678318
0.0147682618419
0.00370717421938
0.0199145033096
0.0106072702261
0.0105434184713
0.0100979355231
0.00146123602842
0.00990938804854
0.0106146100036
0.00577681421927
0.0116099107821
0.0251905911043
0.0203090923446
0.00734283012289
0.00557011068597
0.0118205302298
0.00328004883712
0.00598355100631
0.00969593907117
0.00782062803146

State labels

0
1
2
3
4
5
6
7
8
9
10
11
12
13
14
15
16
17
18
19
20
21
22
23
24
25
26
27
28
29
30
31
32
33
34
35
36
37
38
39
40
41
42
43
44
45
46
47
48
49
50
51
52
53
54
55
56
57
58
59
60
61
62
63
64
65
66
67
68
69
70
71
72
73
74
75
76
77
78
79
80
81
82
83
84
85
86
87
88
89
90
91
92
93
94
95
96
97
98
99
