Cluster centers 

[-0.86355842  1.32189987 -0.67809732  1.25451128]
[ 1.09430176 -0.44531699 -0.6113623  -0.19856206]
[-1.04938525  0.33257829  1.17202349 -0.59526072]
[  0.86320705   3.18024885 -15.2237233    1.20586876]
[-0.97734892 -1.36422879 -0.12701251  0.23261129]
[ 1.10688964  0.44215155  0.96745016 -0.00573279]
[ 0.75854529  0.10880274  0.71599421  1.85485021]
[ 1.06295818 -0.24092299  0.39842836  0.47806956]
[ 1.00843375 -0.14776852 -0.11527732 -1.57022291]
[-1.05977335  1.98203528 -1.12386809 -0.3075619 ]
[-1.00718301 -0.8823066   0.53813628 -1.70667505]
[ 1.02805615 -0.32576492 -1.43460735 -1.43614971]
[-0.73568947 -1.65162987 -2.38521323  1.15290804]
[-1.03379412  1.72988171 -0.29375562 -0.93005396]
[-0.96380652  0.69474249  0.43879846  0.65229042]
[ 0.93393464  0.69218023  1.24419088 -1.79239442]
[-1.04823293 -1.13088124  0.39422121 -0.47700942]
[ 0.71617556  0.57895498  0.50705287  2.00707204]
[-0.97088702  1.07280907  0.96870005 -1.60817149]
[ 0.89420134  2.27491874 -1.42885297  1.68182679]
[ 0.90373124 -0.76787316 -0.61525315  1.20179904]
[-1.04486818 -1.45490998 -1.73355803 -0.39446704]
[-1.00541328 -0.29830041  1.19821305  0.15388468]
[ 0.484466   -1.15225188 -0.83036136  2.01762037]
[-0.81438825 -0.71873178  0.91957997  1.12598784]
[ 0.95066287  2.71252082 -0.62352249 -1.05985504]
[ 0.93568186 -0.03967586  0.71113484  1.29561878]
[ 1.07934222 -0.13153229  0.19205913 -0.96401445]
[-0.59267379 -1.42899617 -0.24683897  1.56837362]
[-0.96374504 -1.53452665 -1.19756337  0.29609211]
[ 1.10035575  0.0311832   0.64634386 -0.59723152]
[-0.98379456  2.37257183 -2.62190263  0.74805444]
[ 0.99333493  0.97779616  0.5432804   1.18673181]
[-1.05315158 -0.87509839  0.86762668 -0.88614589]
[-0.85010851  0.07567031  0.82585899  1.1308451 ]
[-0.88991905  1.92075774 -1.84501243  1.26813876]
[ 1.09082014 -0.41528417 -0.94865489 -0.62932427]
[-1.05115155  1.08916093  0.51289399 -0.68540289]
[-1.04712125 -0.10535126  1.39069863 -0.81289187]
[-1.03921808  0.79878056  0.59675142 -0.06182119]
[ 0.85050438  1.49665782 -0.22667133  1.69079914]
[ 0.928138   -0.4522817   0.2728768   1.21982087]
[-1.05772525 -1.21380422 -0.58433553 -1.26011545]
[-1.04269217 -1.41321874 -0.89489968 -0.36448526]
[ 1.09951788 -0.09120639  0.53676088  0.01035637]
[-0.47198818  2.86834427 -2.32831155 -0.72312349]
[-0.82232137  0.82458799  0.03421439  1.33666886]
[-0.94715816 -1.50027461 -3.56896274  0.28570645]
[ 0.72284483 -0.8298321  -0.20792713  1.74272402]
[ 1.10991664  0.55602101  1.08636552 -0.35152077]
[-1.03848505  0.41529598  0.98620463 -0.14658387]
[-1.05648866  1.63515194 -0.56223159 -0.15583482]
[-0.9395241  -0.58757433  1.0766563   0.57172002]
[-1.00637814 -1.24632742  0.22399262  0.02170271]
[ 1.10324568 -0.19023875  0.2297091  -0.41597688]
[ 1.10245944  0.38986926  0.99479026 -0.50037561]
[ 1.01601247  2.03850733  0.41420092 -1.05637021]
[-0.97273     0.17080415  0.95060667  0.49749482]
[ 1.096034   -0.28610446 -0.21334709 -0.6559477 ]
[ 1.07765118 -0.45258024 -2.11700762 -0.75000849]
[-1.02666369  1.41756503 -0.41740392  0.28551315]
[-0.54357488  1.4970937  -1.2687843   2.12929571]
[ 1.09571404  1.45320687  0.52039188  0.22570016]
[ 1.04874411 -0.47479869 -0.1488174   0.50464895]
[-0.06527323  0.23363623  0.41210379  2.39723133]
[ 1.06746169 -0.27346775 -0.47599766 -1.09380151]
[-0.89426752 -1.6088233  -1.96154796  0.63531736]
[-0.9648568   1.13542469 -0.17071769  0.73029372]
[ 0.93600973 -0.24980297 -1.36957489 -1.98978763]
[ 0.98634296 -0.29648575 -2.4185382  -1.68310287]
[-1.01819992  1.65047157 -0.88919699  0.42174939]
[-1.05098956 -1.31170063 -0.32347598 -0.51115925]
[ 1.08889174  0.73607799  0.90971121  0.40635167]
[ 1.0453211   0.08979564  0.78127849  0.70936201]
[ 0.98243239 -0.23527603 -0.75567613 -1.72174327]
[-1.0019422   0.39253776  1.4034219  -1.45836694]
[ 1.04158822  0.14016093  0.75743156 -1.2980102 ]
[ 1.05181775 -0.62283099 -1.03631758  0.33739763]
[-1.0590418   2.20939913 -1.73525158 -0.09853254]
[-1.03954236  1.17629372  0.08301422  0.015637  ]
[-0.78724366 -1.58676602 -1.02272139  1.06720911]
[-0.62017242  0.10374165  0.58828199  1.80786056]
[-1.04738332 -0.59826208  1.21963857 -1.06729174]
[-0.9989097   1.88757406 -1.46924731  0.64353294]
[-1.0536049  -0.98234431  0.60412002 -1.03769063]
[ 0.0758105  -0.86810032  0.38596854  2.31947684]
[-0.98990437 -1.00687198  0.75628047  0.16782847]
[-0.8711655  -1.28422737  0.23944106  0.79640378]
[ 1.09383301 -0.34702251 -0.05630012 -0.01530204]
[ 0.93313242  0.02042143  0.42105658 -1.91580599]
[ 1.04531175 -0.32165061 -1.09595829 -1.2992006 ]
[-0.95830829 -0.52601202  1.19920569 -1.94537724]
[ 0.67332516 -0.51031848  0.44622533  1.90048168]
[-0.88935578 -1.49223012 -0.54709502  0.6927284 ]
[-1.04137675 -0.67974516  1.12283365 -0.35393936]
[-1.05781102 -1.14222681  0.14529932 -0.9463392 ]
[ 0.98164538  0.5722713   0.77924475  1.1948584 ]
[ 0.3151196  -1.09447971 -0.26001723  2.1715633 ]
[ 0.53942349  0.81589662  0.1364172   2.38019973]
[-1.01348295  1.25798793  0.58719439 -1.26896406]

Populations

0.00874217876356
0.013082528189
0.0156571620487
0.0142482610507
0.0121779497784
0.00600565766344
0.0162608203356
0.00983847876955
0.0139724237491
0.00422977275644
0.00682322569039
0.00443437262925
0.0170875500712
0.0143183362863
0.00635875057563
0.0156124880728
0.00400017126214
0.00391344210176
0.00432903205566
0.00765767318343
0.012887599771
0.0164555323725
0.00538997795351
0.0106441020949
0.00178467363727
0.00986889868397
0.0148875039341
0.00733345074394
0.0122250351873
0.0152869246413
0.00513470915996
0.00884449943798
0.00821221901396
0.00695261218022
0.00446056491771
0.0160948291155
0.0169237184564
0.0133359940832
0.0163724890748
0.00909636505946
0.0133154549367
0.00847276433584
0.0169495560903
0.0183495283151
0.00232758372991
0.00626591736911
0.0044774327557
0.00657078756004
0.00787481765085
0.0149570612107
0.0154229294928
0.0112263492915
0.0131397270714
0.0142814384903
0.00881489648927
0.00348133209203
0.0133282364238
0.0142810663747
0.00752772083239
0.00995033455539
0.00275761776499
0.00861702710404
0.0141216104496
0.00213902977061
0.0126594338308
0.00881226951795
0.0110773178267
0.0052122412455
0.00691980842972
0.0114590427082
0.0147091450702
0.010869891854
0.0170267970013
0.00735010113857
0.00711180179
0.0115912821997
0.0107938642389
0.0106052986926
0.0204982718386
0.00634260968496
0.00374550635038
0.0104248168736
0.00902706668677
0.00632124287576
0.00572143348933
0.0177215997795
0.01335431169
0.0161519974898
0.00731849074199
0.00863166276655
0.00416707859
0.00817660615778
0.0107701752844
0.0202131059238
0.010320982485
0.0097680145054
0.00521716630402
0.00356224201126
0.00675512821779

State labels

0
1
2
4
5
6
7
8
9
10
11
12
13
14
15
16
17
18
19
20
21
22
23
24
25
26
27
28
29
30
31
32
33
34
35
36
37
38
39
40
41
42
43
44
45
46
47
48
49
50
51
52
53
54
55
56
57
58
59
60
61
62
63
64
65
66
67
68
69
70
71
72
73
74
75
76
77
78
79
80
81
82
83
84
85
86
87
88
89
90
91
92
93
94
95
96
97
98
99
