Cluster centers 

[-1.08781149  0.83395938  0.55665824 -0.0946569 ]
[ 1.01389236 -0.23150869 -0.27127452 -1.10622776]
[-1.10619915 -1.16167916  0.23824013 -0.73249074]
[  0.74401411   3.08999729 -15.30744766   2.11964384]
[-0.29459508  1.47577326 -1.01462247  2.31279974]
[ 1.03356154 -0.40006888 -0.05383884  0.22504978]
[-0.85047037 -1.63916245 -1.48974765  1.04164375]
[ 1.04050237  0.75604872  1.07486761 -0.75082337]
[-1.09925364 -0.3985042   1.30831458 -0.87578707]
[ 0.94038223  1.08572023  0.49452718  1.2091452 ]
[-1.0904742   2.60230545 -2.86878365  0.36211342]
[-0.50814401 -1.45167778 -0.30766594  1.78468561]
[ 1.02498795 -0.40565949 -1.31573007 -0.86438475]
[-1.09465107  1.65593191 -0.69034482  0.06806898]
[-0.89834064 -1.53781253 -0.62987835  0.85632278]
[-1.01701431 -0.83180133  0.98637341  0.29734572]
[-1.02698997  0.08588276  1.03532656  0.36394657]
[ 0.48894564 -1.06547922 -0.4560345   1.99732003]
[-0.97948297 -1.61039506 -2.32925773  0.5635933 ]
[ 1.01371737  2.47026466 -0.50941382 -0.40107464]
[-1.09958378  2.28140918 -2.00823701  0.21257509]
[ 1.03453467  0.15493884  0.84597556  0.37513007]
[ 0.8879106   1.71351978 -0.31827119  1.48755129]
[ 1.04109593 -0.51060509 -0.7681108  -0.00706254]
[-0.96421668  1.23932223 -0.38009464  0.98387671]
[ 0.88552133  3.32770632 -1.80451317 -1.15975688]
[-1.10148493  0.90919635  0.69780877 -0.70565866]
[-1.05558896 -0.48320581  1.2134046  -1.64585094]
[ 1.0200115  -0.08279448  0.28666138 -1.0599802 ]
[-1.11453966 -1.33915234 -0.969863   -0.85640038]
[-1.08948424  0.34172692  1.05467144 -0.27351404]
[ 0.8373067  -0.73739449 -0.25864275  1.33402192]
[ 0.91402885 -0.36688502  0.43220793  1.10273529]
[ 1.02043395 -0.44827054 -2.19216005 -0.77141902]
[ 0.78087823  2.21728601 -1.38763652  1.88613417]
[ 0.89785465 -0.26273078 -3.23070375 -1.63583481]
[-1.10355445  2.03040692 -1.38174255  0.04150791]
[ 0.87746244  0.40471966  0.79890069  1.38518035]
[ 0.83739933  0.00904869  0.29453853 -2.08612379]
[-0.69327081  0.7768711   0.02482495  1.79835201]
[-0.89170576 -0.61930401  1.02886203  0.95362427]
[-0.94396434 -1.53586917 -3.7993172   0.73409357]
[-1.10466307  1.38916935  0.02020391 -0.53883295]
[-1.0791419  -0.93478086  0.49330342 -1.50049817]
[-0.86080513  0.1870218   0.77936455  1.19388046]
[ 1.04696666 -0.26223729 -0.11832835 -0.6533648 ]
[ 0.85545665 -0.22829288 -0.98913944 -1.99527474]
[ 0.98558391  0.20921094  0.79489068 -1.35581651]
[-1.01481514 -1.55192628 -1.18841351  0.34107477]
[ 1.06053063  0.46105409  0.97574117 -0.08775406]
[ 1.00946173 -0.26902171  0.40477702  0.53213665]
[ 1.01916394  0.77122995  0.85910315  0.62456723]
[-1.07486067 -1.45109613 -0.79721223 -0.1307872 ]
[-0.5456752  -1.64973516 -2.09203587  1.6742269 ]
[-0.09150753 -0.63544994  0.68038413  2.27303358]
[ 0.97922351 -0.66534251 -0.79191326  0.6512515 ]
[-0.96663582  0.71552758  0.3687176   0.86564932]
[-0.93431656 -1.39360273  0.0018564   0.70095251]
[ 0.92213272  1.90366626  0.55450387 -1.30206053]
[ 1.05559446 -0.19017589  0.25827997 -0.34288265]
[ 0.64520623  1.06535582  0.10909055  2.10499222]
[ 1.05299467  0.10071475  0.73062703 -0.59310965]
[-1.05087252  1.23586675  0.59741039 -1.37017181]
[-1.1002417   2.41283967 -1.74374283 -0.70733663]
[-1.04692188  1.93453261 -0.44813947 -1.31064052]
[-1.10245969 -0.87189598  0.89761345 -0.75714124]
[-1.07616347 -0.46763904  1.21704308 -0.19331208]
[ 0.82019843  0.80763967  1.20681923 -2.0215169 ]
[ 0.37669513 -0.88229876  0.22986099  2.15166707]
[ 1.05157344 -0.3769989  -0.29137149 -0.22827144]
[ 0.74973643 -0.50486498  0.4340331   1.63894986]
[-1.09384795 -1.47683774 -1.51138558 -0.28526685]
[ 0.93234408 -0.1632593  -0.28418894 -1.68439859]
[ 1.04762963  1.57605651  0.37394127  0.29711193]
[-0.65419359 -0.94300654  0.69739722  1.6054265 ]
[-1.10891626  1.86000402 -0.74756402 -0.54004572]
[-1.10398883 -1.18820838 -0.30739216 -1.21693889]
[-1.09587246 -1.325516   -0.25461536 -0.42233663]
[ 0.99356388 -0.30507998 -0.87921294 -1.25028091]
[ 0.77569837 -0.96351661 -1.233509    1.43082494]
[-1.0254217   1.92757479 -1.55946534  0.8192671 ]
[-1.01970661  0.49963839  1.33034945 -1.71369308]
[-1.0802292   1.28940589 -0.13095642  0.14920567]
[-1.04836898  0.90782133  0.29794119  0.38486354]
[ 1.03028325 -0.59261873 -1.45213328  0.03365659]
[ 0.96522529  0.06433206  0.80255316  0.91344891]
[ 1.05177593 -0.09539337  0.55122221  0.0174018 ]
[-1.04456246 -1.23164804  0.34323443  0.08163916]
[-0.91685145 -1.20259473  0.50852126  0.77756656]
[-1.10364339 -1.46453884 -2.44572559 -0.34760922]
[ 1.0436447  -0.39139498 -0.74898348 -0.61106666]
[ 0.97272492 -0.52282478 -0.07506431  0.74846862]
[-1.08303584 -1.04414012  0.68535327 -0.29766822]
[ 0.9272858  -0.30892138 -1.81870691 -1.62256638]
[-1.03084052 -1.42062668 -0.30432009  0.2006443 ]
[-1.09632479  0.26641582  1.26189419 -0.91735251]
[ 0.37612426  0.32791615  0.5832582   2.31160573]
[-1.01981934  1.60284111 -0.90124889  0.75470644]
[ 0.68915131 -0.04039897  0.76292942  1.84570872]
[-0.88066451  2.0393731  -2.09869628  1.52822452]

Populations

0.0166942147362
0.0126343528753
0.0143026223748
0.00298757629704
0.0158598389963
0.0066628034122
0.0113589030905
0.0144418550606
0.00877653293165
0.00376231883591
0.00630763033401
0.0117839934473
0.0153158669263
0.00906637522104
0.0161389306674
0.0182811766991
0.00697994369481
0.0083771639907
0.00208280705395
0.0067297625706
0.0149268523671
0.00712035888112
0.00992462585568
0.0113852832688
0.000665654689515
0.0144807942596
0.00827960817374
0.01657424747
0.00840653625607
0.0186408548018
0.00814070388808
0.0109865985724
0.007395950026
0.00412710438997
0.00393839098875
0.0105789249545
0.0105073938218
0.00622561030433
0.0045560998584
0.0107019805703
0.00263566590128
0.0186801755245
0.00686003154136
0.00769155515857
0.0135914306049
0.00639447807592
0.0115882640884
0.0100204204087
0.0151070758799
0.0143234766157
0.0133766194514
0.0119727524149
0.00255171636655
0.00403042085436
0.00770663873724
0.00972998796084
0.00869953254589
0.00336201539491
0.0178160561727
0.00625826205858
0.0176900874665
0.00801389925348
0.0062713645345
0.00721697856394
0.0144093888262
0.0222181465326
0.00449061048727
0.00808495075148
0.013340974153
0.00829304962002
0.0104582555922
0.00926911869195
0.00765378703292
0.0053481284609
0.0130746424576
0.00856206312047
0.0142326998965
0.0120835089437
0.00326050177662
0.00725725696871
0.00560982490256
0.0171811702972
0.0135902528654
0.00744039235513
0.0141018184807
0.0175767802307
0.0153591101335
0.0103926123459
0.0048329423613
0.0159174061306
0.010295943424
0.0148944652336
0.00873845771151
0.0134841613426
0.0138265254387
0.00386578412585
0.0112489017682
0.00788258627908
0.00402663307271

State labels

0
1
2
4
5
6
7
8
9
10
11
12
13
14
15
16
17
18
19
20
21
22
23
24
25
26
27
28
29
30
31
32
33
34
35
36
37
38
39
40
41
42
43
44
45
46
47
48
49
50
51
52
53
54
55
56
57
58
59
60
61
62
63
64
65
66
67
68
69
70
71
72
73
74
75
76
77
78
79
80
81
82
83
84
85
86
87
88
89
90
91
92
93
94
95
96
97
98
99
