Cluster centers 

[-0.55411587 -1.71588739  1.3984553  -0.55648752]
[-0.62320088  0.60866629 -0.24743679  0.59681341]
[-0.62521011  1.50234745  1.27174347 -1.19119256]
[ 1.81444981  0.20641068 -0.52361294  0.54294311]
[-0.38816115 -0.72851826  0.66690685  1.74701168]
[-0.6283928  -0.26609529 -1.08384789  0.7408026 ]
[-0.61804777 -1.20015091 -0.73621164 -0.65650516]
[ 1.82476033 -0.39505641 -0.39568723 -1.09192697]
[-0.59919384  1.2231745  -0.34467398 -0.65354499]
[ 1.38344366 -0.13761459  1.07245588  1.69653145]
[-0.48324631  0.77136592  1.16075063  0.90190934]
[ 1.3981584   1.80034304  2.58272644  0.20018418]
[ 1.81554894 -0.32445422 -0.10658157 -0.29933445]
[-0.63456349 -1.33026711  0.02764411 -0.13332094]
[-0.49479359  0.63629396 -1.86715757 -0.13574568]
[-0.20953903 -2.13990235  5.41128287 -3.87051586]
[-0.64304942 -1.44605121 -0.02165351 -0.8798413 ]
[-0.6052197  -0.98538863 -0.12469191  0.78653409]
[-0.62694998  1.32316299  0.47770535 -0.75252253]
[ 1.23828065  1.57777318 -2.91042297 -1.3998562 ]
[-0.62756875 -1.04462997 -0.85757882 -0.17690538]
[ 1.81515374  0.21518587 -1.43852368 -0.27907252]
[-0.32291738  0.2324875   1.06814068  1.80731753]
[ 1.79427719  0.94259138 -0.27637948  0.88431993]
[ 1.74500856 -0.55654688  0.60061987 -0.2343616 ]
[-0.53968476 -2.00412301  2.69935115 -2.1843051 ]
[-0.59091928  0.86858851  0.61179339  0.44746024]
[-0.62014119  1.28093514  0.91862888 -0.53529093]
[-0.58083584  0.7476409  -1.1944521   0.00591518]
[ 0.22080237 -1.44348808  2.18261058  0.74583714]
[ 1.75431099 -0.78513582  0.50089467 -3.31325383]
[-0.54984072  1.47185317  2.22191693 -0.89669062]
[-0.59013049 -1.49553126  0.70581474 -0.06085608]
[-0.52262582 -0.88426673 -1.59558026 -0.74006592]
[ 1.82006709 -0.6894067   0.48464432 -1.74651369]
[-0.56986259  0.06913735 -1.70876926  0.30494089]
[-0.59202082  0.26465054 -0.0625652   1.1495828 ]
[ 1.69689984 -0.32825013  0.47624183  0.57689531]
[ 1.743573    1.44138941  0.43227754  0.66425692]
[-0.61158323  1.56545931  0.60802053 -1.4657529 ]
[ 0.86187869  0.02534088  1.57049828  2.3076595 ]
[-0.54122329  1.46359851 -0.48251457 -1.27235077]
[-0.63548527 -1.76653319  1.17140653 -1.50210914]
[-0.49198107 -1.17863219  0.66152495  1.01037974]
[-0.62455528  0.15980251 -0.58987958  0.94617125]
[ 1.36484517  0.9875446   1.46782085  1.54283518]
[ 1.66372294  0.20587559 -2.17719799 -1.03031055]
[ 1.74053277  2.28327374  1.75768828 -1.05912528]
[-0.62477104  1.08613375 -0.02161002 -0.2543437 ]
[ 1.64851354  0.64309928  0.38971504  1.40962017]
[-0.41019665  0.98933086  1.77374639  0.6404335 ]
[-0.55393669  0.541775    0.49022524  1.03527812]
[-0.48011328  1.76409842 -0.22552851 -2.10833726]
[-0.3039856   0.0102045  -2.69712079 -0.48986696]
[ 0.35125459 -0.91362531  1.72640349  1.92170089]
[-0.62070105  1.10425924  0.52442183 -0.14496519]
[-0.60719545 -0.85881988 -1.23302532 -0.09219673]
[-0.28136818  0.65758425  1.60172683  1.41265765]
[ 1.80378626  1.81065366 -1.1587273  -0.59596003]
[-0.62289974  0.75566784 -0.57608108  0.22478359]
[-0.64898569 -1.87630458  1.59774477 -2.70891839]
[-0.48672448 -1.5723744   1.28721295  0.18636775]
[-0.6206888   0.28716134 -1.04557392  0.59945964]
[-0.4242948  -0.01105971  0.64246259  1.79437148]
[-0.61657193  1.7849961   1.53016647 -2.25429028]
[-0.478369    1.38488335 -1.05455503 -1.1461612 ]
[ 1.3884167  -0.61237578  1.33700455  1.11494646]
[-0.52799325 -0.12400528  0.1776372   1.55413431]
[ 1.83023445  0.53693773 -1.37563652  0.12487199]
[-0.58096637  1.18328166  1.25450303 -0.14971356]
[-0.60866629 -0.32877033 -0.43930801  1.18368675]
[-0.31313613 -1.75003758  2.1817718  -0.03618133]
[ 1.79569471 -0.14965352 -0.15406974  0.25654861]
[-0.58695824 -1.28149697  0.36125304  0.44860584]
[ 1.79957511 -0.64344833  0.5638753  -1.01522861]
[-0.62030308 -0.62175995 -1.2252226   0.37036533]
[ 1.75607847 -0.53344598 -0.54184521 -2.29028198]
[-0.49204086  1.28631076  2.06015893 -0.22132191]
[-0.60303911 -1.36421488 -0.51105556 -1.3207143 ]
[-0.54105197  1.13651569 -1.04421346 -0.62197229]
[-0.54848207 -1.84220792  1.82499283 -1.07785249]
[-0.62420454  0.93402148  0.14277294  0.14027642]
[-0.51954609 -0.76479958  0.25519437  1.41442722]
[-0.58829209  1.00102458 -0.81469885 -0.2952465 ]
[-0.57562061 -1.4885391  -0.23975692 -2.05408195]
[-0.63796773 -1.08461966 -0.47055836  0.17559024]
[ 1.74878804  0.22095148 -0.06803269  0.97629762]
[ 1.61885264 -0.0167781   0.50041692  1.26985615]
[-0.61494469 -0.72095346 -0.39630591  0.9810288 ]
[-0.61767822 -1.58383552  0.73306058 -0.55719859]
[-0.46238271  1.5766689   2.96635594 -1.15791896]
[ 1.77821781 -0.22139249 -1.15998891 -1.27025165]
[ 1.83222469 -0.12422734 -0.78148355 -0.45126093]
[-0.60982176  1.3585902   0.07297299 -0.92070036]
[ 1.82941807  0.67417519 -0.73198352  0.65614074]
[-0.63410884 -0.74561898 -0.73489291  0.64670358]
[-0.64545223 -1.58804695  0.40088009 -1.22499769]
[-0.5981074   1.33836986  1.43136001 -0.59714357]
[-0.39828192  1.13311116 -1.81481138 -0.7975767 ]
[-0.40231031  1.37137016  2.64930339 -0.33082824]

Populations

0.00621773834575
0.0167914086225
0.0118175168407
0.0248505565049
0.00428375861083
0.00937818169264
0.0114154921408
0.0243986917754
0.00667503377843
0.0153213437314
0.00516515688191
0.00579899810164
0.0250616310811
0.0137886306413
0.006292909446
0.000357940719515
0.00952832735196
0.00901412488045
0.010184360834
0.00314770096102
0.00779188294582
0.0138919958138
0.00382749491068
0.0165413532646
0.0197902690625
0.00194856255413
0.0129475836528
0.00943312391863
0.0119401832644
0.00409831737655
0.00961939824407
0.0019705939373
0.0076412441617
0.00506313712907
0.0170775255938
0.0118243959193
0.00876489601112
0.0280155773391
0.0122134082148
0.0109782149978
0.00613396492527
0.00459897747489
0.00599936973973
0.00756945380646
0.0151860486549
0.0109388506543
0.00790009066516
0.00209223916704
0.0129270591194
0.0210071350366
0.00312033057768
0.00691881115551
0.00313830601321
0.00383050441119
0.00720659136701
0.0132797979555
0.00774299612574
0.00195822386945
0.00212133489696
0.013890837253
0.00213613795119
0.00413806547352
0.0138377783192
0.00117569433595
0.0034915640915
0.00389820118469
0.0166393352306
0.00945644879694
0.0193782912622
0.00805261991887
0.0102773056948
0.00272667473447
0.0312838529635
0.0100464040262
0.0186369785229
0.0125315545451
0.026719971064
0.0042764573021
0.00470616076583
0.00428939198695
0.00394854098621
0.00888857155274
0.00588699595008
0.00743455809915
0.0039343329416
0.0121047742273
0.0235449112463
0.0195892530864
0.00857622020704
0.0108951121582
0.00116699234628
0.0194755470994
0.0227670458627
0.00843281920244
0.0102264995649
0.0134135664562
0.00860273323345
0.00469622606623
0.00431886416249
0.00196796325673

State labels

0
1
2
3
4
5
6
7
8
9
10
11
12
13
14
15
16
17
18
19
20
21
22
23
24
25
26
27
28
29
30
31
32
33
34
35
36
37
38
39
40
41
42
43
44
45
46
47
48
49
50
51
52
53
54
55
56
57
58
59
60
61
62
63
64
65
66
67
68
69
70
71
72
73
74
75
76
77
78
79
80
81
82
83
84
85
86
87
88
89
90
91
92
93
94
95
96
97
98
99
