Cluster centers 

[-0.62717749 -0.93206259  0.04297944  0.65287076]
[-0.60668266  1.48940331  0.19309823 -1.95528226]
[ 1.78250106 -0.33694773  0.29022939 -0.04136339]
[-0.58144815  0.90249066 -0.84015275  0.72718236]
[-0.5758127  -1.68056782  0.12809193 -1.44065337]
[ 1.59153386  0.43735443  1.53879996  0.5844658 ]
[-0.62583107  1.24157858 -0.24312753 -0.54603452]
[-0.63902859 -1.59745227 -0.91244714 -1.32683965]
[-0.59795819 -0.4989353  -0.87765221  1.27762097]
[ 1.72413881 -0.38132034 -2.38469747 -0.41306697]
[-0.60680003  0.44454628  0.57886336  0.7604141 ]
[ 1.85888656  1.05798501 -0.28661655  0.90690203]
[ 1.69101262  2.54650288 -2.19284153 -1.51715707]
[-0.63651594 -1.17903177 -0.60147328  0.13936469]
[-0.21840594 -0.42601876  2.1176641   0.59710499]
[ 1.73109879 -0.73098466 -2.63649528 -2.03632363]
[-0.46202797  0.8342268   1.44112105 -0.36087055]
[-0.48622384  1.09687933 -1.4446727   0.72004374]
[-0.57022917  1.64658938 -1.19607598 -1.35012027]
[ 1.36115124  1.62823342  2.00697766 -1.56153996]
[-0.19750829 -1.31837075  1.80644714 -0.44352063]
[ 1.74558418  1.89368304 -1.70030937  0.42948142]
[-0.41622574 -2.0729582   0.26864795 -4.19985092]
[-0.46479164 -0.7858082   1.34607307  0.63718029]
[ 1.11989631  0.2086243   2.47439805  0.34087516]
[-0.62166973 -1.83083755 -0.59562055 -2.43127726]
[-0.58677304  0.92367651  0.70693599 -0.20929771]
[ 1.84693483  0.35322537 -0.01795342  0.85902356]
[-0.56855139 -1.30009346  0.51119603 -0.13621447]
[-0.61933004  1.32907429  0.10728954 -1.14175366]
[ 1.68152056  1.81220416  1.09975393 -1.1993927 ]
[ 1.83548194 -0.42101398 -1.54118982 -0.49240926]
[ 1.76895724  0.97335582  0.82397452  0.60412382]
[-0.56316747 -1.10333743 -1.60105287  0.16245523]
[ 1.56444146  1.0115857   1.69231048  0.18524991]
[ 1.76394863  1.50167594  0.8051188  -0.11128086]
[-0.62774221 -1.27346234 -0.11186937 -0.06741234]
[-0.62363734  1.58943891 -0.52885212 -1.78767397]
[-0.6107153  -0.55251439  0.44714736  1.04071163]
[ 1.64605301  0.78803457 -2.11560811  1.37104564]
[ 1.83852689 -0.12047858 -1.23231261  0.319113  ]
[-0.63770948 -1.45287793 -0.55263529 -0.66108472]
[ 1.63514497 -0.407354    1.07012596 -0.07169088]
[ 1.77771179 -0.51766194  0.1862175  -0.46371147]
[-0.49331581  1.27365644  1.09843393 -1.60070636]
[-0.62600357  1.08786251 -0.19087156 -0.10687485]
[-0.60496521  0.52919402 -0.55715238  1.14475961]
[-0.06347809 -1.58634063  1.65999965 -1.39868243]
[ 1.8527303  -0.54819053 -0.92960663 -0.80696346]
[-0.6249078   1.47955833 -0.37674273 -1.38301258]
[-0.52940622 -0.24290273  1.16256541  0.96080081]
[-0.49306081  1.62595615 -1.61180299 -0.77798356]
[-0.58785412  1.21397105 -0.83809167 -0.00966437]
[-0.62313066  0.03616639 -0.29008097  1.36448145]
[-0.50425698  0.2568027   1.32711136  0.67684207]
[-0.5910234   1.37852135 -0.88360415 -0.51204607]
[-0.62750685  0.43278814  0.05770092  0.99080995]
[-0.63066498 -0.87521964 -0.56322125  0.769705  ]
[ 1.41693894 -0.36147546  1.79406151  0.09667457]
[ 1.27541806  1.1672255   2.26592093 -0.5043974 ]
[-0.33057868 -1.11375519  1.63166631  0.08606668]
[-0.58347438 -1.49509541  0.25555205 -0.70827211]
[-0.06866608  0.34209331  2.4194987   0.19314297]
[ 1.84574997  0.37786189 -0.98683593  1.00732153]
[-0.27615176  1.00985548  1.90636266 -1.01074175]
[-0.48812771 -1.3017108  -2.307928   -0.74687888]
[-0.62074334  1.39180145 -0.48462168 -0.90697159]
[-0.56578386 -0.9055659   0.7577561   0.6138665 ]
[-0.50666517  0.71777138 -1.27464984  1.24591054]
[ 1.83880988 -0.09919685 -0.16073462  0.36193997]
[ 1.78836972  0.43754562  0.6062527   0.79060485]
[-0.54311615 -0.75797806 -1.50821091  0.93306449]
[ 0.62158018 -1.55760431  1.92655584 -2.2164837 ]
[ 0.87903391 -0.84938692  2.37592954 -0.36346683]
[ 1.81821145 -0.65573114 -0.32981724 -1.00913948]
[-0.62027089  1.79037626 -0.57587536 -3.08870143]
[-0.6243858   0.90975562  0.18128666  0.11998428]
[-0.47419086 -1.83017879  0.54098077 -2.16050999]
[-0.35208859 -0.49317032 -2.28369241  1.19094908]
[-0.58928356  1.15464183  0.5900027  -0.83308785]
[-0.60708897 -0.94617944 -1.0624749   0.61985318]
[ 1.84566164 -0.7218042  -1.31884568 -1.5819785 ]
[-0.62376631 -1.26294985 -1.07186659 -0.15611917]
[-0.54384694 -1.14120532  0.76650328  0.2085668 ]
[-0.38955341  1.37955682 -1.86454347  0.33664664]
[-0.57178571  1.83915692 -1.26097833 -2.4045006 ]
[-0.6210667   1.14190652  0.17760074 -0.51716641]
[ 1.60106871 -0.8367147   0.81718076 -1.12267387]
[ 1.84672277 -0.37357866 -0.50976997 -0.22972703]
[-0.54497198  0.6351537   1.08553487  0.24294193]
[-0.62691038  0.72412697  0.02886884  0.59260306]
[-0.61368086 -1.40720033 -1.38134238 -0.72309229]
[ 1.74966304 -0.06523896  0.6741699   0.40987141]
[-0.55151359  0.11168361 -1.07356993  1.55845557]
[-0.60260875  0.72939146  0.59802459  0.29454491]
[-0.44030357 -1.55418703  0.98746041 -0.94919087]
[-0.61656323 -0.00572856  0.42631653  1.15373136]
[-0.49996955  1.54829844  0.74211623 -2.72029983]
[-0.61851369  0.92603527 -0.38319838  0.4164566 ]
[-0.63208979 -0.47142533 -0.13550818  1.20548266]

Populations

0.0146776808568
0.00834479398547
0.0167260326796
0.00883112835258
0.0116988635037
0.0174316501018
0.0101607378063
0.007165257005
0.0118236376212
0.0109082652157
0.0122291028343
0.0103763267948
0.000939936141433
0.0121247915575
0.00469732191053
0.00774211398807
0.00836900271119
0.00600883344479
0.00696735311213
0.00451493301538
0.00383679026138
0.00281662468414
0.00144444152359
0.0061239621678
0.0115186173949
0.00775990501586
0.0111909133718
0.0199784157668
0.0102135183281
0.0139186255937
0.00251805500778
0.0193450709197
0.0137405420109
0.00429973194659
0.0044518336874
0.00647352534918
0.0158290585032
0.00659604000666
0.0152452153665
0.00534240967087
0.0283588809581
0.0156033897322
0.0139454059823
0.0148937549034
0.00728702869786
0.0106836661808
0.012760670792
0.0037844168572
0.0159148754858
0.00761739291326
0.0124123771056
0.00494402972663
0.0118445927741
0.0177379511258
0.00905876836938
0.00677891107599
0.0124986415359
0.013252126533
0.0143681768764
0.00615713481718
0.00471707453489
0.0145575280934
0.00433506465963
0.0186666489862
0.00395959792989
0.000926589931761
0.00801140608784
0.00944298479345
0.00594689121793
0.025122799122
0.0200845486281
0.00405733960212
0.00149573051138
0.0095335534456
0.0105875033471
0.00341720743866
0.0109520424713
0.00575699733517
0.00245996934084
0.0114646650012
0.00942905130189
0.0144907722954
0.00802397667031
0.0085978260859
0.00339547029892
0.00200124250601
0.0120263706449
0.00674802659241
0.0236651546401
0.00754751634206
0.011418769572
0.00445998464144
0.0240282406352
0.0112501622959
0.00870553191308
0.00720096125966
0.0156618738677
0.00308794326371
0.0117862245793
0.0166955064579

State labels

0
1
2
3
4
5
6
7
8
9
10
11
12
13
14
15
16
17
18
19
20
21
22
23
24
25
26
27
28
29
30
31
32
33
34
35
36
37
38
39
40
41
42
43
44
45
46
47
48
49
50
51
52
53
54
55
56
57
58
59
60
61
62
63
64
65
66
67
68
69
70
71
72
73
74
75
76
77
78
79
80
81
82
83
84
85
86
87
88
89
90
91
92
93
94
95
96
97
98
99
