Cluster centers 

[-0.73855068 -0.79208277  0.96150171  0.97223368]
[ 1.2511862   0.1300367  -0.58500985  0.66713054]
[-0.91533167  1.14681054 -0.75328767  0.32604723]
[-0.91433803 -1.47805627 -0.22555676 -0.67760217]
[ 0.79331175  0.50567412  2.14192652  0.55024739]
[-0.89890128  1.81158107  0.40159378 -2.11221444]
[ 1.11301095 -0.58212142 -1.7931485  -2.57261181]
[ 0.84077808 -0.85831248  1.76560716 -0.15642996]
[-0.83722114  1.018486    0.78269573 -0.21086686]
[ 1.23756691 -0.51028109 -0.63995927 -0.88301041]
[-0.92811707 -0.792512   -0.68663544  0.92184207]
[-0.82843644 -1.80428688  0.40544196 -2.20850991]
[ 1.17954674 -0.40888713  0.58707668  0.08359105]
[-0.92370655  1.43822692 -0.44795037 -0.44742237]
[-0.72070829  0.04828018  1.18708547  0.95905183]
[ 1.23267947  0.38257305  0.31551752  0.8949649 ]
[ 1.22958708 -0.45221888  0.01234342 -0.28949623]
[-0.87163296 -0.01979933  0.29071025  1.20259916]
[ 1.09247855 -0.06227913 -2.00590295  0.07096961]
[ 1.25185595  2.04916496  0.29193088 -0.66236259]
[ 1.23535898  1.9620066  -0.63597794  0.00469462]
[-0.91863909  0.12936901 -0.72639216  1.34633136]
[-0.80790855  1.33255519  1.03522634 -1.06718167]
[ 1.16230538 -0.67677244  0.61578539 -0.58650407]
[ 0.83688598 -0.539958    1.86658005  0.3860081 ]
[-0.50438398 -1.86678719  1.52540558 -2.04851852]
[ 0.41220339 -1.36593624  2.1966194  -0.8550333 ]
[-0.90576023  1.36587522  0.20434171 -0.67707773]
[ 1.07909701 -0.23560348 -2.0874703  -0.52293107]
[-0.82147903 -1.30758592  0.50326368  0.16319049]
[-0.64960865  0.75102518  1.59572764 -0.02422237]
[ 0.7289933   0.96564368  2.36745098 -0.06246903]
[-0.56474206  1.5550905   1.89319441 -2.13000709]
[ 1.08610358  1.23813703 -1.8143587   1.01327733]
[ 1.01959608  0.11835111  1.50338775  0.71878922]
[ 1.24712247 -0.0771428  -0.16406826  0.45375769]
[-0.91582401  0.45761846 -0.28061025  1.04459857]
[ 1.11963522 -0.44727378 -1.87308604 -1.48178554]
[ 0.91274536  2.91595662 -2.14400107 -1.52671143]
[-0.47689284  0.30912247  1.92735849  0.53779239]
[-0.87959759 -0.85596241  0.13096567  0.91035195]
[ 1.23794041 -0.17972318 -0.81869201  0.0815144 ]
[-0.8511811   1.25372516 -1.45554667  0.5110749 ]
[-0.9373992  -1.19191629 -0.85971738 -0.00663779]
[-0.92095489  1.14345068 -0.24443644  0.06109456]
[ 1.23215077 -0.65907013 -0.59724558 -1.57593026]
[-0.93391154  2.14057338 -0.07543666 -2.96033278]
[ 0.02225407 -1.24631693  2.20551492 -0.03736767]
[-0.81513743 -0.01479733 -1.92444998  1.46552047]
[-0.94023803 -1.83401618 -0.20165235 -4.859548  ]
[-0.91284751 -1.33976101 -0.20774484 -0.14479592]
[-0.81162654 -1.66981297  0.52225262 -1.16924924]
[ 0.90256393  0.15687493 -2.68723725  0.5732185 ]
[ 1.21794622 -0.50719813 -1.06146793 -1.18802515]
[ 1.1864719   1.466935    0.94528904  0.00439006]
[ 1.25016713  0.95017731 -0.61212941  0.97177083]
[-0.91693772 -0.3862929  -0.41107054  1.29891991]
[-0.82363814 -0.36837668  0.58283585  1.19695294]
[ 1.23899885  1.07451899  0.33778081  0.70673296]
[ 0.97130931 -1.02258949  1.37220785 -1.06017519]
[-0.847495    0.74884453  0.61481318  0.35881724]
[-0.91550454 -1.11310166 -0.29721981  0.43326446]
[-0.90903336  1.71194277  0.2508951  -1.67097143]
[-0.83661182  1.98360837  0.99821004 -3.24700811]
[ 0.9420422   1.84666691  1.96726311 -1.54026295]
[ 0.46707081 -0.63291577  2.33855209  0.54687646]
[ 1.20689764  0.16532064 -1.25836596  0.63187817]
[-0.90752916  1.55583189  0.17704264 -1.15251736]
[-0.79995475  1.76687862 -1.70978748 -0.3396051 ]
[-0.94030146 -1.53780223 -0.58091284 -1.27589198]
[-0.76776219 -0.78342805 -2.41434171  0.2503965 ]
[ 1.14929402  0.36590405  0.98970514  0.79641786]
[-0.61004083 -1.54365617  1.31734292 -0.44156922]
[-0.38110463 -0.40906805  2.01737806  0.88458193]
[ 1.18888569 -0.200662   -1.42868373 -0.19115267]
[-0.85185345 -1.46724627  0.3204989  -0.3665881 ]
[-0.80247198 -1.09378605  0.64002065  0.62150177]
[-0.90656671  1.89381412 -0.74145359 -1.45319031]
[-0.55608664 -1.02501325  1.5132041   0.66726803]
[-0.91180966  1.57046744 -0.82803414 -0.50571287]
[ 1.17837099 -0.78182655  0.44515618 -1.10480016]
[ 1.09970207 -0.44554955  1.05374566  0.19875202]
[-0.90253449  0.66869739 -1.03063055  1.09795401]
[-0.63382203  1.07735735  1.69149694 -0.7226073 ]
[ 1.21224586 -0.24605446  0.34405426  0.30795285]
[ 1.05256331  1.07554279  1.58024359  0.23290415]
[-0.91106126 -0.71767598 -1.30249439  0.90700373]
[-0.87705706  1.54215141 -1.22462281 -0.16916912]
[ 1.22920062 -0.6555036  -0.16720945 -1.13924847]
[ 1.2544621   0.54276987 -0.05525503  0.95549281]
[ 1.22786775  0.04208426  0.26022774  0.68275606]
[-0.90495816  1.08619114  0.15610449 -0.03621491]
[-0.70380298 -1.96961728  1.01544425 -3.81937788]
[ 1.22144398 -0.37608379 -1.04375531 -0.60505742]
[-0.91967166  0.84368885 -0.30366194  0.60061676]
[ 1.24433578 -0.36251937 -0.42763282 -0.25444073]
[-0.93185016  2.01823917 -0.38344334 -2.19179414]
[-0.88839764  0.42058753  0.20937301  0.92802568]
[-0.9213792  -1.12187675 -1.35090047 -0.07168326]
[-0.7997651   0.46423015  0.88680736  0.65388343]

Populations

0.00767464164717
0.0194994533151
0.00957439471144
0.013216320582
0.0071486412832
0.00592684467263
0.00918160295422
0.00855618227647
0.0112909218967
0.0124745456309
0.0170844558528
0.0118538414462
0.012010399754
0.0108698671065
0.00700712830058
0.012827748253
0.01719217236
0.0137439131839
0.00705582240917
0.00284516536614
0.00345158137278
0.0154256950255
0.0110118815311
0.00778192231496
0.00906226839353
0.00322828543435
0.00391158225846
0.0151556956033
0.00731355787014
0.0118777053927
0.00482461849385
0.00668367092297
0.00315115689779
0.00620024075143
0.0138440538753
0.0198838062986
0.0126501523756
0.0104701070073
0.00129257276713
0.0026715594334
0.0160761369646
0.0205393596549
0.00578174550351
0.0127319471665
0.00943904616559
0.0103398982178
0.00321810036693
0.00552414589339
0.0068652061851
0.000498626000109
0.013618949655
0.0126169037844
0.00198780955104
0.0133289383866
0.00858588616755
0.011606275207
0.0201829250257
0.00960768352558
0.0130613028323
0.00382830968096
0.0113787525054
0.0161376473769
0.00827338639158
0.00221984385141
0.00608395580299
0.00751698662307
0.0195561271557
0.013496593152
0.00257143313788
0.0138059808994
0.00128173410369
0.0234493380816
0.0088109013256
0.00312151001095
0.0137298067504
0.0134402367009
0.0092347046603
0.00957490322341
0.00535394151967
0.00713293338376
0.00616999304602
0.0169392024369
0.0130133918893
0.00430630365108
0.0166834609037
0.00951883111733
0.0108017856344
0.00372080445164
0.00714261016461
0.0139247607461
0.0153634847699
0.0147040497163
0.00172984795221
0.0164317217454
0.0148596117107
0.0186088891643
0.00516531517503
0.0130971583023
0.00828569189338
0.00699699591628

State labels

0
1
2
3
4
5
6
7
8
9
10
11
12
13
14
15
16
17
18
19
20
21
22
23
24
25
26
27
28
29
30
31
32
33
34
35
36
37
38
39
40
41
42
43
44
45
46
47
48
49
50
51
52
53
54
55
56
57
58
59
60
61
62
63
64
65
66
67
68
69
70
71
72
73
74
75
76
77
78
79
80
81
82
83
84
85
86
87
88
89
90
91
92
93
94
95
96
97
98
99
