Cluster centers 

[ 1.43502482 -0.46752553  0.0392274  -0.33650645]
[-0.77607337  1.19917433 -0.53302121 -0.01794199]
[-0.66792737 -1.0116274   0.85102316  0.52619549]
[-0.73485633 -1.52441123  0.27466074 -0.76838069]
[ 1.46638207 -0.29976958 -0.70564936 -0.06198013]
[-0.78582597 -0.2701163  -0.45672413  1.36236965]
[ 0.82863802 -0.36032352  2.24460986  0.35174598]
[-0.76914544  1.47150163  0.10521866 -1.24354802]
[ 1.38228139 -0.68651249 -1.93302556 -1.87533551]
[ 1.46985174  0.59308729  0.06854712  0.93994485]
[-0.66643534  0.71346019  1.04460916  0.20031541]
[-0.75494458  1.28887476  0.34097448 -0.79775098]
[ 1.46094029 -0.52150614 -0.59236486 -0.6736992 ]
[ 1.29727716  0.21784035 -2.07956786  0.94149888]
[-0.73037549 -0.7141521  -1.48592945  0.97417232]
[ 1.25572993  1.08484837  1.53644587  0.19596243]
[-0.66259508  1.00976557 -1.56533378  0.94860708]
[ 1.41607871  1.86650912  0.70147372 -0.75299136]
[-0.80078735 -1.5689929  -0.60058542 -1.20433275]
[-0.68392059  1.82737994  0.67989231 -3.27262853]
[ 1.34961697 -0.29114934  0.82738927  0.18813591]
[-0.74228104 -0.45210273  0.46416717  1.12132199]
[-0.74950445  0.30858242  0.43231291  0.96690895]
[-0.75144707  1.45451151 -0.96969682 -0.40488506]
[-0.7936661  -1.03718991 -0.76520267  0.48296593]
[-0.48066551  1.38979556  1.62218822 -1.8159574 ]
[ 1.3719828  -0.54274162 -1.98387598 -1.12924494]
[-0.78060857  1.39695204 -0.27296413 -0.73224   ]
[ 1.44711496  0.2162633  -1.12343528  0.86341807]
[ 0.84615305 -1.08624347  1.92610038 -1.03019575]
[ 1.22792137  1.20599588 -2.15173567  1.36339814]
[ 1.14675605  1.81643344  1.72692754 -1.54439986]
[ 1.27487478  2.19643631 -1.86557551 -0.18846823]
[-0.60306995 -1.45363236  0.99270494 -0.51266579]
[-0.76890716 -0.93867334  0.09325463  0.70153294]
[ 1.47701023  0.43666715 -0.52694653  0.95886175]
[-0.77328162  0.95628544  0.06258579  0.19132292]
[-0.71306738 -1.72258454  0.3186764  -1.64392294]
[-0.75258253  0.0543615  -1.02894362  1.49493763]
[ 1.42984348 -0.25320093  0.25455738  0.17196761]
[-0.47217848  0.35293984  1.75822157  0.46785073]
[ 1.34944689 -0.24968261 -1.99752742 -0.03908007]
[-0.64064306  1.52973588 -1.72616156 -0.04174187]
[ 1.34435557 -0.73012373  0.59111397 -0.89373725]
[-0.78903726 -0.73837781 -0.63977127  1.01045342]
[-0.7624473  -1.21482507 -1.49324325 -0.2107573 ]
[ 1.47619178  1.27823132 -0.01675516  0.65479012]
[-0.63156917 -1.86398561  0.63796242 -2.44345226]
[-0.71994035  1.1552639   0.65908573 -0.59695789]
[ 1.14718359 -0.63554243  1.48334396 -0.25111588]
[-0.44225592 -0.64229819  1.732023    0.72885606]
[ 1.44291101 -0.77215697 -0.48846666 -1.63892484]
[-0.77535951  0.02180912  0.05182291  1.26061128]
[ 1.33425177  0.73733602  1.19211955  0.63774413]
[-0.80186781 -1.33928434 -0.79109761 -0.35116241]
[-0.7422226   1.74021629 -1.08365258 -1.26620867]
[ 1.46119801  0.09262681  0.01326283  0.66219593]
[-0.54441634 -1.65989261  1.0936561  -1.30137624]
[ 1.44135279  0.99670698 -1.07840995  1.16073882]
[ 1.36023012 -0.82848652 -2.08025891 -3.02292288]
[-0.70093028  2.03365355 -0.92475639 -2.72915561]
[-0.64553566  0.04313337  1.13304985  0.91532465]
[-0.77963814  0.35336234 -0.48093841  1.24810304]
[-0.74842611  1.08754538 -0.95450094  0.47946029]
[-0.6572963  -1.97136194  0.29955777 -3.6376557 ]
[ 1.42173826 -0.51095786 -1.56120187 -0.89513303]
[-0.7798155  -1.39911923 -0.11845678 -0.38793385]
[-0.45000367 -1.20756812  1.57093711  0.02160421]
[ 0.4793618   0.42477863  2.63086082  0.25933569]
[-0.74872688  1.68728373  0.2912674  -2.24101365]
[-0.66763384 -0.69615076  0.93267876  0.89290093]
[-0.74895096  0.6862862   0.42963841  0.51035866]
[ 1.46845721 -0.12125704 -0.34842531  0.34997445]
[-0.77949078  0.52471031 -0.10734773  0.95408281]
[ 1.39260568  1.48687472  0.90802043 -0.06009102]
[-0.78541972 -1.78514189 -0.40044438 -2.35155243]
[ 1.06215591  0.30439946  1.99855063  0.55627336]
[-0.71426721 -1.26391636  0.50944644  0.03940676]
[-0.70138514  1.35972671  0.76766178 -1.28104759]
[-0.04446175 -1.38625563  2.07176931 -0.77599186]
[ 1.43803698 -0.13694658 -1.26963645  0.27394569]
[ 0.98952252  1.2736604   2.13498941 -0.51844868]
[ 1.15219898 -0.27063186  1.6406483   0.33111442]
[ 1.13197366 -0.4666618  -2.88123923 -0.8115865 ]
[ 1.42255995  0.23236299  0.53046206  0.74018155]
[-0.72702344  0.93996772  0.63446927 -0.05915136]
[-0.77987742  0.82922018 -0.27116443  0.59511717]
[ 1.45338843 -0.64620446 -1.11368521 -1.35250653]
[-0.7878882  -1.21151893 -0.23722016  0.13815268]
[-0.77355411  1.18488288  0.04544978 -0.33143105]
[-0.60200244 -0.0665374  -2.01963468  1.5809719 ]
[ 0.00800798 -1.75968383  1.83437209 -2.48195472]
[ 1.42246651  0.86425166  0.68273929  0.73415255]
[-0.78245968  1.70879243 -0.41330898 -1.75045922]
[-0.52077986  0.95822892  1.61113676 -0.53464079]
[ 0.53101723 -0.81763757  2.3842912  -0.04643172]
[ 1.44083638 -0.39512511 -1.3060615  -0.42623027]
[-0.7813853  -0.54499842 -0.06713658  1.16925131]
[ 1.3265306   0.15031585  1.10574431  0.64818159]
[-0.7577541   0.68336764 -0.86485253  1.07689135]

Populations

0.0217224708826
0.0106821378855
0.00930376400702
0.0128258093984
0.0205249322819
0.0121824100158
0.00706306693747
0.0120845792115
0.0067479339975
0.0138106520797
0.00752201875279
0.00711166712095
0.0230810226581
0.00442161817434
0.00737725631033
0.00718291314498
0.00526546060915
0.00365461887831
0.0125596415796
0.00225643953548
0.0239128217614
0.0129152448285
0.0113273879625
0.0077815208258
0.014200414933
0.00367999102493
0.00779418200579
0.0137284630669
0.0157218136816
0.00543752803971
0.00254971185859
0.00513268024344
0.00403598751418
0.00663243786908
0.0148560460385
0.0150230062218
0.0108725136452
0.00729199183297
0.0108463232458
0.0204871862067
0.00507763128155
0.0100440614895
0.00383963036095
0.0133176941929
0.0128032047646
0.00621528344019
0.0081948728923
0.0040918352127
0.00832903592928
0.0108615883351
0.00595992576747
0.00769318615245
0.0117585473959
0.0120808107066
0.0120406261539
0.00862132272709
0.018663566852
0.00627727580822
0.0095653545742
0.00564561302672
0.00376923665076
0.0108483730859
0.0105566541782
0.00749841896995
0.00207190713397
0.0117972320376
0.0131448975466
0.0051652854137
0.00424603932703
0.00675541832182
0.00690014592724
0.0105981635704
0.0237147382057
0.00972428778599
0.00682556446915
0.00572679853153
0.0128181331075
0.0131658869557
0.00795993247523
0.00325249958882
0.018015378172
0.00775393561911
0.0122444717182
0.00214846284837
0.0198291958304
0.00916267679391
0.0122342068179
0.0127098487493
0.0136874407232
0.0123398715284
0.00359258802045
0.000632772961117
0.012487184945
0.0104039153919
0.00704554866256
0.00832229303714
0.019319330996
0.012021283554
0.0157463697788
0.0110748772381

State labels

0
1
2
3
4
5
6
7
8
9
10
11
12
13
14
15
16
17
18
19
20
21
22
23
24
25
26
27
28
29
30
31
32
33
34
35
36
37
38
39
40
41
42
43
44
45
46
47
48
49
50
51
52
53
54
55
56
57
58
59
60
61
62
63
64
65
66
67
68
69
70
71
72
73
74
75
76
77
78
79
80
81
82
83
84
85
86
87
88
89
90
91
92
93
94
95
96
97
98
99
