Cluster centers 

[ 1.20739318  1.59716109  0.77053322 -0.09456357]
[-0.92915122 -0.90618679 -0.9741509   0.65095408]
[ 1.23699218 -0.4741175  -0.62524727 -0.72995599]
[-0.91422529  1.29733067  0.0770481  -0.44211804]
[-0.51941051 -0.75538543  1.6513332   0.88439498]
[ 1.24662616 -0.02142419 -0.27338405  0.51563489]
[-0.79258687 -1.60925457  0.65427038 -0.78645753]
[-0.82076458  2.00318207  1.11823755 -3.54619752]
[ 1.11848322 -0.03262018  1.03034464  0.69017528]
[-0.92220536  0.68164793 -0.49955603  0.9041544 ]
[ 0.16059096 -1.42394773  2.17405629 -0.66627388]
[-0.65358445  1.02101126  1.62345766 -0.59627512]
[ 1.04155183  1.00974256 -2.03812875  1.11002633]
[-0.9173623   1.72361399 -0.68791376 -1.00280483]
[ 1.14244575 -0.71251644  0.70399268 -0.59250096]
[-0.91929463 -1.1992449  -0.29909432  0.21605773]
[ 1.12898355 -0.54991219 -1.72456272 -2.02400152]
[-0.81735272  0.43136312  0.79413727  0.71785488]
[ 1.08401604  2.34099756 -1.43489249 -0.42608711]
[ 0.96938832 -0.47047758  1.52651738  0.36523227]
[-0.92412379  2.06176679 -0.48975957 -2.26510981]
[-0.84794938  1.30662083 -1.4373934   0.44548938]
[ 0.95230135  0.73670144  1.81649441  0.47635885]
[ 1.23657879  1.03029554  0.3346268   0.74103851]
[ 1.22497183 -0.10448879 -1.02313927  0.18097588]
[-0.82432768 -1.93772155  0.39817942 -4.46696676]
[-0.94096042 -1.28376738 -0.8007153  -0.28856435]
[-0.84345787  1.10727877  0.77469008 -0.39782688]
[-0.91857745  0.08364924 -0.87914025  1.39971062]
[-0.59409057 -1.77597092  1.32779683 -1.38766749]
[-0.89210629 -0.52536953  0.04850783  1.19881746]
[ 1.22588441 -0.47750306  0.00935752 -0.34722493]
[ 0.84093682 -0.94679738  1.72109128 -0.36918455]
[-0.69509245  1.58457328  1.58027178 -2.16609807]
[ 1.13250662 -0.39537038 -1.76807662 -1.11483132]
[-0.88660147  0.75900555  0.32448594  0.46152918]
[-0.78469784 -1.05836333  0.72332888  0.67545998]
[-0.91855975  1.55301325  0.08625981 -1.10041436]
[ 1.21581018 -0.33445819 -1.11541642 -0.50606365]
[-0.04710029  0.24122616  2.40352551  0.49081032]
[ 0.74700727  1.16138254  2.29609001 -0.36881571]
[ 1.20403631 -0.15345194  0.41992592  0.47671679]
[ 1.23002625  2.16943034  0.4609896  -1.06922557]
[-0.85977046 -1.72474253  0.28501872 -1.59734941]
[-0.91799449  1.12319373 -0.70957855  0.35416146]
[ 1.2260355  -0.70665988 -0.61702552 -1.89082675]
[ 1.14625969 -0.21643136 -1.70644748 -0.34977189]
[-0.89360797  0.4031531   0.16372455  0.96214677]
[-0.78850052  2.26201229 -0.16560334 -3.22462714]
[ 1.13187641  0.61109827  1.10351346  0.76417724]
[ 0.31456327 -1.00598625  2.31708141  0.20056395]
[-0.87958677 -1.41044282  0.13430938 -0.23830433]
[ 1.22427296 -0.65285015 -0.10930544 -1.05444055]
[ 1.14935953 -0.68638149 -1.51570379 -3.10743076]
[-0.80580978  1.34605808  1.06901715 -1.15015968]
[-0.94323975 -1.53014647 -0.66494542 -1.32211181]
[-0.85314623 -0.20097696 -1.71590448  1.34413765]
[ 1.11141619 -0.51849855  0.94643857  0.04821057]
[-0.77905411 -0.59267682  0.81799314  1.1020467 ]
[-0.92934032  1.82650879 -0.24015306 -1.67649856]
[-0.62288312  0.69022879  1.65573637  0.05090349]
[-0.91058748  1.08071618  0.05421862  0.03287675]
[ 1.24339385 -0.28295422 -0.46074014 -0.05080272]
[ 1.0983069   0.00429583 -1.94936464  0.22647158]
[-0.92176852  1.43565839 -0.56469639 -0.35995301]
[ 0.79718717  0.19618967  2.04227613  0.6889145 ]
[-0.89248636  0.68786997 -1.15956944  1.13678061]
[-0.91683755  0.17437574 -0.2784589   1.25174163]
[ 1.16340523 -0.85053086  0.50839599 -1.32091137]
[ 1.23412038  1.12590231 -0.80208008  0.95303418]
[ 1.25330722  0.47707298 -0.30957405  0.94650164]
[ 0.75685857 -0.79429886  1.95261533  0.13299722]
[ 0.89783062 -1.10850124  1.53200143 -1.11367962]
[ 1.02007414 -0.627713   -2.25848289 -4.32721005]
[ 1.22087676  0.30494262  0.37832052  0.85793528]
[-0.53373141 -1.4098958   1.5242923  -0.04136791]
[-0.88514576  1.37522349  0.50580534 -0.89448114]
[-0.92658614 -0.53768303 -0.61048847  1.19693301]
[ 0.9553965   1.80124097  1.95620396 -1.41777134]
[-0.90252723 -1.10735026 -1.5865634  -0.23934476]
[-0.8308487   1.73662578 -1.48372733 -0.40883561]
[-0.65999112  0.08897393  1.41172102  0.85550766]
[-0.84563201 -0.03646586  0.5132539   1.1653909 ]
[ 1.21122198 -0.37011094  0.26595167  0.05392172]
[-0.91823825 -1.76667265 -0.15817848 -2.47831096]
[-0.76853152 -1.86665369  0.76213416 -2.23469997]
[-0.85906972  2.0765572  -1.29033516 -1.52971791]
[-0.79798998 -1.3509716   0.63985411  0.07429939]
[ 1.21274442  0.26929852 -1.16013487  0.77373518]
[-0.86755291  1.79703739  0.7736333  -2.39718645]
[-0.89921819  1.6890336   0.43889732 -1.76791292]
[-0.5056144   1.18355589  2.03961678 -1.14418376]
[-0.62604707 -1.94979429  1.11605638 -3.00816034]
[ 1.21571786 -0.52338926 -1.05019063 -1.25438925]
[-0.90828826 -1.50882473 -0.11648743 -0.74251017]
[ 0.62243403 -0.44148755  2.16952556  0.63495904]
[-0.89821493 -0.98734224 -0.0512512   0.72000913]
[-0.83115017  0.83502476  0.78580782  0.13693703]
[-0.91906973  0.85635417 -0.18389672  0.53608243]
[ 1.08596095  1.27553928  1.46320474  0.02089635]

Populations

0.00834544569824
0.0189672963305
0.0186872101735
0.0142867598318
0.00568695191209
0.0276275565903
0.0100297475495
0.00142022658844
0.0183373462093
0.0128543995554
0.00482915991143
0.00349715997443
0.00640111771233
0.00773018542032
0.00796089934402
0.0151681415078
0.00824104302275
0.00862549840389
0.00358428613332
0.010804968792
0.00404464200432
0.00631267316336
0.00674002885676
0.0148110195437
0.0211965583021
0.000974140549794
0.0150410450573
0.0095334087068
0.0124862282278
0.00492468899389
0.0174486368478
0.0158599659937
0.00589603139378
0.00321218612956
0.0121967210234
0.00909521195321
0.0112465077978
0.0123421495007
0.0191404898004
0.0033196672817
0.00611341117655
0.0212619996863
0.00197399607959
0.00845802572403
0.0102553987259
0.00789506468708
0.00973691297016
0.0124239329842
0.00279984525407
0.0175854960518
0.00635881839801
0.0133910372728
0.00930389230212
0.00430660218024
0.00806386603777
0.00973909520375
0.00959574089015
0.0148714918976
0.00914197726245
0.00767766928577
0.00450587501484
0.0136600685464
0.0216449754306
0.0106187176554
0.0131558864395
0.00910389551991
0.010074693273
0.0148352533627
0.00515243035766
0.00949976722059
0.0198899345636
0.00485222799777
0.00284461019111
0.000843327316707
0.0210060680546
0.00630703917849
0.00754920232324
0.0207037973617
0.00541753903928
0.00579576823393
0.00440294628266
0.00640786333509
0.0107521767319
0.018076996979
0.00584423081674
0.00491885382952
0.00348890860245
0.0110616580177
0.0207793106557
0.00423084913534
0.00742876612728
0.0020311141889
0.00153057454926
0.0154115228319
0.0144591272898
0.00675249198029
0.017678016818
0.00862186662751
0.0109436959674
0.00785627629306

State labels

0
1
2
3
4
5
6
7
8
9
10
11
12
13
14
15
16
17
18
19
20
21
22
23
24
25
26
27
28
29
30
31
32
33
34
35
36
37
38
39
40
41
42
43
44
45
46
47
48
49
50
51
52
53
54
55
56
57
58
59
60
61
62
63
64
65
66
67
68
69
70
71
72
73
74
75
76
77
78
79
80
81
82
83
84
85
86
87
88
89
90
91
92
93
94
95
96
97
98
99
