Cluster centers 

[ 1.20863027  0.21819019 -0.36546499  0.82724746]
[-0.88854195  0.66331871  0.60287744  0.4502753 ]
[-0.90424411 -1.68047355  0.04602532 -1.47403717]
[-0.92905804  1.8845991   0.32405026 -2.36691064]
[ 1.18632023 -0.68437458 -0.74570494 -1.84965731]
[-0.96094244 -0.74742664 -0.55782282  1.07839663]
[ 1.11318788 -0.40896175  0.77025687  0.09226158]
[-0.94268026  1.13342776 -0.87698114  0.55653079]
[ 0.96087631  0.01478599 -2.28918604  0.4334251 ]
[-0.73746063 -0.95145316  1.14156366  0.69871028]
[ 0.78271895  1.33086521  2.1013344  -0.71524799]
[ 0.63766275 -0.42537561  2.19401533  0.39423826]
[-0.96015488  1.53753419 -0.203954   -0.81402665]
[ 1.20169665 -0.17721621 -0.54750487  0.20577481]
[ 1.17652733  1.20134292  0.63735366  0.49076086]
[ 1.00932551  1.09957423 -1.81829573  1.37935849]
[-0.81246532 -1.84998963  0.45232486 -2.46279418]
[-0.75990227 -1.48773428  0.89133785 -0.34226243]
[-0.95113923 -0.14828898 -0.22702203  1.36801231]
[ 0.52954365 -1.23274733  2.00316188 -0.91170328]
[ 1.05381091  0.81860751  1.38764715  0.45492742]
[-0.46866312  1.11915706  2.05773667 -1.15352295]
[-0.9582065  -0.91675636 -1.09366214  0.72533204]
[ 1.01074687  3.18130916 -1.74378757 -2.38034798]
[ 1.19813214  0.34377878  0.23874808  0.87774108]
[-0.78480243  1.26829399  1.18361226 -1.092781  ]
[ 1.1796082  -0.37830843  0.16532011 -0.04620657]
[ 1.18716574 -0.44800767 -0.9051124  -0.74808322]
[-0.95247644  0.41209372 -0.68912767  1.31499547]
[ 0.7269311  -1.28953979  1.59137495 -1.79534832]
[ 1.17240775  0.29073251 -1.02430639  0.93687713]
[-0.92963715  1.59288957 -1.05423565 -0.24809126]
[ 1.15424621  2.14889035 -0.79009034 -0.14712365]
[-0.95062737  0.91054839 -0.08190412  0.4398072 ]
[-0.54720484  0.51387451  1.87357189  0.06728139]
[-0.97815108 -1.51506821 -0.87548541 -1.28076067]
[ 1.16424179 -0.60926422  0.16960798 -0.69284622]
[-0.51846033 -0.66610828  1.82250007  0.70847697]
[-0.78013544 -1.73075271  0.69886633 -1.42366169]
[ 1.09103216 -0.63264638 -1.79492216 -2.9445786 ]
[-0.9668893   1.92933483 -0.40339345 -1.83028261]
[ 1.05236506 -0.48013197 -2.06418167 -1.73150188]
[-0.91195647  0.05852225  0.35014247  1.14760134]
[-0.94681849 -1.53380598 -0.29312898 -0.90356368]
[-0.83758838 -1.29675423  0.60234424  0.1700653 ]
[-0.85796246  1.06886196  0.81989933 -0.39665073]
[-0.8695065   1.1409113  -1.52030223  0.95293354]
[-0.90572656  0.42627397 -1.3047954   1.52194126]
[-0.96991284 -1.22192669 -0.89065348  0.0040029 ]
[ 0.52123646  2.39642491 -2.3464543  -0.00501577]
[-0.74774306  1.6401866   1.29113757 -2.2638243 ]
[ 1.14559611 -0.42583934 -1.44852131 -0.9729037 ]
[-0.94389409 -1.18837538 -1.5908151  -0.33979758]
[ 1.15641694 -0.06682133  0.5888952   0.54808325]
[-0.95149114  2.22960097 -0.15588772 -3.28339965]
[ 1.1791049  -0.29098155 -1.03858    -0.24070899]
[ 1.19953772 -0.10840288 -0.01958251  0.43438942]
[ 0.66848842  0.45045318  2.2428605   0.30642406]
[ 1.04834454  2.06677541  1.26716401 -1.55967264]
[-0.86840368 -0.96855168  0.51147323  0.76788516]
[ 1.15260093  1.65396532  0.82308826 -0.24036223]
[-0.933164   -0.66227742  0.02198327  1.13414197]
[-0.92664972  1.63702088  0.32773525 -1.52838575]
[-0.95622862  0.66239442 -0.38276414  0.95028932]
[ 1.11494244 -0.83888716  0.45786131 -1.35215466]
[-0.91977376  1.97541174 -1.16185175 -1.18903105]
[ 0.91090904 -0.5798798   1.58510218  0.07898668]
[ 1.20746728  0.87938235  0.10945373  0.92135617]
[-0.7987977  -1.91567191  0.27608245 -4.07966228]
[ 1.16301094 -0.57824728 -1.30210798 -1.7516688 ]
[-0.93733386  1.14098699  0.19525064 -0.16299606]
[ 0.47927758 -1.01034846  2.19051741 -0.22012071]
[ 1.19843578 -0.41481906 -0.42232303 -0.38291933]
[-0.85223826  0.85005161  0.84614864  0.02078434]
[ 1.01260037 -0.04307801  1.3966089   0.56922824]
[ 0.05040589 -0.65146273  2.42603425  0.41246788]
[-0.80747129  0.25572516  1.03189957  0.74066192]
[ 1.18988663  0.91084626 -0.7049565   1.10214378]
[ 1.10137633 -0.13315314 -1.68922758  0.06725734]
[-0.9560485  -1.71120127 -0.56685347 -2.4582562 ]
[-0.9320091  -1.36945452 -0.09823482 -0.16210623]
[-0.87601849 -0.42715286  0.56383828  1.15371367]
[ 1.05992917 -0.30479686 -1.96911664 -0.64070961]
[-0.94499462 -0.28182709 -1.00197636  1.47658586]
[-0.9166579   1.40428499  0.43236427 -0.94548025]
[-0.88060067 -0.55205781 -1.71953713  1.17232816]
[ 0.99433162 -0.77315131  1.1830006  -0.51509445]
[ 1.16837208 -0.05316192 -1.13412987  0.37472754]
[-0.93141201 -1.11148    -0.02792543  0.52368764]
[-0.56576254 -1.74182084  1.34940391 -1.40010665]
[ 1.13609857  0.47572158  0.90045209  0.77361958]
[ 1.19226498 -0.58766894 -0.53359129 -1.10356505]
[-0.7411595  -0.25392634  1.26006625  0.95211661]
[ 1.08546885  0.29062324 -1.66268095  0.9664122 ]
[-0.8565953  -1.56191476  0.4008688  -0.7015538 ]
[-0.97166891 -1.37202832 -0.74810563 -0.46566101]
[-0.47276893 -1.39207211  1.69409918 -0.18090216]
[-0.96387002 -1.07522213 -0.57202376  0.51086736]
[-0.96074597  1.30067823 -0.37874585 -0.10849617]
[-0.9336818   0.4384555   0.15757711  0.94107321]

Populations

0.0175784345331
0.0111373029899
0.00846457739749
0.00602541027636
0.00493348497473
0.0163630467913
0.0167068928014
0.0118382226454
0.00389112051347
0.00793979057807
0.00774684492884
0.00730047564183
0.0190484547608
0.0191957191763
0.00841075183756
0.00403939326348
0.00681364679788
0.0075375756635
0.0189328786216
0.00442666915019
0.011504291078
0.00286903113775
0.00977413628102
0.000682616846188
0.0159535455171
0.00784957764146
0.0174861855988
0.0118046309397
0.0127919602728
0.00203206213523
0.0118553878704
0.0121187492739
0.00293985609704
0.0179106687748
0.00527023835418
0.00675951876046
0.0106598539745
0.0048417807261
0.00674885956499
0.00446562986039
0.0122894547319
0.00661160380079
0.0125518456005
0.0121639330646
0.0127615972017
0.00926925650982
0.00552501153289
0.00721963297842
0.011072353567
0.0010052900142
0.00528399266753
0.0124499833377
0.00493693078866
0.0176647669788
0.00421503428215
0.0156975919679
0.0179965117171
0.00761907900236
0.0046408284986
0.0123142855301
0.00767106623269
0.0166471902347
0.0133718544032
0.0148416748219
0.00525377737639
0.00853911349728
0.0101253437847
0.00983544755603
0.00204558005463
0.00682302305602
0.0174709137624
0.00648596196534
0.0175395434606
0.00971624513922
0.0159805307405
0.00349790808345
0.00960386354507
0.0093871977108
0.00934858013125
0.00527074127434
0.0192909420502
0.0122120526401
0.00745336033601
0.0126032180053
0.0122731693655
0.00579310041023
0.00852784941202
0.0148045825578
0.0147775167858
0.00492219225039
0.0159940488653
0.0108616026967
0.00742133615885
0.00505026258308
0.0116219283036
0.0105690543715
0.00541494234966
0.0131772150705
0.0154677198328
0.0143700913033

State labels

0
1
2
3
4
5
6
7
8
9
10
11
12
13
14
15
16
17
18
19
20
21
22
23
24
25
26
27
28
29
30
31
32
33
34
35
36
37
38
39
40
41
42
43
44
45
46
47
48
49
50
51
52
53
54
55
56
57
58
59
60
61
62
63
64
65
66
67
68
69
70
71
72
73
74
75
76
77
78
79
80
81
82
83
84
85
86
87
88
89
90
91
92
93
94
95
96
97
98
99
