Cluster centers 

[ 1.59683731 -0.25158992 -0.06871273  0.09023371]
[-0.69776563  1.08870557  0.46476279 -0.25828372]
[-0.56422429 -0.50958271  1.13465677  0.88080133]
[-0.50805505 -1.70880279  0.65136004 -1.95328873]
[-0.70607587  1.31913443 -0.81925477  0.18433947]
[-0.70675427 -0.90768966 -1.22092409  0.46064247]
[ 0.76759574  0.99285753  2.55754311 -0.74842348]
[-0.73510597  1.51484849 -0.32760081 -0.78773198]
[ 1.50403058  0.49921688 -1.7198267   1.19652308]
[ 1.61108911 -0.34895759 -1.03533142 -0.44099825]
[ 1.56902424  1.01397891  0.62939396  0.59538336]
[-0.71191557 -1.40138326 -0.431296   -0.84856244]
[ 1.54957945 -0.50429765 -2.00210838 -1.61081163]
[-0.6504393  -1.34945311  0.25037031 -0.43912756]
[-0.72426678  0.67726109 -0.21974114  0.922234  ]
[ 0.54896866 -0.71824316  2.4162195   0.08297209]
[ 1.58701721 -0.1214952  -1.35330517  0.15682854]
[-0.73785963  1.93140777 -0.44619347 -2.30049539]
[-0.71938755  0.03762261 -0.18414598  1.35276627]
[-0.6758276  -0.22673204 -1.17698506  1.47419174]
[ 1.44853973  1.48828188 -1.71500805  1.25442261]
[-0.70958329  1.27767501  0.30992085 -0.62815405]
[ 1.59479909  0.51756291  0.27728905  0.87151202]
[ 1.45267432 -0.24976074 -2.42250728 -0.47698761]
[-0.7209211   1.87371434 -0.8902876  -1.47751776]
[-0.65737132  0.55323766  0.7860865   0.54222873]
[-0.48656366 -1.2387391   1.12183342 -0.08863231]
[-0.66891322  0.49829091  0.72002453  0.65997592]
[ 1.38069569  0.01799356  1.41620465  0.50130828]
[-0.72690125 -1.25495157 -0.66336605 -0.37814991]
[-0.72187894 -0.87152953 -0.42663471  0.6812589 ]
[ 1.60065154  0.32299263 -1.01557792  0.96525516]
[ 1.3348464   1.70776861  1.60658317 -1.32054343]
[ 1.55233591 -0.53443242  0.16226294 -0.53394322]
[-0.69209259  0.36641051 -0.86382799  1.48396049]
[-0.48834651  0.22076453  1.52954518  0.55449227]
[ 1.4377524  -0.48355739  0.93987702 -0.13734791]
[-0.70529691  1.44793533  0.34645051 -1.18179869]
[ 1.08715255 -0.47745278 -3.85996841 -2.52212164]
[ 1.61524083  1.07256871 -0.48050196  1.00954715]
[-0.73772266 -1.50536377 -1.70721594 -2.6695524 ]
[-0.73067464  1.21052473 -0.11977136 -0.11585499]
[-0.73223111 -1.49565559 -0.90257966 -1.62228285]
[-0.51652449  1.20883953  1.37341763 -1.21974492]
[-0.697912   -1.01660685  0.0124366   0.42698337]
[-0.15981077 -1.71260474  1.46921879 -1.98330545]
[-0.63862299 -1.66887667  0.04059828 -1.98802198]
[ 1.62067374  0.18653725 -0.46666355  0.77093355]
[ 1.22611158 -0.94089544  1.31629361 -1.08090981]
[ 1.60117328 -0.70061975 -1.44538065 -2.43623809]
[-0.73181109  1.17417361 -0.14450303 -0.0052253 ]
[ 1.27886724  0.77932166  1.83609318  0.1957838 ]
[ 1.47916259 -0.17652029 -2.21892325 -0.19070967]
[ 1.60818954  1.97308679 -0.24758406 -0.40174749]
[-0.6535333   1.66329052  0.65609227 -2.29252556]
[-0.59457772 -0.70186456 -2.05193978  0.68174678]
[-0.58867146  0.85263909 -1.54355091  1.44741178]
[-0.53753942 -1.84081665  0.28825248 -3.25834383]
[-0.10639342 -1.56491879  1.65298024 -1.32961043]
[-0.1187404  -0.60982153  2.19151082  0.44598333]
[ 1.61800023 -0.12737299 -0.69884521  0.24418491]
[ 1.51994503  1.8990173   0.85743956 -1.05429804]
[-0.72500596  1.0093144  -0.39097532  0.51561838]
[-0.66318605  1.77425433 -1.33056045 -0.61149655]
[ 1.52527984 -0.08475032  0.69878434  0.44082246]
[ 1.59680006 -0.64033717 -0.61477961 -1.36506553]
[-0.71368352  0.795233    0.25154718  0.47380272]
[ 1.60624466 -0.57510772 -1.17018915 -1.42778977]
[-0.4079309   1.7494244  -2.06494001  0.31633395]
[-0.69850632 -0.55815059  0.18280945  1.0696928 ]
[ 1.55500646 -0.25877727  0.38009898  0.1578519 ]
[-0.71990963 -0.45624879 -0.26947018  1.21685736]
[-0.69579764 -1.20742052 -0.06760099 -0.05244821]
[ 1.53747322  2.04346289 -1.25414778  0.26147238]
[-0.64912734 -0.74772731  0.57802908  0.82904838]
[-0.51562188  0.07085282 -2.02609416  1.7280228 ]
[-0.72472218  1.42412599 -0.61072526 -0.25925638]
[-0.67397367 -0.00660825  0.56890856  1.10227105]
[-0.61112559 -1.56439825  0.32591231 -1.27285454]
[-0.63725565 -1.08549548  0.5151998   0.29645086]
[-0.57361808  0.79006305  1.21979902 -0.10030395]
[ 1.48027601  0.46761989  1.11305976  0.62488111]
[ 1.04657786 -0.76444066  1.90295892 -0.26564848]
[-0.73590096  1.68404883 -0.14630765 -1.56213025]
[-0.69179512 -1.54198535 -0.24561177 -1.41542047]
[-0.32191814 -0.94609826  1.72265434  0.33139078]
[-0.57442651 -1.45549149  0.6109028  -0.74615934]
[ 1.60745062 -0.40336848 -0.44831018 -0.40251444]
[-0.7261576  -1.09203477 -0.88929542  0.0661796 ]
[ 1.60266404 -0.07400233 -0.04006988  0.41213543]
[-0.71300709  0.42915544  0.18370793  0.99075315]
[ 1.51445032  1.54022536  0.94172775 -0.30547369]
[-0.69547261  0.91502555 -0.84137341  0.95977292]
[-0.71363632 -0.59708277 -0.83332343  1.07720006]
[ 1.57785919 -0.31888302 -1.58775805 -0.52407373]
[ 1.28340457 -0.26640747  1.61723509  0.29682599]
[ 0.8364011   0.11866673  2.49812324  0.2888898 ]
[-0.71470329 -1.23768594 -1.45220912 -0.74636159]
[-0.67982976 -1.71205591 -0.35491869 -2.64213796]
[-0.73936341 -1.51538575 -1.25113425 -2.1082477 ]

Populations

0.0127519158288
0.366752384924
0.302911394072
0.317584305175

State labels

0
1
2
3
