Cluster centers 

[-0.75597537  1.27513376  0.46030966 -0.64158329]
[-0.7830105  -0.98889501 -1.11106939  0.23236491]
[-0.65558233 -1.65124935  0.20699066 -2.08379597]
[ 1.4568785   0.25507056  0.45054225  0.79489122]
[-0.71928847  0.22505431 -1.19042631  1.64871745]
[ 1.46977018 -0.07134748 -0.96845149  0.30432481]
[-0.58038388 -0.77999333  1.18917517  0.76603949]
[ 0.99776228 -0.90826157  1.76473368 -0.47149809]
[-0.79887615  1.90330659 -0.17026929 -1.91943015]
[ 1.25370023  1.7849746   1.5239146  -1.35781117]
[-0.75628335  1.57221155 -0.96328346 -0.10051004]
[ 1.45037187  0.88297921 -0.91267403  1.20612856]
[-0.682445   -1.34044658  0.3985572  -0.2970272 ]
[-0.75200668  0.30587618  0.385952    0.98434532]
[ 1.4606211   2.03863273 -0.31509981 -0.22185849]
[ 1.4678895  -0.43829164 -0.86180747 -0.87506542]
[-0.7793216  -0.64072483 -0.46289165  1.09809582]
[-0.74266413 -1.50845646 -0.19882441 -1.41533847]
[-0.78002499  1.13725168 -0.49292627  0.41783241]
[-0.49444664  0.61022493  1.70660594 -0.12292729]
[ 1.28755899 -0.39045442  1.22121839  0.20786179]
[-0.79807905  1.73756775 -0.28100947 -1.23917751]
[-0.7943677  -1.35048491 -0.81712485 -1.07105651]
[-0.71731285  0.50135988  0.74538673  0.58333227]
[ 0.42133269 -1.01478296  2.32920916 -0.09897051]
[ 0.51902828  0.48563334  2.63007845 -0.17319915]
[ 0.97740187 -1.16004527  1.48701051 -1.42135485]
[ 1.38781774 -0.28755859 -1.95318972 -0.9915291 ]
[ 1.48492293  0.13777075 -0.53535991  0.74937254]
[ 1.22312993  0.01293751 -2.49605133  0.17187649]
[ 1.43816768 -0.49100633  0.07666776 -0.44292596]
[-0.75677862 -1.59673055 -0.58099625 -2.89326053]
[ 0.82182623  1.82887034  2.13491275 -2.50508405]
[-0.35402455 -1.24654902  1.63371183 -0.00826749]
[-0.75148404 -0.63514661  0.16830088  1.06090385]
[-0.72509495 -0.4165038  -1.39492741  1.33371329]
[ 0.23455548 -1.41993357  2.0231599  -0.96472457]
[-0.59254478 -1.5758294   0.63376675 -1.23526437]
[-0.74451949  1.52247115  0.53590957 -1.38141035]
[-0.7925141  -1.45016699 -0.89828934 -1.88798295]
[-0.75068418 -1.12700527 -0.00928456  0.23772823]
[-0.76778769  0.46064192 -0.6251386   1.34786364]
[-0.44837447  1.24274346  1.75614364 -1.54788132]
[ 1.3629546   0.26891375  1.14703998  0.66136249]
[ 1.37874395 -0.40410965 -2.15263247 -2.21108053]
[-0.68245414  1.46238518 -1.39643088  0.53318473]
[ 1.20159691 -0.03142358  1.70176533  0.49846321]
[ 1.43443248  0.93220701  0.78988348  0.60607855]
[-0.7770563   0.2354723  -0.20512904  1.30071036]
[-0.73519188  2.10425593 -1.29885808 -1.26479204]
[-0.62373134 -1.15596855  0.83587035  0.26510881]
[ 1.47664094 -0.27953356 -0.36840668 -0.04567137]
[ 1.41390292  0.16985194 -1.47383272  0.74576229]
[-0.77812969  1.75773384 -0.81549282 -0.73560573]
[-0.75744923 -0.12007936  0.23352438  1.24703106]
[ 0.86058035 -0.41314271  2.25974814  0.29090217]
[-0.68722412 -0.65769294 -1.9022296   0.73343524]
[-0.24606315 -1.7127082   1.09300765 -2.38560572]
[-0.79030086  1.36129794 -0.33406835 -0.17401714]
[-0.7802224   0.6788092  -0.13074189  0.87463824]
[ 1.48937405  0.57194108 -0.10097737  0.99828952]
[-0.78078242  2.12170465  0.05312157 -3.08330859]
[-0.7043052  -0.28442359  0.7050324   1.07902545]
[ 1.43131999  2.82163243 -0.53040209 -2.25279489]
[ 1.19993184  0.87665017 -2.07478154  1.36258575]
[ 1.36502618  1.42285842  1.1802655  -0.24409576]
[-0.72539015 -1.43579505  0.01947409 -0.8443876 ]
[-0.72225179 -0.92935197  0.34925683  0.68360962]
[-0.75907563  0.94306058 -0.78421154  0.93750486]
[ 0.92345149  1.21862372  2.27161756 -0.92424871]
[ 1.47233629 -0.28024244 -0.9388904  -0.29627454]
[-0.7929696   2.29198673 -0.96099002 -2.45527353]
[-0.70373352  0.88976771  0.85365068 -0.09423777]
[-0.7798948  -0.91790606 -0.42261043  0.64005523]
[ 1.38043221 -0.72361302  0.30156204 -1.09228398]
[ 1.47164089 -0.11035428  0.00966429  0.41705324]
[-0.58792818 -1.73848014  0.15566299 -3.66169832]
[-0.79060075  1.46505727 -0.06542186 -0.66929371]
[-0.47595979 -1.48303126  1.1446039  -0.67136384]
[ 1.41812196 -0.24358997  0.55071489  0.28710102]
[-0.76859878 -0.19945093 -0.75029737  1.47353978]
[-0.77418135 -1.28626993 -0.39769698 -0.43345632]
[-0.2556645  -0.46597537  2.09689559  0.54760351]
[ 1.42229404 -0.15887102 -1.60054847 -0.17673156]
[-0.77298697 -0.74079885 -1.04872178  0.8677536 ]
[ 1.45615231 -0.57528268 -0.89971111 -1.66382326]
[-0.70484096  1.72568152  0.74678101 -2.25224243]
[ 1.1743346   0.70299361  1.89256043  0.19552094]
[-0.78509621 -1.13822806 -1.35207014 -0.50775583]
[ 1.47955991  1.43742897  0.09994298  0.4837723 ]
[-0.60153301 -0.19159719  1.27556682  0.88072228]
[-0.65941107  1.18084252  1.08390855 -0.89990152]
[-0.77579643 -0.28243375 -0.22289015  1.34990433]
[-0.7769398   1.09474549  0.15395469  0.00711296]
[-0.643727    0.89129388 -1.51979316  1.42303058]
[-0.61674477  0.3265751   1.28479663  0.50177086]
[-0.76793187  0.78539103  0.25132986  0.49042485]
[ 1.22011311  2.62308534 -1.85748167 -0.47112516]
[-0.78468961 -1.1295622  -0.54839805  0.05607662]
[ 1.30127869 -0.65790026  0.93981582 -0.40943706]

Populations

0.00368427989708
0.402611322773
0.275341640428
0.318362756903

State labels

0
1
2
3
