Cluster centers 

[-0.68748019  1.54689864  0.77889874 -1.87565038]
[-0.72726725 -0.89765174  0.36516329  0.70622671]
[ 1.47672482 -0.29771998 -0.30643425 -0.03639243]
[-0.79819721  1.73023306 -0.33112241 -1.28677581]
[ 0.48633482 -1.03455055  2.22708723 -0.38087202]
[-0.66219907 -1.57103934  0.21360713 -1.39539267]
[ 1.20785388  0.57940124  1.81632927  0.20946032]
[-0.76069876 -0.3026054  -0.82214379  1.49769531]
[-0.78236552  1.06413561 -0.03674633  0.21313202]
[ 1.36704735  0.19826121 -1.71327943  0.95610856]
[-0.37417739 -0.41409069  1.96508533  0.56692208]
[ 1.3435153  -0.28751079 -2.38541721 -1.01117107]
[-0.58787078 -1.75750233  0.10690934 -3.10785116]
[ 1.45609038  1.75002519 -0.69834487  0.61432029]
[ 1.38554534 -0.31565616  0.77078506  0.16376503]
[-0.78211244 -1.31346076 -0.58462357 -0.57025256]
[ 1.48895152  0.07537883 -0.19232558  0.69153439]
[-0.74069543  0.90339202  0.57588021  0.03190171]
[-0.77892833 -0.72341584 -0.75683709  1.00740622]
[-0.58365916 -0.76932914  1.23516655  0.68629089]
[-0.82010568 -1.42487655 -1.74079532 -2.74392241]
[ 1.33810496 -0.68570927  0.68286659 -0.67247711]
[-0.73092152  0.23887229  0.65739995  0.89805386]
[-0.77221412  1.74804335 -0.92021048 -0.64363616]
[-0.75170574  2.09070877 -1.30005138 -1.33604512]
[-0.71849329 -1.37417285  0.09583427 -0.51882803]
[ 1.40601403 -0.46690623 -2.24801203 -2.40300399]
[ 1.45240186  0.19472368  0.53642202  0.72898777]
[ 1.27238664  1.99010402 -1.74101287  0.92014458]
[ 1.47628905 -0.38644712 -0.86288637 -0.54231339]
[-0.37634116  0.80349467  1.96978436 -0.7625018 ]
[-0.77029876  0.34110144 -0.47051567  1.42321277]
[ 1.46004452 -0.55681212 -0.43399467 -0.94018621]
[-0.76498458 -1.03761652 -0.13797344  0.44613644]
[-0.79457839 -1.4897146  -0.99604659 -1.96865469]
[ 1.4769905  -0.08766653 -0.82869405  0.36575235]
[ 1.35207815  1.33413075  1.24180795 -0.23662234]
[-0.75366844 -0.46909833  0.28019892  1.14504857]
[-0.79517233  1.81792722 -0.22317866 -1.73314931]
[ 1.49282894  0.4799828  -0.09795759  1.0220078 ]
[-0.26432617 -1.22612834  1.81298829 -0.14036858]
[ 1.46390514 -0.56222371 -0.90866239 -1.34448445]
[-0.76596409  1.24580589 -0.73459315  0.44617472]
[ 1.46147102 -0.17969021  0.18637861  0.3171307 ]
[ 1.1299727  -0.79826902  1.46391769 -0.52320817]
[-0.62895508 -1.76102319 -0.29633777 -4.30072815]
[-0.68319572  1.26439281  0.86784147 -1.06976455]
[ 1.41217238  0.00630665 -1.56365763  0.50805469]
[ 0.73982424  0.89887933  2.30645237 -0.63911189]
[-0.7756902  -1.50036447 -0.67208972 -1.64400359]
[-0.77792251 -0.76811002 -0.28328102  0.9507127 ]
[-0.79047684  1.37809089 -0.30925817 -0.25785624]
[-0.76608628  0.68684896  0.30313882  0.60951154]
[-0.53097298 -1.121788    1.24598853  0.21629862]
[-0.69498649 -0.55452575  0.76774994  0.97530429]
[-0.70993624  0.5049512   0.83226109  0.50558427]
[-0.69235413 -1.18843805  0.44460604  0.121211  ]
[ 0.63604548 -0.10549952  2.58450815  0.14423209]
[-0.47746159 -1.65955892  0.81268975 -1.69331292]
[-0.63792435 -0.13649454  1.18939888  0.83678626]
[-0.58801855 -1.45352443  0.73632318 -0.67840284]
[-0.78726079  1.45301241 -0.05495076 -0.71848683]
[-0.75619618 -0.8696767  -1.38252198  0.55249182]
[ 1.05596566 -0.394623    1.95814593  0.12285076]
[ 1.45533883  0.9423822  -0.80033104  1.34412267]
[-0.77849554  0.59813581 -0.06799825  0.96978421]
[-0.6872863   0.59749254 -1.25397799  1.62311922]
[-0.64854655  0.82272407  1.1420895  -0.24750585]
[ 1.25701867  1.84706121  1.30810219 -1.52532279]
[-0.75499075 -1.44514884 -0.31830804 -1.02502494]
[ 1.46817149  0.8977969   0.53454601  0.75090938]
[ 1.35566765  0.69375041 -1.56879749  1.4046911 ]
[ 1.0945778  -1.04274888  1.25862623 -1.31162317]
[ 1.43511442 -0.22581629 -1.54779785 -0.24015806]
[ 1.42661005 -0.39406925  0.35631317 -0.0736474 ]
[ 1.13853926 -0.18211452 -2.9774775  -0.55226979]
[-0.78375822 -1.10453686 -1.20755227 -0.11635507]
[-0.77475358 -0.41961857 -0.17779725  1.3103397 ]
[-0.8044834   2.14172902 -0.59445459 -2.627003  ]
[-0.71863618  1.81398549  0.47194399 -2.56234314]
[ 1.34296776 -0.79726798  0.43550104 -1.20572176]
[-0.69549798 -1.66590198 -0.21587052 -2.47297012]
[ 0.54981253 -1.34030387  1.76111837 -1.37684527]
[ 1.49047292  1.37534762  0.05222786  0.62021687]
[-0.75204806  1.46253805  0.39810489 -1.21176009]
[ 1.37863026  0.06377755  1.03906519  0.54649464]
[-0.75471231  1.16811615  0.41598941 -0.41469593]
[ 1.27497181 -0.37931633  1.30314216  0.12923132]
[-0.70577926  1.20796068 -1.14983393  0.88898437]
[-0.77809548 -1.15352954 -0.43152645  0.07439959]
[ 1.42030114  1.1032043   0.94110105  0.30941433]
[ 1.33065252 -0.10373959 -2.19547074  0.02747263]
[-0.77090869  0.1462947   0.11178621  1.25015564]
[-0.43682522  1.40835392  1.61036077 -2.12036256]
[ 1.48249812  0.19571724 -0.62144301  0.87965212]
[ 1.43728308 -0.52774509  0.06168361 -0.54201008]
[ 1.43235479 -0.38314342 -1.77316676 -1.11905419]
[-0.57038948  0.17749962  1.48998476  0.44674203]
[-0.70552527 -0.48991033 -1.53294706  1.31137115]
[-0.79627767 -1.30101925 -1.25212553 -1.02335867]

Populations

0.150657265215
0.257515604879
0.279664247038
0.312162882868

State labels

0
1
2
3
