Cluster centers 

[ 1.24741761  0.83399724  0.22805272  1.00576219]
[-0.83599359 -1.32419834  0.31099057 -0.25570324]
[-0.91311457  1.65526983  0.1920126  -0.58953642]
[ 1.26196493 -0.30207746 -0.49617944 -1.00412713]
[-0.87101044 -0.41924966 -0.57332542  1.0474536 ]
[ 0.12480192 -0.72195466  1.86116487  1.49905305]
[-0.89334969  0.8456894  -0.32937464  0.56247609]
[ 1.19402708  0.5833177  -1.85472565  0.30246936]
[-0.86291843  2.18061961  2.02306115 -2.04585857]
[-0.88356054 -0.64223176 -1.53851313  0.18943994]
[ 1.284891    0.28352726 -0.52120383  0.73274696]
[ 1.18893755 -0.56762185  0.6693666  -0.06168829]
[ 1.22974518 -0.05241955  0.19885993  0.80595738]
[ 1.07383565  1.33987159  1.60768156  0.57137243]
[ 1.10516176 -0.17946996 -1.11668152 -2.62816752]
[-0.88686095 -1.4917863   1.08585522 -2.72799068]
[-0.6501207  -0.03409811  0.89036579  1.33394279]
[-0.84104214  1.09138178  0.73134817  0.20209229]
[ 0.96636353  3.12671795  0.24721207 -2.1180236 ]
[-0.41824571 -1.03777728  1.38478111  1.19375381]
[-0.90166956 -0.86724927 -0.92965384  0.19288065]
[-0.8269011   1.96022097 -1.0295993  -0.80991406]
[  7.31829467e-01   3.14840955e-01   2.78528236e-03  -7.54579001e+00]
[ 0.66784895  1.16684811  2.49100099  0.5446961 ]
[ 1.27382125 -0.14829491 -0.26326452  0.22972039]
[-0.87340821 -0.91684846 -0.41675715  0.52825341]
[ 1.19394443  0.08757888 -1.6161493  -0.45817558]
[ 0.91935848 -0.90551015  1.59412523  0.29380446]
[-0.80869735 -1.45606294  0.6927017  -0.67684357]
[-0.86061319  0.56126986 -1.61685962  0.73228082]
[-0.58674447 -1.56485011  1.46232176 -0.33752006]
[ 0.57475366 -0.04342257  1.93329809  1.50443589]
[-0.9073192   1.47559606 -0.21137375 -0.24162336]
[-0.67976229 -1.68334099  1.83618386 -1.84309267]
[-0.92123616  2.13375536  1.06807548 -1.67944857]
[ 1.23566478 -0.45315488  0.18133525 -2.61364631]
[-0.76283429 -0.52252735  0.25459899  1.26216478]
[-0.85384488  0.47675677  0.01190666  0.91822474]
[-0.72030769  1.03893799  1.47224634  0.23591315]
[-0.74432122  1.38628971  1.70208499 -0.35026144]
[ 1.23929402 -0.09006022 -1.11369483 -0.66411779]
[ 1.24167021  2.11564351 -0.71021232 -0.12695824]
[ 1.25202415 -0.5234311   0.28666128 -1.0277604 ]
[-0.6137988   0.70383497  1.57019053  0.70365912]
[ 1.24715159 -0.36531738 -0.34958265 -1.68311984]
[ 0.49990476 -0.9530968   1.94682577  1.09342535]
[ 1.28204822  0.77671164 -0.92804598  0.78684487]
[-0.89269573  1.40858674  0.476278   -0.2425271 ]
[-0.89770744  1.35782776 -0.61717334 -0.02138443]
[ 1.11679285 -0.08006987 -1.58539591 -1.58910722]
[-0.77777665 -1.16855427  0.37216305  0.50117099]
[ 0.52836254 -1.28556523  2.20563778  0.09267864]
[-0.91408366 -1.11577657 -0.72684157 -1.06662214]
[ 1.06545084  1.9327032   2.10962578 -0.33689008]
[ 1.10490541 -0.85816523  1.30866477 -0.8112215 ]
[-0.74084189  1.53230539 -1.94402513 -0.08164579]
[-0.82199199  0.62051819  0.42703146  0.79257691]
[-0.81263739 -1.54949393  1.01795088 -1.46742342]
[ 1.14224384 -0.43289466  0.76628895  0.61690277]
[-0.89569107 -0.64957272 -1.25994421  0.42280125]
[-0.94105959  2.61485203  1.47179603 -2.88784856]
[-0.82726769 -0.20967134 -2.07093437  0.45859775]
[ 1.02904235  0.20223897  1.15818748  1.34452347]
[ 1.28224893  1.21548369 -0.16447826  0.76811704]
[ 0.92109053  0.17725777 -2.5483872  -0.99626241]
[-0.89943087 -1.27685952 -0.09363607 -0.79625463]
[ 1.1637041   2.00621072 -1.50052332 -0.00748465]
[ 1.18701599  1.57127128  1.13850947  0.36775298]
[-0.8645788   2.63162188 -0.01689897 -2.33375123]
[ 1.21544471  0.33554555  0.3277323   1.10573534]
[ 1.26983896 -0.34411093 -0.16462352 -0.48095615]
[-0.81273609  1.71051136  1.69217737 -0.9597709 ]
[-0.6652315  -1.28132242  0.88359315  0.51740181]
[-0.90484148 -1.0608128  -0.63599021 -0.24351992]
[-0.88736623  0.19191155 -0.72664542  1.01285289]
[ 1.20617104 -0.16687294 -1.10864486 -1.33564223]
[ 1.27092244  0.07248986 -1.00314534  0.09316913]
[ 1.1215306  -0.1438319   0.78002009  1.06975052]
[-0.8927588   2.10070982 -0.22648472 -1.25496021]
[-0.87322621 -1.42720041  0.44774868 -1.1793683 ]
[ 0.79829607  2.21975115  2.88777816 -1.19525229]
[-0.71883591  0.64605462  1.09844636  0.76812124]
[ 0.90329589  0.6148852   1.69688508  1.22452728]
[ 1.15052044  0.95214163  0.97687417  0.99064373]
[ 1.27438604 -0.16541341 -0.64599552 -0.32290637]
[ 0.93933375 -0.5850408   1.37486866  0.96400742]
[-0.88155378  1.12273055 -1.03598804  0.29853649]
[-0.91136997  1.8433769   0.71054955 -1.02145458]
[-0.89026059 -0.12896064 -1.26322163  0.91514232]
[-0.81204258 -0.87651226  0.01560593  0.88441582]
[ 1.24565688 -0.42411547  0.2164036  -0.17302959]
[-0.09873693 -1.31163845  1.90461063  0.81232175]
[-0.89180409 -0.87011115 -1.31373587 -0.39691437]
[ 1.22450861 -0.32159412  0.31327398  0.39064137]
[-0.91893334 -1.36643834  0.2257671  -1.90405064]
[-0.89408937  0.66760289 -0.93369308  0.72591544]
[-0.862514   -1.15122044 -0.09412677  0.11018434]
[-0.89089956 -0.62024011 -0.85907411  0.75086058]
[-0.88987871  1.10354569  0.10698101  0.23588755]
[-0.83963652 -0.06376393 -0.14977187  1.18632356]

Populations

0.27489904086
0.205104239971
0.409922684563
0.110074034606

State labels

0
1
2
3
