Cluster centers 

[-0.61625431 -0.93716099  0.94600301  0.62828204]
[-0.76750384  1.09098622  0.15916121  0.0128512 ]
[ 1.50481104  0.01065841 -0.57906775  0.5359234 ]
[ 1.35880732  0.84100583  1.36599588  0.37040768]
[-0.73173855  2.13284883 -0.02254325 -3.01600207]
[-0.77620683 -1.11560828 -0.63241759  0.03925232]
[-0.72724171 -1.45618289 -0.13153024 -1.06028456]
[-0.76582648  0.60081814 -0.37291981  1.12011221]
[-0.54954903  1.08203106  1.46380805 -0.96957071]
[ 0.96646518 -0.73856734  1.98562495 -0.06846841]
[-0.59491962 -1.31453995  0.8263454  -0.1333386 ]
[ 1.48017272 -0.51883216 -0.94649893 -1.38699915]
[ 1.43851123 -0.40335088  0.39467776 -0.06055406]
[-0.76594283 -0.51816286 -0.30329302  1.19475036]
[-0.74304891  1.45476687 -0.922014    0.16825812]
[-0.55149079 -1.7276702   0.28566143 -2.91976414]
[ 1.48010858 -0.12005582 -1.16127851  0.10495729]
[ 1.22584952  1.19770237  1.78078598 -0.39508326]
[ 1.49243684  0.7417493  -0.69090696  1.18008172]
[-0.75434806  2.05159722 -1.10708582 -1.29811593]
[-0.71509867  1.42021397  0.70154698 -1.26201026]
[-0.62104744 -0.38410798  1.1136844   0.93050777]
[-0.767544    0.75348259  0.05945295  0.66662279]
[-0.68419884 -0.54026738 -1.72789938  1.02495704]
[-0.11123903 -1.40162704  1.902254   -0.52226694]
[-0.73826733 -0.76347163  0.16682959  0.91771189]
[-0.7090677   1.09435457 -1.11036893  0.98005658]
[-0.63607495  0.3190955   1.17020479  0.5491566 ]
[-0.68620085  0.89517742  0.92081776 -0.17007303]
[ 1.40614124 -0.31792697 -2.06862848 -1.36933054]
[-0.76805867  1.68770997 -0.77147706 -0.56014807]
[ 1.44459745  1.633709    0.80398609 -0.33899846]
[ 1.5001748   0.7400107   0.25760928  0.9156233 ]
[ 1.42698516  0.04714867  0.80439599  0.6283167 ]
[ 1.49324765 -0.33698905 -0.9215881  -0.5171632 ]
[-0.43893724 -1.49070415  1.21975643 -0.67893766]
[-0.77023962 -0.82784917 -0.82087679  0.72144904]
[-0.68874129 -1.59681357 -0.01889564 -1.86339735]
[-0.78725353 -1.23299428 -1.07030135 -0.72146792]
[ 1.32025042 -0.15630021 -2.43184479 -0.65181013]
[-0.69474928 -1.19407115  0.35058825  0.12694348]
[-0.70338056 -1.62763342 -0.59915826 -3.88646648]
[ 1.32889493 -0.76982234  0.72331877 -0.88011996]
[-0.74591561 -0.33095606 -0.97942255  1.40160953]
[-0.41189736  0.94644227 -2.16473898  1.69298902]
[ 1.31048955  2.7243874  -1.53759143 -0.94861163]
[ 0.58210305 -1.15028727  2.19100029 -0.48950778]
[-0.78913511  1.80614321 -0.50251475 -1.21383569]
[ 1.11402576  1.62817427  1.87894809 -1.50049968]
[ 1.17559516 -0.13987706  1.78654848  0.44416665]
[-0.39086959 -0.53302079  1.83825304  0.64254046]
[-0.70205875  1.72663733  0.72495531 -2.29569124]
[-0.75765845 -1.03290119 -0.19908016  0.4136548 ]
[ 1.45079742 -0.21341483 -1.59256435 -0.42566835]
[-0.72291614 -0.34201448  0.4683601   1.15205061]
[-0.46698509  0.52665612  1.77233567 -0.06003608]
[ 1.49770896 -0.28882738 -0.47908606 -0.11845789]
[-0.7739274   1.72904952  0.13816658 -1.67237924]
[-0.70729254 -0.99705264  0.36729669  0.56458209]
[-0.76522127  0.10832927 -0.3120017   1.39246154]
[ 0.91607366 -1.1720927   1.65587819 -1.20017119]
[-0.77895617  1.50224026  0.03322268 -0.86586559]
[ 1.47569766 -0.05756762  0.30362724  0.52714276]
[-0.76409306 -0.97162671 -1.32693551  0.13104884]
[-0.12333393 -1.69899348  1.32843379 -2.14229487]
[ 1.31321003 -0.44914482  1.1495546   0.0918665 ]
[-0.73449921  1.2236323   0.57588171 -0.62504662]
[-0.73215237  0.78286551  0.58280047  0.27313518]
[ 1.38236201  0.21554441 -1.79167026  0.80750365]
[ 1.36163254  1.01079599 -1.55868435  1.38530734]
[-0.75063545  0.16448157  0.25496068  1.13790945]
[-0.63816991  1.90448613 -1.64084472 -0.19273761]
[-0.76828597  1.09182197 -0.49536241  0.52112167]
[ 0.57701405  0.22816814  2.60489616 -0.00503825]
[ 1.49208825 -0.20797934 -0.10113188  0.21045114]
[-0.44199496  1.44933394  1.62860709 -2.10835609]
[ 1.4679914  -0.52225398 -0.16020319 -0.69613057]
[-0.77788536 -1.47798064 -0.87641566 -2.12795509]
[ 1.47775694  0.11734476 -1.11876612  0.66617312]
[ 1.36346063  0.31090402  1.26103161  0.64569978]
[-0.78261578 -1.39066017 -0.8313174  -1.3568371 ]
[-0.43345346 -1.17522856  1.47012274  0.17554359]
[ 1.47982173  1.84757239 -0.48369387  0.26574378]
[-0.68407608  2.4485789  -1.73425756 -1.94122985]
[-0.72747796  0.4457213   0.59277581  0.7330796 ]
[ 1.50831782  0.26666005 -0.1738735   0.88056218]
[-0.79469625  2.14333034 -0.67382852 -2.23182703]
[ 1.15540431  0.61751062  2.00704112  0.17586864]
[-0.5722869  -1.53105744  0.72196836 -0.94815978]
[-0.71904102  0.43382824 -1.03619675  1.54800935]
[ 1.40049039 -0.42241314 -2.17826246 -2.58483802]
[ 0.31515145 -0.71582126  2.49341813  0.23873829]
[-0.78132598  1.38587569 -0.25271901 -0.29167916]
[-0.67433031 -1.41064434  0.32575209 -0.58487108]
[-0.75735875 -1.09949764 -1.76757533 -0.82529702]
[-0.73098795 -1.28957456 -0.01671182 -0.27139331]
[ 1.46805952  1.03662734  0.69525706  0.56093   ]
[-0.5711753  -1.62470787  0.59194797 -1.53312569]
[ 1.25507451  0.04214549 -2.40289278  0.27981887]
[-0.77126012 -1.29624449 -0.52948939 -0.57557714]

Populations

0.397212117474
0.00155188854613
0.311814088258
0.289421905722

State labels

0
1
2
3
