Cluster centers 

[-0.1238902  -0.99227868  2.15161749 -0.09808963]
[-0.76897121  1.16498782  0.45719549 -0.37412365]
[ 1.44567068 -0.189852   -0.80895146  0.16438622]
[-0.80676189 -1.19552585 -0.9066192  -0.3077111 ]
[-0.77638626  0.2473108  -0.73092669  1.56678739]
[ 0.97689097  1.39949817  2.03973686 -1.19282483]
[-0.79693564 -0.20205632 -0.18241291  1.39127069]
[ 1.35130656  0.48889724  1.05810215  0.62479733]
[ 1.16042407 -0.30048228 -3.20671729 -1.78263508]
[-0.80821661  1.9700444  -0.29675816 -1.99725362]
[-0.78174233 -1.54468262 -0.91384189 -2.86717143]
[ 1.26523068  1.05349279 -1.65493425  1.51440165]
[-0.79945017  0.81618202 -0.02343133  0.66094197]
[-0.7448599  -1.21598633  0.16516901 -0.0377085 ]
[-0.80043126 -0.88656041 -0.70132631  0.70353359]
[ 1.42986265 -0.55591747 -1.2521854  -1.71622305]
[ 1.25766547 -0.43799619  1.14163578 -0.01584963]
[-0.7581003  -1.45541765 -0.23686219 -1.1781486 ]
[ 1.16737503  0.14396712  1.72678036  0.37657147]
[-0.76402075  1.6699115  -1.06753603 -0.14796175]
[-0.50402489  0.09825592  1.73395192  0.37069381]
[-0.65469469  1.16537858  1.12742881 -0.93058163]
[ 1.45103747  1.19998419 -0.19431995  0.93677193]
[ 1.41239493 -0.58781668 -0.24549594 -0.9759701 ]
[-0.64036251 -1.39174069  0.65388056 -0.56948671]
[ 0.78368431  0.55363426  2.41097319 -0.19944959]
[-0.75581863  1.57948584  0.45580309 -1.48202041]
[ 1.44257141 -0.36247638 -0.99447476 -0.47928987]
[ 1.42362013  0.91423984  0.57569129  0.71400623]
[ 1.4436114   0.24719707 -0.68429339  0.99185912]
[ 1.3994981   2.82672687 -1.11628282 -1.56038533]
[ 1.23685171  0.12299152 -2.19945963  0.88442126]
[-0.78467732  1.26423488 -0.72582891  0.4498999 ]
[ 1.38595537  2.02423461  0.59686546 -1.01407298]
[-0.74600314 -0.75917966  0.46251647  0.84230964]
[ 1.43129804 -0.1841716   0.04872235  0.30224764]
[ 1.24096076  1.03921703  1.56021596 -0.05854558]
[ 0.98561064  1.84969983  1.86833099 -2.19165353]
[-0.7987992  -0.64170226 -0.43465759  1.12747386]
[ 1.05314588 -0.55389912  1.75701972 -0.09665564]
[-0.70720139 -1.42148062  0.23354168 -0.78177816]
[-0.78721253  0.4747236   0.27316284  0.89220231]
[-0.79842408  2.32666901 -1.06654218 -2.42228344]
[-0.65847444 -0.59728354  1.06652864  0.77791282]
[-0.80313594 -1.43947663 -1.11221761 -2.00672779]
[-0.79452086 -1.33971389 -0.57749215 -0.77486644]
[-0.39924168 -1.6623648   0.93353928 -2.13590129]
[-0.63418723  0.77549964  1.28487913 -0.2218465 ]
[ 1.37823357 -0.38361172  0.45891641 -0.04852205]
[-0.65761108 -1.68316964 -0.17775012 -3.40191153]
[-0.48385187  1.27412782  1.60189806 -1.56687794]
[ 1.40379241  1.70343155  0.59760141 -0.285868  ]
[-0.62008596  1.74637879 -1.79914703  0.46439288]
[ 1.42018699 -0.39315285 -1.51131532 -0.92762099]
[ 1.40489092 -0.53061446 -1.96164197 -2.75734717]
[-0.80519829  1.629512   -0.10747506 -1.06150086]
[-0.75573077 -0.54638947 -1.25327693  1.25235598]
[-0.78899208 -0.98198519 -1.20756525  0.31734976]
[-0.79520833  1.12088254  0.13909415 -0.01136825]
[ 1.45186063  0.0240487  -0.41247334  0.6563594 ]
[-0.73343326  1.94735454  0.40517335 -2.74994069]
[ 0.78200707 -1.09922758  1.70803915 -1.08324867]
[ 1.34186279 -0.04147605  0.93910792  0.48506209]
[-0.7817299   0.89171054 -0.65386598  1.01047097]
[-0.57895472 -1.23217119  1.05857051 -0.08410056]
[-0.67060926 -0.00514716 -1.5946173   1.81454731]
[-0.75790318  0.77915293  0.60303966  0.26028812]
[ 1.2863749  -0.77912818  0.56021925 -1.15274833]
[-0.77813274 -0.9767879  -0.00540576  0.54905427]
[-0.70420273 -1.07402954  0.58284563  0.328154  ]
[ 1.35573114  2.19068234 -1.23342986  0.2148511 ]
[-0.79848215  0.33265976 -0.13226777  1.24108065]
[-0.80572249  1.69464404 -0.55930258 -0.76541868]
[ 1.43488336 -0.40206929 -0.29711283 -0.3136052 ]
[-0.80045831 -1.4187783  -0.82924263 -1.44187673]
[ 0.65228619 -0.89443702  2.19322702 -0.37684428]
[ 1.37094137 -0.18812494 -1.79859339 -0.09161565]
[-0.77687312  1.37929792  0.33295542 -0.78645069]
[-0.80297903 -1.21958613 -1.37556497 -0.77198596]
[ 1.39287076  0.00817575 -1.44229794  0.60963222]
[ 0.56934061 -0.25243148  2.53293508  0.11940299]
[-0.70387548 -1.59482101 -0.10350799 -2.08262686]
[-0.6640237  -1.54218128  0.30320921 -1.39122315]
[-0.68528258  0.83332247 -1.33448568  1.54595045]
[ 1.4200839   0.60189937 -0.88644298  1.31838228]
[-0.78108687 -0.5606048   0.1605389   1.10625294]
[ 1.44832053  0.69643355  0.17353174  0.98959683]
[-0.805764    1.41739332 -0.30682542 -0.27986291]
[-0.77000035 -0.08396183  0.43733203  1.15340329]
[-0.4416638  -0.99650137  1.6262649   0.21987459]
[-0.53246584 -1.44875285  0.98492626 -0.79355676]
[ 1.39443716  1.3190017   0.81045822  0.17139624]
[-0.76655808 -1.30738731 -0.12965607 -0.42001574]
[-0.80400339  1.1589664  -0.2964432   0.28132289]
[ 1.33145714 -0.32889322 -2.34710603 -1.19674666]
[ 1.43847536  0.21038605  0.19749774  0.81938756]
[-0.7784466   2.04670017 -1.08618561 -1.27050399]
[-0.74417484  0.22078524  0.7223655   0.85135449]
[-0.79770315 -1.15809725 -0.47403671  0.00642937]
[-0.70355498  0.3510156   0.99708944  0.57188902]

Populations

0.0364222317176
0.447304578453
0.248777790207
0.267495399622

State labels

0
1
2
3
