Cluster centers 

[ 1.29539162  1.35961925  1.08508339  0.23233861]
[-0.81502614 -1.03340365 -0.58122578  0.42085258]
[ 1.39441513  0.02842979 -1.22782885  0.23612699]
[-0.82306069  0.88368595 -0.73983479  0.64424157]
[-0.52855575 -1.63394164  1.18516713 -1.20190877]
[-0.84833914  1.70642664  0.22764148 -1.24071627]
[ 1.39553221 -0.44060873 -0.65433999 -1.61391989]
[-0.76739404 -0.46901999  0.07950749  1.21692859]
[ 1.349429   -0.0533364   0.48758499  0.72015812]
[-0.76036687 -1.52888177  0.25020015 -1.36931436]
[-0.8056057   0.69150112  0.14275927  0.57627891]
[ 0.54712138 -0.36590388  2.29023815  0.82266689]
[-0.53111387 -0.77606593  1.20110403  1.03741182]
[-0.59082354  1.22990194  1.74565195 -0.89492413]
[-0.04297912 -1.31924446  1.97113356  0.17916342]
[-0.81059147 -1.21102857 -0.39225977 -0.04056201]
[ 1.41867357 -0.12254262 -0.47439732  0.23559834]
[-0.84219149  1.37748109 -0.10177586 -0.38881938]
[-0.80869163 -0.69478134 -0.56168533  1.02295697]
[-0.74663092 -1.5887931   0.5023814  -3.51221882]
[ 1.42629553  0.43452375 -0.38365941  0.96379155]
[ 1.36495821 -0.12186457 -1.47055423 -0.45315746]
[-0.6624884   1.93211741 -1.80239661 -0.46408069]
[ 1.1218098   0.51238311  1.60019223  0.80490966]
[ 1.38726384 -0.24136989  0.1116622   0.27625885]
[-0.76250154  0.95424472  0.72880836 -0.00801627]
[-0.88724438  2.55902432  0.68460457 -3.98065357]
[-0.82721988 -1.13639254 -0.9944634  -0.29630596]
[-0.80512361 -1.53211073  0.04063099 -2.53967157]
[ -8.15394747e-01  -1.07157923e-03  -7.49821433e-01   1.27336757e+00]
[ 0.11713752  0.48042067  0.86984758 -0.69803821]
[ 1.39681236 -0.46786317 -0.21450629 -0.90501128]
[ 0.13244388  1.48685576  2.52647642 -1.3440423 ]
[ 0.95802398 -0.39668463  1.80093079  0.78110293]
[-0.81565079  1.41677168 -0.89720552 -0.06600604]
[ 1.32460106  0.75253302  0.82080544  0.84880536]
[ 0.87761905 -0.87609814  1.82895909  0.16638734]
[-0.72350688  0.63353648 -1.6888542   1.12249834]
[-0.79147163  0.39417261  0.15490443  0.89682369]
[ 1.30939936  2.34230253  0.98555607 -1.41337789]
[-0.7699361  -0.9650957  -0.01478483  0.7753427 ]
[-0.68540644 -1.50744284  0.60267738 -0.71893108]
[-0.5970231   0.37221503  1.31121628  0.62166068]
[ 1.28510536 -0.21567557 -1.84100488 -1.72037316]
[ 1.34190144 -0.32080198 -1.38042805 -2.29184286]
[-0.87194278  2.30687469  0.05039131 -2.66609201]
[ 1.29609071  0.20387824 -1.96139264  0.378199  ]
[-0.77170979 -0.28673158 -1.53678263  1.17692582]
[ 1.3499432  -0.66702515  0.12218363 -2.2721966 ]
[ 1.18340465 -0.01497372 -2.42482642 -0.62655281]
[ 0.31480076 -1.53482512  1.99901801 -2.2311019 ]
[ 1.39099795  0.39970873  0.23430955  0.9798569 ]
[ 1.19972771  1.50293132  1.59561154 -0.21758476]
[ 1.3991579  -0.28909828 -0.96565184 -0.85451283]
[-0.82958193  1.03715445 -0.07070755  0.17666456]
[ 0.61629775 -1.28328248  2.07111237 -0.71215668]
[-0.75932712 -1.21884425  0.09884579  0.22797325]
[-0.67992809 -1.65494632  0.77459507 -2.35513308]
[-0.69429952 -1.21465789  0.4930524   0.40161922]
[-0.831331   -1.20985059 -1.15631296 -1.12556662]
[ 0.71140012  1.09050595  2.55347093 -0.25040074]
[ 1.41736133  0.77436613 -0.81731421  1.05923748]
[ 1.40854698 -0.19661416 -0.89293978 -0.29015346]
[-0.03015074  0.64313022  2.49618008  0.0752635 ]
[ 1.21916562 -0.58534686  1.03217389  0.0838669 ]
[ 1.06400009 -0.97525485  1.47404519 -0.80974862]
[-0.82154487  0.51051247 -0.43283742  0.94297866]
[-0.81844189  1.33461343  0.42734723 -0.5582272 ]
[-0.82663679  2.05295739  0.90029278 -2.52843364]
[ 1.2762194  -0.2593669  -1.70012228 -3.23507764]
[-0.81964174 -1.29701386 -0.44509953 -0.51262801]
[-0.5225807  -1.27595433  1.15678414  0.40589917]
[-0.79914793 -0.07223301 -0.17386856  1.23684785]
[ 1.20722139 -0.1616194   1.18040585  0.7770829 ]
[ 1.32606963 -0.60600625  0.50222196 -0.59436312]
[-0.75776098  1.41491018  1.04851612 -1.01438252]
[-0.40013643  0.67115133  1.97178044  0.07927236]
[-0.8373067   1.97891981 -0.59537196 -1.35808802]
[-0.33069148 -1.04383085  1.63194208  0.80524393]
[-0.75379188 -1.37758987  0.18178516 -0.33631302]
[-0.69897524 -0.00308088  0.70332411  1.07073206]
[ 1.13746756  0.95426091  1.64363886  0.34239864]
[-0.53452744 -1.69816771  1.24339877 -1.97979334]
[ 1.40825128  1.10827864  0.10083135  0.77338928]
[-0.69495629 -0.6084858   0.55789056  1.15799584]
[-0.2329314  -0.41122406  1.9491116   1.01729189]
[-0.74763025  0.57720855  0.64573605  0.55665153]
[-0.796584   -0.86545853 -1.47274626  0.30282876]
[-0.81534327 -1.38039433 -0.31554743 -0.9292773 ]
[-0.8305598  -1.43987952 -0.36533603 -1.88845877]
[ 1.29689287 -0.1466476  -1.86906839 -1.01886922]
[-0.73715571  1.71214734  1.34376776 -1.84849938]
[ 1.41707346  0.26999218 -0.92792204  0.76751575]
[ 1.41909856  0.0438725  -0.31428293  0.63234023]
[-0.64202591 -1.03570722  0.74450004  0.80515883]
[-0.48020122 -1.51402017  1.28197264 -0.37255477]
[ 1.33167503  0.7684537  -1.64756702  0.93814457]
[ 1.40750425 -0.33886395 -0.32504897 -0.36385843]
[ 1.36942459  1.93735658 -0.72803833  0.17789216]
[-0.66732574  1.09446261  1.3646526  -0.48954124]

Populations

0.00847282709894
0.0150423752663
0.0226119148671
0.0170188868899
0.00503406763466
0.0190739458263
0.0137081011501
0.00981925564224
0.020611519734
0.0123586460024
0.012551931811
0.00544828813459
0.00519891677748
0.00217628284628
0.00660407712619
0.0102839137606
0.0216769017422
0.0177593683416
0.0168143471399
0.00300088867865
0.0079860800714
0.0117481397958
0.00281323098703
0.0140005447934
0.0221760546574
0.0163847048662
0.000636745195226
0.0120437530846
0.00327518353056
0.0201260179449
0.0162667063989
0.00218108591452
0.0105690187799
0.0154880103404
0.0167086498165
0.0104674515868
0.0095602336238
0.0128642996329
0.00277165548919
0.0153338575915
0.00851461318259
0.00661115020982
0.00917585419519
0.00944975750472
0.00510363338946
0.0121017945214
0.012119083775
0.00438172057339
0.00222465948105
0.000507690128713
0.0146509320372
0.007601031923
0.0173856820266
0.0184096778025
0.00891265089189
0.00892072526522
0.00496087057248
0.00656667339642
0.007038160578
0.0036094438847
0.0108558803676
0.0131515774218
0.0019546710555
0.0143770795536
0.00623847836888
0.0148712055369
0.0127991239306
0.00383621155894
0.00405226015259
0.00945295551877
0.0048971039323
0.0126666775827
0.0192894897277
0.0138762321362
0.00983236799927
0.0021834669695
0.011352355108
0.0041046497124
0.0108714452957
0.0106838501891
0.00756458170187
0.00322034279165
0.00839518958161
0.0111243910617
0.00365355507709
0.00964589784837
0.0151524649967
0.00997786315361
0.00928478872382
0.00883668514324
0.00582612027952
0.0124994648315
0.0164700004675
0.00740837715953
0.0055643233798
0.00604017772713
0.0195890334943
0.0053584473515
0.00612752720072

State labels

0
1
2
3
4
5
6
7
8
9
10
11
12
13
14
15
16
17
18
19
20
21
22
23
24
25
26
27
28
29
31
32
33
34
35
36
37
38
39
40
41
42
43
44
45
46
47
48
49
50
51
52
53
54
55
56
57
58
59
60
61
62
63
64
65
66
67
68
69
70
71
72
73
74
75
76
77
78
79
80
81
82
83
84
85
86
87
88
89
90
91
92
93
94
95
96
97
98
99
