Cluster centers 

[-0.75157874 -0.77681601 -1.12808931  0.77606632]
[ 1.47252031  1.28540258  0.79605917  0.25396198]
[-0.65238192  0.90037994  1.07067659 -0.2922371 ]
[ 1.13830688 -0.74871934  1.59482938 -0.27008111]
[ 1.46599109 -0.21440754 -1.59629088 -0.43055155]
[-0.6700879  -0.52195859  0.7580742   1.01489628]
[-0.79018811  1.93540993 -0.33658185 -1.84492053]
[-0.7061454  -1.36653523  0.06813214 -0.5314084 ]
[-0.72116211  0.94217124 -0.93001937  1.06214019]
[ 1.52009731  0.18739484 -0.59986023  0.83014478]
[ 1.15631759 -0.20561598  1.86321137  0.35636798]
[-0.74602127 -0.18494681 -0.74559249  1.50189997]
[-0.77845988  1.56367224 -0.17264755 -0.83757507]
[-0.77869068 -1.2899558  -0.85916718 -0.80760297]
[-0.67882427 -1.13114893  0.44311658  0.2976013 ]
[ 1.45249144  0.54490649 -1.3286343   1.19339353]
[-0.75781307  0.67584359  0.10733433  0.73557888]
[-0.5459493   1.26935241  1.47776277 -1.48324087]
[ 1.47287183 -0.58363525 -0.14089172 -0.93168884]
[-0.7539932  -1.06575052 -0.27535092  0.31919588]
[ 0.63484761 -0.25874487  2.57808246  0.32854102]
[ 1.39663729 -0.37299741 -2.5067717  -2.91116908]
[ 1.48245957  2.49277094  0.26197897 -1.95313555]
[ 1.30811492  2.00263217 -1.75119562  0.84734241]
[ 1.50140496  1.6413622  -0.61589748  0.71360891]
[ 1.49589765  0.00162501  0.30837161  0.60378542]
[-0.73896661 -0.71655048  0.08885659  0.97363605]
[-0.73624309 -1.42539017 -0.26496175 -1.01634519]
[ 1.1281937   1.80117489  1.92478333 -1.96734022]
[-0.77528817  1.40405021 -0.30488197 -0.29280992]
[ 1.3602743  -0.18474604 -2.35842529 -0.76977597]
[-0.7016964  -1.03433026  0.34375272  0.50492117]
[ 1.50029497 -0.23311325  0.00782498  0.18218785]
[-0.7339131   2.12666993 -1.22038237 -1.40406989]
[-0.75188318 -1.03881609 -1.58334102 -0.29763599]
[-0.66207911 -0.11710251 -1.53083952  1.60695267]
[-0.21984228 -1.65254712  1.4775044  -1.52598355]
[-0.62465424 -1.6765763   0.06801569 -2.70951053]
[-0.39068122 -0.52480612  1.82336531  0.6741447 ]
[-0.55542727  0.27355014  1.49196978  0.40375521]
[ 1.51775714  0.82423438 -0.40415335  1.12760583]
[-0.76357612  1.58562158  0.20250779 -1.281662  ]
[-0.7564778  -0.49326908 -0.63847741  1.27114857]
[-0.49975422 -1.05282199  1.30457593  0.39127013]
[ 1.33764011 -0.83328009  0.67676146 -1.17290837]
[-0.70395353  1.23777921  0.75371091 -0.81419211]
[-0.76847388 -1.21689675 -0.61038726 -0.29339207]
[-0.74903851  1.09361952  0.35612863 -0.15755627]
[ 1.36759315 -0.04132756 -2.18330174  0.01238769]
[-0.77232846 -1.45597058 -0.80733212 -1.86771965]
[-0.677914    0.5715436   0.92990854  0.36100562]
[ 1.31528477  1.58220538  1.51377369 -0.88257963]
[ 1.19393177  0.98782018  1.93732429 -0.20732103]
[-0.65259973 -0.53525864 -1.89787474  1.03560529]
[ 1.19369161  0.30472948 -2.30164693  1.10039038]
[ 1.31170366 -0.17169574  1.39111989  0.4188453 ]
[-0.75471565 -0.35059717 -0.11555972  1.30247767]
[-0.77080827  1.14948562 -0.23497673  0.20505315]
[ 0.65885782  0.34791102  2.68000338 -0.03315086]
[ 1.50233509  0.92571166  0.47671263  0.75693277]
[ 1.41007038 -0.59551377  0.51275201 -0.50478057]
[ 1.4576863  -0.37366871  0.39360723 -0.00538777]
[-0.31587956  0.78905353  2.08650554 -0.70300188]
[ 1.51777783 -0.02463708 -0.63149899  0.4780232 ]
[-0.6625598   1.39659625 -1.39026856  0.69266163]
[-0.75539852  0.24291107  0.00547772  1.20736733]
[ 1.1193362  -1.00567142  1.39672191 -1.0444964 ]
[-0.06669415 -1.28919131  2.0299553  -0.29914329]
[ 1.50083812 -0.46782006 -0.91448887 -1.11928377]
[-0.68826744  0.65757969 -1.18941956  1.50577938]
[-0.7020072  -1.25288981  0.20047134 -0.07193749]
[ 0.74313449 -1.29630565  1.84391594 -1.31695411]
[-0.34966018  1.41609904  1.92210906 -2.21419087]
[-0.65931674 -0.05707728  0.95048663  0.94396917]
[-0.71082536  0.92559996  0.73687728 -0.10063243]
[-0.72684893  0.41560628  0.5391545   0.78311011]
[ 1.43948886  0.24054781  0.90621957  0.70676661]
[-0.67155603  1.55226177  0.90190236 -1.84899796]
[-0.74704153  1.45259144 -0.83230912  0.08079988]
[ 1.4222033  -0.22356924  0.79787088  0.34562373]
[-0.5470376  -1.42088972  0.89059289 -0.49543844]
[ 1.45628759 -0.33846742 -1.83205212 -1.29145901]
[ 1.50719034 -0.21428204 -1.01890208 -0.14024212]
[-0.75570732  1.76918781 -0.88211272 -0.66864644]
[-0.76922287  2.39670002 -1.0405402  -2.75823529]
[ 1.44586754  1.71159016  0.90247493 -0.55546968]
[-0.61832694 -1.57150493  0.38218869 -1.41231229]
[ 1.42659011 -0.38688898 -2.16771496 -2.19099473]
[ 1.51817002  0.29383731  0.08075671  0.86555085]
[-0.7566531   2.02658001  0.17070121 -2.83524393]
[-0.75416088  0.34535484 -0.46851398  1.36724725]
[-0.76831648 -1.01847401 -0.87522312  0.25049887]
[  1.48086749e+00   1.07794708e-03  -1.29557365e+00   4.08971919e-01]
[-0.7577503   0.93725409  0.19941492  0.2679887 ]
[-0.68973004 -0.91183114  0.48854965  0.69594274]
[ 0.58539369 -1.00600883  2.30078211 -0.21018588]
[ 1.31019559  0.69759446  1.60296567  0.33944498]
[-0.7634639  -0.79702385 -0.54581524  0.85730898]
[-0.75776291  1.02712593 -0.53948982  0.6599521 ]
[ 1.50689278 -0.34577861 -0.37566699 -0.24741752]

Populations

0.0111011306392
0.00681667244375
0.00845293790015
0.0105258466127
0.0140576071793
0.0143888765503
0.0102967479359
0.0131266686147
0.00661003581057
0.0132953858026
0.0105326108235
0.00992579169615
0.0138206873462
0.0122101691576
0.00736002824601
0.00948765401055
0.0164562823374
0.00385461814686
0.0107562925967
0.0176541388752
0.00516024965302
0.0021707006968
0.00118074070543
0.00227044982848
0.0039318345466
0.0155512271879
0.0167039492975
0.0139053538438
0.00290644042732
0.013358490037
0.00615281232037
0.00750180241648
0.0179817876981
0.0058101434424
0.0072553433361
0.00565188438487
0.00372274660175
0.0106702541407
0.00600040046524
0.00757044640017
0.0100243218946
0.0119098530549
0.010344187143
0.00925270635822
0.00289319445997
0.0138187396472
0.0144748329536
0.0135666657331
0.00638267083549
0.0124269893078
0.0110974058286
0.00355281141065
0.0072236413565
0.00413692962918
0.00418630289363
0.0128979018198
0.0173874585778
0.0109879277579
0.00388487694832
0.0120378851886
0.010132573514
0.0121124154611
0.00383389426965
0.0168915291743
0.00541461798207
0.0154908633944
0.0040088127122
0.00607462879457
0.0200632324666
0.00646861255842
0.011858718031
0.00427937433177
0.00200090644877
0.0126826042361
0.00673396986149
0.0134322431867
0.018430224613
0.00710503108267
0.0101021244864
0.0151336717112
0.011701354214
0.0111103414959
0.0186400128277
0.00985742442839
0.00330718025119
0.00412735352607
0.0132232962599
0.00676656667476
0.0152375563985
0.00516707315413
0.0134314723964
0.0129818836448
0.0168028705432
0.0121524033463
0.0090164445576
0.00785887183288
0.0120126009481
0.0133751890645
0.0118023169041
0.020503196261

State labels

0
1
2
3
4
5
6
7
8
9
10
11
12
13
14
15
16
17
18
19
20
21
22
23
24
25
26
27
28
29
30
31
32
33
34
35
36
37
38
39
40
41
42
43
44
45
46
47
48
49
50
51
52
53
54
55
56
57
58
59
60
61
62
63
64
65
66
67
68
69
70
71
72
73
74
75
76
77
78
79
80
81
82
83
84
85
86
87
88
89
90
91
92
93
94
95
96
97
98
99
