Cluster centers 

[ 1.3887059   1.1672476   1.01645277  0.46497395]
[-0.7751877   0.41399642 -0.55769547  1.07975887]
[-0.80178886 -1.23357894 -0.69907662 -1.24049446]
[ 1.44873533 -0.06742083 -1.42374311 -0.07564241]
[-0.75617388  1.71463589  0.71181889 -1.30667905]
[ 0.97764523 -1.04586229  1.80060254 -0.73249908]
[ 1.3241048  -0.02208996  1.07660118  0.85857566]
[-0.69686645 -1.3176184   0.38688393 -0.36014196]
[ 1.36708531 -0.21573539 -1.86164237 -1.43318749]
[ 1.49669219 -0.09976348 -0.52939644  0.30290823]
[-0.7764298   1.2900339   0.17909988 -0.22736624]
[-0.78222421 -0.97494118 -0.5939686   0.3385907 ]
[-0.48896058 -0.71794539  1.27001364  1.04242421]
[-0.68673427 -1.5033765   0.63540868 -2.94576947]
[-0.73392691  0.49976549 -1.35753794  1.16888077]
[ 1.44844503 -0.59256407 -0.09689415 -1.91919671]
[ 1.36354943  2.29568297 -1.34794128 -0.34886136]
[-0.76069119  0.493794    0.01738439  0.89199834]
[-0.75687867  2.09055366 -0.92553508 -1.289126  ]
[-0.73726152  1.3661889   0.71320281 -0.57931911]
[-0.73841599 -0.23342438  0.06759908  1.22785137]
[-0.72469165  1.25307096 -1.32315127  0.41516419]
[ 1.49551141  1.06815675 -0.70105722  0.83496118]
[ 1.44619113  0.03365119  0.38453559  0.7796767 ]
[ 0.4085673  -1.21889041  2.20359664 -0.12523425]
[-0.7544675  -1.40396038  0.10225951 -1.47393324]
[-0.78015997  2.04647535  0.70099391 -2.1154482 ]
[-0.72855068 -0.80444156  0.08033064  0.91000432]
[ 1.46769242 -0.23877568  0.06753923  0.27941765]
[ 1.48939987 -0.25060213 -0.66181084 -0.23370559]
[-0.67240123 -0.57976038 -2.11680058  0.41906845]
[-0.79396963  1.63066873 -0.14469665 -0.72551786]
[-0.81419512 -1.2931053  -0.50970466 -2.98516053]
[-0.10070808 -0.44312655  2.0775022   1.06374695]
[-0.78866165 -0.99311222 -0.9754808  -0.00105893]
[ 1.32992939 -0.24612613 -1.9170873  -2.80177371]
[ 1.34356127  0.21979813 -2.10039208  0.42120405]
[-0.69836799 -1.11198559  0.32792544  0.37190188]
[-0.49990245 -1.39808387  1.18216781 -0.30122992]
[ 1.41392024  2.30500781  0.88310384 -1.27107702]
[-0.75949935 -0.74691813 -1.44022899  0.45521426]
[-0.59490309  1.76195489  1.68673485 -1.84291705]
[ 1.07432991 -0.56773678  1.71999452  0.51361511]
[ 1.46856747  0.80001097  0.31953451  0.88561073]
[-0.69199254 -1.44370776  0.48952091 -1.17930636]
[ 1.50007752  0.23135649 -0.40316695  0.81803098]
[ 1.16061182  1.09887078  1.8680565   0.21865478]
[-0.28742807 -1.08250866  1.69862345  0.65231093]
[ 1.38537367 -0.59184435  0.61031905 -0.39539516]
[-0.76808088 -0.57947557 -0.40724309  1.0791899 ]
[-0.60368892  1.30688786  1.46252684 -0.73760349]
[ 1.47475704 -0.44932235 -0.58339187 -1.40008351]
[ 1.1822154   1.76283805  1.97935637 -0.85032702]
[-0.72847673  0.64546688  0.44422799  0.62914165]
[ 0.28802471  1.43401363  2.74090053 -1.11068964]
[ 0.75791494  0.14320502  2.31248158  0.82576552]
[-0.80897742  2.41106218 -0.1721772  -2.57129688]
[ 1.41079092 -0.35738748 -1.18700763 -3.32293476]
[-0.76657468 -1.17070243 -0.21853469 -0.12434062]
[-0.56828845 -1.50123665  1.22511023 -4.26754258]
[-0.5584968   0.28728823  1.25873584  0.79893422]
[-0.78514611  1.20475867 -0.43624342  0.14875108]
[-0.20332996  0.73925943  2.20952405  0.11044064]
[-0.51635538  0.24432839 -2.55232853  1.27221165]
[-0.5256085   2.10738453 -2.00485574 -0.64893219]
[-0.57295306 -1.15971636  0.93353097  0.42678631]
[ 1.29802582 -0.07404314 -2.25456527 -0.68700562]
[-0.60713614  1.16408132 -2.04126553  0.7721045 ]
[ 1.47949152  0.05611602 -1.12481681  0.40028197]
[-0.50811992 -1.50677168  1.16332874 -1.04182212]
[-0.77347914 -1.00633799 -1.41532969 -0.62550529]
[-0.79581448 -1.15389093 -0.76060123 -0.61323621]
[ 1.43436813 -0.16886927 -1.50619707 -0.58907116]
[-0.8010927   1.98067777 -0.18163815 -1.46395509]
[ 1.38978297  1.61261839  1.0694821  -0.11566428]
[-0.75001217 -0.09643016 -1.31869054  1.25530143]
[-0.75519767  1.58034688 -0.98855516 -0.23683684]
[ 1.33510786 -0.47793587  0.92036742  0.23371366]
[ 1.43966062 -0.35815583 -1.21860916 -2.03912924]
[-0.68805529  0.93495201  0.8776574   0.10886235]
[-0.71668704  2.39004817  0.97514894 -3.21707019]
[-0.70655055  0.18721597  0.45928996  1.04609274]
[-0.76844062  1.00340583  0.14896584  0.24385813]
[-0.77130446 -0.01823849 -0.51991654  1.26011001]
[ 0.63724389 -0.84355872  2.22064899  0.56069278]
[-0.65554797 -0.50404749  0.63078899  1.14141212]
[-0.76579477 -1.30910612 -0.10485299 -0.82576459]
[-0.77093321 -0.43524577 -1.05977644  1.10334189]
[-0.79033174 -1.35617839 -0.25611676 -1.92297796]
[ 1.43002035 -0.5948795   0.24521918 -0.95287612]
[-0.77228421  0.88116451 -0.80992443  0.70595393]
[ 1.2049548   0.44433405  1.60417778  0.85479243]
[-0.60495873 -1.5449614   0.91496209 -1.99844245]
[-0.78008559 -0.7345869  -0.79277752  0.79691452]
[ 1.48376147 -0.37576471 -0.55962058 -0.74744554]
[ 1.46824451 -0.41696832 -0.03451683 -0.35945295]
[ 1.45628124  0.59507861 -1.33668069  0.95304039]
[-0.77745472  0.78315588 -0.23320105  0.65326847]
[ 1.46580413 -0.28682209 -1.11868179 -0.91603974]
[-0.75764829 -0.96820796 -0.18696751  0.54279908]

Populations

0.00899804988659
0.0126170451353
0.00832954781931
0.0147732292633
0.0121821265663
0.00927869319614
0.0191176882511
0.0140698931235
0.00887647937129
0.0193975957214
0.0145060171656
0.0124218091808
0.00760998349381
0.00535663527886
0.00814665007972
0.00432459366671
0.00217295371286
0.0133444345247
0.00612631014005
0.0143793666572
0.0144971764361
0.00653995182223
0.0093895472162
0.0242661110216
0.00735054676007
0.00762839958286
0.00514142599148
0.0138049290614
0.0241312334173
0.0174220108711
0.00394469543034
0.0180225193171
0.00268918830725
0.00382717066468
0.0112217105878
0.00355490623037
0.00876374600221
0.0137007875931
0.0066272703935
0.00167748978761
0.00894978997523
0.00395766248761
0.0122725938758
0.0173861962816
0.0107821687328
0.0193705303372
0.00849683667102
0.00681521888298
0.0109956352969
0.0146352338691
0.00692266817993
0.011821039731
0.00374413621227
0.0136375968488
0.00293421919995
0.00629233889904
0.0038058590353
0.0026160996694
0.0160838443755
0.000889832642142
0.0105544845899
0.0150450814087
0.00349741138041
0.00215162347889
0.00126125457391
0.00947110074439
0.00575964181014
0.00237358440463
0.0159596467213
0.00659568306151
0.0063642254497
0.0101622546671
0.00897059521593
0.010331402505
0.00539298737037
0.00714234012696
0.00978635019715
0.0153185515687
0.0110500769647
0.0143585582684
0.00303751796321
0.0121910771188
0.0143962267865
0.0146568315944
0.00626417578069
0.0122997502975
0.0134931938677
0.0111097268316
0.00839150726314
0.0081675261136
0.0102204279616
0.0152325369502
0.00888191252355
0.0113977658628
0.0129112771761
0.0121560951961
0.0120056678138
0.011695570548
0.0133867114261
0.0139182264843

State labels

0
1
2
3
4
5
6
7
8
9
10
11
12
13
14
15
16
17
18
19
20
21
22
23
24
25
26
27
28
29
30
31
32
33
34
35
36
37
38
39
40
41
42
43
44
45
46
47
48
49
50
51
52
53
54
55
56
57
58
59
60
61
62
63
64
65
66
67
68
69
70
71
72
73
74
75
76
77
78
79
80
81
82
83
84
85
86
87
88
89
90
91
92
93
94
95
96
97
98
99
