Cluster centers 

[ 1.51681401  0.80070323  0.27502977  0.85771398]
[-0.75125067 -1.09123809 -0.25282455  0.27014205]
[-0.72658834  1.59755623 -1.01645819 -0.20591123]
[-0.63621767  1.60450948  1.00340003 -2.48862645]
[ 1.49812404 -0.45514892 -1.35219723 -1.16144863]
[-0.67427311 -1.77859393 -0.07037127 -2.63255612]
[-0.57310007 -0.3307413   1.2842879   0.88786843]
[ 1.21782281 -0.24580295  1.65041091  0.34371651]
[-0.75945657  0.64385238 -0.34352361  1.07315373]
[ 1.44325452 -0.48968736  0.43826809 -0.26137541]
[-0.77157651  1.89457417 -0.08715226 -2.4656088 ]
[ 1.41088981  0.17633548 -1.79661168  0.67792141]
[-0.7075399   0.6092425   0.69280489  0.496221  ]
[-0.73478307  1.38299199  0.4410242  -1.06936212]
[-0.73134793 -0.54750984  0.22343369  1.10247063]
[ 0.72358113  0.96787407  2.43277016 -0.76033953]
[-0.53039089 -1.46534127  0.93556462 -0.54921943]
[-0.71373371  0.95367546 -1.00530892  1.0911769 ]
[ 1.51292164 -0.38260046 -0.97995807 -0.63400534]
[-0.51557178 -1.7782648   0.68886012 -2.02949706]
[-0.7376824  -0.79141308 -1.38471622  0.63576747]
[-0.5058733  -1.88606958  0.56139402 -2.92834286]
[-0.75643612 -1.68116618 -0.71239701 -2.6729563 ]
[-0.73192812  2.01833337 -1.1438092  -1.49985666]
[-0.77257881 -1.20755977 -0.99750646 -0.38134094]
[-0.68339283  0.88269604  0.86484365 -0.11763326]
[ 1.167984    1.64014429  1.90462759 -1.61724768]
[ 0.42901845 -1.16383279  2.23060035 -0.37732835]
[ 1.52125729 -0.18283199 -0.72022576  0.05380762]
[ 1.37646119  1.04424413  1.3202914   0.19564686]
[-0.74827817 -0.50030346 -0.97449921  1.21499265]
[ 1.48014044 -0.62359002 -0.12998395 -0.95985436]
[-0.76020882 -1.20457543 -0.44708165 -0.09961502]
[ 1.47150414 -0.17290573  0.4405397   0.32928622]
[ 1.5050077   1.76650029  0.33043437 -0.2601708 ]
[-0.77951138  2.23750585 -0.86266035 -3.086156  ]
[-0.75047198  0.9052022   0.253523    0.28808954]
[ 1.28346328 -0.44196586 -2.96055762 -2.7383487 ]
[ 1.51614313  0.13625326 -0.82203885  0.66895953]
[ 1.33540247  0.26709142  1.41645198  0.58939852]
[-0.56025828 -1.18445403  1.01517805  0.18363985]
[-0.68841623 -1.47414606  0.15120301 -0.78395532]
[-0.78237118 -1.48968442 -1.29185568 -2.07009033]
[ -7.69416870e-01   2.10041129e+00   1.91054504e-03  -3.79539510e+00]
[ 1.40880959 -0.2684875  -2.08752981 -0.77284415]
[ 0.77458233 -0.53881299  2.34601388  0.22156802]
[-0.657122   -1.24501759  0.52103155  0.02979441]
[-0.75051014 -0.81768145 -0.13610742  0.82145627]
[-0.67218289 -1.87068505 -0.36798976 -4.35177106]
[-0.75541988  0.0534118  -0.05339941  1.31895448]
[-0.74978124  1.21951742  0.28579714 -0.44917524]
[-0.75718198 -1.38422351 -0.48456305 -0.74876207]
[ 1.03457258 -0.88649874  1.77693116 -0.43632499]
[-0.63359772 -1.64121803  0.33021868 -1.44159588]
[-0.57456721  1.06069807  1.35162912 -0.92079069]
[ 1.45971351  0.41329337  0.78669195  0.71436058]
[-0.57273402  0.652326   -1.83982139  1.72218503]
[ 1.26383773 -1.00510415  0.92183727 -1.43167618]
[ 1.51831822  1.32915516 -0.41234608  0.86869516]
[ 1.38542624 -0.0703997  -2.05429528  0.00555686]
[-0.71311788 -0.08892022  0.53019183  1.14987212]
[-0.34209816 -1.09459692  1.69264667  0.24444874]
[ 1.50729844 -0.39024982 -0.25192368 -0.30570841]
[-0.74391995 -1.56065995 -0.45325856 -1.56194334]
[ 1.37375145  1.59464212  1.28734579 -0.75051021]
[-0.76653214 -1.0405709  -1.00632705  0.15121702]
[ 1.38513744 -0.28796577  0.97055941  0.25255277]
[-0.74982458  0.52182382  0.19441807  0.90142187]
[-0.71679949 -1.01107873  0.20132388  0.50892003]
[-0.7593437  -0.7626739  -0.94601768  0.8182929 ]
[-0.75225365  0.17529816 -0.604692    1.47348986]
[ 1.49639325 -0.70440293 -0.91251687 -2.04449722]
[-0.4987905   1.89640296 -1.97734893  0.08553786]
[ 0.20994616 -1.53114326  1.81790689 -1.28112903]
[ 1.48994005 -0.12194543 -1.3454828   0.0270822 ]
[ 1.52262448  0.22574272 -0.07233136  0.784468  ]
[-0.76367939  0.92704428 -0.23077777  0.60238255]
[-0.71338124 -1.27446211  0.09912178 -0.12991959]
[-0.76927426  1.54917823 -0.40242197 -0.72242789]
[-0.66530736 -0.33036497 -1.71481423  1.35188384]
[ 0.99770041  0.36965629  2.27910416  0.22823661]
[ 1.30201268 -0.61995063  1.1380593  -0.24583741]
[-0.70526621  1.55094529  0.65220805 -1.88439935]
[-0.74158916  1.26727129 -0.78920418  0.39122748]
[-0.54078728  0.45744384  1.50969105  0.22937685]
[-0.77490586  1.73668372 -0.2292817  -1.58457395]
[-0.76025708 -0.48461774 -0.37986223  1.22296333]
[-0.76826834 -1.27495643 -1.36501507 -0.94289989]
[ 1.5216888   0.584909   -0.58241393  1.10095735]
[-0.76652288  1.21630846 -0.17202055 -0.0350786 ]
[-0.70971072  0.19527614 -1.15714356  1.63165624]
[-0.6760732   0.24048081  0.87355063  0.83039048]
[ 1.43740231 -0.45361894 -2.06814054 -1.75290011]
[ 1.41627076  2.40495901 -1.29593493 -0.51057384]
[-0.76580582 -0.89155133 -0.59301518  0.63678513]
[-0.69189802 -0.83592125 -1.90534484  0.26117672]
[-0.66329805 -0.735484    0.71070509  0.87124563]
[ 1.44895989  0.73271903 -1.33922186  1.24749403]
[-0.22227287 -0.35856247  2.145158    0.53991534]
[ 1.50978078 -0.15936065 -0.04897504  0.27226732]

Populations

0.0134228007161
0.0114169496867
0.00952932395835
0.00358373705497
0.0125714026884
0.00459086576958
0.0102568388043
0.0111653921235
0.0115610295403
0.0124617467503
0.00708735056561
0.0084274408382
0.0110253843013
0.0155371716334
0.0147124686092
0.00506202713737
0.0102812269816
0.00935032993679
0.0178041531717
0.00468883486479
0.00558104691714
0.00200150853514
0.00247637304058
0.0084143867914
0.00866448842322
0.0124723488673
0.00349374762092
0.00634393344771
0.0210355139293
0.0121257495527
0.0096627372119
0.0123856876579
0.011932305414
0.0169646367508
0.00414546765928
0.00205061747137
0.014432898232
0.00210466671681
0.0187664066467
0.0150280690007
0.00812290507326
0.0124284971553
0.00395671486437
0.00111883032845
0.010910031237
0.00869809711854
0.00843645307942
0.012445186226
0.00114870915159
0.0163340383667
0.0165992184821
0.0137036096169
0.00795224870825
0.00922063948025
0.0120070517726
0.0174145184681
0.00347634169064
0.00371013102461
0.00520842040786
0.00891480849219
0.0131453368065
0.00672244901719
0.0183235623363
0.0127586024113
0.00645728469315
0.00979178095131
0.0136136624536
0.0157393827278
0.0139146183244
0.00663168776141
0.0132569471448
0.00570107014851
0.00292861254492
0.003924673379
0.0169081724307
0.020144878856
0.01244819276
0.0116332104184
0.0173949903296
0.00485121008144
0.008780110951
0.00875314975686
0.00870570966262
0.0122094104717
0.0087975747185
0.013591220498
0.0154353546655
0.00536016627332
0.0099814882727
0.016704382839
0.00730559162102
0.0101426690197
0.00906292434452
0.00201034658205
0.0107941556495
0.00268644854669
0.0137423013381
0.00789482713859
0.00520956030693
0.0201167660037

State labels

0
1
2
3
4
5
6
7
8
9
10
11
12
13
14
15
16
17
18
19
20
21
22
23
24
25
26
27
28
29
30
31
32
33
34
35
36
37
38
39
40
41
42
43
44
45
46
47
48
49
50
51
52
53
54
55
56
57
58
59
60
61
62
63
64
65
66
67
68
69
70
71
72
73
74
75
76
77
78
79
80
81
82
83
84
85
86
87
88
89
90
91
92
93
94
95
96
97
98
99
