Cluster centers 

[-0.93817645  0.43198903  0.61557845  0.75916986]
[ 1.11972615 -0.30760204 -0.38867079 -0.27457661]
[-1.02927615  3.00409229 -0.79453992 -3.08407582]
[-1.04901251 -1.14691077 -1.00862429 -0.26857128]
[ 0.98462947 -0.52114404  1.07201256  0.18631942]
[-1.01622269  1.68292795  0.25858108 -0.83603309]
[-1.03218187 -0.2990635  -0.93004459  1.37469462]
[ 0.9449497   2.18061564  1.7609772  -1.41043423]
[-0.95241419 -1.49347185  0.18868505 -1.04146837]
[ 1.0646264   0.85907544 -1.07106947  1.21540739]
[-0.99491349  1.5796453  -1.16204043  0.21755054]
[-0.94798114 -0.90574482  0.28212954  0.91669225]
[ 1.06315498 -0.26323095 -1.23581128 -1.18510563]
[-1.02810173 -1.4416625  -0.35133011 -2.31258624]
[ 1.07046648  0.41629015  0.83294339  0.90660494]
[-0.97270928  0.93885423  0.49078207  0.23874974]
[-1.00800954  2.08373652 -0.96735349 -0.76528611]
[-1.01886725  0.62410688 -0.10151011  0.85983269]
[ 1.12749414  0.01556583 -0.33394792  0.61345324]
[ 0.50778566 -1.13840524  2.0158782  -0.40129117]
[ 0.94116388  0.15490839 -1.88129726  0.47672624]
[ 0.91703054 -0.11145969 -1.81650834 -3.83560221]
[-1.04935633 -1.26504005 -0.86669946 -0.9406917 ]
[ 1.10626676 -0.4942585  -0.35394404 -1.58876063]
[-1.04518963  2.21147783 -0.17185333 -1.62997551]
[-0.80968512  1.00621736  1.37827507 -0.26370791]
[ 1.08211289  1.96953198  0.90450783 -0.42882407]
[-0.70654053 -1.66649644  1.05331057 -2.91580552]
[-0.37827938 -1.31692423  1.85028029  0.1646871 ]
[ 0.97256725  2.84119015 -0.96432384 -0.79794309]
[ 1.05481373 -0.61524453  0.58825438 -0.55265421]
[-1.01933012 -0.21245338 -0.30857746  1.34306521]
[-1.01612786 -1.19962555 -0.31491351  0.13625186]
[ 0.10726149  0.74342982 -2.9008825   1.24054882]
[-1.02545952  0.95175716 -0.78363253  0.8244446 ]
[-0.81449368 -1.62706438  0.81992673 -1.50108964]
[ 1.10628803 -0.2260683   0.26833075  0.3841343 ]
[ 0.92287832  0.69367535  1.62979018  0.59942875]
[-0.95347789 -0.17840363 -1.89230209  1.43564853]
[-1.03100444 -0.92769354 -0.57290115  0.75549861]
[-1.03182379  0.39742934 -0.62914425  1.23149975]
[ 0.76725072  1.23265842  2.04240316 -0.15639933]
[ 1.08930513 -0.22289024 -1.02167943 -0.51550552]
[-1.02118121  1.42223434  0.1182498  -0.29218592]
[-1.04357939  1.98062312 -0.31149224 -1.04326363]
[-1.01537365 -0.82218857 -1.53271452  0.52250978]
[-0.57349859  0.62126002  1.90915368  0.09311765]
[-0.80890463 -1.03220192  0.92929332  0.74371311]
[ 0.41223967 -0.42068607  2.25674171  0.68593569]
[-1.03786601  1.595586   -0.45285258 -0.24260396]
[-0.57301546  1.23941832  2.11426371 -0.94850728]
[ 1.07705416  0.17879211 -1.13065456  0.71103466]
[ 0.91269638 -0.78699479  1.26606998 -0.37704099]
[-0.77189199 -1.5167311   0.98310569 -0.49292775]
[-1.00916058 -0.97114078 -1.76304231 -0.44064205]
[-0.92272915 -1.36038595  0.35924161 -0.09315774]
[-0.91751555 -0.45285771  0.5411427   1.16433173]
[ 1.0455539  -0.15319654  0.86493788  0.6492309 ]
[ 0.69733563  1.68881301  2.38935726 -1.08452304]
[ 1.12955692  1.79164051  0.19064218  0.23006708]
[-0.94634153  1.73163793  0.90334952 -1.32864021]
[-1.04666438  2.48087207  0.06831767 -2.46337515]
[ 1.02757244  1.08455629  1.23018757  0.47433796]
[ 1.05836147 -0.31725508 -1.18646439 -2.09375844]
[ 0.90882274 -0.96016642  1.15403803 -1.84793556]
[ 1.09516478 -0.06835859 -0.96639375  0.18671278]
[-0.96082298 -1.13745946  0.14686413  0.51667356]
[-0.99668516  2.44099018 -1.04412406 -1.44018157]
[-1.01225376 -0.72718114 -0.2789701   1.09510757]
[ 1.11679548  0.08057997  0.24633804  0.79102784]
[ 1.11145321 -0.36993045 -0.62044981 -0.95165916]
[-0.99463837 -1.40579733 -0.10039153 -0.73123878]
[-0.46034725 -0.51525113  1.92422659  0.80896949]
[ 0.61300518  0.18835209  2.17685236  0.62088762]
[-1.00378561  0.19518155 -1.34895853  1.48744825]
[-0.81796511 -0.01952403  1.0980358   0.93354755]
[ 0.89673217 -0.11172539 -2.16132405 -1.34653493]
[-0.98222719  2.35995121  0.81299933 -2.72828281]
[-1.02923388  1.11946561 -0.20777617  0.33898888]
[ 1.12679541  0.89129792  0.26890295  0.92438169]
[-1.01647975  2.09847702  0.42201003 -1.80687413]
[-0.90444119 -1.48754075  0.47224624 -4.32741301]
[-1.0422569  -1.36694786 -0.58127076 -1.39717841]
[-0.96481304 -1.53527072  0.12863168 -1.86276521]
[-0.85286376  1.91542567  1.40669443 -2.01397082]
[-1.00713011 -1.33209086 -0.22127756 -0.38473485]
[ 1.12368288 -0.22441305 -0.16651066  0.17262089]
[-0.50504347 -1.66818288  1.52139867 -1.51222779]
[ 0.63222997 -0.8007999   1.94155807  0.26582223]
[ 1.09500125 -0.40229253  0.31938008 -0.02312037]
[-0.94046621  1.22048529  0.80098148 -0.33019951]
[ 0.99005001 -0.07386796 -1.70948325 -0.3362164 ]
[ 1.10747261 -0.50572559 -0.03302481 -0.88818027]
[ 1.11592362  1.66613674 -0.34359944  0.60918789]
[ 0.89211156 -0.17621644  1.54095736  0.70854335]
[ 1.12756599  0.41746161 -0.41243943  1.01789593]
[-1.01825054  1.8972706   0.331201   -1.30829233]
[-1.03172944 -0.71644873 -1.21185088  0.94559264]
[-1.04298899 -1.0621439  -0.86949578  0.24636487]
[-0.99304236  0.01267019  0.08337096  1.19775822]

Populations

0.00997213662202
0.481145762937
0.229850257443
0.279031842997

State labels

0
1
2
3

Eigen uncertainty

nan
0.00314387430755
0.0135660963409
0.0230897928673
