Cluster centers 

[-1.00377523 -0.96313831  0.84313908  0.22546935]
[ 1.06697328 -0.14522854  0.48973468  0.14825119]
[-0.92697485  1.49862464 -0.88632701  1.12916629]
[  0.76086204   2.98889795 -15.2313186    2.03508198]
[ 1.06210159 -0.41216204 -1.01179355 -0.69285607]
[-1.07151708  0.24123767  1.26792176 -0.92894015]
[-0.90891313 -1.49965722 -0.50643126  0.7294811 ]
[-1.0536509   1.0640103   0.18984957  0.1274428 ]
[ 0.89015434 -0.40959175  0.41703444  1.27637378]
[ 0.84222346  0.00713525  0.26114857 -2.18903292]
[-1.08314632 -1.41325404 -1.21770179 -0.54028929]
[ 0.64215401  1.47194659 -0.45347154  2.21226764]
[ 1.04793609  0.66068587  1.08838949 -0.97172332]
[ 0.60306197 -0.22590349  0.68435507  2.01691485]
[-1.08262382 -1.06764922  0.34988588 -1.00964784]
[ 1.03571712 -0.14452624  0.05776348 -1.14889898]
[-1.08649589  2.050341   -1.28044126 -0.27341205]
[ 1.01344038  0.845217    0.76314257  0.85573787]
[-1.01067219 -1.52052172 -3.22684727  0.23453288]
[-0.91119766  0.22967542  0.81545792  0.93005926]
[ 0.98813982 -0.33822314 -1.7806867  -1.44509824]
[-1.0729165   0.72138184  0.75799956 -0.33424356]
[ 0.96455318  2.05601428  0.35908047 -1.22830597]
[ 0.85210426  2.27289873 -1.41138827  1.73490141]
[-1.01544594  2.22500722 -0.98756764 -1.33000945]
[ 1.06781468 -0.47530348 -0.66514065 -0.10123978]
[ 0.1832677  -1.24132321 -0.47715541  2.17237252]
[-1.01847465 -0.2357428   1.18161627  0.20688173]
[-1.0761935  -0.5933868   1.17075324 -0.92526631]
[ 1.07051025  0.29799717  0.91077272  0.21228459]
[-1.07535099  2.47147729 -2.1992067  -0.26315868]
[-0.98235271  0.74129486  0.40776744  0.65449063]
[-1.08338306  1.67611825 -0.58398636 -0.26014198]
[-1.06892072 -1.05057039  0.61939489 -0.44323687]
[ 0.71053288  0.78299453  0.44015041  1.95604566]
[-1.00035223  0.50763537  1.31590422 -1.6730604 ]
[-0.95323415 -1.5865429  -1.41968322  0.54165046]
[ 1.04125333 -0.45569404 -2.422029   -0.77359641]
[ 1.07611027 -0.26696597 -0.01998925 -0.4467864 ]
[ 0.88493981 -0.226715   -0.96109315 -2.00556317]
[-0.97855839  1.35780501  0.56728993 -1.63040395]
[-1.03060121 -1.4696276  -0.79233702  0.05040485]
[-0.92683043 -1.26553392  0.33314163  0.64089532]
[ 1.01428522 -0.63960627 -0.79742527  0.54332579]
[-0.66064647 -1.37288431  0.0477476   1.49045449]
[-1.05813865  2.67546134 -3.16132428  0.42247559]
[ 0.86823226 -0.26923893 -1.96929968 -2.02904191]
[-0.84646551 -0.91882626  0.85810222  1.01260616]
[-1.02653242 -0.46246434  1.21668425 -1.67756077]
[-0.75055504  0.24709895  0.65265358  1.51614596]
[ 1.00902835  0.14009948  0.83064898  0.78685933]
[ 1.0152165  -0.31713819 -1.015398   -1.28286309]
[-1.04155465  2.04775698 -1.71308928  0.54062743]
[-0.79831231 -1.65340594 -2.2926471   1.09357033]
[-1.05933551 -0.68750212  1.12213081 -0.29769707]
[ 0.95750905 -0.16989454 -0.32421913 -1.69421613]
[ 0.86547238  0.81256408  1.18973162 -1.97651918]
[-1.03773918 -0.89934187  0.43956707 -1.69296135]
[-0.92253263 -0.43849939  1.09572241  0.7577443 ]
[-1.06951618  1.02637531  0.65092482 -0.92652159]
[-0.62017756 -0.77280503  0.82116829  1.66259501]
[ 0.9980157   2.81322831 -1.02775412 -0.69175201]
[-1.07870472 -1.31212325 -0.32507413 -0.53377319]
[ 1.04303587 -0.26955167 -0.42481264 -1.04981967]
[-0.35596994  1.49830948 -1.13463517  2.32872453]
[ 0.17340414 -0.80420977  0.45458753  2.26073654]
[ 1.08341319  0.2457882   0.89425019 -0.34569049]
[ 0.92361939 -0.688288   -0.35972271  1.0775367 ]
[-1.05504765 -1.50930225 -1.95935956 -0.12724137]
[ 1.08252401  0.87559975  0.98223667 -0.16728891]
[-1.00164267 -1.3927571  -0.19247683  0.2386826 ]
[ 1.06058911  0.09749337  0.68959811 -0.88520254]
[-1.04750759  1.68589183 -0.91067186  0.38227584]
[-0.98985026  1.1875226  -0.21450148  0.71916449]
[-0.30687503  0.5819008   0.21625123  2.2628344 ]
[-0.85762236  1.98160599 -2.01040216  1.52313096]
[ 1.06608031 -0.37273104 -0.08211064  0.05424213]
[ 0.9701648   1.56753363 -0.00303666  1.21064428]
[ 0.99392851  0.10880289  0.61120633 -1.48049916]
[ 1.05383968 -0.58954256 -1.40789872  0.01719433]
[-1.05800156  1.38506351 -0.29872148  0.17272662]
[-1.0806001   1.28727345  0.12096306 -0.45305838]
[-1.06708051 -0.03114741  1.24999061 -0.36167478]
[ 0.88316963  0.23124579  0.79459669  1.4190995 ]
[ 1.07369404  1.58508178  0.38870381  0.21976834]
[ 1.06688439 -0.11339256  0.29287147 -0.77580563]
[ 1.01678332 -0.25713681  0.45214135  0.65016098]
[-1.03272947  0.41397338  0.87179267  0.1948838 ]
[-0.82222846  0.95266505 -0.1122745   1.43036378]
[-1.06578387  1.72717375 -0.32743389 -0.9287877 ]
[ 1.04863935 -0.42727732 -1.57195164 -0.8548756 ]
[-1.0811995  -1.20797625 -0.53016488 -1.2419412 ]
[ 1.02100251 -0.46265045 -0.03486352  0.55881594]
[ 0.68767378 -0.80730177 -0.0385457   1.77381399]
[ 1.07113449 -0.36750881 -0.52348244 -0.54688029]
[ 1.08097849 -0.085109    0.48559816 -0.30845095]
[ 0.90145748 -0.23940406 -3.46227673 -1.75965786]
[-0.71108902 -1.60424114 -1.03904969  1.35493252]
[-1.04488424 -1.24876089  0.19658997 -0.11927101]
[ 0.81260404 -0.93949265 -1.1847601   1.38555453]

Populations

0.0836378748886
0.36684886536
0.285031611003
0.264481648749

State labels

0
1
2
3
