Cluster centers 

[-1.01453515 -1.2430345  -1.09250655 -0.01919466]
[ 1.14946867 -0.19493401 -0.43636395  0.24879871]
[-0.95736878  1.14692614  0.38869479 -0.30026655]
[ 0.76069573 -0.20072267  1.94248976  0.32031912]
[-0.9300609  -1.6461294   0.11777303 -1.23094864]
[-0.95595003 -0.14499172  0.41522674  1.20727497]
[-0.98722002  1.45909864 -0.96030722  0.06003704]
[ 1.11513482 -0.48294618 -1.23410402 -0.92638876]
[-1.01283929  2.06139458 -0.66429561 -2.03730273]
[ 1.11042702 -0.14277298  0.52070249  0.41298497]
[ 0.49323323  0.66295772  2.40310165 -0.1346438 ]
[-0.98761193  0.35611914  0.09229692  1.07597193]
[ 0.97241302 -0.60229128 -2.56080947 -3.63806503]
[ 0.39128948 -1.32219477  1.81030499 -1.43156328]
[-0.94664511 -1.12648764  0.28813417  0.5193767 ]
[ 0.84200059  0.59470113 -2.15500422  1.32302131]
[ 1.12837157  1.48970194 -0.61497804  0.84448642]
[-0.8366804  -1.09945462  0.9214602   0.48230726]
[-0.89441038  1.46893894  0.742697   -1.37490454]
[ 1.13135393  0.9076537   0.57238536  0.72873364]
[-0.99987685  0.03704184 -0.5198084   1.51900194]
[-0.52607828  0.26700658  2.00483752  0.23708332]
[ 1.05461502  2.22494456 -1.07931554 -0.02989794]
[-1.00425053  1.58206774 -0.68235199 -0.48812978]
[ 0.99268789  2.13501336  1.19730455 -1.79231629]
[ 1.0656742   0.05943289 -1.42847938  0.73848015]
[-0.81595382 -1.81140588  0.48129963 -2.21545593]
[ 1.07569901 -0.48185524  0.62046693 -0.16827386]
[-0.97984158 -1.46351809 -0.17387024 -0.48295827]
[-0.99802459  1.04877629 -0.69071252  0.65756373]
[ 0.0372514  -0.45024348  2.48431952  0.3166608 ]
[ 1.11126422 -0.70647953 -1.32622902 -2.53994511]
[ 1.15331133  0.08429132 -0.15000493  0.71461131]
[ 1.01625699 -0.2442733  -1.86819617 -0.11068968]
[ 1.13178059 -0.48456542 -0.02525408 -0.39132475]
[-0.95524943  2.16270405  0.15033939 -3.38206045]
[ 1.14083316  0.5629001  -0.61446544  1.15709223]
[-0.79363422  0.15514376  1.31509149  0.65150414]
[ 1.06642152  0.38513387  1.02734132  0.68912994]
[-0.99718495 -0.95933357 -0.2212563   0.83280537]
[ 0.8666899   1.47926706  1.76729223 -0.79220758]
[-0.88097665 -1.87096315 -0.06271547 -3.69260083]
[-0.94478623  2.16297705 -1.55299269 -1.3460171 ]
[-0.96529712  1.82923477  0.2173531  -2.09371563]
[ 0.81495576 -0.84368879  1.54363172 -0.58229562]
[-0.98632828  1.46164445  0.06368481 -0.81734221]
[ 1.12956146  1.63416932  0.52284045 -0.04523371]
[-0.97669298  0.84184967  0.23547501  0.38514333]
[-0.92305752  0.52916712 -1.38210525  1.62741312]
[ 1.0107665  -0.4419147  -2.02793259 -1.09695941]
[-0.77265726  1.81317933  1.11661077 -2.78155326]
[-0.57165433 -1.38880601  1.56664633 -0.29534381]
[ 1.13656627  0.09201612 -0.7574928   0.76312738]
[-0.99778132  0.56358222 -0.623531    1.25956516]
[-0.89806257  0.78451283  0.83309035  0.11186485]
[-0.67966524  0.76964213  1.64663741 -0.3079263 ]
[ 0.36819907 -0.93486028  2.24148064 -0.2498692 ]
[-1.00620718  1.7980681  -0.74490384 -1.04510431]
[ 1.14071885  0.32285153  0.33797978  0.84150732]
[-0.98195088 -1.28295745 -0.09939136  0.13720331]
[ 0.98936025  3.01475237 -1.60163015 -1.8349754 ]
[-0.92710137 -0.54289646 -1.63893022  1.37571261]
[-1.0128788  -1.23476986 -0.63407124  0.16709788]
[ 1.14387129 -0.39320633 -0.6480324  -0.32804047]
[-1.01481334  2.3789328  -0.79896624 -3.27304105]
[ 1.04595094 -0.79139449  0.54217074 -1.11110785]
[-0.84799977  1.9394212  -1.77551166 -0.33326989]
[ 0.46328211  1.56100312  2.19737192 -1.66133884]
[-1.0005054   1.74608721 -0.16758521 -1.44796422]
[-1.00697567 -1.03102328 -0.99185462  0.62940456]
[ 1.11758082 -0.35955442 -1.15922508 -0.37375079]
[-1.00908198 -1.5631337  -0.66418681 -1.23076839]
[ 1.03192665 -0.09276323  1.09598798  0.4603601 ]
[-0.93526943  0.39932328  0.61385763  0.77014673]
[-0.93814408  1.24687171 -1.3464328   0.79832971]
[ 0.91591015  0.5714846   1.69058932  0.37892334]
[-0.76878468 -1.63471757  0.88219538 -1.02273989]
[ 1.06673786  0.80646015 -1.23584131  1.3544638 ]
[ 1.12691039 -0.62898483 -1.04181827 -1.59309159]
[ 1.06050808  0.95255519  1.1204764   0.43520525]
[ 1.13816702 -0.5886275  -0.48142681 -0.98018075]
[-0.99939969 -1.70112935 -0.69652153 -2.33082978]
[-1.00797333 -0.82300587 -0.65748884  1.05813814]
[-0.88619891 -1.42074296  0.53607449 -0.21732264]
[-0.93144306 -0.74138963  0.50765155  1.00567685]
[-0.97419286 -1.14978868 -1.69491758 -0.04930184]
[-1.0179887  -1.4011101  -0.88328741 -0.54369926]
[-0.61297224 -0.71504105  1.73301154  0.62063413]
[-0.99310322 -0.47595045 -0.0782864   1.31160577]
[ 1.1212478  -0.17712311 -1.03916838  0.21925593]
[-1.0015033   0.7476997  -0.22147193  0.81261377]
[ 1.13917649 -0.26471498  0.05371802  0.16745567]
[ 1.15745917  0.73689504 -0.12107588  1.03661218]
[-0.84208013 -0.42616551  1.06354289  0.96257369]
[-1.0038146   1.21035785 -0.25449745  0.03067598]
[ 0.94634141 -0.51681072  1.30255004 -0.04723921]
[ 1.02203579  1.38828345  1.27969701 -0.19786484]
[-0.99332379 -0.48675582 -0.92150997  1.46516371]
[-0.74925933  1.17063786  1.35719659 -0.98746916]
[ 1.00678492 -0.5531205  -2.21087388 -2.12921589]

Populations

0.00757395344629
0.296645302478
0.2646098911
0.431170852975

State labels

0
1
2
3
