Cluster centers 

[ 1.52160608 -0.42600885 -1.09351058 -0.35990879]
[-0.70836489  0.72688557  0.49978237  0.62844209]
[-0.74087896 -1.35423868  0.39334015 -0.29545011]
[-0.66500517  0.89879146 -1.35021126 -0.07072745]
[ 1.42985916  0.12997376  0.49000711  0.80506588]
[-0.72691862  1.87363827  0.49679204 -1.77177503]
[-0.69332397 -0.14403406 -1.26042121  1.04821289]
[-0.66735294 -1.4457424   1.54969156 -2.26874442]
[-0.73883708  0.03241828 -0.67555109  1.07373025]
[ 1.49627772 -0.70728487 -0.69013703 -3.23029825]
[-0.68369076 -1.02905816  0.8926896   0.59735792]
[ 1.31530718  0.66496802  0.95335113  1.19162891]
[ 0.62672165 -0.57941412  2.70722621 -0.39437928]
[ 1.53039334 -0.15654028 -1.14150076  0.36215543]
[-0.74267076 -1.48183016 -0.09993256 -0.75524881]
[-0.73936583  1.3045916  -0.37251618 -0.64363135]
[ 1.37651814 -0.38628074  1.08941847 -0.57632777]
[-0.73873977  0.84184137  0.02523814  0.33472113]
[ 1.02604971 -0.24893225  1.98118591  0.3522448 ]
[-0.73927355  1.74282473 -0.19491533 -1.66831275]
[ 1.50202904  0.469659   -0.15277332  0.98900475]
[ 1.53569072 -0.27936696 -0.55071063 -0.00650975]
[-0.69416064 -1.33753086  1.02696308 -0.54694021]
[-0.7219715  -1.26673014 -0.72255053  0.24878554]
[-0.4477661   0.5435295  -2.42885498  0.33825467]
[ 1.10940244  2.46917198  1.82834412 -0.93235315]
[-0.24411647 -0.69758695  2.29444062  0.71602236]
[-0.61532694  1.76837801  1.32711013 -1.07045752]
[-0.72323018  0.74716847 -0.82016059  0.27976694]
[-0.64490244 -0.42709917  0.96878024  1.28575874]
[-0.74650333 -0.92667095 -0.08081231  0.90509201]
[-0.73895396 -1.53819559  0.66117133 -1.8878742 ]
[-0.64153501  1.28395891  1.07200667 -0.09655147]
[-0.66814691  2.10727415  1.18958944 -2.13543087]
[ 1.50240901 -0.3707895   0.18436401 -0.45241346]
[ 0.70349886  0.84976065  2.2535648   1.3122687 ]
[ 1.02219458  0.94356833 -3.30523084  0.14815544]
[-0.59719768  0.62154906 -1.80265393  0.28956056]
[-0.65533866  1.23182896 -1.33757478 -0.70925457]
[ 1.52551371 -0.48030633 -0.03405349 -1.00691107]
[ 1.51599577 -0.14906236 -0.1306034   0.29948517]
[ 1.32982617 -0.80109396 -2.14865975 -1.47089798]
[-0.68675222 -1.42362725  1.24511811 -1.34908681]
[-0.7367753   1.10676391  0.12615471 -0.09725826]
[ 1.52593097 -0.58356896 -0.89589312 -1.25267742]
[ 1.04578792 -0.0504706   1.86663527  0.7861511 ]
[-0.71450835  0.3408414   0.4053513   1.04405846]
[ 1.52808597  0.35253725 -1.26132558  0.90004448]
[-0.72672803  2.37484688  0.1494468  -3.59738545]
[-0.72058337 -1.52091377  1.1042698  -3.30150087]
[-0.74007546 -0.86316442 -0.56926278  0.97070591]
[ 1.42556103  0.87095442  0.41413788  1.09367025]
[-0.69122829 -1.58973253 -0.69808357 -1.38655087]
[-0.73243548  1.07980789 -0.61028054 -0.24806855]
[ 1.39179362 -0.44620156 -2.14480187 -0.08041188]
[-0.74076114  0.20706952 -0.02184217  1.06918993]
[-0.74264551  0.60300628 -0.07748078  0.64847906]
[-0.3650536  -0.13471405  1.92171556  1.3100619 ]
[-0.70573263  1.47620374  0.64679305 -0.68084255]
[-0.55221909  1.43693206  1.5033225  -0.20519955]
[ 1.48456598  1.53084555 -1.70270169  0.12117898]
[-0.68876702 -1.18340661  0.92576862  0.15433098]
[ 0.38398542 -0.21546051  2.59781457  0.97966257]
[-0.73660078  1.62823274  0.25115018 -1.20789043]
[-0.55888571 -1.19712473 -1.84649541  0.38443559]
[-0.74487162 -0.22708389 -0.19065378  1.24993567]
[ 1.47656334 -0.15869254  0.29064151  0.27201485]
[-0.51363062  2.22873024  1.89641647 -2.03482158]
[-0.74664655 -1.22278482 -0.02078205  0.28991991]
[-0.71947088 -1.42377361  0.85418808 -0.94566798]
[-0.47380834 -1.25187509  2.21367781 -1.41435158]
[ 1.04696928  1.26634951  1.75029221  0.92791923]
[-0.62339269 -0.95911196  1.25847999  0.62685851]
[ 1.52892127  0.07560946 -0.47696938  0.6951785 ]
[-0.73805554  1.53910214 -0.32200259 -1.17579892]
[-0.73787862 -1.38393055 -0.37483314 -0.18568668]
[-0.70864085 -1.47217948 -0.71523831 -0.53730479]
[-0.59085479 -1.24933792  1.64271303 -0.57910716]
[-0.73593124  0.46869649 -0.68269771  0.6878262 ]
[-0.63686793 -1.37512796 -1.37730044 -0.08599167]
[ 1.53142235 -0.6252643  -0.58307768 -1.86027361]
[-0.68436593 -0.99040603 -1.21679739  0.78736758]
[ 1.42614747 -0.22970056  0.68790652  0.07031541]
[ 1.46207353 -0.70431192 -1.46453616 -1.6159698 ]
[-0.56285056  0.46380303  1.31530928  1.14279336]
[-0.67839249  1.51314228 -1.05925522 -1.29959245]
[-0.34350365 -1.01064702  2.3055007  -0.17393555]
[-0.71620641  1.83976531 -0.56616365 -2.06330429]
[-0.74277487  1.23859297 -0.12702141 -0.43245895]
[-0.63929001 -1.35676535  1.50307495 -1.11684249]
[-0.53607368 -0.35564365 -2.05730083  0.96868704]
[-0.72802166 -0.74891976  0.34149756  1.08194716]
[-0.66622338  0.1806701   0.78739336  1.23796696]
[ 1.46853621  1.39984675  0.107886    0.64267497]
[-0.69003513  0.90447557  0.68056859  0.42312231]
[-0.74478147 -1.5319076   0.19768143 -1.31734375]
[ 1.10612862  0.22172616  1.64958147  1.11301167]
[ 1.51901996 -0.55413313  0.22403709 -1.77093307]
[ 1.29705736  0.0392103   1.14750947  0.75962349]
[-0.5524746   1.02461064  1.41814074  0.50097968]

Populations

0.359467233869
0.303129641517
0.275224955302
0.062178169312

State labels

0
1
2
3
