Cluster centers 

[-0.77296786 -1.24450712 -1.21062086 -0.25193161]
[-0.76318446  0.41253757  0.04876157  1.00198703]
[ 1.4896039  -0.25568807 -0.63934226 -0.00836598]
[-0.75948967  1.2194006   0.18087266 -0.47209875]
[ 1.36837915  0.16689911  0.96709362  0.70157699]
[-0.71152984 -1.57778673  0.35158538 -0.99283513]
[-0.73625769  0.14085347 -1.07937717  1.46418234]
[-0.30333811 -0.47921338  2.04306257  0.71832336]
[-0.77882077 -0.75749066 -0.44470701  0.97952099]
[-0.76459792 -1.53446563 -0.09238347 -0.92021467]
[ 1.49322934  0.47975682 -0.76347709  0.97110166]
[-0.74434861  1.66946077  0.37566956 -2.06502374]
[-0.76634606  1.0344516  -0.47439546  0.29835812]
[ 1.11924635 -0.54233473  1.66957812  0.02662566]
[ 1.41968582 -0.46432067 -1.77940337 -0.97190377]
[-0.63651354  1.23433971  1.16523607 -1.00964796]
[-0.77213777 -1.23646755 -0.18479795  0.07272997]
[-0.61753284 -1.89310564  0.63565375 -2.96372265]
[-0.685538   -1.04290971  0.66514404  0.52889437]
[-0.79430559 -1.55119317 -0.82963963 -1.36421233]
[ 1.46536825 -0.74107717 -0.56699018 -1.73453474]
[-0.68340635  1.50298508 -1.41509483 -0.21909611]
[-0.6192178   0.19910122  1.20491913  0.81816215]
[ 1.4577715   0.191348    0.34225177  0.7210638 ]
[ 1.33771363 -0.72314992  0.74948962 -0.83542341]
[-0.77337548 -0.27741377 -0.49718566  1.35169625]
[ 1.28712222  2.26112781 -1.89005757 -0.36016951]
[-0.76568098  1.50026947  0.07615941 -1.23873488]
[ 1.23495832  1.86186184  1.57803109 -1.36588536]
[ 1.37240874  1.47157756  1.09697198 -0.12077925]
[ 1.43319473  0.80316114 -1.42494983  1.0999487 ]
[ 0.93549389 -0.29597674  2.11725892  0.46525651]
[-0.73089087  0.4936898   0.5124293   0.74863065]
[ 1.45534054  0.03739257 -1.31853695  0.53143198]
[-0.75198786  0.6757809  -0.79519153  1.01055573]
[-0.75927723  1.63243503 -0.71697696 -1.11544315]
[-0.62774581 -1.75987328  0.71190807 -1.8726814 ]
[ 1.47676538 -0.18936343 -0.07655981  0.22766271]
[-0.77194855 -0.91055987 -0.95898559  0.695149  ]
[-0.5647235   1.54171888  1.36583898 -2.11541861]
[ 1.30397215 -0.27274483 -2.31871569 -0.31469048]
[ 1.01835087  1.25803311  2.17674738 -0.41612211]
[-0.70968708 -0.27237494  0.63326203  1.15831951]
[ 0.52357862  0.3538679   2.60241295  0.41106658]
[-0.65575071  0.86005426 -1.57078958  1.09483147]
[-0.59138693 -0.03936086 -2.03857412  1.52171654]
[ 1.10903539  0.26311747  1.91128319  0.6219949 ]
[-0.76887248  0.71952954 -0.19001447  0.71132499]
[ 1.32260865 -0.28320397  1.0611166   0.26544525]
[ 0.50882886 -0.88662064  2.39147738 -0.04094925]
[-0.15332081 -1.66844768  1.81339619 -1.73276036]
[-0.78979425 -1.37883583 -0.63342627 -0.49292836]
[ 1.47998944  1.13313686  0.2905197   0.67230096]
[ 1.49211976  1.2778446  -0.74398192  0.87124247]
[-0.72784406  1.355883    0.5624492  -1.06719166]
[-0.68877901 -1.45295349  0.53921452 -0.4826521 ]
[-0.77192769  1.40589729 -0.2476608  -0.73318921]
[-0.51809296 -1.59064825  1.20078726 -1.00507203]
[ 1.47511988 -0.53725762 -1.11191169 -1.06185886]
[ 1.48185382 -0.48444868 -0.50103229 -0.61880376]
[-0.70293686  0.78560376  0.76557385  0.20828229]
[-0.72245496  1.06062425 -1.11585581  0.57511474]
[ 1.4050579  -0.73229924 -1.86497512 -2.66093314]
[-0.48557529  0.67788539  1.73034801  0.04767254]
[-0.74012176 -0.67783085  0.31107481  1.02984428]
[-0.41777332 -1.23963978  1.60244803  0.00584374]
[-0.77056096  1.18403733 -0.19881033 -0.17369028]
[-0.76246285 -0.9770375  -0.00596973  0.6555228 ]
[-0.72514708 -1.3089888  -1.80248526 -0.84749762]
[-0.71286002  1.09415125  0.69817998 -0.41577093]
[-0.75474262 -0.54437759 -1.05239414  1.21732227]
[-0.69304327  1.87647477 -1.41033624 -1.40396103]
[-0.7497475  -1.68464795  0.00411375 -1.64503826]
[-0.64013339 -1.96646231  0.45449736 -4.05339593]
[-0.76919921  0.25221243 -0.42882157  1.27007538]
[-0.64028095  0.90977231  1.15459004 -0.19121056]
[-0.776385   -1.52129289 -0.26504089 -0.92708251]
[-0.76070054 -1.40633031 -0.02924414 -0.41323061]
[-0.69464504  1.90204511  0.68357185 -3.380043  ]
[-0.75371286  1.38397168 -0.79048604 -0.32704644]
[ 1.46363323 -0.26574403 -1.28665531 -0.14801516]
[-0.77233216  1.73928004 -0.39897177 -1.75705689]
[-0.68726975  2.09826765 -0.76570177 -2.96226237]
[-0.77065437 -1.76978522 -0.30082911 -2.44268195]
[ 1.49395202  0.05189738 -0.4009697   0.58643254]
[-0.37944083  1.09988202  1.96805995 -0.90838906]
[ 1.44976528 -0.47375138  0.10379842 -0.37735649]
[-0.7836564  -1.11553079 -0.74524279  0.27715143]
[ 1.41988956 -0.28312706  0.49016382  0.15665427]
[ 1.49400344  0.59561393 -0.06391221  0.9482382 ]
[ 1.26674181  0.68858195 -2.22721048  1.17935404]
[ 0.85682907 -1.0859884   1.94169218 -0.98299714]
[-0.67996691 -1.29393487  0.63190499 -0.00401206]
[-0.75198656  0.05924316  0.23065055  1.19597408]
[-0.60706092  1.29461014 -1.77322276  0.51227291]
[-0.68421937 -0.80030432 -1.79533028  0.70276436]
[-0.76772823 -0.42596979 -0.06463933  1.24092435]
[-0.60676785 -0.62901825  1.15437976  0.92129342]
[-0.75755739  0.89315043  0.19451646  0.25055394]
[ 1.36209452  0.80385574  1.12178944  0.64556578]

Populations

0.223805087105
0.249092468794
0.268335729305
0.258766714795

State labels

0
1
2
3
