Cluster centers 

[-0.89959417 -1.23742959  0.38128055  0.73311922]
[ 1.07611975 -0.47108585 -1.19998115 -0.49442266]
[-0.95473569  0.80104863  0.26779507  0.79689821]
[ 1.08761258  1.48165164  0.60526188 -0.06931108]
[  0.77664684   2.9634069  -15.23303931   1.61521256]
[ 0.94020042 -0.25792425  0.55305283  1.15559426]
[-1.04835173  0.08726528  1.17715889 -0.14878704]
[-0.99035985 -1.54665257 -1.30763348  0.24563883]
[-1.04711104  2.01918947 -0.83638043 -0.91054846]
[ 1.06932863  0.06984394  0.65393331 -0.8861832 ]
[-1.02421982  2.05755195 -1.81592915  0.59611919]
[-1.04652476 -0.92263702  0.52149259 -1.46243835]
[ 1.05112487 -0.43347414 -1.91240485 -0.92105403]
[ 1.00336636 -0.55165176 -0.21187417  0.72563281]
[ 0.90176651  0.93926241  0.46485472  1.51941568]
[-1.06037589  1.00242128  0.68619892 -0.8644306 ]
[ 1.08405835 -0.20739828  0.10444479 -0.57217183]
[ 0.18794168 -1.00332664  0.16104602  2.24608429]
[-1.07403518 -1.31073204 -0.44408027 -0.65884436]
[ 0.84672683  0.88349318  1.21721951 -2.03638599]
[-1.07067949 -1.42532241 -1.32223962 -0.5289498 ]
[ 1.08339434 -0.1616822   0.4180516   0.00293862]
[-1.05362548 -0.44517114  1.29676485 -1.22144549]
[ 0.94324612  2.3072796  -1.32871112  1.46716114]
[ 1.09150525 -0.01308739  0.60117006 -0.34229807]
[-0.75254767  1.33024082 -0.83470964  1.67704527]
[ 1.05731292  2.2245611  -0.11442103 -0.48205725]
[ 1.04428453 -0.05780827  0.31973972 -1.16589513]
[-0.94541884 -1.52455307 -3.84467636  0.46185548]
[-1.07411294  2.33057798 -1.84126118 -0.37181228]
[-1.03235215 -1.14365145  0.4876865  -0.09471571]
[ 1.06056945 -0.33891786 -0.76209808 -0.95438705]
[ 0.91847762  0.01306362  0.3224719  -1.9134459 ]
[-1.00822453  0.55697956  0.68351339  0.37930144]
[ 1.06368175  0.87604685  0.81994659  0.55527001]
[ 1.09321131  0.70667848  1.0401291  -0.22595405]
[-0.9954047   0.5427521   1.333913   -1.60098385]
[-0.69706786 -1.54836757 -0.66267392  1.3466632 ]
[-1.06341397 -0.41358443  1.29187386 -0.57523988]
[-0.87006019 -0.6335025   1.00585594  0.94447131]
[-0.79185789 -1.64294137 -1.59333342  1.04964458]
[-0.98875081  1.57456581 -0.90199291  0.73789167]
[ 0.85107979  0.05620493  0.74547754  1.55751665]
[ 0.93703872  1.66253741 -0.28277868  1.45481206]
[ 0.93061308 -0.20852193 -0.71614065 -1.87685387]
[ 0.88229457 -0.52981332  0.2191023   1.32005406]
[ 1.00932055 -0.71776307 -1.37083001  0.53647502]
[-0.84161483  0.21605036  0.72948801  1.19828349]
[-0.75103419  0.80456915 -0.0039916   1.59733919]
[ 1.08289937 -0.34757609 -0.11516032 -0.13067145]
[ 0.98150564  0.54601189  0.80495148  1.11129839]
[ 1.05926898 -0.41980178 -0.09242665  0.28804514]
[ 1.04195219 -0.21387052 -0.23030826 -1.17396471]
[-0.64425552 -1.26821983  0.26302705  1.52297953]
[-0.91282295 -1.49507465 -0.52319848  0.65374403]
[-0.99247465 -0.09368943  1.10721674  0.3849726 ]
[-1.06665615 -1.17067058 -0.40209145 -1.324791  ]
[-1.05383156  2.61912394 -2.99542042  0.28179823]
[ 0.96926555  3.24531313 -1.76842268 -0.94964379]
[-1.04400457 -1.50947677 -2.34200666 -0.17135969]
[-0.15522431  0.41896586  0.33257685  2.34466781]
[-1.06437773  1.51160853 -0.07153048 -0.71232361]
[-1.06102592  0.24589553  1.29225466 -0.87612997]
[ 0.792362    2.47960652 -0.01383501 -1.78014518]
[ 0.88055077 -0.82490523 -0.75388886  1.22910493]
[ 1.09075261  0.27857361  0.93022103 -0.45648377]
[ 0.91078015 -0.27678143 -2.09972713 -1.93006628]
[-1.06237372  0.59311678  0.91172568 -0.36352452]
[-1.04263321  1.17262964  0.01491379  0.17460032]
[-0.98132941 -0.45202669  1.2115065  -1.90679109]
[ 0.71180909 -0.82483777 -0.13509769  1.7359751 ]
[-1.03336041 -1.42833402 -0.61786415 -0.08615923]
[ 1.01984097 -0.32650602 -1.20772986 -1.34213546]
[ 0.53723346  1.6088488  -0.87209241  2.37305498]
[-1.06983754 -1.16426003  0.22168779 -0.66898965]
[-0.53092808 -0.50220838  0.8211702   1.85591672]
[ 1.08187573 -0.3731766  -0.4910462  -0.48849145]
[-0.97031551  1.22233026 -0.32025275  0.78485988]
[ 1.02783251  0.10550858  0.80080391  0.73645188]
[ 1.08078635  0.22256002  0.8709879   0.20545963]
[-0.98353542  1.3817434   0.54907406 -1.55946748]
[ 1.03846857 -0.26178007  0.40030992  0.55548144]
[-1.03762632 -0.6739453   1.11559272 -0.1120904 ]
[ 1.04429292  1.52399388  0.21188122  0.80768912]
[-0.85870879  1.94165023 -1.98116715  1.46165055]
[ 1.06655895 -0.54082363 -0.84617822  0.05978578]
[-0.81813723 -1.65150712 -2.46699538  0.93588632]
[-1.0613165   0.9855717   0.42606118 -0.19614846]
[  6.45433138e-01   1.07585914e+00   1.52831162e-03   2.18384175e+00]
[-1.06728672 -0.9055217   0.83785987 -0.69296075]
[-0.98328859 -0.93315602  0.87286223  0.32500151]
[ 0.99855763 -0.34706282 -3.04828571 -1.2915293 ]
[ 0.25211776 -1.27217737 -0.79296286  2.10245543]
[ 0.63112735  0.2166157   0.6549014   2.09242491]
[ 0.51886874 -0.54177183  0.51612698  2.09575884]
[-1.00342201 -1.33987893 -0.03108758  0.14020239]
[ 0.18160697  2.10253821 -2.16004298  2.53847728]
[ 1.03905067  0.65606335  1.08785303 -1.13162496]
[-1.0628038   1.86964559 -1.13319383  0.07762017]
[-1.06392364  1.5617081  -0.49383287 -0.05485857]

Populations

0.16354864511
0.283588531038
0.275968816668
0.276894007184

State labels

0
1
2
3
