Cluster centers 

[-1.04003073 -0.92282559  0.81928767 -0.54221932]
[ 1.10691032 -0.24894122  0.03775327 -0.43796443]
[-1.04815902  1.17357169  0.25387874 -0.38667175]
[ 0.94407752  0.80378828  0.5850588   1.41125322]
[-0.74227697 -1.66629957 -2.15552169  1.11498452]
[-0.98611033  1.63703263 -1.01349018  0.65632852]
[ 0.21649892 -0.99758753  0.13389907  2.26801608]
[ 0.94654709  0.43635562  1.11040812 -1.83309638]
[-0.95190019  1.16628037 -0.25140123  0.78960658]
[ 1.08714057 -0.31263574 -0.5170533  -0.89989888]
[ 0.87875489 -0.1299514  -4.39994747 -2.16985465]
[-0.96089648 -0.11186201  1.09886244  0.49309034]
[ 1.08262568  0.09168918  0.77228564  0.41500344]
[-0.91237306 -1.43647913 -0.29873016  0.55500548]
[ 1.05256381 -0.33700206 -1.12535219 -1.27772228]
[-0.93655406 -0.43391185  1.15090631 -2.01302158]
[ 0.76083198  0.22342175  0.68154052  1.889469  ]
[ 1.08897359  0.25857628  0.90511609 -0.8855873 ]
[ 0.85370849  3.09672812 -1.24979012 -1.55126578]
[ 0.81606642  1.97838587 -1.10078942  1.88550213]
[-0.49216497 -0.58637418 -7.33038771  1.52355726]
[-1.05358883 -1.28329343 -0.39025788 -0.77037102]
[ 0.95240332 -0.53394656  0.06916705  1.11117448]
[-1.0045439   2.14805925 -0.97894944 -1.1333533 ]
[ 1.10447126  1.23871062  0.72848026  0.15426623]
[-1.02302981  0.21357781  1.07959283 -0.03061479]
[-0.97319153  0.39449446  0.7953887   0.49532631]
[ 1.02027281 -0.16740634 -0.20242933 -1.52918827]
[-1.04295276  0.50559214  1.0950711  -0.6879659 ]
[-1.0136132  -1.41052103 -0.53171247 -0.10724482]
[ 1.06768225 -0.29416703  0.28695051  0.4462205 ]
[-0.90410883  0.69734733  0.32591672  0.96457966]
[-0.94127508 -1.56982252 -3.30295388  0.36506575]
[ 0.86490309 -0.93542096 -1.40391685  1.24515175]
[ 1.0154977  -0.54603869 -0.17473296  0.77123202]
[-0.82706132  1.90659701 -1.95211363  1.48415825]
[ 1.09730884 -0.43666829 -0.93996496 -0.55835618]
[ 1.11488333  0.4963212   1.00384004 -0.20429699]
[-1.05175686  1.6048444  -0.52124521 -0.19590272]
[ 0.9908891   1.65017426 -0.17005225  1.26406016]
[-0.98216302 -1.24326677  0.26433439  0.16269782]
[-1.03727641 -1.45107518 -1.24018939 -0.38048024]
[-1.04301919 -0.21706695  1.32421649 -0.68117661]
[ 0.3494657  -1.22517146 -0.75634657  2.10944042]
[-1.02658339  2.12457482 -1.94110431  0.44447306]
[-1.03730861 -1.1860359   0.23862363 -0.44178137]
[-0.6245592  -1.38279293 -0.04848338  1.51866263]
[ 0.93185019 -0.15105353  0.62006762  1.30090795]
[ 1.08440414 -0.14483782  0.12776028 -0.97495172]
[ 0.67101346  1.1374184  -0.07965221  2.18659194]
[ 0.77774507  0.15566713  0.63040312 -2.4301929 ]
[-1.00932893  0.84311331  0.40252836  0.27881842]
[-1.03430176 -1.05242282  0.20755192 -1.3191687 ]
[-0.980825    1.39042754  0.46345924 -1.43859537]
[-1.02373659  0.08142148  1.40270075 -1.15145631]
[-0.97012792 -0.97750846  0.80852945  0.27660964]
[-0.84112093 -0.0581002   0.90737701  1.11912869]
[ 0.8479973  -0.81246343 -0.48644857  1.4091676 ]
[-0.87241327 -1.20058293  0.44410281  0.78742296]
[-0.58697329  0.47044448  0.29904624  1.92037736]
[ 0.90700438 -0.21874688 -0.89580124 -2.09689883]
[ 1.10455813  0.01139765  0.5829138  -0.64631617]
[-0.90735391 -1.57426967 -1.201589    0.56096599]
[-0.43264517 -1.6147607  -1.47369267  1.72630137]
[ 0.56534195 -0.69928111  0.29382169  2.07308804]
[ 1.04504485 -0.39992738 -2.54190863 -1.2046254 ]
[-0.71859372  1.26636844 -0.76146938  1.71891648]
[-0.9588604  -1.59569221 -2.2366866   0.30897207]
[-1.04218323  1.62666654 -0.22053213 -0.81923164]
[-0.98885606 -0.53789746  1.14757085  0.2023646 ]
[-1.04185288  0.71150131  0.76612317 -0.28215449]
[ 1.05618717 -0.61912612 -0.89222763  0.37596058]
[ 1.06770526  1.53639608  0.22918986  0.74382508]
[-1.03109137 -0.54973712  1.1955917  -0.29330437]
[-1.0326838  -0.78971709  0.87878225 -1.27295814]
[-1.03300466  2.57706564 -2.99008183  0.31023169]
[ 1.04427332  2.28393882 -0.08808151 -0.80207007]
[ 1.02022937  0.04263273  0.74975908  0.90837523]
[-1.05516783 -1.44964782 -2.22295404 -0.57751418]
[-1.06087124  2.18591153 -1.73179675 -0.13028171]
[ 1.09528532  0.75658835  1.1151542  -0.72652326]
[ 1.11040711  0.04466687  0.69970373 -0.12751244]
[ 0.95988075 -0.2947733  -1.76955573 -1.87374932]
[-1.04304518 -1.20744753 -0.72165362 -1.38200077]
[ 0.9940304   1.46568978  1.03044534 -1.39693039]
[-0.5900066  -0.6924633   0.80540732  1.72628676]
[-0.86589374 -0.69781256  0.9936061   0.89998624]
[-1.02705545  0.9527608   0.8091936  -1.02519929]
[ 1.03881689  0.05596974  0.54309109 -1.38838132]
[-1.02692185  1.26341073 -0.14557204  0.19144846]
[ 1.10124526 -0.4094004  -0.41468973 -0.20580641]
[-1.05184824  1.87452524 -1.11051679 -0.04990525]
[ 1.10116517  0.54377768  0.95374659  0.26426965]
[ 1.04136101  0.68117565  0.8150975   0.88012153]
[ 1.09116749 -0.48673298 -1.58265383 -0.61196266]
[ 1.07935333 -0.4232091  -0.12822152  0.26031868]
[ 0.81017537 -0.44618052  0.4290543   1.6440543 ]
[ 0.29731646 -0.06956297  0.60759441  2.40770165]
[-1.05328381  2.48935318 -2.06265928 -0.69228077]
[ 1.10683709 -0.1925195   0.29823164 -0.1545784 ]

Populations

0.000995511171546
0.2531094199
0.30622822667
0.439666842258

State labels

0
1
2
3
