Cluster centers 

[-1.08875163  1.67313421 -0.62816832 -0.14031271]
[ 1.06296717 -0.405252   -0.56138289 -0.36441706]
[-1.0848256  -1.24212158  0.0347441  -0.52176773]
[ 1.07053633 -0.11050053  0.46769549 -0.19959017]
[  0.75955977   3.03287062 -15.23645285   2.11240445]
[-1.08380837  0.53650478  1.05149875 -0.73801118]
[ 0.59782432  0.92852917  0.20919146  2.18208256]
[-1.07659841 -1.4825058  -1.5492005  -0.23842709]
[ 0.18200719 -1.3202647  -0.89055283  2.11059078]
[ 1.04456953  2.27863213 -0.27862039 -0.28532169]
[ 0.99224399 -0.3148038  -1.15346649 -1.36021291]
[ 1.04985968  0.69948514  1.08650997 -0.82685022]
[ 1.02447065  0.32896373  0.89940559  0.63719383]
[-0.89067775  1.49684986 -0.94861673  1.34150623]
[ 0.92838551  3.22910602 -1.6731464  -1.03552716]
[-0.69337145 -1.35525696  0.12041393  1.42395502]
[-0.89009812 -0.78225801  0.9822644   0.88343295]
[-0.99522887 -1.52297417 -0.88101333  0.35983204]
[ 1.03965428 -0.08556923  0.28298629 -1.00983371]
[ 0.93940514 -0.39578759  0.36682227  1.03090701]
[-1.01249803  0.42165429  1.34766111 -1.67405029]
[-1.08041844 -0.13617504  1.35414885 -0.99195468]
[ 1.01490631 -0.09752241  0.666189    0.63643164]
[-0.98693351  0.76545603  0.36715585  0.69118203]
[-1.04293654 -1.00295829 -0.0273979  -1.76859602]
[-1.06962147  1.40933185  0.20356468 -1.01486236]
[-0.95153072 -1.53074553 -3.77629848  0.64832367]
[ 0.88786076 -0.84209993 -1.07024542  1.14194252]
[-1.04576905  1.82148837 -1.22361919  0.52781135]
[-1.03094265 -1.5280007  -1.23222983  0.1499521 ]
[ 1.05150912 -0.4176256  -1.11368323 -0.69719243]
[ 0.646693    0.1196666   0.74834896  1.97692838]
[-1.02782797 -0.45554547  1.20450739  0.15312451]
[ 0.7743925  -0.79720383 -0.22046229  1.54670653]
[ 1.07038687  0.24809954  0.90125806 -0.0142238 ]
[ 1.06743837 -0.24564333  0.04965437 -0.43877027]
[-1.09656432 -1.26799002 -0.5306664  -0.95796572]
[ 1.04817474 -0.19426029  0.44903859  0.28199334]
[ 1.04196713  1.4230224   0.40335093  0.62566155]
[ 1.03616891 -0.44742754 -2.03343462 -0.77775227]
[ 0.99763129  0.16025818  0.71029192 -1.38362086]
[-1.08566268  0.88066913  0.62522676 -0.4278616 ]
[-1.04695448 -0.60533903  1.0707646  -1.60576914]
[ 1.04298831 -0.23783131 -0.20292306 -0.94167386]
[ 0.84454986  0.01034289  0.26529629 -2.13289381]
[-1.0908102   2.46998949 -2.38258546  0.05267528]
[-0.92535788 -0.12989503  1.03315612  0.83058442]
[-1.05900563  1.23606968 -0.08688229  0.22469251]
[-1.07619039 -1.0543329   0.6295972  -0.41255293]
[-0.84710729  0.90460385 -0.01332192  1.3608775 ]
[ 0.86046671  0.81405029  1.18720874 -1.94492989]
[ 0.49130337  1.73899543 -1.05195712  2.45950796]
[-0.78846673 -1.66195258 -2.37725728  1.18541657]
[ 1.02067585 -0.59436933 -0.68901512  0.4297809 ]
[-1.02333812 -1.37579051 -0.14749542  0.14599713]
[-0.92789369 -1.2493706   0.38691481  0.67592766]
[ 0.91485362  2.30131468 -1.27721179  1.52760679]
[-1.09207923  2.13187961 -1.36428074 -0.38260568]
[ 0.85120851 -0.21074982 -0.92472788 -2.0872417 ]
[-1.00203474  1.34081941 -0.45084183  0.73093351]
[-0.92793132  2.13245124 -2.22380651  1.28276142]
[ 1.06566554  0.13188808  0.75552417 -0.64281908]
[-1.09056394 -1.0610975   0.3403587  -1.07863678]
[ 0.94743337  0.7367837   0.73891702  1.18262   ]
[-1.07318554  0.00623253  1.23569538 -0.307665  ]
[-0.49203994  0.44610377  0.36741175  2.08947842]
[-0.91295747 -1.62273502 -1.61073685  0.77725682]
[-0.65083072 -0.75946922  0.84152843  1.60921404]
[ 1.06144928  1.50528393  0.68271029 -0.40460203]
[ 0.98861287 -0.51635884 -0.07643146  0.72342341]
[-1.08790983 -0.79836694  0.98001475 -0.82198361]
[-1.05794035  0.85625086  0.45235583  0.13060596]
[ 0.78723904  2.23702346  0.30665507 -1.83944078]
[ 0.92790376 -0.28501298 -3.2412407  -1.51910198]
[-1.07094925 -1.4100094  -0.65322491 -0.24900804]
[ 1.04614719 -0.58160632 -1.33340994  0.03078191]
[-1.05751645  1.91428772 -0.56793111 -1.05896596]
[-1.04930221  0.41140312  0.90671049  0.09951949]
[-0.7237534  -1.59624936 -0.93313939  1.35213205]
[ 0.96383589 -0.16402128 -0.26238327 -1.59459083]
[-1.03390209  1.11824143  0.73310419 -1.38167711]
[-1.0453742  -1.53396276 -2.45031069  0.06925518]
[-1.08996266  1.31707479  0.04833855 -0.38078944]
[-0.6028856   1.29705059 -0.8074817   2.09785491]
[-1.10169359 -1.35665398 -1.33627204 -0.8556008 ]
[ 0.90763999  1.54652275 -0.09270416  1.47223823]
[ 1.06753948  0.7972834   0.94897063  0.15104189]
[ 1.03170215 -0.30817242 -0.66458348 -1.04161836]
[ 1.05210969 -0.39538689 -0.10027864  0.13940957]
[-1.01959494 -0.91013532  0.92576964  0.16379898]
[ 0.7030359  -0.53731933  0.45599668  1.76251635]
[ 0.28109795 -1.05742295  0.00228541  2.17877699]
[ 0.90470802  0.03322696  0.79304832  1.26506219]
[-1.01329732 -0.01306728  1.10464382  0.34860943]
[-1.03244863 -1.20128918  0.40735242  0.06493491]
[ 0.09067492 -0.68138466  0.63284917  2.27908025]
[-0.92125062 -1.49098117 -0.43994159  0.71275453]
[ 0.93171541 -0.30517013 -1.92255594 -1.67273871]
[-0.84703905  0.27385764  0.71417166  1.22160342]
[-1.0732467  -0.60359114  1.18452193 -0.38033318]

Populations

0.0573468306101
0.397555639369
0.271013373945
0.274084156075

State labels

0
1
2
3
