Cluster centers 

[-0.65622488  0.06844131  0.20464363  1.20889474]
[ 1.7249989  -0.58595027 -0.463164   -0.8007184 ]
[-0.6102889   1.10836147 -1.02938631  0.33251349]
[-0.6804037  -1.30974071 -0.56374621 -0.19491416]
[ 1.054198    0.17906427  2.35088531  0.53022349]
[-0.49311192  1.33585763  1.3125636  -1.90504986]
[-0.66490968 -1.87678798 -0.40295259 -2.45761502]
[ 1.67698957 -0.2906495   0.30535468  0.09130517]
[-0.60331217 -1.14915249  0.56784758  0.28770798]
[-0.66522385  1.52273422 -0.32154574 -1.61207439]
[ 1.58375289 -0.28272312 -2.38365861 -0.22317404]
[-0.65578514  0.56203368 -0.44901067  1.01529831]
[-0.66131859  1.05969029  0.01527005 -0.14694807]
[-0.67011727 -0.72637094 -0.54675105  0.96140361]
[ 1.51619031  0.51233761  1.41306283  0.66572214]
[-0.61882703  0.70127647  0.70554947  0.35415683]
[-0.60175684 -0.69962798  0.71258727  0.91885351]
[-0.49189659 -0.72985126 -2.11800853  0.73725578]
[-0.35015443  0.67700179  1.87882232 -0.0317543 ]
[ 1.57753935  2.20817275 -1.93081985 -0.60321616]
[-0.66338875 -1.45163081 -1.31467378 -0.90503553]
[-0.66293023  1.25238606 -0.10725982 -0.66548246]
[ 1.01213282 -1.15196694  1.89217935 -1.13182945]
[ 1.71924469  0.26389082 -1.23872523  0.82837927]
[ 1.71663799  0.6109504   0.27351812  0.835807  ]
[-0.62279588  1.61084138  0.42276477 -2.82504901]
[ 1.64514987 -0.46668472  0.44340441 -0.22384746]
[-0.49018616 -0.45987794  1.35867796  0.95114469]
[-0.55799899 -1.50558132  0.71820045 -0.60835215]
[ 1.53842532  1.05622014 -2.11494923  1.1923903 ]
[ 1.11099781  1.18203681  2.35157085 -0.47949876]
[-0.6828913  -1.46594649 -0.70136248 -0.71730501]
[-0.54707615 -1.72653697  0.62432447 -1.41419995]
[-0.62155386  1.60096517 -1.01949568 -1.32586371]
[-0.46208634 -2.15668807  0.54633799 -4.34609377]
[-0.64910405 -0.64993491  0.27816423  1.00928393]
[-0.60507154  0.7630895  -1.04757797  0.98941846]
[ 1.62651327 -0.61349997 -2.27423871 -1.38186659]
[ 1.72307925 -0.07835277 -0.06402187  0.39072698]
[ 1.58851876 -0.23516358  0.8845421   0.27230537]
[-0.63276135 -0.50226652 -1.0881905   1.19860979]
[-0.52342195  1.60382895 -1.62975769 -0.73367563]
[-0.63202662  0.45826132  0.58441006  0.7825201 ]
[-0.66614316 -1.26045922 -1.11350168 -0.19596845]
[ 1.71221633 -0.47354967 -1.55985758 -0.73007622]
[-0.66149614  0.76810208  0.0311053   0.51006588]
[ 1.41443571  1.12812932  1.80854791  0.02605842]
[ 1.67748409 -0.55715125  0.13478904 -0.52733401]
[-0.6165146  -0.14900459  0.68819749  1.14828787]
[ 1.64875735  1.28543208  0.89456106  0.23865464]
[ 1.72934436  1.6023805   0.23131859 -0.00309581]
[-0.65846698 -0.92569639 -0.93198982  0.62062191]
[ 0.70322989 -0.78176969  2.47861103  0.03403794]
[-0.48192548  0.10994701 -1.86042721  1.49962031]
[-0.66319151  1.38192968 -0.0701213  -1.18286434]
[-0.62285014  0.20764434 -0.97122911  1.42171366]
[-0.60727825 -1.2956635   0.49133736 -0.03488295]
[ 1.73630825 -0.5940845  -1.00809889 -0.99328114]
[-0.62619626  1.24520572  0.58439561 -1.08668732]
[-0.53021079  0.31914443  1.27254454  0.71483572]
[-0.66887093 -1.19470025 -0.16110201  0.15708638]
[ 1.69420056 -0.14820274 -1.62105228  0.15181176]
[-0.6304955   1.83785426 -0.97768931 -2.80238025]
[ 1.72577623 -0.39091481 -0.30546832 -0.23615242]
[-0.20107521 -0.38582292  2.17145447  0.7292551 ]
[-0.59287255  0.84958929  0.89848314 -0.04501257]
[-0.6597867   0.39954979  0.12358852  1.00490932]
[ 1.72924258 -0.78593056 -1.10169266 -1.77881123]
[-0.47662976  1.22170293 -1.7470142   0.51206594]
[-0.6254448   1.07413387  0.61450671 -0.51733116]
[-0.63979298  1.31676525 -0.75996392 -0.42889548]
[-0.66112498 -0.01385689 -0.46708574  1.35710582]
[ 1.73862021 -0.34043656 -0.98669723 -0.24286786]
[ 1.65055224 -0.88568665 -2.34745958 -2.89834113]
[ 1.66723917  0.06226045  0.54260269  0.59913405]
[-0.30879651 -1.19547943  1.70020899  0.04881414]
[ 1.62430853 -0.8298286   0.29958135 -1.25822577]
[ 1.63776362  0.48356833  0.85870076  0.76838146]
[ 1.74426609  0.31023742 -0.32488142  0.83062193]
[-0.60854991 -1.10005089 -1.64272244  0.06263491]
[-0.63318001 -1.53762157  0.20038647 -0.75264147]
[-0.67314037 -1.65113122 -0.42577752 -1.34010361]
[-0.34540458 -1.5789319   1.41377616 -0.92097725]
[-0.64653296  1.46231035  0.30773609 -1.85322277]
[-0.55413338 -1.31064598 -2.17093552 -0.83518152]
[-0.55613855 -0.99661541  0.91535184  0.53823536]
[-0.66756723 -0.42018261 -0.13808369  1.22565543]
[ 1.74517607  0.86503313 -0.72306528  1.02598497]
[ 1.74413132 -0.11268066 -0.70843214  0.27980753]
[-0.65611524  0.96250054 -0.44714826  0.34255775]
[-0.53508917 -1.89058814  0.58024733 -2.1997417 ]
[ 1.33788464 -0.40884465  1.70503913  0.17673003]
[-0.39134414  1.01189385  1.74003292 -0.82080674]
[-0.67263146 -1.13938877 -0.81501283  0.19040255]
[-0.6618762  -1.40005655 -0.07169743 -0.36378415]
[-0.66509407 -0.93971344 -0.05536867  0.66069567]
[ 1.48688073 -0.61736487  1.14838969 -0.32970099]
[ 1.29715884  1.64589812  2.04208672 -1.49772177]
[-0.66042896  1.63581485 -0.49983618 -2.03684262]
[ 1.59469518  1.70611704  1.1434433  -0.79859706]

Populations

0.193262062762
0.193421466718
0.332257438764
0.281059031756

State labels

0
1
2
3
