Cluster centers 

[-1.08510272  0.84353284  0.54481712 -0.10049272]
[ 1.01594709 -0.23369546 -0.28515487 -1.10890721]
[-1.10383431 -1.16064789  0.23341125 -0.73909363]
[  0.75162028   3.03871355 -15.27772408   2.25444377]
[-0.274831    1.4749038  -0.98526339  2.33361237]
[ 1.02996856 -0.41876015 -0.06523882  0.30197205]
[-0.84375356 -1.63839471 -1.44930045  1.07294854]
[ 1.0433041   0.78405396  1.06172594 -0.7572474 ]
[-1.09246813 -0.45426606  1.27644169 -1.11519265]
[ 0.94157454  1.08621744  0.50370849  1.20921202]
[-1.08613453  2.56572569 -2.8034378   0.3960237 ]
[-0.49921295 -1.44069774 -0.26674739  1.80224525]
[ 1.03401332 -0.42181043 -1.25997153 -0.75545513]
[-1.08929527  1.57298122 -0.54879254  0.06639751]
[-0.89643598 -1.51975154 -0.52552624  0.86282342]
[-1.00607859 -0.84456356  0.97434396  0.34415481]
[-1.02171576  0.06877947  1.04758695  0.36639272]
[ 0.49133417 -1.06254013 -0.43654334  2.00501717]
[-0.97782141 -1.61319387 -2.30367961  0.58476844]
[ 1.01581398  2.45858303 -0.49616129 -0.42461297]
[-1.0912449  -0.19175198  1.29118004 -0.48600659]
[ 1.03752184  0.16243044  0.85099609  0.35948833]
[ 0.89550585  1.72214574 -0.30489478  1.4621022 ]
[ 1.04491676 -0.49929526 -0.72906581 -0.02954293]
[-0.96713712  1.20835555 -0.31009922  0.94972524]
[ 0.89304961  3.29976438 -1.79603199 -1.12174513]
[-1.09855911  0.90462469  0.69668955 -0.72157958]
[-1.0211261  -0.44766567  1.1922182  -1.8801266 ]
[ 1.02268034 -0.08504619  0.2716448  -1.06309704]
[-1.11195437 -1.34129396 -0.97963523 -0.85023165]
[-1.08585603  0.39220927  1.01722153 -0.26237385]
[ 0.83941754 -0.73739918 -0.25284974  1.33899989]
[ 0.91280062 -0.35239129  0.46413047  1.1177828 ]
[ 1.02299004 -0.45376737 -2.16590181 -0.75482292]
[ 0.78473871  2.21344973 -1.36542125  1.89295712]
[ 0.89755986 -0.27220404 -3.23909645 -1.62185708]
[-1.1025001   2.15949172 -1.67403673  0.07361085]
[ 0.87478228  0.3945429   0.80760109  1.39504087]
[ 0.84146917  0.0084024   0.27959598 -2.0888081 ]
[-0.69174575  0.78492575  0.03649982  1.79634659]
[-0.88140056 -0.67785428  1.00707026  0.9694786 ]
[-0.94050308 -1.54492533 -3.77804821  0.77957432]
[-1.10174045  1.38550196  0.02048715 -0.55325143]
[-1.07769178 -0.93169393  0.49792169 -1.49117433]
[-0.86035138  0.19692117  0.7892103   1.18142106]
[ 1.05055614 -0.26623344 -0.11470115 -0.62038177]
[ 0.85787386 -0.23471685 -1.01545066 -1.98778646]
[ 0.98880118  0.19982047  0.76700722 -1.36143229]
[-1.00995542 -1.55149259 -1.14540074  0.36639078]
[ 1.06305664  0.46524653  0.9712702  -0.09823579]
[ 1.01072733 -0.26008441  0.42478227  0.53990999]
[ 1.02117092  0.77304861  0.86261169  0.61759772]
[-1.07218367 -1.45070988 -0.78186372 -0.11946143]
[-0.54248859 -1.64879527 -2.04959261  1.69527287]
[-0.08501436 -0.66561401  0.69986211  2.27256849]
[ 0.98028727 -0.6621945  -0.74768053  0.66957003]
[-0.96510641  0.70827434  0.39112709  0.85238765]
[-1.09151983  1.8275886  -1.04068327  0.14228708]
[ 0.91555038  1.91089441  0.53972153 -1.35149433]
[ 1.05840042 -0.15633983  0.31695135 -0.39629496]
[ 0.64841934  1.06355551  0.13530663  2.10034027]
[ 1.0551091   0.12122881  0.74861485 -0.61084015]
[-1.04906491  1.24546025  0.56419465 -1.37115716]
[-1.09746077  2.40418225 -1.75143712 -0.69673169]
[-1.04474915  1.92635282 -0.46029264 -1.30917706]
[-1.09992167 -0.86420649  0.90219268 -0.75129923]
[-1.06773812 -0.56721055  1.18210007 -0.14190048]
[ 0.83514712  0.79403099  1.1821559  -2.00356076]
[ 0.38115605 -0.87945063  0.24732579  2.1522359 ]
[ 1.05342284 -0.34912865 -0.11153678 -0.12406466]
[ 0.74852977 -0.50752176  0.44469741  1.64424068]
[-1.08973991 -1.48398788 -1.53602312 -0.24856296]
[ 0.93614307 -0.16581358 -0.2935643  -1.67716952]
[ 1.0505662   1.56344342  0.3891992   0.28266515]
[-0.6480965  -0.87346149  0.74998353  1.62098609]
[-1.10581809  1.85665309 -0.75173062 -0.54755465]
[-1.1011462  -1.18959786 -0.32440348 -1.22208111]
[-1.09294336 -1.32654659 -0.25584175 -0.41372057]
[ 0.99788791 -0.31532852 -0.92464471 -1.22388747]
[ 0.76498153 -0.97510221 -1.20357093  1.48385836]
[-1.02825979  1.94438744 -1.5839344   0.80264449]
[-1.01529535  0.53041866  1.30371582 -1.74650081]
[-1.07777142  1.26749258 -0.09483177  0.13742151]
[-1.04620397  0.90432609  0.3089288   0.37397278]
[ 1.0281998  -0.6124646  -1.44146661  0.12667201]
[ 0.96916903  0.08345374  0.81741157  0.9005936 ]
[ 1.05352984 -0.10743806  0.52999346  0.02365668]
[-1.04255276 -1.22820263  0.34939762  0.07574637]
[-0.91575527 -1.2762678   0.34352217  0.76731856]
[-1.10326781 -1.46461687 -2.48740755 -0.34408078]
[ 1.04815297 -0.38513418 -0.64481756 -0.56166431]
[ 0.96888258 -0.52017196 -0.03510314  0.79134682]
[-1.08018653 -1.04355903  0.6839401  -0.29996322]
[ 0.9297375  -0.31643333 -1.84299565 -1.6054419 ]
[-1.02028932 -1.41676516 -0.2579275   0.25637832]
[-1.09256179  0.28768411  1.25231872 -0.97396805]
[ 0.34206406  0.30939728  0.61114985  2.31966874]
[-0.99462045  1.55715927 -0.86622998  0.88622184]
[ 0.68656817 -0.04127055  0.7784854   1.84942372]
[-0.86747126  2.02536601 -2.06935624  1.57087114]

Populations

0.0351793480173
0.42563151637
0.259468392562
0.27972074305

State labels

0
1
2
3
