Cluster centers 

[-1.00040554  1.1157692   0.15791832 -0.03189847]
[ 1.14090014  0.67835673  1.07306113 -0.64573746]
[ 1.13837359 -0.40328783 -0.46258349 -0.3234246 ]
[-1.01987445 -1.26017166 -0.33498126 -0.83173264]
[ 0.7083099   1.45281288 -0.40981983  2.19411142]
[-0.8978091  -1.00762664  0.68554939  0.57719694]
[-1.00056399 -1.32105693 -0.22357455 -0.2753547 ]
[-1.00341944 -0.12819254  1.348403   -0.88044775]
[ 0.69690706 -0.18789895  0.62950032  2.04884932]
[-1.00311757  1.86557865 -1.18305328  0.09656764]
[-0.87748758 -1.41531915 -4.3809314   0.37160897]
[ 1.01168223 -0.32704048 -2.66669966 -1.76093073]
[ 1.13634959  0.17564154  0.83811137  0.18887301]
[-0.50501475 -0.38131155  0.8190812   1.93292316]
[-0.91458458 -1.34561694 -0.10189164  0.43209762]
[-0.99830784 -1.46029175 -1.31187267 -0.25759387]
[-1.01121185  1.67387096 -0.45769491 -0.6246027 ]
[-0.87657605  0.43758982  0.64148193  0.8864343 ]
[ 1.08115302  1.60076084  0.10262885  0.90346098]
[-0.46216055  1.52232586 -1.24323282  2.21913423]
[-1.00960736 -1.09704651  0.4569658  -0.5236674 ]
[ 1.14213716 -0.05793437  0.47794749 -0.64643874]
[-1.00727815  0.60764168  0.87335864 -0.37061673]
[ 1.01611073 -0.56058491 -0.16850991  0.95765336]
[ 1.12926235 -0.50220302 -1.77052453 -0.58690584]
[-0.97929512  1.11756051  0.62165305 -1.17662721]
[ 1.12437833 -0.35104982 -0.65340995 -0.91718594]
[-0.82607247  1.9371348  -1.89542807  1.36126317]
[ 0.95689628  2.41976934 -1.61783613  1.62138349]
[ 0.32779185 -1.08877304 -0.3561603   2.22230392]
[ 1.07877391  0.03983307  0.58203017 -1.39289879]
[  0.90258042   3.06070881 -14.92454787   1.20046795]
[ 1.06131859  2.35611268 -0.2173419  -0.95522721]
[-0.95586278  1.0606594   0.03959285  0.47932202]
[ 1.13054262  0.95204596  0.8131927   0.40472684]
[-0.96430922 -0.79533771  0.79361693 -1.61255716]
[-0.95562004 -0.5030905   1.12499879  0.23864339]
[-0.94147269 -1.5538699  -1.97228863  0.2675911 ]
[-0.7929033  -1.523378   -0.86963311  0.98041617]
[-1.01405212  1.91459668 -0.93900572 -0.56638123]
[-1.02163126  2.34766275 -2.17057232 -0.07108696]
[-1.00845574  0.96959653  0.51504265 -0.45776267]
[ 0.95581695 -0.14736648  0.61801341  1.34661326]
[-0.58612517  0.43561663  0.39287966  1.88062065]
[ 1.06943609 -0.29866859 -0.7509004  -1.49072424]
[ 0.95387681  1.72917867 -0.42427844  1.60878729]
[-0.9931373   1.54361695 -0.60265101  0.1626953 ]
[ 1.01521636  0.87449867  1.17403185 -1.63979857]
[ 0.61247234 -1.0947417  -1.18462649  1.92006077]
[ 0.9495048  -0.28810586 -1.26928408 -2.11887991]
[-0.73976307 -1.61663269 -2.57443087  1.09604395]
[-0.86143854  0.78099822  0.23169102  1.01783397]
[-1.01068216 -0.86778868  0.87251043 -0.76384293]
[ 1.12886771 -0.43729743 -1.17404774 -0.76607844]
[ 1.14313932 -0.27708818  0.04431619 -0.29608748]
[ 1.10861559 -0.34890178  0.0979106   0.36725811]
[-0.89890286 -0.18893227  1.05881912  0.67801484]
[-1.00384409  1.29834607 -0.08364365 -0.09505563]
[-0.9848955   0.24035774  1.04120443  0.00736573]
[-0.98130221 -0.930554    0.82756157 -0.05693185]
[-0.63213613 -1.27778191  0.10686829  1.46626371]
[ 1.14749814 -0.00643115  0.62751741 -0.21249455]
[ 0.90048066  0.67556519  0.61997384  1.66995655]
[ 1.07752082 -0.36856746 -1.44583188 -1.41551483]
[ 1.08673613  0.26866362  0.86813061  0.74129782]
[ 0.8154957  -0.75103837 -0.22209667  1.64409173]
[-0.88229833 -1.55325673 -1.34976675  0.57859478]
[-0.03662424  2.48787866 -1.45751942 -0.66897332]
[ 1.00784952 -0.70960407 -0.84985229  0.87947095]
[-0.96830794  2.00127381 -1.69920262  0.55759789]
[-0.9050135   1.68164629  0.08818219 -1.69656518]
[-0.94313224  2.47128847 -2.95013932  0.78482925]
[ 1.12253153 -0.21150479 -0.01003331 -0.96911135]
[-0.28734198  0.42155645  0.33326431  2.38763044]
[-0.99328763 -1.39889088 -0.66002935 -0.21336219]
[ 0.40234163 -0.77465746  0.27579183  2.26980921]
[ 1.15184749  0.87121586  0.95195363 -0.17889071]
[-0.90716757  1.49939609 -0.82489316  0.88666106]
[-1.01649029 -1.45012618 -2.57774781 -0.45121344]
[-1.02711496  2.57944774 -2.76760413 -0.06750892]
[-0.98895663 -1.13525711 -0.32685024 -1.55398206]
[-1.00657234  0.43803818  1.10695618 -0.68584234]
[-0.76822096 -0.96188406  0.67221931  1.14825633]
[ 0.61275296  0.78176381  0.28859355  2.31723846]
[-1.0004357  -0.46176825  1.22305384 -0.32745192]
[-0.89133514  1.11988828 -0.203218    0.91952192]
[-0.79358259 -0.10145323  0.92417117  1.19946247]
[-1.00377923  1.46375485 -0.02447082 -0.79947288]
[-0.93762368  0.50577083  1.28884978 -1.55321385]
[-0.9905559  -1.26545811  0.03626443 -0.16967565]
[-0.97462858  0.80255361  0.45532591  0.25480786]
[ 1.03989121  0.53452709  0.81759374  1.08550653]
[ 1.0217666  -0.37630807  0.28408721  0.99297326]
[-0.72008346  1.09781118 -0.39612135  1.63050235]
[-0.94971918  2.12421243 -0.85724401 -1.41454796]
[ 0.96256505 -0.12216455  0.01030857 -2.04026788]
[ 1.07527721 -0.10134116  0.61865477  0.73886372]
[-1.02315353  2.23059201 -1.71795325 -0.37911172]
[ 1.05956458  1.0801881   0.5657365   1.03151684]
[ 1.13229613 -0.49546781 -0.92759483 -0.22363717]

Populations

0.00117140791034
0.43493158445
0.286067571078
0.277829436562

State labels

0
1
2
3
