Cluster centers 

[ 1.75941713  0.22108642  0.50347853  0.72618849]
[-0.58824653 -1.39822631  0.4429834  -0.58339091]
[-0.59729578  0.93609107  0.67371389 -0.22999572]
[-0.63523838  0.2342565   0.29010982  1.04180038]
[-0.62982618  1.3430267   0.05377699 -0.91843435]
[ 1.80138476 -0.42184736 -1.30099448 -0.47058877]
[-0.65408647 -1.66827691 -0.97772184 -2.62707052]
[ 0.38534623 -0.82536777  2.53843255 -0.26206776]
[-0.59287433  1.25366308 -0.86674862  0.04083678]
[ 1.56169859 -0.47682943  1.11333087 -0.33550427]
[-0.62999187 -1.29915173 -1.22471321 -0.29055745]
[ 1.79463273  1.65313616 -1.11052986  0.79837787]
[-0.6051159  -0.6965682  -0.81199152  1.23651195]
[-0.52260296 -0.47479711  1.36907353  0.7831579 ]
[ 1.80896581  0.22330261 -0.89109823  1.03391322]
[-0.60530192 -1.17308592  0.53708763  0.14196756]
[ 1.3913028   1.11458293  1.96221798 -0.33431874]
[-0.63099678  1.67720285 -0.65620759 -1.53034448]
[-0.5127405   1.33623033  0.99440666 -1.51288788]
[-0.45356304  0.25851363  1.66296175  0.38537463]
[-0.46365093 -1.61462855  0.72776356 -1.75025092]
[ 1.66481403 -0.64754175 -3.32566817 -2.96221783]
[ 0.8707635  -0.99008927  2.21670323 -1.06591424]
[-0.44594853  0.75807925 -1.49640128  1.44665723]
[-0.62388967  0.49392813 -0.27372089  1.07588088]
[-0.62754298  2.15308273 -1.08191005 -3.5867356 ]
[-0.45377508 -0.82409235  1.54384105  0.45569264]
[-0.64123829 -0.50719572 -0.0418025   1.26667987]
[ 1.79938602 -0.17623192 -0.24750818  0.27933867]
[ 1.75874028  0.2027749  -1.45788972  1.20681283]
[-0.59172301  1.35930764  0.51196595 -1.28598458]
[-0.62284668 -0.98536381 -0.86177454  0.72210117]
[ 1.4820963  -0.00900012  1.68725424  0.28454531]
[-0.52230634  1.60559217 -1.53054337 -0.44613683]
[ 1.7957769  -0.67256711 -1.13939953 -1.77043328]
[ 1.78830046 -0.53700114 -0.61014892 -0.86060224]
[ 1.6957714   0.9588347   1.01883047  0.46148136]
[ 1.66968831  1.99328015 -1.96019315  0.60470421]
[ 1.75038246 -0.46209603 -0.00586153 -0.45101168]
[ 1.20662311  1.07768109 -2.81914381  2.139054  ]
[-0.63321929  0.7256046  -0.08361833  0.63749294]
[ 1.72972713  1.64312872  0.65094754 -0.37088115]
[-0.56820147  0.35364736  1.10158664  0.54519301]
[-0.47877498 -1.26320812 -2.47413395 -0.70093928]
[-0.57815825  0.55991097 -0.7863272   1.28279078]
[-0.5952042  -0.06249386 -0.66226392  1.60367446]
[-0.6280783  -0.96095508  0.40255718  0.60880568]
[-0.65752673 -1.48684967 -0.58269147 -1.00884833]
[ 1.81086038 -0.20764178 -0.86777931  0.23265159]
[-0.64879478 -1.15286479 -0.15562143  0.27602752]
[-0.37250902  0.97225287  1.70081271 -0.86909917]
[ 1.67985146 -0.17943957  0.7982489   0.21153217]
[ 1.3047174  -0.39167819  1.9575634  -0.11215929]
[ 1.6487996  -0.17853502 -2.35797831  0.49662747]
[-0.47162018  1.20250988 -1.53260403  0.6871741 ]
[-0.44169731 -0.60816865 -1.81478917  1.45554343]
[ 1.80726113  0.22678256 -0.05160728  0.85228605]
[-0.6203863   1.34582203 -0.620064   -0.4141526 ]
[-0.54049813  1.64506616  0.47697508 -2.27741335]
[-0.57424692 -1.14510295  0.78915435  0.1374089 ]
[-0.64555997 -0.83152664 -0.10360936  0.93134973]
[-0.57499788 -1.73557686 -0.13636831 -2.92107723]
[-0.6276873   1.95412939 -1.0203145  -2.44145674]
[-0.65818871 -1.53494034 -0.99000134 -1.44263003]
[ 1.79032482  0.39380013 -1.116788    1.29945174]
[-0.62959038  0.73551404  0.33525749  0.37508696]
[ 1.66919298 -0.56147491 -2.7270111  -1.42673595]
[-0.63669381 -1.41057836 -0.08974169 -0.60262637]
[-0.49103757 -0.9899684  -1.90766822  0.62356309]
[ 0.55674999  1.55550151  2.08311455 -1.98222139]
[-0.6456321  -1.22213446 -0.76599175  0.07199438]
[-0.61705746  0.26063294  0.67760497  0.84343126]
[ -2.15001939e-01  -1.72330306e+00  -1.23617951e-03  -6.83215672e+00]
[-0.33344367 -1.26073201  1.62926162 -0.49451116]
[ 1.77225275 -0.50565513 -1.88805546 -0.94524605]
[-0.63326068  1.36748152 -0.33400848 -0.70351413]
[ 1.64913204  0.36670945  1.18923569  0.56489441]
[ 1.6534041  -0.70437615  0.36992741 -1.21832798]
[ 1.77346656 -0.19468746 -1.57735211  0.35675407]
[-0.11923163 -1.5554218   1.63456813 -1.86603645]
[-0.61257607  0.98598173 -0.55921957  0.44838318]
[ 1.82396212  0.83405406 -0.49457388  1.19930923]
[-0.65517703 -1.40709314 -0.84256617 -0.6775285 ]
[-0.63178877 -0.55267465  0.4383643   1.06298865]
[-0.41444568  1.76027338 -2.06298432 -0.44083558]
[-0.60210945  1.20094271  0.50545313 -0.80177727]
[-0.58418198  1.64762829 -1.16874334 -0.93953803]
[ 1.7466166  -0.26214217  0.28519053  0.08103204]
[-0.58651231 -0.11087232  1.00051053  0.93989451]
[-0.6333729   1.07965355 -0.00680366 -0.14403724]
[-0.5712152   0.94204242 -0.91775303  0.78176651]
[-0.54354294 -1.24774491  0.90414053 -0.15001185]
[-0.62875332  1.55199582 -0.09145685 -1.52446254]
[-0.54562705  0.67037003  1.1480754   0.04324904]
[-0.63308164  0.04325023 -0.07164812  1.33928829]
[ 1.80203182  0.90564469  0.2258467   0.86493278]
[-0.5783593  -1.18887181 -1.6174213   0.04927877]
[-0.61812597 -1.56530934 -0.02735587 -1.37670623]
[ 0.8023851   0.04123614  2.64742458  0.1113007 ]
[-0.46831255  0.0035308  -1.38148399  1.86197022]

Populations

0.0232427453803
0.013783109596
0.0147502756913
0.0151476052158
0.0105119859791
0.0211458249432
0.00520872300858
0.00772390054115
0.00965610102663
0.0193002740523
0.0083366826225
0.00129825608914
0.0116303933813
0.00839686960544
0.0124472496383
0.00835771153463
0.00924288756152
0.00972203797517
0.00571489133876
0.00603131335889
0.00744585064839
0.00321045157286
0.00527261701504
0.00475504331167
0.0107591614785
0.00119638135989
0.00794336247257
0.0122257733655
0.0230482420996
0.00460551422979
0.00697128329069
0.0142667106032
0.0162801242888
0.00415264376654
0.00904349700084
0.018215455893
0.0157974230092
0.00325204352301
0.0246168128092
0.000644631469532
0.0122140682467
0.00831204287438
0.00858441423615
0.00119402924911
0.00845943210475
0.0086455274618
0.0128221367178
0.00594394382294
0.0209729112896
0.0179932404948
0.00606385509813
0.0175943509266
0.0117661208127
0.00746229088821
0.00653279432942
0.00269137779545
0.0184357521421
0.00895236612486
0.00535902057277
0.0065687388661
0.0129805341558
0.005384690716
0.00296375105482
0.0060082015988
0.00656288927215
0.0165495719872
0.00786003469771
0.0135103337158
0.00268380733684
0.00408561963647
0.0116701806793
0.00961035597876
0.000287844199191
0.00517402851902
0.0188797387313
0.0131633819015
0.0212320800749
0.00760322563721
0.0138694486994
0.00387694175282
0.008642963081
0.0051306517446
0.007819522608
0.0149259982786
0.00207905600379
0.0115472283878
0.00842120998511
0.0237265951369
0.00880874247812
0.0211318657705
0.00683021846522
0.00516696850401
0.0113601552589
0.0114488000516
0.014684227946
0.015857810353
0.00239480913937
0.0116771491924
0.0072851178019
0.00518397366586

State labels

0
1
2
3
4
5
6
7
8
9
10
11
12
13
14
15
16
17
18
19
20
21
22
23
24
25
26
27
28
29
30
31
32
33
34
35
36
37
38
39
40
41
42
43
44
45
46
47
48
49
50
51
52
53
54
55
56
57
58
59
60
61
62
63
64
65
66
67
68
69
70
71
72
73
74
75
76
77
78
79
80
81
82
83
84
85
86
87
88
89
90
91
92
93
94
95
96
97
98
99
