Cluster centers 

[-0.83353191 -1.20781868  0.62457568  0.38393146]
[ 1.14742959 -0.4111621  -1.42334497 -0.90454754]
[-0.95430223  1.51694272 -0.22559134 -0.74860633]
[ 1.19132335  0.23725253  0.36141445  0.82438726]
[-0.95027832  0.55924296 -0.35225987  0.989214  ]
[-0.96226516 -1.36807496 -0.54097999 -0.36876911]
[ 0.89625171 -0.57152855  1.63782097  0.17883419]
[ 1.20752518 -0.25156228 -0.51106179  0.03720092]
[ 1.00534049  3.40870516 -1.6973307  -3.42102512]
[-0.96011281 -1.71706813 -0.47245229 -2.60356255]
[-0.83388536  0.56552498  0.85676771  0.50244214]
[-0.80153073  1.13453502  1.08916052 -0.60820721]
[ 1.03999936 -0.72891052  1.06638419 -0.4664632 ]
[ 0.9575994   0.09267016 -2.31986627  0.57848296]
[-0.87076771 -1.71131712  0.31633851 -1.56591181]
[-0.94574479 -0.78684914 -1.22129769  0.9000501 ]
[ 0.54698345 -1.29892645  1.96979868 -1.27257256]
[-0.91460023  1.69526143  0.47744025 -1.74543533]
[-0.92574079  0.69906211  0.15477528  0.61802276]
[ 0.80765091  1.34066794  2.10536443 -0.55712614]
[-0.94060364  1.08454929 -0.87239569  0.54235591]
[-0.94463985 -0.32145858 -0.26106242  1.32292397]
[ 1.18873681 -0.47358608  0.05949527 -0.33104736]
[ 1.19484269 -0.66000429 -0.52128729 -1.53347437]
[ 1.16632072  0.29869699 -1.20448113  0.88952393]
[-0.86845806  0.13698401  0.59554697  1.02862615]
[ 1.19407926 -0.36286639 -0.88418219 -0.43605443]
[ 1.19183548  1.96530578  0.26474402 -0.46186174]
[ 1.04968371  1.99455641  1.4756697  -1.39362845]
[ 0.69505238 -0.14533613  2.14172253  0.60710616]
[-0.87222675 -0.12428143 -1.74456529  1.52412357]
[ 1.08860473 -0.38583915  0.9598955   0.22442147]
[ 1.09833335 -0.21864416 -1.76319059 -0.25174889]
[ 1.12754024 -0.68570897 -1.33612731 -2.86511887]
[-0.95359276  1.29083253 -0.30359055 -0.17157973]
[ 1.19328646  1.04402573  0.49386331  0.68462823]
[-0.56617769  1.44966578  1.88497987 -1.78664258]
[ 0.852609    2.57059197 -1.84549862 -0.72615949]
[ 1.14289501  1.53924293 -1.18424315  0.81468328]
[-0.49281453 -0.77346705  1.77938071  0.78623623]
[ 1.02870882 -0.30917323 -2.10124989 -0.7136502 ]
[ 1.21622221  0.16308836 -0.3036897   0.76567347]
[-0.96971035 -1.52633232 -0.66034087 -1.21912978]
[-0.87302919  1.20765711 -1.54631244  0.72375655]
[-0.6095596  -1.73727913  1.30556166 -1.37960571]
[-0.9616743  -1.09015794 -0.70684952  0.4192939 ]
[ 0.74264206 -0.95157294  1.87045884 -0.39184976]
[ 1.098878    1.078105    1.190173    0.37457678]
[-0.54067275  0.70588068  1.88371023 -0.11047597]
[-0.92291219 -1.26075753 -0.01175541  0.17381356]
[ 1.17240684 -0.34553891  0.35807959  0.10705384]
[ 1.06929594 -0.4881803  -1.91843678 -1.69410759]
[ 1.2075459   0.78587437 -0.63698458  1.07585306]
[-0.92775271  0.25687486  0.07984105  1.10321945]
[-0.45238823 -1.38088193  1.75613886 -0.10244949]
[-0.92046486  1.16369965  0.31137922 -0.26555583]
[-0.95334872  2.20011929 -0.03270521 -3.16490212]
[-0.80986172 -1.84839676  0.60978925 -2.48193584]
[-0.95658266 -1.2545412  -1.31914011 -0.44301688]
[-0.83007145  1.88838029  1.08750722 -2.8549436 ]
[ 1.17150416 -0.23345829 -1.19741544 -0.13318798]
[-0.82502691  1.38749471  1.0103036  -1.18867609]
[-0.34133604 -0.07643522  2.1185726   0.70498624]
[ 1.17971681 -0.52387339 -1.06850836 -1.25149079]
[-0.87667549  1.82918255  0.75311226 -2.38464051]
[-0.7574391  -0.40274333  1.09708962  1.03250654]
[ 1.1001479  -0.86575473  0.65335705 -1.32956116]
[-0.91321277  2.00421887 -1.14671896 -1.36791296]
[-0.95656629 -0.75263752 -0.57885731  1.04728799]
[ 1.21544439  0.587002    0.02456104  0.96307545]
[-0.90132869  0.62044991 -1.3876022   1.33133348]
[-0.91568087 -1.57235482  0.03942545 -0.93444416]
[ 1.06884135 -0.06356584 -1.89859432  0.20244657]
[ 1.01840861  0.61472061 -1.9869201   1.25681961]
[ 1.17361368 -0.6541975   0.13763696 -0.89790196]
[-0.82859601 -1.8870043   0.30516544 -4.47254518]
[ 1.20229246 -0.48774014 -0.54752399 -0.72514902]
[-0.9476713   0.97150531 -0.17194593  0.35978988]
[ 1.16461613 -0.10244953  0.53159238  0.53699815]
[-0.88035686 -1.40915391  0.31097152 -0.17811083]
[ 0.99620464  0.02985599  1.46748217  0.66464888]
[-0.77017663 -1.5521901   0.85664702 -0.56817224]
[-0.94632459  0.65025757 -0.82057043  1.09292328]
[-0.73530694 -1.10602527  1.07055612  0.54622184]
[ 0.68247453  0.61818408  2.22098437  0.33317685]
[ 0.3757455  -0.91027901  2.30807087  0.11980933]
[-0.85069501  0.88309739  0.81143087  0.03007457]
[-0.94578459 -0.05743764 -0.90685566  1.44327627]
[-0.92170042 -1.03474284  0.00605914  0.67564572]
[ 1.20842731  0.02563075 -0.64191375  0.55764657]
[-0.92763664  1.52348208  0.30390881 -1.12479102]
[-0.9304655   1.56434757 -0.9947396  -0.31952153]
[-0.85367092 -0.72359464 -2.0364429   0.74923925]
[-0.89224379 -0.32755149  0.35727439  1.2311767 ]
[-0.96022195  1.8972789  -0.27530644 -1.81093315]
[ 1.20666542 -0.10890339 -0.04952924  0.43811336]
[ 1.11887761  0.38101712  0.98808404  0.78178822]
[ 1.20506523 -0.28946696 -0.14130508  0.06550998]
[ 1.17177504 -0.07059954 -1.17831104  0.30393543]
[-0.89471982 -0.77832122  0.27827885  1.02557778]

Populations

0.0115580917303
0.0108148775944
0.0171871635967
0.0147199900673
0.0139697397663
0.0169377425731
0.010028543759
0.015353506613
0.000229375341998
0.00506683592527
0.00978871576471
0.00776023919017
0.00852501890482
0.0027063601419
0.0105496245759
0.00965739187405
0.0039483177516
0.00830441264033
0.0144456249771
0.00783404780627
0.0115210036818
0.018856976028
0.0135308826517
0.0090862643881
0.0119682050877
0.0114518749342
0.0123680135433
0.00552903028384
0.00525340450915
0.00825957425605
0.00555030700319
0.0146884190663
0.00545626900792
0.00679373460755
0.0145134729567
0.0120980206093
0.00374618404984
0.0016714499024
0.00443405429645
0.00474899869
0.00575495963179
0.0136934681131
0.0108626141407
0.0051985203278
0.00631134619345
0.0193176924646
0.00572580720733
0.0126583481348
0.00488838106069
0.0131220796299
0.015197523571
0.0094912490825
0.0105826637267
0.0136609781731
0.00618300177866
0.0188078839656
0.00460207142552
0.00715704425496
0.00972260586651
0.00196712279434
0.0104678592814
0.00865795941924
0.00393059564167
0.0108837534192
0.00411400389767
0.0107862517004
0.00455761296532
0.00782308533293
0.0178311460769
0.0118017770056
0.00579182093428
0.013482466137
0.00609782473274
0.0040814959478
0.00770071772466
0.00131422611401
0.0153066495749
0.0165305121703
0.0138687557883
0.0144175528649
0.0124382725881
0.0109027073246
0.0106211934772
0.00805973225739
0.00670122636313
0.00761072615769
0.0116295495073
0.0156892529743
0.0139055951379
0.0128726532616
0.0143189104817
0.0127773818585
0.00279989755495
0.0124169947261
0.0132563177284
0.0148404630377
0.0173207584176
0.0099578405736
0.0127247853605
0.0138925527916

State labels

0
1
2
3
4
5
6
7
8
9
10
11
12
13
14
15
16
17
18
19
20
21
22
23
24
25
26
27
28
29
30
31
32
33
34
35
36
37
38
39
40
41
42
43
44
45
46
47
48
49
50
51
52
53
54
55
56
57
58
59
60
61
62
63
64
65
66
67
68
69
70
71
72
73
74
75
76
77
78
79
80
81
82
83
84
85
86
87
88
89
90
91
92
93
94
95
96
97
98
99
