Cluster centers 

[-0.79015428 -1.39218457 -0.20577926 -0.41841847]
[-0.73390354  0.40795984  0.63928795  0.79433305]
[ 1.45444355 -0.23935592 -0.2609472   0.15467707]
[-0.57356317  1.4028147   1.32247834 -1.60392133]
[ 0.58177217 -0.87169368  2.33759556 -0.34448341]
[-0.64297499  0.95306456 -1.64823645  1.08772657]
[-0.79683561 -0.90145457 -0.5018054   0.79944355]
[ 1.43870176 -0.73730619 -1.06618244 -1.77956853]
[-0.72743272  1.70123797  0.42799699 -2.23884801]
[ 1.4621704   0.40383275  0.01367878  0.92103078]
[-0.74942239  1.19957749  0.39649051 -0.53496007]
[ 1.27876126  0.26151382 -2.0938822   1.1662775 ]
[-0.74097164 -0.97015609  0.4553513   0.60571181]
[-0.59690246 -1.72839944  0.78064467 -1.94473986]
[-0.76968208  1.58581893 -0.84656774 -0.8889681 ]
[ 1.36785589  1.48793001  0.9709325  -0.082608  ]
[ 1.36620885 -0.25154642 -1.80937735  0.10481708]
[ 1.17160985  1.93131051  1.61615425 -1.67581703]
[ 1.33982011 -0.74365466  0.51959123 -1.07451205]
[-0.78258804  0.54137765 -0.31748927  1.0172709 ]
[ 1.05863512 -0.37572625  1.84517876  0.14026922]
[-0.76821212  1.32565115 -0.80010072 -0.15776933]
[-0.79513894 -1.08075633 -0.89319725  0.42051234]
[-0.40539852 -0.60008885  1.87754914  0.64134936]
[ 1.2640987   2.73406534 -2.20959493 -1.69134624]
[-0.77403323  0.11861519 -0.64131278  1.44178097]
[-0.66621228 -0.135317   -1.66064884  1.60591958]
[-0.69282232 -1.92727338  0.04500657 -4.08097292]
[ 1.45065149 -0.28675571 -0.9555395   0.00595968]
[ 1.46044105  1.16918648  0.18093356  0.69194454]
[-0.73744671  0.9256987   0.56960996  0.01861132]
[-0.80587569 -1.64995588 -0.67045623 -1.74426495]
[ 1.44728686  0.79375556 -0.94327949  1.19105329]
[-0.4932592  -1.56454973  1.27957672 -1.17354861]
[ 1.46479657  1.96134357 -0.13953904 -0.41002354]
[ 1.35124308  0.01358518  0.911251    0.52649564]
[-0.80450668 -1.26383722 -0.70709735 -0.06131785]
[ 1.4387004  -0.49805066 -1.21974569 -0.69662721]
[-0.69883382 -1.41729347  0.58648857 -0.48160387]
[ 0.70544116  0.47213689  2.51682205  0.25115745]
[-0.78291603  1.39239261 -0.28504038 -0.67550006]
[-0.76565111 -0.20562395  0.29297506  1.21855563]
[ 1.3657265  -0.55393172 -1.92347443 -1.02893583]
[ 1.44454241  0.06195505 -1.03964052  0.72316393]
[-0.70118098 -1.22929777  0.65892738  0.05340935]
[ 0.09113479  1.69019516  2.16743123 -2.49137455]
[-0.34294349  0.28695461  2.09151178  0.40744439]
[-0.78534185 -1.75450976 -0.32753191 -2.30802886]
[ 1.23194585 -0.49360322  1.24210183 -0.16827491]
[ 1.3478826  -0.79868408 -2.22654992 -2.85459802]
[-0.77123583 -0.52165891 -0.94337652  1.31999083]
[-0.6119482  -0.88411466 -2.27026289  0.60922701]
[-0.70763961  1.20108073 -1.34956773  0.48667196]
[-0.05775007  1.07913108  2.37828279 -0.88033673]
[ 1.40672591  0.39474941 -1.3735193   1.16087023]
[-0.63533589  0.07547715  1.23442316  0.8396423 ]
[-0.77957078  2.09621657 -0.88461369 -3.1303128 ]
[-0.76806332  1.00248396 -0.74318289  0.52852942]
[ 1.43464579 -0.46799531 -0.09280943 -0.38148127]
[-0.74378285 -1.57613128  0.20413375 -1.11130684]
[ 1.08513323  0.84687376  1.99566359  0.21006875]
[-0.6043947  -0.91844322  1.22943754  0.51828477]
[-0.79061825 -0.39576641 -0.35339878  1.31735662]
[-0.7689394   1.47630477  0.09828475 -1.18436333]
[-0.75534484  0.60981043 -0.89630712  1.18505385]
[-0.77961198  1.14962738 -0.07658    -0.1518998 ]
[-0.51525238  0.87198316  1.6481021  -0.32311992]
[ 1.25826721  1.14238094 -2.03219943  1.43264524]
[-0.65938454 -1.85740432  0.40658612 -2.94278676]
[ 1.38661776  1.87691881  0.8168176  -0.81422393]
[-0.35750899 -1.24822433  1.75928601 -0.29880923]
[ 1.47287202  0.79702075 -0.40497853  1.05263895]
[-0.78294783  0.86173229 -0.20632953  0.50919318]
[-0.78846327 -1.34441325 -1.25703703 -0.49072407]
[-0.71024817 -0.58188513  0.75989788  0.97518849]
[-0.76030139 -1.18624469 -1.50567775 -0.01115635]
[-0.78367115  1.71269886 -0.40512059 -1.69284959]
[ 1.39442271 -0.32190959  0.46384456  0.0464303 ]
[-0.77072282  0.28000466  0.22013116  1.06467366]
[ 0.58509119 -0.32056854  2.47426397  0.31092822]
[ 1.46503136  0.04907498 -0.41764441  0.65324692]
[ 1.18101844  0.19887025  1.66298489  0.55333797]
[-0.67407358  0.95844626  0.99744222 -0.24756932]
[ 1.44940184 -0.57132062 -0.57828197 -0.83875813]
[ 1.06481994  1.46551154  1.97071476 -0.73939691]
[-0.68251549  0.64185993  0.97735103  0.35649319]
[-0.70682003  1.94290493  0.4244584  -3.41030328]
[ 1.41050598  0.59458397  0.6763824   0.80191786]
[-0.78572271 -1.15425278 -0.07795827  0.27542823]
[-0.7550026  -0.82234098 -1.29085375  0.92231192]
[-0.78318583 -0.69159174  0.005187    1.03414062]
[ 1.29697907  1.81198631 -1.7390505   0.53086901]
[-0.65572924  1.59574744 -1.71262174 -0.23572412]
[-0.72773304  1.85308353 -1.35953125 -1.43175078]
[-0.69050556  1.28725379  0.82457542 -1.00366606]
[-0.76592115  0.77838924  0.26857092  0.43164702]
[ 0.77097312 -1.10594604  1.92693125 -1.24896194]
[-0.80876321 -1.52058204 -0.69940099 -1.04672176]
[ 1.4347187   0.06973681  0.28535766  0.62526532]
[ 1.32696272  0.86087578  1.20792431  0.54054621]

Populations

0.015218993138
0.00856715441844
0.023013750729
0.0041018319722
0.00789773729519
0.00382269251595
0.0129812373847
0.0130853959012
0.00596528998968
0.0150928651455
0.0104905809049
0.003784267089
0.0119034731175
0.0061342204525
0.00768842180662
0.00869605233352
0.0183902030208
0.00310868847165
0.0134744877778
0.0124842276102
0.012644482644
0.0104647377004
0.00906616238912
0.00545894484801
0.00125866377994
0.013059658652
0.00590500882199
0.00120625621334
0.0302787790228
0.0104885388846
0.00824182650862
0.00497987678104
0.00810175227747
0.00557072148695
0.00177904960027
0.0225310030688
0.00820621059428
0.0252827000674
0.0120944588229
0.00614035585429
0.0129460476155
0.0134954698483
0.0188085238647
0.0191111610562
0.0104359860587
0.000957549066407
0.00338774872393
0.00491922073171
0.016742266989
0.00715412699057
0.00834790065378
0.00110951604896
0.00502538890403
0.00175272427902
0.00644587176758
0.00948185899888
0.00287966358896
0.00886435224252
0.0242265104022
0.0123804075886
0.00750183053322
0.00678912618604
0.0134897824431
0.0137903066635
0.00930945277068
0.015153092758
0.00464835760115
0.0030432991371
0.00296725034177
0.00323895620405
0.00603820472455
0.00966717860149
0.0114047043506
0.00522818868333
0.0108803898707
0.00348899284964
0.0119155535614
0.0273392023874
0.0129925116727
0.00693197196916
0.021845046073
0.0148213637235
0.00572630778967
0.0227900598512
0.00738473344996
0.00645573737037
0.00208247521375
0.019546513268
0.0149847197825
0.00439530662273
0.0130312422926
0.00324512855325
0.00392967344958
0.00505165077544
0.00817239404257
0.0102302850798
0.00574873155167
0.00893630596649
0.0225073635184
0.0161635538037

State labels

0
1
2
3
4
5
6
7
8
9
10
11
12
13
14
15
16
17
18
19
20
21
22
23
24
25
26
27
28
29
30
31
32
33
34
35
36
37
38
39
40
41
42
43
44
45
46
47
48
49
50
51
52
53
54
55
56
57
58
59
60
61
62
63
64
65
66
67
68
69
70
71
72
73
74
75
76
77
78
79
80
81
82
83
84
85
86
87
88
89
90
91
92
93
94
95
96
97
98
99
