Cluster centers 

[-0.99907336 -0.89963321  0.89798547  0.00231815]
[ 1.00824376  0.04280832  0.74997364  1.0219024 ]
[-1.00739455  2.28024875 -1.22018004 -1.15738587]
[ 1.0409733  -0.36053573 -2.52880221 -1.3450912 ]
[-0.99988334 -1.49246686 -2.93597851 -0.01571049]
[ 1.04196791  0.09924333  0.67690566 -1.41224678]
[-0.92268358  0.69059339  0.37506147  0.84145327]
[ 0.2998868  -0.9300928   0.09535956  2.27620269]
[-1.0341275   1.06301277  0.58222811 -0.7915309 ]
[ 1.07768079 -0.45023296 -0.1888168   0.34343602]
[ 0.88821829  2.19446874 -1.27936993  1.6847523 ]
[-0.93947334 -0.39340059  1.2871283  -1.89146389]
[ 0.86242619  3.0874902  -1.17062551 -1.59602263]
[-1.00354402 -1.38684912 -0.43853524 -0.07567788]
[-0.8258817   1.98813058 -2.04751024  1.43200778]
[ 0.63913511  0.82435981  0.24317949  2.18336965]
[ 1.09120466  0.90923687  0.80685784  0.54350213]
[ 0.7930802  -0.9920918  -1.52956164  1.48644333]
[ 1.06723599 -0.59162437 -0.8809695   0.32949279]
[ 0.83358572 -0.06448259 -4.28982989 -2.48835418]
[-0.95246335  0.32103858  0.81619648  0.58901182]
[ 1.01823404 -0.25968394 -0.72521295 -1.59853736]
[-0.96334184  1.55094302 -0.84889975  0.723428  ]
[-1.03153458 -0.14903434  1.35985815 -0.78015642]
[ 1.10368731  0.16070305  0.82332115  0.26485642]
[ 0.6323273   0.10953122  0.65053581  2.0965599 ]
[-1.02146119 -1.03643694  0.28162679 -1.34829281]
[-0.89191452 -0.84468455  0.89808806  0.73667305]
[-0.73669436 -1.62245758 -1.73516432  1.1611216 ]
[ 1.11118139 -0.21227569  0.09647111 -0.61913272]
[-0.48731911 -0.47320468 -7.32401735  1.41929484]
[-1.03696436  0.57269262  0.97011244 -0.49294242]
[ 1.11844186 -0.02880662  0.59694579 -0.22246615]
[-1.00963862  0.63240622  1.14425056 -1.14817524]
[-0.91279934 -1.53186966 -1.07355553  0.50411185]
[-1.04049873 -1.38348668 -0.97220147 -0.56619714]
[-0.97717361  1.27138542  0.62586506 -1.43266684]
[ 0.85643781  0.30968461  1.01514446 -2.18412914]
[-0.94859864 -0.23621526  1.10319093  0.52639949]
[-1.04168512  1.23009043  0.15797999 -0.34014095]
[ 0.91360904 -0.31129232  0.46561404  1.36519927]
[ 1.05503227 -0.15790029  0.00669111 -1.32631735]
[-0.81770767 -0.22999241  0.92872834  1.17662601]
[ 1.09861389 -0.46405094 -1.59150125 -0.67222114]
[ 1.02916423  1.41101401  0.23184847  1.05976411]
[-0.82049715 -1.59892046 -2.91217648  0.8409702 ]
[-1.0351223  -1.10849876  0.43737224 -0.54326453]
[ 1.10269386  0.56609141  1.09981373 -0.7556612 ]
[ 0.71378423  1.46811777 -0.44479017  2.1210841 ]
[-0.75440653  0.75771964  0.06389283  1.5382559 ]
[-1.05040425  2.06085442 -1.37164971 -0.20238813]
[ 1.10667977 -0.33993393 -0.42524471 -0.64076208]
[-1.03036332  1.51236474  0.01939645 -0.89908861]
[-0.89310871 -1.25145922  0.28610392  0.67712653]
[ 0.93190006  0.6484709   0.64826201  1.46810583]
[-0.96519404 -1.13238071  0.53810793  0.26238923]
[ 0.87245876 -0.78831405 -0.57849408  1.34410934]
[ 1.04808512  1.82348606 -0.20627252  0.9277982 ]
[ 0.91653863 -0.25236486 -1.39324482 -2.13329127]
[-1.03596756 -1.20605228 -0.63873581 -1.34663583]
[ 1.08684186 -0.31838498  0.17921163  0.31688415]
[-1.03682841 -0.82761105  0.95989526 -0.71089587]
[-1.0320442   0.81817505  0.59787819 -0.14789482]
[ -1.04163845e+00   2.45036912e+00  -2.38228207e+00   2.07556066e-03]
[-1.02194316  1.27812346 -0.13879845  0.15145188]
[-0.95125217  1.15476099 -0.20352513  0.74459576]
[-0.92463077 -1.57605388 -1.99206398  0.44165661]
[ 0.40519549 -1.15107787 -0.71437619  2.08323052]
[ 1.05131597  2.15647002  0.12462121 -0.87788125]
[ 1.00446988  1.25701452  1.16833342 -1.40940129]
[-0.99302249 -1.28143446  0.08310272  0.02142068]
[ 0.64866807 -0.58376156  0.32704053  1.97314989]
[-0.69968187  1.30360911 -0.79125238  1.73050319]
[-0.75936187 -1.23796587  0.29597892  1.20046553]
[  1.11706718e+00   1.38070963e+00   6.71741410e-01  -1.06722365e-03]
[-1.02179674 -0.79732497  0.89368323 -1.30105555]
[-1.04187259 -1.43649537 -2.17576123 -0.51955287]
[ 1.09033176 -0.34538111 -0.78848293 -0.97503219]
[-1.04365686 -1.27839099 -0.30168391 -0.69510643]
[ 1.11199533 -0.30267153  0.01280698 -0.14047591]
[ 1.12172079  0.49971006  1.00560238 -0.14500281]
[-1.00201894  1.92047846 -1.46874464  0.50976327]
[-1.01011231 -0.45162132  1.21018761 -0.07855244]
[-1.0145408   0.23847734  1.04542266  0.00755239]
[-0.53790993 -0.64716601  0.7466347   1.83322246]
[ 1.10406868 -0.0125099   0.5438574  -0.80639732]
[-1.04034844  1.76792253 -0.48935139 -0.74615278]
[-0.50422097  0.39791515  0.33965905  2.06786672]
[ 0.96216951 -0.57592004 -0.1018476   1.07643854]
[ 1.10579293 -0.47600866 -1.01755595 -0.35072334]
[-1.00974121 -1.4786866  -1.32714646 -0.13003878]
[ 1.05994622 -0.20992081  0.47034683  0.62358355]
[-0.91357903  2.07311437 -0.41733828 -1.73157756]
[-1.04101889  1.67500516 -0.67877343 -0.09421449]
[-0.88910448 -1.44254575 -0.38922053  0.6404265 ]
[-1.00274374  0.83933095  0.40356739  0.28308274]
[ 1.04697092  0.49472741  0.8483528   0.87543441]
[ 1.03875225 -0.33406107 -1.48819952 -1.47185976]
[-0.17985368 -1.50640787 -1.55123857  1.94101638]
[-0.51839527 -1.35532235 -0.12079614  1.73228753]

Populations

0.0141716531171
0.0119619851291
0.00524908532038
0.00711748483365
0.00423550339965
0.0123326673815
0.00943374438867
0.00687294386484
0.00985310534147
0.0130835099654
0.00434684481273
0.00640527632171
0.000925175956815
0.0164454014414
0.00557119401043
0.00472880948599
0.00965488785274
0.00267846775959
0.0111867059245
0.000811114474765
0.0110826417156
0.0126344230432
0.0135012986796
0.0211783958475
0.0168164610138
0.00746696884469
0.00884186439764
0.0116265378289
0.00549558448552
0.0156576443412
0.000943589567383
0.013645251374
0.0203581684835
0.0111938388951
0.0117463137883
0.0119044265915
0.00524732637848
0.00499392019691
0.0116829757805
0.0134466810877
0.0123626900968
0.0184274830893
0.00887567328145
0.00924335554719
0.00741974499165
0.00366069260001
0.0182674972579
0.0107119038107
0.00561249874305
0.00458512191895
0.0127594645726
0.0181691623761
0.00942550601638
0.0093467490346
0.00996642991007
0.0113275288083
0.00704598443844
0.00432299261319
0.00577184253403
0.00630743806847
0.0139247753899
0.0164759821991
0.012779964923
0.00830649012985
0.0166188973661
0.0126531840991
0.00794574046538
0.005570560341
0.00292987793427
0.00416265005821
0.0140422487392
0.00901250868903
0.0050625588231
0.00661089728704
0.00550802910707
0.00904374715392
0.00564943516413
0.0150199910325
0.0135493168702
0.016791684304
0.0128103345775
0.0106493706045
0.0183843930686
0.0171989105391
0.00521407726066
0.0157676177612
0.0110999505669
0.00280163964194
0.0103351336873
0.0121869541277
0.0107543381237
0.0150427129617
0.00321258107262
0.017141839797
0.0136331745656
0.0137658696766
0.010339016397
0.00944949708376
0.00204271428064
0.00637170129706

State labels

0
1
2
3
4
5
6
7
8
9
10
11
12
13
14
15
16
17
18
19
20
21
22
23
24
25
26
27
28
29
30
31
32
33
34
35
36
37
38
39
40
41
42
43
44
45
46
47
48
49
50
51
52
53
54
55
56
57
58
59
60
61
62
63
64
65
66
67
68
69
70
71
72
73
74
75
76
77
78
79
80
81
82
83
84
85
86
87
88
89
90
91
92
93
94
95
96
97
98
99
