Cluster centers 

[ 1.14562439  0.94208097  0.84605749  0.30115935]
[-0.91950246 -0.68707389  1.01624783  0.46183297]
[-0.98713776  1.79035214 -1.06071396  0.16264893]
[ 1.1308151  -0.38284957 -0.89998822 -0.94038022]
[ 1.04313218 -0.24038535  0.45281052  0.95728106]
[-0.87300751 -1.38707306 -0.24416972  0.63012649]
[-0.99069175  1.74594179 -0.41123093 -0.91897283]
[ 0.83437409 -0.13687872  0.62683125  1.74624098]
[-0.99996315  0.75980024  0.72400249 -0.34661971]
[-0.75875626 -1.60052142 -2.59328523  0.97505273]
[ 1.15258629 -0.0816512   0.53226981 -0.12630825]
[-0.98259676 -0.92149443  0.63916221 -1.4091274 ]
[-0.99593557  2.55697098 -2.86251397  0.22339425]
[-1.00851636 -1.28654427 -0.3252635  -0.63232043]
[ 0.89716409 -0.8979318  -1.41364426  1.29257027]
[ 1.14716436 -0.12893554  0.33178463 -0.71053602]
[ 1.13246129  1.9121826   0.3752997  -0.67922045]
[ 0.90306756  3.72743569 -2.60840996 -1.85084095]
[ 0.9726943  -0.20563929 -3.75955593 -2.09351151]
[-0.46725323 -0.37593921  0.68937249  2.01173564]
[-0.98690631 -0.67984887  1.1118233  -1.22046948]
[-0.84773044  2.10968383 -2.24113317  1.19593626]
[ 1.13741741 -0.47236822 -1.37400148 -0.63936658]
[-0.98160318  1.28697562 -0.18078574  0.17950112]
[-0.9827666  -1.04525188  0.6227439  -0.15282902]
[-0.9502305   1.35739748  0.42386083 -1.34494421]
[-0.7176477  -0.89514195  0.75296993  1.32211761]
[ 0.91288687  1.85008766 -0.75822942  1.73577558]
[-0.98101532 -1.43534478 -0.93845941 -0.13035233]
[ 1.13728231 -0.28886908 -0.27180469 -0.87520523]
[ 1.02182897 -0.32540242 -1.7549459  -1.86209072]
[ 0.94803119  1.07388354  1.29559861 -1.97497166]
[-0.91704939  0.57671765  0.56628943  0.64678041]
[ 0.70033308 -0.87515057 -0.37836482  1.86536118]
[ 1.09410356 -0.39636006  0.05383544  0.54549414]
[ 1.09284164  0.92315563  1.11661115 -1.24067473]
[-0.59481286  0.49615927  0.32670785  1.78142477]
[ 1.12983932 -0.48019637 -2.04494889 -0.77606389]
[-1.00477689  1.62006404 -0.56251241 -0.20364384]
[-1.01213568 -1.42946059 -2.55437857 -0.52874197]
[ 1.0232067   0.43919936  0.77526593  1.19374507]
[ 1.0837569   1.4219372   0.25393292  0.93470405]
[-0.74001744 -0.20819897  0.88209438  1.3677938 ]
[-0.98075889 -0.6568742   1.10865812 -0.10776779]
[-0.78621554  0.14927605  1.65157933 -2.33756643]
[-0.810818   -1.21294913  0.31993379  0.92552512]
[ 1.13103585 -0.46253929 -0.43492912  0.10598002]
[ 0.8089606   3.11244103 -1.0350501  -2.19834117]
[ 1.12491875  2.51167918 -0.49730971 -0.662293  ]
[ 0.95550286 -0.7302352  -0.60952234  1.19589016]
[-0.75639442 -1.56958466 -1.28572903  1.06997881]
[ 1.15793818  0.8255717   1.06805008 -0.41602146]
[-1.015791   -1.37143744 -1.16416809 -0.74536492]
[-0.999776    2.20696691 -1.78537921 -0.12490509]
[-1.00459575 -1.13270287  0.32875614 -0.593697  ]
[-0.89918498  1.50231565  0.32213492 -1.60790281]
[-0.99588416  0.39649106  1.04037726 -0.32487384]
[ 1.15108239  0.28340809  0.91699645  0.11937475]
[-0.8681761  -1.43446185 -4.08367065  0.38336134]
[ 1.14945616 -0.295035    0.01064747 -0.24711308]
[ 1.07907216 -0.1229422   0.18410619 -1.45589203]
[-1.00116178  1.11516264  0.25223692 -0.24369857]
[-0.89081039  0.97004788  0.01654473  0.86535997]
[-0.69474777 -1.60746448 -1.79562794  1.23272035]
[ 0.34971878 -0.81255754  0.22120428  2.31689257]
[ 0.84193844 -0.58415836  0.11840569  1.61899622]
[ 1.14666497 -0.42741543 -0.6723228  -0.40800958]
[-0.99513275  2.09062206 -1.15271663 -0.76928007]
[-0.905479    1.46930317 -0.75951831  0.83482536]
[ 0.04370182 -1.24495221 -0.58026429  2.09262181]
[-1.00146351 -0.82777967  0.96390633 -0.53192874]
[-0.92085739 -1.13543532  0.47194428  0.3940778 ]
[ 1.09738738  0.07707088  0.70236079 -1.30903776]
[ 0.92437854  0.19354338  0.89808521 -2.17979676]
[ 1.06724025 -0.27982212 -0.64254126 -1.56179805]
[-0.87256048 -1.45068695 -0.53299736  0.62651841]
[-0.94786541  0.12232519  1.00813363  0.34797901]
[-0.98534665 -1.1392829  -0.2742051  -1.48848772]
[-0.94168635 -1.53560289 -1.91491279  0.19606009]
[-0.99624406 -0.14650279  1.3666667  -0.84220763]
[-0.98773669 -0.16433821  1.23599691 -0.16721112]
[  0.910981     3.12468193 -14.89788699   0.93997907]
[-1.00613086 -0.99075712  0.66543071 -0.73847252]
[-0.96668842  0.56780083  1.18626484 -1.20366133]
[ 1.09240314 -0.62008482 -0.95072921  0.4310597 ]
[-0.99038237  1.08750231  0.56601097 -0.88688691]
[-0.97286033  0.96620059  0.25736826  0.23598776]
[ 0.26481626  1.5030346  -0.91576822  2.46365595]
[-0.9961748   1.41283158  0.05824416 -0.76120054]
[ 1.15738867  0.22524122  0.90214323 -0.46194825]
[ 0.77451488  0.722886    0.43071684  2.00610452]
[-0.85367684 -0.37694456  0.99564569  0.8849023 ]
[-0.9877835   0.71355779  0.6465936  -0.01070422]
[-0.70582525  1.08848146 -0.40281583  1.62543657]
[-0.89017303 -1.53389025 -1.28133769  0.50777517]
[-0.80182774 -1.4870191  -0.67444493  0.92717015]
[ 1.11254819 -0.01416585  0.66558957  0.53433789]
[-0.92398555 -0.75352559  0.82495257 -1.87719355]
[-0.96267808 -1.30994899 -0.08621493  0.03812646]
[ 0.9436234  -0.27057647 -1.09544361 -2.19317393]

Populations

0.0117439800958
0.0142172630035
0.0164797184719
0.0144052712621
0.0155849146298
0.0079482485192
0.00959784591422
0.0121235907258
0.00980703240612
0.00485169042815
0.0203817176943
0.0050591340546
0.00376448647626
0.016121244859
0.00307561175567
0.018322874452
0.00327357174296
0.000251974476471
0.00201587531297
0.00363309069703
0.0101042051911
0.00655745924604
0.0109805813167
0.0172022488353
0.0127481452999
0.0044122915303
0.00651805127951
0.00835070938531
0.0173920308183
0.0188080020009
0.00953158196128
0.00258552165215
0.0139501082856
0.00604073665265
0.0205893450431
0.00495876667707
0.00456164840803
0.00707740935287
0.0154428713636
0.00456665391503
0.0192708457696
0.0122295626689
0.00571037548451
0.0138489959545
0.00283852263184
0.0107416967825
0.0126389784417
0.000537857408537
0.00155990670392
0.00713269029249
0.00415552417884
0.00765942748948
0.0116837498663
0.012231000858
0.0137611509355
0.00327801135957
0.0156871649642
0.0162512981317
0.00184702305148
0.0195002646011
0.0143459777381
0.0130090079878
0.011817058397
0.00382647748895
0.00910339972657
0.00931772085199
0.0144445041999
0.0111077644241
0.0152456013742
0.00673969214888
0.0128543237911
0.0141774558066
0.0127527178378
0.00449722025224
0.0138824762538
0.00770512238044
0.0158367848383
0.00819623492152
0.0105777369003
0.0160791422257
0.0154144117365
0.00884910380382
0.0121090473179
0.00870443631486
0.00925442286034
0.0113315749402
0.00259700759436
0.0106755657398
0.0146549806304
0.00999433087037
0.00827343102922
0.0108903051536
0.00607795622434
0.00736108854184
0.00725878786365
0.0180182054528
0.00288624390014
0.0177156824609
0.0048154452523

State labels

0
1
2
3
4
5
6
7
8
9
10
11
12
13
14
15
16
17
18
19
20
21
22
23
24
25
26
27
28
29
30
31
32
33
34
35
36
37
38
39
40
41
42
43
44
45
46
47
48
49
50
51
52
53
54
55
56
57
58
59
60
61
62
63
64
65
66
67
68
69
70
71
72
73
74
75
76
77
78
79
80
82
83
84
85
86
87
88
89
90
91
92
93
94
95
96
97
98
99
