Cluster centers 

[ 1.13182923 -0.41511526 -0.98845957 -0.56678937]
[-0.99824997  0.35729942 -0.49210836  1.30529189]
[ 1.11310553 -0.14743429  0.51956481  0.44041099]
[-0.968275   -1.50288565 -0.08640426 -0.58080175]
[-1.00477215  2.27330168 -0.34888822 -3.33740936]
[-0.93640629  1.38202331  0.54914862 -0.9714475 ]
[-0.85178089 -1.31475304  0.72958806  0.14505977]
[-0.9987513  -0.62691727 -0.90138809  1.25697723]
[ 0.40646153  0.70281432  2.44680914 -0.0910754 ]
[-0.94877393  0.45876336  0.42224705  0.80437206]
[ 1.11574141  0.6276723  -0.9930702   1.16971383]
[-0.04557978 -0.66770834  2.38730528  0.42078927]
[ 1.1134152   1.85265945  0.67246294 -0.56333387]
[ 1.09484953 -0.74347701  0.33393758 -1.03758037]
[ 1.15388996 -0.07857436 -0.12554922  0.48030966]
[ 0.9726564   2.70338414 -1.56864662 -1.0577466 ]
[-0.81478634 -1.8583109   0.58352596 -2.30423657]
[ 1.02014157  1.14417218  1.32445687  0.16448504]
[ 0.85337216 -0.71598956  1.57000226 -0.18547608]
[ 1.13314334 -0.71962552 -0.81290189 -1.9819161 ]
[-1.00127145  1.81547457 -0.79043116 -1.11469417]
[-1.0001101  -1.21316844 -1.32716472 -0.12552395]
[-0.99862521  0.74437941 -0.56696045  0.95714043]
[ 1.13356953  0.90216267  0.5584457   0.75111964]
[-0.8946852   0.74518025  0.81120858  0.22318586]
[-0.69084793 -1.72705446  1.12107883 -1.29726187]
[-0.98210432 -0.11664003 -0.01162138  1.32634018]
[-0.31082586  1.29181696  2.17411377 -1.50251805]
[ 1.05617428 -0.56228946 -1.76639285 -1.80389324]
[-0.98704645  0.93175141  0.00889833  0.35805361]
[ 0.93513023 -0.0405252  -2.16714052  0.39929321]
[ 1.15225431  0.39368202  0.19765385  0.89074675]
[-0.9834925   2.16486673 -1.10536891 -1.96832955]
[ 0.96773995 -0.8095102   1.09528412 -0.69065388]
[ 1.12753057 -0.4019923   0.22563365 -0.07320603]
[-0.83094866 -1.00786459  0.90200015  0.67607097]
[-0.95993798  1.18947953 -1.1838992   0.66597499]
[-0.99174153 -0.02274745 -0.84266776  1.54854172]
[-0.73233937  1.88354487  1.33464245 -3.18058696]
[-0.97294338 -0.89355489 -1.45717735  0.73396132]
[-0.63419483  0.61462598  1.75830661 -0.02798927]
[ 0.86473831  1.24092493 -2.04489165  1.3528407 ]
[-0.99305677  1.32449204 -0.04336362 -0.4059239 ]
[ 0.99885393 -0.32886094  1.19266841  0.30405565]
[ 1.14670477 -0.4775103  -0.3538672  -0.49862259]
[ 1.04890801 -0.4955432   0.85147996 -0.06580335]
[-0.95219296  1.61990392  0.41292362 -1.55530178]
[ 1.09751205  1.87634232 -0.94827669  0.40728719]
[-0.9948047  -1.74042067 -0.55701427 -2.44745056]
[ 0.79044346  0.37700899  1.9837089   0.45715846]
[-1.0050467  -1.00834486 -0.60655333  0.69362997]
[-0.51273391 -1.39434691  1.6868901  -0.2124372 ]
[-0.84741897 -1.5375423   0.6593478  -0.5198618 ]
[-0.91563118 -1.70509574  0.21929071 -1.41899797]
[ 1.15954106  0.26861101 -0.27685123  0.88265466]
[-1.0049302  -1.28832831 -0.55321368  0.00575191]
[-0.7906698   0.13052516  1.25730297  0.76085516]
[ 0.8800425   1.67399762  1.75745357 -1.13237514]
[ 1.03346664  0.59864527  1.23073408  0.64726019]
[ 0.99968162 -0.40632855 -1.99205972 -0.94679177]
[-1.01501383 -1.42166853 -0.85132    -0.64053927]
[-0.96311477 -0.99917779  0.0864779   0.76019023]
[ 1.13307131 -0.24593917 -0.95591066 -0.01408817]
[ 1.14467711  0.02322719 -0.74338154  0.58575847]
[-0.97830443  1.57512386 -1.02915384 -0.24238453]
[-0.97612305  1.92563019  0.19311728 -2.42713546]
[ 1.11278213 -0.50501765 -1.26439151 -1.10023891]
[-0.93610619  0.68839385 -1.36610851  1.40709157]
[-0.90870225 -0.10023496  0.65131847  1.11613045]
[ 1.00553666 -0.63959347 -2.07592082 -2.9741419 ]
[ 0.74693225 -1.23937666  1.4278571  -1.81873428]
[-0.86202799 -1.92750461  0.21626335 -3.75955223]
[ 0.8554047  -0.31402438  1.71020447  0.37286615]
[ 1.01640308  0.023391    1.20640946  0.6045431 ]
[-0.91294818 -0.31902165 -1.68725247  1.52318715]
[ 1.1436694  -0.60874637 -0.53288618 -1.10464804]
[ 0.48896459 -1.22698568  2.00674845 -0.9343882 ]
[-0.95507853 -1.2841027   0.09882851  0.17097033]
[-0.99442686 -0.63595452 -0.28986029  1.21339278]
[ 1.10652408  0.25377804  0.71771268  0.76480054]
[ 1.04853928 -0.28296667 -1.71359431 -0.32654608]
[ 1.01744901  0.37626893 -1.70410363  1.12505643]
[ 1.15652592  0.91345393 -0.37471565  1.04243954]
[-1.00194536  1.57629055 -0.21367028 -0.92520812]
[ 1.14422165  1.45614416  0.40409144  0.30184906]
[-1.00703528 -1.58437303 -0.62381985 -1.30626889]
[ 1.15265888 -0.26865173 -0.39870159  0.06734214]
[-0.78027852  1.13781787  1.30685896 -0.82941328]
[ 0.53915488 -0.50679974  2.24883461  0.31169444]
[-1.00887006  1.89621058 -0.34283858 -1.81069469]
[-0.64043799 -0.56923609  1.62334321  0.79800029]
[-0.80666215  1.62366548  1.198084   -2.14797539]
[-0.92515542 -0.65108062  0.46130249  1.1016634 ]
[ 1.10707831  0.13977358 -1.17123492  0.77606898]
[-0.95386232  1.0887032   0.40598054 -0.18174489]
[-0.99208172  0.6247981  -0.10151525  0.86492124]
[ 0.43590707 -0.99643098  2.19783908 -0.23478187]
[-0.83790686  2.11063806 -1.74814447 -0.96950394]
[ 1.08540039 -0.09169195 -1.39766065  0.31527739]
[-1.00234799  1.20028766 -0.46896772  0.15915131]

Populations

0.0147968578484
0.0123148385357
0.0181329871536
0.0177247797508
0.00313521456904
0.0127777529214
0.0104008043868
0.0112874041136
0.00486678858284
0.0145411731866
0.00803799564777
0.00368375667251
0.00529897336452
0.0092664101391
0.0195405977168
0.00135873428464
0.00774126136659
0.0100462856565
0.00721814364516
0.00672432339911
0.008769211066
0.00866039529297
0.0128344267567
0.010581455663
0.0130237384583
0.00710682364927
0.0183535741892
0.00238587643183
0.0079926702476
0.0156660600465
0.00537395902057
0.0159016596858
0.00461509479525
0.00646953442881
0.0190784185598
0.0120859485722
0.00883706814896
0.0125729866259
0.00191569812947
0.00587646847581
0.00484243347078
0.00316679825174
0.0153697765733
0.00806418752035
0.0179227936837
0.0110806344794
0.0116579257718
0.00388695541213
0.0055626163338
0.00821174949262
0.0185112867385
0.00646521626247
0.0124825743374
0.0110811399927
0.0132729896773
0.0149604567115
0.00869520388292
0.00856897774778
0.0114700745942
0.00777700936907
0.00978366015931
0.0163242340468
0.0161779139056
0.0147027710469
0.0122236283073
0.00638805998222
0.012329057281
0.00714572275657
0.0123881489365
0.00402358603882
0.00190004440107
0.00257811210223
0.007936304778
0.0111189304024
0.00623856818019
0.0118606602428
0.0048918754742
0.0171245788332
0.0179878709053
0.0131040387098
0.0106002224428
0.00392788990999
0.00921355692148
0.0151229921989
0.00651620636405
0.00976949210074
0.0175706663804
0.00777108707113
0.00600274351127
0.00909123102681
0.00725737558845
0.00467623942722
0.0139796209361
0.00930503733932
0.0159244531678
0.0129937186192
0.00614322037598
0.00319692528
0.00975466335061
0.0149079400084

State labels

0
1
2
3
4
5
6
7
8
9
10
11
12
13
14
15
16
17
18
19
20
21
22
23
24
25
26
27
28
29
30
31
32
33
34
35
36
37
38
39
40
41
42
43
44
45
46
47
48
49
50
51
52
53
54
55
56
57
58
59
60
61
62
63
64
65
66
67
68
69
70
71
72
73
74
75
76
77
78
79
80
81
82
83
84
85
86
87
88
89
90
91
92
93
94
95
96
97
98
99
