Cluster centers 

[-0.55562833 -0.94098981  0.90746619  0.55197575]
[-0.62094883  1.36687431 -0.86127673 -0.54779133]
[ 1.68941708  0.35586174  0.75922784  0.72604431]
[-0.62634001 -1.68243404 -0.01157981 -1.3837375 ]
[ 1.68397491 -0.23628517 -2.04901768  0.08945949]
[-0.64797568  1.01795442 -0.28890405  0.12555342]
[-0.61907399 -0.8161994  -1.10218582  0.86541269]
[-0.55312729  0.7915895  -1.25281443  1.10119248]
[-0.47706659  1.36741831  1.20092524 -2.00922605]
[-0.62311851  0.47745144  0.59899911  0.73807128]
[ 1.7243495  -0.51449709  0.07604653 -0.46603128]
[-0.65292653 -1.4999693  -1.22225372 -0.94585291]
[-0.22890081 -1.32338719  1.79376966 -0.42709237]
[ 1.57577854  1.30499515 -2.04302375  1.25821116]
[ 1.42460838  1.70443475  1.67190017 -1.39353936]
[-0.60158602 -1.50656859  0.32393804 -0.70240256]
[ 1.77141599 -0.42773969 -1.31548419 -0.4419526 ]
[-0.64601062  1.58936419 -0.61469871 -1.76556258]
[ 1.78295443 -0.30637303 -0.84469376 -0.0850506 ]
[ 1.12827124  0.32209474  2.38358912  0.40916251]
[-0.61278906 -0.55356211  0.60243051  1.02929552]
[ 1.77037652  0.31099004 -1.06232347  0.93521374]
[-0.64694266  0.05700009 -0.31025052  1.3562039 ]
[-0.41476973  0.75308882  1.69064145 -0.17481319]
[-0.52121795 -2.00519405  0.24119873 -3.24673753]
[-0.60661665 -0.05045263  0.74244807  1.09375558]
[ 1.69422338 -0.89275866 -2.50006855 -2.77171778]
[ 1.47983123 -0.58655618  1.28699436 -0.33785527]
[-0.64640421  1.317911    0.08038752 -1.078662  ]
[ 1.76766036  0.50955845  0.1155758   0.83805073]
[-0.50292066  0.09868786 -1.53502614  1.60554989]
[-0.64830844 -1.27021712 -1.05453068 -0.13462527]
[-0.47821993  1.43311857 -1.74132943 -0.03925699]
[ 1.65210282  2.18777231 -1.89250786 -0.52374798]
[-0.34003064 -1.08694083  1.65516728  0.14300666]
[-0.6057438   1.61157051  0.34085172 -2.84460174]
[ 0.05763616 -1.61066493  1.82766775 -1.65006681]
[ 1.31530374  1.17921424  2.04789385 -0.29533116]
[-0.65984045 -1.24444564 -0.37073891  0.02321706]
[-0.58391228  0.74299214  0.91788718  0.14899166]
[-0.31561872  1.12184339 -2.18313635  1.06290963]
[ 1.75191457 -0.49792702 -1.66470592 -0.69946441]
[-0.65495934 -1.01937416 -0.15613121  0.52543907]
[-0.5974518  -1.25185709 -1.64773965 -0.23494394]
[ 1.59252346 -0.20909262  1.05893827  0.24065647]
[-0.51921365 -1.76327164  0.60204208 -1.71915132]
[ 1.72580273 -0.31809892  0.19795258 -0.00940272]
[-0.64267823  1.16088545  0.19870969 -0.57987963]
[-0.61960878 -0.28114108 -0.86082114  1.40143453]
[-0.52256828 -1.34217981 -2.25874741 -0.78879723]
[-0.64236097  1.47838812  0.07513814 -1.80857207]
[-0.54475352  0.1676124   1.1974647   0.82234858]
[-0.64873311  0.71247903 -0.17016512  0.70514096]
[ 1.77167073 -0.11186619 -0.25051377  0.33079834]
[ 1.70861045  1.62142535  0.68317249 -0.30344019]
[-0.66282005 -1.48981877 -0.54250691 -0.72872962]
[-0.65375653 -1.83023986 -0.57412515 -2.25602049]
[-0.06427859  0.16872461  2.4134886   0.42182467]
[ 1.68965368  1.07321349  0.85695415  0.49551063]
[ 1.52318643  0.50634643  1.53355839  0.58000856]
[-0.63882718 -0.84964415  0.23587669  0.77706506]
[-0.45627598 -1.52939644  1.04913282 -0.83549279]
[-0.53424837  1.6533076  -1.60034045 -1.06288316]
[-0.53162386  1.10917402 -1.40858986  0.60038052]
[-0.47073011 -0.75967738 -2.06009666  0.83678161]
[-0.61051822  1.58363019 -1.07832609 -1.2717237 ]
[-0.58981421  1.02081442  0.81483895 -0.49025066]
[ 1.65976542 -0.45705601  0.58540632 -0.23704929]
[-0.65417636 -0.65136613 -0.38261866  1.06986568]
[ 1.75257932 -0.66672219 -0.40055667 -1.02274184]
[ 1.70044755 -0.68801907 -2.23597235 -1.51904657]
[-0.64669567 -1.36595404 -0.06446171 -0.28356934]
[-0.62217264  0.49924505 -0.68555458  1.20127479]
[ 0.70783228 -0.74169126  2.50321826 -0.08832152]
[ 1.13902572 -1.01464185  1.84851856 -1.03291035]
[-0.38753924 -0.56481795  1.67559305  0.76410717]
[ 1.76295331 -0.11749437 -1.28789445  0.32950836]
[-0.59047112 -1.21938283  0.55217941  0.07875961]
[ 1.78867022  0.96576428 -0.51339477  0.97272722]
[ 1.77504139 -0.7009992  -1.13506286 -1.36845917]
[-0.64934834 -1.06345107 -0.84686107  0.41343563]
[-0.64763267  0.36013394  0.14985441  1.04006504]
[-0.61584862  1.21231868 -0.84729945 -0.04703418]
[ 1.59396399  0.25359254 -2.22349587  1.06737812]
[ 1.32566169 -0.31745574  1.86101751  0.1844691 ]
[-0.64912669 -0.25881013  0.12986906  1.2439777 ]
[ 1.77151054 -0.47195207 -0.49868519 -0.46679875]
[ 1.62223273 -0.79769179  0.53273744 -1.11933858]
[-0.61656623  0.93401347 -0.78144653  0.59792113]
[-0.45599006  0.20723044  1.60689712  0.66555231]
[ 1.70411927 -0.07998938  0.49779504  0.39458193]
[-0.64470749  1.01586018  0.18100722 -0.13292919]
[-0.64065628  0.78081236  0.30875424  0.35702701]
[-0.65007629  1.4343218  -0.42037019 -1.18418632]
[-0.60584572  1.24349841  0.61784    -1.13814008]
[-0.66707514 -1.64147609 -0.76836773 -1.37335796]
[ 1.60527642 -0.54374495 -2.57898667 -0.87241873]
[-0.62944731  1.80648635 -0.96886037 -2.78427602]
[-0.36114513  1.04445272  1.72783818 -0.94676392]
[-0.65039985  1.24935547 -0.29231912 -0.5597717 ]

Populations

0.011274493509
0.00757976807602
0.0174570464909
0.00891469690002
0.00882854181888
0.0140460601411
0.0102255187537
0.00533492657708
0.00612087296906
0.0113706769881
0.0111245734991
0.00452814033105
0.00401346880211
0.00339522538845
0.00550068268789
0.0149335884564
0.0138283410815
0.00848572907082
0.0139629328109
0.00975673553433
0.0123899981209
0.0191147988105
0.0166462501319
0.00592296093679
0.00368790150326
0.0100469612808
0.00476811484375
0.00714389557649
0.0126608321843
0.0257025852709
0.00750035167485
0.00943257771469
0.00454463841807
0.00285369434767
0.00564050754582
0.00426113601568
0.00251560926514
0.00974170814278
0.0128119259192
0.0133858966511
0.00137662028946
0.0118097623613
0.0123344851741
0.00334109253155
0.0142651358042
0.00843109359002
0.0138359132148
0.0120002347032
0.012806012912
0.000607909787192
0.00960999017946
0.00948642870131
0.0139991781993
0.0250062542485
0.00665943366299
0.0129487190429
0.00717499449076
0.00450137758535
0.0148822497384
0.016315622059
0.0121869827738
0.00799759772823
0.00411847445834
0.00623623360766
0.00332193003899
0.00577561489715
0.0116461599113
0.0105582323048
0.0186999516099
0.00991695884779
0.00705505456613
0.0121708031317
0.0150321732807
0.00813227732062
0.00516119686216
0.0072223009932
0.0170633981149
0.0156090637411
0.0105384659099
0.0133130951132
0.0121451267291
0.0153298986906
0.010312665431
0.0028488848913
0.0138288967869
0.015769913064
0.0177962219592
0.006784440387
0.00990027545517
0.00445860931602
0.0185578256716
0.013090621228
0.0126998682523
0.0103181489127
0.00937793542173
0.00538891229347
0.005055830741
0.00411794542836
0.00500678061929
0.0126083609933

State labels

0
1
2
3
4
5
6
7
8
9
10
11
12
13
14
15
16
17
18
19
20
21
22
23
24
25
26
27
28
29
30
31
32
33
34
35
36
37
38
39
40
41
42
43
44
45
46
47
48
49
50
51
52
53
54
55
56
57
58
59
60
61
62
63
64
65
66
67
68
69
70
71
72
73
74
75
76
77
78
79
80
81
82
83
84
85
86
87
88
89
90
91
92
93
94
95
96
97
98
99
