Cluster centers 

[-0.57241954  0.17072666 -1.04981276  1.53594661]
[ 1.79815487 -0.41391987 -1.1954712  -0.40049619]
[-0.63670421 -1.43492175 -0.10530092 -0.55588931]
[-0.61859739  0.6701241   0.60283349  0.42947652]
[-0.59427152  1.65118257 -1.14389713 -1.42665882]
[ 0.72583129  0.46348339  2.70692813  0.15185804]
[ 1.76734307  0.5957412   0.36294502  0.86707525]
[-0.63581686 -0.170868    0.32379596  1.22476749]
[-0.53748832 -1.83878231  0.41968282 -2.21350103]
[-0.64445397  1.28546842 -0.12414317 -0.76708135]
[-0.63652444 -1.02630145 -0.78660702  0.45702982]
[ 1.75947134 -0.53240993 -1.86305713 -0.88140837]
[ 0.09033414 -0.05010399  2.67647314  0.51145668]
[ 1.5966174   0.84102068 -2.12759373  1.37714416]
[-0.42344335 -1.21879445  1.36385714 -0.04325118]
[ 1.70734026  1.42445463  0.80769521  0.01627537]
[ 1.34506415  1.68045259  1.90798081 -1.64467155]
[-0.50428383  1.247486   -1.49974645  0.35924691]
[ -1.62028631e-03  -1.44511675e+00   2.03934046e+00  -9.73572876e-01]
[-0.50207243  1.37528107  1.1311018  -2.00654837]
[-0.63921037  0.62982864 -0.20677574  0.86265681]
[-0.59495956 -1.30398936 -1.53525403 -0.47214821]
[ 1.08419521 -1.09502458  1.95023456 -1.16260343]
[ 1.76487638 -0.14024895  0.12255035  0.32008505]
[-0.51719407 -0.36058345  1.29055967  0.92470465]
[-0.62873079 -1.73154433 -0.20808008 -1.77594301]
[ 1.42456153 -0.53208193  1.54610393 -0.14168408]
[-0.62035172  1.37839467 -0.75169294 -0.61904603]
[-0.63010437 -0.72444835 -0.72353823  0.98945351]
[ 1.73220385 -0.87591582 -2.44450487 -2.84616054]
[ 1.80552961 -0.11097143 -0.84741789  0.34733054]
[ 1.7909505  -0.54706154 -0.52581444 -0.67900347]
[-0.04372536  1.41062745  2.13813745 -2.44013312]
[-0.64564722 -0.5940924  -0.13983709  1.09970318]
[ 1.78649883 -0.81469951 -1.614998   -2.09959388]
[-0.64220166  1.5884686  -0.50913312 -1.76383764]
[-0.37716106 -0.03024136 -2.04349831  1.61660535]
[ 1.64327991  0.68176622  1.14858229  0.65106945]
[-0.65100042 -1.5125747  -0.91994373 -1.02225808]
[-0.63645571  0.9487173  -0.33840035  0.34451179]
[ 1.67535573  0.07672381  0.85668837  0.56645976]
[ 1.63875545 -0.77100305  0.57723568 -1.02000505]
[ 1.62520887  2.17459884 -1.99655392 -0.31716528]
[-0.64399439 -1.24631606 -0.14746894 -0.00961496]
[ 1.57201318 -0.56127616 -2.8800846  -1.04052042]
[ 0.70344752 -0.7578976   2.5669187  -0.06778695]
[-0.56378705  0.3360037   1.08755923  0.71195499]
[ 1.76646902  0.23785011  0.28442709  0.75335698]
[-0.57730828 -1.63553689  0.36403687 -1.23977713]
[ 1.74443357 -0.49051764  0.09960591 -0.38713827]
[ 1.79697962  1.05966733  0.05048239  0.79404453]
[ 1.79950256 -0.68970024 -1.13888069 -1.34750704]
[ 1.80238875  0.97519825 -0.79893325  1.0532858 ]
[-0.38220616 -1.69724581  1.17645038 -1.52986537]
[-0.44837675 -2.03024667  0.45779168 -3.63591808]
[ 1.38001839  1.05044838  1.96738903 -0.07244817]
[-0.39514147  0.95980996  1.68904054 -0.72825094]
[-0.60419257  0.61456015 -0.7451764   1.12030359]
[ 1.73697176 -0.182137   -1.80248344  0.20295612]
[-0.65379034 -1.8173866  -0.8784319  -2.55266224]
[-0.3501617  -0.57951124  1.84907771  0.70974519]
[-0.63987844 -0.25601136 -0.31780818  1.34559254]
[-0.63859747  1.43378437  0.05002913 -1.50656077]
[-0.53698613 -0.85414813 -1.64193977  0.68762561]
[-0.55863566 -0.94221756  0.89165104  0.54724766]
[-0.62177155  0.16833423  0.58159142  1.04859983]
[-0.43932307  0.90558889 -1.68076983  1.15387579]
[ 1.66207621 -0.34778331  0.74523758  0.01905628]
[-0.62075565  1.62442013  0.18300062 -2.68603322]
[-0.64165458  0.7998791   0.12499417  0.4111102 ]
[-0.62054629  1.82433391 -0.97302003 -2.71736296]
[ 1.80603171  0.27774492 -0.33325661  0.84207018]
[-0.63738956  0.44003283  0.30255743  0.901253  ]
[-0.64087208  1.16375664 -0.29138093 -0.24732374]
[-0.62312494  0.96268491  0.46107262 -0.13690685]
[-0.39364819 -1.52561715  1.2871505  -0.88311539]
[-0.63991573 -0.92425901  0.04941588  0.66260056]
[ 1.32839105 -0.0204856   1.9970803   0.41266116]
[-0.58808534 -0.41030063 -1.06895508  1.34394639]
[-0.60142086  1.24841279 -0.88637073 -0.08441259]
[-0.64429115 -1.27364562 -0.83160069 -0.17250096]
[-0.6353694  -1.12995336  0.08593279  0.27601835]
[ 1.79075996  0.32219658 -1.1120934   0.9684524 ]
[-0.56117895  0.78445349  1.05252202 -0.0100105 ]
[-0.61906793 -0.53597789  0.51773866  1.04357688]
[-0.6064785   1.2287348   0.57115446 -1.03352259]
[-0.63665593  1.44704153 -0.55008682 -1.05962315]
[-0.62544254  0.13539633 -0.52824829  1.40238425]
[-0.35229198  0.30266763  1.9268792   0.44931268]
[-0.58783522 -1.25239357  0.552647   -0.02229326]
[-0.56403177 -1.46112919  0.58820858 -0.60007352]
[-0.13777045 -0.86530457  2.20551511  0.31180187]
[-0.59105221  0.96766951 -0.91089537  0.62944218]
[-0.6347114   1.12938518  0.25203161 -0.49065296]
[-0.50932812  1.59825383 -1.5995252  -0.70529962]
[ 1.77373856 -0.72268177 -0.42934093 -1.23616518]
[ 1.79419892 -0.3358053  -0.41083011 -0.09883969]
[-0.64264646  0.17044616 -0.02276775  1.24048084]
[ 1.70176263  1.93696212  0.65599845 -1.30181508]
[-0.64483715 -1.55526619 -0.32063208 -1.01969527]

Populations

0.00866938771809
0.0219364169978
0.0136945866197
0.0103873813225
0.006690124662
0.00352282752218
0.0168309456517
0.00995242818056
0.00576890734371
0.0126161358633
0.0165404696541
0.0154594909988
0.00172195635962
0.00536582077888
0.00541717267539
0.00950128079454
0.00517554573632
0.00709230320553
0.00307903208237
0.00610415681114
0.0106163715058
0.00609899133796
0.00377029064476
0.0251029992689
0.00992705040663
0.00721413034805
0.0139489951174
0.00570984087117
0.0106899919013
0.00313904385188
0.0191197601903
0.0162724698505
0.00171444964379
0.014363730947
0.00749937240004
0.00815304612648
0.00322411214938
0.0241837380839
0.0090295154761
0.0120891117734
0.020169009874
0.00771959560598
0.00328825172097
0.0117134739256
0.00601186459337
0.00798317590965
0.0123723261717
0.0148618955025
0.00791943209425
0.0174027080096
0.00951367326927
0.0118516038662
0.00905907298833
0.00437981531061
0.00203282138233
0.00885524619548
0.00749049554487
0.00918173653624
0.0161705499337
0.00338302868264
0.0032795823075
0.0120210984368
0.0134837662639
0.00604171336361
0.0121402906866
0.00792149984219
0.00533122957733
0.0243117780832
0.00550620786448
0.0120193318996
0.00334907517318
0.0147359420149
0.0102528851919
0.0132490218308
0.0121603437159
0.00341357023854
0.0134145034487
0.0190964069263
0.00898838949065
0.0101210790327
0.0136197622431
0.0094309995374
0.013218271311
0.011604750219
0.0152293813022
0.0135326714696
0.00937048392296
0.00920680384159
0.00551017425145
0.0117560000666
0.00923130405253
0.00313128539226
0.00710814541768
0.014214675853
0.00570920576907
0.00746238336887
0.0174706086751
0.0118446557724
0.00287498514098
0.00888257701411

State labels

0
1
2
3
4
5
6
7
8
9
10
11
12
13
14
15
16
17
18
19
20
21
22
23
24
25
26
27
28
29
30
31
32
33
34
35
36
37
38
39
40
41
42
43
44
45
46
47
48
49
50
51
52
53
54
55
56
57
58
59
60
61
62
63
64
65
66
67
68
69
70
71
72
73
74
75
76
77
78
79
80
81
82
83
84
85
86
87
88
89
90
91
92
93
94
95
96
97
98
99
