Cluster centers 

[-0.76494173  1.08045065  0.2174834   0.11312875]
[-0.76912563 -0.0504031  -0.5776034   1.46344084]
[ 0.81476549 -0.80778879  2.10210604 -0.39877804]
[-0.7604665   1.29373372  0.26047198 -0.32434986]
[ 1.45126715 -0.38129556 -1.09913799 -0.52892035]
[-0.81223507 -1.29915716 -0.77898967 -1.10002118]
[ 1.46232142  0.05651002  0.01709873  0.70801224]
[-0.73814292 -0.59085164  0.49346097  0.99444179]
[ 1.27801869  0.1226107   1.35888904  0.58118078]
[-0.76931452  2.26794616 -0.9560942  -2.08585633]
[-0.73096701  1.25448677 -0.99838027  0.53290675]
[-0.50934976 -1.38459997  1.25024439 -0.89722487]
[-0.77254507 -1.49000446 -0.34514894 -2.89233139]
[ 1.48384903  1.26592694 -0.50596139  0.90408633]
[ 1.41340059 -0.07446887 -1.54626981  0.4884577 ]
[-0.77997734 -0.96504751 -0.06774165  0.50060502]
[-0.77863796  1.76090709 -0.46974125 -0.94087026]
[-0.61926606 -1.47081394  0.77890036 -1.46544915]
[-0.670111    0.31304886  1.06412448  0.71430435]
[ 0.69162272  1.59229619  2.38097942 -1.53914773]
[-0.57001896  1.46888297 -1.90157811  0.73490137]
[ 1.12347596 -0.46091568  1.63916176  0.05795292]
[ 1.43118408 -0.55288546 -1.41355219 -2.08378667]
[ 1.44933411  0.66530855  0.45612138  0.84338084]
[-0.67057765 -1.25781148  0.73310647 -0.34733889]
[-0.47763241  1.87869702  1.59960381 -2.65268153]
[-0.76679095  0.76007006  0.13554169  0.65705088]
[-0.75773744 -0.65572416 -1.13698463  1.05148766]
[-0.63784716  1.07268169  1.20197148 -0.40331251]
[ 1.40041131 -0.44727909  0.31618727 -0.24524249]
[ 1.32156277  1.09714922  1.30905084  0.21412977]
[ 1.45172147  1.87425821  0.39445354 -0.44013251]
[ 0.96254072  0.84901143  2.26942165 -0.07676096]
[-0.76876387 -1.11832622  0.05956803  0.0909132 ]
[-0.77169405  0.44298113 -0.08835613  1.10572085]
[-0.73599417  1.69119911 -1.02868528 -0.3435772 ]
[-0.74865824 -0.94667096  0.32374889  0.5317683 ]
[-0.47241623 -1.597599    0.94135771 -3.36736723]
[ 1.37248832 -0.23823498  0.69901932  0.2895698 ]
[ 1.23912882 -0.37085718 -2.80813526 -1.57008858]
[-0.44312816 -0.48067364  1.82334897  0.6512274 ]
[ 1.44802085 -0.46177737 -0.39564877 -0.57368805]
[ 1.39220421 -0.46124736 -1.98897435 -1.77135141]
[ 1.43990273  2.63279073 -1.10241381 -1.16285565]
[-0.7766373   2.00944503 -0.01934135 -2.01308452]
[ 1.43729905 -0.59108895 -0.57720677 -1.38889135]
[-0.78636954 -0.68646345 -0.55095651  1.02304073]
[-0.77368808  0.15235224 -0.32185717  1.36441761]
[-0.79753772 -1.45836719 -0.64982042 -3.66870851]
[-0.76215955  0.93081347 -0.59011183  0.80216975]
[ 1.36315925 -0.67337446  0.29736869 -1.11918266]
[-0.74216402  1.01480689  0.51461859  0.06664045]
[ 1.43389612  1.36612828  0.64133469  0.24898207]
[ 1.27103197  0.04032174 -2.28576574  0.83474888]
[-0.79790324 -1.42058922 -0.53428049 -2.0087899 ]
[-0.71291147 -0.12450775 -1.28147612  1.62195498]
[-0.32687671  0.29771043  2.16679967  0.27523674]
[-0.74933819  1.5994123   0.40309026 -1.13016064]
[-0.69320249  0.76750719  0.91665973  0.25778998]
[-0.79828466 -1.11287169 -0.92209544 -0.15809914]
[ 1.17481426 -0.90103006  1.06222377 -1.54692039]
[-0.77984993 -0.63877072 -0.08602443  1.05081948]
[-0.77684693  1.57999596 -0.07429702 -0.76032273]
[ 1.44228792  0.43350792 -1.15038581  1.21341454]
[-0.76649555 -1.37000437 -0.0379233  -1.08433723]
[-0.65941276 -0.89272427  0.94717663  0.54561335]
[-0.70639782  1.31078328  0.79402424 -0.67780093]
[-0.77478877  1.12141004 -0.20458121  0.28465696]
[ 1.39619721  0.18634146  0.76696982  0.71299938]
[ 0.30232903 -0.90870993  2.42920601 -0.19698476]
[ 1.47243205  0.05630174 -0.67834925  0.75454286]
[-0.48207918 -1.11916687  1.51494618 -0.01241682]
[-0.76892469  1.38628792 -0.5513984  -0.00426849]
[-0.72408399  2.0546535  -1.21003786 -1.16150546]
[ 1.04796151 -0.17139553  1.96979465  0.36420834]
[-0.78029972 -1.10959565 -1.4749644  -0.48033004]
[-0.73765279  0.5705063  -0.8911944   1.35136679]
[ 1.34132808 -0.23599676 -2.07481906 -0.12191955]
[ 1.33064244  1.39077974 -1.71500239  1.21334694]
[-0.77657701 -1.24853703 -0.09326039 -0.43751357]
[-0.51744985  1.30723163  1.60966185 -1.10727589]
[ 1.46614707 -0.23789849 -0.65114289  0.12280597]
[-0.64885849 -0.38391622  1.12146334  0.92403486]
[-0.60250762 -0.45195146 -2.11088775  1.2703863 ]
[ 1.2366968   1.68966688  1.55689094 -0.89789502]
[-0.73177934  0.1537422   0.6190467   1.01463122]
[-0.79536505 -1.00065362 -0.55305622  0.3520871 ]
[ 1.45517177 -0.15845628 -1.09928234  0.28955598]
[-0.77839942  1.89613598 -0.14352329 -1.56405529]
[-0.7695043   2.20563179  0.00953763 -2.71311334]
[ 1.48193288  0.59683856 -0.3429458   1.0881495 ]
[-0.68018027  1.73353754  0.8840346  -1.81150638]
[ 1.19601001 -0.69633758  1.20534236 -0.6178888 ]
[-0.77053585 -0.21547311  0.08452363  1.26817841]
[ 1.18127242  0.39796318  1.75915626  0.47978538]
[-0.74496167 -1.47441107  0.0709167  -1.87345913]
[ 1.44877043 -0.26465988 -0.05551277  0.14717518]
[-0.57397279  0.68263651  1.50870837  0.10630702]
[ 0.51539015 -0.38437515  2.59916185  0.28935467]
[ 1.42323739 -0.40875493 -1.56636451 -0.90071064]

Populations

0.279612513407
0.397769279487
0.0436188764372
0.278999330669

State labels

0
1
2
3
