Cluster centers 

[ 1.49860523 -0.25771285 -0.65104506 -0.09377169]
[-0.73503678  0.63936631  0.67167898  0.35634179]
[-0.77219789 -0.89166448 -0.49115634  0.65492971]
[ 0.98930519 -1.0338182   1.69753009 -0.57875089]
[-0.73106706  1.15542762  0.55466987 -0.92212405]
[ 1.31310285  0.18312028  1.53122038  0.30465349]
[-0.74418393 -1.44578643 -0.48044731 -0.6824305 ]
[-0.73863192 -0.08922729 -0.83074003  1.6043618 ]
[ 1.11907412  0.33020564 -2.67674922  0.84380569]
[-0.74638758  2.16550541 -1.38151338 -1.80931955]
[-0.76686441  0.23141024  0.15266713  1.27207759]
[ 1.31669308  1.99733551  0.98892467 -2.8967403 ]
[-0.67381511 -0.87462463  0.70904772  0.69812778]
[ 0.92412551  0.34770813  2.45445716 -0.36308017]
[-0.77266379  0.98056033  0.10262033  0.30861369]
[ 1.48918839  0.03588151  0.20489777  0.54315428]
[-0.7800025   1.59687977 -0.54571745 -0.66901397]
[ 1.44791664 -0.74604436 -0.29742818 -1.14487287]
[ 1.45469587  1.89267417 -0.07807798 -0.16151072]
[-0.39965076  0.06154757  1.97749449  0.0624553 ]
[-0.3693592  -0.96372565  1.78352397  0.34121224]
[-0.7828458   1.75731458 -0.25796741 -2.4352118 ]
[ 1.41592666  0.14014769 -1.65144956  0.50512437]
[-0.63496969 -1.85545555 -0.29970816 -2.14637364]
[ 1.47970659 -0.50818952 -1.54097366 -1.32349916]
[-0.74498376  1.49835365 -0.79396819  0.19150806]
[-0.7526361  -0.60241559  0.15660221  1.06774356]
[-0.1892669  -1.75304081  1.2704109  -1.21573847]
[-0.72130062  0.92063596  0.71352983 -0.37339113]
[-0.7623629  -1.68188813 -1.24784321 -2.23686064]
[ 1.24869923  1.05741492  1.76706102 -0.67644121]
[ 1.45423145  0.95239622  0.8844174   0.43828345]
[ 1.43570646 -0.20835581 -1.89290209 -0.52340611]
[-0.66612982 -1.54817544  0.09495218 -0.73380303]
[ 1.44832586 -0.3183143   0.37760712  0.08335003]
[-0.77007177 -0.84808864 -1.0336331   0.59635084]
[ 0.72278085  0.60667253 -3.08232944  1.66559424]
[-0.74295994 -1.11869449 -0.08854874  0.29497315]
[-0.67027589  0.95450651 -1.0222344   1.58360355]
[-0.75862221 -1.0454189  -1.77508646 -0.29576127]
[ 0.02310213  1.04626138  2.16227532 -2.83172715]
[-0.68950876  2.01130091 -1.37482257 -0.70291771]
[-0.69224999 -0.29998134  0.89677309  0.97868468]
[-0.76639039 -0.22581535  0.02978277  1.34754154]
[-0.61971877  0.85793097  1.21427627 -0.87950249]
[ 1.20905947  1.39227679  1.69344423 -1.60926731]
[-0.56835213 -1.40102815  0.8031639  -0.18992448]
[ 1.49196565 -0.38486997 -1.04258738 -0.58868789]
[-0.78042575  1.33725967 -0.25335421 -0.19699489]
[-0.53798525  0.68782527 -1.75595068  1.95278341]
[ 1.49516682  0.97690787 -0.12129171  0.99729252]
[ 1.37663101 -0.43334949 -3.03176307 -2.54213809]
[-0.33207028 -0.63273999  2.05109493  0.37527428]
[-0.68850966  1.52954644  0.44933897 -2.79218087]
[-0.79251892  2.10454731 -1.0708443  -2.61065564]
[-0.77951641  1.39943894 -0.05092757 -0.81438231]
[ 1.31715873 -1.02969003  0.38503429 -1.41824289]
[ 1.48396579  0.18096554 -0.88956666  0.69911422]
[ 1.03191549 -0.20616097  2.16517159  0.10506659]
[ 1.46477814  0.20715585  0.63689067  0.63672578]
[-0.7616171   0.75431992 -0.34146173  1.20068501]
[-0.69220619  0.19909003  0.99532782  0.69093138]
[-0.72812127 -1.34612843 -0.15829958 -0.25450862]
[-0.55301221 -2.07745382 -0.59908774 -3.99105267]
[ 1.38397381  1.62056058  1.10431407 -1.17385831]
[-0.24125874  0.58255709  2.01142818 -0.93157234]
[-0.7179232  -1.65954117 -0.54272071 -1.47171992]
[ 1.29897107 -0.43372779  1.27408569  0.0652223 ]
[-0.76714062  1.09072165  0.25311705 -0.20927851]
[-0.62565945 -0.47674326  1.19179861  0.77002854]
[-0.77052929  0.76085394  0.09710333  0.7538996 ]
[-0.54192191 -1.74273812  0.46377553 -1.22854322]
[-0.78840675  1.64401425 -0.35900638 -1.35416901]
[ 1.35791338  0.84046524 -1.45961294  1.25587294]
[ 0.3628287  -1.10868103  2.30617127 -0.24817135]
[ 1.50274449 -0.00452541 -0.37492967  0.45410998]
[-0.59822256  0.23006408  1.43401593  0.26918991]
[-0.61383914  1.10650454  1.07298375 -1.61811117]
[-0.77535482 -1.16145558 -0.76485958 -0.02405045]
[ 1.48413399 -0.33323544 -0.15607652 -0.08445026]
[ 1.46075771 -0.83337091 -0.88297547 -1.93927916]
[-0.7402764  -0.54276322 -1.20416896  1.11040675]
[ 1.0759381  -1.20703657  1.17823755 -1.18617116]
[ 1.30605833 -0.78189082  0.84488025 -0.57114258]
[-0.79034543  1.88369904 -0.74059605 -1.83379282]
[ 1.42256329  0.15741622  0.98141793  0.50571946]
[-0.69444683 -1.18588751  0.32915135  0.22421802]
[-0.50789688 -1.29166626  1.14837795  0.04424797]
[-0.75762327  0.26085762 -0.40997249  1.56903856]
[-0.6951749   1.34414886 -0.97979068  0.90553339]
[-0.77052166 -0.57675223 -0.35494481  1.13881077]
[-0.7768512  -1.45393172 -1.10455743 -1.12142801]
[ 1.18124969 -0.61665483  1.57559747 -0.10406058]
[-0.74223344 -0.89228489  0.1196743   0.71659938]
[-0.73910858 -0.03889703  0.57867743  1.1110391 ]
[ 1.47598769 -0.08318664 -1.25099811  0.1055904 ]
[-0.7426597   0.32302907  0.61314873  0.87522697]
[-0.64574319  0.57532962  1.2005237  -0.09824469]
[-0.76524467  1.49781051  0.09840166 -1.63197815]
[ 1.36432472  0.97348303  1.41803598 -0.09300942]

Populations

0.380496425782
0.0962916581455
0.313858397759
0.209353518313

State labels

0
1
2
3

Eigen uncertainty

3.96579306547e-11
0.00764337796969
0.0227264090948
0.0247688808022
