Cluster centers 

[-0.77550691 -1.68987464 -0.13612626 -1.67731548]
[-0.82904719  1.25641588 -0.00607999 -0.29404635]
[ 1.29636522 -0.50993363  0.67847225 -0.11565779]
[-0.75555508 -0.29168304  0.60229254  1.17486604]
[ 1.3587501   0.34182946 -1.09362334  0.83534985]
[-0.83261584 -0.87943548 -0.8694748   0.60840436]
[ 1.34208778 -0.55927665 -1.62911038 -1.7391517 ]
[-0.82004534  1.67070293  0.16889255 -1.84968382]
[ 0.28435641 -1.58380468  2.10606928 -1.17445446]
[-0.75391329 -0.03644723 -1.55189324  1.53730474]
[ 1.36136633 -0.14721118 -1.21292289 -0.00587334]
[ 1.31593038  1.00145255  0.99333495  0.41348537]
[ 1.13159758 -0.44403275  1.49225161  0.2453006 ]
[-0.82972749 -0.63899981 -0.4893727   1.05863499]
[-0.82623463  0.68671396 -0.09994697  0.86809818]
[-0.58377563 -1.11631928  1.19791854  0.43544292]
[-0.57668182  0.9126421   1.5459987  -0.62519979]
[-0.77931764 -1.20097759  0.12360205  0.18532583]
[-0.7901991   1.33414027 -1.0777404   0.43675852]
[ 1.38516534  0.46525791  0.21755516  0.85764127]
[-0.78132864 -0.96935703  0.20107695  0.65491241]
[ 1.31744289  2.33483011  0.5994502  -2.40149853]
[ 1.19832935 -0.4137872  -2.53711414 -1.68151206]
[-0.77538475  1.64032119 -1.22103965 -0.16874576]
[-0.82735907  0.29902025 -0.27973317  1.30659202]
[ 0.69451022  1.1785191   2.4411193  -1.15791521]
[ 1.38789517 -0.38945306 -0.60715086 -0.40549359]
[ 0.05205666  1.39845203  2.33390004 -2.39435717]
[ 1.25961     0.12956739 -1.88630643  0.45664704]
[-0.77723809  0.9819805   0.61833417 -0.12647802]
[-0.72341969  1.35686242  0.94716578 -1.47802879]
[-0.78989076 -1.82005565 -0.42953517 -2.9382831 ]
[-0.83108157 -1.23737117 -0.57772553 -0.16174733]
[ 1.20302784  0.57187479  1.51619914  0.50669077]
[ 1.36621987 -0.47775443 -0.02011657 -0.3468766 ]
[ 1.30677547 -0.08899129  0.81284742  0.51805667]
[-0.84296744 -1.46154994 -1.0845702  -1.39980594]
[ 1.39301315  1.09075589 -0.16513944  0.846062  ]
[-0.5843901  -1.94863235  0.61941724 -2.68004002]
[-0.75335828  0.23664399  0.73119504  0.9379548 ]
[ 1.15818987 -0.81138501  1.196016   -0.47245495]
[ 1.3666826  -0.39725054 -1.22599047 -0.74649961]
[-0.83176576  1.28872183 -0.47468639  0.02905853]
[-0.82306697 -1.0449472  -0.35625405  0.40967071]
[ 0.18224099 -1.03095497  2.35734265  0.19092304]
[-0.72000715 -1.07568694  0.60652003  0.50755987]
[-0.63510049  1.08522769 -1.96173396  1.4300329 ]
[-0.81166993  0.61156163 -0.83376149  1.30243071]
[-0.63548828 -1.69434006  0.69544568 -1.18319015]
[ 1.36606524 -0.22622078  0.19261164  0.24133383]
[ 0.88301148  0.37207799  2.29032599  0.24992171]
[ 1.27720706 -0.6809402  -2.17871382 -3.2307512 ]
[ 0.77912519  0.15046765 -3.25047244  0.47386677]
[-0.776635   -0.59794457 -1.59980121  0.90165168]
[-0.83923053  1.76330023 -0.4979868  -1.40519508]
[-0.83448875  2.06439529 -0.75820329 -2.39137121]
[-0.81943483 -0.48347449 -1.01894389  1.18773706]
[-0.70572004  0.60189597  1.04239909  0.33810523]
[-0.65807354  1.9946663  -1.44323919 -0.94655461]
[-0.78724075 -1.50922131 -0.09524307 -0.82795355]
[-0.61304365  0.18234778  1.42369251  0.67943434]
[ 1.24818243  1.49336964 -1.48065234  0.89883761]
[ 1.34168411  0.3835995   0.70710368  0.76844691]
[-0.8201099   0.95296584  0.11525681  0.29811105]
[-0.82206148  0.03950283 -0.71973574  1.4836443 ]
[ 1.39451769  0.43474485 -0.39978299  0.91105614]
[ 1.3792735  -0.67077958 -0.7062899  -1.43432355]
[-0.83219338 -1.04632679 -1.09851828  0.12436745]
[-0.38029805 -0.72878701  1.88257356  0.6815431 ]
[ 1.2728796  -0.23760508 -1.99739126 -0.57155277]
[-0.81941265 -0.26917128 -0.11513142  1.32209336]
[ 1.17535215  0.04225579  1.50455346  0.59938563]
[-0.78259083  1.25268139  0.5774601  -0.79739531]
[-0.6908635  -1.31963271  0.66168437  0.01578229]
[-0.76151457  1.80012671  0.57589918 -2.99288526]
[-0.54642171 -1.47779116  1.16386544 -0.3351667 ]
[ 1.10771351 -1.0515059   1.19671847 -1.0617091 ]
[ 1.33364486 -0.82122661  0.07911909 -1.33249388]
[-0.83351396 -1.23058059 -1.27662533 -0.57940289]
[-0.8295564   0.99914781 -0.46923951  0.61830626]
[ 1.38121565  1.55872378  0.28358445  0.07574462]
[-0.35189479 -1.85042034  1.37380056 -1.74786268]
[ 0.73953736 -1.04480772  2.08620117 -0.29454321]
[-0.83011666  1.484802    0.01450177 -0.98650512]
[-0.83356699  1.54581172 -0.54956212 -0.59586122]
[-0.64455655 -0.4512155   1.17575249  0.99732479]
[-0.82165578 -1.52059857 -0.49315529 -1.14138299]
[ 1.39101678 -0.071177   -0.52355713  0.3330994 ]
[-0.79673252  0.59318847  0.40253128  0.70426269]
[ 1.37476931  0.03234254  0.19636142  0.59298843]
[-0.80641071 -0.73714463  0.00297959  0.96079095]
[-0.79258043  1.06166569 -1.06337158  0.91338815]
[-0.24439571 -1.54911332  1.79118375 -0.58709396]
[ 0.08216802 -0.14153338  2.52811713  0.3934633 ]
[ 1.22102944  1.48656446  1.44587218 -0.7237161 ]
[-0.73951673 -0.78868811  0.58396206  0.90862123]
[-0.68435078 -1.53971556  0.57536394 -0.63841949]
[ 0.86363866 -0.50452071  2.14188965  0.33396686]
[-0.7804089  -1.36254731  0.04027499 -0.269228  ]
[-0.8047385   0.15403985  0.23256011  1.1907137 ]

Populations

0.0113568398648
0.0141878546631
0.0162523434881
0.0113935012849
0.0185730935964
0.0140400391324
0.0118018023562
0.0119844308902
0.00223796305349
0.00713705857093
0.0260462694724
0.013961478169
0.0114627619281
0.0144904854371
0.00937048795908
0.00581359440072
0.00740142730045
0.0109598811961
0.00595726413052
0.0129960704362
0.00891114938931
0.00119677160575
0.0048846176258
0.00441945734128
0.0108178360504
0.00464321861793
0.0197016478111
0.00347632514416
0.015842459073
0.0126869988479
0.00953843239496
0.00494088003842
0.0138039577229
0.0088820015464
0.0182687658305
0.013337616502
0.0070990721904
0.0130955477823
0.00401225666735
0.00970077986688
0.0093527891584
0.0163171435265
0.0115849660491
0.0172442640421
0.00440780010586
0.00758926760105
0.00219036851515
0.00710305425162
0.00646748852124
0.0183891354331
0.00722923348469
0.0036602543344
0.00120043241572
0.00554197870029
0.0119674573374
0.00639265453759
0.0066601707684
0.0116972204273
0.00451501504518
0.0107213616308
0.00671345369197
0.00601048362202
0.0155491064998
0.0144026648929
0.00955059523925
0.0185721661064
0.0136817784168
0.00957542011707
0.00306105627327
0.0133944599329
0.0135477342559
0.0172282061366
0.0133645131537
0.00630595484377
0.00488142591001
0.00534166540614
0.00443845722402
0.00782807472726
0.00869668984055
0.0104501478879
0.00718287664869
0.00250075237296
0.00810970726606
0.0148083110615
0.0117002743043
0.00901510947165
0.00798607275071
0.0278789812537
0.0123931000457
0.0190245456412
0.0115624561339
0.00530071283324
0.00347463038107
0.00370375703454
0.00890963220748
0.00752525737954
0.00762058347521
0.00894097550873
0.0102351474292
0.0126165673576

State labels

0
1
2
3
4
5
6
7
8
9
10
11
12
13
14
15
16
17
18
19
20
21
22
23
24
25
26
27
28
29
30
31
32
33
34
35
36
37
38
39
40
41
42
43
44
45
46
47
48
49
50
51
52
53
54
55
56
57
58
59
60
61
62
63
64
65
66
67
68
69
70
71
72
73
74
75
76
77
78
79
80
81
82
83
84
85
86
87
88
89
90
91
92
93
94
95
96
97
98
99
