Cluster centers 

[-0.7493022   0.56354616 -0.41891746  1.06073958]
[ 1.47686637 -0.35650859  0.4346728   0.12351938]
[-0.68635452 -1.33839661  0.17507119 -0.25085641]
[-0.58189355  0.75483309  1.37894651 -0.10286164]
[-0.74115851  2.05945733 -0.74844783 -1.87501346]
[ 1.3110027  -0.03071104 -2.49914455 -0.54333246]
[-0.72193744 -0.30588102 -1.22285312  1.24104089]
[ 1.54053517  0.04997024 -0.0745247   0.58879373]
[-0.70648945 -1.55759063 -0.05522303 -1.34445459]
[-0.54429188  0.39017187  1.44097236  0.45232838]
[ 0.79874324 -0.72284985  2.23515019  0.41226931]
[ 1.42960487  2.30290001 -1.11010936 -0.39960727]
[ 1.38567706  1.77109245  1.4227774  -1.12833152]
[ 1.53901966 -0.19832702 -0.92983659 -0.21731047]
[-0.75979532  1.24918826 -0.16563992 -0.11815088]
[-0.72303253  1.49185912  0.71159713 -1.48957089]
[-0.74993883 -0.97720475 -0.49336025  0.41278423]
[-0.71743175 -1.09300991 -0.02717147  0.32847025]
[ 1.48214463  0.17997689 -1.54171638  0.44160317]
[-0.62037606 -1.52211665  0.50291208 -0.73221536]
[-0.77719614  2.05198978 -0.14045661 -2.63552466]
[-0.70164705  1.52236504 -1.08177459  0.00683607]
[ 1.50718392  0.26650295  0.47317402  0.81266188]
[-0.60704274 -0.25486641  0.99809906  1.08538051]
[-0.73369787  0.22474062  0.12915962  1.12856502]
[-0.63798242 -1.71141791  0.33102337 -1.8657406 ]
[-0.74510694 -1.15876732 -1.63100185 -1.19235787]
[ 1.39338958  0.68459897  1.2822125   0.61688431]
[ 1.51842836 -0.64845345 -1.02965618 -2.47257967]
[-0.74465224  0.67665476  0.06189734  0.73065592]
[-0.76399029 -1.41811821 -0.76263252 -1.39844888]
[-0.19342863 -0.45491922  2.07453539  0.7950574 ]
[-0.7017332   0.67970008 -1.15354765  1.26160735]
[ 1.00579963  0.97248548  2.3649697  -0.3630005 ]
[-0.73830033 -1.62576808 -0.43422988 -2.39554611]
[-0.69567079  1.07513274  0.82501658 -0.4405485 ]
[ 1.51970088 -0.45959511 -1.27609969 -1.57584313]
[ 1.40853768 -0.76538162  0.62397198 -0.80398237]
[-0.74477253 -0.13576684 -0.31659662  1.31456261]
[ 1.51743178 -0.5019622  -0.12512477 -0.59483559]
[ 1.29786301 -0.05020509  1.48020016  0.67839799]
[-0.76550654  1.56718857 -0.17760362 -0.8987094 ]
[-0.75258677 -1.1882205  -0.55799324 -0.19587046]
[-0.71265074  2.00698168  0.96322288 -3.92474771]
[ 1.54610098  0.63601368  0.05371349  0.93142746]
[-0.75111576 -0.74037838 -0.83197334  0.76194027]
[-0.74082737 -1.38480972 -0.35788686 -0.7872598 ]
[ 1.47779337 -0.0759862  -1.66840808 -0.25883533]
[ 1.52837277  1.23832076 -0.76700823  0.94824312]
[-0.69876472  1.89556317 -1.09093808 -0.93572345]
[-0.70268453  0.8687819   0.69207601  0.07769894]
[ 1.00651623  0.59669655 -2.87055752  0.75206147]
[ 1.54669027  1.28458992  0.03206732  0.63556688]
[-0.56444077 -0.77340862  1.03880017  0.91795254]
[ 0.80990322 -1.24515254  1.92390861 -0.65336039]
[ 0.12595455  1.26979044  2.54252338 -1.84269417]
[ 0.92228163  0.06396335  2.31647762  0.59512238]
[-0.74735614  1.14495329 -0.57032646  0.36871914]
[-0.73028002  0.1881035  -0.91335627  1.41317711]
[-0.74789499 -0.54109368 -0.516128    1.09637274]
[ 0.06760941 -1.27627679  2.11169872  0.06003632]
[-0.2278974  -1.64897728  1.59023587 -0.89238068]
[-0.74873321  1.19547168  0.26438713 -0.31892022]
[-0.77072323  1.76114877 -0.00606068 -1.67422464]
[-0.63989362 -1.84087573  0.12975075 -3.8770366 ]
[-0.69446697 -0.74481815 -1.75377455  0.29736297]
[-0.71024817  1.03767413 -1.02925472  0.82414886]
[ 1.52713083 -0.60763301 -0.53655804 -1.43758774]
[-0.38391397 -1.09629033  1.52236449  0.52311099]
[-0.7644272  -1.23112398 -1.02634892 -0.7531405 ]
[-0.52718006 -1.67848045  0.83728514 -1.22974247]
[ 1.53079842 -0.34041125 -1.06927604 -0.79089913]
[-0.59091137  1.50061519 -1.71345461  0.53160352]
[ 1.40242578 -0.39215459 -2.23803151 -2.63230747]
[-0.57375409  1.03596209  1.45990769 -0.77151572]
[ 1.53619049 -0.27645737 -0.23616595 -0.04163718]
[ 1.54473943  0.48475972 -0.72770313  0.92883081]
[ 1.46149229  1.34937719  0.99762135  0.06254837]
[-0.71491882  1.73590113  0.78659425 -2.42424546]
[ 1.54748159  0.0232542  -0.69963337  0.39105045]
[-0.53721519  0.48504322 -2.14956681  1.4478286 ]
[-0.56663553 -1.29191241  0.83951972  0.11897653]
[-0.75173209  0.94762222  0.01845409  0.34291474]
[-0.62480276  1.31916954  1.31839829 -1.4682228 ]
[-0.72430905 -0.73560031 -0.00738435  0.9336043 ]
[-0.37853279 -1.87928829  1.06556351 -2.52122733]
[-0.68786892  0.58918892  0.7381099   0.51312912]
[-0.7310301   1.33907931  0.56849839 -0.91166572]
[ 1.43734961 -0.09250918  0.84698992  0.60576173]
[-0.67506585  0.3204077   0.75496048  0.83189968]
[ 1.25185507 -0.65938435  1.38156752  0.0427516 ]
[-0.69349591 -0.53923247 -1.63347659  0.81597127]
[ 1.46040123 -0.27167605 -1.88170083 -1.22830147]
[-0.75100051  1.50799953 -0.57339299 -0.3894331 ]
[-0.66171842 -0.92641658  0.48094203  0.74293946]
[-0.69759634 -0.41505463  0.35147391  1.18114778]
[-0.74936172 -0.88364498 -1.11756568  0.33921562]
[ 1.40855113  0.94309765 -1.73857506  1.17773307]
[-0.69026855  0.05243372  0.56674919  1.09527327]
[-0.7536238  -1.04713112 -1.20810278 -0.20652304]

Populations

0.0154134746366
0.0215791960551
0.0144813377671
0.00675061627317
0.00575459213239
0.00527870221072
0.0100891863033
0.0214414402093
0.00999034099414
0.00852340846485
0.0100509511068
0.0025446460385
0.00471928205047
0.0192764715889
0.0112672580173
0.00748477107217
0.0141912359238
0.016990615308
0.0133792142204
0.0106270290046
0.00528392088203
0.00665648939236
0.017957733889
0.00929467548712
0.0149112592656
0.00605234582532
0.00305427853517
0.014957812501
0.00353661788542
0.0141207143905
0.00867796579859
0.00556725265495
0.00820082881611
0.00897759198875
0.00755602587649
0.00913589807174
0.00976373637242
0.0112441780634
0.0164770161342
0.0136919639019
0.0165655913155
0.0163425475602
0.0149667459578
0.00104340005379
0.0146872514343
0.0112724475725
0.0134950541175
0.0142237588537
0.00520881233833
0.00699368263701
0.0113426526058
0.00162438634237
0.00693960566503
0.00734068973489
0.008511957327
0.00303641663082
0.00789711149366
0.012529921188
0.0112985600916
0.0139968770073
0.00509824563095
0.00434368163819
0.0145087876233
0.0114278648133
0.0026991894858
0.00349866467878
0.00719761569798
0.0102293807169
0.00563692341978
0.00741079019515
0.00566150737065
0.0167584523179
0.00241674625021
0.00550188260555
0.00671902357092
0.0187987019596
0.0154797553553
0.00854489531114
0.00585372293269
0.0197275589935
0.00398196528761
0.0133828544163
0.0149747124862
0.00553455138005
0.0154722494056
0.00341679202739
0.00910274485514
0.0123413119857
0.0149506213093
0.00822388360001
0.0136011207001
0.00562003946673
0.00986114250747
0.010051812337
0.0143027546932
0.0126280799266
0.00963228113797
0.00537267383874
0.00732995126226
0.00843552177249

State labels

0
1
2
3
4
5
6
7
8
9
10
11
12
13
14
15
16
17
18
19
20
21
22
23
24
25
26
27
28
29
30
31
32
33
34
35
36
37
38
39
40
41
42
43
44
45
46
47
48
49
50
51
52
53
54
55
56
57
58
59
60
61
62
63
64
65
66
67
68
69
70
71
72
73
74
75
76
77
78
79
80
81
82
83
84
85
86
87
88
89
90
91
92
93
94
95
96
97
98
99
