Cluster centers 

[ 1.30447357  0.05534036  1.41371713  0.80905084]
[-0.75041427  0.17787807 -0.37548304  1.24430109]
[-0.62586346 -1.54857321  0.49999651 -0.61984514]
[-0.73633319  1.10437652  0.55152955 -0.32167162]
[ 1.53808538 -0.00333781 -0.81100947  0.18425709]
[-0.7313657  -0.72335751 -1.43308945  0.35439619]
[-0.74205459 -1.51116308 -0.28525718 -1.21879581]
[-0.56768514  1.24486571  1.72390892 -1.62038191]
[-0.73062622  1.57402233 -0.75673253 -0.38673479]
[ 1.47729771  0.42792387 -1.51046696  0.63056089]
[-0.63321602 -0.97115935  0.59046758  0.78335432]
[ 1.15795701 -0.94159722  1.53284504 -0.14612729]
[-0.72784845 -1.1405433  -0.16435271  0.18146074]
[-0.72964538 -1.77278829 -0.20879593 -3.19886056]
[ 1.53236483  1.3840768   0.29419074  0.38966326]
[-0.76744917  1.63071701  0.41163572 -1.68860578]
[-0.42987722  0.5508134   1.93482717  0.0265242 ]
[-0.74888829  0.70343132  0.0353906   0.70002488]
[-0.76558167 -1.22037037 -0.902268   -0.67021872]
[ 1.5203353  -0.50781455 -1.01254511 -1.6577454 ]
[-0.7523331  -0.61161762 -0.91992349  0.83296745]
[-0.63296188  0.50064891 -1.71608819  1.33100839]
[-0.73468384  1.77387358  0.91451982 -2.85405983]
[-0.67390611 -1.6812822   0.2407346  -1.46248411]
[ 0.91308379 -0.99419996  1.98655149  0.19805616]
[ 1.24113259  2.00049775 -2.00450849  0.56252414]
[ 1.47401002 -0.33294149  0.40231817  0.21296415]
[-0.57954049  0.37879555  1.31015981  0.56839389]
[ 0.02671358  0.94035916  2.87119441 -1.32822998]
[-0.71224214  1.19316157  0.85870998 -0.77126238]
[ 1.33799124  0.1681368  -2.3352083  -0.19974385]
[ 1.54023253  0.54142499 -0.0885393   0.87934529]
[-0.66179042  1.10397455 -1.40262087  0.86459974]
[ 1.4025633  -0.47194256 -1.96802672 -3.22568624]
[ 1.48996816 -0.54781349  0.15622449 -0.45238665]
[-0.7646935   1.34474548 -0.08177444 -0.40171517]
[-0.61288064  2.37290746 -1.38150672 -2.10082547]
[-0.34372608 -1.73969855  1.36717112 -0.87752339]
[-0.68365791 -1.12415188  0.23616239  0.41125195]
[ 1.44031578  0.88841653  1.0507866   0.60080189]
[ 0.91600417  1.04252783  2.55785094 -0.63528155]
[-0.74370734 -1.56383592 -0.32090934 -1.56056138]
[-0.23680084 -0.40394658  1.99261444  0.98611642]
[-0.75556051 -1.20429996 -1.45775449 -1.40208581]
[ 1.05426057  2.91276653 -2.21671732 -1.20068348]
[-0.73478343 -1.2874389  -0.25474139 -0.29665314]
[-0.65856259  0.76179823  1.05464716  0.07347852]
[ 0.41277502 -1.01092709  2.29307669  0.59112888]
[-0.7438569  -0.41075835 -0.32305494  1.16684224]
[ 1.48291137  0.06264682 -1.55800368 -0.0722678 ]
[ 1.54229777  0.14000926 -0.49064379  0.55988844]
[-0.47572785 -1.95106696  1.01910828 -2.27048496]
[-0.73647714  0.3338306  -0.95222381  1.2792116 ]
[ 1.53801076  1.54229059 -0.38753459  0.54690627]
[-0.76515103  1.50637056  0.10056009 -0.9790315 ]
[ 1.49203296  0.16635712  0.43762877  0.79455977]
[ 1.53195035 -0.29269081 -0.31935732 -0.16060092]
[-0.63484854 -0.10193251  0.85369378  1.11009794]
[ 1.46071463 -0.923908    0.16642957 -1.9811576 ]
[-0.57349007 -1.28071598  0.79748154  0.2962661 ]
[-0.75896631 -1.07404934 -0.76010539 -0.04851379]
[-0.72556718 -0.25101188 -1.32112457  1.13090193]
[-0.77467083  1.88709277 -0.04412474 -2.08242347]
[-0.75123973  0.86036426 -0.48730344  0.74136568]
[-0.60583449 -0.15178442 -2.20550241  0.9498323 ]
[-0.73159282  1.32956659 -0.75986482  0.14651127]
[ 1.5168721  -0.29844013 -1.18347287 -0.91232787]
[-0.668111   -1.34820697  0.29771684 -0.10345126]
[ 1.41654624  1.1355734  -1.68536526  1.10560235]
[-0.74534664 -0.8569389  -0.40517361  0.64246815]
[-0.73006493 -0.91804632 -1.58676352 -0.32255368]
[ 1.1179792   0.851143   -2.73292609  0.89716918]
[-0.16017887 -1.00546763  1.90494954  0.7772082 ]
[-0.76936407 -1.3256407  -0.86870182 -1.08548164]
[-0.68969471 -0.743398    0.26694934  0.97332993]
[-0.69887165 -1.772481    0.08863419 -2.28614138]
[-0.57691342  0.98900545  1.59653717 -0.7759055 ]
[ 0.91034893 -0.0619085   2.3213428   0.83810178]
[-0.77140352  2.107271   -0.21049969 -2.76202974]
[ 1.52360264 -0.5183475  -0.44928389 -0.97041324]
[ 1.5261306  -0.12701427 -0.0761898   0.31862185]
[ 1.36454548  1.61863516  1.60212601 -0.92109907]
[ 1.43803187 -0.23816262 -1.90736246 -1.42262692]
[ 1.40168954 -0.80490617  0.66909896 -0.71581826]
[ 1.07403957  0.63163786  2.23916888  0.33533945]
[ 1.53486219 -0.23406092 -0.81877224 -0.37084592]
[-0.72906805 -1.42522124 -0.17653563 -0.72099619]
[ 0.64958263 -1.46447648  2.02577534 -0.62338145]
[-0.70731154  0.30761541  0.46388995  0.96900655]
[ 1.34651343 -0.40948446  1.09123585  0.44927852]
[-0.75798553 -1.42772404 -0.52268417 -1.12107016]
[-0.75947491  1.08532283 -0.08500463  0.15510432]
[-0.72534954  0.72794752  0.47420881  0.446816  ]
[ 1.39734007 -0.1177396  -2.09613268 -1.03100113]
[-0.50377099 -0.79722304  1.17822221  1.02408871]
[ 1.54279762  0.82874912 -0.5624311   0.93304845]
[-0.72574058  1.50030913  0.95713022 -1.81389391]
[-0.73830203  1.85911344 -0.61074181 -1.31419127]
[-0.70922983 -0.17522762  0.255247    1.22966313]
[ 1.01235586 -0.57030865  1.95914683  0.6645766 ]

Populations

0.018912121357
0.019049037733
0.0111113507967
0.0154352518432
0.0162258723718
0.010478131883
0.00442454340672
0.00463717917235
0.010960469948
0.0126873526276
0.00825288893844
0.00716967304493
0.0131079994604
0.00397496752416
0.00828836904515
0.00829968355628
0.00420857494393
0.0138931908789
0.00829645519652
0.0135502339223
0.0160596553656
0.00498072758736
0.00477303200439
0.00854730750159
0.00608277928408
0.00173740768161
0.0196699965441
0.00900038794677
0.00249203939105
0.0128438244385
0.00425486069328
0.0164385082923
0.00864490775617
0.00527306786601
0.0111550472934
0.0144710511019
0.00165979978153
0.00647737701962
0.0111259328171
0.0150048747325
0.00516999369145
0.00700055335828
0.00416537167594
0.00396449402354
0.000832077842407
0.0112519114921
0.0105288495781
0.00578834264874
0.0203467688577
0.0167611323226
0.0160969152826
0.00405236938676
0.0146266358465
0.00442646679913
0.0176576467256
0.0252873591263
0.0179261943436
0.0107985032023
0.00385648685222
0.0120516699117
0.0171270965196
0.011126094123
0.00700447499109
0.015831661109
0.0027742832265
0.0126056927065
0.0148863989709
0.0091185058259
0.00309160531838
0.0162726637628
0.00670931627652
0.00173985099453
0.00373486232951
0.00433372116741
0.0144861182732
0.00562059398441
0.00766854396798
0.00491927456654
0.00330908098676
0.0120632525301
0.0186900596119
0.00640407656073
0.00862938751644
0.00945543703528
0.0068374301242
0.0197108353192
0.00946075585676
0.00663850358001
0.015875522792
0.0142325840658
0.00455626529062
0.0176833877274
0.0148597849771
0.00644960549624
0.00748343189562
0.0122504070922
0.00648123123175
0.010757202832
0.0144730294909
0.00840229415637

State labels

0
1
2
3
4
5
6
7
8
9
10
11
12
13
14
15
16
17
18
19
20
21
22
23
24
25
26
27
28
29
30
31
32
33
34
35
36
37
38
39
40
41
42
43
44
45
46
47
48
49
50
51
52
53
54
55
56
57
58
59
60
61
62
63
64
65
66
67
68
69
70
71
72
73
74
75
76
77
78
79
80
81
82
83
84
85
86
87
88
89
90
91
92
93
94
95
96
97
98
99
