Cluster centers 

[ 1.42244582  0.69462316  0.34381274  0.90401477]
[-0.75135727 -1.25073411  0.14362006 -0.09988571]
[-0.80971996  1.41444677  0.05144998 -0.53388112]
[ 1.41777114 -0.60355788 -0.68030019 -1.59930413]
[-0.80377078 -0.68942291 -1.00890398  0.7406185 ]
[-0.77354934  1.74888023  0.80611903 -2.09597201]
[-0.0259849  -0.96232838  2.16734863  0.61129274]
[-0.81611411 -1.37529348 -0.5698211  -1.13652562]
[-0.78353403  0.10620892 -0.00792526  1.2431047 ]
[ 1.33866436  0.03403357 -1.85384613  0.02517243]
[ 1.03306803  1.4231598   2.27636102 -0.87048671]
[ 1.43756699 -0.12417636 -0.71580838  0.09916977]
[-0.68104213 -0.59349419  0.69421536  1.06984625]
[ 1.20746772 -0.44023509  1.28686012  0.37693002]
[-0.74407831 -1.79085574  0.2569844  -3.52566748]
[ 1.43092666  1.6301055   0.41716072 -0.00587109]
[ 1.37394722 -0.74008085  0.1783762  -1.22365585]
[ 1.43235737  0.45353287 -0.89459372  0.85817793]
[-0.75504716  1.23529502 -1.15588511  0.55326118]
[ 1.41001401  2.83718738 -0.30932777 -2.51973398]
[ 1.05495046  0.69946376  2.0427006   0.42109895]
[-0.66447434 -1.48320469  0.63672053 -0.6646404 ]
[-0.56292561  0.79373238  1.63187312 -0.07495066]
[-0.79961617 -0.96883322 -0.39221282  0.41019117]
[ 1.29706804 -0.37292716 -2.10147086 -1.92578557]
[-0.8182985   1.82008069 -0.17228735 -1.47811682]
[-0.82694747  2.15360362  0.07762022 -2.94821551]
[ 0.83541595 -1.08099591  1.92149395 -0.39567162]
[ 1.43520342  0.0641996  -0.15481974  0.60751399]
[-0.82295028 -1.23521298 -0.96710506 -0.85243942]
[-0.77736935 -0.4877898  -0.03524368  1.14630808]
[-0.79646057  1.54303598  0.44423939 -1.15085281]
[-0.76690962  0.86764182  0.50098887  0.31513842]
[-0.3109187  -1.41107037  1.69485177 -0.13425447]
[-0.79655148  0.67034497 -0.66842691  1.05205451]
[ 1.18141391 -1.1038425   1.11697817 -1.69443746]
[ 1.15879657  0.13513227  1.61865465  0.78594232]
[ 1.40277841 -0.32599392 -1.32999698 -0.90519925]
[-0.75303072  2.09608542 -1.03041447 -1.5388783 ]
[-0.67319443 -0.14954195  0.85863343  1.16332522]
[-0.65617564  1.2646766   1.40344616 -1.0327989 ]
[ 1.42924058 -0.4140864  -0.74183073 -0.77635451]
[ 1.38787832  1.10256744  0.77007943  0.55381266]
[ 0.63967119 -0.17793655  2.40916338  0.81478878]
[-0.60412713  1.58330666  1.75977512 -2.25387145]
[-0.78358598 -1.57610921 -0.10184464 -1.82674168]
[ 1.34873042  2.73406846 -1.01614384 -1.58956597]
[ 1.42509051 -0.26224364 -0.13190858  0.0629466 ]
[-0.557706    0.59424277 -2.3348772   1.50395501]
[-0.69382473 -0.59766742 -2.17271492  0.31536044]
[-0.79569761  2.18407306  0.7697797  -3.92092956]
[-0.70784595 -0.91942423  0.4831088   0.71990211]
[-0.59668018 -1.7646858   0.8574722  -2.09186802]
[-0.78682015 -1.33230222 -0.16686398 -0.56505444]
[ 0.85236512  1.85660804  2.45771849 -2.35924805]
[ 1.33378729  1.94336813  1.25876772 -1.24092143]
[ 1.38471435 -0.35070403  0.34904185  0.10876805]
[-0.78306346  0.59983049  0.17616067  0.82736263]
[-0.80463829  1.62850095 -0.52141654 -0.65571401]
[ 0.53640611  0.78735054  2.59314641 -0.07078195]
[ 1.04489985 -0.65483098  1.70652012  0.27029608]
[-0.6803229  -1.59942579  0.52982056 -1.28853739]
[-0.47538999 -0.28992707  1.60229032  0.93013444]
[-0.21845866 -1.63541374  1.80421754 -0.92901434]
[-0.80200524  0.88250436 -0.35049588  0.68930574]
[-0.79854122  0.15699709 -0.6370847   1.3380114 ]
[-0.75114323  1.19857065  0.79128785 -0.49319501]
[-0.6626628   1.4845791  -1.72208009  0.47037153]
[ 1.44427129  1.22326007 -0.47761461  0.82273939]
[-0.8181085  -1.12600674 -1.04787987 -0.45535733]
[ 1.362488   -0.43848745 -1.68209887 -1.87340855]
[-0.82158162 -1.58587333 -0.5469175  -2.79993875]
[ 1.30163821  0.17780323  1.08614381  0.80623613]
[ 1.41655838 -0.14806481 -1.15745122 -0.16679244]
[-0.57725671 -1.19764387  1.04094915  0.30598341]
[ 1.33755291 -0.22970872 -1.86335817 -0.88889465]
[-0.78438815 -1.06320585 -1.75344032 -0.94670014]
[-0.74858544  0.65123403 -1.30090295  1.24455362]
[ 1.39322435 -0.02726557  0.40614479  0.6187407 ]
[-0.4144728   1.03916464  2.14294281 -0.81893989]
[-0.80262164 -0.44074966 -0.74542538  1.13429113]
[ 1.43545246  0.44013405  0.03971787  0.90921712]
[ 1.37520319 -0.6237471   0.27855091 -0.6593285 ]
[-0.73845502  1.75902563 -1.23322435 -0.42380487]
[-0.79696402  1.3421097  -0.64116866  0.07115139]
[ 1.3636024   0.44053159 -1.58498391  0.70415485]
[-0.80444966  1.05343356 -0.08307362  0.29131183]
[ 1.32508471 -0.41061785  0.75099228  0.19476319]
[-0.76907995 -0.88193649  0.01673746  0.69894848]
[-0.81401802 -1.06693797 -0.75374653 -0.02871472]
[-0.71133477  0.28622892  0.76259439  0.94827927]
[-0.74094371 -0.35053778 -1.71833385  1.02359896]
[ 1.38044111  0.4248438   0.67687932  0.86529273]
[ 1.39322025 -0.60904922 -1.30085217 -2.69274682]
[ 1.41212427 -0.48542068 -0.08701876 -0.50626169]
[ 1.13466526  0.136338   -2.70211827  0.06259259]
[-0.7010889   0.68809972  0.96207008  0.39886613]
[-0.51866689 -1.49120716  1.18864892 -0.45588681]
[ 1.44210548  1.93863919 -0.17515235 -0.22116611]
[-0.7891198   1.18329433  0.37185014 -0.21257422]

Populations

0.204236795924
0.233383185479
0.271429221407
0.29095079719

State labels

0
1
2
3
