Cluster centers 

[-0.42636744  0.63308002  1.94322392 -0.03378044]
[ 1.41617679 -0.20968498 -1.31107983 -0.34312767]
[-0.41396818 -1.44693705  1.43804576 -0.39513148]
[-0.76338144  1.16502681  0.55485926 -0.32554924]
[-0.80075333 -0.99196454 -0.43279436  0.37294456]
[ 1.30819091  1.16474378  1.33172172  0.15518312]
[ 1.39980611  0.03127042  0.49318442  0.65862395]
[-0.7735854   1.86935587 -0.88217433 -0.98139326]
[-0.77392257  0.24423098  0.18328678  1.13895433]
[-0.16684279 -1.64421615  1.78054416 -1.24694557]
[ 1.34437868 -0.39058948 -1.95303791 -1.71641814]
[-0.79227228  2.20557422  0.43287123 -3.74320411]
[-0.81838627 -1.29117151 -0.75457754 -0.83252816]
[ 0.6527191  -1.1268064   2.10386223 -0.3534687 ]
[-0.57175333 -1.00523689  1.1390999   0.5937706 ]
[-0.76316954  1.08567838 -0.96985804  0.75003333]
[ 1.4389028  -0.44261361 -0.66959367 -0.77340388]
[-0.66310708 -0.18220054 -2.05573931  1.29366087]
[ 0.85019999  1.89143318  2.24788766 -2.47377574]
[ 1.42546656  0.4522115  -1.02723212  0.92561824]
[ 1.04328526 -0.70585883  1.70484996  0.05300016]
[-0.73929709  0.00814813 -1.47432194  1.42088827]
[ 1.37925034  2.66328567 -0.70053026 -1.61328002]
[-0.81369759  2.09114776 -0.10075873 -2.57082357]
[-0.77303763 -0.52913375  0.0422682   1.13427656]
[-0.81993892 -1.56371987 -0.61832111 -2.54444571]
[ 1.44112742  1.95870034 -0.4373113  -0.05651909]
[-0.74631664 -1.35985793  0.14079845 -0.48017922]
[ 0.61298645  0.93036911  2.50907264 -0.43185605]
[ 1.4016603  -0.49756258  0.16519464 -0.36866306]
[ 1.44729225 -0.19552733 -0.5761166   0.03615932]
[-0.14062426 -0.97736919  2.09148193  0.48747332]
[ 1.41597367 -0.3709431  -1.32161071 -0.98944051]
[ 1.00163375  0.54379274  2.16555259  0.40790193]
[-0.65390034  1.28937032  1.29351675 -1.1196492 ]
[-0.66546041 -1.22536702  0.66566386  0.11847572]
[-0.79534766 -0.36517873 -0.77913568  1.2394959 ]
[-0.73364604  0.46727317  0.66262517  0.77088466]
[-0.80388848  1.48738679 -0.20260448 -0.5400061 ]
[ 1.40591225  0.6793676   0.662409    0.80216675]
[-0.79696154  0.91861403 -0.3354261   0.64952443]
[-0.76551769  2.12229892 -0.97864782 -1.68463088]
[ 1.37458751 -0.74078628  0.11854993 -1.28718421]
[-0.68312981 -1.76129094  0.29479987 -3.08396087]
[ 1.44821962  0.60165349  0.11531515  0.933355  ]
[-0.8095232   1.81154637 -0.20416536 -1.45721505]
[ 1.35763906  0.09487829 -1.76635018  0.31680538]
[-0.74448918  1.65622412 -1.13308756 -0.20511294]
[-0.78901498  1.50938338  0.34817012 -1.03621534]
[-0.65915942  0.76238374 -1.73484068  1.41553776]
[-0.50893888 -0.44661302  1.50984385  0.95347731]
[ 1.21457352 -0.38049144  1.33795176  0.39054089]
[-0.70593107 -1.65133511  0.29228373 -1.890307  ]
[ 1.32245425 -0.44128899  0.80123203  0.09916443]
[-0.80427857 -1.08751763 -1.30491344 -0.44674043]
[-0.78873254  0.42049789 -0.64609256  1.27286672]
[-0.78974715  1.36110528 -0.63883049  0.06663818]
[-0.72511774 -0.89597519  0.41383858  0.72538581]
[ 1.42764344 -0.60407701 -0.78370964 -1.66759882]
[ 0.46236424 -0.64400402  2.42724509  0.46142978]
[-0.73367178 -0.63053083 -1.79511604  0.59198918]
[-0.76209827 -1.1148605   0.06591428  0.2421896 ]
[-0.66267887  1.42433458 -1.64982864  0.63997097]
[ 1.13135674  1.55718124  1.95898511 -1.02724879]
[-0.69782613 -0.47563893  0.69250156  1.09513402]
[-0.80230711  1.39471692 -0.3487164  -0.2111945 ]
[ 1.04775912 -1.07711494  1.47740509 -1.04033316]
[ 1.43729895 -0.02640631 -1.00875116  0.27241543]
[-0.72817637  0.72542102  0.75162267  0.38731863]
[ 1.44885167  1.29313713 -0.45820384  0.80706415]
[ 1.35209156 -0.53132688 -1.90434588 -2.97349392]
[ 1.42070793  1.72536543  0.63728846 -0.3411153 ]
[ 1.44995568  0.12849367 -0.22023953  0.69037002]
[-0.78671443 -1.37176319 -0.2375477  -0.77464191]
[-0.78909958  0.93611431  0.12400804  0.38232987]
[-0.69446131  0.04596297  0.83427425  1.04750078]
[-0.83162679 -1.37392762 -1.26378847 -2.02685487]
[ 1.42282763 -0.46903978 -0.11859059 -0.46992451]
[-0.81128585 -1.0784624  -0.77023785 -0.02212988]
[-0.39544486  0.11888007  1.93172174  0.65510587]
[-0.80182014 -0.72866725 -0.89921131  0.76768315]
[-0.63895604  1.53437686  1.39752649 -1.92732202]
[ 1.42383009 -0.26689785  0.05170043  0.13519165]
[-0.76644366  1.76644498  0.67581185 -2.13701353]
[-0.79229529 -0.78224936 -0.28390585  0.81676402]
[ 1.21809266  0.39750658  1.57517976  0.69302978]
[-0.63342973 -1.48495116  0.73435067 -0.68191558]
[-0.82312196 -1.28560996 -1.02514238 -1.08000353]
[-0.79701553  1.14882906  0.00221185  0.06899485]
[-0.78046829 -0.1421855  -0.01571385  1.29619632]
[ 1.18198892  0.17340525 -2.55284732  0.34165076]
[-0.77278067 -1.23891071 -0.07629282 -0.16726392]
[-0.6782487   0.9576524   1.12712692 -0.23467851]
[ 1.06354271 -0.13029056  1.8626182   0.63635555]
[ 1.31221934 -0.21568671 -2.11014407 -0.84783955]
[ 1.29717554  0.06915535  1.16035163  0.71912097]
[ 1.32756524 -0.66236446  0.62015491 -0.53390316]
[-0.63729362 -1.60392866  0.65071738 -1.28383119]
[-0.78501989  0.67742699  0.14117199  0.74844957]
[-0.79473068 -1.49711117 -0.34282082 -1.54750938]

Populations

0.00346216161205
0.0184209465007
0.00632005241358
0.0150134876377
0.0137017562995
0.0104812379492
0.022393773819
0.00697556584406
0.0131631161282
0.00327250708896
0.0109566014092
0.00235694160658
0.0075613818017
0.00754186059668
0.00858797043932
0.00863596258
0.0187753528061
0.0024319269866
0.00247899988006
0.023064210548
0.0107100573068
0.00786203758492
0.00152182544955
0.00632076857394
0.0130029866174
0.00377276693316
0.0032833103543
0.0107061802593
0.00392090372642
0.0107846536511
0.0241956622816
0.00494144981728
0.014626051049
0.0072627496042
0.00841208385826
0.00985918345843
0.0157642623242
0.0082231895611
0.01342198515
0.017285937191
0.0129257141303
0.00433584620835
0.00692495096508
0.00541122941869
0.0166298230165
0.0105407891186
0.0140260387559
0.00596898230929
0.0151240974246
0.00340039535364
0.00637259466968
0.0103356452235
0.00815716566587
0.0142430716274
0.00772624151262
0.0202407033575
0.00907496716307
0.0116615967869
0.0101354305012
0.00949744196125
0.00668714720896
0.0120399636525
0.00366546504077
0.00628859264028
0.011217499207
0.00763841271425
0.00387313673765
0.0187943562487
0.0120059343726
0.00869402747469
0.00502407826725
0.00559675685949
0.0250731481992
0.0104059604669
0.00945539455719
0.00787193951085
0.00210786355999
0.0133211463094
0.0157565098982
0.00450460750045
0.0153753995462
0.00367039924193
0.0246367565362
0.00758499772281
0.014458679224
0.00879415937218
0.00847808151129
0.0051072049885
0.010087791889
0.0148943568356
0.00398144953695
0.0115853141847
0.00990951786143
0.0101416152752
0.00814660231845
0.012207946526
0.00818121888013
0.0083793523183
0.0110050649869
0.00914556694911

State labels

0
1
2
3
4
5
6
7
8
9
10
11
12
13
14
15
16
17
18
19
20
21
22
23
24
25
26
27
28
29
30
31
32
33
34
35
36
37
38
39
40
41
42
43
44
45
46
47
48
49
50
51
52
53
54
55
56
57
58
59
60
61
62
63
64
65
66
67
68
69
70
71
72
73
74
75
76
77
78
79
80
81
82
83
84
85
86
87
88
89
90
91
92
93
94
95
96
97
98
99
