Cluster centers 

[ 1.4803106   0.35192809  0.41063889  0.83940844]
[-0.74830855 -1.07272961 -0.0390563   0.37611474]
[-0.77958621  1.47868771  0.07528062 -0.85836264]
[-0.69278697  0.87979444 -1.19313305  1.32424622]
[ 1.35415944 -0.21899494 -2.27365314 -0.83392776]
[-0.61192768 -1.54740768  0.50391319 -1.1385092 ]
[-0.67619347  0.6818535   0.99301345  0.14474697]
[-0.77290412  0.67103613 -0.14133469  0.9024766 ]
[-0.70342411 -0.69374615 -1.75210379  0.78261688]
[ 1.35925122  1.33518898  1.27370138 -0.20886364]
[ 1.47668803 -0.08320365 -1.12021158  0.25206399]
[ 1.49044305 -0.31959797 -0.46307789 -0.19158558]
[-0.71227394 -1.59623902 -0.22544505 -2.09798042]
[-0.76303183  0.14209715  0.06905218  1.22989472]
[-0.31083222 -0.69303019  1.96991846  0.48074881]
[-0.78593174 -1.18418079 -1.39310967 -0.73442285]
[-0.69112657  2.23085993 -1.62899358 -1.22685353]
[ 1.04499726 -1.01478269  1.51484882 -0.97098526]
[ 1.41758852 -0.39936233 -2.00514309 -1.90849048]
[-0.72698833  1.73209013  0.56563402 -2.16330982]
[-0.76520018  1.10351487  0.27578783 -0.12457515]
[-0.77330909 -0.70760479 -0.59563095  1.01939866]
[ 1.42689359  0.17905058 -1.39592586  0.80938448]
[ 1.25931288  1.18650772 -1.61349909  1.39863974]
[-0.68897721  1.24631545  0.88205431 -0.96209488]
[ 1.41859449 -0.14236001  0.74926546  0.44260108]
[ 1.19225325  0.62917557  1.89527854  0.19882039]
[ 0.92091229 -0.15110464 -3.60257463 -1.08962396]
[-0.6671839  -1.19945702  0.54038745  0.1407736 ]
[-0.74611632 -0.10238774 -0.88106285  1.5831062 ]
[-0.66881242  0.25018701 -1.4308196   1.7604107 ]
[-0.78711229  1.45915217 -0.27151828 -0.46392568]
[-0.64175508 -1.69817552 -0.30756944 -4.82311471]
[ 1.17298075  1.94628138  1.57090616 -2.05394153]
[ 1.48253056 -0.41414465 -1.02594541 -0.89795008]
[ 0.55167163  0.61610827  2.63821312 -0.43618415]
[-0.70747044 -0.43052143  0.60914559  1.08554339]
[-0.74680402 -0.86180851  0.08453179  0.79655191]
[-0.79424862  1.8581811  -0.1369959  -1.83294829]
[-0.74596166 -1.41390441 -0.25182907 -0.9020894 ]
[ 1.48245927 -0.24641727 -1.0879009  -0.24328339]
[ 1.34852762 -0.35932145 -2.69395157 -2.98844143]
[ 1.49039418 -0.0378688   0.01649214  0.53719436]
[-0.6984183  -1.55414646 -0.01288764 -1.52573037]
[ 1.45768652 -0.52566768 -0.07923063 -0.65498576]
[-0.77305519  2.10766097  0.09268321 -3.14437357]
[-0.72395357  1.16803779  0.67021565 -0.59043925]
[ 1.36418138 -0.05100563 -2.00342718  0.09943448]
[ 1.49797045 -0.08998176 -0.525104    0.37032817]
[-0.77476711  1.78129482 -0.78292875 -0.82063208]
[-0.76574349  0.80772508  0.20574297  0.47943131]
[ 0.69527594 -0.06806124  2.53561829  0.22930165]
[-0.60719526 -1.71590668  0.13432992 -2.93035721]
[ 1.45436463 -0.34155503  0.25588236  0.02114306]
[-0.76181756 -0.4267992  -0.7965689   1.3636536 ]
[ 1.17516924 -0.37245868  1.6742487   0.2186552 ]
[-0.78911559 -1.40493479 -0.88369704 -1.45288855]
[-0.4375007  -1.40572178  1.2776156  -0.41810433]
[-0.61527257 -0.79821331  1.03640335  0.76310267]
[ 1.4755355   1.01909652  0.55037804  0.65143838]
[-0.79395096  2.34383675 -0.93915848 -2.73061376]
[-0.734782    0.57405861  0.56942995  0.57714362]
[ 1.42366842  2.04882403 -0.86871462  0.17695693]
[ 0.54611424 -1.03099337  2.1947609  -0.29689853]
[-0.69680436 -1.32577634  0.24833622 -0.29032269]
[-0.77590796 -0.96415099 -0.52010878  0.5332045 ]
[-0.75926359  1.1107128  -0.70088858  0.65348604]
[-0.5503491  -0.35914921  1.42843174  0.8160434 ]
[-0.50019624 -1.12507531  1.29364244  0.2673963 ]
[-0.76828597 -0.37228379 -0.25186565  1.32420465]
[-0.74488211 -1.00095018 -1.8297574  -0.27832189]
[ 0.26683113 -1.47681674  1.86005865 -1.33957473]
[ 1.49985212  0.46963968 -0.42507797  1.02084931]
[-0.54999213  1.46296282  1.34801817 -1.97064411]
[-0.79458932 -1.4861096  -1.07417486 -2.56512701]
[-0.59896897  0.25561149  1.33794828  0.50578982]
[ 1.33593746 -0.57707977  0.89293001 -0.27231977]
[-0.66821088  1.48346958 -1.42935665  0.59162313]
[ 1.45122047 -0.26587907 -1.5689338  -0.6007229 ]
[ 1.47280835 -0.56769903 -0.79676001 -1.47385711]
[-0.57120858 -1.47623932  0.78284576 -0.70297277]
[ 1.11095028  1.41587646  1.95107569 -1.049787  ]
[ 1.36295563  0.24729154  1.23205032  0.59115984]
[-0.77187481 -1.14943967 -0.45286861  0.04895305]
[-0.70963895  0.9493039   0.78385883 -0.19746179]
[-0.76731438 -0.99840681 -1.39046626  0.07121498]
[-0.76132478 -0.70086884 -0.08778338  1.01489236]
[ 1.32331012 -0.80189278  0.6874973  -1.03007264]
[-0.76071033  1.50069783 -0.8239478  -0.02796967]
[-0.76596062 -0.81473271 -1.10693568  0.72087867]
[-0.7139604   0.19838037  0.69447074  0.90163148]
[-0.73637362  1.51068987  0.53592225 -1.39579726]
[-0.40665903 -1.66684179  0.83081888 -1.91084715]
[-0.78762685  2.02489319 -0.84103451 -1.56003073]
[-0.78152832 -1.25241845 -0.66902005 -0.44010324]
[-0.78103248  1.15828698 -0.201885    0.15879354]
[-0.69725819 -0.99696198  0.47003192  0.56763626]
[-0.52127457  0.89422642  1.57711351 -0.65954916]
[-0.67692335 -0.44001231 -1.70257486  1.2930782 ]
[-0.76308196  0.41224891 -0.50301736  1.34452144]

Populations

0.0560281084117
0.345831269659
0.297385641248
0.300754980681

State labels

0
1
2
3
