Cluster centers 

[-0.70746621  0.03171538 -0.91987393  0.43151929]
[ 1.59319308  0.26490604  0.34501963  0.03289583]
[-0.71970092  0.30252128  0.8448431  -0.911124  ]
[-0.47426812 -0.57285967  1.72965134  0.88142912]
[ 1.2836344  -7.74109493  0.36655525  0.50606334]
[ 0.71283956  0.4617144  -0.04595938  2.50540654]
[-0.57001677 -0.38550567 -1.83222002 -1.5999605 ]
[-0.71716334  0.62821471  0.35572856  0.03468082]
[ 1.58729696  0.55469424 -0.17164448 -1.40725812]
[ 1.54739236  0.4047336  -1.33395274  0.77360175]
[-0.56321123  0.55787612  0.23910096  1.19767784]
[-0.69297909 -1.08188363  1.72502354 -0.77099582]
[-0.21562513  0.25028531 -0.25717477  2.1755304 ]
[-0.70913209 -1.41983735 -1.75649602 -0.05594373]
[-0.72559051 -0.21349656 -1.31703132 -0.33182224]
[ 1.64013459 -7.58736864 -0.63103075 -2.46874829]
[-0.70885909  0.73861538 -0.0021955  -0.99437183]
[-0.71925614  0.18436995  1.02670487 -0.48201343]
[ 1.64355112 -0.63687707  0.755069   -0.88522471]
[ 0.80029666 -0.2529656  -1.05204761  2.55568146]
[ 1.4617474   0.20024378  0.04485578 -2.32484607]
[ 1.31807753 -0.12943     0.93829509  1.19388188]
[-0.65009094  0.58628863  0.41574891  0.67528202]
[ 0.46232525 -0.10185763  1.31384718  2.11931542]
[ 1.48186783  0.64840437 -0.69698242  1.06817596]
[-0.73246391  0.23978599 -0.90257599 -0.14584736]
[ 1.56629997 -0.50235087 -2.45160965 -0.97941392]
[ 1.57780519  0.55348543  0.02562618  0.24868745]
[-0.46962482 -0.58841045 -1.04760942  1.68496141]
[-0.60490665  0.00408255  1.3110565   0.54373052]
[-0.65848551 -0.34103885  1.50172766  0.04672445]
[ 1.62680031  0.26138194  0.26647844 -0.43104232]
[-0.71547084 -0.17323351  1.24773774 -0.8720545 ]
[ 1.62675793  0.09574585  0.27719725 -1.20840412]
[-0.70652446 -0.96569826 -1.74779488 -0.56519949]
[-0.24553683  0.33990525  0.9510023   1.83097953]
[-0.65358837  0.12468885 -1.36472348 -1.20043591]
[ 1.52909809  0.15522045  0.52978731  0.47380461]
[-0.65912495 -0.95373613 -1.39196262  0.79137643]
[-0.64637277  0.55068153 -0.04211669  0.83698479]
[-0.65537462 -0.23053738 -0.9949749   0.88189275]
[ -6.26109073e-01  -1.75532462e-03   9.05692648e-01  -1.93420676e+00]
[-0.5819709  -1.18783078  1.92890432  0.2197606 ]
[ 1.61595726  0.67867377 -0.24300759 -0.18334129]
[-0.68012006  0.70479586 -0.57209878 -1.16296324]
[-0.72531384 -0.18811847 -1.1807781   0.08016356]
[ 0.7400086   0.31940181  0.77478238  2.23132558]
[ 1.58780211 -0.2606739  -1.96732601  0.55892509]
[-0.72496219  0.6259338   0.38637399 -0.76709277]
[-0.69546608  0.11498513  0.94300185 -1.34781049]
[-0.73296685  0.70092219 -0.05189754 -0.44724434]
[ 1.48313798 -0.92771019  0.58452779 -2.5991549 ]
[ 1.42869559  0.58751973  0.04552866  1.12502707]
[-0.52667706  0.53906952 -1.18515428 -1.77947636]
[-0.3969853  -0.0265454   1.38823298  1.30895531]
[ 1.61661272  0.77906863 -1.04073064 -0.4445012 ]
[ 1.17229682  0.5535355  -0.28493437  1.98492348]
[-0.45910924 -1.78779185  2.15191643  0.54750149]
[ 1.63751922 -0.13522549  0.51348713 -0.75838468]
[-0.54195006 -0.01844462 -0.71138703  1.4314572 ]
[-0.72432561  0.38280215 -0.6214529   0.18659909]
[-0.70001959 -0.07880393  1.27968388 -0.26700447]
[-0.67201107  0.51381084  0.5001399  -1.47625797]
[-0.66319524 -0.39357375 -1.65751673 -1.08040329]
[ 1.59364439 -0.05484517  0.30591544 -1.69352911]
[ 1.62297754  0.67876451 -0.28492151 -0.70342868]
[ 1.58270306  0.74762218 -0.71198504  0.36668051]
[ 1.30141728  0.14981988 -1.15154747  1.81380758]
[ 1.58363994 -0.22963592  0.72322932  0.00975648]
[-0.72162656  0.49053771  0.67604689 -0.22931116]
[-0.66700258  0.42745436  0.82166079  0.38245634]
[-0.71405651  0.55986192 -0.70945433 -0.76572749]
[-0.71551374  0.61537997 -0.10743485  0.227005  ]
[-0.71126415 -0.62158811 -1.36766865  0.29540881]
[ 1.35257532  0.62052857 -0.39909853  1.53098751]
[ 1.24760631  0.3942361   0.47193385  1.58568478]
[ 1.45945283  0.34347083  0.41651825  0.87389436]
[-0.69741829 -0.51008903  1.35926634 -1.32877809]
[-0.68631243  0.16258364  1.11337461  0.03959392]
[-0.42223496 -1.43968509 -1.38333587  1.74486768]
[-0.64352867 -1.15191306 -1.98606016 -1.15574708]
[-0.44071251  0.51384563  0.54856935  1.53279245]
[-0.55986634  0.38849041 -0.2524613   1.31746509]
[ 1.39195327 -0.37663785 -1.65000109  1.58503974]
[-0.7341471   0.57314106 -0.48559054 -0.28238597]
[ 1.61053237 -0.64495086  0.60005091 -1.75989799]
[ 1.52127004  0.87803994 -0.9415971  -1.52309818]
[ 1.53679613  0.67099215 -0.19755356  0.62872029]
[-0.58810654 -0.5356405   1.66381206  0.41938659]
[-0.65893772 -0.87701196  1.74531542 -0.18676183]
[-0.57252153  0.76491486 -0.0844933  -1.894149  ]
[-0.72754093  0.48045187  0.66087001 -0.6542483 ]
[-0.70054557 -0.48058521  1.49533589 -0.52465575]
[-0.72142888 -0.70569989 -1.54823003 -0.22722793]
[-0.5635109   0.34323239  0.96790017  0.92413878]
[-0.7146747   0.23238091 -1.08509417 -0.66692016]
[-0.68259818  0.35614205 -0.50407594  0.66005724]
[-0.18105293 -0.72957166  1.83018758  1.48943632]
[ 1.6316892   0.31510722  0.15758727 -0.83025523]
[-0.70139465 -0.20808106 -1.44982921 -0.76415982]

Populations

0.163167280115
0.167055911094
0.343217771195
0.326559037596

State labels

0
1
2
3
