Cluster centers 

[ 1.54115005  0.35747315 -0.09566006 -1.48013077]
[-0.52663655  0.00391463  1.39796038  0.94269501]
[-0.7372767  -0.36438393 -1.41455652 -0.47119707]
[ 1.47304388  0.10080052  0.50357651  0.58422417]
[ 1.15488582 -9.7870472   0.46056608  0.01816679]
[-0.73941561  0.08925936  1.07007115 -0.9254217 ]
[-0.71787481  0.79072426  0.01600458  0.2298734 ]
[ 0.72680808  0.45100793  0.11432222  2.51185333]
[-0.74096537 -1.10542602  1.61273856 -1.09780609]
[-0.69339632 -1.78890428 -1.51615024  0.71749893]
[ 1.54992563  0.71187709 -0.53351392  0.37770695]
[ 1.57120839 -0.23754051  0.33373353 -1.30089823]
[-0.72368885  0.72615309 -0.70052636 -0.73606454]
[-0.56703119  0.07984941 -0.59308221  1.37197685]
[-0.46704188 -1.33884391  2.02907293  0.80409477]
[-0.72666429  0.48811978  0.70958105 -1.12970179]
[ 1.38831629 -0.01775066 -1.254788    1.50312725]
[-0.74287235 -0.25153932 -1.1908161   0.04742951]
[-0.69418086 -0.44695875  1.53615742 -0.0927486 ]
[ 1.58052497  0.24988557  0.17654458 -0.36016415]
[-0.6726618  -0.20420617 -1.57298455 -1.13096015]
[ 0.00975772 -0.82735008 -0.9326174   2.4461137 ]
[ 1.516424   -0.3572346  -2.23673452 -0.88824442]
[-0.69826214  0.00816489  1.28582828 -0.00454068]
[ 1.19496801  0.28706415  0.57564864  1.62439349]
[-0.68059994  0.71598959  0.53507845  0.4472925 ]
[ 0.63229993  0.07745279  1.08983747  2.20685162]
[ 1.58120397  0.76259549 -0.5674697  -0.70823795]
[-0.69060519  0.49997233 -0.42651646  0.63847976]
[-0.74025575 -1.01744828 -1.64390429 -0.42170491]
[-0.52974322  0.61403935  0.2762494  -2.32698221]
[ 1.51268655 -0.81713784 -1.94872539  0.82143228]
[ 1.37570329 -0.24827031  0.14627006 -2.55020595]
[ 1.55218133  0.13681885 -1.54180577  0.53174803]
[-0.27399439  0.01071191  1.41171548  1.60791478]
[-0.16030227  0.56874716 -1.58541876 -2.42770784]
[-0.65003896 -1.34520215  1.92296331  0.02702959]
[-0.72426153  0.30139593 -1.10827615 -0.69271244]
[-0.59239757 -0.4007634  -0.90740745  1.29882447]
[-0.73906026  0.88162757 -0.07389875 -0.41713858]
[-0.64275541 -0.93837526 -1.18893789  1.07848451]
[-0.71797935 -0.27445828  1.15951885 -1.49012687]
[-0.73179177  0.25653983  1.04529399 -0.37477923]
[-0.34290836  0.50127817  0.85333725  1.69195443]
[ 1.57090844 -0.93070643  0.63645441 -1.3965526 ]
[ 1.4948352  -0.49059085  0.82114518  0.27564614]
[ 1.33319777 -0.25237637  0.8954194   1.06173712]
[-0.07485502  0.46903969  0.26716686  2.30656929]
[ 1.50281482 -1.25848757  0.60411988 -2.13720687]
[-0.74271563 -1.77763145 -1.78395795 -0.24917792]
[-0.73976413  0.62750989 -0.54974049 -0.08169098]
[ 1.52310754  0.52378017 -1.01888271  0.73503272]
[-0.71252116  0.52982297  0.82847979  0.02273124]
[ 1.58254309  0.64910489 -1.2244773  -0.2123415 ]
[-0.64427504 -0.90072447 -1.90879215 -1.32485818]
[-0.72816804 -0.15615852  1.32113698 -0.41564887]
[ 1.51219869  0.83540715 -1.30857243 -1.23337401]
[ 1.51362149  0.56424543 -0.05515132  0.54378138]
[ 1.54095955  0.78956189 -0.59907814 -1.2778012 ]
[ 0.56242093 -0.0516107  -0.59737985  2.65218622]
[-0.72076708 -1.06540144 -1.38674133  0.49312993]
[ 1.28204852  0.33522354 -0.76477901  1.78847595]
[-0.625548   -0.26157794  1.51452319  0.42599211]
[ 1.34944937  0.5950659  -0.15937394  1.42071526]
[ 1.12901258 -0.72865771 -1.33582765  2.19591243]
[-0.63653213 -2.12482166  2.10487408 -0.11080555]
[-0.74070368 -0.41295731  1.37069593 -0.87395023]
[ 1.58089223  0.27228942  0.05234433 -0.96139814]
[-0.69712337 -0.02167118 -0.86333861  0.6777095 ]
[ 1.57548771  0.6397011  -0.26380729 -0.07289257]
[ 1.12071452  0.50189319 -0.10439115  2.04056115]
[-0.1114438  -0.85732125  1.87577461  1.60258822]
[-0.47084541 -1.63776032 -1.24783642  1.75011943]
[-0.7379575   0.77320312  0.43147356 -0.47037217]
[-0.60052408  0.69350247  0.2503547   1.03986498]
[-0.69040519  0.94826381 -0.39395898 -1.16401913]
[ 1.51400017 -0.24843707  0.23802827 -1.87632609]
[-0.51006166  0.45410319 -0.17127392  1.51568604]
[-0.67889961  0.24934193  0.78067627 -1.72339573]
[-0.62236955 -0.78870185  1.75897821  0.30898493]
[ 1.41330251  0.42880536  0.23627357  1.02041138]
[-0.68398888  0.85139872  0.19621793 -1.40189041]
[-0.72144131 -0.99514852  1.69788349 -0.50597637]
[-0.74331745 -0.82863824 -1.42118582  0.09528447]
[ 1.58617419 -0.11805659  0.36431303 -0.78094746]
[ 1.38083567  0.69239174 -0.52252818 -2.19715941]
[-0.61135314  0.44854248  0.98114629  0.73629073]
[-0.7433406   0.18713871 -1.0322562  -0.25933846]
[ 1.4536629   0.60420611 -0.59435687  1.08589625]
[-0.73469855  0.21521146 -0.85607083  0.19398818]
[ 1.56722318 -0.16464307  0.50197826 -0.26870362]
[-0.65733894  0.19492036  1.1984723   0.37446785]
[ 1.58689569  0.51231777 -0.11948993 -0.55913048]
[ 1.5438829   0.24347044  0.27648586  0.1470143 ]
[ 1.06617079 -0.4569596   1.23013262  1.61812576]
[-0.71362045 -0.46527359 -1.14197226  0.54740291]
[-0.50049878 -0.57061671  1.72968616  0.87689956]
[ 1.57825948 -0.60169781  0.6608722  -0.62745726]
[-0.73991692  0.49946058  0.7865142  -0.62806726]
[-0.63580674  0.56348452 -1.1654123  -1.40925039]

Populations

0.0856512739819
0.290795243106
0.233593714061
0.389959768851

State labels

0
1
2
3
