Cluster centers 

[-0.46271748  1.05091576  0.01914562 -0.15281115]
[-0.44176394 -1.07485305 -0.52228479 -0.11418495]
[-0.4224882  -0.38430354 -0.00680958  1.22143973]
[ 2.75135802 -0.39195642 -0.13159479 -0.73225672]
[-0.38078959 -1.54914567  0.74892071 -0.87252246]
[ 2.29927005 -0.45366732  1.21111157  0.54043808]
[-0.37187684  0.25367203 -1.48948004  0.69626168]
[-0.39646621  1.4831998  -0.2219391  -1.36411819]
[ 2.80341247 -0.25241734 -1.14479628 -1.17116901]
[-0.41847385  0.7126476  -0.92318004  0.42022489]
[-0.46356084  1.38195821  0.47555702 -1.15571594]
[-0.3973027   0.73018823  0.88365774  0.63475938]
[-0.33718674 -1.02398554  0.59633123  0.72511058]
[ 2.71098354  0.26027017 -0.28608728  0.65322878]
[-0.45088687 -0.20834489 -0.76828607  0.96861313]
[-0.29918509  0.39403015  1.07909192  1.2277469 ]
[-0.40930398 -1.52616326 -0.38794235 -2.05365857]
[ 1.07370153  0.09718684  2.20411081  1.82306611]
[-0.09068184 -1.71787727  1.9107109  -0.97804478]
[-0.05724526  1.47468924 -1.84523022 -0.98941465]
[-0.30532957 -1.08279173 -1.47627259 -1.08980345]
[-0.46144251  0.42181754 -0.2976717   0.89297317]
[-0.45082847  1.53441691  0.44658535 -1.71982839]
[-0.43311333 -1.616697    0.30683633 -1.7073119 ]
[ 2.72355277 -0.65431703 -1.17101964 -3.56231988]
[ 2.47472133  1.61074841  1.33600813  0.24761951]
[-0.33284019 -1.30836136  0.76258201  0.08570187]
[-0.41552111 -0.66566156 -1.16265146  0.34374036]
[-0.45300109  0.53738853  0.12774407  0.83693078]
[-0.1957911   0.46617776 -2.17934597  0.3265514 ]
[ 1.93593844  0.04316331  1.70107271  1.50092877]
[-0.43904848 -1.36257643 -0.20948532 -0.88257264]
[-0.44580242  1.25221168  1.16577033 -0.77442971]
[-0.24632528  1.74470133 -0.67328695 -2.13485416]
[ 2.79923137 -0.73545317 -0.14551653 -2.76655352]
[-0.26296519 -0.61784912 -1.96248429 -0.18304842]
[ 2.3630247   0.38155568  1.00031446  1.23047328]
[-0.42534573 -1.68591809  0.09471867 -2.60249632]
[ 1.14915387 -1.08428076  2.37969263  0.66617328]
[-0.03850291 -0.68695233  1.36002115  1.50629512]
[-0.43645594 -0.96273808 -0.15967467  0.420138  ]
[-0.3587875   0.86935609  1.27443899  0.38262429]
[-0.28832182 -1.9312861   1.76294204 -2.63872138]
[ 1.4465503   1.14924701  2.81006884  0.76860224]
[-0.43784227  1.2514461  -0.17590974 -0.66757217]
[ 2.78770995  0.8664657  -1.23800006  0.52676676]
[-0.2247557   1.8384237   0.62143725 -2.93025435]
[ 2.72022804  0.25217822 -2.06087081 -0.47048745]
[ 2.80568399 -0.43314765 -0.59423142 -1.41190909]
[-0.46267398  0.67539918 -0.28692441  0.56648133]
[-0.30210124  1.33537951  2.20805276 -1.12810207]
[ 2.70299855 -0.11057281 -2.01959286 -1.29528944]
[ 2.7994053   0.15232449 -1.21605194 -0.11460255]
[-0.44399354  0.09534403 -0.05508836  1.20104186]
[-0.35482691  1.31182847 -0.79197916 -0.76477875]
[-0.40236238 -1.41155574  0.44941819 -0.49787596]
[ 1.63366608 -0.56406353  1.99845468  1.26859165]
[-0.11745708 -1.12554134  1.32486289  0.82593594]
[-0.4494231   0.77644873 -0.52205333  0.36851442]
[-0.37372442  1.02488896 -0.9878902  -0.09937495]
[-0.44401882 -0.52594948 -0.30532642  0.9887582 ]
[-0.43303653 -1.24621225 -0.00370833 -0.24167681]
[-0.42212542  1.03218961  1.08881495 -0.07928977]
[-0.2694017  -0.75717009  0.80222239  1.23733517]
[-0.34540208 -0.39794812 -1.68570147  0.37123728]
[-0.44880703 -0.62592422 -0.67397736  0.69694019]
[-0.41866614 -1.23716956 -0.72008468 -0.86051193]
[-0.45922433  1.08871534  0.71849328 -0.24824506]
[-0.404486   -0.92852748 -1.1062933  -0.18674762]
[ 0.36910647 -1.15992181  2.06566557  0.86606144]
[-0.39054867  0.25471001  0.51036798  1.2528563 ]
[-0.12377963 -1.44309518  1.50701522  0.00577789]
[-0.17773784  1.0406398  -1.90938135 -0.14623327]
[-0.46457856  0.79506365 -0.02599608  0.39472089]
[ 2.6337479  -0.16903869  0.23672726  0.29703622]
[ 2.646763    0.80846997  0.14371833  0.95434867]
[-0.44309194  0.30717959 -0.86153933  0.8457464 ]
[ 0.17997918 -0.10188626 -3.07858085 -0.24493185]
[-0.28511928  1.0656609   1.86041152 -0.10957065]
[-0.46693061  1.48543776  1.21735991 -1.70818686]
[ 1.18723741 -0.11179698 -0.81198314 -0.55342413]
[-0.44494367 -0.84897491 -0.63465     0.3562953 ]
[ 2.55858728 -0.6843725   0.85682305 -0.81901297]
[-0.42722459 -1.49787099  0.30505864 -1.01279126]
[-0.39511317 -1.14341936  0.33162064  0.29917237]
[ 2.78021153 -0.37089934 -1.32284075 -1.83425218]
[-0.36224108 -0.22344102  0.45824275  1.42766115]
[-0.45385589  0.85249013  0.46527744  0.32334455]
[-0.33606176  0.64965864 -1.52610733  0.40763483]
[-0.23369415 -0.10042851  1.01031821  1.59113201]
[-0.41790767 -1.42001345 -0.48882749 -1.49128834]
[-0.40302719 -0.79967759  0.15727501  0.89646128]
[-0.40664004 -0.25225379 -1.31994932  0.70117712]
[-0.46849124  1.21139623  0.52117882 -0.60339272]
[ 2.7845427  -0.12517247 -0.6299528  -0.31786413]
[-0.45768162  0.06499483 -0.46122579  1.09225138]
[-0.136064    0.57692273  1.71854181  1.10398755]
[-0.40640264 -1.77891944  0.88469404 -2.22074086]
[-0.27505535 -1.61895962  1.29682923 -0.8093602 ]
[-0.2381506   1.48823202 -1.17149659 -1.17099743]

Populations

0.104490768938
0.0359255668474
0.579717918468
0.279865745747

State labels

0
1
2
3
