Cluster centers 

[-0.69372728 -0.00763186 -1.28369936 -0.76472961]
[ 1.65062524 -0.05645054  0.46048131 -0.50859109]
[-0.58605668  0.50264159  0.76688062  0.87105863]
[ 1.24806968 -8.35011001  0.42561628  0.42490558]
[-0.70765614 -0.3052158   1.32616891 -0.95816609]
[-0.71725788  0.73212337  0.26379975 -0.49443426]
[-0.36433023 -0.47917748 -0.94133692  1.95517742]
[ 1.44109289 -0.0772772   0.75452377  0.92435068]
[ 1.65013958  0.62910514 -0.19115091 -0.45727917]
[-0.66445693 -0.09299943 -0.93115685  0.72953055]
[ 1.64629086 -0.08686608  0.37064592 -1.24679843]
[-0.41355009 -1.01855642  1.90366795  0.99525816]
[-0.68321086 -1.28877866 -1.53833939  0.49260416]
[ 1.20472654  0.20283197  0.67086328  1.69230298]
[-0.67097565 -0.50786495  1.56138625 -0.13331952]
[ 1.47016933  0.46412023 -0.96071855  1.29067067]
[-0.70300399  0.63268455 -0.24149521  0.21403718]
[-0.71372356  0.59942991  0.56551487 -0.71206762]
[-0.67915204  0.51474594 -0.88852276 -0.97536687]
[-0.71606825 -0.18976208 -1.16927035  0.03689443]
[-0.5863446  -1.59737743  1.99992627  0.15139522]
[ 1.49632235 -0.51715571 -1.81601818  1.24788499]
[-0.50180549 -1.59863969 -1.43988655  1.47737462]
[-0.6593376  -0.47759139 -1.63736904 -1.06832077]
[ 0.51570522  0.41322993 -0.10836512  2.6609546 ]
[-0.70418056  0.5019343   0.7452879  -0.14447192]
[ 0.00393925 -0.19792743  1.46291913  1.98577284]
[-0.6005803   0.53671883 -0.14378282  1.04516606]
[ 1.52755384 -8.29885457 -0.98613128 -3.16281852]
[ 1.38412704  0.89775351 -0.73105203 -2.39075718]
[ 1.43635829 -0.04359494  0.20095666 -2.62110406]
[-0.5918477   0.30591906  0.71748605 -1.95975157]
[-0.7045392   0.28411805  0.99993327 -0.25454604]
[ 1.40196828  0.4707958   0.23204157  1.27151732]
[-0.71353447  0.32581788  0.91383553 -0.61019013]
[-0.70092957 -0.83144955  1.5989875  -0.85334248]
[-0.52215592  0.63276565 -1.06123133 -1.75062156]
[ 1.65088435 -0.96284798  0.76391275 -1.39249234]
[-0.62131133 -0.213401    1.45072821  0.35416291]
[ 1.59972595  0.75292174 -0.4456413  -1.42767944]
[-0.35729444 -0.42437436  1.63640534  1.3022173 ]
[-0.60878123  0.83545946 -0.04680741 -1.66752887]
[-0.48120707 -0.05169758 -0.71215375  1.6258944 ]
[ 1.60118347  0.70164596 -0.32624786  0.37761023]
[ 1.62290159  0.57134262 -1.56958709 -0.81033622]
[-0.69072968 -0.58070556 -1.26930245  0.47421028]
[ 1.21199911  0.39301158 -0.72283089  2.04920482]
[-0.6822105   0.66170304  0.39290484  0.31298136]
[-0.45224939  0.15402805  1.20098108  1.23403499]
[-0.71040457  0.20270434 -1.05787842 -0.54054924]
[-0.71496585  0.70347248 -0.38100906 -0.52245883]
[-0.70303645  0.09788278  1.14786972 -0.34737206]
[ 0.80377495  0.06413797  1.00243051  2.18558389]
[ 1.64251217  0.73597096 -0.95818349 -0.06134603]
[-0.03953131  0.1298522  -0.45009846  2.48942774]
[ 1.60655541 -0.11849845 -1.80889658  0.51310375]
[-0.65778527  0.41984273  0.88887245  0.35337024]
[-0.69786001  0.35804364 -0.63117087  0.365981  ]
[ 1.0225978  -0.30570453 -1.20809705  2.43554199]
[-0.71280201  0.72257652  0.13482474 -0.06157633]
[-0.71083456 -0.9525228  -1.6421294  -0.4229875 ]
[-0.71233586 -0.75285819 -1.44056587  0.08193175]
[ 1.62159299  0.44958166  0.10115247  0.04548003]
[ 1.65280979  0.27224305  0.19957892 -0.6290663 ]
[-0.7194225   0.3838242  -0.75813748 -0.15219076]
[-0.60116128 -0.52604569 -1.0977491   1.13051805]
[-0.70709053 -1.61379471 -1.80783742 -0.29108527]
[-0.27525149  0.35726269  0.96760145  1.76502191]
[-0.67538333  0.82440889 -0.23127871 -1.11381367]
[-0.65187135 -0.34612638  1.19728013 -1.75917991]
[-0.51123997 -0.46073504  1.63639952  0.81244675]
[ 1.58604098  0.62771193 -0.96151434  0.63777988]
[ 1.63840711  0.427949   -0.00988358 -1.17190441]
[-0.38586024  0.42263952 -0.13110248  1.82914493]
[-0.69745271 -0.33208973 -1.45487247 -0.69688005]
[-0.69846312 -0.27087794  1.393131   -0.41094143]
[ 1.53875893  0.67517563 -0.33060094  0.8147995 ]
[  9.52116462e-01   5.39388334e-01  -1.21390797e-03   2.33085355e+00]
[ 1.55158306  0.33541119  0.30966293  0.55402974]
[-0.69379959 -1.50661776  1.81482219 -0.98916534]
[-0.63429391  0.11759892 -1.35867023 -1.26146773]
[ 1.59556936 -0.69045068  0.56199836 -1.98924769]
[-0.62359345 -0.78458521  1.72961763  0.16067048]
[-0.71632726 -0.30330567 -1.32327648 -0.29481912]
[-0.55296809 -0.4765581  -1.82502596 -1.66366381]
[ 1.58536493 -0.10217895  0.61664133  0.20906398]
[-0.60693174  0.15037074  1.19052143  0.57190197]
[ 1.64508491  0.77163023 -0.516979   -0.77416429]
[-0.71347515  0.08360702 -0.96198046  0.11383919]
[-0.66989701 -0.02873005  1.29126427  0.05199641]
[-0.60695601 -1.26259292 -2.03082468 -1.43407916]
[-0.06056414 -1.09175518  1.93560084  1.6822881 ]
[ 1.569866    0.31064373  0.02219297 -1.8701568 ]
[ 0.48860222  0.45115237  0.58473523  2.48623041]
[-0.69773617  0.20828856  0.94227127 -1.16335218]
[-0.58091329  0.29550978 -0.48077858  1.19243074]
[-0.67861828  0.64003317  0.45141337 -1.28499503]
[-0.63427984  0.64698249  0.16713117  0.77271847]
[-0.49825205  0.56735239  0.18884679  1.41291234]
[ 1.32521294  0.59836126 -0.09704093  1.61154983]

Populations

0.00793280405293
0.0223969187128
0.00969299544644
0.0148098468078
0.0136194845288
0.00464368282663
0.00851680932485
0.0166835207073
0.0183565434029
0.0225590796177
0.00523079605191
0.0085674269437
0.0102952864003
0.0121774202733
0.0107328542185
0.016784082989
0.0135628426542
0.0109815780886
0.0170284407469
0.00646439973065
0.00359606620945
0.00360588218118
0.00700248757306
0.00340630006241
0.015771754465
0.00491188640434
0.00785756330604
0.00348023351007
0.00503862536151
0.00425859347407
0.00928532447033
0.0122151848057
0.0149963243824
0.0100728942562
0.00366684669497
0.00708184836408
0.0114403871727
0.00747749347313
0.00391232251349
0.00520794544488
0.00523266676685
0.0153180680449
0.00526504011778
0.017235555996
0.00609507138896
0.0132901905905
0.00754065636734
0.0130188078627
0.015923027053
0.0131572079072
0.00853269973325
0.00919681448292
0.00180030884263
0.00501488719666
0.0138102373284
0.017514599748
0.00597206443323
0.0130236948134
0.014601886145
0.0142234283786
0.016881053809
0.018993770665
0.0192108922093
0.0140678489173
0.00619516884154
0.00625431545784
0.0105646923094
0.00483372173225
0.00838636309032
0.0101640288683
0.0152524874102
0.00465285788208
0.00884717376984
0.0113794091846
0.0130241719031
0.00499328993254
0.0169795702996
0.00273700710376
0.00695688353378
0.0121613218775
0.0100066783058
0.0131056496344
0.00398933701824
0.0145116446912
0.0143833195471
0.010325617113
0.0154661608414
0.0133014203555
0.00331950288796
0.00159615003478
0.0120034094181
0.00423583921633
0.0142757871438
0.00946887364799
0.010501930892
0.0101196621294
0.00644710362796
0.0093161938501

State labels

0
1
2
4
5
6
7
8
9
10
11
12
13
14
15
16
17
18
19
20
21
22
23
24
25
26
27
29
30
31
32
33
34
35
36
37
38
39
40
41
42
43
44
45
46
47
48
49
50
51
52
53
54
55
56
57
58
59
60
61
62
63
64
65
66
67
68
69
70
71
72
73
74
75
76
77
78
79
80
81
82
83
84
85
86
87
88
89
90
91
92
93
94
95
96
97
98
99
