Cluster centers 

[ 1.38638546 -0.08776969 -1.30106286  1.64689478]
[-0.71767982  0.6904937   0.53972122 -0.38229824]
[-0.71207912 -0.03866131 -1.00139803  0.2390659 ]
[ 1.50505639  0.38641572 -0.16632929 -2.05555725]
[ 1.52529264 -9.32758321 -0.80369723 -2.9155918 ]
[-0.54416893  0.18826109  1.22552317  0.87725355]
[ 1.58397697 -0.1885734   0.60959798  0.09027349]
[-0.71311718 -0.21745404 -1.33486805 -0.50963248]
[-0.68885948  0.09983873  0.97233936 -1.40661634]
[ 1.57816212  0.71267257 -0.62539354  0.57396072]
[ 1.27911253  0.26012195  0.58246164  1.51245735]
[-0.71100634 -1.25804752  1.65781997 -1.1556019 ]
[ 0.43101639  0.45675875 -2.0054394  -3.0234446 ]
[-0.49619629 -0.28266387 -0.78872001  1.59749888]
[-0.70965147 -1.837054   -1.82362183 -0.35506395]
[-0.65529597  0.72348241  0.25906615  0.61023286]
[-0.7205418   0.62138444 -0.53900765 -0.15908383]
[ 1.19096343 -9.4028013   0.50508397  0.43239506]
[-0.60519501 -0.97442943  1.81959403  0.24194525]
[ 1.639447    0.23153841  0.13274614 -0.88565132]
[-0.70165167 -0.08756233  1.29656597 -0.32714604]
[-0.72087297 -1.21862491 -1.63036162 -0.20605882]
[-0.69541408  0.33419207 -1.07817951 -0.79143196]
[ 0.27123605  0.47947999  0.54940542  2.48357352]
[ 1.61877211 -0.79743615  0.57601076 -1.593631  ]
[ 1.58947075  0.31801822  0.23897957  0.21078665]
[-0.2476452   0.26486814  1.16095557  1.76769657]
[-0.62910467 -0.89537342 -1.20713382  1.01338913]
[ 0.36963166 -1.21950747 -1.18592997  2.70056214]
[ 0.76023735  0.47228057  0.02305846  2.52709524]
[-0.61504674  0.68755344  0.36524554 -1.74274605]
[ 1.633473    0.80978936 -0.630699   -0.71019766]
[-0.68774776  0.61795038 -0.28046484  0.45649911]
[-0.54025945  0.68180413 -1.11697397 -1.76607391]
[-0.66763815  0.0644429   1.25334005  0.11714324]
[-0.58202177 -0.15733117 -1.65391834 -1.52371581]
[ 1.31525532 -0.35913865  1.00745742  1.18887567]
[ 1.58831429 -0.41939858 -2.23972909 -0.72814651]
[ 1.56335407  0.59140355 -0.07189897  0.53365124]
[ 1.63309116 -0.73966648  0.73428435 -0.67959357]
[-0.72214744 -0.27320852 -1.22195074 -0.05552488]
[-0.71685303  0.35919859  0.92094648 -0.54770257]
[  4.07412796e-01  -9.90856857e-04  -5.53172415e-01   2.68839349e+00]
[-0.64809989  0.14143878 -0.68968126  0.86736056]
[-0.62657896  0.92606238 -0.5017402  -1.45495812]
[ 1.45614221  0.53657493  0.07096974  1.09063209]
[-0.58617313 -1.75558261  2.05012     0.12788476]
[ 1.5661779   0.86957922 -1.11132948 -1.33055714]
[-0.70285079  0.7644357   0.31310828  0.08972254]
[ 1.57176305  0.34148613 -1.30618011  0.74876766]
[-0.56582157  0.66147653  0.408604    1.08855641]
[-0.68435623  0.89206902 -0.00897902 -1.1226401 ]
[-0.71585888 -0.17191761  1.26225376 -0.80534652]
[-0.3994065  -0.15235307  1.50506873  1.257938  ]
[ 1.63969321  0.58397962 -0.17222894 -0.5426416 ]
[-0.58500726  0.46459519 -0.2576861   1.16230127]
[ 0.81135473  0.08191517  1.0074363   2.16688176]
[-0.66146864 -0.29506495 -0.99192022  0.80014659]
[ 0.11847461  0.07268204  1.27580229  2.16816464]
[ 1.63120457  0.30163659  0.16580525 -0.29816034]
[-0.71047265 -0.44532252  1.34196723 -1.15426316]
[-0.71904274  0.82684211 -0.10448603 -0.31624145]
[-0.72059964  0.27187052 -0.95815624 -0.31085323]
[-0.60980877 -0.95214091 -1.91655683 -1.3875988 ]
[-0.69675059  0.46703554  0.87464919 -0.03956754]
[-0.68978722 -1.42718411 -1.49332653  0.52036778]
[-0.69521885 -0.38328498  1.46540485 -0.32630416]
[-0.72037326 -0.67203737 -1.47797577 -0.31374909]
[ 1.63147437  0.68790873 -1.17185866 -0.13702666]
[ 1.04825977 -0.42404208 -1.15000988  2.40381098]
[ 1.62031883 -0.1359119   0.29700011 -1.38757487]
[-0.61008402 -0.08391349  1.3972112   0.46328963]
[-0.52062866 -1.89797654 -1.4048549   1.44632458]
[-0.70909898  0.40344085  0.80804754 -1.00349342]
[ 1.51535378 -0.66188069 -1.84721675  1.05060834]
[ 1.49714549  0.12740981  0.51911712  0.71811188]
[-0.70972681 -0.72469807 -1.32099876  0.30300217]
[-0.66621378  0.02311921 -1.38033142 -1.04553293]
[-0.68937297 -0.64698255 -1.62589156 -0.83081289]
[-0.71012646  0.31435675 -0.73807135  0.24398358]
[-0.64008669  0.48850644  0.88512548  0.49796337]
[-0.39126127  0.55671517  0.696903    1.60928929]
[-0.64798934 -0.43106922  1.55806016  0.1156923 ]
[-0.69525691 -0.98659298  1.69943316 -0.51341347]
[ 1.47881555  0.60696842 -0.63460071  1.18257555]
[-0.70474059  0.16478567  1.12549966 -0.29084831]
[-0.64341204 -0.18300587  1.03294481 -1.88656509]
[ 1.62094285  0.69839361 -0.3428581   0.03439213]
[-0.33811319  0.38457742 -0.12530854  1.94676273]
[ 1.28354091  0.57482676  0.02170481  1.69440473]
[ 1.61608313  0.51973776 -0.18155477 -1.23192308]
[-0.05832325 -0.84999265  1.84337273  1.63071195]
[ 1.10146423  0.46002526 -0.35933236  2.21602078]
[ 1.32692605  0.43830501 -0.6955897   1.76030085]
[ 1.63877399 -0.15847471  0.44466625 -0.63539851]
[-0.71284587  0.77844848  0.33286341 -0.78793546]
[-0.49592586 -0.66898946  1.75346818  0.80643859]
[-0.32730825 -0.86073007 -0.98630042  2.05815939]
[-0.69180126  0.7296203  -0.67586994 -0.87740068]
[ 1.51000816 -0.84966814  0.45750583 -2.36561934]

Populations

0.00537659738256
0.014302078252
0.0175004575083
0.0131872789469
0.00918791763588
0.0140382541521
0.0117994865725
0.00884947896719
0.0126114904481
0.0110743619543
0.00298073005684
0.000440280470106
0.0083498702679
0.00591680849703
0.0128631234753
0.0176862016931
0.00859670317028
0.0166597063062
0.0101228708524
0.0105652302573
0.0110950217438
0.00318905181748
0.013321681366
0.016079636638
0.00429046847218
0.0125316566414
0.00122474881279
0.00482623658002
0.00746729729229
0.00941108061967
0.0154384881286
0.00348222988428
0.0131123769715
0.00487952204289
0.00581810614714
0.00246722022504
0.0160053730351
0.00894661063563
0.0165884450534
0.0149975028735
0.00297323347709
0.0132855937071
0.00509055790841
0.0131345252043
0.00647459687329
0.0067090006466
0.0161856552838
0.00778820193192
0.00856392077476
0.00924882726588
0.0125892361674
0.0053061373505
0.0146014794391
0.0114790028658
0.0100777588996
0.0155181135048
0.00423528089101
0.0177639046271
0.00832796689749
0.0174628792849
0.0185624453246
0.00503394842593
0.01522982471
0.00812028837872
0.0107614402898
0.013423501083
0.00720809558014
0.00449215097518
0.0204073999951
0.0120424403725
0.00292623782613
0.0157109552399
0.00385296551277
0.011186076656
0.0177380781682
0.00798462705803
0.00935784001097
0.0172586012846
0.0148234943154
0.00602441405943
0.0117642827468
0.0113733275232
0.0114206363157
0.0106615817436
0.00390900287885
0.0163394827694
0.00568274730886
0.00854962717458
0.01399841494
0.00395456338988
0.00441527624462
0.00545238938219
0.020086404385
0.0125047556912
0.00969781626985
0.00299196035677
0.0116897776256
0.00926557313952

State labels

0
1
2
3
5
6
7
8
9
10
11
12
13
14
15
16
18
19
20
21
22
23
24
25
26
27
28
29
30
31
32
33
34
35
36
37
38
39
40
41
42
43
44
45
46
47
48
49
50
51
52
53
54
55
56
57
58
59
60
61
62
63
64
65
66
67
68
69
70
71
72
73
74
75
76
77
78
79
80
81
82
83
84
85
86
87
88
89
90
91
92
93
94
95
96
97
98
99
