Cluster centers 

[ 1.43462838 -9.07912262  0.06381147  0.04532155]
[-0.71549689  0.78990268 -0.11453875 -0.37158982]
[ 1.6561148  -0.16073363  0.39071887 -1.07937419]
[-0.59470227 -0.76761963 -1.15073909  1.15689347]
[-0.6966167  -0.07487109  1.28965169 -0.32317434]
[ 1.51713326  0.66847717 -0.32888407  0.97534642]
[-0.41453936  0.54671064  0.65977649  1.53269905]
[-0.70497545 -0.81317551 -1.58968641 -0.47645163]
[ 1.62233791  0.37610114  0.17091822  0.04983296]
[ 1.44642215 -0.12059088 -1.43470835  1.5001919 ]
[-0.6753355   0.68684716  0.41492308 -1.29372618]
[-0.68464713  0.46818347 -0.94144989 -0.86172972]
[ 1.48338513 -0.78118169 -2.5914575  -1.50054926]
[-0.60525682 -1.15030915  1.88290854  0.16791587]
[-0.67690618  0.45699147  0.87785342  0.15436022]
[ 0.85706798  0.05380295  1.01603496  2.13377306]
[-0.60802235  0.21229305 -0.57064043  1.05709686]
[ 1.59445682 -8.83012913 -0.72097111 -2.67588503]
[ 1.52827476  0.8120369  -0.58615664 -1.80149579]
[-0.71290196 -0.18947722 -1.1463178   0.05133564]
[-0.6209195   0.59625657  0.65104228  0.68405385]
[-0.70431751 -0.93782879  1.61226316 -0.94683282]
[ 1.26503153  0.32245555  0.53640803  1.6025331 ]
[-0.44032185  0.01563462  1.37123255  1.19115054]
[ 1.64534677  0.8390466  -0.89780309 -0.71057662]
[-0.69084711 -1.92423387 -1.71856254  0.21786732]
[ 1.65200928 -0.36758817  0.5956852  -0.57598439]
[ 1.51435836  0.05555462  0.58744919  0.67550528]
[-0.38101744 -1.13613579  1.96745394  1.01763048]
[ 0.69459617 -0.16253681 -0.82291909  2.67194704]
[-0.49152442  0.65352443 -1.14483604 -1.8690309 ]
[-0.68911682  0.37725436 -0.5871452   0.43910021]
[-0.65583978  0.67048028  0.02434502  0.62749845]
[-0.70924037 -0.25818674  1.31638613 -0.83571635]
[ 1.06366658  0.50439017 -0.18284627  2.24676517]
[ 1.47667616 -0.17368949  0.20273368 -2.43301604]
[-0.7155499   0.53431317 -0.65825357 -0.29670202]
[ 1.38210807  0.41665391 -0.84306848  1.64546119]
[ 1.65610556  0.24674608  0.15124816 -0.85052679]
[ 1.62284046 -0.93505692  0.63520103 -1.73084657]
[ 1.64709645  0.30928425 -1.77450857 -0.43630233]
[-0.70108632 -0.28152485 -1.38571953 -0.57598586]
[-0.71219659  0.33646045  0.90962979 -0.70826472]
[-0.56831294 -1.90940991  2.09820566  0.1514464 ]
[-0.33916014 -0.44077381  1.67754468  1.32147874]
[-0.69808146 -1.23101662 -1.52965699  0.26328736]
[-0.61610071 -0.58816541  1.66015776  0.25386106]
[-0.64498411 -0.0776326   1.36195632  0.21035099]
[ 1.58725254  0.71569716 -0.64489347  0.62327451]
[-0.71112564 -0.64120208 -1.37014837  0.05393249]
[ 1.6535122   0.63304545 -0.22810804 -0.57893424]
[-0.33562669  0.3378051  -0.17600143  1.94280248]
[ 0.48202992  0.37644074 -0.09848511  2.62311446]
[-0.61982449 -0.00416873 -1.47176883 -1.30172534]
[-0.70942364  0.78203288  0.24700797 -0.72537479]
[ 1.56662388  0.86126559 -1.31072628 -1.37240686]
[ 1.40800252 -0.52977749  1.04471352  0.91846365]
[-0.45314791 -1.59427576 -1.33795998  1.65152972]
[-0.6808351  -0.39123782  1.25689339 -1.49148885]
[ 1.61803935  0.67642195 -0.24870887  0.22703402]
[ 1.29188864 -0.08023014  0.87834859  1.38190967]
[-0.61024122  0.90835398 -0.31886281 -1.58308871]
[-0.67114026 -0.89372574 -1.31955122  0.64029755]
[ 1.6174874  -0.08371543  0.25977328 -1.62554426]
[ 1.53100718  0.52020136 -0.97835537  1.058008  ]
[-0.59888102  0.22882256  1.15808877  0.62115148]
[-0.67839788 -0.48453664  1.54122067 -0.22257532]
[ 0.95873898 -8.69399195  0.84703776  0.85393041]
[ 0.45346566 -1.00461561 -1.18619754  2.7052102 ]
[ 1.64379225  0.74768326 -0.88237526 -0.00587393]
[ 1.6499629   0.19470793  0.26336302 -0.39719576]
[ 1.54876167  0.41455112  0.21856064  0.62600292]
[-0.70906273  0.68237162 -0.25413121  0.06563423]
[-0.67909656 -1.13067714  1.78388525 -0.41446411]
[ 1.5951307  -0.53011184 -1.95756888  0.71722315]
[-0.68570845  0.82222484 -0.38889599 -0.95855274]
[-0.06913057  0.14984629  1.2288762   1.98604715]
[-0.70273552  0.32906558  0.97762168 -0.26215541]
[-0.67812645 -0.19927534 -0.99665776  0.59773397]
[-0.555029    0.70056881  0.28864271 -2.00015933]
[-0.69889054 -1.43872445 -1.80211586 -0.53888082]
[-0.60003414 -0.23472989 -0.88638     1.13710584]
[-0.71019047  0.18838244 -0.86291016  0.13689648]
[ 1.60554611  0.32917645 -1.41068409  0.61240603]
[-0.69846153  0.72238947  0.36510261  0.0717572 ]
[ 1.15532775 -0.38666076 -1.25424094  2.25146532]
[-0.66345339  0.14098696  0.91967992 -1.57591785]
[ 0.46363912  0.39046918  0.75345576  2.41777817]
[ 0.12340786 -0.7755999   1.78835953  1.84235393]
[-0.51297677 -0.52004415  1.68181278  0.76967571]
[-0.60731681 -0.72786303 -1.83089937 -1.36053223]
[-0.71339901  0.64457302  0.57125094 -0.44383328]
[-0.56281967  0.54063001 -0.0607493   1.20474679]
[-0.70273167  0.26112204  0.919005   -1.07305091]
[-0.71341177  0.15809153 -1.04173109 -0.35285465]
[ 1.43420677  0.55132029  0.08534677  1.22794982]
[ 1.62300217  0.47263879 -0.11586522 -1.34508889]
[ 1.60011798 -0.17625314  0.61984694  0.0993392 ]
[ 1.28296967  0.58515487 -0.07766528  1.75742354]
[-0.423765   -0.34834925 -0.80686781  1.7994245 ]

Populations

0.0125885219293
0.0161312276727
0.00930803786032
0.0187942573704
0.0102251540839
0.00854784621935
0.0138413211904
0.0159549063917
0.00428910097829
0.0105708783859
0.0150097779894
0.00109114121121
0.0058231358853
0.0150138426827
0.00762118685539
0.0115380833352
0.008175055285
0.0192667220796
0.015685555007
0.00762843205242
0.00982304119369
0.00824740346681
0.00762951403104
0.00381064047974
0.0162369316382
0.00828160470507
0.0045093483095
0.00292728798773
0.00350614702488
0.0170064900148
0.0143430846814
0.0151626743666
0.00683878154341
0.00864892330196
0.0171991589623
0.00725656181246
0.0155378907374
0.0136284308206
0.00292463926404
0.0184906569989
0.0158724112901
0.00403163064823
0.00291035507194
0.00883781212225
0.00966060985707
0.0174045558068
0.00941821283436
0.0184251297938
0.0198413645079
0.00561068479583
0.00417572800126
0.0102353532292
0.0126392347325
0.00342396577926
0.00268267060763
0.00359955271429
0.00708310443797
0.0168939192147
0.00554390532628
0.00477154726344
0.0122515422
0.0151322268833
0.00707772520861
0.014208942216
0.0140064658981
0.00127404785452
0.00870861473081
0.0172295844758
0.0151569806319
0.0162166986403
0.00797473259028
0.00287453281329
0.0114119386946
0.0059346615601
0.0159011376034
0.0201415434373
0.00368064914259
0.00770778828068
0.00868375335629
0.0167838895737
0.0055231941765
0.0172246992788
0.00411101617493
0.00771031341798
0.00457811790001
0.00277439323523
0.00852470250936
0.00836860280922
0.0163354425661
0.0105291171602
0.010584353322
0.0173881614162
0.0104058833732
0.0147917474424
0.0132732358976
0.0061802505104
0.00716416917758

State labels

1
2
3
4
5
6
7
8
9
10
11
12
13
14
15
16
18
19
20
21
22
23
24
25
26
27
28
29
30
31
32
33
34
35
36
37
38
39
40
41
42
43
44
45
46
47
48
49
50
51
52
53
54
55
56
57
58
59
60
61
62
63
64
65
66
68
69
70
71
72
73
74
75
76
77
78
79
80
81
82
83
84
85
86
87
88
89
90
91
92
93
94
95
96
97
98
99
