Cluster centers 

[ 1.06632779 -0.43443185 -0.20391592 -0.96852123]
[-1.08907069  0.8861976  -1.05992262  0.54711447]
[-0.90920518 -1.34014182  0.50147488  0.41142391]
[ 0.60094107  0.74681346  1.97390665  1.01717479]
[-1.04769904  1.66446605 -1.09689584 -0.39530574]
[ 1.05128747  0.27548986  0.03713011  0.9849542 ]
[-1.01579764  0.25653449 -0.01699902  1.08243024]
[ 0.8990706  -0.34260658 -0.33057156 -3.96322771]
[-1.09210603 -0.86984082 -1.05966072  0.31201627]
[-0.95180102  1.11461299  1.08390794  0.05102281]
[-1.0227467  -1.51716334  0.36027954 -0.87907566]
[ 0.09313533 -1.06334776  1.84779682  1.20647121]
[ 1.03247428  0.18496222 -1.21636373  0.21002405]
[-1.05645984  1.92761481  1.25597583 -1.49611267]
[ 1.03910779 -0.16766967  0.18998154  0.68521405]
[-1.07550438 -0.14072565 -1.76271358  0.79870666]
[ 0.88666385  2.88420329 -0.63742302 -1.45634448]
[ 0.93034425  1.49872477  1.54699178  0.30809797]
[ 0.80687417 -1.10350736  1.66002766 -0.60095445]
[ 1.04404545 -0.38322996  0.25030622  0.24734483]
[-1.06312448 -1.31089765 -0.20973733 -0.36409305]
[ 1.05406608 -0.48290607 -0.15559671 -1.67427709]
[ 0.96867077 -0.21736582 -1.10794068 -1.35631094]
[-1.09489365  1.83999234  0.3806239  -1.06269165]
[-0.58034367 -1.52503025  1.46621547  0.41183989]
[-0.98973443 -1.68199505  0.98653618 -1.88099402]
[ 0.96980711  0.12965466  0.61773011  1.16306248]
[ 0.97156014  2.14892986  1.78089034 -0.72774372]
[-1.05397286 -1.09828772 -0.38859344  0.34223991]
[-1.05029555 -0.15244773 -0.48634725  1.18060988]
[ 0.64408578  1.86138786 -2.26399221 -0.01433502]
[ 0.63026133 -0.44426891  1.50468413  1.35752358]
[-1.08326385  1.42939397  0.16910897 -0.303632  ]
[-0.67296466  0.81784821  1.83081666  0.46564872]
[ 1.01934007 -0.6479915   0.63571332 -0.26359887]
[ 1.07163844 -0.29028108 -0.31188583 -0.21990762]
[ 1.07065394  1.00395506 -0.13512313  0.86938227]
[ 0.78150154  0.01680542 -2.00453534 -1.12523185]
[ 1.06466676  0.31201894 -0.91618762  0.58033617]
[-1.00636769  2.63100188  0.93073081 -2.87733907]
[-1.06578205  1.04274057  0.08901989  0.27042879]
[-0.68196161 -1.00222501  0.98149407  1.25148197]
[ 1.06624418  1.48725055  0.18537588  0.51587478]
[-1.09781024 -1.27289902 -0.59283029 -1.57154715]
[ 1.06789257 -0.45588057  0.0386047  -0.46083263]
[-0.90322162  0.04904149  0.52789161  1.23984071]
[ 0.55182269  1.24132471  2.44362229  0.34773382]
[ 1.02370079  1.5757311   0.9423186   0.32282146]
[-1.09017167  0.37626002 -0.99446485  0.93840198]
[ 0.91856516  0.88356523  1.15495052  0.99361474]
[-0.88135085  1.51607529  1.90546366 -0.79025808]
[-1.09381757 -1.25349713 -0.58385441 -0.88090693]
[ 1.0465891   0.80164471 -1.13946182  0.72724384]
[-0.95208617 -1.74439794  1.57244857 -2.86326435]
[-0.91581751 -1.54660137  0.73300776 -0.30235698]
[-1.06125448 -0.76567392 -0.62642964  0.84144171]
[ 1.05587392 -0.66420865  0.49051167 -1.14719578]
[ 0.86661119 -0.26810167 -1.06984288 -2.68928678]
[ 0.93446454 -0.4007579   0.80071129  0.83831939]
[ 1.00797097 -0.11477755 -1.13363939 -0.64672481]
[-1.08697609 -0.21198304 -1.05656139  1.03906775]
[-1.09655033  1.69588949 -0.12970838 -0.6721151 ]
[-0.94250171 -0.98999879  0.16525489  0.9615778 ]
[ 1.03345533  1.59239281 -0.86326008  0.41002615]
[ 0.00195744 -0.11202818  1.88555031  1.5115269 ]
[ 1.05928938 -0.08359711 -0.7830366  -0.06737928]
[-1.07218407  0.62419334 -0.36312497  0.77199616]
[-1.05730767  0.58492536 -1.79594275  0.73124224]
[ 0.43838132  1.71563723  3.16047786 -0.69389328]
[-1.00874452  2.22803409  2.14645123 -2.49530055]
[-0.78284929 -1.74408346  1.4374665  -0.96365541]
[ 0.62255158 -0.89587821  1.62497896  0.85137508]
[-1.09245729 -0.55372782 -1.29666035  0.71574591]
[ 1.02710223 -0.51724136  0.02214549 -2.6171405 ]
[ 0.9216117  -0.70319124  1.00873948  0.3089779 ]
[ 1.07126735 -0.16893034 -0.23736513  0.28321644]
[ 1.05199074 -0.27998928 -0.63153023 -0.75817079]
[-1.06152935 -0.64906904 -1.78399077  0.04366855]
[-1.07937976 -1.46823701  0.09580326 -1.59426444]
[-0.75594785 -0.0934061   0.99248053  1.35724261]
[ 0.99462931 -0.34432677 -0.70642283 -1.91450198]
[ 0.86638149  0.34739472 -2.08925376 -0.06316231]
[  1.06393252e+00   1.96460517e+00   4.35323514e-05  -3.74903954e-02]
[-1.09562638  1.34243431 -0.40197655 -0.07113266]
[ 1.07553457  0.57346316 -0.53668736  0.87857884]
[ 0.95536162  0.96686229 -1.78396501  0.54603023]
[-0.98409187  0.74818895  0.53628971  0.61495685]
[ 1.0745381   0.08562454 -0.48154856  0.56440354]
[ 1.01371532  0.79960218  0.5375828   1.0380534 ]
[ 0.79616649 -0.0280303   1.23243986  1.33929638]
[-1.09567111  2.21057795  0.32700762 -1.76673419]
[-1.04593195  1.55552595  0.8841223  -0.66844963]
[-1.09250281 -1.09629855 -0.84866603 -0.27252026]
[-0.90473809  0.66894566 -2.56332715  0.50051151]
[-1.00438843 -1.2995701   0.09243696  0.15681771]
[ 0.39612396 -1.29056052  1.99689608  0.32080598]
[-1.05953491  2.10712048 -0.52282939 -1.26566599]
[-1.09198513  1.05185324 -0.61255411  0.33730447]
[ 0.9672199   0.07482365 -1.5336627  -0.33878038]
[-0.98266564 -0.52370935 -0.07371393  1.24504271]

Populations

0.260659082839
0.212929524153
0.305306407407
0.221104985601

State labels

0
1
2
3

Eigen uncertainty

2.36366193986e-11
0.00420723712821
0.0175954720014
0.0175892582376
