Cluster centers 

[ 0.98309282 -0.36821219 -0.1619288  -0.23585018]
[-1.16361209  1.10085946  0.18111999  0.19593899]
[-1.178783   -0.83360288 -1.67839464  0.09750506]
[-1.19826791 -0.51742396 -1.11424426  1.05934406]
[-0.48095116 -0.49216734  1.80075092  1.21124706]
[-1.12331463 -1.35320892 -0.02910769 -0.07086   ]
[-1.20896714  2.28454258  0.21642698 -1.82523161]
[ 0.90529865 -0.30702797 -0.99135529 -1.57840717]
[ 0.92566942 -0.09140254 -1.142842   -0.23241007]
[ 0.79932339 -0.21547741  1.15537837  0.97283065]
[-1.01804673 -1.69563602  1.57949068 -4.3912772 ]
[ 0.96735992  0.38330449  0.22039786  1.0096492 ]
[ 0.95181022  1.96464882  0.7175617  -0.19819158]
[ 0.95259883  0.1055575  -1.00186004  0.41217136]
[-0.97350916 -1.23337586  0.60145837  0.65797151]
[ 0.3118992  -0.95505505  1.92862136  0.78522688]
[-1.17629258  1.79336674 -0.94547563 -0.35693183]
[-1.09171419  0.30695082  0.30936972  1.00797679]
[-1.10754445  1.0027484  -1.98311911  0.88528401]
[-0.95936435  1.5977797   1.80080541 -1.1776367 ]
[-1.17894829 -1.48815585 -0.09236823 -1.93852338]
[ 0.7555707   2.26141256 -1.58003874  0.11603375]
[ 0.9281481  -0.7755385   0.73132309 -0.93807922]
[ 0.98117305 -0.48104241 -0.076763   -0.72445699]
[-0.90072118 -1.74298397  1.18217859 -1.20513602]
[-1.19417489  0.58464592 -0.66967627  0.95982167]
[-1.19257079  0.86505708 -0.43191651  0.65024875]
[-0.99895246  0.62105457  0.97653666  0.57692235]
[-0.00552482  1.36434639 -3.42747943  0.9980556 ]
[ 0.9611184   0.43200496 -0.90955867  0.84503632]
[ 0.96589035 -0.42817138  0.24896851  0.04887577]
[ 0.97249069  1.68621409 -0.29702014  0.43691284]
[ 0.81516112  3.17153666 -0.55220231 -1.69194501]
[ 0.7101566   1.49038624  1.95914134 -0.12698218]
[ 0.28512502 -1.45077083  2.11463616 -0.65425903]
[-1.18711043 -0.97638224 -0.74342302  0.55173427]
[ 0.69670265 -1.26791214  1.90597354 -1.91151072]
[ 0.93684052 -0.23031105 -0.9509056  -0.6943942 ]
[-1.10088534 -1.56489957  0.32128854 -1.01969571]
[-1.1055742   2.34211635  1.61297089 -2.7444435 ]
[ 0.92517361 -0.39691116 -0.66801455 -2.33498894]
[-1.19448259  1.6290767   0.07819102 -0.54862891]
[-1.0079594  -0.41652046  0.51187977  1.28338922]
[-1.0351115  -0.17143659 -2.597094    0.75542043]
[ 0.72122094 -0.17807143 -1.32409735 -3.8168986 ]
[-1.04773482  1.23396098  1.09801621 -0.29507081]
[-0.52565777  0.89383089  2.10054656  0.06071193]
[ 0.94824069 -0.3332794   0.39179212  0.43557486]
[ 0.24308901  1.74550958  2.98011322 -1.25755985]
[-1.20162305 -1.2990941  -0.70185558 -0.97771091]
[ 0.96911206 -0.40197715 -0.47279178 -1.04231317]
[ 0.98395193 -0.185893   -0.23409509  0.28167219]
[ 0.85777659  2.45717679  2.04260684 -1.68262956]
[ 0.87648429  0.07269927 -1.50213927  0.03770367]
[-1.19949468  2.09867445 -0.35490444 -1.15233223]
[ 0.9028847  -0.64054537  0.78264487 -0.01030572]
[-1.19030274  1.24715795 -1.05411942  0.40644706]
[ 0.97793094 -0.00165005  0.00606407  0.72601512]
[-1.20251552  1.43055403 -0.39354192 -0.05907949]
[-0.88149793 -0.24174055  1.03400254  1.20492536]
[ 0.62984015  0.39062732  1.75967573  0.96119764]
[-1.14807996 -0.02129128 -0.2131791   1.22273034]
[-1.08992389 -0.97455273  0.04796458  0.92313801]
[-1.19755129 -0.84760723 -1.30700293  0.43144927]
[-1.19020857  0.04269186 -0.78166485  1.23356865]
[-1.17108482  1.91485645  0.68616027 -1.33434475]
[-0.95474014 -1.5220417   0.7571567  -0.10563447]
[ 0.83583845  1.06031466  1.36750841  0.5888364 ]
[-1.05738836 -0.39759876 -2.5215133   0.45348395]
[ 0.9613769  -0.58796146  0.36177239 -0.47688523]
[ 0.97377974 -0.20404477 -0.61594718 -0.12988049]
[-0.7490905  -0.975792    1.22346462  1.11730558]
[ 0.98452666  0.75904326 -0.28226439  0.97850362]
[ 0.80789865 -0.63882704  1.15388794  0.43576256]
[-1.12713666 -1.2096618  -0.11836575  0.38437277]
[ 0.60616549 -1.03123     1.70228238  0.12082036]
[-1.13173251  0.75709815  0.27651321  0.58946329]
[-1.21027998  2.89677874  0.54273304 -3.45228051]
[-1.16948904 -1.37402581 -0.2926085  -0.58511077]
[ 0.83977316 -0.2912829  -1.08780202 -2.76637627]
[ 0.7500703  -1.05699434  1.49330521 -0.66993376]
[ 0.55960969 -0.37741342  1.70958089  1.05267737]
[-1.19670046 -1.16968861 -1.17798451 -1.32609957]
[ 0.7756709  -0.20112038 -1.55679592 -2.11633372]
[ 0.91921703  0.93934559 -1.23369502  0.94642332]
[-1.19825621 -1.14147902 -0.88141403 -0.15136354]
[ 0.98465923  0.08025181 -0.46619673  0.62670566]
[-1.1826015   0.12822712 -1.59782883  1.1974149 ]
[ 0.97264853 -0.5418052  -0.11565921 -1.78434874]
[-1.17967199 -0.49662427 -1.7275554   0.83394641]
[ 0.91484946 -0.05768999  0.64074661  0.90610182]
[ 0.90111282  0.54893013  0.83977615  1.00676349]
[ 0.7162044   1.05239155 -2.18342619  0.87001047]
[ 0.01342057 -1.37752741  2.04965731  0.25203348]
[ 0.79492548  0.39093278 -1.94978195  0.48483014]
[ 0.77999895 -0.07185526 -1.77655774 -0.88377749]
[-1.16916686 -0.68163727 -0.54459979  1.07275587]
[-1.0625751  -1.70307026  0.89211592 -2.59957153]
[ 0.97013744  1.29033426  0.41937848  0.63514077]
[-1.10459286 -0.48103944 -0.00756062  1.270047  ]

Populations

0.229037743528
0.258779252412
0.0245155642393
0.487667439821

State labels

0
1
2
3

Eigen uncertainty

3.85149656129e-11
0.00369732185994
0.0147343925221
0.0163203443745
