Cluster centers 

[-0.53958421 -1.3221172   1.48272332  1.17725751]
[ 0.81556163 -0.05125273 -0.74496263 -0.09171951]
[-1.41846089  1.80534581 -0.61949826 -0.31846748]
[ 0.7590133  -0.16931376  0.53361014  0.93333139]
[-1.35618744 -1.77552177  0.09911363 -1.76282557]
[-1.28624134 -1.17344963 -0.10393121  0.78685838]
[ 0.79405059  1.47656514  1.11887647  0.19377826]
[ 0.80038895 -0.76305136  0.27699083 -3.58242004]
[-1.42060103  0.21476045 -1.69828784  1.06865558]
[-1.40269757  1.92145546  1.33702692 -1.89132338]
[ 0.83626863 -0.63744143  0.00714742 -1.07720338]
[ 0.80396611  1.19354062 -0.62386652  0.83744853]
[-1.32574898  1.08588597  0.97128057 -0.1589201 ]
[ 0.6483152   1.72010148  2.63002786 -1.11527178]
[ 0.67440442  0.15205288 -1.54412297 -0.67106227]
[-1.39463391  0.5236439  -0.25089951  0.95315245]
[-0.11389767  3.72829739 -0.87946359 -2.57873768]
[-1.33260063 -1.62161424 -0.0688939  -0.65752073]
[ 0.57347582 -0.13467161 -1.32209914 -2.76470581]
[ 0.6246256  -0.81232283  1.05316316  0.68101344]
[ 0.53946253  0.81151012  2.02991715  0.45847185]
[ 0.75389505  0.22117741 -1.2656506  -0.03922117]
[ 0.82506778 -0.65011375  0.20562122 -0.44403302]
[ 0.81339962  2.30063513  1.66258589 -1.305132  ]
[ 0.82758095  0.10617189 -0.11909081  0.76161936]
[-1.28101212  1.80359828  2.3302388  -2.44209989]
[ 0.16819815  2.34363751 -2.40057704  0.28756967]
[-1.06608832 -1.90984155  0.83814171 -0.3184517 ]
[-0.91872355  0.42182018  1.94065556  0.39452386]
[ 0.63389577 -1.37586942  1.29502575 -0.8374031 ]
[ 0.65355241 -0.11072908  1.03441169  1.12869139]
[ 0.79168582 -0.33674238 -0.67994646 -1.41218476]
[ 0.82310551  1.60253546  0.2236558   0.40746144]
[-1.03919324 -2.36847086  1.69026159 -2.83070231]
[-1.42640439 -0.6114912  -1.35827965  0.65126672]
[-1.42850986  2.00554539  0.02845843 -1.04430841]
[ 0.80716056 -0.28030727  0.20121192  0.57122047]
[-1.12899465 -0.05254523  0.86792137  1.15039002]
[ 0.83348423 -0.33427241 -0.08915169  0.10680748]
[-1.23340519  1.0984883   1.59143847 -0.51264062]
[ 0.69352395 -1.10148292  0.98491355 -0.3010419 ]
[-1.43015327  2.23099503  0.53631714 -1.84112684]
[ 0.82069793 -0.30647439 -0.55105023 -0.72362347]
[ 0.60271788  0.73483007 -1.9743004   0.31438857]
[-1.37978313 -0.83311584 -0.66085666  0.88894511]
[-1.41378243 -1.03629037 -1.01914052  0.02802257]
[ 0.25314691 -1.23647494  1.60592073  0.84390462]
[ 0.81560642 -1.05006887  0.72627315 -1.71460643]
[-1.31025116  1.10087427 -2.18399862  0.93747076]
[-1.00455168 -1.52845444  0.80464349  0.72836427]
[ 0.6250433   2.95885494 -0.32387507 -1.13424473]
[ 0.82776473  0.14295868 -0.59053348  0.47631982]
[ 0.74629198  0.49221202  0.82805362  1.03082359]
[ 0.1359867   0.20140422  2.2964876   0.83975194]
[ 0.71596455  1.43986604  1.79397532 -0.12192641]
[-1.42426716  1.51220746  0.26606103 -0.41350303]
[-1.21565066 -2.02607741  0.73705141 -1.55369334]
[ 0.45385497  0.21039788 -2.0571365  -1.44983539]
[ 0.70676142 -0.06225165 -1.25840674 -1.20452179]
[ 0.83675795 -0.36096477 -0.25140309 -0.26762816]
[ 0.73359036  1.94327393 -0.74534875  0.38474706]
[ 0.77077158 -0.031966   -1.05914116 -0.56273104]
[-1.41600134 -1.30957728 -0.80421738 -0.93470717]
[ 0.77336017 -0.46704408 -0.47976264 -2.60154605]
[-0.17455575 -0.37181154  1.99125281  1.27073785]
[ 0.81269939  0.55371521 -0.79088333  0.75905092]
[-1.42996886  1.2100289  -0.84654966  0.51077851]
[ 0.82069213 -0.58483431 -0.21123317 -2.01378781]
[ 0.31316364  0.97714705  2.7399247  -0.20294194]
[-1.42852632  1.28119046 -0.09643297  0.10484036]
[-1.24385493  2.70535826 -1.05636539 -1.34128878]
[ 0.77333711  0.41914131 -1.17955948  0.41121402]
[-1.43014829 -0.23080472 -1.26954501  1.08773735]
[ 0.8216599   0.9302887   0.19681416  0.88614239]
[ 0.83420855 -0.11237963 -0.34029477  0.28740457]
[ 0.44141228 -0.65244206  1.4130679   1.15446609]
[ 0.63175062 -0.33618711 -0.66579245 -4.00515267]
[ 0.10212113 -1.7096776   1.71726817  0.04937381]
[-1.40151695  1.63911029  0.90124127 -1.02843764]
[ 0.81123518 -0.47900933  0.22608541  0.20948337]
[-1.32221627 -1.99446479  0.7137039  -3.11181019]
[-1.27975242  0.66934127  0.83178876  0.47041717]
[-1.38975398 -0.44719626 -1.97001376  0.17104428]
[-1.28994277 -0.34250566  0.00900817  1.32303089]
[-1.41988294  2.36554208  1.48584682 -2.9938165 ]
[ 0.7086251   1.09098592 -1.46822909  0.7633571 ]
[ 0.61678122  0.37048864 -1.84507994 -0.32599519]
[-1.32966408 -1.39324904 -0.23929565  0.10981982]
[-1.43033764  0.45928154 -0.90575588  1.10052824]
[-1.38926373 -0.36513295 -0.65059594  1.21999841]
[ 0.79412376  0.30337531  0.36129514  1.03367977]
[ 0.73131733 -0.83729101  0.75721841  0.1552124 ]
[ 0.47985292  0.01836064  1.59923748  1.15879888]
[ 0.7405132   1.01967983  1.20693475  0.60958984]
[-1.37158775  0.75603781  0.21680688  0.60188061]
[-1.30417559  1.44977184  1.61171218 -1.15581444]
[ 0.80820033  2.21360255  0.41296134 -0.37220619]
[ 0.72272002 -0.27522303 -0.92087452 -2.0816122 ]
[ 0.82995443  0.54667838 -0.28413772  0.91639757]
[ 0.73246473 -0.56750035  0.678175    0.62473483]

Populations

0.0271564481049
0.147395852566
0.213515818032
0.611931881297

State labels

0
1
2
3

Eigen uncertainty

nan
0.00920535370298
0.0363675593949
0.0506744174049
