Cluster centers 

[ 0.52866967 -0.31493816  1.73626745  1.22749737]
[ 0.95291616 -0.05038505 -1.2302552  -0.18954734]
[-1.13144353 -1.3147983  -0.32152018 -0.36189315]
[-1.15490097  1.56884645 -0.05990895 -0.44857623]
[ 0.99765347  0.44474057  0.20173643  1.02737269]
[-1.15737146 -0.21888308 -1.15223037  1.11967177]
[-0.9396966   0.891143    1.22210212  0.236117  ]
[ 1.02031217  1.04057389 -0.22383144  0.8852478 ]
[ 1.00706429 -0.57262654  0.22962942 -0.70680252]
[-0.88317216  1.25660641  1.72569339 -0.44917484]
[ 0.64697367 -1.39294774  2.33055349 -2.30985119]
[-0.98703172 -0.81374195  0.33385413  1.16720534]
[ 0.95726339  0.70627904 -1.32406885  0.82674098]
[-1.01409315 -1.62368186  0.67368227 -1.03905779]
[-1.15624888 -0.77233969 -1.16590085  0.63636304]
[-1.12455349  0.84743762 -0.01436489  0.54556927]
[ 1.01748948 -0.11449018 -0.18133655  0.47053033]
[ 0.45232713 -1.36569903  2.09146237 -0.64493318]
[-1.04984015 -1.67677352  0.84744076 -2.48578068]
[-0.98195195  2.68320779  1.36421153 -3.37836688]
[ 0.87201519  1.4536218  -1.61765391  0.71181797]
[ 0.76093807  1.14296717  1.77539257  0.45464205]
[-1.15586776  0.72303879 -0.95924563  0.83135731]
[ 0.93832314 -0.22738379 -1.1347601  -0.97511057]
[ 0.85378269 -0.31133041 -1.11659667 -2.73814925]
[ 0.5331368  -1.08716287  1.83916731  0.25985834]
[ 0.28333003  1.68761459  3.03391545 -1.02872358]
[ 0.95116811  1.7352626   1.23460093 -0.06994994]
[ 0.56011042  0.79276497 -2.71988226  0.60075601]
[ 0.92658028 -0.00896026  0.70387644  0.99235906]
[ 1.00997432 -0.23139184 -0.57576555 -0.19467238]
[ 0.86768487 -0.61888839  1.0251215   0.39754426]
[ 1.01245672  1.79091944 -0.05024804  0.22847771]
[ 1.01564166  0.23137048 -0.65156612  0.70570066]
[-1.05751301  1.46639799  1.02804826 -0.63631902]
[-1.15748107  2.14000191 -0.16487928 -1.4197208 ]
[-1.13796984  1.45937292 -1.04800273  0.03631739]
[-1.16066955 -1.15835239 -0.90642989 -0.41313702]
[-0.83032783 -1.56462254  1.09796641 -0.10598054]
[-0.98811574 -0.17508082 -2.62477514  0.60698138]
[ 1.00848858 -0.66217968  0.31093841 -1.58615303]
[ -1.14540363e+00  -8.84941328e-01  -1.51438882e+00   5.31582008e-05]
[ 0.77717984 -0.25736213 -0.98659146 -4.19420169]
[ 0.75584996  0.34221671  1.46415774  1.1183865 ]
[ 0.91978648  2.70649402 -0.39270834 -1.07383879]
[ 0.92858818  0.74476043  0.88625227  0.96020026]
[-1.15728239 -1.23579023 -0.92065141 -1.37994422]
[-0.85347234 -0.56747568  0.85464809  1.33311048]
[ 0.96168596 -0.37398227 -0.76648759 -1.65280952]
[-1.07526511 -0.17199158 -0.07223363  1.27578059]
[ 0.96513065 -0.61550986  0.6039001  -0.1922792 ]
[ 0.89207032  2.40877782  2.10606084 -1.57444016]
[-1.09010165 -1.48911588  0.16202323 -0.76153475]
[ 1.01701889 -0.40033505 -0.17944192 -0.4233009 ]
[ 1.00881753 -0.48298028 -0.25468363 -1.26185001]
[-1.1389207  -0.61815692 -0.71143082  1.03198387]
[-1.0436686   0.68759569  0.54305724  0.62736175]
[ 0.78343628 -0.2747687   1.25360263  1.02396136]
[ 0.35783255  0.56520682  2.23287793  0.81742245]
[ 0.98551848  0.14699833 -1.06733797  0.41863802]
[-1.10494423  1.19944143  0.43576075 -0.02650614]
[-0.16479172 -1.38465482  2.02173283  0.48515979]
[-0.82678716 -1.75483409  1.38196038 -1.2127559 ]
[ 0.85627033 -0.24906464 -1.37307942 -1.83366653]
[-0.79438942 -1.18337661  0.99766514  0.88254129]
[ 0.7403153  -0.0238426  -2.06819783 -0.87925759]
[-1.10719835 -1.16960423 -0.25444523  0.33524158]
[ 1.01674532  0.78670349 -0.50099117  0.94997287]
[-1.13792314 -1.46739169 -0.10063188 -1.44695622]
[-0.95679996 -1.7542153   1.84220201 -4.10499449]
[-1.13940476  0.02299591 -1.68549139  1.08378507]
[-1.14711691  1.26694059 -0.09733581  0.02451446]
[-0.90106285  0.10072386  0.88997541  1.12836805]
[ 0.81742385  0.27079816 -2.02338973  0.15998647]
[-1.15275339  0.89499476 -0.48661062  0.58356562]
[-1.14940485 -1.0296612  -0.75355909  0.32120893]
[-1.06821234  0.91043125 -2.0084522   0.81675941]
[ 1.01743864 -0.15795883 -0.43469819  0.18165667]
[ 1.00513293  1.16089703  0.31362049  0.76521044]
[-0.50646712 -0.61093061  1.63447095  1.32289158]
[-1.1441019   0.26859089 -0.64019357  1.11771992]
[ 1.00437909 -0.38838421  0.14713359  0.06914515]
[-0.98097273  1.90276952  1.85896397 -1.80682937]
[-1.08964858 -0.54073857 -0.2351871   1.21750784]
[-1.01961458 -1.42580027  0.38660164 -0.04536616]
[ 0.70193928  2.11081809 -2.00936986  0.20259528]
[-1.1477413   2.01164957  0.53918751 -1.49504396]
[ 0.8369606  -1.04443574  1.44311182 -1.06577779]
[-1.11797987 -0.50117574 -1.94419755  0.61561823]
[-1.09146085  0.34926835  0.01898871  1.02162662]
[ 0.98156035 -0.30912864  0.35452146  0.47246978]
[ 0.87682423 -0.84161543  1.12938428 -0.31471548]
[-1.14875067  1.96598513 -0.49966862 -0.9499378 ]
[ 0.99331592 -0.29328635 -0.71796209 -0.69315038]
[-0.65740393  0.63242728  1.89679404  0.50536241]
[-1.06428334 -1.01380037 -0.03792024  0.8046066 ]
[ 0.97996736 -0.48997898 -0.33283277 -2.35807642]
[-0.99165279 -1.29286826  0.41898454  0.45864209]
[ 1.01178366  0.06509425 -0.04827572  0.78871382]
[ 0.40386557 -0.86220105  1.84584237  0.90514574]

Populations

0.0123239538294
0.447922467295
0.267717736745
0.27203584213

State labels

0
1
2
3

Eigen uncertainty

nan
0.00366264427004
0.0155735778779
0.0244497407789
