Cluster centers 

[-1.12100743 -1.36089761 -0.04431205 -0.15395528]
[-1.11942775  0.7506702   0.2981411   0.596709  ]
[ 0.98771935 -0.364316   -0.31996033 -0.47647956]
[ 0.82993372 -0.54609397  1.05001565  0.60591973]
[ 0.94207338 -0.02238445 -1.1077994  -0.02496521]
[ 0.99097779  0.04009582 -0.47293491  0.55226241]
[-1.19104893 -0.88266096 -1.30318565  0.24616866]
[ 0.74193913  1.25403855  1.87864881  0.23467417]
[-0.79081982 -1.21949737  1.07721041  0.85523268]
[-1.15342097  1.82463446 -1.02253408 -0.37829334]
[-1.15880853 -1.53654974  0.14601228 -2.24834281]
[-0.94410189  1.51060987  1.78623439 -0.98181973]
[ 0.79502221 -0.03265958 -1.75153369 -0.76090428]
[ 0.9206986  -0.40302189 -0.59589831 -2.5826541 ]
[-1.18903091  0.68279494 -0.80141436  0.889941  ]
[-0.88382255 -1.75100064  1.21310098 -1.15072743]
[-0.06557387 -1.4975472   2.04832876  0.09907108]
[ 0.98981216  0.57800456 -0.09700486  0.99347873]
[ 0.65330533  2.38890888 -1.75621971 -0.08011821]
[ 0.98449237  0.07462025 -0.02051567  0.80215122]
[ 0.93758213 -0.471478    0.53768121  0.2731552 ]
[-1.17768433  2.70060766  1.14223825 -3.32365004]
[-1.18512161  0.05007679 -0.87420784  1.21611381]
[-1.18920946  1.58144129 -0.07106474 -0.40959765]
[ 0.95810623  2.31420363 -0.09503881 -0.39861851]
[ 0.32949348  1.68928534  2.95494049 -1.08126297]
[ 0.94051299 -0.16023244 -1.02057846 -0.48502387]
[-1.08086722 -1.55582191  0.36338573 -0.81251348]
[ 0.47795044 -0.36729594  1.77827078  1.1727935 ]
[-1.18138649  0.91111926 -0.34215584  0.57416186]
[-0.99693131  0.10746985 -2.60795972  0.89522911]
[ 0.49699603  0.5452763   2.03828087  0.84666397]
[-0.50797721 -0.40902523  1.72557059  1.21390499]
[ 0.96867065 -0.72793224  0.50479434 -1.4391251 ]
[-0.95013253  1.05500629  1.42818086 -0.09179279]
[ 0.94927099  1.16304451  0.71054297  0.6839822 ]
[ 0.83341519 -0.16709452  1.03086791  1.00255774]
[ 0.94563886  0.1821455  -1.15364074  0.41787061]
[-1.07932406 -0.82461765  0.02269562  1.08137345]
[-1.18200055  2.09171767 -0.40289512 -1.11064543]
[ 0.75077714 -1.19851881  1.6932794  -1.53068237]
[ 0.18720764 -1.0529512   1.96151506  0.82387282]
[-1.15746331 -0.80303478 -1.77435014 -0.10510592]
[-1.02876937 -1.73431336  1.02450679 -2.50061786]
[ 0.94651381 -0.30597302 -0.81136066 -1.10631392]
[-1.13520738  0.32029693 -0.07906811  1.05397407]
[-0.9498892  -1.53019699  0.76258228 -0.09461776]
[-1.12654309 -1.56547639  0.23587477 -1.50342727]
[ 0.59174678  0.98378122 -2.52778576  0.73661613]
[-1.18446592  1.30890642 -0.91789266  0.2763015 ]
[ 0.97960961  1.7063185  -0.17008443  0.38309298]
[ 0.81437662 -0.19920107 -1.43462754 -1.74235433]
[ 0.98173705 -0.14288889 -0.63748288  0.0265318 ]
[ 0.89718947  0.87128716 -1.45959776  0.86052345]
[-1.19357229  2.32487667  0.16029012 -1.86383668]
[ 0.95580861 -0.42957275 -0.50956257 -1.79910017]
[-1.17292666 -1.14509727 -0.58424915  0.14553886]
[ 0.86568857  2.07779709  1.84390672 -0.88493461]
[ 0.97836811 -0.4709975   0.17469029 -0.1897282 ]
[-1.16700706 -0.57566182 -0.64856483  1.11067037]
[ 0.72917966  0.17877948  1.44972902  1.12188603]
[ 0.92161663 -0.04211489  0.60636897  0.92652582]
[ 0.82468701  0.21554847 -1.81855681  0.11393176]
[-1.11457767  1.49237075  0.8587235  -0.62158402]
[ 0.762265   -0.22531497 -1.19806881 -3.39224642]
[ 0.57112014 -1.09454877  1.75595835  0.13670033]
[-1.17540597  0.20910138 -1.58630713  1.16509425]
[-1.1141234  -0.25409329 -0.1170995   1.28194598]
[ 0.98970296 -0.24566076 -0.14303592  0.19862253]
[-0.95595939  0.5603082   1.05960562  0.65242584]
[-1.16346777  1.88930054  0.71044151 -1.28257806]
[-1.00005494 -1.71785498  1.59655424 -4.16858824]
[ 0.9824361   0.4584616  -0.72281496  0.86325374]
[ 0.0468475   0.87302548  2.4726277   0.23998168]
[-1.1014795   1.09801223  0.65937222  0.06217269]
[ 0.80011183 -0.99158698  1.33575217 -0.54923715]
[-1.17041739 -0.43839692 -1.75832331  0.82794062]
[-1.02800536 -1.24141551  0.34516943  0.56873494]
[-0.95284072 -0.27805062  0.7083837   1.25570706]
[-1.1738721  -1.35590466 -0.3869177  -0.76066576]
[-1.1150908   1.0761195  -1.84166079  0.75807779]
[ 0.98651447 -0.50934516 -0.11717493 -1.12357379]
[-1.18004641 -0.90882267 -0.80178832  0.62116128]
[ 0.26285561 -1.51688606  2.16418237 -0.73790214]
[ 0.96639421 -0.24014276  0.24810601  0.53411777]
[ 0.86820452  0.71274771  1.09818628  0.92792815]
[-1.19090929 -0.48240555 -1.25298933  1.00033206]
[ 0.95175137  0.40570606  0.43962638  1.03609386]
[-1.18969171 -1.16837974 -0.82307354 -0.30915188]
[-1.17805781  1.19521994 -0.07366098  0.15321102]
[ 0.86654585 -0.73917221  0.98208549  0.00225107]
[ 0.94524177  1.72954704  1.05033113 -0.01037844]
[-1.19314982 -1.30265225 -0.68817302 -1.38019649]
[ 0.95568448 -0.66013164  0.50485857 -0.57488892]
[ 0.63839402 -0.69435915  1.55207951  0.80439822]
[-1.12836161 -1.12079966 -0.21932197  0.52427833]
[-1.14749494  2.19808856  1.20306862 -2.16841617]
[ 0.98703195  1.0800419  -0.34214398  0.88544174]
[-1.00441903  2.03121549  2.01454294 -2.18282736]
[ 0.84170186  3.16237628 -0.25359252 -1.84748239]

Populations

0.00676613913052
0.234282140384
0.266486650516
0.492465069969

State labels

0
1
2
3

Eigen uncertainty

1.12213802666e-11
0.00480257145487
0.0143124715359
0.0235961857637
