Cluster centers 

[ 0.82183753  0.17062853 -0.40224787 -0.59960326]
[-1.36541144  0.67059606  0.4213151  -0.55581399]
[ 0.81387985 -0.61051783  0.1151198   1.25744505]
[-1.09919429  0.95939102  3.37072454  1.20246762]
[-1.43076084 -0.57203428 -1.28180862 -0.6388008 ]
[ 0.61701707 -0.99124471  0.78836385 -0.84713607]
[-1.3832691  -1.90731457  0.28197767  1.77565932]
[ 0.58536315  0.62103473  1.85468451 -0.93530892]
[-1.40385789  2.16411127  0.04681719  1.13553289]
[ 0.67147156  0.35790582 -1.32622082  0.73056427]
[ 0.76678015  0.46043966 -1.09422524 -0.08555303]
[-1.44254607 -0.92077593 -1.26701579  0.27630581]
[-0.66715345 -1.64085507  0.82982059 -1.36564826]
[ 0.57360972  0.97384758  2.61354877 -0.27202211]
[ 0.78834632  2.15678237  0.6956811   0.25106599]
[ 0.77593043 -0.16695047 -0.56133354  1.0217555 ]
[-0.08795253 -2.345474    1.83814371  0.36357171]
[ 0.82146105 -0.38759893 -0.13732554  0.20625574]
[-1.3786116   1.6948244  -1.40308337  0.01979829]
[ 0.79671361  0.27444007  0.08672706 -1.06700542]
[-1.45482495  1.84085454  1.11334683  1.32300736]
[ 0.78507124  2.5036898   2.24937499  1.5611277 ]
[-1.25326894  0.92310226  2.0266431   0.39654712]
[ 0.81044682  0.92121706 -0.59178221 -0.75981065]
[-1.44856135  0.95337828 -0.79620438 -0.53956956]
[ 0.20291962 -0.51227297  1.46751291 -1.68817691]
[-1.00173053 -2.77336934  2.19470337  2.42270063]
[ 0.80745031 -0.17602961 -0.4783916   0.50404497]
[-1.31494633 -1.07099468 -0.54482037 -0.85546819]
[ 0.75200825 -1.16532347  0.84867245  0.55710009]
[-1.16454221 -2.08063572  0.55014626  0.42119052]
[ 0.53162098  0.0087481  -0.84682487  2.6743383 ]
[ 0.77609525  1.24501942  1.28727104 -0.54319266]
[-0.03643665 -0.77017097  1.47948815 -1.77687338]
[-1.45273921  1.56302977  0.22160492  0.4417765 ]
[ 0.68052095 -0.40787106  0.09295321  3.20430176]
[ 0.8082026  -0.29105457 -0.03574898 -0.47485785]
[ 0.30943744  2.51245825 -1.66950959  0.23173634]
[-0.32915543 -0.21860876  2.03011613 -1.37373766]
[-1.44050148  0.24053589 -1.78790521 -0.68368105]
[ 0.59374109  0.79369275 -1.7816329   0.32695089]
[-1.23954575  0.21189212  0.63909606 -0.99322394]
[ 0.1116383   3.77428275  0.33363922  2.7305462 ]
[ 0.60853191 -0.6762256   0.75301003 -1.23091265]
[ 0.80006457  0.11435544 -0.74005102  0.05994431]
[-1.00214108  0.19187017  0.85549105 -0.3056075 ]
[ 0.63072427  0.13288444 -1.10473245  1.54546107]
[ 0.76540412  0.82844112  0.83023402 -0.98169365]
[-1.26147526 -0.29532918 -0.07354691 -1.33219324]
[ 0.60150712  2.91601746  0.24126339  1.09472804]
[ 0.75198599  0.99765518 -1.17896353 -0.4577029 ]
[-1.34171386 -2.25528261  1.20395002  2.86708787]
[ 0.74527884  0.31070001  0.56305105 -1.23563615]
[ 0.77507384 -0.51132086  0.05078857  2.12620942]
[-1.4281552  -1.35068612 -0.71067056  0.77872177]
[-1.40394249  1.07087659  0.70893785  0.01680113]
[-1.40391193 -0.11504342 -0.93724859 -1.07884482]
[ 0.81953297 -0.48897881 -0.06256213  0.70946406]
[-1.38600334 -0.2594933  -2.15382017  0.57877186]
[-1.43597392  1.05270668  0.00967779 -0.25055701]
[ 0.81761579  0.7763202  -0.02344834 -0.95343706]
[ 0.79903479 -0.64190757  0.23084739 -0.05141771]
[ 0.81170066 -1.06716346  0.95741169  2.12728685]
[ 0.55165536 -1.49549933  1.18249282 -0.20267457]
[ 0.81095759  0.48446469 -0.74092433 -0.53879072]
[-1.44064364  1.97932641  2.32599675  2.4046063 ]
[-0.93184829 -0.42178405  0.98632473 -1.51134805]
[-0.95249947 -2.05900869  0.73223247 -0.32503881]
[ 0.73973832 -0.63335026  0.40816251 -0.69893514]
[-1.45161709  2.11713478  1.17698832  1.78889874]
[ 0.75258044  1.38080175  1.87309316 -0.17910476]
[-1.39118003 -1.04035407 -0.87291123 -0.42684633]
[-1.45052382  1.46413326 -0.44852853  0.05186292]
[-1.42966459  1.39750955  0.97606365  0.58451578]
[-1.43656857 -1.43484435 -0.54056995  1.4691106 ]
[-1.38892419  1.3124558   1.63353917  0.8130436 ]
[-1.43986981 -0.35325493 -1.83958793 -0.09423624]
[ 0.82154613 -0.17747451 -0.30219844 -0.13809382]
[ 0.34170255 -1.13584028  1.1023887  -1.36761313]
[ 0.81369298  1.31925041  0.59454913 -0.64008342]
[ 0.53395433 -0.20762065  1.1247945  -1.51412292]
[ 0.67120835  1.47959172 -1.45567836 -0.40174191]
[ 0.7128675  -0.99064071  0.66734301 -0.30935503]
[ 0.26133955  0.26374685  2.36795702 -1.039709  ]
[-1.34987184 -1.49547499 -0.40382263  0.1008557 ]
[ 0.7691288   1.80348355 -0.34910131 -0.36687364]
[-1.40819275  0.41844464 -0.48760765 -0.92330145]
[ 0.72214836 -0.2965739   0.43640297 -1.14006754]
[ 0.75338508  0.11349162 -0.92656954  0.64057289]
[-1.35035286 -1.8319846   0.06759213  0.99004886]
[ 0.24253762  0.57009254  2.99337661 -0.43583017]
[-1.22302933 -2.26335017  0.90036168  1.42355262]
[-1.38945429  1.552349    2.41488053  1.70608824]
[ 0.74771921 -0.20804803 -0.50959989  1.54175469]
[-0.01786151 -1.77946239  1.32403988 -1.00354538]
[ 0.80876567 -0.77527899  0.34165313  0.47802675]
[-1.22346938  0.62666379  1.43302618 -0.30383823]
[ 0.63225895  1.317027    3.01295119  0.35284997]
[-1.09380499 -1.40742647  0.14850166 -1.12733683]
[ 0.78924464 -0.15912412  0.08089062 -0.86575473]

Populations

0.606858359093
0.117340642957
0.0934051600569
0.182395837894

State labels

0
1
2
3

Eigen uncertainty

5.30265304753e-11
0.0109219056493
0.0497556066269
0.0475463409257
