Cluster centers 

[ 0.98036155 -0.18475582 -0.20476317  0.30565912]
[-1.13423972  0.28342523  0.03581086  1.06349886]
[-1.10518384 -1.06158865 -0.02236389  0.76197743]
[-1.17185886  1.88529784  0.74164763 -1.2569936 ]
[-1.1781708  -1.49431875 -0.00776235 -1.87899901]
[ 0.85155152 -0.19425923  0.91266367  0.93082179]
[ 0.97363515 -0.5094889  -0.13385459 -1.34605426]
[-1.1841061   1.36534975 -1.21576176  0.31031635]
[ 0.93518852 -0.22084174 -0.92955028 -0.68287722]
[ 0.93190944  1.80981526  1.13571166 -0.12422182]
[ 0.06681015 -1.52160181  2.16146863 -0.25818725]
[ 0.94135488  0.28975726 -1.10569864  0.60334229]
[-1.17463961 -0.6339142  -0.57604752  1.09261952]
[-0.55846967 -0.68686378  1.62563705  1.26175756]
[-1.20729931  1.46266249 -0.36635056 -0.10804633]
[-1.19243856 -0.46135792 -1.64271375  0.90530123]
[-1.21180829  2.24868801  0.32948809 -1.75870542]
[ 0.92801507 -0.57415574  0.58068367 -0.01569537]
[ 0.73508534 -0.13452372 -1.73289774 -1.7732873 ]
[-0.89395616 -1.15324484  0.83023837  0.88221223]
[-0.99032839  0.75211072  1.10676224  0.41328664]
[ 0.96658871  1.17865466  0.35474239  0.73619151]
[ 0.93497431  0.47698896  0.4898986   1.05220281]
[-0.96429815  1.54532336  1.78592183 -1.01317818]
[ 0.48021088  0.46590766  2.00872323  0.90739416]
[-1.17444755 -1.33509696 -0.32314884 -0.41145264]
[-1.20328459  0.63729084 -1.05042157  0.96975353]
[ 0.97725233 -0.32619012 -0.36304992 -0.35009797]
[-0.90916889 -1.75347409  1.21449249 -1.2826006 ]
[ 0.76642736  3.29865667 -0.71911554 -1.8438033 ]
[ 0.53390463 -1.0530286   1.78770391  0.31058418]
[-1.19134247 -0.96844278 -0.76387548  0.5447387 ]
[ 0.69259201  2.12514004 -1.86663473  0.2937149 ]
[ 0.97383984  0.08164287 -0.00912779  0.81070519]
[ 0.90099255 -0.37427538 -0.64938534 -2.58339958]
[ 0.95470063 -0.71888222  0.54437755 -1.26924056]
[ 0.82043972  1.24561081  1.50040328  0.4075177 ]
[ 0.68422259 -1.27743343  1.96220917 -1.87062531]
[-1.10597451 -1.5550495   0.32263077 -0.97077055]
[-1.03929879 -0.15816117 -2.6129681   0.69690852]
[-1.14485834  2.28327703  1.42322619 -2.40408756]
[ 0.91073287 -0.05459634 -1.23197441 -0.23702816]
[-1.19522119  2.04449091 -0.63067581 -0.89543817]
[ 0.97766244  0.17573556 -0.59771407  0.68191957]
[-1.20488863  1.03094763 -0.5687727   0.50076284]
[ 0.41661032  1.2728887  -2.78046839  0.81888569]
[-1.19554123 -0.79953065 -1.51888376  0.32158421]
[ 0.56140299  1.35665101  2.2866436  -0.08992446]
[ 0.35009332  1.89715064  2.94276802 -1.36790524]
[-0.91728778 -1.57464521  0.92523409 -0.18215018]
[ 0.9628751   2.0319056  -0.15620922  0.02658332]
[-1.06446265  1.27094961  1.07638104 -0.31442207]
[-1.00553121 -1.70637952  1.69161078 -4.2159023 ]
[ 0.89555331  0.90255228 -1.40586846  0.90881789]
[-0.95909081 -0.59051315  0.64905118  1.28232569]
[ 0.65731562 -0.14707027  1.53454199  1.13182717]
[ 0.26135389 -0.85901689  1.93800738  0.9715911 ]
[-1.20278664 -0.47969079 -1.09814383  1.06291948]
[ 0.76700019 -0.03445432 -1.81335373 -0.79735434]
[ 0.94741335 -0.32598045  0.3499209   0.4421133 ]
[-1.14368106 -0.3267522  -2.12813808  0.80838759]
[ 0.9639367   2.66918178  0.74761102 -1.28564877]
[-1.11505025 -0.41006611 -0.05922955  1.26546518]
[ 0.80699441 -0.76079284  1.16548775  0.19084471]
[ 0.87815661 -0.82269509  0.96700478 -0.52269177]
[ 0.93492269 -0.39141072 -0.61230147 -1.82039975]
[ 0.75954781 -0.20536217 -1.16499571 -3.48742288]
[-1.1937638   0.74460022 -0.44261239  0.76628863]
[-1.16994466  1.11655074  0.17494837  0.18604476]
[ 0.9636351  -0.11098141 -0.75071755  0.03454421]
[ 0.75787232  0.39212141 -2.08963358  0.3916489 ]
[-1.20452225 -1.30647766 -0.63299738 -1.00469696]
[-1.2079448   2.13390964 -0.15879884 -1.28241952]
[-1.13111692  0.75858626  0.30634387  0.58717355]
[ 0.9638399  -0.35770403 -0.52986438 -0.88833165]
[-0.80878366  0.94697524  1.84120768 -0.00975632]
[-1.19026329  0.11331784 -1.52050904  1.19175509]
[ 0.97724047  0.73399745 -0.43074214  0.97525566]
[ 0.97350712  1.52770144 -0.29943941  0.58583047]
[-1.064037   -1.69163876  0.92222859 -2.56722314]
[-1.18265863  1.725618   -0.9556509  -0.25175577]
[ 0.52371473 -1.32226205  1.96933793 -0.75877967]
[-1.18139063  0.15165148 -0.51549072  1.17822953]
[-1.1116088   1.00287007 -2.01400405  0.84913438]
[-1.04455985  0.37437919  0.6466603   0.90067478]
[ 0.92283669  0.04850572  0.53877722  0.97437453]
[-0.98141908  3.0000531   1.23876549 -3.85908566]
[-1.09653276 -1.36090407  0.14263453  0.07173599]
[ 0.86046203  0.72443632  1.08838707  0.92479382]
[ 0.8456439   0.13482871 -1.67014477  0.04884537]
[-1.19882885  1.62484484  0.09227071 -0.5260038 ]
[ 0.88079809 -0.24359904 -1.14351681 -1.43738775]
[ 0.76685659 -0.56883753  1.22086637  0.70770773]
[-1.20286868 -1.17862092 -1.08633189 -1.45149255]
[ 0.96970765 -0.54414857  0.19393053 -0.57830412]
[ 0.97438168 -0.39251675  0.03899365 -0.06802878]
[-1.20337781 -1.12640176 -0.90434563 -0.16243345]
[ 0.00514005 -1.3563917   1.99816795  0.37700032]
[-0.88105139 -0.12345943  1.0564906   1.19762719]
[-0.93114219  1.98499977  2.31032868 -2.13173015]

Populations

0.00147885728368
0.479443140954
0.196343478491
0.322734523271

State labels

0
1
2
3

Eigen uncertainty

nan
0.00344964497958
0.0154408192244
0.0587060601192
