Cluster centers 

[ 0.99820253  0.39477734 -1.02245113  0.43580492]
[-0.91035788  0.12167029  0.59733237  1.30662728]
[-1.09061102 -1.59161615  0.77949368 -1.56811817]
[-1.15610871  1.21976483 -0.2634197   0.11952981]
[-1.14855488 -1.20346309 -0.50550562 -0.66127586]
[ 1.01392948 -0.30654759 -0.1569615  -0.13058397]
[ 0.98069008 -0.14566288  0.07127395  0.76508718]
[ 0.5371952   0.18340892  1.54483617  1.63253856]
[-1.10603727  0.21408443 -2.09614583  0.46321247]
[-1.12764524  1.78451835  1.17122042 -0.84645704]
[ 0.95316973 -0.31944937 -0.19302746 -2.07155702]
[-0.86819231 -1.68764814  1.08120433 -0.16832327]
[ 0.95316758 -0.81769351  0.95406543 -0.49456937]
[-1.1362866   0.1132207  -0.81389994  0.9861198 ]
[ 0.94484726  1.67108769  1.3151722   0.33006838]
[-1.16121436  1.74691133  0.20967497 -0.6398621 ]
[ 0.683824    0.42894892 -2.24405841 -0.63879719]
[ 0.56899166 -0.81074442  1.32803368  1.36139351]
[ 0.98892009  1.03534002  0.23518219  0.9308692 ]
[-0.96977073 -1.7759238   3.19768381 -4.05389428]
[-0.51342016 -1.44512259  1.28364908  1.09352261]
[ 0.98153966  1.7474327  -0.5934231   0.25865639]
[-1.13890214 -1.12250536 -0.59940332 -0.10778861]
[-1.15284666 -1.27406592 -0.2849033  -1.26246116]
[-0.99524408 -1.77703785  1.60364942 -1.90366015]
[-1.14846542  2.36949747  0.41873525 -1.68143949]
[ 0.97111188 -0.10201139 -0.83269912 -0.7341219 ]
[-1.13834119  1.36853504  0.32809428 -0.10207456]
[ 0.90542033  0.97777742 -1.69588693  0.32884432]
[ 0.99800282 -0.04057281 -0.76738432 -0.18226326]
[ 0.93180154  0.47828272  0.45308463  1.25661127]
[ 0.96466337 -0.59067788  0.5170979   0.10781475]
[ 0.68745031  1.62403462  2.49266977  0.1732571 ]
[ 1.0101233  -0.54757933  0.31812699 -0.80244875]
[-1.05545864 -1.5545181   0.53272324 -0.75301041]
[-1.14533464 -0.58165586 -1.61533066  0.09455736]
[-1.06034311  1.73100957 -1.54237795 -0.409588  ]
[ 0.69616849 -1.41918593  2.40720346 -1.09520843]
[-1.06090758 -1.1085958  -0.22272791  0.60680229]
[ 0.91663093 -0.13348892 -0.86706631 -1.40416317]
[-1.06025264  2.02281677 -0.94312609 -0.83772954]
[-0.92264179 -1.77405974  1.36636218 -1.02045091]
[ 0.84990999 -0.63878498  0.83647608  0.81333472]
[-1.0103204   0.88155578  0.88600193  0.5366499 ]
[-1.11615658 -1.60036648  1.33378394 -2.75589951]
[-1.08646787 -0.18104223 -0.45700281  1.16481388]
[-0.6372839   3.23891528 -1.06560868 -2.50940349]
[-1.11325377  0.73823435 -0.07481561  0.66271003]
[ 0.84610971 -0.24570644  0.48500281 -4.08844537]
[-1.13928522  2.3869399   1.79937725 -2.09812954]
[ 0.58419122  1.0483039  -2.66458994 -0.13073744]
[ 0.29519812 -1.3217322   1.73614889  0.91861821]
[-1.12594892  1.53232336  0.79703244 -0.38590487]
[ 1.00836432 -0.62266348  0.82117682 -2.12551152]
[-0.60708435 -1.96938497  2.42584118 -1.19395142]
[-1.04572677 -1.40520743  0.19225393 -0.02474027]
[-1.12950671 -0.65877444 -0.88924786  0.77455399]
[ 0.7642918  -1.07280677  1.42992163  0.12899655]
[ 0.77878833 -0.04472602 -1.18741942 -2.04389221]
[  1.01508900e+00  -3.52508178e-04  -4.60269502e-01   4.04166046e-01]
[-1.15186933  1.39935824 -0.85774036 -0.07265005]
[-1.04999509  0.48869894  0.46880765  0.09571217]
[ 0.01333143  0.34372848  2.12577119  1.43651328]
[ 1.00159984 -0.30584996  0.00294239  0.2782464 ]
[-1.1461739   2.051281    1.3101421  -1.34320289]
[ 0.9786813   0.22034093 -1.14583563  0.07721242]
[ 0.67921801  2.16333497 -1.97748557 -0.30153621]
[ 0.9221826  -0.32024191  0.01962679 -2.74562706]
[ 0.99967896 -0.41694308  0.00975769 -1.49008174]
[ 0.0250372  -1.07310951  1.52572578  1.62712915]
[-0.43844869 -0.27254545  1.35872984  1.75505246]
[ 0.77330804  1.06067033  1.58454227  0.98087382]
[-1.13938799 -0.8458278  -1.36745165 -0.70171843]
[ 1.00960486  1.05990297 -0.5333635   0.76956973]
[-1.11488144 -1.59352859  1.84392318 -3.50703832]
[-1.1586026  -0.20050527 -1.4854867   0.67608904]
[ 0.99841936  0.33123884 -0.16503908  0.97691789]
[ 0.72707029 -0.27209924  1.01185595  1.50380167]
[-0.75297245 -1.97340439  3.14365936 -2.8129015 ]
[-1.14915148  0.5464735  -1.61583324  0.60002108]
[ 0.65406415 -1.36937075  2.05584617 -0.38099378]
[ 1.01169197  0.61603358 -0.73835839  0.74965145]
[ 0.91129563  0.43717297 -1.63296288 -0.01166311]
[-0.67323734 -0.94768531  0.80991482  1.58420408]
[ 0.99956499 -0.2857227  -0.37154805 -0.87889768]
[-1.15417451 -0.90115794 -1.00889571  0.11666829]
[ 0.87326842  0.14838709 -1.5064211  -0.72441854]
[-0.99738877  1.79431245  2.33657056 -1.04832964]
[ 0.99255613 -0.7715173   0.93702173 -1.18140179]
[-0.98018524 -0.87740326 -0.00721998  1.16269925]
[-1.16128412  2.00324681  0.61457359 -1.11458737]
[-1.04038817  1.44916122  1.43617257 -0.31506542]
[-0.85367704 -1.41493116  0.66028853  0.72125185]
[ 0.99426549  2.3190004   0.37987545 -0.4352431 ]
[ 0.87605607  0.85156929  0.99559256  1.15690721]
[-0.85207364  0.91273603  1.63154447  0.52059749]
[ 1.01323059 -0.41338141  0.00316713 -0.47949985]
[-1.15805234  0.99607908 -0.77715357  0.36895532]
[ 0.86851218 -0.02969034  0.62708621  1.31851467]
[-1.15631409  0.55377492 -1.03725493  0.7100971 ]

Populations

0.487085565514
0.227685485077
0.275907764487
0.00932118492193

State labels

0
1
2
3

Eigen uncertainty

4.7324539147e-11
0.00559452475711
0.0224263915471
0.0445034438613
