Cluster centers 

[-1.37635021  1.6208826  -0.2155384  -0.28026803]
[ 0.86617542 -0.06510964 -0.50829465  0.21661939]
[-1.22262071 -1.21924606 -0.01232992  0.690718  ]
[ 0.86275911 -0.62477027 -0.06090083 -1.8837165 ]
[ 0.73541619 -0.84791603  0.88745185  0.25912122]
[-1.35784018 -1.29036791 -0.74679515 -0.88321288]
[ 0.84562414  0.32518965  0.2178684   1.00670121]
[-1.20220827  0.99665697  1.18192828 -0.07466827]
[-1.1791134  -2.07186897  1.30692234 -3.52248672]
[ 0.6484862   0.70831029 -1.95981818  0.37947558]
[ 0.74549641  1.84446893  2.17366761 -0.89612042]
[-1.35938075  0.0182023  -1.59138438  1.04434705]
[ 0.52183784 -0.64262166  1.38930276  1.09778352]
[-1.23625306 -1.83999283  0.464167   -1.66451431]
[ 0.8706856  -0.47844097 -0.09808582 -0.47716549]
[ 0.75819589 -0.09006882 -1.19857583 -1.16386238]
[ 0.69620671  1.12696609  1.74600917  0.29306933]
[-1.28584213  0.72349686  0.43948316  0.57123711]
[-1.13789673 -1.83386513  0.62112037 -0.70923359]
[ 0.51941482  2.68179407 -1.31224604 -0.27790466]
[ 0.56625753 -0.15201228 -1.03195284 -4.22525897]
[-1.33180349  1.9713741   1.41637902 -1.95804331]
[-0.2690759  -1.97935317  1.91375742 -0.24488576]
[ 0.68331001 -0.12220602 -1.29584378 -2.07173644]
[ 0.85354304  1.04386881 -0.51932817  0.89203239]
[-1.30590577 -0.20352796 -0.3555468   1.27411922]
[-1.3146875  -1.08939627 -0.53765702  0.46438991]
[ 0.85966987  0.12296267 -0.0196242   0.84634815]
[-0.85480017  3.44308917 -1.31256058 -2.27803557]
[ 0.78180526  0.4533481   0.83977169  1.03203677]
[ 0.50909433 -1.82930297  2.15420147 -2.24715474]
[ 0.67205871  0.38689471 -1.83086308 -0.14244331]
[ 0.86468944 -0.67099329  0.11597559 -1.08164167]
[ 0.81511314 -0.44986559 -0.46957853 -2.40759363]
[-1.3699907   1.15159647 -0.74935429  0.5307317 ]
[-0.80635666 -0.64079896  1.27656576  1.30086897]
[-1.35435853  2.44666437  1.17714167 -2.75466168]
[ 0.03837519 -1.18567273  1.69434131  1.00730654]
[ 0.81368623 -0.27481399 -0.79337066 -1.32358153]
[ 0.34350182 -1.41302791  1.67469632  0.36476934]
[-1.32795033  1.6713954   1.04487326 -1.11532677]
[ 0.19469945  0.09911737  2.12237148  1.0030552 ]
[ 0.85155583  1.28971734  0.55150474  0.59176244]
[ 0.86400251 -0.31936418 -0.0324      0.20901172]
[ 0.59540896  0.15055317  1.4866765   1.10729949]
[-1.3527535  -0.8780832  -1.53290276 -0.66455678]
[-1.26449948 -1.55755276 -0.00902198 -0.44118026]
[-1.36113294  2.20011635 -0.14546642 -1.21783618]
[-1.37389784  2.17785283  0.40674452 -1.58857478]
[ 0.82483621  2.25233764  0.14416307 -0.29597737]
[-1.34612521  1.27664276  0.37024465 -0.09573031]
[ 0.85557675 -0.32539272 -0.52191196 -0.76815358]
[ 0.8230259  -0.30163623  0.37859644  0.67866453]
[-1.3574847  -0.68114097 -1.52610979  0.22304382]
[ 0.54584847 -1.4107204   1.52295501 -0.31920886]
[ 0.76583487  0.14131204 -1.35493397 -0.31519375]
[ 0.86035622  0.53899905 -0.58064546  0.86294636]
[ 0.46817519  1.19912483  2.49376922 -0.27187271]
[ 0.82649225 -0.52039971  0.39710153  0.30829419]
[-1.06557022 -2.00367508  0.97923596 -1.18600609]
[-1.06761462  0.52937515  1.36723295  0.49153414]
[-1.21540609 -1.5292422   0.13262796 -0.00910364]
[-1.24573798 -0.82582789 -0.14922049  1.13062875]
[-1.30555389 -1.80155675  0.47864531 -3.11804578]
[ 0.83924233  0.00637543 -0.87240516 -0.0634337 ]
[-1.34922247 -1.16870935 -0.79134714 -0.19293199]
[-1.35830876  0.92400036 -0.20113502  0.57534385]
[ 0.86956229 -0.29511163 -0.31239133 -0.14870978]
[-1.32713694  0.39599496 -0.22700724  1.03609912]
[ 0.40674945 -0.34172865  1.66098528  1.24853332]
[-1.15482714  1.22551558  1.77466721 -0.75586805]
[-1.35842374  1.67714782 -0.77908036 -0.06476204]
[ 0.78242762 -0.97271016  0.82926604 -0.43049926]
[ 0.86955421  0.01279602 -0.33129497  0.52859605]
[-1.17672695  1.31273132 -2.38016188  0.86377274]
[-1.36883543  0.50790491 -0.83764797  1.06425693]
[-1.36927313  1.67065948  0.30501383 -0.65098009]
[-1.13905127 -0.42131171  0.45556163  1.34037338]
[ 0.85217176 -0.64934304  0.28334053 -0.34116534]
[-0.96918032 -1.93928738  1.05458658 -0.4763817 ]
[ 0.82088955 -0.3653643  -0.64247468 -1.7319498 ]
[-0.94721684 -1.5622069   0.86256005  0.58848527]
[ 0.75458397 -0.18059642  0.76779246  1.01798269]
[-1.35389704 -0.53636586 -0.96558951  0.96885192]
[ 0.86396729  0.94731339 -0.03069851  0.9142238 ]
[ 0.81535209  1.38241267 -0.81796889  0.72816584]
[ 0.6814465  -0.70965346  1.0165161   0.72890453]
[ 0.8148122   0.56152523 -1.13851303  0.6302531 ]
[ 0.86443874 -0.11395304 -0.08774818  0.55111944]
[-1.20834699  0.3572693   0.63336718  0.88436084]
[ 0.80919567 -0.07143424 -1.02196251 -0.59164157]
[ 0.58428727  1.48961819 -1.90524306  0.76470767]
[-1.36828807  1.29020993 -0.09876665  0.11070436]
[ 0.76717574  0.41046295 -1.44467443  0.26001493]
[ 0.86387055  0.26000841 -0.55612169  0.67728904]
[ 0.8208955   1.21930326  0.25605019 -1.14794769]
[ 0.62524578 -0.15133408 -1.22706717 -3.06160352]
[-1.27730736 -1.62987412  0.0296052  -0.88467466]
[ 0.60886555  0.24030242 -1.91406268 -0.77333681]
[ 0.84330679 -0.76928965  0.34204906 -3.24123145]

Populations

0.0239112149411
0.175849603629
0.21082045023
0.5894187312

State labels

0
1
2
3

Eigen uncertainty

6.03427464263e-11
0.00943407158955
0.0328594169482
0.048408144435
