Cluster centers 

[-1.13829882 -0.56659657 -0.89522013  0.86557622]
[ 1.01323698 -0.44968018 -0.08734577 -0.86619885]
[-1.15827935  1.90870563  0.70094175 -1.18691836]
[ 0.99708115  0.27367254  0.00376732  0.9851353 ]
[-1.07446082 -1.56032407  0.36825558 -0.86512911]
[ 0.92886975  0.23185582 -1.44626617 -0.12644569]
[-1.1268527   0.67878418 -0.23349717  0.73264406]
[ 0.07320606 -1.53393891  1.95144023  0.56188286]
[-1.15849111 -1.05439976 -0.91786863 -0.34538069]
[ 0.43630404  0.52086101  1.93641236  1.19629762]
[ 0.99684198  0.10320913 -0.92841217  0.13637413]
[-1.13579733  1.00613496 -1.3980545   0.46636177]
[ 0.97576121 -0.04511939 -0.96566136 -0.39190712]
[-1.04640808  1.13824889  0.99395112  0.03378672]
[ 0.9827839  -0.44947382  0.30249008  0.26010075]
[ 0.41802526  1.33104999  2.92181076  0.0112773 ]
[-1.06749871 -1.76524735  1.43749584 -2.97613689]
[-0.78948134 -0.22648139  0.85495192  1.44779432]
[-1.00830542 -1.24081151  0.13602438  0.56071334]
[ 0.80994089 -0.11631466 -1.26439349 -1.89189379]
[ 1.00448738  1.68464271 -0.27381491  0.35972567]
[-1.15664437 -0.14790355 -1.35963127  0.89970377]
[ 0.85548017 -0.3028106  -0.45284364 -3.12294439]
[ 0.99141268  1.15750359  0.43881523  0.7985146 ]
[-1.14099551  2.27647433  1.7361866  -2.34399599]
[-1.07962378 -1.44221243  0.1165045  -0.37694179]
[ 0.21296145 -1.05454884  1.64801795  1.28311794]
[ 1.01861052  0.18505934 -0.52557642  0.61726097]
[-1.05220163 -0.45443127 -0.23992445  1.23526333]
[ 0.54048525 -1.40959984  1.93639211 -0.24251444]
[ 0.90984099  2.06361583  2.04420514 -0.64028842]
[-1.12075977 -1.56724511  0.38093102 -1.67189379]
[-1.09385838  1.4933135   1.08288871 -0.56248462]
[-1.15340665  0.31801391 -1.01899306  0.94256521]
[ 0.99639881 -0.26801325 -0.54535011 -0.77513354]
[-0.80767065  2.98592231  1.18908979 -3.35381926]
[-1.10819489  0.9743861   0.2919407   0.35897104]
[ 1.01534136 -0.34772074 -0.13621631 -0.20333486]
[-0.99134391  1.79490603  2.33638499 -1.50769546]
[-1.11032859  1.79545315 -0.97180913 -0.49529035]
[-1.15449177 -0.8198062  -1.04804259  0.36827463]
[-1.13789227 -0.67815603 -1.66747085 -0.14110828]
[ 0.7728304   0.10690488  1.13464893  1.37965926]
[-0.79002173 -1.75567096  1.2709468  -0.29305623]
[-1.14705618  1.11208525 -0.09799132  0.23604156]
[ 0.49034103  1.0176492   2.39287997  0.6155873 ]
[ 0.95889236 -0.31386802 -0.56720297 -1.59613296]
[ 0.99907235 -0.51696072  0.03854447 -1.76985416]
[ 0.93374886  1.59175722  1.40394209  0.23782917]
[-1.13121098 -1.08191344 -0.58982174  0.17695935]
[ 0.85429154 -0.50456767  0.84489286  0.89868956]
[-0.63352006 -1.53853604  1.24986189  0.66275758]
[ 1.01450441  0.84628543 -0.55421492  0.8386339 ]
[ 0.36721482  1.75821379  3.55494479 -0.98153009]
[ 0.89640336 -0.8168118   0.95311646  0.04220597]
[-0.76149682 -1.03483681  0.76217493  1.2895366 ]
[ 0.55063061  0.83934791 -2.65664224 -0.06214446]
[ 0.80029376 -1.25908173  1.81965483 -1.24541196]
[-1.15077927 -1.03183843 -1.11494727 -1.05437374]
[-0.9960439   0.7253317   0.82273764  0.62832695]
[-0.97176711 -1.51314541  0.52896415  0.02513121]
[-1.15518268 -1.3697468  -0.22433455 -1.55428264]
[-1.14717808  2.33156403  0.33089669 -1.82127396]
[ 0.97518592 -0.24816846  0.24690782  0.68229052]
[-1.05576389 -1.73289612  0.96245604 -1.85777554]
[ 0.5517631  -1.14836059  1.62839755  0.64952294]
[ 0.90390449 -0.05389572 -1.23377188 -0.99967634]
[ 0.93214579  0.9611112  -1.49881405  0.54321039]
[-1.07492763 -0.92651244 -0.33071478  0.82302984]
[-1.15935983  0.95033187 -0.74951843  0.48771946]
[ 0.78322153  0.33526245 -1.99891067 -0.44749879]
[ 1.01001397  2.06868962  0.69104357 -0.23567736]
[ 0.54154599 -0.39921211  1.42402754  1.45042594]
[-1.10741481  0.1807789  -0.37932561  1.09556399]
[-1.14937091 -1.2972903  -0.4054431  -0.82399872]
[-0.84218081  0.88570009  1.65691342  0.3341395 ]
[ 0.97176181 -0.51391487  0.12662    -2.5313906 ]
[ 1.00351918  0.41963972 -0.9494454   0.57083202]
[-1.11411329 -1.26857888 -0.28083673 -0.1368429 ]
[ 0.71782091  2.113463   -1.84830927 -0.0681033 ]
[ 1.01497236 -0.1473775  -0.48941022 -0.0145014 ]
[ 1.00218775 -0.68976602  0.50251588 -1.05811731]
[ 0.99507005 -0.58679859  0.37029507 -0.30914014]
[-1.15147477  1.54114931  0.30898636 -0.44935112]
[-1.10658893  1.80121319  1.43648775 -1.23127149]
[ 1.01382693 -0.12632081 -0.19261573  0.43250711]
[ 0.87046518  1.00320462  1.26598359  0.89203239]
[-1.1609267   1.42476721 -0.44595173 -0.11320581]
[-0.81343394 -1.97205985  2.01736735 -2.01347123]
[-1.13041447 -0.19002598 -1.95650252  0.51297771]
[ 0.93704289  0.36266359  0.53452772  1.17075216]
[ 0.98896913  2.19411862 -0.10525886 -0.25326915]
[-0.92204587  1.3814314   2.00157449 -0.56785892]
[-1.08635476  0.64734601 -2.10955954  0.64408717]
[ 0.81459818  3.22335189  0.09028132 -2.06826269]
[ 0.83523921  2.56850069 -0.89282586 -0.67834946]
[-0.94483104 -1.76954341  1.08797863 -0.98615768]
[-1.15509749  1.91618681 -0.16993643 -0.90803175]
[-1.01380411  0.30325381  0.3594878   1.06074738]
[-1.15879471 -0.49531074 -1.41970446  0.6079425 ]

Populations

0.468915265231
0.203821803264
0.230931339723
0.096331591781

State labels

0
1
2
3

Eigen uncertainty

5.12275002985e-11
0.00466647142906
0.0201358351916
0.0217632113365
