Cluster centers 

[ 0.92841293 -0.12725421 -0.11912129  0.48978119]
[-1.26870373  1.58497963  0.23206216 -0.55552044]
[-1.06006379 -1.65236275  0.49540867 -0.142834  ]
[-0.6227855   1.38753451 -2.74147655  0.50682774]
[-1.03594609  0.20557248  0.79045235  1.05885128]
[ 0.83775025 -0.15566945 -1.05487527 -1.34736067]
[ 0.64662087  0.28431367  1.43269712  1.25397468]
[ 0.78417     1.94443971  2.24156716 -0.85320784]
[-1.23267472 -1.29615268 -0.54512541 -0.42741763]
[ 0.90325502  0.40227341 -1.01486223  0.47245672]
[ 0.87904305 -0.68810323  0.57621172  0.03248638]
[ 0.74076543  2.78200079 -0.54149349 -0.94311675]
[-1.18508359 -1.10156943 -0.35419502  0.59054759]
[ 0.91479487  1.20975922  0.26800546  0.72948822]
[-1.1792935  -1.75962344  0.43963773 -1.80694612]
[-1.24335523  2.18927746  1.74490483 -2.56742289]
[ 0.90259316  0.43268276  0.18329603  1.04219528]
[-1.26262993  0.35406507 -0.95952896  1.01503047]
[ 0.53286964 -0.44398096  1.42415901  1.36814922]
[-1.18576148  0.95207217  0.6531241   0.23670734]
[-0.82019364 -1.28026225  0.88693864  1.13546848]
[ 0.90838049 -0.55062702 -0.09008881 -2.35470048]
[ 0.89673559 -0.15809955 -0.8348322  -0.72663494]
[-0.998596   -1.30523296  0.45545713  0.87016243]
[ 0.93180428 -0.59684776  0.18943858 -0.56512092]
[ 0.76945381  1.24215194 -1.71935123  0.57141229]
[-1.06730464  1.12565124  1.62336594 -0.32810606]
[ 0.42128095  1.09539584  2.56561959  0.14369037]
[-1.25906153 -0.48904157 -1.37960259  0.69464625]
[ 0.73044562  0.14008344 -1.69219748 -0.89916152]
[ 0.79331565  1.01233781  1.33047356  0.73341953]
[ 0.9314719   0.29148388 -0.45319395  0.73542506]
[-1.1946337  -0.15183476 -0.32309374  1.24150763]
[-1.25890854  1.67403378 -0.58655345 -0.35544315]
[ 0.92005807 -0.45972798 -0.30388986 -1.58442959]
[-1.16355853 -1.64401291  0.20416881 -0.8701947 ]
[-1.19662606  1.41583409 -1.63267126  0.2781652 ]
[-1.27185022  1.90101807  0.12104689 -1.02263675]
[ 0.76224182 -1.11335153  1.22384136 -0.26429261]
[ 0.90685463 -0.00330478 -0.88773638 -0.17353998]
[ 0.75338144 -0.46509693  0.92032337  1.00060686]
[-0.97546641 -1.9218894   1.03930157 -0.81564287]
[ 0.36837224 -1.06228646  1.60159837  1.08970626]
[-1.03559004  0.80701188  1.3659151   0.25681563]
[-1.15884101 -1.91498423  1.10681724 -3.16994464]
[ 0.90270057  2.00341706  0.01717146 -0.01350736]
[ 0.82278433  0.29104104  0.75211357  1.15399742]
[ 0.11079692  3.46660943 -0.42757919 -2.65994936]
[ 0.78778968 -0.37165808 -0.45110672 -3.45606345]
[ 0.92725997  0.75099523 -0.38737309  0.89336631]
[-1.2267708  -1.13293947 -0.62362569  0.1755149 ]
[ 0.70010091  0.60796374 -2.04961814  0.0331004 ]
[-1.25727955  2.43279949  0.44799945 -2.20474465]
[-0.77121096 -1.75777757  1.19286302  0.29953369]
[ 0.93186826 -0.30222636 -0.08456693  0.13766424]
[ 0.79555988 -0.24473012 -0.94298463 -2.17894786]
[-1.22604687  1.27849647  0.64951526 -0.23873024]
[-1.1646418  -1.44878863 -0.03985676 -0.10642925]
[-1.24301084  2.24912777 -0.01387808 -1.5529169 ]
[-0.8848483   1.36322075  2.59437603 -1.12928206]
[-1.21570033  1.57829563  1.1815311  -0.96871654]
[-1.22030472 -0.37411159 -1.93909362  0.30369657]
[-1.19991509  0.70425273  0.24757289  0.63953789]
[-0.18146309 -1.28805324  1.67839494  1.24898611]
[ 0.8743276  -0.33891672  0.41954927  0.67805975]
[ 0.0792767  -1.8170457   2.043906   -0.23570544]
[-1.24614709 -1.32806922 -0.62840988 -1.21010018]
[-0.0887769  -0.19037352  1.96704157  1.39788763]
[ 0.34778438 -1.40750274  1.72711267  0.48753451]
[ 0.76447882 -0.79894245  0.98049611  0.51667434]
[ 0.84422487  0.28031245 -1.41503744 -0.06076555]
[ 0.93673682 -0.29116714 -0.33232019 -0.27234217]
[ 0.90896138  0.04344902  0.07645627  0.86324535]
[-1.22498984  0.41424218 -0.26224563  0.96954644]
[-1.25553082  0.02781012 -1.60899482  0.9168788 ]
[-1.16041904 -0.80024905 -0.26791186  1.08167802]
[-1.2627132   1.12216188 -0.23320358  0.26209301]
[-0.67009125 -0.74527112  1.26666961  1.50878075]
[-1.27075867  1.97862657  0.79544462 -1.52524285]
[ 0.93586903 -0.66689179  0.24267746 -1.0112963 ]
[ 0.60909891 -0.08265625  1.35846624  1.37120619]
[ 0.85962123  1.57839626  1.32825971  0.11888953]
[ 0.41496987  2.59380816 -2.00104657 -0.33430725]
[ 0.90139879 -0.97679832  0.8774766  -1.41080054]
[-1.08732241 -1.3020742   0.15588917  0.62960653]
[-1.26195239  1.27915564  0.01841993 -0.01818703]
[ 0.93476078 -0.40164887 -0.2955568  -0.8087035 ]
[-1.05839495 -0.49797264  0.29289399  1.35928666]
[ 0.44847824  0.553746    2.07709307  0.94733282]
[-1.23427126 -0.49688681 -0.80431868  1.03101779]
[-1.22285288  0.58879442 -1.94163581  0.83865881]
[-0.97985808 -2.12717058  1.64781544 -2.52180873]
[-1.25364731 -0.92515564 -1.20088902 -0.06754707]
[-1.22653271 -0.74469285 -1.67854735 -0.38414798]
[-1.05906577 -1.93805681  0.96856864 -1.46746876]
[ 0.897545    1.21235858 -0.80823447  0.71006876]
[-1.25122669 -0.80967346 -1.05809237  0.47811748]
[ 0.93291161  0.02373263 -0.53063703  0.33252123]
[-1.26713267  0.92108819 -0.65314896  0.57743586]
[ 0.92476614 -0.51108775  0.17752537 -0.12229328]

Populations

0.053211358422
0.176919355243
0.229121650492
0.540747635843

State labels

0
1
2
3

Eigen uncertainty

5.41185009575e-11
0.0070906561597
0.028984007438
0.0342383082163
