Cluster centers 

[-1.09852574 -0.86906729 -0.90763769  0.4172375 ]
[ 1.05774949 -0.47082026 -0.01769903 -0.71669674]
[-1.02221623  1.32007423  0.9386637  -0.23732111]
[ 1.04596169 -0.19761187 -0.00660359  0.499786  ]
[-1.00388991 -1.7155518   1.39553124 -2.68355644]
[-1.10152056  0.38502276 -1.02377345  0.90072376]
[ 1.02789633  0.23411392 -1.19118369  0.27308331]
[-0.77756422 -1.34018873  0.86758631  0.72895277]
[-1.00297175  1.94733933  1.96536316 -1.69015719]
[ 0.88886929  2.14110222  2.27958572 -0.87988612]
[ 1.05348946  1.08478257  0.05501213  0.83808345]
[ 1.00616564 -0.38294617 -0.47459429 -1.81556103]
[ 0.84507682 -0.39238463  1.00937804  1.10724974]
[-1.10353137  1.01984862 -0.7725434   0.37336773]
[-0.77542942 -1.76752709  1.51836533 -0.87508307]
[-1.10677135 -1.13552587 -0.89929794 -1.24310477]
[ 0.76936357 -1.11966286  1.652686   -0.22534952]
[ 1.04598127  2.25609222  0.1150323  -0.47838187]
[ 0.97092487 -0.41410975 -0.26227407 -2.8126067 ]
[-0.82631969  0.16478406  0.88170626  1.22795055]
[-0.95838203  0.99084589 -2.36456974  0.39783854]
[-1.10333206 -0.53931787 -1.47063646  0.55641565]
[-0.93389567 -1.79467363  2.22807847 -3.54292861]
[-1.09170861  2.00406364 -0.18629193 -1.15751857]
[ 1.04589472 -0.67530069  0.59392651 -2.24978373]
[ 0.97609059  0.12185617 -1.45961774 -0.20859305]
[-0.54767268 -1.18932895  1.26047467  1.21879555]
[-1.09993002 -1.36586261 -0.18223793 -1.14840096]
[ 1.01440234 -0.52123402  0.4576396   0.14756717]
[ 0.21941152 -1.46901758  2.12984137  0.25653581]
[-1.03582256  2.33811353  2.30500166 -2.75049938]
[-0.98213502 -1.2927727   0.20680524  0.32570147]
[ 0.90651912 -0.13611689 -1.3389142  -1.36715099]
[ 1.03938881 -0.1073786  -0.84542604 -0.2627528 ]
[-0.98872329  0.67080525  0.50251832  0.72028899]
[ 1.05537302  1.61102913 -0.36265709  0.38776622]
[ 1.06193301  0.17310157 -0.69238015  0.54307662]
[ 0.4249826   0.91226571  2.36887563  0.77066561]
[ 0.28032735  1.53366279  3.24234559 -0.45190326]
[ 0.95479183  0.92836367 -1.73580028  0.4982077 ]
[-1.03263696 -0.2166324  -2.21229561  0.38476487]
[-0.68023357  0.8770064   1.91159341  0.40098478]
[-1.10837526 -1.03765696 -0.96779636 -0.31227912]
[-1.06918668  1.60106654 -1.01547438 -0.32232941]
[-1.10107566  2.06766753  0.8246458  -1.59511148]
[-1.00999699 -0.66198043 -0.21438249  1.1354271 ]
[ 1.06123347 -0.11920437 -0.49370383  0.15269733]
[-1.10191129 -0.15014648 -1.46999526  0.88432076]
[ 1.05230343 -0.55891337  0.14117279 -1.36698731]
[ 0.62742607 -1.04369241  1.65356506  0.61999436]
[ 1.04305481  0.43435366  0.0052077   1.0395833 ]
[ 0.88106892 -0.34047338 -0.16558426 -4.02736934]
[-1.05309086  0.22193908 -0.30446684  1.08234497]
[-1.10400129  1.5219271  -0.01344686 -0.39811441]
[ 0.83574059  0.9813175   1.49904193  0.90682762]
[ 0.81474999  2.93621633 -0.66369237 -1.56070137]
[-1.02701182  2.60947869  1.03413474 -2.79098502]
[ 0.92179038 -0.73105983  0.97095824  0.26169133]
[ 0.97332403  0.82334193  0.74226485  1.05317732]
[-1.08622645 -1.50838411  0.33835791 -1.84301421]
[ 1.04316526  0.82295132 -1.06794639  0.71004072]
[ 1.02749663 -0.66879769  0.56569096 -0.57208642]
[-1.0729602  -0.30996442 -0.69596828  1.11807119]
[-1.07183475  0.50124373 -1.83111911  0.71177227]
[ 0.6089463   0.60096139 -2.70255739 -0.18845247]
[-1.02146751 -1.03434373 -0.18145771  0.68620246]
[ 0.74399628  2.11516075 -1.76679    -0.19032394]
[ 1.01424342  1.63906927  0.9996703   0.24119735]
[-1.07729377 -1.30160456 -0.21188303 -0.3784447 ]
[-1.07902533  0.73647579 -0.248585    0.66229169]
[-0.8899658   1.47262585  1.92754936 -0.67233693]
[ 1.05064553 -0.37084942  0.05218129  0.0616703 ]
[ 0.98944782 -0.10435422 -1.14631769 -0.71614686]
[-1.08516527 -0.74673928 -1.61346308 -0.13977396]
[ 1.03751021 -0.31159427 -0.55863019 -0.91719425]
[-1.0214445  -1.54411864  0.49181644 -0.87534485]
[ 0.98023175 -0.31473621  0.50377701  0.78063962]
[-1.07725896  1.09306265  0.10353489  0.21351513]
[-0.96763589 -1.46271913  0.4725178  -0.11639743]
[ 0.43219934 -0.7723269   1.65326469  1.33160311]
[ 0.85725098  0.23017524 -1.9815313  -0.42506984]
[ 0.81773203 -0.22272749 -1.16235528 -2.59180119]
[-1.10821172 -1.23653444 -0.54348838 -0.76865685]
[-1.08415734 -1.12684918 -0.50065782  0.07613676]
[ 1.05404932  0.07472041 -0.18531498  0.77057405]
[-0.93031486  0.91361571  1.07004682  0.3818289 ]
[-0.8344887  -1.63090611  1.08654744 -0.27920682]
[ 0.84107483  1.60775859  2.06525941  0.04411239]
[-0.95404812 -1.7441513   1.29921996 -1.81670491]
[ 0.92674056 -1.01385373  1.42286562 -1.11385797]
[-0.95537765 -0.13418937  0.18085748  1.31957281]
[-0.39368733 -0.35136885  1.54531797  1.56258337]
[-1.06999717  1.6917896   0.94568532 -0.89847401]
[-1.09468294 -0.58110583 -0.97399504  0.84045493]
[ 0.98232551  0.18424599  0.45788304  1.15251733]
[-0.01645362 -1.26362279  1.84094678  1.06554713]
[ 1.0591352  -0.31990523 -0.29627033 -0.32547196]
[ 0.66940116  0.09084041  1.42675077  1.45042042]
[-0.83925411 -0.78629852  0.52069152  1.32889222]
[ 1.06582378  0.5685143  -0.55218223  0.86389246]

Populations

0.00180323690125
0.435963810019
0.266513322165
0.295719630914

State labels

0
1
2
3

Eigen uncertainty

nan
0.00393215223523
0.0167844944185
0.0643621614806
