Cluster centers 

[ 0.83362002 -0.10858487 -0.4848647   1.13510412]
[-1.34658436  1.38701753  0.72194143  0.37142352]
[ 0.87210479  0.77403236 -0.59030334 -0.75470929]
[-1.23080099 -1.46711861 -0.34421321  0.05685778]
[ 0.75251684 -0.30287245  0.34860256 -1.26304133]
[-1.34130863  0.44517525 -1.16629459 -0.73131365]
[-1.13046469 -2.19820383  1.04277848  1.26714484]
[ 0.58677505  0.65729035  1.84071513 -1.18781778]
[ 0.87003635 -0.62406541  0.52390799  1.94658722]
[-0.05219004 -2.00113808  1.40368596 -0.84320979]
[-1.36224356  1.83494144  1.0524034   1.12981894]
[ 0.88237855 -0.55876413  0.21171722  0.97379811]
[-0.07490152  2.136575   -2.92932278  0.48533429]
[ 0.88122737 -0.1663541  -0.31193958 -0.02343905]
[ 0.74889756  0.42432786 -1.28537117  0.74597809]
[ 0.65927452  2.21630095 -0.90533216  0.07688924]
[-1.32737253 -1.22685177 -0.72984471  1.00061494]
[-1.14649401  0.80563497  1.80661861 -0.1482383 ]
[ 0.7211892  -0.49792314  1.33004021  4.47168597]
[ 0.69986815 -1.22886348  0.96020903 -0.34125132]
[ 0.64620081  1.25839772  2.87459621 -0.23657011]
[-1.35439401  1.4506183  -0.01191711  0.24106891]
[-1.33571906 -0.52739264 -1.51238623 -0.19486472]
[-1.32870245  0.78964735 -0.31853667 -0.53593252]
[ 0.81269624 -0.48984924  0.55253856  2.80821481]
[ 0.31926368  3.59545108  0.94981522  2.56973322]
[ 0.81463987  1.39505982  1.35614557 -0.58133178]
[ 0.52713783 -0.2869149   0.93501549 -1.73290936]
[-1.33347122  0.25472642 -1.91311008 -0.34869589]
[-0.89195539 -2.19680044  0.98840845  0.06672474]
[ 0.75022911  0.06883606 -0.77334632  1.55778915]
[ 0.86725314 -0.17606649 -0.16728522 -0.51431322]
[-1.28754311  0.24724844 -0.54362096 -0.97318033]
[ 0.60250461 -0.08838699 -0.15802023  3.28856817]
[ 0.68134422  1.00219036 -1.77629032  0.29327714]
[-0.90541534 -2.71325536  2.48802839  2.07336313]
[-1.20588202 -1.16966849 -0.54552802 -0.66292679]
[-1.32160053  2.23425564  0.59129633  1.48530491]
[-1.29183258  0.84245871  0.40081636 -0.40231338]
[-1.28535202  1.56903489  2.93129705  1.62461969]
[ 0.79755864  0.36802225  0.35094677 -1.31622208]
[-1.19684919  1.38072118 -2.37869279  0.04265636]
[ 0.8704914  -0.67335389  0.32088705  0.29109256]
[-1.26849922 -1.89270925  0.55137264  1.72327699]
[ 0.61329943 -0.89659399  0.7160869  -1.22289611]
[-1.32322656 -0.97369364 -1.09455425  0.24985554]
[-0.9387034  -1.38009013  0.14139773 -1.25546041]
[ 0.87019269  0.27740901 -0.74857507 -0.20901754]
[ 0.79294545 -0.28895156 -0.01233737  2.24576495]
[-1.33028404  1.5951452  -0.68616365  0.24717121]
[ 0.78370626  2.42181795  0.39114541  0.41126254]
[ 0.85786056  0.5570246  -0.10109711 -1.05738009]
[ 0.84111522  0.28640468 -0.94006738  0.21205203]
[ 0.81648711 -0.89809781  0.59324776 -0.07917928]
[ 0.87262945 -1.1677167   1.40694296  1.80260751]
[ 0.45873306 -1.83077813  1.61393688 -0.19174854]
[-1.31479364  1.29998284  1.33518593  0.45673382]
[ 0.87128712 -0.1611911  -0.3944009   0.57167254]
[ 0.8183929   1.69454424  1.94042091 -0.06070755]
[-1.24230319  2.3820826  -0.14390016  1.34185282]
[-1.01718678  0.36639595  1.43074517 -0.86295394]
[-0.8652744  -1.98379875  0.6862891  -0.51501244]
[ 0.4701372  -1.43011082  1.1059752  -0.94328422]
[ 0.77562241  0.88955831  1.0642812  -1.0972473 ]
[-1.15552872 -1.91903109  0.40668543  0.55892686]
[-1.25149823 -0.40221899 -0.78632979 -1.0985662 ]
[-0.22974791 -2.43836999  1.93670027 -0.02010268]
[ 0.868373   -0.96265035  0.81869665  0.95953509]
[-1.34903366  1.0700406  -0.99829972 -0.30238147]
[ 0.8299839  -0.25706592 -0.19298384  1.6110418 ]
[ 0.72398939 -0.38860842  0.67959192  3.67507975]
[-0.0033821  -0.03333889  1.99292041 -1.63458047]
[ 0.77305357 -0.73071899  0.45457905 -0.7249344 ]
[ 0.84218896 -0.02209172 -0.0433706  -0.96484955]
[ 0.80748883  0.75000778 -1.30038364 -0.09426357]
[ 0.86063526  1.35639585  0.46229701 -0.73444253]
[ 0.66412082  0.39606253 -1.34667625  1.28041134]
[ 0.79623146 -1.30632664  1.23621771  0.65733243]
[ 0.83132661  1.04481076 -1.07066377 -0.47563024]
[-1.32938734 -0.17909628 -1.37686134 -0.72261723]
[-1.18354902  1.06543402  2.24390051  0.4127411 ]
[-1.2262676  -2.23244536  1.55332054  2.59489215]
[-1.35909194  2.12976051  1.96646763  2.05238753]
[ 0.86077647 -0.44257523  0.06399373 -0.28723614]
[ 0.21180921  0.5975958   2.8886144  -0.84443552]
[-1.23359973  0.8270945   1.10051747 -0.29003461]
[-1.30994246 -0.39660572 -1.85032963  0.56159421]
[-1.35384201  1.82323031  0.43591992  0.86000483]
[-1.29781466 -1.50498066 -0.29618993  0.92502041]
[ 0.81955756  0.14999764 -0.86587352  0.7150894 ]
[ 0.85922277  1.06116123  0.04870398 -0.92450026]
[-1.35272112  2.12113993  1.18342965  1.61526501]
[-1.11794689 -0.02584904  0.28919104 -1.27429196]
[ 0.88341328 -0.41355285 -0.03258055  0.47776795]
[-1.34664498  1.69411863  1.77340557  1.24551119]
[-1.28065065 -0.82920883 -0.96931621 -0.61888431]
[-0.29693782 -0.6448656   1.10573385 -1.85777521]
[ 0.57324927  0.12059943 -0.78664705  2.59955672]
[ 0.87781839  0.24768938 -0.51442294 -0.58410298]
[-0.27297974 -1.58573105  0.9416116  -1.55122273]

Populations

0.176292536475
0.590709708292
0.0752814171273
0.157716338106

State labels

0
1
2
3

Eigen uncertainty

nan
0.0122561251812
0.0523897328144
0.0559367093133
