Cluster centers 

[-1.15377999  0.04771242 -0.26734276  1.22042312]
[ 0.97816211 -0.40375064 -0.40567051 -0.83418283]
[ 0.91855116  0.64920891  0.76652385  0.96276918]
[-1.202493    2.1439717  -0.28870309 -1.28972084]
[-1.19450935 -1.14484199 -0.86208756 -0.10824145]
[ 0.90783478 -0.63756093  0.77857879 -0.06028826]
[-1.16222865  1.18169755  0.22674934  0.06582638]
[ 0.9443505   0.92447848 -1.00127535  0.93116791]
[-0.86716791 -1.7452627   1.2757221  -1.31894693]
[-0.83994483 -1.06058663  1.01062703  0.98487474]
[ 0.80282716  0.24389423 -1.90760763  0.30902852]
[ 0.05935344  1.38922256  2.84436005 -0.70890747]
[ 0.98603048 -0.19921661 -0.34589766  0.16371778]
[ 0.34714326 -0.90570492  1.93060567  0.75608035]
[-1.19821668  0.84595344 -0.83636129  0.77798303]
[-1.17317033 -1.40436242 -0.3011862  -0.92026895]
[ 0.94023985 -0.38702941 -0.72316003 -1.66876576]
[ 0.79326266  0.96533953 -1.89644882  0.91455649]
[-1.20955949  2.35818568  0.14391818 -1.96002728]
[ 0.58482948 -0.27078771  1.67904913  1.05915829]
[-0.99792529  1.48089346  1.45550116 -0.83478791]
[ 0.96578534  2.54516442  0.74180864 -1.13616602]
[-1.09892762  0.74078095  0.50180425  0.55084365]
[-1.19225653 -0.37559536 -1.34371589  1.13715062]
[ 0.96796098 -0.59523176  0.32318197 -0.64177926]
[-1.09839864  2.26551019  1.48571873 -2.48268512]
[ 0.6236445  -1.35577987  2.17609104 -2.50908233]
[ 0.94269548  0.20474297 -1.12078435  0.54750026]
[-0.47496984 -0.4839655   1.81672412  1.16753162]
[ 0.93383943  2.17288094 -0.44541322 -0.10261313]
[ 0.91638607 -0.08464532 -1.23418771 -0.22874628]
[-1.05435151 -1.68455213  0.92968475 -2.82733623]
[ 0.8791521   1.10693658  1.18582734  0.58794736]
[-0.99997332 -0.26211679 -2.70302292  0.64426975]
[-1.19677412  1.85320435 -0.59036315 -0.62828552]
[ 0.98562594 -0.08931854 -0.11908262  0.54868477]
[ 0.86282609 -0.30700138 -1.10638809 -2.43934278]
[-1.18805885 -0.91379439 -0.83818469  0.65006785]
[-1.20218203  1.49162645 -0.37655457 -0.15678139]
[-0.97952833 -1.53255574  0.71925053 -0.23492839]
[ 0.96867663 -0.45477046  0.25694434 -0.05056254]
[-1.19668991  0.32212399 -1.02173473  1.18227026]
[ 0.74408203  3.41128304 -0.83651751 -2.0918961 ]
[ 0.98502353 -0.37214191 -0.23957933 -0.34786946]
[ 0.94722843  0.01098408  0.431344    0.87675325]
[-1.0496117  -1.62625146  0.60043457 -1.17016843]
[-1.18720421 -0.89982198 -1.48671645  0.14231873]
[-1.08618943 -1.36502911  0.17664687  0.05353291]
[ 0.71696186  2.14694621 -1.81315099  0.30644533]
[-1.17864666  0.539842   -0.36935926  0.94453532]
[-1.14742672 -0.67440245 -0.3555737   1.1226554 ]
[ 0.88147861 -0.25598094 -1.22462108 -1.39644185]
[-1.04426626 -1.12502882  0.30737086  0.74361676]
[ 0.64642349 -1.2577349   1.87815032 -1.39988632]
[-0.78172251  0.93905631  1.86403692 -0.04801677]
[ 0.59179337  2.06759273  2.66489722 -1.471956  ]
[ 0.2036934  -1.47112948  2.14606556 -0.63451622]
[-1.17459599 -1.48258671 -0.11256269 -1.87337544]
[-0.99773034  0.69642719  1.01488688  0.48188186]
[-1.14052825 -1.13510237 -0.2475679   0.48799416]
[ 0.66600877 -0.97980374  1.60758429  0.00344424]
[-0.99906128  1.75618904  1.69650125 -1.46005245]
[ 0.96858118 -0.14252487 -0.7638284  -0.01984478]
[-1.17830292  1.65447943  0.32491067 -0.70660668]
[-1.16839766 -1.32066229 -0.35739858 -0.3395686 ]
[ 0.80657178 -0.58914098  1.17141338  0.50711835]
[-1.035369    0.21081745  0.59394744  1.02657766]
[ 0.98367571  0.21985282 -0.57249789  0.75544518]
[ 0.94457144 -0.25087977 -0.91314514 -0.68134513]
[ 0.76183081 -0.03854316 -1.90941487 -0.64551368]
[-0.7931548  -1.49745445  1.21066352  0.16610304]
[ 0.94622004 -0.47749895 -0.38952931 -2.42512394]
[-1.19206537 -0.30798411 -0.95053711  1.22972644]
[ 0.97904553 -0.53322501 -0.10138135 -1.29913967]
[-1.17958815  2.02436056  0.60446919 -1.52181396]
[-1.02517045  1.12474579  1.1327288  -0.13762264]
[ 0.61752     0.40769195  1.78549466  0.94253793]
[-1.19934328 -1.25168428 -0.83430301 -0.78910541]
[ 0.713512    1.45880584  1.90347918 -0.08403225]
[-1.0993464   1.03613171 -1.99796123  0.88703591]
[ 0.164129   -1.28888323  2.03772956  0.18566336]
[-1.19746626  1.03896955 -0.49632711  0.4811806 ]
[-0.94672916  3.0281323   0.75294925 -3.72345148]
[ 0.86546308 -0.08330262  0.93550903  0.93954576]
[-1.11761799 -1.50481856  0.16068914 -0.79567842]
[ 0.97703351  0.30074884  0.11543022  0.95306933]
[-1.19689775 -1.24701652 -0.96369721 -1.44906744]
[-1.17516235  1.50725152 -1.13684946  0.11739699]
[ 0.96956866  1.60333757  0.52099191  0.29286138]
[ 0.74883325 -0.20892349 -1.41012583 -3.29629162]
[-1.1572887   0.27180418 -1.81309396  1.22260958]
[ 0.98649969  0.84515951 -0.18983926  0.95885807]
[-1.18435259 -0.62525358 -1.55429639  0.78038233]
[ 0.83671797 -0.93492401  1.2043697  -0.82105166]
[-0.00555813  1.3233721  -3.42022247  1.05780036]
[ 0.80823798 -0.13678379 -1.65843316 -1.04287852]
[-0.86347214 -0.33521263  1.07282316  1.22418793]
[ 0.95586773 -0.32652498  0.35516825  0.40291201]
[-1.16607698  0.85691524 -0.00795904  0.54942492]
[-1.0645823  -0.54637644  0.22006953  1.25315752]

Populations

0.0283532615123
0.450745753789
0.278757460779
0.24214352392

State labels

0
1
2
3

Eigen uncertainty

4.39419429077e-11
0.00334345496717
0.0145229545077
0.0166036790022
