Cluster centers 

[-1.08955906  1.57720737  1.47856861  0.83741216]
[ 1.03503386 -0.13214216 -0.23974093 -0.26727832]
[-0.33039197 -1.58774291  1.3892094  -0.99298237]
[-1.11911349  1.09916513 -0.62118605 -0.44591646]
[ 0.97290426 -0.16591322 -0.04264823  3.06898657]
[-1.11439587 -0.9157666  -1.07486748  0.40193958]
[-0.73538803 -1.87607379  1.1357315   0.29909399]
[ 0.39958424  0.08486299  2.06741349 -1.34913328]
[ 0.92157772  0.26762762 -1.37979993  0.82756884]
[-1.10470064  0.06387611 -1.60484987 -0.77570071]
[ 1.03368894 -0.45639249  0.12385647  1.01644914]
[-1.03605323 -0.907932   -0.34245661 -0.88011053]
[ 0.89405821 -0.18164278  0.69760997 -1.2306981 ]
[ 0.99195112  1.02744648 -1.14325846 -0.78880405]
[ 0.99811672  1.51740911  1.00707866 -0.55031995]
[-0.75927138 -2.10576017  2.18887771  2.80686315]
[-0.99394369  0.82017957  1.24217775 -0.30137503]
[-1.12534825  2.45081386  1.18333381  2.07864185]
[ 0.65223587 -1.23247837  1.39807261 -0.45199518]
[-1.07064696 -0.33203911 -0.46274583 -1.14063916]
[ 1.03842374  0.3219747  -0.49658068 -0.77092418]
[-1.04307312 -1.62915432  0.56554514  2.04619812]
[-1.11836226  1.02808053 -0.04965539 -0.38679859]
[ 0.82818292  1.62968497  2.57894738  0.1839194 ]
[-1.11676173  1.91743608  0.1907714   0.74677284]
[ 0.89914072  0.02589516  0.23631738  4.62906049]
[ 0.82257064  0.21130824 -1.29213609  2.11785431]
[ 0.99304688  0.54454227 -1.25365523 -0.40429317]
[ 0.92613783  3.48386102  1.17463656  2.19459316]
[-1.06399913 -1.34791814 -0.21359072  0.36306852]
[ 1.0247267  -0.08191003 -0.10811512 -0.61936953]
[ 0.26638512  1.8749064  -3.04211131 -0.38697645]
[ 1.00074051 -0.0676487  -0.66551049  1.24306507]
[ 0.97130948 -0.78756817  0.71216231  0.63025702]
[-0.69991869 -0.03090187  1.55406123 -1.1272839 ]
[ 1.03113308 -0.47903432  0.3227356   1.99750277]
[ 1.03308911  0.9308868  -0.12975622 -1.05671553]
[-1.10693355 -1.24535787 -0.47274216  1.0319619 ]
[-1.06408255 -0.14594664 -2.0259901  -0.29660801]
[-1.11103315  2.28583241  0.5211829   1.42853179]
[ 1.0346747   0.0269048  -0.62209936 -0.03079627]
[-1.08181035  1.88620808  2.22670516  1.72000725]
[ 0.19777015 -0.79842572  1.67502944 -1.51646666]
[ 0.71875312 -0.87096716  1.13017144 -0.96125629]
[ 0.00352932  0.8117607   0.71422464  1.20596177]
[ 1.02529107  0.1023057  -0.14530724 -0.85240971]
[-1.01488652  1.61844123 -1.4668196  -0.18206433]
[ 0.45422995  0.82884962  2.84508208 -0.50919283]
[-1.10075058 -0.62017774 -1.55623745  0.25791054]
[-1.04312342 -1.70670226  1.22087781  3.26241532]
[-1.11543746  0.6934397  -0.94269519 -0.79242924]
[ 0.24372151 -1.83751585  2.0399078   0.6157993 ]
[-0.93335187  1.02330703 -2.4445957  -0.62272731]
[-1.10589021  1.51372898 -0.59549029 -0.03588227]
[ 0.95661765  0.43696045  0.59394442 -1.24632534]
[ 1.02786796 -0.13542111 -0.50547539  0.72094695]
[-1.11444272 -0.20305456 -1.12166443 -0.95066748]
[ 0.59318309  0.54792618 -2.28428142  1.42826943]
[ 1.0078585   2.10089919  0.01675905 -0.19790477]
[-1.03217145 -1.18095982 -0.23408575 -0.45791554]
[ 0.36595261 -1.62049378  1.78015188 -0.23610767]
[ 0.71398048  2.43633984 -1.59348543 -0.1309075 ]
[-0.92760013  2.62686947 -0.76070858  1.18414729]
[ 0.86441382  0.89929614  1.54231831 -0.96146332]
[ 0.64941425  0.35911887 -1.69987931  2.48803528]
[-1.10804721 -0.58045101 -1.01157586 -0.73533994]
[ 1.02406212  1.32472642  0.35854988 -0.84402518]
[-1.10608695  1.45473719  0.9460323   0.43785688]
[ 1.03095735 -0.40044896  0.02729589  0.47932073]
[ 0.72104527 -0.26800641  1.23041892 -1.4349716 ]
[ 0.91485557 -0.55045181  0.62819572 -0.73894377]
[ 0.99833165  0.12914533 -0.99167816  0.45862233]
[-1.09678166 -1.09315466 -0.65367154  0.05531706]
[ 1.03335671 -0.27684418 -0.22967361  1.10297925]
[ 1.00525961 -0.41777303  0.19340604 -0.18790453]
[-0.9509692   0.92702627  1.6980529  -0.03682899]
[ 0.99157737 -0.20538281  0.20463273 -0.77267026]
[ 0.71777599  0.84615241  2.1421356  -0.82870659]
[-1.03270845 -0.38267754 -2.01578093  0.56844996]
[ 1.00740655  0.22978867 -1.0317084   0.05162653]
[-1.00910995  1.24057517  1.80439458  0.45810854]
[-1.0984941   0.25861702 -0.44634001 -1.02656338]
[-0.98315153 -1.61320244  0.36369799  0.54065742]
[ 0.95071145  1.55815463  1.65598081 -0.31628878]
[ 1.03512024 -0.14218053 -0.45088335  0.43829006]
[-0.90010639 -0.5445387   0.4342263  -1.31524839]
[ 1.03161228  0.33838506 -0.81431625 -0.51434658]
[-0.96626634 -1.7598186   0.74468971  1.32622864]
[-1.12991612  1.96136616  1.14821936  1.27302111]
[-1.05494068  0.62126009  0.4963043  -0.67107569]
[ 0.91055096 -0.80051116  0.77668536 -0.15192193]
[ 0.86555714  0.60637658 -1.84716071  0.20609352]
[-0.89093066  1.12687917  2.36736826  0.4835419 ]
[ 0.79784903  0.17412936 -1.04241931  2.84612696]
[-1.114765   -0.69870091 -1.15233524 -0.36825627]
[ 0.99952642 -0.19523649 -0.26219631  2.14921941]
[-1.12431839  1.40603857  0.17524208  0.09410404]
[ 1.0169058   0.43070635  0.02044309 -1.11966246]
[-1.10121572  1.79161503 -0.37250397  0.35128223]
[-0.91000585 -1.40350268  0.32089378 -0.55764898]

Populations

0.286252569626
0.141335946049
0.203559289532
0.368852194793

State labels

0
1
2
3

Eigen uncertainty

nan
0.0171583136006
0.0516817360273
0.048301883903
