Cluster centers 

[-1.06666157 -0.68817038 -0.59741799  0.93626126]
[ 1.05123245 -0.05550271 -0.15959301  0.61593755]
[-1.07438066  1.46389395  0.6419712  -0.43023586]
[ 1.02615971 -0.34752333 -0.52565746 -1.22925406]
[-0.86940433 -1.78900895  1.51550881 -1.57216811]
[-1.02958654  0.1441573  -0.1137579   1.15103167]
[ 0.92950292  0.76136067  0.95024851  1.10560213]
[ 0.97905452 -0.84100583  0.98058752 -0.68689023]
[-1.08203888 -1.31348174 -0.20005244 -0.46168005]
[-1.10414371  0.90721354 -1.0268973   0.51296379]
[ 1.03864025  0.17022889 -1.01932087  0.30580028]
[ 0.2565012  -1.33781805  1.99838349  0.62177291]
[-1.05681476  1.96665888  1.56213142 -1.62193683]
[ 1.05008731 -0.58453542  0.23527489 -1.11655699]
[ 0.89019977 -0.30229668 -0.76570712 -2.71712757]
[-1.09354176 -0.57847401 -1.62785078  0.31958665]
[-1.0761068   1.78810664 -0.8265455  -0.61811663]
[ 0.99431846  2.22420267 -0.43499565 -0.3844912 ]
[ 0.63285275 -0.70397001  1.46818521  1.17552072]
[-1.10414481  1.00823232 -0.44694592  0.37558044]
[-0.96261687 -1.78582014  2.369389   -3.92373589]
[-0.81548812 -1.22450448  0.70350522  0.91137813]
[ 0.89148318  1.76555161  1.97556892 -0.17295001]
[ 1.01780711 -0.02928073 -1.06729686 -0.25664466]
[ 0.96401061 -0.30303575 -0.78095103 -1.90860468]
[-1.06797264 -1.57440685  0.5987209  -1.92446258]
[ 1.05402394 -0.39760735 -0.03936684 -0.22589539]
[-0.93767507  0.99649594  1.12919719  0.25583848]
[ 1.04262011  0.35111411 -0.04774874  1.00912695]
[-0.86005829  0.028217    0.67188771  1.31376349]
[ 0.90715311  0.28529651 -1.86109108 -0.15453981]
[-1.09200806 -1.00096226 -0.68302442  0.27383761]
[ 0.47870271  1.37285096  2.83017212  0.04859608]
[-1.10617686 -0.43871767 -1.23630533  0.80503175]
[ 0.88413395  0.0061274  -1.65711462 -0.92422944]
[ 0.69624095  2.10880606  2.96253957 -1.16119582]
[ 1.05785835 -0.14587179 -0.4206879   0.16488396]
[-1.10870596  1.94268881  0.5778352  -1.27030639]
[-1.10839598  2.23953561  0.9891262  -2.00557853]
[-0.87695196  1.53464418  2.12099034 -0.83651691]
[ 1.06095659  1.11824205 -0.16658536  0.78126709]
[ 0.6660735  -1.0943025   1.67968682  0.358557  ]
[ 0.23897295 -0.93911147  1.73478992  1.32526587]
[ 0.85303392  1.09138344  1.50479028  0.79468764]
[ 1.01560894 -0.48758188  0.39511474  0.19327132]
[-1.03733907 -1.52287373  0.40451471 -0.87561428]
[-0.97713159 -1.34927229  0.29940236  0.21376143]
[ 1.0253951  -0.58467935  0.34455304 -2.62753611]
[-1.10889981  1.65260039  0.0453776  -0.61385033]
[-1.10332776  0.23587859 -1.08486299  0.96561199]
[-0.84467016 -1.71332443  1.25486674 -0.68476689]
[-1.01966758 -0.3857038  -0.26023127  1.25112765]
[  9.14847290e-01  -3.77150328e-01  -3.84342686e-03  -3.95144597e+00]
[-0.8963125   0.64002255  1.00213349  0.75376132]
[-0.98636977  1.30582301  1.21591606 -0.25535377]
[-1.11307318 -1.28121562 -0.45843166 -1.31912383]
[ 1.04964553 -0.25277176 -0.52985828 -0.4260572 ]
[ 0.95260383 -0.40443953  0.64479553  0.76388275]
[ 1.02016446  1.79199072  1.06733887  0.03331693]
[-0.81493929 -0.755522    0.61134179  1.36835449]
[-0.64151    -1.53273699  1.33290657  0.46225606]
[-1.07031797  1.04281825  0.20748955  0.27078987]
[ 1.06210973  0.26827569 -0.55936255  0.70942546]
[-1.08751812  1.44320127 -1.03468463 -0.09345885]
[-1.09753249 -0.89249355 -1.40170939 -0.45598378]
[-1.08208969  0.2471435  -0.56556359  1.03265471]
[-1.10797248  1.37555531 -0.29799125 -0.12262435]
[ 0.9937654  -0.05737688  0.35385458  0.9944027 ]
[-1.11154834 -1.13865648 -0.75679025 -0.52315399]
[ 0.71328227  0.52180184 -2.55043703 -0.18929657]
[ 1.00920453 -0.16354823 -0.95554872 -0.7284636 ]
[ 0.46533497  0.36309083  1.86774062  1.34328514]
[ 0.7747544  -0.17226642  1.16037807  1.36006637]
[ 1.05517554 -0.43304155 -0.13159465 -0.72450504]
[-1.00977394  0.63990932  0.3661844   0.7554838 ]
[ 1.00235496 -0.37826844 -0.49104114 -1.85781825]
[-1.01715907 -1.7121894   1.37812609 -2.70712263]
[ 1.05122164  1.04640627 -0.80776831  0.75344409]
[ 1.04660308  0.50739123 -1.00945747  0.66875947]
[ 1.03472354 -0.26832805  0.1148734   0.47360289]
[ 1.04265403 -0.5454012   0.09664425 -1.85406835]
[ 0.85711638 -0.62304687  1.04511561  0.78937571]
[ 0.95160165 -0.71788231  0.86604832  0.09678244]
[ 1.03731861 -0.59178784  0.37755266 -0.47553836]
[-1.04516699  1.68375035  1.27211009 -0.95955262]
[-1.03868098  0.34654465 -2.08044603  0.6734633 ]
[-1.09809708  2.07724471 -0.15669568 -1.28972066]
[-0.87692238  2.72761291  1.42737523 -3.1224107 ]
[-1.0108171   1.60478535 -1.66804076 -0.19099753]
[ 1.02612926  1.18962277  0.50452368  0.76841236]
[-1.00826781 -1.11229459 -0.0421437   0.61845512]
[ 0.97513829  0.86370244 -1.61545751  0.54631992]
[-0.54261311 -0.87091422  1.27002338  1.44893588]
[-1.08563034  0.69123546 -0.33271052  0.71296815]
[ 0.91890664 -0.16673046 -1.23833768 -1.43864788]
[ 0.6249951  -1.34034148  2.04422798 -0.63261094]
[ 0.84770632  1.86311473 -1.80489904  0.12362737]
[ 0.97314923  0.38816146  0.53645512  1.19782876]
[-0.50942019  0.80505934  2.14333305  0.53500304]
[-0.92727701 -1.54109427  0.72046199 -0.20117222]

Populations

0.0449932763675
0.391565080726
0.286214277931
0.277227364975

State labels

0
1
2
3

Eigen uncertainty

3.41865601964e-11
0.00399473916563
0.0169127870686
0.0198994038559
