Cluster centers 

[ 1.01536546  0.14245004 -1.01885912  0.43176038]
[-1.05519832  0.83489521  0.38110474  0.49710587]
[-1.12996313 -1.0549876  -1.08900521 -0.27370961]
[ 0.99834526 -0.56476841  0.49944518 -0.16124046]
[-1.09547799  1.91944486  0.88897996 -1.3864592 ]
[ 1.00084892 -0.36877952 -0.67093437 -1.43918224]
[-0.89539914 -1.65418303  1.07362833 -0.95327439]
[ 0.98449649  0.87830274  0.64244072  0.92626153]
[-1.1067155   0.02830562 -1.75192662  1.03776915]
[-0.88469567 -1.05929968  0.65838444  0.9617174 ]
[ 0.36157783 -0.92911647  1.86981298  0.88080372]
[ 0.85748236  2.66600304 -0.9385672  -0.87153288]
[-1.12542493  1.5027963  -0.07765937 -0.32621631]
[-1.06621921 -0.0353949  -0.16012964  1.22556829]
[ 1.02352253 -0.35787119  0.14776823  0.17026962]
[ 0.73526983  0.34563889  1.54026306  1.14850342]
[-1.12790073  1.82759483  0.20189662 -0.96242429]
[-0.52902482 -1.76032823  1.99231499 -1.0473737 ]
[ 0.99598349 -0.0998151  -1.06985126 -0.23390041]
[-1.10479225 -1.47721675  0.07524568 -1.58135371]
[ 0.90931625 -0.36694639 -0.47205539 -3.63254528]
[-1.13039141 -0.44402276 -1.24343281  0.98995983]
[ 1.04123485  1.03981058 -0.21308505  0.87497718]
[ 0.49833974  1.89003168  2.81993749 -1.05031485]
[-1.03454777 -1.63540697  1.07046653 -3.08133902]
[-0.95742026 -1.68161917  1.90254912 -4.18550247]
[-0.98270061  2.84968919  0.42564126 -3.10747827]
[ 0.88338979 -0.64028284  1.04952005  0.36040152]
[ 1.03320293 -0.5134971   0.12436241 -0.59760263]
[-1.07166118 -1.44968363  0.13474734 -0.76420828]
[ 1.03483826  1.79124875  0.12842804  0.19099395]
[ 0.8901273   1.21032228  1.38311548  0.5574691 ]
[ 1.03742316 -0.05961931 -0.63170296  0.27370337]
[-1.02270544  0.23790956  0.25983569  1.08683612]
[-1.0044853   1.15326544  0.95425129 -0.04683561]
[-1.04650535 -0.58225863 -0.12754833  1.20202758]
[ 0.94025343 -0.29882776 -1.04342829 -1.79197698]
[ 0.76796324  0.17937118 -2.23436671 -0.20221468]
[ 1.03927744  0.49194246 -0.63692054  0.88846813]
[ 0.92185024  0.62254908 -1.74130366  0.65281596]
[-1.03267655  2.43580751  1.90913592 -2.99839816]
[ 0.70384905 -0.39032689  1.45694876  1.09571231]
[-0.84750171 -0.19108447  0.8737068   1.29786564]
[ 1.02880249 -0.53106162 -0.07515063 -1.84273247]
[ 0.94240543 -0.35578716  0.7225468   0.67554683]
[-1.12735698  0.98424947 -0.78567482  0.5254764 ]
[-1.13006253  2.17696127  0.14142012 -1.59822847]
[ 1.04090316 -0.16965525 -0.32382996  0.24757202]
[ 0.71173923 -1.20641266  1.90978014 -1.02288057]
[-1.06884991 -1.23695311 -0.10928785  0.16312642]
[-1.10877519  0.56448505 -0.35822871  0.87003664]
[-1.05338423 -0.98157356 -0.12465997  0.7981707 ]
[-0.59873732 -0.9563378   1.37358066  1.19546431]
[-1.06288686  1.52863213  0.85101003 -0.63747366]
[-1.13042047 -0.68308461 -1.14487752  0.77090468]
[-0.98342097 -1.67911024  1.03130624 -2.01929507]
[ 0.68023929  1.51416468  2.30195626 -0.13993836]
[-0.95964741  0.48657097 -2.54012219  0.8627289 ]
[-1.12304154  0.58760554 -1.19719183  0.92188347]
[ 0.87169169 -0.90393425  1.26288492 -0.4989872 ]
[-0.91015382  1.60364422  1.81370179 -1.03412013]
[-0.95411844 -1.46725357  0.62465409 -0.12706447]
[ 0.28960391  0.51763261  2.26343329  0.912654  ]
[ 0.92700951  0.13525699  0.80293572  1.10348306]
[ 1.0131602   0.2113358   0.20060974  0.98018008]
[ 0.91608661  0.11408143 -1.67323985 -0.03643792]
[ 1.01979052 -0.19060553  0.14547261  0.56560611]
[ 0.99965711 -0.24571597 -0.8925977  -0.73930464]
[ 1.03191968 -0.40010017 -0.38632302 -0.91241827]
[ 0.94642689  1.64132211 -1.25457896  0.52549195]
[ 0.3273883  -1.25495327  2.03684743  0.17261194]
[ 0.74819188  0.90504788 -2.40474825  0.57738647]
[-1.12812672 -0.93544772 -0.91801021  0.40511447]
[ 0.88696065 -0.13610466 -1.54059133 -1.02433873]
[ 0.96823394 -0.39419249 -0.62203812 -2.44668874]
[-0.75589069  0.99630519  1.82825024  0.05258303]
[-1.11161351 -0.54872838 -0.712533    1.07533176]
[-1.11614206  1.87889545 -0.56897506 -0.76969339]
[ 0.99193169  1.90700993  1.18666802 -0.26061668]
[-1.04097126  2.11252027  1.59469701 -2.06218169]
[-1.11946257 -1.23519691 -0.50741156 -0.33339809]
[-0.99182725 -1.1871878   0.27918797  0.58573634]
[-1.09124092 -0.53129111 -1.88328351  0.5388519 ]
[ 1.04196295  0.0802837  -0.41388     0.65499244]
[-1.10681785 -0.90145835 -0.58304038  0.70606066]
[-1.11701563 -0.81059915 -1.53796845  0.15221874]
[-0.66757682 -1.46998766  1.37796642  0.32506287]
[-1.13523028 -1.27384813 -0.69653323 -1.48866796]
[-1.12275784  0.05780605 -0.85930315  1.16000422]
[-1.10941778 -1.49361176  0.19780544 -2.2626069 ]
[-0.91821212  0.56309639  0.98131659  0.73405038]
[ 1.03473412 -0.23115698 -0.55336323 -0.18621146]
[ 1.0265353  -0.625525    0.33552355 -1.07307213]
[-1.09998171  1.55743841 -1.08376897 -0.11058276]
[-1.13195793 -1.27189117 -0.62100012 -0.93554332]
[ 1.03967059 -0.36320648 -0.21110948 -0.31527505]
[ 0.80830606 -0.22774116 -1.47283623 -2.39762828]
[ 1.00447931  0.77286624 -1.15122098  0.85215462]
[-0.07869787 -0.0334754   2.0319228   1.27133501]
[-1.1108405   1.12152021 -0.02935192  0.20983587]

Populations

0.234501733931
0.0315305289746
0.288148841882
0.445818895212

State labels

0
1
2
3

Eigen uncertainty

nan
0.00377362799371
0.0159363116637
0.0201320961458
