Cluster centers 

[ 0.87802802 -0.68315705  0.90544341  0.5300718 ]
[-1.14616109  1.26298726 -0.28330645  0.06055062]
[ 1.0082559  -0.2972455  -0.44666658 -0.86081176]
[-1.13078206 -0.99595891 -0.75065871  0.25679557]
[ 1.02189308 -0.26217903 -0.11520236  0.17362769]
[-1.06978171 -1.68523788  1.51104633 -2.99315223]
[ 0.8381784   2.05201579  2.33537616 -0.58413711]
[-1.14796665  2.4097464   0.74322992 -2.03732522]
[-0.87389978  0.06829799  0.74525886  1.2903827 ]
[ 1.01769535  1.59531841  0.24707569  0.44179828]
[-1.03132251 -1.46233053  0.30892576 -0.19510288]
[-1.14199994 -0.31343201 -1.19486649  0.89581963]
[ 0.90831664 -0.00623423  0.60178084  1.21292781]
[ 0.93848569  2.41778622 -0.27763867 -0.53210319]
[ 0.99573166  0.08521288 -1.02767244 -0.01181878]
[ 0.38498907 -0.64116603  1.59401007  1.5144376 ]
[ 0.97099899 -0.43641749  0.0850751  -2.59361743]
[-0.95807954  1.45955867  1.79725204 -0.53040841]
[ 1.00036904  0.83561531 -1.09714928  0.66720073]
[-1.05592723 -1.0755251  -0.21348553  0.64561278]
[-1.04506906 -1.69647572  1.05805717 -1.84135606]
[-1.13564304 -0.14311955 -1.75361531  0.68103151]
[-1.14677627  0.87916919 -0.88317161  0.52137831]
[ 0.8902858  -1.07990719  1.74141158 -1.78264667]
[-1.13891508 -1.2852566  -0.39355989 -0.80346884]
[ 1.0129304   0.21009312 -0.11714624  0.91997625]
[ 0.93102754 -0.16869255 -0.9470892  -1.35150524]
[ 0.71780388  0.16190485  1.26872255  1.46929861]
[-1.10262282  1.50998066  0.8468798  -0.46248075]
[-0.86415882 -1.12952583  0.51590933  1.07275268]
[-1.11136444 -0.51028503 -1.90649274  0.04981448]
[ 1.02215422 -0.47399915  0.08499817 -0.59803196]
[ 0.61924064  0.61400291 -2.53523624 -0.28744798]
[ 1.02155078 -0.4972973   0.09308671 -1.04937853]
[-1.12219981  0.83173557 -0.19503231  0.56100274]
[-1.06612466  1.96920168  1.86848356 -1.53415468]
[ 0.72127359 -0.73597566  1.22480998  1.00273148]
[-1.14974109  1.63237892  0.01791597 -0.49799172]
[-0.9203432  -1.63685165  0.8928409  -0.31075766]
[ 1.0222124   0.94890234 -0.1741337   0.89623199]
[ 0.97178906 -0.08474446 -0.98363165 -0.6344388 ]
[ 1.02454289 -0.01151281 -0.61296844  0.23180158]
[-1.10762695  1.91773254 -0.72767979 -0.75097998]
[ 0.82774255 -0.24441356 -0.28015385 -3.627957  ]
[-1.0672075   2.69034805  1.72943535 -2.95334825]
[-0.92624939  0.96059161  1.32150683  0.33131338]
[-1.13317772  2.14292392 -0.06255452 -1.28514414]
[ 0.99500369 -0.29309392  0.18593146  0.5195838 ]
[ 1.02080309 -0.20265545 -0.48833244 -0.25559556]
[ 0.87255643  1.07782648 -1.90178657  0.43242143]
[-0.82215273 -1.90103301  2.07189635 -1.98513426]
[ 0.92446186  1.52414429  1.36354089  0.40679564]
[-1.12535054 -0.69202751 -0.86010663  0.78243599]
[-1.06867834  0.56962465 -2.18934214  0.56171616]
[-0.57217101 -1.05822096  1.16357357  1.4041899 ]
[-1.15049552 -1.28464273 -0.40321812 -1.42135167]
[ 1.02342776 -0.38458458 -0.05892994 -0.30202325]
[ 0.98683402 -0.72496377  0.71139706 -0.67644004]
[-0.02789036 -1.21957169  1.68678439  1.2536368 ]
[ 1.02691945  0.05927363 -0.41213598  0.57239913]
[ 0.92449372  0.84348353  0.83389216  1.07563587]
[-1.09923137  1.12411218  0.39989158  0.17176119]
[-0.42439929  0.01178969  1.62712561  1.45736002]
[ 0.81316541 -1.00014781  1.35905977 -0.01505487]
[ 0.97894248 -0.59281133  0.51947437 -0.01523766]
[-0.7236306  -1.55999139  1.14014816  0.42468553]
[-1.04030031  0.26421662  0.09455237  1.08107911]
[-1.109616    0.33248108 -0.43167902  0.98479188]
[ 0.91157787  0.41421344 -1.69498187  0.07996627]
[-1.07756449 -1.52121696  0.34256276 -0.87818565]
[ 0.37596935 -1.27223741  1.80224172  0.67562684]
[ 0.90659546  0.13229209 -1.51744331 -0.47030547]
[-1.11170592 -1.26524835 -0.29113665 -0.19131854]
[ 0.98880515 -0.37799051 -0.26976316 -1.68470828]
[-1.05293519 -0.73281387 -0.31477488  1.07229121]
[-1.11981677 -1.51852622  0.38586096 -1.72658554]
[-1.13169976  0.69726089 -1.53155661  0.62770734]
[ 0.85635393  1.87909697 -1.40032068  0.1351207 ]
[-1.01448977 -1.31009167  0.1563521   0.35850754]
[ 0.4389375  -1.47904417  2.1493958  -0.33610362]
[-1.14536927 -1.11236593 -0.75816578 -0.31221202]
[-1.13837319  1.9122666   0.85334105 -1.14767824]
[-1.08703277 -0.23058898 -0.49704816  1.17892912]
[ 0.74533818 -0.37172993  1.09356676  1.33842644]
[ 0.87276071  3.31153936  0.61296523 -2.30634776]
[ 0.97800052  0.39987096  0.26586878  1.14106761]
[ 0.93161035 -0.32517383  0.5289557   0.87700265]
[ 0.78236904  0.05221892 -1.70448278 -1.23339894]
[-1.1368738  -0.87044015 -1.38324607 -0.42148362]
[ 1.01704022 -0.63075218  0.50429972 -1.60647476]
[ 1.0240521   0.40643465 -0.75523186  0.68355184]
[-1.14746465 -0.66152733 -1.32597739  0.42852887]
[ 0.30920525  1.26087476  2.80106592  0.24487235]
[-1.14266328  0.24099367 -1.0571268   0.9382076 ]
[-0.92519146 -0.52210104  0.28168959  1.39287969]
[-1.02684849  0.72296587  0.5605275   0.66796903]
[-0.90992264 -1.75314415  1.23085175 -0.97015519]
[ 0.58183732  0.74023111  1.92219012  1.10775983]
[ 0.86220899 -0.2096669  -0.83901353 -2.28854438]
[-1.12076773  1.48800051 -1.00836052 -0.12854164]

Populations

0.322574582651
0.134781621014
0.210161338909
0.332482457426

State labels

0
1
2
3

Eigen uncertainty

nan
0.00473734875559
0.0209567534381
0.0200123123613
