Cluster centers 

[ 0.61857716  0.86903069 -1.76467573  0.22799209]
[-1.24803636  0.24206686  0.63095042 -0.91365062]
[ 0.80544409 -0.41202767  0.12418263 -0.55039644]
[-1.32087465 -1.78654768 -0.0609555   0.96219151]
[-1.4270067   1.52324342  0.5630949   0.56674811]
[ 0.70080947 -0.22645974 -0.36404592  2.62770991]
[-1.39284574  0.4413972  -0.51153741 -0.94081134]
[ 0.65011326  0.71559023  1.83794468 -0.77911947]
[ 0.81887619 -0.16757107 -0.48408401  0.56754211]
[ 0.69960623  1.47364353 -1.33735613 -0.53647878]
[ 0.82584334  0.42143867 -0.65734896 -0.56204439]
[-1.40174025  0.32930522 -1.91141448 -0.6608244 ]
[ 0.57303419 -0.89228314  0.86776443 -1.16583862]
[-1.35527656  1.22753321  1.76217329  0.88372883]
[-0.91865485 -2.1002138   0.71803931 -0.32623464]
[-1.34024046 -0.20914203 -0.59497771 -1.19773749]
[ 0.83335926 -0.57951433  0.06008849  0.52372427]
[ 0.77708594 -0.18240471 -0.52893376  1.40512493]
[-1.28455989 -2.11351814  0.61784626  2.02204712]
[ 0.81612837  2.29132907  2.39415632  1.40893831]
[ 0.26322997 -1.89024381  1.40297495 -0.42463249]
[-1.33996574  0.81971315  0.86233829 -0.18402299]
[ 0.31160319  2.89810692 -1.32741812  0.3935507 ]
[ 0.74196501  0.29539335  0.7273485  -1.24567506]
[ 0.82697084  0.73319218  0.02414764 -0.99710679]
[-0.85030036 -1.63417652  0.56207113 -1.21986177]
[-1.41884914 -0.3333334  -1.53134038 -0.59752637]
[-1.41060434  1.84793448  2.52022957  2.52343982]
[ 0.50111163  0.03731103 -0.757649    3.2824219 ]
[ 0.73535444  0.05405551 -0.88575042  1.22314588]
[ 0.79871418  0.26010414  0.22933161 -1.12196406]
[ 0.83068807 -0.73979691  0.26007705  1.08753794]
[ 0.71357361 -1.00693772  0.66590887 -0.38615125]
[ 0.67316841 -0.37971404  0.23875618  3.96420696]
[ 0.82887379 -0.01313336 -0.53040306 -0.01618968]
[-1.34409847  2.30646416 -0.19015647  1.10212375]
[-1.41466421  1.53811317 -0.67556851 -0.03052864]
[-0.05506222  2.36362391 -2.80617099 -0.09218957]
[-1.40678904 -1.27834467 -0.82983356  0.9457807 ]
[-1.32858078 -1.46317566 -0.48504767  0.14308982]
[ 0.82161779 -0.05759541 -0.07583803 -0.76313672]
[ 0.70105163 -0.27083312  0.63201822 -1.27401631]
[-1.39871556 -0.32672707 -1.93610601  0.17258116]
[-1.16901848  0.81414485  2.48387382  0.66456847]
[-1.20673695  0.00337016  0.54353037 -1.12547235]
[-1.38310403  1.58670901  2.29022667  1.86252388]
[ 0.8234851   1.2375053  -0.19420188 -0.77923228]
[ 0.33738453 -0.49373446  1.39924841 -1.56588645]
[-1.217994    0.6202647   1.59204836 -0.11437145]
[ 0.67223544  0.05319149 -0.90961837  1.83489867]
[-1.27869895 -1.03118134 -0.51682744 -0.968725  ]
[ 0.74486257  0.73018391 -1.28218336 -0.19970496]
[-1.42925488  1.9352323   0.7972163   1.28897391]
[ 0.67413707 -1.36147957  0.98906526  0.14111395]
[-1.42874417  1.4489553   0.01210525  0.1808832 ]
[ 0.70915576  2.57050164  0.39522599  0.61523713]
[-1.41809206  0.36532652 -1.2071373  -0.94465274]
[ 0.10646293 -0.10324406  2.30681571 -1.19073265]
[ 0.57982284  0.86261037  2.62915261 -0.24146911]
[-0.92106944  0.0646903   1.89503382 -0.76858754]
[ 0.80218306  0.90656654 -0.82519641 -0.6838543 ]
[-1.35747116  1.12817286  1.41116286  0.51318346]
[ 0.48347288 -2.28427572  2.26650663  1.79858288]
[-1.4245724   1.04811993 -0.63748631 -0.48323641]
[ 0.49746587  0.27173288 -1.30877593  2.23351583]
[ 0.6577227   1.28117468  3.01395292  0.48666905]
[ 0.67436831  0.42548665 -1.37810542  0.76581041]
[ 0.77599832  0.14360076 -0.90608357  0.54537223]
[ 0.81735787 -0.55416342  0.12683014 -0.10490249]
[ 0.82324398 -0.67890877  0.28324862  2.0834528 ]
[ 0.76117818  1.92050863 -0.40524837 -0.3563602 ]
[-1.10069497 -2.18363452  0.63131938  0.52979981]
[-1.33708407 -1.12100412 -0.7280069  -0.52596777]
[-1.40603964  1.05148196  0.2876719  -0.15717373]
[ 0.82965286 -0.43979708 -0.14523781  0.91471319]
[ 0.77418532  1.04259068  1.23942516 -0.70318957]
[ 0.79480818 -0.90718511  0.47723734  0.27842514]
[ 0.80272219 -0.46943997 -0.06418005  1.8801844 ]
[ 0.83408656  0.19946444 -0.3583972  -0.66863771]
[-0.94286293 -0.52481831  0.89118269 -1.5118042 ]
[ 0.81697816  1.15370119  0.63049804 -0.75970033]
[ 0.73631248 -0.71703582  0.48712846 -0.71065208]
[-1.40837534 -0.91494174 -1.20192069  0.02348122]
[ 0.777794   -0.2523914   0.26245423 -0.98159411]
[ 0.82340474 -1.13392053  0.91532918  1.86115572]
[ 0.75403685 -0.41261328 -0.02732643  2.71842894]
[ 0.8313656  -0.15380326 -0.21130905 -0.402352  ]
[-1.40917551  1.39253977  1.12197854  0.72325537]
[ 0.26013583  0.45222353  2.93130845 -0.40747197]
[-1.39469199 -0.52293756 -1.16663153 -0.79571418]
[ 0.51903249  0.52190862 -1.68310114  1.31001607]
[-1.36840296  0.65086936  0.15688594 -0.63182702]
[ 0.80442874  0.2262083  -0.84212021  0.03319846]
[ 0.83460398 -0.29610762 -0.20662964  0.02842126]
[-1.43101457  1.7836766   1.40006987  1.49918474]
[ 0.77386153 -0.68241994  0.36706805 -0.48295663]
[ 0.03433198 -1.70148401  1.24009806 -1.09941167]
[-0.47468715 -2.51389176  1.59731228  0.16341132]
[ 0.79511853  1.55509641  1.57839016 -0.04978236]
[ 0.57141486  0.30991035  1.67023206 -1.15818993]

Populations

0.268378776184
0.282521037338
0.33117148381
0.117928702668

State labels

0
1
2
3

Eigen uncertainty

nan
0.0111052257115
0.0504586320403
0.0365303352124
