Cluster centers 

[-0.31094558  0.02200831  1.92465676  1.39935124]
[ 1.03337805 -0.20536129  0.06990331  0.52980425]
[-1.01257659 -1.07568259 -0.01083678  0.70468735]
[-1.09858544  2.13836774  1.12345389 -1.82583267]
[ 1.03909725 -0.37089115 -0.39105826 -0.85077659]
[-1.12310667 -1.31293299 -0.41483499 -1.43389234]
[ 0.84557445 -0.01854419 -1.77802685 -0.86920583]
[-1.10460664  1.1324659  -0.1808483   0.20605732]
[ 1.02175629  1.1060346   0.42092152  0.83495142]
[-0.88256838 -1.74143075  1.49349606 -1.81157707]
[-1.10869204 -0.25126289 -0.98886326  1.08197373]
[-0.87665442 -1.56538103  0.96606268 -0.22982878]
[-0.81380815  0.97740355  1.63926635  0.22511113]
[ 1.03758208  0.16297372 -0.92563096  0.43941291]
[ 1.02424689 -0.51590723  0.04700978 -2.37290516]
[ 0.91949647 -0.61243783  0.90908172  0.41040712]
[ 0.84148137  1.9851258  -1.69277088  0.0810231 ]
[ 0.19044274  1.50082406  3.03448364 -0.39386109]
[-1.11628262 -1.23324625 -0.57628814 -0.64791968]
[-1.11384847  1.85320919 -0.32833358 -0.83574624]
[-0.97414502  0.85042217 -2.44543188  0.64282169]
[-1.00501854  0.42421907  0.31130377  0.95408064]
[ 1.02585737 -0.62558606  0.47660844 -0.65087577]
[ 0.92902016 -0.18531829 -1.25778149 -1.24591561]
[ 0.88292619 -0.05673906  0.92030997  1.19975003]
[-1.08337548 -1.53744798  0.53048296 -2.137093  ]
[ 1.05095453 -0.14072551 -0.44046895  0.1990379 ]
[-1.1134068  -1.10445852 -0.7311098  -0.0794195 ]
[-0.94115001  0.34826808 -2.61102738  0.60692144]
[-0.99185353 -1.4865321   0.49470043 -0.37599053]
[ 0.66560504 -1.02937025  1.70587733  0.3288361 ]
[-0.53874405 -1.24305857  1.41841444  1.04209461]
[  1.01537446e+00  -5.10179468e-01   4.19234341e-01   2.73450388e-04]
[ 1.00278124  1.74873804  1.0809456   0.08174485]
[ 1.05257674  0.07365866 -0.4214846   0.63645685]
[-1.04899637  2.28697476  1.91019963 -2.42778173]
[ 0.40632258  1.02742575  2.48092553  0.55595237]
[-1.10054649 -0.789066   -0.77227543  0.73416077]
[-1.0019869   0.83751993  0.62423354  0.49894268]
[-1.07731747  1.26779084 -1.38173699  0.21096973]
[-1.08768977  1.86768754  0.94124989 -1.22158505]
[ 0.61370644  0.39439465 -2.70203324 -0.24529966]
[-1.11592436 -0.55211312 -1.34478301  0.74368122]
[ 0.92171202 -0.35048478 -0.36338842 -3.36111565]
[-0.7534539  -1.47633263  1.15301557  0.38495484]
[ 0.76685944 -1.24991938  2.15370219 -1.52379117]
[-0.85599915  1.53300407  2.06380095 -0.80479047]
[ 1.0397546   1.57799097 -0.51000443  0.46179581]
[ 1.04143089 -0.5307405   0.0611679  -1.41794557]
[-0.76968094 -0.91662249  0.84982908  1.28363121]
[-1.09400828 -1.35616473 -0.15156309 -0.67822388]
[ 0.85694209  1.75339407  1.98549995 -0.17395323]
[-1.11858396 -1.05701241 -1.12339612 -0.58143035]
[-1.08405716  0.58975558 -1.76762812  0.79837989]
[ 1.01985526  0.21946659  0.16799403  1.0109252 ]
[-0.94458985 -1.69407639  2.38472163 -4.25311923]
[-1.0674868   1.59516216  0.83961157 -0.68913035]
[ 1.0026643  -0.20233595 -0.94051112 -0.72790473]
[-1.05338221  0.04536382 -0.2254142   1.17404265]
[-0.87655003 -1.68056334  1.21770129 -0.98407699]
[ 0.83604504 -1.00558065  1.50152923 -0.5367357 ]
[ 1.04608444  0.69204022 -0.67571488  0.86395411]
[ 1.00069265 -0.37225068 -0.55637776 -1.68153559]
[-1.11284777  1.52017097  0.02303902 -0.3871921 ]
[-0.53049137  0.69434171  2.09373374  0.64824425]
[ 0.37922671  0.45696062  2.14207372  1.18470388]
[ 0.97718217  2.48566943 -0.35181312 -0.72356917]
[-1.11929833  1.9812599   0.29191862 -1.24865807]
[ 0.94070437  0.79097838 -1.75112666  0.58508386]
[ 0.26929635 -1.34471982  2.14151864  0.34308   ]
[ 1.01572266 -0.12069744 -0.94999291 -0.30726464]
[-0.97396972 -1.37168338  0.40824778  0.16221842]
[-1.05786024 -1.49820752  0.32288027 -0.99585906]
[ 0.94820691  0.60825991  0.78666834  1.13088162]
[-1.10604789  0.21411701 -0.80349206  1.0561489 ]
[-1.11603799  0.85080087 -0.82288107  0.58868396]
[ 0.87609868  1.13636391  1.42309431  0.73693063]
[-0.99690895  1.7542508   1.61659134 -1.16978789]
[-1.02789667 -0.59382036 -0.18682654  1.17895357]
[ 1.04823379 -0.30913282 -0.30953269 -0.24955891]
[ 0.99216478  0.10276472 -1.30688334  0.04831989]
[-0.85121132 -0.00607801  0.80683049  1.29071927]
[ 0.66995739  2.13658396  3.18044978 -1.29523339]
[ 0.69377405 -0.18355894 -1.54293811 -2.90203993]
[-0.51711535 -0.89693991  1.40058323  1.43073081]
[ 0.95823485 -0.35891156  0.63394038  0.72696414]
[ 1.04216394 -0.31527497  0.00516579  0.17346167]
[-1.08157974  0.69960967 -0.14649933  0.70244211]
[-1.10971271 -0.05940887 -1.57887231  0.95201384]
[-1.1216558   2.67557342  0.77795209 -2.87804965]
[-1.07520067 -1.59778297  1.04648648 -2.98978844]
[-0.03541662 -1.13149902  1.89878877  1.13818882]
[ 0.69181796 -0.10760173  1.46144     1.33835692]
[-1.00611665  1.21766929  0.96366305 -0.08290685]
[-1.05967736 -1.2091857  -0.16163257  0.21478276]
[-1.079638    1.70313675 -1.04157583 -0.41583482]
[ 1.04822433 -0.45834621 -0.00154443 -0.56191978]
[ 0.86963065  0.23476871 -1.97782994 -0.08914686]
[ 0.53392306 -0.808894    1.6976557   1.06131234]
[-1.10548743 -0.81073428 -1.4723811   0.06833962]

Populations

0.0155348236523
0.310535628595
0.23949072693
0.434438820822

State labels

0
1
2
3

Eigen uncertainty

nan
0.00368748867734
0.016437210816
0.0259177165426
