Cluster centers 

[-1.12322634 -0.87100547 -1.37070097 -0.90429702]
[ 1.02112108  0.15813261 -0.55129136  0.57253408]
[-1.15012443  1.23949413 -0.3518921   0.08516386]
[ -1.01521591e+00  -1.44781448e+00   3.43975258e-01  -1.04550600e-03]
[ 0.98716051 -0.33700486 -0.2821997  -1.48467596]
[ 0.919435   -0.2896057   0.4830672   0.98898441]
[-1.10411651 -0.39740328 -0.70162553  1.06100328]
[ 0.96123109  1.16681919  0.66468737  0.8651039 ]
[-1.1528028   1.95000905  0.70952472 -1.0804229 ]
[-0.91838356 -1.75634815  1.30225344 -0.88257868]
[ 0.91290674  0.16512015 -1.47258405 -0.46788512]
[-0.998551    0.07012326  0.17340389  1.24294656]
[ 0.89714245  2.58479041 -0.31333689 -0.79325285]
[ 1.01408904 -0.56562289  0.4088601  -1.46763241]
[-1.10001375  1.50785401  0.97770533 -0.38867138]
[ 0.84616222 -0.2432185   0.30966727 -4.05184249]
[ 1.01985136 -0.33031263 -0.187529   -0.37281473]
[ 0.75648284  0.97732368  1.60543256  1.05018346]
[-1.14626358  0.51039031 -0.9624206   0.74314337]
[-1.14057099 -0.95869088 -0.87594457  0.13910276]
[-0.74072964 -1.01912243  0.72499578  1.39947213]
[ 0.45543243  1.75609683 -2.75852789 -0.2024201 ]
[-1.07575445 -1.49396076  0.33841225 -0.71130426]
[ 0.92570068 -0.29106137 -0.3571898  -2.2004564 ]
[ 0.94388641 -0.85432204  1.05972053 -0.58488882]
[ 0.31609889  3.49147791 -0.19371305 -2.65014338]
[-0.99888888 -1.21424681  0.09841477  0.65972726]
[-1.03212115 -1.70734297  1.29584385 -1.83806554]
[-1.08640216  1.80008467 -1.0121525  -0.57411778]
[ 0.16994128  1.57932421  3.28256274 -0.20986434]
[ 0.9400647  -0.06049883 -1.05847593 -0.90965221]
[ 0.95224579  0.32960279  0.31096484  1.19957248]
[ 1.013838   -0.31562294 -0.03831561  0.12578194]
[ 0.93442033 -0.35794139  0.06324755 -2.74988444]
[-1.10745733 -0.36149384 -1.99419863  0.05701323]
[ 0.63512042 -0.34759739  1.22009044  1.57241659]
[-0.70232492 -1.53201483  1.10468232  0.68758154]
[-0.69960676  0.61628972  1.67209807  0.94017844]
[ 0.68255409 -1.25149321  1.82547888 -0.16318654]
[ 1.00411468  0.74076216 -1.00809178  0.63873529]
[-1.1479383  -0.65339199 -1.40564637  0.25600506]
[ 0.98295829  1.60017275 -0.81106913  0.36042668]
[ 0.43430083 -1.00642509  1.53309818  1.28477754]
[-1.14693951  1.1409681  -0.90041694  0.20434127]
[-0.97069178  1.79125071  2.39294511 -1.08040044]
[-1.13563712 -0.64848457 -1.02224656  0.67595681]
[ 0.79437215  0.5130849  -2.13046582 -0.26537114]
[-0.85021077  0.98187496 -2.85080316  0.07229684]
[-1.13838936  2.37090174  0.41065105 -1.73212257]
[-0.8837977  -1.66834447  1.04106682 -0.21731243]
[-0.98041032 -1.76348946  2.03166077 -2.70210381]
[ 0.94017372  1.65546732  1.321275    0.34020426]
[-1.02262424 -0.70267736 -0.19931814  1.16349016]
[-0.40880832 -1.88883519  2.29364241 -0.60660175]
[-1.11183671  0.77884285 -0.08553843  0.61842661]
[ 1.00796573 -0.71050951  1.12728618 -2.36438259]
[ 1.00222674 -0.05655885 -0.09010003  0.72324561]
[ 0.88930224  2.08978424  2.12904146 -0.39768911]
[-0.82858547  0.01599451  0.81271965  1.40985787]
[-0.01333961 -0.29693228  1.62346668  1.82068627]
[-1.11145246 -1.24617445 -0.29825696 -0.15468111]
[-1.14927508 -1.26808723 -0.3140269  -1.40870001]
[ 0.71894666  0.13681265 -1.85582205 -1.3025219 ]
[-1.09196534 -1.55663836  0.61791179 -1.44816057]
[ 0.82365239 -0.72602351  0.98891855  0.75136717]
[ 1.01018976 -0.34475341 -0.24530692 -0.87279275]
[ 0.993509   -0.08244648 -0.81197393 -0.42540996]
[ 0.89054765 -0.12663044 -0.97977516 -1.58324283]
[ 1.01791651  0.94355941 -0.34596073  0.8494511 ]
[-0.99424792  1.53527456  1.82304048 -0.51968567]
[ 0.8850553   1.14785239 -1.79001146  0.29632494]
[ 1.01075328  1.81161015  0.1399926   0.20614036]
[ 0.95649448  0.43329949 -1.44709279  0.1733309 ]
[ 0.80622446 -0.14668273  0.86643092  1.39636918]
[-0.19240429 -1.26380678  1.54265933  1.41301651]
[-0.90556616  1.14148192  1.70161448  0.15745018]
[-1.11498852  1.1952113   0.37279277  0.11739464]
[ 0.49474179  1.15511239  2.42775531  0.72433708]
[ 1.00796128 -0.56635864  0.36965536 -0.51981686]
[ 0.36637248 -1.3481707   1.81274253  0.63131677]
[ 0.94597447 -0.65812292  0.67063955  0.158455  ]
[-1.12238963  1.92223628  1.37310704 -1.16104057]
[-1.14857982 -0.98826305 -1.02381842 -0.39224871]
[-1.14478648  1.95252224 -0.11006653 -0.92888092]
[-1.00855167  0.68296624  0.63918312  0.76728028]
[-1.01877825  1.07390883  1.03774844  0.27079741]
[-1.15355908  2.55994293  1.38357449 -2.38667656]
[ 1.00747511  0.38368843 -0.19745033  0.97350911]
[ 1.00602614  0.14227242 -0.91648375  0.18110332]
[-1.08951371 -1.07275918 -0.39396463  0.47449221]
[-1.15117219  1.58590926  0.15767372 -0.41827328]
[-1.10185856  0.18591056 -0.45337432  1.0475444 ]
[ 0.42349152  0.39916483  1.82677513  1.50054708]
[-1.11381925  0.55632458 -1.89465505  0.49101415]
[ 0.98042374 -0.38803522  0.26229248  0.46345295]
[-1.13848407 -1.25206367 -0.39323213 -0.69784303]
[ 1.01960459 -0.11918377 -0.49208283  0.05087339]
[-1.14665683 -0.14308121 -1.51809379  0.71609619]
[-1.10771686  2.29098502  2.26742814 -2.1042266 ]
[ 0.85698033  0.54334281  0.87949946  1.32920101]

Populations

0.13110089525
0.14807318567
0.239038416218
0.481787502861

State labels

0
1
2
3

Eigen uncertainty

3.31912879764e-11
0.00576008993464
0.0226583449018
0.0245380375298
