Cluster centers 

[-1.14145122 -0.00663993 -0.3933229   1.15928111]
[ 0.9662445  -0.37400888  0.05818076  0.07855951]
[-1.17505351  1.86721723  1.27458699 -1.10081585]
[-1.16781343 -1.61446418  1.1084343  -2.80669106]
[ 0.673584   -0.35644951  1.10258063  1.4336394 ]
[ 0.81218658 -0.06134374 -1.22236685 -1.42173322]
[-1.19183288  1.428179   -0.98844948 -0.07428744]
[-1.16917453 -1.35604431 -0.21656356 -0.48645845]
[ 0.94921805  2.27407213  1.11813022 -0.45872061]
[-1.20715672 -0.30647463 -1.46460019  0.72527219]
[ 0.90258468  0.27176636 -1.37290644  0.00433981]
[ 0.8694861   1.41029036  1.28135149  0.59287606]
[ 0.65634747 -1.34904419  2.03176482 -0.61804596]
[-0.89634351 -1.72230164  1.09476731 -0.17266738]
[-1.15214149  1.24868142  0.62296875 -0.00797826]
[ 0.94909558  0.21638045 -0.01360213  0.98791912]
[ 0.95979622 -0.45227097  0.07469208 -1.75080878]
[ 0.96707872 -0.32490184 -0.30224297 -0.74043937]
[-0.74259198 -1.53934103  1.08876517  0.72606436]
[-1.21242112  1.65204777  0.30495414 -0.55791623]
[-1.12416722 -1.56978578  0.40280407 -0.88662877]
[-1.00760473 -1.81256193  3.02205887 -4.18531623]
[ 0.82161931 -0.27702253  0.29084729 -3.90822789]
[ 0.9730104  -0.105446   -0.29111154  0.38684439]
[ 0.97127721  0.53102095 -0.50707522  0.8513174 ]
[-0.93781281  0.06814718  0.69973812  1.30565198]
[-1.1398444  -1.16481074 -0.35031106  0.40443124]
[ 0.97541877 -0.29662135 -0.23166739 -0.22905084]
[-1.15357311  0.5061339  -1.98427864  0.58389442]
[ 0.67967756  1.66574087  2.3774425   0.04658983]
[ 0.92858038 -0.58553529  0.51755271  0.12648296]
[ 0.84828163 -0.23651784 -0.59531793 -2.2022909 ]
[ 0.30868804 -1.30464571  1.75777428  0.78007454]
[ 0.44461449  1.94301411 -2.47622488 -0.14984283]
[-1.0162773   0.72511993  0.97092592  0.66592978]
[-0.69583262  3.23762492 -1.19214959 -2.45473622]
[ 0.95883796  1.36333703 -0.42734839  0.6182766 ]
[-1.20380957 -0.82265748 -1.19650932  0.26219026]
[ 0.66228118 -1.42581561  2.36905028 -1.20074803]
[ 0.82497038 -0.08899989  0.68993116  1.2925385 ]
[-0.97395537 -1.78866136  1.21215949 -0.92255817]
[-1.20195317 -1.00456739 -1.10836213 -0.38359696]
[-0.98318675  2.34075875 -1.53178561 -1.1038424 ]
[ 0.88104794  2.91798023  0.15952168 -1.27073782]
[-0.05073366  0.58905492  2.36544676  1.10404405]
[-1.20626777  1.83753199 -0.24138347 -0.72815624]
[ 0.93458862 -0.27854099  0.2211372   0.65289919]
[-1.17657843 -1.58556832  1.45754126 -3.529117  ]
[-1.12203324 -1.66147808  0.80488336 -1.61419151]
[ 0.96335099 -0.55727559  0.33002427 -0.4187288 ]
[-1.04321208  1.27184194  1.48977143 -0.12733708]
[-1.20217011  2.37804485  0.36393627 -1.746386  ]
[ 0.93046872 -0.02563144 -0.97255113 -0.39107844]
[-0.79462629 -2.00419666  2.46383302 -2.02760342]
[ 0.96610717  0.24928218 -0.79138611  0.50957371]
[-1.18677567  0.66777178 -0.34689645  0.69744082]
[-1.03799813 -1.20710039  0.10879488  0.78580242]
[ 0.80691105 -0.57805308  0.84268513  0.89641265]
[-1.17416061 -0.5727197  -1.84391422 -0.02866162]
[-0.03292574 -1.19691303  1.63954145  1.4056945 ]
[-1.19007896 -0.04419226 -0.92540468  1.00853868]
[ 0.66270551  0.98637321  1.80879735  0.95812068]
[-0.9225046   1.62495273  2.50250317 -0.86369736]
[ 0.83461657 -0.93893533  1.18384017 -0.17176301]
[ 0.53060298  0.3068652   1.63433836  1.4936088 ]
[ 0.91484545 -0.41858844  0.17657578 -2.61681914]
[ 0.83553726  0.94911788 -1.82380011  0.37955866]
[ 0.97389963 -0.51709209  0.19283968 -1.03178837]
[ 0.8759638   0.50269108  0.60286068  1.23103541]
[-1.18551375 -1.45123328  0.08010694 -1.49289133]
[-1.21141934  0.87387875 -0.80703789  0.49022718]
[ 0.73082889  0.17306503 -1.81309056 -0.86953022]
[ 0.92841613 -0.27520702 -0.51056615 -1.35374848]
[ 0.93779927  1.05884786  0.37304333  0.9219055 ]
[ 0.9351674   1.06165483 -1.09119537  0.61582876]
[-1.21695009  2.01059453  0.51130531 -1.17007367]
[-1.21001763  1.28147101 -0.21569944  0.02329494]
[-1.19627012  2.43018074  1.66311362 -2.27859607]
[-1.0514099  -0.57517438 -0.07690864  1.31121224]
[-1.0674571  -1.46679698  0.28297171  0.05042516]
[-1.17398881 -0.69238132 -0.81462787  0.85995681]
[-0.71672528 -0.95481096  0.89494643  1.50270541]
[ 0.94812618 -0.79493334  0.9514752  -1.18195875]
[-1.04507722 -1.80294309  1.43910445 -1.90295447]
[-1.12531323  0.66033984  0.25379651  0.73031209]
[-1.19286484 -0.09745146 -1.8775296   0.61811512]
[ 0.75305063  0.53607199 -2.10239807 -0.12886224]
[ 0.94609693  2.18542764  0.04461081 -0.19251242]
[-1.19079512 -0.99681386 -1.21945119 -0.98754952]
[-0.89640253  0.87214537  1.61674996  0.47942129]
[ 0.499267   -0.73748841  1.41275112  1.40701162]
[ 0.8559716  -0.72225697  0.85609923  0.38945119]
[-1.11931627 -0.99338398 -0.34903446  0.81456851]
[ 0.71352956  0.08896868  1.08167961  1.49490616]
[-1.20170124 -1.27580712 -0.48029214 -1.07019987]
[-1.18776906  1.71715511  0.94099155 -0.77961274]
[ 0.93495295 -0.16457078 -0.74899731 -0.78085002]
[ 0.96326832  0.00357432 -0.75521928  0.07299152]
[ 0.00704527 -0.13213101  1.74366396  1.70828774]
[-1.18475035 -1.1420887  -0.64020652 -0.00977061]

Populations

0.147729658865
0.256725371709
0.0940604834848
0.501484485941

State labels

0
1
2
3

Eigen uncertainty

3.66774272475e-11
0.00583311622879
0.0257025961877
0.0251123824459
