Cluster centers 

[-1.10324735 -1.23216251 -0.40853215 -0.18363687]
[ 1.04230227  0.90980134 -0.32213076  0.86794385]
[-1.10889347  0.9175494  -0.19752122  0.45014233]
[ 0.93645724 -0.65337224  0.80100654  0.32839585]
[ 1.01391899 -0.42913675 -0.27260136 -1.53244527]
[-1.09888323  2.28948987 -0.07056694 -1.71830974]
[-1.12077491 -0.01638756 -1.04389657  0.98946844]
[ 0.78783802  0.9265123   1.55249674  0.97625803]
[-1.06063046 -1.74203808  1.4384759  -3.06283363]
[ 1.03906586 -0.15151258 -0.53659837 -0.07908959]
[-0.81437749 -0.9499199   0.60828989  1.28271279]
[-1.04455085  1.65385831  1.46062177 -0.95747225]
[ 1.04409257  0.11190442 -0.51522845  0.5421586 ]
[ 0.833706    2.43530885 -1.13737869 -0.59032099]
[ 0.48165149  1.33045869  2.7519603   0.16035169]
[ 0.01504495 -1.0737676   1.72817472  1.3701519 ]
[ 0.92742349  0.32757421 -1.66469109 -0.02810643]
[ 1.03657203 -0.65822285  0.44411141 -1.40637613]
[ 0.92098622  2.05105855  1.99811797 -0.57721153]
[-1.12247638 -0.88453549 -0.96804777  0.32286792]
[-0.90408864 -1.62817885  0.8782906  -0.2623718 ]
[-1.09482659 -0.33143503 -1.97851675  0.38610787]
[ 1.01684432 -0.36192119  0.20387412  0.31608223]
[ 1.02611942 -0.31384919 -0.47295155 -0.81481016]
[-0.43597332 -1.90668662  2.23639716 -0.81573663]
[-1.12789157  1.47747727 -0.00780594 -0.33874557]
[ 0.87926399 -0.37957429 -0.24776925 -3.46390392]
[ 0.91078257 -1.11482951  1.7392994  -1.90748357]
[-1.07786057  0.3542771  -0.2851124   0.99366515]
[-0.92772201  0.99461043  1.29005616  0.24141565]
[-0.94738221 -1.23296683  0.28850461  0.68140285]
[-1.02504723 -1.73476036  1.02971709 -1.81411576]
[-1.06975211  2.04395826  1.83242563 -1.89517206]
[-1.12858937 -1.31920988 -0.42770639 -1.29319151]
[ 0.6951977  -0.02043519 -1.86959211 -1.69751849]
[-1.12576375  1.84185242 -0.19053708 -0.88370577]
[-1.10330982 -0.7257611  -1.6674101  -0.19498397]
[-1.11158113  0.78489298 -1.46549368  0.5651489 ]
[ 0.83122114 -0.08982452  0.9618495   1.33143813]
[ 0.94646183 -0.20043278 -0.99892785 -1.3239885 ]
[ 0.32715614 -1.34034338  1.91718246  0.57093569]
[-1.03587856  2.63816271  1.55693656 -3.09948547]
[ 1.04110509 -0.35154283 -0.1400256  -0.24251355]
[ 1.00183278  1.10626029  0.50618999  0.85932935]
[ 1.0220692   0.1223961  -0.9668532   0.16786057]
[-1.1138567   1.68395611  0.70834611 -0.83840096]
[-1.09815772 -0.6636357  -0.75979194  0.87387263]
[-1.12620981  0.76491735 -0.81024918  0.62092065]
[ 0.88687783  1.10733761 -1.88426571  0.39869801]
[-0.30564823  0.45903143  2.04087758  1.07683646]
[ 0.6500668   0.21907458  1.47030234  1.47154508]
[ 0.55591902  0.58609146 -2.69379155 -0.32785864]
[-1.12772106  1.29534057 -0.65371793  0.01848867]
[-0.83421311  1.45173149  2.2973848  -0.70229132]
[-1.12736583 -0.52426206 -1.34061555  0.64363296]
[-0.57484557 -1.56628867  1.42473679  0.53119204]
[ 0.85967249  3.16000901  0.10042482 -2.10652071]
[-1.11943433 -1.30328314 -0.40515098 -0.74593701]
[-0.87765816 -1.91557127  1.92405727 -2.19608761]
[ 0.99442443 -0.07101212 -1.01356431 -0.48310344]
[-1.0012762   0.64241466  0.51439168  0.75389451]
[ 0.8333903  -0.59255284  1.02330905  0.89706265]
[ 1.01314903  0.79524823 -1.15323642  0.64318756]
[-1.04037975 -1.60318835  0.53384841 -1.0190875 ]
[ 0.99318524  1.58312171 -0.92393729  0.40212558]
[ 1.00733539 -0.60425314  0.49194053 -0.1880216 ]
[-1.12787257 -1.05454617 -0.96645292 -0.3525144 ]
[ 0.50766722 -0.97622604  1.62702377  1.05647876]
[ 0.9963034  -0.50355788  0.00309834 -2.38411962]
[ 1.03274162  1.96453424  0.11929338 -0.0346077 ]
[-0.97629352 -0.22165618  0.10516779  1.32208394]
[ 0.96391925  1.53769322  1.22159877  0.3708081 ]
[ 0.96106473  0.44793567  0.52325788  1.18636422]
[-0.82418097 -0.03881042  0.79043     1.37057372]
[ 0.96289836 -0.22336503  0.4611167   0.89158397]
[-0.52212604 -0.9862835   1.25355028  1.42356209]
[-0.86640372 -1.78911789  1.32245191 -0.91791871]
[-1.13176822  2.15774121  0.76784422 -1.77017651]
[ 0.5415227  -1.42859091  2.12392134 -0.40423758]
[ 1.03781817 -0.14669849 -0.16558584  0.40519778]
[ 0.890949   -0.28518733 -0.83625631 -2.28407873]
[-1.08005076  1.06725032  0.33205348  0.21976138]
[ 1.04124074  0.44306561 -0.73050945  0.72026484]
[ 0.81010517 -1.00303576  1.40224435  0.06535343]
[-1.13282566  1.92680384  0.40670557 -1.2006098 ]
[ 1.02395384  0.25379215 -0.03369497  0.95777372]
[-1.07416952 -1.09473673 -0.3669653   0.41673221]
[-1.03349412  0.67050659 -2.26609173  0.5405165 ]
[ 1.03997032 -0.50879165  0.09565607 -0.74615451]
[ 0.56349766 -0.42185827  1.43860505  1.47745042]
[-1.10607964 -1.53423638  0.27910011 -1.72790176]
[ 0.89138528  0.05633062 -1.58169891 -0.75059347]
[-1.05454412 -1.46967483  0.19379766 -0.49982153]
[-1.07151327 -0.23553489 -0.49787722  1.18040634]
[-1.12108024 -0.01027884 -1.64472273  0.8067071 ]
[-0.99839086 -1.39484642  0.26318395  0.11654217]
[-1.0666766   1.3710324   0.8565807  -0.31834215]
[-1.07661832  1.77410708 -1.01371201 -0.57962546]
[-1.01750552 -0.83238033 -0.17802099  1.03523057]
[ 0.99205458 -0.79233218  0.83494958 -0.71085798]

Populations

0.0148358835637
0.00977601463881
0.0180460474436
0.0094309796511
0.013931686887
0.00514383627142
0.0179839221631
0.00886796873409
0.00367210180634
0.0180642904
0.00791159891498
0.0123439784685
0.0156761110835
0.00180675444692
0.00508869089073
0.00523471637811
0.0109833392385
0.00702466803077
0.00419949270007
0.0168094139945
0.0112105749664
0.00670949134341
0.0143603068101
0.0175610288427
0.00129045501275
0.0169925768373
0.00454667893541
0.00134475405057
0.0169475150477
0.0145497709935
0.0144810869157
0.00915657774356
0.00824367960649
0.00819458754602
0.00296483589213
0.0108172713897
0.00807969085669
0.00972566790529
0.00847033193904
0.0128302530617
0.00684783360853
0.00442909032754
0.0157134394121
0.00956481841066
0.0147563731453
0.01129699444
0.0155474700398
0.0143810677649
0.00501492444917
0.00366585274969
0.00647785553925
0.0018503788848
0.015548296691
0.00554750041005
0.0169276564117
0.00524910558415
0.00141118843014
0.013967572261
0.0045880411869
0.0171277487005
0.0136470450551
0.0089593751324
0.00924616238361
0.0108622766099
0.00277159305377
0.0109136967618
0.0136150692213
0.00661290060524
0.00881042163672
0.00416827136224
0.0116823370822
0.00629763179397
0.013094996389
0.00607087640504
0.0148908358396
0.0048089504563
0.00697346140131
0.00979911461107
0.00260267261821
0.017593796005
0.00754606607783
0.0156565394749
0.0108064454321
0.00586770014121
0.00656907611443
0.0185326658255
0.0157112886372
0.00463231582477
0.0143385695308
0.00733688404783
0.00729733535102
0.00957076427729
0.0125074801218
0.0147253059285
0.00986489902224
0.0147997192418
0.0155063178421
0.0089441802659
0.0156270456524
0.00551607691764

State labels

0
1
2
3
4
5
6
7
8
9
10
11
12
13
14
15
16
17
18
19
20
21
22
23
24
25
26
27
28
29
30
31
32
33
34
35
36
37
38
39
40
41
42
43
44
45
46
47
48
49
50
51
52
53
54
55
56
57
58
59
60
61
62
63
64
65
66
67
68
69
70
71
72
73
74
75
76
77
78
79
80
81
82
83
84
85
86
87
88
89
90
91
92
93
94
95
96
97
98
99
