Cluster centers 

[-1.34214931 -0.2516817  -2.08340638  0.4809252 ]
[ 0.85441393 -0.30377997 -0.18715994  0.03785245]
[-1.38989308  1.59301148 -0.69541355  0.08319191]
[-1.13392506 -2.05728484  0.78766542 -1.61748474]
[-1.32793148 -0.44196719 -0.35078038  1.25853805]
[ 0.46867141 -0.80724479  1.44487501  0.94957341]
[ 0.84241887  0.82727848 -0.23315594  0.93546187]
[ 0.81222167 -0.48527148 -0.53244462 -2.5767067 ]
[ 0.6207061   0.6482481  -1.95748785  0.27450407]
[-1.38640018  2.31087846  1.14076124 -2.68812459]
[ 0.63496853  0.96363278  1.87728463  0.26298529]
[ 0.79617985 -0.16782712 -0.98890711 -1.00196174]
[ 0.76583974  0.28485649  0.77503979  1.0301455 ]
[-1.38329111 -1.25402138 -0.98594031 -1.26735986]
[-1.25484912  1.24920348  1.43341323 -0.7803039 ]
[-0.44217394 -1.78335985  1.62944144  0.47464593]
[-1.39829936  0.37832023 -0.91937392  1.19442867]
[ 0.82268245 -0.9794336   0.57753885 -1.12905221]
[-1.39675514  2.16511379  0.43662918 -1.69097994]
[-0.94218123 -1.78531758  0.95167116  0.20783754]
[-1.29703892 -1.10628767 -0.27685967  0.71568863]
[ 0.84281238 -0.11427844 -0.65064187 -0.09879368]
[ 0.77187376  0.90746117 -1.17944856  0.8267986 ]
[ 0.83341454  1.17841962  0.46649156  0.66379542]
[ 0.76076037  1.46163429  1.6349822  -0.16576846]
[ 0.79390885 -0.88896016  0.60567797 -0.41612012]
[-1.34214345  0.18876981 -0.1551515   1.17059235]
[ 0.81334241  0.13071269 -0.9857414   0.10907411]
[ 0.40522872 -0.14335921  1.80830195  1.04283974]
[-1.29681528  0.62322382  0.53005745  0.61503649]
[ 0.83438212  0.28571819  0.14522675  0.93869626]
[-0.61157431 -1.23043922  1.4566255   1.16216978]
[ 0.8016563  -0.57318924  0.45366891  0.27708627]
[ 0.53255105 -1.56463645  1.53574171 -0.77513718]
[-1.38594678  0.77713097 -0.26326207  0.77285062]
[-1.29649514 -1.60846431 -0.10302132 -0.68600133]
[-1.22568883  2.29499088 -0.79735436 -0.79449903]
[ 0.8597504  -0.6324205  -0.02639915 -0.99353561]
[ 0.74856189  0.84893641  1.20376117  0.67523805]
[ 0.8504301   0.08073797 -0.25324682  0.64367975]
[ 0.78556951  0.02976709 -1.15260856 -0.41529995]
[-0.10311122 -0.44762067  2.0642894   1.08264655]
[ 0.6693078  -0.1866136  -1.25003337 -2.68730626]
[-1.37894556 -0.59109351 -0.92346283  0.98614985]
[-1.39451169  1.65590798  0.36967687 -0.72234142]
[-1.35674124  1.73386462  1.17168015 -1.49576866]
[ 0.71088036 -0.36652018 -0.71045467 -3.98342474]
[ 0.5100151   0.10936613 -1.95186648 -1.89524302]
[-1.29031613 -1.92374364  0.46186084 -3.23113048]
[-1.37056659 -1.25743723 -0.77521212 -0.44910643]
[-1.05840095  1.24130328  2.37552884 -1.42001762]
[-1.27925274  0.96393594  0.99962778 -0.05230875]
[-1.4011097   1.13697183 -0.79731887  0.64914379]
[ 0.85485183 -0.37945601 -0.38698126 -0.6014965 ]
[-1.37115824 -1.01500327 -0.8532855   0.32986213]
[ 0.81025444  1.56502338 -0.42825193  0.63230235]
[ 0.3453956  -1.55924439  1.64162302 -0.02374365]
[-1.10737815 -0.03644626  0.95089992  1.07350665]
[-1.20756316 -1.84220673  0.38090747 -0.95789892]
[ 0.85882517 -0.62788678 -0.17404876 -1.78828054]
[ 0.72636981  2.65077176 -0.05506373 -0.79879233]
[ 0.7428506   0.45249124 -1.46343492  0.29757608]
[-1.38201133 -0.83895673 -1.4696646  -0.14998402]
[ 0.51463443  1.73390984 -1.85681913  0.70567827]
[-1.16526077 -0.86821716  0.35665863  1.17942475]
[ 0.82789197 -0.36998081 -0.65558161 -1.38788792]
[ 0.83768882  0.44164084 -0.65723383  0.76275954]
[ 0.67541971 -0.62847039  0.9943712   0.74888073]
[-1.3969416   1.31964555 -0.04796428  0.05505553]
[-1.09496548  2.00767405  2.08841763 -2.75819779]
[ 0.78104712 -0.20779421  0.55953523  0.85077906]
[-1.3871871  -0.54978221 -1.57430509  0.52142308]
[-1.39399643  1.9818571  -0.25302707 -0.78907774]
[ 0.60156612  0.09601933  1.4550925   1.01916577]
[-1.28429835  1.04230817 -2.05731964  1.08615134]
[ 0.69179068 -0.97020748  0.97439003  0.13219021]
[ 0.84895193  0.01183941 -0.5257248   0.33642808]
[-1.27524508 -1.53088069 -0.07322611 -0.20410185]
[-0.17038753 -2.01545169  1.87512252 -0.33417973]
[-1.29938195 -1.79530179  0.10441065 -1.9167485 ]
[-1.05285926  0.60243794  1.64476829  0.14162989]
[ 0.80756133 -0.39256081 -0.70672702 -2.00115906]
[-1.20573346 -1.44554657  0.16523007  0.39623784]
[ 0.71250809  0.22174829 -1.55337366 -0.3449164 ]
[ 0.83852708 -1.12268607  0.76857669 -2.34076195]
[ 0.83568344 -0.19414462 -0.72001805 -0.49890037]
[ 0.8363763  -0.27692178  0.11386731  0.45387924]
[ 0.80787071  0.35838667 -1.03895984  0.47615902]
[ 0.23102046 -1.33472768  1.66336013  0.6697513 ]
[ 0.5939859   0.25745105 -1.92411462 -0.76938351]
[-1.32767472 -1.60664793 -0.23323801 -1.18208047]
[ 0.82250724  1.88542918  1.24652894 -0.505203  ]
[-0.08772392  3.73818303 -1.01516962 -2.45977612]
[ 0.7148348  -0.02377569 -1.39868334 -1.23363152]
[ 0.8508942  -0.57024771  0.06576696 -0.38699967]
[ 0.45917015  1.19033868  2.61657039 -0.57688039]
[-1.03278029 -1.96872273  0.87004549 -0.59562313]
[-1.39332027 -0.04470231 -1.47283643  1.14369554]
[-1.36001058  1.2853503   0.61973742 -0.30372606]
[-1.01692371 -2.29792919  1.40103218 -2.82619278]

Populations

0.0041997925903
0.0228455734171
0.00708921474909
0.00757130243666
0.0162363807938
0.00935660345422
0.0170102737902
0.00718974133564
0.00622932994423
0.00621661765896
0.00879613667255
0.0118783002011
0.0179276112505
0.00477401919102
0.0135994637497
0.00320572587029
0.0138570922482
0.0047519277948
0.0106091241337
0.0058004067143
0.0176450138447
0.0164771484933
0.0129011613979
0.0119551419538
0.00671992216658
0.0124659522232
0.012921642446
0.015674448922
0.00648499402133
0.0138958645386
0.0223797543192
0.00800912967962
0.0157121426215
0.00250306877409
0.0121920739494
0.00585945477954
0.00324901253474
0.0143527229835
0.00829432518199
0.020349182449
0.0149453523621
0.00497508648591
0.00473114166744
0.0170427979011
0.0118235833472
0.0121095301706
0.00250149961077
0.00324351949254
0.00383491162363
0.0137651430157
0.00208386403523
0.00859169077801
0.0103585390781
0.0169026997822
0.0166001101133
0.00645116085317
0.0075262488376
0.00854651116907
0.00648717182204
0.00799912938449
0.00570667290185
0.00795114865515
0.00969815255387
0.00524682725506
0.00995696633006
0.0129194061903
0.0164453234381
0.0189212161588
0.0165611587686
0.00433197433154
0.016413767902
0.00732915887615
0.00883715191151
0.00924411621534
0.00407656436116
0.0137425999924
0.018184835039
0.0102342981747
0.00289499696023
0.0073110088541
0.00581275083716
0.00947663253982
0.00993456268649
0.00796524175676
0.00223829154987
0.0119674558737
0.0234352538176
0.0124560552854
0.00647179498456
0.00497195567763
0.00584901758385
0.00520544763488
0.000798286320383
0.0104938434298
0.015929003682
0.0109543385029
0.005001687661
0.0141046720882
0.008907511674
0.00231236473735

State labels

0
1
2
3
4
5
6
7
8
9
10
11
12
13
14
15
16
17
18
19
20
21
22
23
24
25
26
27
28
29
30
31
32
33
34
35
36
37
38
39
40
41
42
43
44
45
46
47
48
49
50
51
52
53
54
55
56
57
58
59
60
61
62
63
64
65
66
67
68
69
70
71
72
73
74
75
76
77
78
79
80
81
82
83
84
85
86
87
88
89
90
91
92
93
94
95
96
97
98
99
