Cluster centers 

[-1.18893072 -1.16926468 -0.34539452  0.46304638]
[ 0.86455534  0.34968679 -1.31657326  0.14630121]
[-1.22213445  1.56371329  1.13456796 -0.74227821]
[ 0.93311579 -0.43996222 -0.04221666 -0.42002436]
[ 0.88851096 -0.48005278  0.36685504  0.40094188]
[-1.25847552  0.67913744 -0.50726367  0.72441152]
[-1.15627101 -1.80457528  0.81790288 -1.68172531]
[ 0.89674932 -0.39989192 -0.31324324 -1.5703744 ]
[ 0.90551839  1.56516765  0.7149509   0.39651508]
[-1.22981487  2.02973948 -0.61837573 -0.89518942]
[-0.5540535  -1.06515029  1.17384471  1.50598949]
[-1.28748624  2.36112719  1.34976758 -2.33919792]
[-0.80063452 -1.70276808  1.11539345  0.49794315]
[-1.24447887 -1.31249635 -0.49228998 -0.55658378]
[-0.16148673 -1.59160749  2.049959   -2.28025051]
[ 0.92609319  0.11542599 -0.26890551  0.7152369 ]
[-1.27832263  1.43602564 -0.25476807 -0.16812564]
[-1.18870441  0.82665764  0.41636358  0.50643082]
[-1.26695591 -0.40920591 -1.34721667  0.73536434]
[ 0.84805721  1.21995075 -1.31067345  0.56225271]
[-0.06098208 -1.86260942  2.14464987  0.13831754]
[ 0.69910607 -0.13278375  1.01212151  1.36523841]
[ 0.89653319  2.1471251   0.08876922 -0.20209621]
[-1.27881142  1.99597859  0.77678884 -1.37284095]
[ 0.75246514 -0.34769361 -0.03080068 -3.87758274]
[-1.25903493 -0.84383806 -1.08296938  0.37933077]
[-1.06121543  1.54650929  2.11041121 -0.98788545]
[ 0.87873749 -0.06028452 -0.95079935 -0.57171022]
[ 0.74634506 -1.07240509  1.25316247  0.02297082]
[ 0.70573896  0.09559315 -1.6229398  -1.14635322]
[ 0.80304609  0.52002486  0.82059046  1.21355801]
[-1.15630051 -1.44012229  0.02894335  0.0344313 ]
[ 0.92388657 -0.72959809  0.50660626 -1.0359572 ]
[ 0.50461901  0.88033737  2.17216787  0.78842759]
[ 0.9260438   0.16594927 -0.64989733  0.46989575]
[-0.98154067 -2.06640196  1.74468402 -1.87529107]
[-1.21921245 -0.46661759 -0.68723779  1.06260975]
[-1.14137954  0.80715749 -2.38998955  0.52125086]
[-0.97363965  0.22070605  0.97331732  1.09066968]
[ 0.37212229 -0.07418159  1.63988642  1.49871536]
[ 0.92028651 -0.46399658  0.15845858  0.00940169]
[ 0.84304473  0.0645108   0.49496962  1.14891689]
[ 0.83806333 -0.38773977 -0.28055895 -2.56303214]
[ 0.11812934 -1.52029734  1.82210608  0.76508694]
[-0.76599688  3.27126607 -1.13403211 -2.50623674]
[ 0.88217309 -0.73571513  0.62970831 -0.14799074]
[-1.27546981  1.74650586  0.34664216 -0.7906249 ]
[-1.15733688  1.0507235   0.95689508  0.1235487 ]
[ 0.91610365 -0.31080855 -0.43677359 -0.80418482]
[ 0.78423892  0.94977385  1.24523398  0.91395998]
[ 0.77282352  0.32215902 -1.70031168 -0.30513353]
[-1.21463692  0.14555416 -0.42498719  1.10884099]
[-1.00414055  0.92778182  1.60229867  0.19863221]
[ 0.89627969  1.00642981  0.39968623  0.90406683]
[-1.27367498  0.57065867 -1.16531207  0.79108312]
[-1.24831468  2.13786371  1.88892822 -2.14175187]
[-1.14993713  0.50552932  0.36894682  0.86389808]
[-1.25321173 -1.10199547 -0.82949195 -0.09789446]
[ 0.92095046  1.00591338 -0.45199307  0.81206455]
[ 0.88369581  1.69351518 -0.67714263  0.3712192 ]
[ 0.90596353  0.0590096  -0.88794402 -0.01007214]
[ 0.84437832  1.66256853  1.51291596  0.08579517]
[ 0.83811702  2.74771545  0.26074845 -1.12677038]
[-1.06184203 -1.21114529  0.18809252  0.84789725]
[ 0.90022453  0.4940823  -1.06810984  0.51141277]
[ 0.76533835 -0.67080131  0.88606488  0.78619864]
[ 0.72758067  1.65442462  2.31652666 -0.1731519 ]
[-1.27063434  2.65945665  1.51526521 -3.05540989]
[-1.09424322 -0.69532328 -0.02177533  1.27345548]
[ 0.93123999 -0.49906582 -0.0133693  -0.92226645]
[ 0.50830646  1.33200371 -2.48701473  0.25817771]
[-1.21777122 -1.50421909 -0.05462646 -1.03174911]
[-1.20574568  1.64433507 -1.45442164 -0.15741801]
[-1.09366007 -1.61709815  0.43309767 -0.15705383]
[ 0.89972349 -0.22454321  0.15154293  0.6622852 ]
[ 0.9323402  -0.24723609 -0.24607323  0.05112426]
[-1.26437043  0.12401926 -1.6252639   0.82234062]
[-1.25043158 -0.52266459 -1.74015317  0.22289584]
[ 0.92638256 -0.21922969 -0.47221643 -0.29659108]
[ 0.6291645  -1.520238    2.08953041 -1.01026044]
[-1.24836847  2.47278536  0.11118316 -1.92763913]
[-1.27216584  1.10531801 -0.52494117  0.29432865]
[ 0.90885215  0.37169984  0.00913305  1.00789098]
[-1.18788855 -1.82639301  1.18633561 -2.83978661]
[-1.02308774 -1.86896839  1.03072381 -0.8460853 ]
[ 0.79265763  0.71578376 -1.76140775  0.26626269]
[ 0.9297037  -0.06867616 -0.452631    0.25231099]
[-1.25462394 -0.9053933  -1.38161415 -0.51600318]
[-0.89082886 -1.43200658  0.72851102  0.90692543]
[ 0.92512938  0.54615863 -0.64082178  0.78383916]
[ 0.76114523 -1.14928013  1.3591429  -0.35461924]
[ 0.82264153 -0.16063753 -0.95669728 -1.42563678]
[ 0.60136228 -0.53553349  1.19662217  1.35583418]
[ 0.91643134  1.43049354  0.19224532  0.57685984]
[-0.39653886 -1.7931007   1.74160146  0.52627815]
[ 0.39388889 -1.18459786  1.6016227   0.96871284]
[ 0.58462242  2.31157881 -1.81390885 -0.21803761]
[-1.256255    1.28225021  0.25954201 -0.07175289]
[ 0.91933019 -0.6169415   0.31423018 -2.10865567]
[-0.90465258 -1.85906307  1.16187902 -0.25520881]

Populations

0.0172392753203
0.00741079856222
0.0193970291004
0.0140988734525
0.0108321256728
0.0145028442088
0.0119641174135
0.0170199179911
0.00490490994315
0.00877846931125
0.00795284803312
0.00305596132372
0.00270419963458
0.017296293307
0.000381822748372
0.0158727416774
0.0131080353134
0.0110510026967
0.0160768940962
0.00676330260065
0.00260588528392
0.00949640875786
0.00316550045657
0.0107966825606
0.00331656229564
0.0136319706442
0.00891187995561
0.0184334560628
0.00642340117332
0.00804781777575
0.00952934746095
0.0123863567102
0.0111214248844
0.00744405635479
0.012261553687
0.00408642688194
0.0224724943939
0.00543690138798
0.00941486735628
0.00852091128168
0.0137107144244
0.01355776424
0.0127855868494
0.00571057152208
0.000515552493405
0.0127816846573
0.0153843092527
0.0106763036609
0.0152635195446
0.00841836143271
0.0108096359077
0.0150764203686
0.00846493553062
0.00725143090177
0.0138247485375
0.00621343163826
0.0100190214992
0.01588307817
0.0097481776649
0.00261902238765
0.0169807552541
0.00490159691673
0.00286368576705
0.0104631641615
0.0106490222664
0.0170837392165
0.00768527896568
0.00264886711031
0.0149161356064
0.0118460525002
0.00173964620495
0.0160496370143
0.00458115372857
0.0103055238921
0.0192189560812
0.0184774781942
0.01269695621
0.011606805416
0.015277857612
0.00115564460556
0.00453325396429
0.0146497996309
0.0164574738904
0.00468665616713
0.0107188525096
0.00775608961626
0.0141093416061
0.0078871372389
0.00616592945671
0.0116174996454
0.00403122067956
0.0157238307468
0.0084550650559
0.00378100346432
0.00172371956766
0.00950967323574
0.00159527472092
0.0151793505437
0.00850788610363
0.00513334697591

State labels

0
1
2
3
4
5
6
7
8
9
10
11
12
13
14
15
16
17
18
19
20
21
22
23
24
25
26
27
28
29
30
31
32
33
34
35
36
37
38
39
40
41
42
43
44
45
46
47
48
49
50
51
52
53
54
55
56
57
58
59
60
61
62
63
64
65
66
67
68
69
70
71
72
73
74
75
76
77
78
79
80
81
82
83
84
85
86
87
88
89
90
91
92
93
94
95
96
97
98
99
