Cluster centers 

[ 0.97593611 -0.37524161  0.23098858  0.20166274]
[-1.18434772  1.02504329 -0.54382771  0.50579236]
[-0.90995756 -0.87580492  0.75068895  1.11913505]
[ 0.94850206 -0.19392927 -0.99239822 -0.53468294]
[-0.90708064  1.03895745  1.55253348 -0.1119284 ]
[ 0.94719545  1.77188351  1.12283993 -0.10959027]
[-1.17936805 -1.26937474 -0.68046499 -0.72801447]
[ 0.61444113 -0.56505974  1.62316667  0.93739639]
[ 0.92355126  0.92950268 -1.31098924  0.92814265]
[-1.17318029  2.2006954   0.65776292 -1.93233981]
[-1.17328659 -0.85575268 -1.54894943  0.10213615]
[-1.18471099 -0.78597057 -1.05174556  0.72065822]
[ 0.76048368 -0.22823127 -1.31042419 -3.44692422]
[-1.01262516 -1.61331993  0.64862353 -0.8292006 ]
[-1.14714331  0.10156904 -0.31986902  1.20141551]
[ 0.95219745  1.12743535  0.71582301  0.71140398]
[ 0.99707613  0.03762937 -0.42677717  0.57949398]
[-0.01245745 -1.47506418  2.08610377  0.03586336]
[-0.78366706  1.48389035  2.24469201 -1.09307057]
[ 0.96174298 -0.73189375  0.5664001  -1.01803359]
[ 0.56920666  0.79998846 -2.59183216  0.57619438]
[-1.17830742  2.06786363 -0.49913999 -1.05133083]
[-0.9508437  -1.74848564  1.08853983 -1.78221663]
[ 0.48551156  0.44116958  2.0002859   0.90907   ]
[ 0.79688836 -0.96805733  1.33954799 -0.45981557]
[ 0.93295149 -0.34673512 -0.86932123 -1.65857328]
[ 0.83297469  3.14446607 -0.52187712 -1.72051709]
[-1.13364506  1.15210731  0.37626896  0.0617822 ]
[ 0.97984547  1.7156357  -0.36986301  0.41145162]
[-0.97410693  2.85140803  1.2500286  -3.72928888]
[ 0.80354448 -0.59312024  1.18195613  0.57392655]
[ 0.86298199  0.49291011 -1.72318262  0.66862081]
[-1.17043718  0.02563197 -1.59369014  1.18483085]
[ 0.73792829  2.15976293 -1.72917125  0.22130017]
[-1.16793278 -0.97350922 -0.67705141  0.56093654]
[-1.14651024 -1.53547537  0.07670692 -1.71030554]
[-1.04632001 -0.19272342 -2.47313147  0.76369932]
[-0.8347753  -0.2121268   1.14019826  1.21865367]
[ 0.99368581 -0.36451275 -0.28284794 -0.38299374]
[ 0.96519895  0.41493879  0.36853347  1.02410423]
[-1.13311533 -0.53358374 -0.34862446  1.19484029]
[ 0.73237857  1.23561742  1.88404301  0.22860645]
[ 0.91371911 -0.38319297 -0.77813926 -2.49306702]
[ 0.69774348 -1.28880867  1.9290135  -1.88128768]
[ 0.96753026  0.15364397 -0.98701816  0.48421312]
[ 0.99062234  0.07346188 -0.02571857  0.79461876]
[-1.17624358  0.74765282 -0.46120991  0.77679542]
[-1.07546129 -0.94604086  0.05347322  0.95110235]
[-1.07104981  1.4022818   1.0414867  -0.5577574 ]
[ 0.91198189 -0.6099411   0.76421241  0.08726614]
[ 0.75563672 -0.02149074 -1.94429205 -0.77609083]
[ 0.87804215  2.2717627   1.94145392 -1.33126586]
[ 0.38786819 -1.05398978  1.89288615  0.50783776]
[ 0.99292358 -0.54573341 -0.02546141 -1.12351208]
[ 0.92054302  0.00893595  0.66882447  0.95774838]
[ 0.82898897 -0.13445716  1.08431427  0.99945387]
[-0.17358606  0.65929739  2.36004465  0.42691304]
[-1.01786309 -0.11720036  0.48785741  1.21095899]
[-1.12934044  0.80108898  0.19584495  0.56423055]
[ 0.9968703   0.79201019 -0.17613345  0.97640741]
[ 0.9954837  -0.22041368 -0.15329059  0.25265055]
[ 0.98048794 -0.39492198 -0.50965917 -1.03028563]
[-1.18806681  2.18950798 -0.13586978 -1.47406332]
[-1.07670042 -1.27893069  0.11136949  0.29926213]
[ 0.36009939  1.70394579  3.017942   -1.15506024]
[-0.51393739 -0.8180401   1.6614681   1.14687628]
[ 0.94908808 -0.07213053 -1.07962788 -0.11822339]
[-1.0280928  -1.72371632  1.25881454 -3.59672832]
[-0.85124333 -1.51182264  1.03816655  0.06263043]
[ 0.98536984  0.48023352 -0.75230366  0.87642211]
[ 0.8563835   0.12579325 -1.68102784  0.03882564]
[-1.17536334  1.64035254 -0.79812436 -0.21336787]
[-1.17290603 -0.63062222 -1.58228766  0.66541424]
[ 0.97402688 -0.52815876  0.3065293  -0.24337184]
[-1.12263373  0.82921659 -1.84159783  0.97804537]
[ 0.54573907 -0.18204196  1.74155638  1.168464  ]
[-1.18442418  1.39729777 -0.23955463 -0.07775669]
[-1.16920222  1.9344901   0.52575149 -1.32077458]
[ 0.83616653 -0.22018182 -1.43380007 -1.72200214]
[-0.9867401   1.58101951  1.63545596 -1.10134906]
[-1.14705436 -1.43761028 -0.13410511 -0.86151616]
[ 0.28579475 -1.48105435  2.12035077 -0.76700693]
[-1.18350647  0.42115688 -0.97136491  1.10696822]
[-1.18303067 -1.13409739 -0.85319251 -0.13666251]
[ 0.92189804 -0.23588714 -1.09746825 -0.98161248]
[ 0.99589705  1.45233896  0.19008115  0.53543687]
[-1.02670285  2.09222696  1.84605449 -2.29970876]
[-1.11932479  0.35268715  0.05105335  1.02065192]
[-1.18317758 -0.4011037  -1.03764867  1.13732296]
[-1.00438571  0.65224715  0.90614525  0.56731851]
[ 0.84715797  0.59400006  1.17514483  0.96884957]
[ 0.98332801 -0.54531857 -0.14700026 -1.83414643]
[-1.18656575 -1.32940462 -0.63695227 -2.07855621]
[-1.08417611 -1.41975163  0.16227558 -0.21655623]
[ 0.96114342 -0.27609433  0.35265309  0.52592424]
[-1.18210645  1.63320081  0.03716934 -0.55384267]
[ 0.98907035 -0.17250831 -0.59089407 -0.00431024]
[ 0.97485932  2.18069155 -0.14890438 -0.191274  ]
[ 0.98362297 -0.56708215  0.22074371 -0.61333101]
[-1.15643851  1.34132222 -1.2635908   0.3577708 ]

Populations

0.00989537407387
0.0134657478679
0.0109738723109
0.0131430568304
0.00697091858969
0.00629399304159
0.0149222662428
0.00701977908599
0.00750725860161
0.010226967653
0.00765787449723
0.0129829628389
0.0036855785701
0.0158164217032
0.0138232218587
0.00898210733207
0.016541650367
0.0054159976655
0.00237946045218
0.00534026033278
0.00244598448587
0.00788847998149
0.0130868739531
0.00501914538653
0.0070664212576
0.0088603029078
0.00175760746194
0.0152461974964
0.00240460291014
0.00326147387875
0.0109226948245
0.00658038688084
0.00975743853262
0.00211949824788
0.0205484406094
0.0117944218431
0.0022745686771
0.00517474688657
0.0182938323023
0.0141552003682
0.0206215893683
0.00883868676384
0.0081473232507
0.00088092523022
0.0146025708917
0.0151796553004
0.0108124473615
0.0188204349369
0.0163341934579
0.0116439129439
0.00714754268733
0.00354484185623
0.01077054508
0.00928501130195
0.0128344537943
0.0101219549028
0.00269847170521
0.0101102897019
0.0137533280025
0.0108142551683
0.0167869379169
0.0127997885713
0.00828464818607
0.0210769445172
0.00226306316918
0.00567179110259
0.0138544449117
0.00501668986954
0.011938448461
0.0125369805882
0.00967538490368
0.0110075147859
0.00839983903044
0.00912317760127
0.00471474219458
0.00718614965318
0.0141805234026
0.0158663221972
0.00725885026411
0.00684905181519
0.0133490024097
0.00380278798387
0.013568195945
0.0182844611214
0.0109037438421
0.00402851845451
0.00506931294276
0.0119437185124
0.0169415037716
0.0139290488705
0.00863035714204
0.00907280364963
0.00353443807238
0.0172839044504
0.0140206267015
0.0173881878488
0.0167590149971
0.00243890330443
0.00756871210719
0.00832594221741

State labels

0
1
2
3
4
5
6
7
8
9
10
11
12
13
14
15
16
17
18
19
20
21
22
23
24
25
26
27
28
29
30
31
32
33
34
35
36
37
38
39
40
41
42
43
44
45
46
47
48
49
50
51
52
53
54
55
56
57
58
59
60
61
62
63
64
65
66
67
68
69
70
71
72
73
74
75
76
77
78
79
80
81
82
83
84
85
86
87
88
89
90
91
92
93
94
95
96
97
98
99
