Cluster centers 

[-0.96588896  0.64967379  0.88339948  0.61737964]
[ 1.02712581 -0.31731212 -0.29406002 -0.21171683]
[-1.13458317 -1.30922053 -0.47695036 -0.63567252]
[-1.04202145  1.55513428  1.14753849 -0.84117893]
[-1.0289967  -1.22502663  0.16213599  0.45660694]
[ 1.01638386  0.59328058  0.08645215  1.02173404]
[ 1.0211698  -0.59720581  0.1344121  -1.28427015]
[-1.14241935 -0.72825316 -1.23968108  0.64537989]
[ 0.54126045 -0.80995533  1.72111172  0.80499234]
[ 0.98258918  0.23402916 -1.21646209  0.46068707]
[-0.89875443 -1.70686188  1.10960414 -1.15238008]
[-1.14539885  2.27485347  0.63655381 -2.11671498]
[-1.13276054  1.83434436 -0.64587668 -0.67622718]
[ 0.43181833  1.25675286  2.59584645 -0.05542209]
[ 0.94993498  0.90925022 -1.4447103   0.85139247]
[ 0.94801555 -0.2857399  -1.05249718 -1.33264736]
[-1.14437606  0.84819819 -0.74706092  0.67762707]
[ 0.60697529  0.67130933  1.98175616  0.84147096]
[-1.09307791 -0.15995035 -0.28347795  1.24936274]
[ 0.86897075  3.07971031 -0.45614152 -1.7543764 ]
[ 0.93659398 -0.50345332  0.73550046  0.36044919]
[ 0.4725496   0.99226402 -2.90371931  0.73430765]
[ 0.95420149  0.0976586   0.60631131  1.00940016]
[-1.11918522 -1.4716156  -0.06142322 -1.34171892]
[-0.89095079  2.86360064  1.44703976 -3.85517514]
[-1.12158201  0.45618432 -1.62516622  1.04902937]
[ 0.80602124 -1.05185588  1.50131846 -0.76950496]
[ 1.02793836 -0.12058598 -0.2191469   0.42282424]
[-1.00905513 -1.71921368  1.0620671  -2.59017504]
[-1.12836821  0.81118597 -0.27223427  0.6295417 ]
[ 1.00955424  1.87487461 -0.14645579  0.14383123]
[ 1.01965725 -0.47596797  0.10696941 -0.36192196]
[ 0.9144912   1.40136088  1.352196    0.32348871]
[ 0.99164744 -0.22904789 -0.88267591 -0.56890231]
[-0.98924894  1.12272004  1.11126322 -0.08143508]
[ 1.02241642  0.47349849 -0.7306835   0.82527062]
[-1.12842027 -1.00940155 -0.64611234  0.45326335]
[-1.14033992  1.47105415 -0.03814955 -0.31117283]
[-0.81383355 -0.3859752   0.99641961  1.29650842]
[ 0.98230056  1.07914494  0.66338124  0.78362297]
[ 0.91464122 -0.37921282 -0.78292355 -2.78528303]
[ 0.72488056 -1.27392551  2.01980182 -1.76860506]
[-0.65706178 -1.56377293  1.46588108  0.06206585]
[ 1.00925446 -0.3782787  -0.54671918 -0.98511473]
[-0.89760289  2.01298132  2.34267323 -2.25145877]
[-1.03793993 -0.51785489  0.02863087  1.25997078]
[ 0.81539369 -0.06188081 -1.83828655 -0.83848587]
[-0.52927622 -0.90362774  1.53149593  1.26333112]
[-1.09902779 -1.27816462 -0.20494659 -0.03482713]
[-1.13177798  2.18557054 -0.46178111 -1.38325923]
[ 0.83734301 -0.2295639  -1.49510916 -1.83942924]
[ 0.57393013  2.04881828  2.93302731 -1.47855487]
[-1.11921125 -1.5333609   0.1541532  -2.16383742]
[-0.84068706  1.51601799  2.02535237 -1.00983436]
[-1.03650477  0.85922081 -2.18952995  0.88224289]
[-1.13007752 -0.50756131 -0.79350279  1.09009049]
[-1.14415991 -1.22208499 -0.973677   -1.43285379]
[-1.04143333 -0.91051077  0.00402074  0.97395916]
[-0.18203638 -0.21760736  1.86881935  1.24775766]
[-1.06870417  1.31458371  0.7517868  -0.29822834]
[-0.81189051 -1.15159652  0.93037777  0.90739459]
[ 0.28279252 -1.45859235  2.17329506 -0.59285213]
[ 0.73533684  1.92888633 -2.03869432  0.36632712]
[ 0.76044739 -0.21466787  1.32594852  1.09556485]
[-1.07335169  2.16116569  1.55254799 -2.29603885]
[-1.13239817 -0.15031838 -1.61390854  1.084595  ]
[-1.06633594 -1.51221552  0.25655124 -0.80166948]
[-1.10775288  1.40200658 -1.31024543  0.18761687]
[ 0.99634851 -0.64000629  0.48998204 -0.57493009]
[-1.1427071   1.41336666 -0.67239187 -0.02244094]
[-1.14791528  2.11984411  0.33841301 -1.63756792]
[ 0.90778755  0.06838984 -1.61602406 -0.11326804]
[ 0.86456348  0.45476266  1.1286274   1.09999298]
[-1.09183757  0.346316   -0.09484566  1.03101871]
[-0.9464475  -1.75971825  1.84552991 -4.09061876]
[-1.14065588  0.26537715 -0.89269726  1.11769552]
[ 1.02931789  1.12562262 -0.16451422  0.82848677]
[ 0.89430812 -0.73792137  1.02270907 -0.03288827]
[-1.14367511 -1.04936041 -1.11281349 -0.16947381]
[-0.96671784 -1.47442697  0.59488035 -0.09124543]
[ 1.02144579  0.09821892 -0.05572195  0.81030681]
[ 0.97614517  1.7773872   1.14897705 -0.08678455]
[ 1.02510338 -0.04948781 -0.61600259  0.28369072]
[ 0.55574765 -1.07307642  1.82520726  0.26049218]
[ 0.98341072 -0.42491358 -0.59773199 -1.85165888]
[ 0.86366081  0.99025471  1.3807733   0.72916878]
[-1.09943241  0.98722848  0.2168439   0.31898932]
[ 0.94083617  2.22412584  1.68147266 -1.02262361]
[-0.84100184  1.00548649  1.6323559  -0.00343796]
[ 1.01813124 -0.645309    0.24269886 -2.15544951]
[-1.14711393  2.06651108 -0.14989566 -1.30443875]
[ 0.83262557  0.52733467 -2.08934281  0.55287006]
[-1.10818319  1.94974045  0.95673375 -1.55768433]
[-1.13838316  1.80731867  0.36435257 -1.03519366]
[-0.98467209  0.0980524   0.5132668   1.13981713]
[ 0.76554129  0.29326973 -2.27250295  0.12265037]
[-0.02204726 -1.23546758  2.0314512   0.69057292]
[ 0.99586101 -0.30698043  0.31660914  0.43939431]
[ 0.98905467 -0.08969574 -1.03299565 -0.14489804]
[-1.04494249 -0.31302544 -2.28196227  0.65430297]

Populations

0.0138855175423
0.0212756266526
0.0176734511701
0.0106584540144
0.0163795746339
0.0127424941675
0.0113155104789
0.0197406749939
0.00991345293822
0.0119632767093
0.0146448954769
0.00604783153817
0.0113422036392
0.00465642367938
0.00747968893605
0.0110258041643
0.0140027915705
0.00612046067202
0.0126402204553
0.0022284435669
0.0139764966377
0.000839311474576
0.0180242643592
0.0107288564251
0.00167305199377
0.00714662159296
0.00300873607724
0.0175567213351
0.00969014054923
0.0139432386628
0.0040987463347
0.0154798293116
0.00482408190574
0.0153723681668
0.00811732181298
0.0165591034538
0.0224860345881
0.0187900873253
0.00671161834081
0.00854546489163
0.00926155791087
0.000697071656234
0.00588035568243
0.0155035616998
0.00162577256734
0.012540667787
0.00740624897439
0.00306685203916
0.0194112006564
0.00513370907568
0.00618571803222
0.00156824179733
0.00799773874268
0.00452296843106
0.00278895201092
0.0229145185638
0.00443547644077
0.0164769141886
0.00431300848275
0.012202055951
0.0109465050252
0.0041485021436
0.00207224689987
0.015016284987
0.00521301440489
0.0117038614772
0.0160573060932
0.00816844426053
0.00853451680668
0.013873156536
0.00616632561505
0.00905775865719
0.0081291169788
0.0151203513311
0.00151361831837
0.015480419006
0.00700135791586
0.00877502373698
0.0157131495833
0.0154201051083
0.0172888026376
0.00454113335736
0.0178505955755
0.00764484162157
0.01053125727
0.00476710001518
0.0201784725233
0.00349620781645
0.00580449898859
0.00463717045088
0.00452362664833
0.0032445898484
0.00978614347776
0.015317849276
0.00929538554877
0.00276772975215
0.00571937981726
0.0176081012452
0.0147208325458
0.00492373376933

State labels

0
1
2
3
4
5
6
7
8
9
10
11
12
13
14
15
16
17
18
19
20
21
22
23
24
25
26
27
28
29
30
31
32
33
34
35
36
37
38
39
40
41
42
43
44
45
46
47
48
49
50
51
52
53
54
55
56
57
58
59
60
61
62
63
64
65
66
67
68
69
70
71
72
73
74
75
76
77
78
79
80
81
82
83
84
85
86
87
88
89
90
91
92
93
94
95
96
97
98
99
