Cluster centers 

[ 0.99122028 -0.10936093 -0.09793847  0.58621936]
[-1.15298128  0.76590707 -0.29593737  0.65112282]
[-1.09376708 -1.5357802   0.30717236 -0.72111234]
[-1.14747268  1.59935602  0.74901869 -0.59407938]
[ 0.96747713 -0.07921334 -0.85881999 -0.44735365]
[-1.15738121 -1.01504784 -0.73601385  0.2121265 ]
[ 0.94765017 -0.38701013 -0.21428326 -2.13871211]
[-1.15760561 -0.16581507 -0.93966784  1.04532504]
[ 0.70264857  0.90752184  1.8212152   0.95045416]
[ 0.878345   -0.70311828  0.83542518  0.43128249]
[ 0.8398316   2.61201178 -0.7930696  -0.70608651]
[ 0.86627768  1.09041063 -1.74369343  0.46260142]
[ 0.86909448  1.8673782   2.07947438 -0.25861974]
[ 0.99019195 -0.33234098 -0.33982909 -0.84349161]
[ 0.36242058 -1.11964119  1.6448879   1.12465612]
[-0.86074097 -1.1395434   0.56955892  1.14562322]
[ 0.97295733  0.56598371 -1.11554206  0.56152264]
[-1.07831471  0.70322113 -2.22094268  0.54776929]
[-1.17509873 -1.26620206 -0.49805163 -1.23972652]
[-1.16657729  1.95050539 -0.28830142 -0.88081664]
[-1.07168859 -0.98932056 -0.21600115  0.83122894]
[-1.17534317  1.57534684  0.05560523 -0.40044241]
[ 0.95823911  0.0024783   0.21005458  0.97775205]
[-1.12360326  1.91247763  1.58180246 -1.3931949 ]
[ 0.98297878  0.78782744  0.12806262  0.99236457]
[-1.17423105 -0.44979572 -1.33618172  0.70951989]
[ 0.92370976  0.36783738  0.50747147  1.19569935]
[-1.05984096 -1.8069089   1.85844368 -3.25595016]
[-0.90226087 -0.02926086  0.65233734  1.35689701]
[ 0.95338437 -0.66497989  0.59165801 -0.14000504]
[-1.16686672  1.06310994 -1.13806034  0.39018378]
[-1.17626427 -0.60342808 -1.36304966  0.48893238]
[ 0.94872279 -0.26894216 -0.59977159 -1.3686421 ]
[ 0.47353366 -0.47338288  1.49679496  1.60108895]
[ 0.63159973 -1.5709941   2.633629   -1.73432503]
[-1.15947699  2.25331281 -0.02567949 -1.45124211]
[-0.87983706 -1.55604847  0.78409416  0.26748031]
[ 1.00256397  0.20024669 -0.59824539  0.57799777]
[  8.55277290e-01  -3.39610813e-01   7.29865810e-04  -3.53733683e+00]
[ 0.83259352  0.69721598  1.12392641  1.16618715]
[-1.06824544  0.66827249  0.40687637  0.73305345]
[ 0.99081335 -0.64193829  0.43469234 -0.89755056]
[ 1.00174605 -0.36971669 -0.11698352 -0.34943785]
[ 0.79776388  0.11926732 -1.68329732 -0.98825915]
[ 0.40238169  1.30382524  2.8531005   0.15619104]
[-1.09377789 -1.69124248  0.92662033 -2.04599914]
[-1.17120605  0.43231418 -1.37467745  0.79459402]
[-1.1756844   1.27214914 -0.30160209  0.07778534]
[-1.17715003  2.25608582  0.40134228 -1.61258506]
[-1.12598294  0.35082715 -0.32596223  1.00124292]
[-0.82899245 -1.95913908  1.95451065 -1.77842444]
[-1.16626832 -1.28014855 -0.43713824 -0.77263722]
[-0.47493357 -0.19993264  1.5184642   1.58887245]
[-0.93762057 -0.54226578  0.30885705  1.42603142]
[ 0.70516374  2.30855884 -1.74224238 -0.25758854]
[-1.15369882 -0.4144735  -1.82225218  0.23721879]
[-1.12658425 -1.32152543 -0.19943932 -0.249246  ]
[-1.03278049  1.31126399  1.42188062 -0.26193232]
[ 0.86508503  1.24856025  1.4426405   0.67062591]
[ 0.99947853 -0.22505144 -0.14411216  0.25404778]
[ 0.80742578  0.5030503  -1.9893144  -0.07812766]
[-1.16918191 -1.06007266 -0.90758561 -0.39989306]
[-1.06232222 -1.29509673  0.01922516  0.31312545]
[ 0.1287741  -1.52800671  1.91528214  0.53075339]
[ 0.34085634  0.3807008  -2.84413005 -1.09464698]
[-0.48227    -1.10207226  1.26124288  1.43234061]
[ 0.66257579 -0.08734185  1.29227077  1.5074208 ]
[ 0.99405063 -0.57023002  0.28567942 -1.77790345]
[-0.9142372   1.56349136  2.35510137 -0.89560379]
[ 0.99987374  0.76875111 -0.65095883  0.8164542 ]
[ 0.98670882  0.19068722 -0.06655602  0.93134352]
[ 0.99015104  2.07303688  0.09433202 -0.08772895]
[ 0.57411076 -0.75980182  1.37745973  1.28560557]
[ 0.96890664 -0.36899323  0.25256876  0.43236159]
[ 0.97788502  0.12586043 -0.96263412  0.10301271]
[ 0.88935534 -0.08486334 -1.11896457 -1.199433  ]
[ 0.86088061 -0.14121832  0.69394812  1.21192474]
[-1.1366859  -0.64636317 -0.73809327  0.92509063]
[-1.17873585  2.71793338  1.18930628 -2.85576302]
[ 0.99892047  1.41865138  0.03899708  0.59583474]
[-0.9253035   0.95196412  1.46639451  0.30477059]
[-1.14991027  1.1097879   0.10082187  0.23160238]
[-1.1076925  -0.19746821 -0.43364119  1.20084806]
[ 1.0014765  -0.09529774 -0.48589443  0.12143857]
[-0.97671737 -1.59522037  0.65790927 -0.15234782]
[-1.171134   -0.80429096 -1.13808648  0.28255043]
[ 0.83787135 -0.16623353 -0.96236806 -2.06676499]
[ 0.51446844  0.39393172  1.84628561  1.38353514]
[-1.11238952  1.15594862  0.60618848  0.10314522]
[ 0.85274281 -0.5375468   0.78783802  0.84395806]
[ 0.74713317 -1.20054407  1.62826816 -0.34375249]
[ 0.61502388 -1.1317751   1.56205173  0.5618209 ]
[-1.17233156  1.47827293 -0.62122773 -0.13484538]
[-0.9413727  -1.78609662  1.15392939 -0.90396351]
[-1.17438567  0.92261631 -0.65020365  0.50209886]
[-1.1796074   2.00490176  0.58673829 -1.23641658]
[ 0.92206905  1.43201602 -1.28637345  0.48590139]
[ 0.90557045  0.17642107 -1.42543153 -0.32354697]
[-1.14977764 -1.50738028  0.20605249 -1.49577016]
[ 0.96396749  1.69855869  1.11148136  0.22110745]

Populations

0.0121457418446
0.0102214790989
0.011654937149
0.0149227872302
0.0202167102955
0.0157919861774
0.0123262105672
0.0112898770796
0.00485737569433
0.00925051955035
0.00131941361103
0.0053931475012
0.00573935174984
0.0193816353928
0.00703524143246
0.00916976965864
0.0117245881873
0.00620657594734
0.00681587864177
0.0116001624919
0.0186852685161
0.0141820116847
0.010813834114
0.0149608580918
0.0101233025261
0.0131390970843
0.010294358196
0.00362072823101
0.00730392027048
0.0137261131706
0.00926015284305
0.00788864950725
0.0129718100542
0.00521113283333
0.000304861470643
0.00329331668851
0.00856023877574
0.0195318449322
0.00611435335822
0.00729206935785
0.0140112485268
0.015069813983
0.0229610251311
0.00701427008424
0.00416681490677
0.0103875114386
0.0159566040901
0.00940715719142
0.00615242759907
0.0149223244694
0.00376906620906
0.0112458460381
0.00334524596026
0.00765811383417
0.0012305909662
0.0121269073047
0.0153062894548
0.0119681848857
0.00562693759088
0.0153740867222
0.00642225507554
0.0165225784013
0.0164257894399
0.00734480983535
0.000962242951137
0.00598832098896
0.00686996186791
0.0112473434092
0.00557581708133
0.0120415035699
0.0148202213021
0.00345222708411
0.00622446123435
0.0149275622654
0.0138821145313
0.011912074656
0.010079241413
0.0151751316351
0.0060498089924
0.00670017899633
0.0109370970007
0.00995363373167
0.0152999871747
0.0182973989915
0.00968967055332
0.0115850681661
0.00736973653429
0.0040096464683
0.0121663145138
0.010880225296
0.00596829689794
0.00717680642317
0.0118781942402
0.0125303370338
0.00926730840555
0.00874204543496
0.00386627226644
0.0117333754784
0.00889249446395
0.00509066880034

State labels

0
1
2
3
4
5
6
7
8
9
10
11
12
13
14
15
16
17
18
19
20
21
22
23
24
25
26
27
28
29
30
31
32
33
34
35
36
37
38
39
40
41
42
43
44
45
46
47
48
49
50
51
52
53
54
55
56
57
58
59
60
61
62
63
64
65
66
67
68
69
70
71
72
73
74
75
76
77
78
79
80
81
82
83
84
85
86
87
88
89
90
91
92
93
94
95
96
97
98
99
