Cluster centers 

[ 0.77045081  0.04969159 -0.92706323 -0.28657261]
[-1.37845277  1.00072974  0.76226246  0.1317896 ]
[ 0.70847884 -0.61831991  0.69525273  0.69788239]
[-1.32362671 -1.73989398  0.1635026  -0.89784145]
[-1.44202404  1.65158646  1.0370425  -0.87842669]
[-1.44971135  0.89982567 -0.25279723  0.61967588]
[ 0.78348027  1.1347138  -0.7332046   0.89022618]
[ 0.77517215  0.64903441  0.61866694  1.01888934]
[ 0.79424143 -0.48628276 -0.04797056 -2.08747396]
[-1.31042575 -1.25895187 -0.21210901  0.68647469]
[ 0.47072377  0.02260108  1.63426406  1.16878629]
[-1.24095562 -2.00735777  0.77880099 -1.63263617]
[ 0.61767299  0.29280398 -1.60185633 -0.74454344]
[ 0.36892791  0.85602711  2.65295716  0.14893001]
[-1.45298346 -0.02048189 -1.50778163  1.04777941]
[ 0.81922177  0.0527517  -0.24623138  0.65389602]
[ 0.74864139  1.88430793 -0.51762942  0.49396291]
[-1.37333527  2.49014023 -0.64937991 -0.96417001]
[ 0.7196658   0.66425802 -1.4001187   0.51985961]
[ 0.74622396 -0.19352182 -0.67281333 -1.63012003]
[ 0.8167948  -0.43266931 -0.14975871 -0.67059546]
[ 0.2808433  -1.32123804  1.49417224  0.84164241]
[ 0.80279629  1.28078451  0.64313911  0.65521101]
[-0.50519671 -2.14578716  1.68589272 -0.10959312]
[-1.4456524   2.15936801  1.97560007 -2.35545506]
[ 0.64312591 -0.11240218 -0.76493644 -2.64719888]
[-1.45365228 -1.02946516 -1.19703524 -0.55586297]
[ 0.72285928  2.90644973  0.58061906 -1.14836318]
[ 0.7563422  -0.77534736  0.56334346  0.0245321 ]
[-1.46693331  1.6084487   0.14630652 -0.31828376]
[-1.35875662  1.01457146 -2.21721104  0.91491897]
[ 0.77408062 -0.19802966  0.34606973  0.87405256]
[ 0.61286913 -1.27046487  1.19390232 -0.28253028]
[-1.38964223 -1.26503356 -0.53809778  0.21237052]
[ 0.65402439  1.1755582   1.9462947   0.23846248]
[ 0.61651802 -0.87976905  1.00149793  0.68861673]
[-1.34123261  1.3198415   1.52617609 -0.66334795]
[-1.40891212 -0.39681344 -0.70926073  1.17779485]
[ 0.69679024  1.35263729 -1.32078732  0.79478562]
[ 0.81006139  0.20100236 -0.6572995   0.49135762]
[ 0.45544097 -1.88027519  2.23317322 -2.26217933]
[-1.45174303 -0.57684763 -1.35184481  0.73708157]
[-1.30571689  0.45865768  0.66258192  0.74566832]
[-1.43182037 -1.36898842 -0.59572884 -0.78987344]
[-1.46868272  1.35795446 -0.42773225  0.23558602]
[-0.41789356 -0.36900414  2.04683572  1.23333579]
[-0.48340414 -1.46505879  1.43947634  1.17250511]
[ 0.81985423 -0.29909402 -0.23591796 -0.12695749]
[-1.44237102  1.59877471 -0.98713161  0.23412948]
[-1.43642086 -0.75090888 -1.05428955  0.76341772]
[ 0.47217539  2.6161218  -1.3706959   0.07018744]
[-1.31391771 -0.4863546  -0.11191916  1.30888719]
[-1.49105926  2.62633674  1.40321917 -2.73793567]
[-1.47476104  2.31253338  0.66017474 -1.62571581]
[ 0.75600684 -0.03862377 -0.90300386 -0.76599991]
[-1.40215958 -1.67897557  0.05051155 -1.79588228]
[ 0.80450405 -0.65792978  0.27071649 -0.44462634]
[ 0.81590456 -0.62760022  0.15515963 -1.15241558]
[ 0.79982085  0.29232108  0.17473945  1.0286552 ]
[-1.2885439  -2.0128342   1.15346716 -3.19594011]
[ -1.23340770e+00   8.49335965e-01   1.51965293e+00   8.00085935e-04]
[-1.3455361  -1.55939624 -0.13690121 -0.28344243]
[ 0.40493316  1.46902787 -2.18323761  0.67901907]
[ 0.79038158 -0.38967947  0.23647523  0.50826729]
[-1.46247196  0.86740514 -0.91875003  0.83330217]
[-1.03000985 -1.98242936  0.91802395 -0.28470631]
[ 0.57264242  0.12223272 -1.38846842 -1.77737723]
[ 0.67325748  0.48067142 -1.57373165  0.02843767]
[-1.20472545  1.38950143  2.4682525  -1.30621064]
[ 0.78041998  1.61889181  1.26251984  0.12626983]
[ 0.77790719 -0.95012907  0.71155035 -1.08358233]
[ 0.647081    1.68311465  2.58259742 -0.69491144]
[ 0.79445604  2.12744737  0.71346231 -0.17242578]
[-1.43217329 -0.50728921 -1.85648837  0.12785369]
[ 0.65293307 -0.24985943 -0.19355926 -3.67724282]
[-1.4465408   0.23515596 -0.86348732  1.15874978]
[ 0.31903914  3.55009309 -0.52218889 -1.5905905 ]
[ 0.28741617 -0.60088636  1.54660029  1.30848041]
[ 0.6033263   0.61950504 -1.85432275  0.01459182]
[ 0.81026542 -0.04081079 -0.57788354  0.08720865]
[-1.38945529 -0.96810702 -0.65152275  0.80323666]
[-1.4727071   1.86960266  0.35040196 -0.77446856]
[ 0.16980775 -1.68052402  1.64996396  0.30675472]
[ 0.81659554  0.79002031 -0.13139627  0.96373322]
[ 0.79793458 -0.37715149 -0.30655132 -1.37807451]
[ 0.73327909  0.76924937  1.07303737  0.88973459]
[ 0.81303713  0.47404038 -0.56418353  0.8247517 ]
[-1.4357884   1.78549319  1.3413373  -1.26867455]
[ 0.76919106  0.29049672 -1.06072979  0.22065308]
[ 0.79782875  1.46261066 -0.26014454  0.73006365]
[ 0.70589569  0.01200346 -1.08210475 -1.17074109]
[ 0.70622132 -0.02520686  0.79153875  1.13168933]
[ 0.78359592  1.9003228   1.54766973 -0.3336226 ]
[-1.03667025 -0.87693139  0.7923891   1.26504882]
[-1.40809078  0.31567377 -0.25505692  1.06668373]
[-1.45871231  2.07325554  1.58463266 -1.91047292]
[-1.43827803 -1.02260498 -0.98575863  0.22326209]
[ 0.80591325 -0.19394273 -0.52542608 -0.44453642]
[ 0.77114099  0.79169314 -1.03145805  0.77964175]
[ 0.81576116 -0.31376047 -0.06240188  0.20296703]

Populations

0.018023179309
0.0109460215765
0.0168145661741
0.0104152586851
0.009500083911
0.0129168817773
0.00565294917943
0.0095498371295
0.0138880466523
0.0172558907014
0.00949573649758
0.0101618905106
0.0112970895814
0.00763632958491
0.0157573813522
0.0251311693964
0.00219909753623
0.00418621001858
0.00855720685667
0.0123264027485
0.0186089925664
0.00819001151681
0.00730157634458
0.00373585101745
0.00414375404621
0.00911726785634
0.0109599940619
0.00316243381734
0.0151280028548
0.0166817127175
0.00372263117918
0.0145487914934
0.0110774718471
0.00900227269991
0.00757353988519
0.0145240230573
0.0105221986234
0.0119583739321
0.00599360990925
0.0141479065537
0.000314143112408
0.0101718070824
0.012844278447
0.0127161858025
0.0116329624984
0.00353529560369
0.00930628585874
0.0157893604975
0.0030367916682
0.00824255299994
0.00221969527931
0.0128299085865
0.00337862380336
0.00983803114083
0.0135573863843
0.00793236375209
0.0157749391905
0.0113363161508
0.0215512313745
0.00521489445781
0.00935271675761
0.0126877478275
0.0019292761923
0.0186766771426
0.00938447999581
0.00782948719159
0.00665273419271
0.00628852181734
0.00343373922166
0.00442460199248
0.00726686250386
0.00665673222818
0.00405669467648
0.00903267855334
0.00441688447147
0.00976512304379
0.000948815062849
0.0108094792993
0.00663423618544
0.0214531003812
0.00938915274815
0.008992197009
0.0077119682102
0.0129082852733
0.0129077097636
0.0073843829095
0.0170217394792
0.00683820656558
0.0189113915439
0.00256890948003
0.0138562024272
0.0158006118562
0.00252813889107
0.00935324291163
0.010868700625
0.00371788824998
0.0093288375624
0.0205318744579
0.0075501400229
0.0170951324263

State labels

0
1
2
3
4
5
6
7
8
9
10
11
12
13
14
15
16
17
18
19
20
21
22
23
24
25
26
27
28
29
30
31
32
33
34
35
36
37
38
39
40
41
42
43
44
45
46
47
48
49
50
51
52
53
54
55
56
57
58
59
60
61
62
63
64
65
66
67
68
69
70
71
72
73
74
75
76
77
78
79
80
81
82
83
84
85
86
87
88
89
90
91
92
93
94
95
96
97
98
99
