Cluster centers 

[-1.00588658 -1.06923883  0.13042736  0.96121271]
[ 0.99414868 -0.10157637 -0.34715864  0.31268048]
[-1.11186054  1.50776828  1.13482303 -0.50280199]
[-1.18410311 -0.23468739 -1.3881589   0.83626317]
[-1.09964055 -1.65467401  0.76979507 -1.69865405]
[ 0.76131544 -0.10834047  1.02483634  1.36978516]
[ 0.98496299 -0.59452982  0.47257544 -2.04135757]
[ 0.35357004  1.28527933  2.90628136  0.11801733]
[-1.18578738  1.2180742  -0.41526965  0.17915283]
[ 0.89274611  1.76636464 -1.14943604  0.29968603]
[-1.08134114 -1.61381265  0.55782748 -0.98380633]
[-1.17359787  2.38796879  0.30141374 -1.72812643]
[ 0.26024129 -1.40796248  1.81160101  0.58320888]
[ 0.97148606  0.81211645 -1.02271465  0.69911697]
[-1.18294218 -1.03187844 -1.01948275 -0.59920753]
[ 0.84849187  0.09624434 -1.48435721 -0.77613926]
[-1.09499286  0.69139894  0.35373793  0.6990078 ]
[-1.14677608 -0.28433539 -2.01178484  0.27880892]
[ 0.96242045  0.94074935  0.377481    0.97003112]
[ 0.83140331 -0.83585131  1.03092794  0.32027136]
[-1.0501131  -1.36691049  0.16928593  0.24904407]
[ 0.90133273 -0.32376977 -0.25260433 -2.59250297]
[ 0.98793053 -0.49687962  0.14821529 -0.47950316]
[ 0.90162218  1.55428433  1.41634717  0.33723714]
[-1.16707569 -0.69321669 -0.89599218  0.74443852]
[ 0.80452625  3.24895744  0.1873671  -1.9219417 ]
[ 0.97530891  2.169286    0.06257961 -0.18367033]
[ 0.98312271  0.22660776 -0.84749494  0.42748145]
[-1.12933256  1.86310871  1.49489151 -1.21094848]
[ 0.98167654 -0.0013296  -0.09833257  0.74945428]
[ 0.61879713  0.37537766  1.58876805  1.3567016 ]
[ 0.88367225  0.32483049 -1.57366306 -0.06570492]
[-0.94926677 -1.62466194  0.77692843 -0.14443984]
[ 0.02499879 -1.14643857  1.64890734  1.35617827]
[ 0.83173181 -1.17868142  1.84242734 -1.77222275]
[-1.1271574   1.18530412  0.5905199   0.07580469]
[-1.16992158  2.03135574 -0.23291613 -0.95987013]
[-1.16189157 -1.22892682 -0.44637295 -0.26507911]
[ 0.93905758 -0.65970028  0.60901027 -0.04475117]
[-1.18276016  0.85786949 -0.67718303  0.57773416]
[ 0.91287615  0.10197551  0.46668802  1.1506368 ]
[-1.08998882 -0.69410893 -0.32077769  1.10491029]
[ 0.58693115  0.44700085 -2.40801533 -0.5885027 ]
[ 0.99131262 -0.5114213   0.12755243 -0.97598265]
[ 0.9500631  -0.07220157 -0.91005877 -0.53491782]
[-1.09275808 -1.70425875  1.15678371 -2.39202001]
[ 0.90473043 -0.14757368 -0.91653007 -1.30138901]
[-1.18925309  2.63097883  1.32438157 -2.63464151]
[-0.72324297 -1.52788535  1.0899371   0.67543429]
[-1.17995153 -1.31751321 -0.31679362 -1.23814837]
[ 0.7363606   1.23017825 -2.13784425  0.34813832]
[ 0.82876772 -0.25133474 -0.12948139 -3.6045811 ]
[ 0.98590548 -0.35308337  0.0238639   0.09807122]
[ 0.50198142 -1.04358821  1.54437833  0.99994938]
[ 0.9696152   1.5582138   0.73359277  0.44132413]
[ 0.85954264  2.12002404  2.19859294 -0.66200864]
[-0.60301129 -0.27224855  1.32367283  1.56131785]
[-0.94923806 -0.16159201  0.47225375  1.35914166]
[-1.14033661  0.3586686  -0.33909239  0.9877022 ]
[-1.18192228 -0.93875786 -1.06115437 -0.04273827]
[-1.18085413  1.40650838  0.06605467 -0.13646595]
[ 0.99428415  0.89227456 -0.41243526  0.87761251]
[ 0.6768951   0.94622301  1.84519008  0.88530786]
[ 0.97053681  0.39790798  0.05718918  1.05834761]
[-0.90752306  1.53266861  2.36389676 -0.81358837]
[-1.12185543 -1.09454667 -0.37152513  0.47625024]
[ 0.73454836  2.68729974 -1.07104705 -0.74592574]
[-1.18579831 -0.65502082 -1.35308136  0.40591448]
[-1.12089219  2.19954389  2.14184025 -2.09263514]
[-1.18240704  1.6693743   0.34470683 -0.57234095]
[ 0.97895606 -0.30997214 -0.38598653 -0.87251794]
[-0.75813588 -1.07666221  0.81045147  1.31453267]
[-1.18686259  1.98993658  0.68337162 -1.18392539]
[-1.12619522 -0.17901708 -0.48936437  1.18350335]
[ 0.7946682  -0.10299098 -1.11058875 -2.0770826 ]
[-1.18333291  0.47567491 -1.19105204  0.82793918]
[-1.13006594  0.63123156 -2.01223947  0.61757465]
[-1.11534595 -1.45563654  0.11299195 -0.53331574]
[ 0.59142937 -0.44188422  1.3377161   1.45532117]
[-0.97376256  0.56815932  0.91070983  0.81838123]
[  9.75063637e-01   1.21673611e-04  -8.17427751e-01  -3.87789914e-02]
[ 0.95192486 -0.34953666 -0.31286127 -1.7150806 ]
[ 0.95195562 -0.3463444   0.28304534  0.55347467]
[-1.0321575  -1.79985888  2.04263694 -3.36547087]
[ 0.99173432 -0.27502438 -0.32592613 -0.32337206]
[ 0.80813287 -1.08232911  1.41704144 -0.40120692]
[-1.18458491  1.62850775 -0.44503905 -0.33287851]
[-0.9581733   1.00837033  1.43060651  0.2217682 ]
[-0.78848297 -1.96222132  2.07851339 -1.79786833]
[ 0.83225162 -0.53782818  0.83146271  0.89786323]
[ 0.99103853  1.40253225  0.01725541  0.62894119]
[-1.15591634  0.91276599 -0.02510504  0.48420662]
[-0.91631248 -1.80618878  1.26893446 -0.91501619]
[ 0.91229441  0.87614139 -1.50661558  0.51440094]
[ 0.99530443  0.37181071 -0.52497181  0.78720068]
[ 0.40294266 -1.55050929  2.14083155 -0.27091783]
[ 0.97548219 -0.71262943  0.63110168 -1.05870914]
[-1.14042461  1.57483497 -1.15766404 -0.13407048]
[ 0.05050895 -0.07848345  1.89367285  1.54999772]
[ 0.88420137  0.78264132  0.90420888  1.09169893]

Populations

0.0124250098917
0.0219452860285
0.0152241095503
0.0181891430699
0.0122305594576
0.00878695460951
0.00597044425694
0.00440623505504
0.0115725038548
0.00268562557626
0.00916482914267
0.006333251837
0.0082848543423
0.00813732606263
0.0121223632022
0.0125734452841
0.0101840105471
0.00936351848343
0.00674492453075
0.00812569148925
0.015610500025
0.00890320533186
0.013111661078
0.00587214050218
0.0177679254529
0.000892657770494
0.00337085367127
0.0168705236137
0.0126745212471
0.0155655450588
0.00486630648631
0.0126915589968
0.0111684630974
0.00738705783732
0.00138436679762
0.0130124889631
0.00995907902343
0.0194164743011
0.012340341459
0.0142356758151
0.0153155669943
0.0136077349276
0.00290534744181
0.0107541273196
0.0165053102135
0.00608304703844
0.0148845246179
0.00456964018057
0.00616176462611
0.0127238397389
0.0029847996846
0.00426380310397
0.017165656749
0.00689674459428
0.0042701407789
0.00440400931287
0.00307839427953
0.010107766214
0.0150894633224
0.0145805178459
0.011238925915
0.0080598977659
0.00651733653915
0.0139582829297
0.0053184717719
0.0171261180544
0.00139039890192
0.0147409099978
0.00565091549273
0.0111891205924
0.0160006157019
0.0073904221861
0.0110314142974
0.016938312902
0.00656501819943
0.0144282415637
0.00906893254645
0.0143836104693
0.00831486166396
0.00816824039725
0.0159653811048
0.0148269573969
0.0164549548898
0.0023730838118
0.018541489293
0.00486416835648
0.0103629062864
0.011581467861
0.0027729076893
0.013777518358
0.00464444964634
0.0107323593165
0.00792160883017
0.00740861930186
0.0128233339004
0.00327523373163
0.00734682843073
0.00751519905665
0.00321885166655
0.00818900139878

State labels

0
1
2
3
4
5
6
7
8
9
10
11
12
13
14
15
16
17
18
19
20
21
22
23
24
25
26
27
28
29
30
31
32
33
34
35
36
37
38
39
40
41
42
43
44
45
46
47
48
49
50
51
52
53
54
55
56
57
58
59
60
61
62
63
64
65
66
67
68
69
70
71
72
73
74
75
76
77
78
79
80
81
82
83
84
85
86
87
88
89
90
91
92
93
94
95
96
97
98
99
