Cluster centers 

[ 1.00592523 -0.2383187   0.22028429  0.53677944]
[ 0.97203163 -0.25607741 -0.96153813 -1.02981632]
[-1.10499453  0.71538935 -0.11413283  0.69813126]
[-0.96863542 -1.55539684  0.70624996 -0.51263363]
[-1.13073593  2.06203201  0.68539615 -1.56899835]
[-1.13504864  0.11697984 -0.92935849  1.12309803]
[ 0.98347412  1.77873761  1.0831389  -0.01651457]
[ 0.68519635 -1.07989171  1.74738876 -0.14327797]
[ 1.01989579  0.61704473 -0.81770964  0.87354794]
[-1.13738717 -1.12985391 -0.77447177 -0.15699029]
[-1.04821935 -0.62671637 -0.10668707  1.17371987]
[ 1.02389767 -0.53663062 -0.01098758 -1.52111212]
[ 1.02809995  0.16627774 -0.69505471  0.60544149]
[ 1.02783706 -0.23569569 -0.52059868 -0.18511948]
[ 0.82126349 -0.13388169  1.13488743  1.14523947]
[ 1.0294587   1.78285734  0.32152319  0.18055744]
[ 0.18391574  1.4171258   3.09417777 -0.4401923 ]
[-1.14617534 -1.28004596 -0.66123952 -1.55864124]
[-1.00244285 -1.65567216  1.69736453 -3.95502577]
[-1.1369971   1.55845193 -0.00373944 -0.43174314]
[ 0.76221959  0.0311661  -2.08038901 -0.75829382]
[-1.03320366 -1.12763913  0.05319606  0.61492535]
[ 0.31528116  0.76997299  2.40677744  0.70137698]
[-1.11483554  0.19907442 -0.47630666  1.13006412]
[ 0.01067871 -1.15371775  1.92741014  0.89534436]
[ 0.94372272  0.91929555  0.87820121  0.89883834]
[ 0.89581544 -0.33367826 -0.51146015 -3.65886401]
[ 0.63384794  2.07692329  3.0459438  -1.3375036 ]
[-1.08474445  2.28697412  1.57522615 -2.416942  ]
[ 0.99957686 -0.45667365  0.37129305  0.12606733]
[-1.10705579 -1.34464843 -0.19287646 -0.48808632]
[-1.07311603  1.52324608  0.8532448  -0.61258354]
[-0.59972595  0.71571315  2.01333786  0.48928325]
[-1.13869278  0.92365824 -0.8824671   0.58322039]
[-1.12496133 -0.78112811 -1.54835943  0.19329306]
[-1.04659539  0.89337472  0.55085641  0.4003422 ]
[ 0.98974963  0.31343117  0.35069296  1.03909828]
[-1.12254693  1.10843022 -0.04601008  0.23049638]
[-0.96956698  0.21327945 -2.59127613  0.77592892]
[-1.12159211 -0.93044578 -0.70361703  0.57121505]
[ 0.95137207 -0.69326222  0.81602877 -0.20076118]
[-0.98577785 -1.40552256  0.46547034  0.05268009]
[ 1.02399461 -0.54862043  0.20197563 -0.70051796]
[-1.13984956  1.9176054  -0.07035732 -1.01226907]
[ 0.90177143 -0.92810026  1.23996877 -0.98774847]
[ 0.95695671  0.44368318 -1.48206941  0.59003415]
[-1.08184854  0.09461386 -0.20007151  1.16776234]
[ 1.02964309 -0.01253498 -0.17921929  0.62278014]
[ 0.89306713  2.67265696 -0.84725138 -0.86812104]
[ 0.56507838 -0.73751419  1.68061142  0.97399126]
[ 0.99024062 -0.3725963  -0.63213345 -1.49805024]
[-1.14044125 -1.2762139  -0.58943451 -0.90691681]
[-1.02786273  0.38274796  0.33889055  0.96199345]
[ 0.98540119  0.06596773 -1.16991585  0.15676547]
[ 0.8585357   1.26344524  1.55247159  0.48682784]
[-1.05494916  1.76880856  1.25820294 -1.1834284 ]
[-0.56606196 -1.00955256  1.43050568  1.20855668]
[ 0.70031483 -0.1773213  -1.74215169 -2.42231187]
[ 0.58905205  0.39288247 -2.7123225  -0.05825437]
[ 1.02183556  2.18025522 -0.0553328  -0.25031755]
[-1.1100699   0.58901076 -1.71728296  0.91601057]
[ 0.9928552  -0.47935288 -0.2005844  -2.53691006]
[-0.8729361  -1.70892454  1.27212752 -1.26289023]
[ 1.00185779 -0.16492471 -0.89343925 -0.35418563]
[ 0.26253083 -1.33831193  2.14107125  0.19050431]
[-1.13959621 -0.53965088 -1.24364742  0.88136468]
[-1.13792971 -1.05306139 -1.18070201 -0.45854165]
[-1.0926711  -1.2333157  -0.22675874  0.0841823 ]
[-1.11559051 -0.53598125 -0.67838756  1.07786094]
[-0.2403038   0.05760017  2.01687051  1.25606885]
[-0.8448949   1.52310832  2.09339993 -0.90660215]
[ 1.02301509 -0.37213336 -0.41586483 -0.78597913]
[ 0.76621641  1.72403443  2.13361878 -0.31953951]
[-0.78376215 -0.91876005  0.92912601  1.21938027]
[-0.87550263  0.0354049   0.87461825  1.21271563]
[ 0.96118894 -0.37495914 -0.6769694  -2.10387854]
[-0.83350712 -1.59124515  1.13615948 -0.24038395]
[ 0.87150445  1.1239032  -1.83096726  0.65464889]
[-0.52388572  0.98819281  2.39233421  0.06662402]
[ 0.62536769  0.10611153  1.67958741  1.23124991]
[-1.12005116 -1.48260905  0.12283401 -1.96912143]
[-0.96036567  0.96335974  1.09923798  0.22120118]
[-0.53384219 -1.73872956  1.93466876 -0.58457906]
[ 1.0323567  -0.20282991 -0.3186177   0.15228966]
[ 0.8773667  -0.65939912  1.04498006  0.36202336]
[ 0.84099407  0.24850393 -2.00607286  0.05005848]
[ 0.8638821  -0.14641964 -1.53427365 -1.20567531]
[-0.75058269 -1.44161624  1.17915048  0.42210531]
[ 1.02913077 -0.424171   -0.01660987 -0.32566931]
[ 1.03411752  0.94371035 -0.21280458  0.91755233]
[-1.08231512 -1.48985206  0.20424533 -0.9882471 ]
[ 0.91967886 -0.40271421  0.78926752  0.68032182]
[ 1.00228349  1.55267151 -0.73974796  0.56112873]
[-1.10241002  1.67375773 -1.13089714 -0.27478794]
[-0.93413271  1.80386616  2.0438741  -1.48374396]
[ 0.95967613 -0.12025119 -1.20823448 -0.52940113]
[-1.13080265 -0.13156566 -1.60959191  1.03214669]
[-1.05578237 -1.62014346  0.83848825 -2.51114653]
[-1.14592398  2.62043866  0.63592662 -2.75894662]
[-1.14138958  1.18434111 -0.45396972  0.21351403]

Populations

0.0155145263383
0.00902442345022
0.0146265132671
0.0115278011573
0.0138971263563
0.0146252369519
0.00449589105544
0.00655781876967
0.011829469625
0.0144518412842
0.0211170982084
0.0116416734682
0.0167152151508
0.0136682717104
0.012608489668
0.00379724155659
0.00132492169286
0.00464097735954
0.00218674440477
0.0222969367535
0.00393736164394
0.0195147432953
0.0036963924564
0.00939721672329
0.00592561951275
0.0119618521345
0.00334759223102
0.00153892557027
0.00632805365261
0.0120151577817
0.0144287517014
0.0210067515176
0.00235113710576
0.0162640434613
0.0118252989185
0.0142292821291
0.0230780203083
0.0130800629266
0.00289872409844
0.021701684611
0.00786782040678
0.0146274761615
0.0120227439974
0.0176100859726
0.00379755808615
0.00835398893091
0.0127168792323
0.0195887145779
0.002792633276
0.0110592069266
0.00919333313575
0.0107004393451
0.0106722135111
0.014340162013
0.00756485487377
0.0105530213772
0.00378034272117
0.00340529709191
0.00158038058696
0.00233973577219
0.00816898670566
0.00606920940093
0.0106522931188
0.0109412905873
0.00628584432297
0.0181171691365
0.00665893130966
0.0158742104963
0.0176749293703
0.00250984683361
0.00390000194256
0.0166395519772
0.00472161733938
0.00906676266479
0.00944641173555
0.00858550996474
0.00530282532594
0.00484135774675
0.00131088733677
0.00867903457402
0.00921823240142
0.0146621891278
0.00338215432471
0.0184364557949
0.00762080472864
0.00552959942741
0.00775456566522
0.00604299871746
0.0137060854517
0.0113736405715
0.0137807379309
0.0126821789288
0.00278201568613
0.0133471907236
0.00283090939599
0.0110372252908
0.0113129422751
0.00973624882913
0.00498241134781
0.0146929634868

State labels

0
1
2
3
4
5
6
7
8
9
10
11
12
13
14
15
16
17
18
19
20
21
22
23
24
25
26
27
28
29
30
31
32
33
34
35
36
37
38
39
40
41
42
43
44
45
46
47
48
49
50
51
52
53
54
55
56
57
58
59
60
61
62
63
64
65
66
67
68
69
70
71
72
73
74
75
76
77
78
79
80
81
82
83
84
85
86
87
88
89
90
91
92
93
94
95
96
97
98
99
