Cluster centers 

[-1.0905307  -1.21635191 -0.37453774 -0.09554891]
[ 1.02221629  0.17171756 -1.11993524  0.31510056]
[ 0.60073819 -0.84883358  1.61980177  0.89389355]
[-1.11345125  1.74112281  0.1506507  -0.77692649]
[ 1.00012689 -0.3694953  -0.59093889 -1.70423036]
[ 1.02906238 -0.56104407  0.3461531  -0.38863397]
[-1.11561064 -0.85255795 -1.07954915  0.38712749]
[-1.04779843  0.3306397  -0.03013239  1.03261803]
[ 1.03362251 -0.20259461  0.08418116  0.53868472]
[-0.9470861  -1.72535879  2.30346124 -4.2727373 ]
[ 0.83418159  1.06556662  1.61610289  0.73814109]
[  9.41856982e-01   2.04183787e+00  -1.15229203e+00  -1.45236463e-04]
[-1.10471552 -1.37116715 -0.22036189 -1.18817215]
[-0.69578248 -1.3629538   1.17881543  0.70510949]
[-1.0927202  -1.56932913  0.80069683 -2.97330473]
[ 1.04900718 -0.2940352  -0.35377449 -0.25286831]
[-1.1124928   0.90564208 -0.91176164  0.56604153]
[-1.10843027  2.29992582  1.11952545 -2.21654544]
[ 0.93874239 -0.89647221  1.1422603  -0.79183621]
[ 1.02968337  0.43100339  0.1296989   1.04160143]
[-1.07103045  0.64295805 -1.82552444  0.80159317]
[-0.82632788  1.47718691  2.1588477  -0.78236601]
[-1.10479809  1.99391967 -0.38517367 -1.04323472]
[ 0.88807583 -0.13097236 -1.46404271 -1.26301093]
[-0.90649209 -1.66466917  1.0428733  -0.90012529]
[-0.98699212  1.19159026  1.07993271 -0.09194715]
[-1.0892037   1.97629842  1.05833399 -1.50406997]
[ 0.90488958 -0.33431085 -0.34527601 -3.76736403]
[ 0.93050587 -0.69629719  0.92609771  0.1626108 ]
[-0.54997106 -1.80963727  2.04380581 -0.88446828]
[ 0.94051376  0.22517551  0.72840253  1.17323407]
[ 1.01556607  1.16445969  0.5838473   0.77688281]
[-1.04785687 -0.5770792  -0.3254834   1.1512317 ]
[-0.81278098  0.06500624  1.00299423  1.24622368]
[-1.1078811   1.27401632 -0.82921928  0.14711575]
[ 1.0523678   0.47706012 -0.68477065  0.8290245 ]
[ 1.03041082  2.11026686 -0.05213832 -0.23193313]
[ 1.01664307 -0.21614835 -0.84394741 -0.66891751]
[-0.98978483 -1.21650465  0.19418447  0.49977013]
[-1.09963562 -0.56127137 -1.66578907  0.50601552]
[ 0.50032768  1.75830454  3.09648201 -0.7814425 ]
[-1.11528553 -1.06027935 -0.8344124  -0.06144841]
[-0.96119596  0.42806694 -2.54848187  0.68787762]
[-1.04238092  0.75964718  0.30427453  0.60829183]
[ 0.80213514  0.22152313 -2.1539376  -0.29111644]
[-1.12159318  2.65396269  0.84016513 -2.89044092]
[ 0.70810751 -1.27666987  2.04455457 -0.99333659]
[ 1.00402018 -0.06898768 -1.0966186  -0.30457202]
[-0.97305413 -1.70945995  1.16329886 -1.93156994]
[ 1.04681706 -0.51608782  0.09512116 -0.77146639]
[-0.88186924 -1.55826157  0.89971525 -0.18897389]
[ 0.72949683  1.60690288 -2.30722453  0.20768716]
[-1.09424056 -0.72208626 -0.72206847  0.86731687]
[-0.91637161 -0.09060935  0.53633287  1.29188246]
[-1.10069126  0.54357991 -0.53487999  0.85965354]
[-1.11880719  2.00498773  0.35074088 -1.31860252]
[ 0.97530685 -0.3869963  -0.49790903 -2.4595151 ]
[ 0.01202407 -1.10413258  1.89018237  1.14140738]
[-0.68651132  0.8119083   1.84816669  0.42495159]
[-0.92978615 -1.01362604  0.34322465  0.99818585]
[ 1.02321604  0.92956893 -1.10525246  0.77138472]
[ 1.01582228 -0.46144784  0.36689394  0.1617667 ]
[-1.11200807  1.50354672 -0.01440497 -0.34870548]
[ 1.0541084   0.0773083  -0.39336972  0.64260183]
[-1.1075374  -1.45566484  0.09526964 -1.94335045]
[ 0.46069453  0.36785424  1.99474887  1.22207474]
[ 0.70498527 -0.34295212  1.4021691   1.26238523]
[ 1.01121766  1.99749572  1.26634979 -0.3509891 ]
[ 1.05276931  1.18592078 -0.29697586  0.76188683]
[-1.11536241 -0.53309651 -1.2720732   0.8086269 ]
[ 1.04339428 -0.39553703 -0.32967644 -0.90654086]
[ 1.05137755 -0.19288012 -0.25756164  0.22972129]
[-1.11604692 -1.19541755 -0.7296594  -0.75886264]
[-0.97697758  2.0167411   2.12823808 -1.95687776]
[ 0.26513174 -1.36318409  2.11408623  0.33753796]
[ 0.73889445 -0.17622763 -1.52455743 -2.68887842]
[ 0.94218023 -0.46407027  0.74509911  0.62605144]
[-1.09624257 -0.12214647 -1.75651968  0.8702736 ]
[-0.33242601  0.16221183  2.01900934  1.23552996]
[ 0.7143403  -1.07331874  1.67682381  0.00856902]
[-1.06797395  1.69143481 -1.13968163 -0.34361365]
[-1.10929399 -0.07600577 -1.06817529  1.06250079]
[ 0.93059175  0.32804042 -1.75474402  0.16609329]
[ 0.94285707  0.96241327 -1.72811542  0.66701969]
[ 1.04675267  0.05528333 -0.76143202  0.34079115]
[-1.03113176 -1.43333411  0.24742085 -0.40676519]
[ 0.9493801   1.3397192   1.24167605  0.51234813]
[-0.65355343 -0.8098231   1.12461519  1.40505418]
[-1.10686508  1.08446179 -0.26911209  0.28749346]
[ 0.99808094 -0.28798067 -0.81321709 -1.24276808]
[-1.04107088 -0.12681048 -0.19990122  1.24616355]
[-1.06171924 -1.04442781 -0.30808403  0.565791  ]
[-0.92324453  0.58055812  0.90463049  0.76151174]
[-1.05836444  1.09435192  0.41999536  0.17040776]
[-1.05792551  1.64893974  1.00955183 -0.85638528]
[-1.09933032 -0.81577276 -1.55953949 -0.11319906]
[ 1.01587697  0.05603995  0.21609878  0.94837322]
[ 1.03293793 -0.5120683  -0.0527712  -1.97007625]
[ 0.89109084  0.55867993  1.07509282  1.15850994]
[ 0.68618757  1.43157708  2.32928686  0.07851225]

Populations

0.0194006722497
0.0105713985222
0.00796123987745
0.0116456496917
0.00910200771472
0.0109646305637
0.013797804934
0.0121795690226
0.0137648690008
0.00118187284492
0.00573915054792
0.00230855479505
0.0145617444409
0.00802835946214
0.00452586469472
0.0194632975382
0.0131838657332
0.00586198365544
0.00471894334268
0.0138172474517
0.0076803153247
0.00540311161117
0.0104084945838
0.0106703956689
0.0139322537395
0.0163518865959
0.00982734340655
0.00291193672001
0.00816983775903
0.00331345205062
0.0125220916393
0.00832834506154
0.0162264538441
0.00379218226481
0.0125179147022
0.0122760201474
0.00405588906342
0.0123771310529
0.0166264064168
0.00747161168418
0.00234351455301
0.0132336665679
0.00260786720719
0.0125257112097
0.0056773920205
0.00421122953857
0.00220000588517
0.0176999142159
0.011993767094
0.0136880291069
0.0111001933278
0.00158687764294
0.0154310236647
0.00847242805462
0.0149533130925
0.0111407760245
0.00734453789268
0.00704814899151
0.00396825458025
0.0139481399872
0.00656154741527
0.0118456829402
0.0195123959511
0.0151180261558
0.00973398159509
0.00474101650348
0.0121620733879
0.00420591245778
0.00684273158694
0.0134303720912
0.013381510544
0.0167315185802
0.0141803915348
0.00514450414535
0.00649127266068
0.00313995220741
0.0135146145179
0.00938338306768
0.00198579259338
0.00595612758388
0.00955200647461
0.0196051393696
0.00717224406479
0.00447508372081
0.0129730504079
0.0202161010211
0.0053431520707
0.00553458625784
0.0174122628758
0.00858816984749
0.0142258998842
0.0172855689933
0.0104300675021
0.0145249166559
0.0172826291518
0.0081819504367
0.0119489067024
0.0102806064174
0.00687366583144
0.00521459471597

State labels

0
1
2
3
4
5
6
7
8
9
10
11
12
13
14
15
16
17
18
19
20
21
22
23
24
25
26
27
28
29
30
31
32
33
34
35
36
37
38
39
40
41
42
43
44
45
46
47
48
49
50
51
52
53
54
55
56
57
58
59
60
61
62
63
64
65
66
67
68
69
70
71
72
73
74
75
76
77
78
79
80
81
82
83
84
85
86
87
88
89
90
91
92
93
94
95
96
97
98
99
