Cluster centers 

[-1.0168808  -1.69127375  1.59497065 -4.3905822 ]
[ 0.9773683   0.25228616 -0.61265031  0.76137796]
[-0.56405992 -0.75984139  1.61404042  1.26441739]
[-1.20521758  1.45238446 -0.3790927  -0.09068956]
[-1.18866594 -0.86360299 -1.56078702  0.10192932]
[ 0.97186528 -0.60359703  0.24112016 -0.92546773]
[-1.19642653 -1.16456816 -0.81921941 -0.19041553]
[ 0.86503333 -0.06673832  0.88837953  0.99053496]
[ 0.8878342   2.12660782  1.66462844 -0.87618509]
[ 0.91936037 -0.14340978 -1.12657389 -0.48334821]
[-1.16566033  0.08366148 -0.36363713  1.21015694]
[-1.1726751   1.90077886  0.70587062 -1.30671796]
[ 0.81315165 -0.21408709 -1.41529829 -1.95069224]
[ 0.969745   -0.42010427  0.18021605  0.00279182]
[-1.19903613 -0.42969963 -1.04526912  1.12866991]
[-1.03811261 -0.16498655 -2.60065477  0.74156498]
[ 0.77657287 -0.60370097  1.23279723  0.60916517]
[ 0.25495169 -1.32216054  2.01961009  0.04544747]
[-1.21184671  2.27803794  0.19866152 -1.7834468 ]
[-1.04631903  1.19739857  1.11393872 -0.24438377]
[ 0.97975293 -0.1023361  -0.10772896  0.54353697]
[-1.07564742 -0.39817199  0.18150356  1.28935603]
[-0.01014434  1.37293168 -3.42605205  0.98333538]
[-1.0108046   0.59808147  0.92454747  0.61250352]
[-1.16606339 -1.50668079 -0.01782001 -1.53150093]
[-1.20230998  1.00419329 -0.60933885  0.54881874]
[-1.20407104  2.0741493  -0.30043364 -1.12285296]
[-1.01117845 -1.2966268   0.47618307  0.51590293]
[-0.78706893  0.92090564  1.8850875  -0.02158186]
[-1.13559587  2.48604861  1.66365838 -3.14101126]
[ 0.97484582 -0.44107415 -0.31900705 -1.0400624 ]
[ 0.91468488 -0.31255321 -0.92069492 -1.52560024]
[-1.1883576   0.10802773 -1.50805491  1.20562696]
[-1.18172564 -1.03896066 -0.63733604  0.46513061]
[ 0.81120664  3.17453741 -0.52876106 -1.68880124]
[ 0.75864455  0.15790461 -1.99445208 -0.07392118]
[ 0.85107627  1.58169177  1.46130084  0.00506605]
[ 0.75559895  2.13049977 -1.62472282  0.26441301]
[ 0.92185067  0.63084232  0.69592866  0.98013058]
[ 0.35298554  1.21215928  2.66805665 -0.18286003]
[ 0.4868546  -1.38629073  2.01456397 -1.19610118]
[ 0.97436504 -0.11162094 -0.61661401  0.16599634]
[ 0.91061083  0.83217399 -1.29477515  0.91143593]
[-0.8332499  -1.76183024  1.34586725 -1.11791588]
[ 0.89820526 -0.35403144 -0.79241054 -2.48983344]
[ 0.97812635  0.84877925 -0.36263117  0.96570673]
[ 0.64120443  0.03051335  1.65105911  1.05660406]
[ 0.8496675  -0.72646167  1.01691664  0.05676352]
[-0.9331249   1.54369206  1.84218707 -1.07087128]
[-1.1168998   0.98501417 -1.95720038  0.88876672]
[ 0.62022673 -1.39011824  2.21668735 -2.45948434]
[-1.19427135  0.60092904 -0.59100364  0.92605084]
[-1.19589855  1.62835135  0.11450325 -0.55736408]
[-1.12977355 -1.48717903  0.08876294 -0.74378801]
[-1.19874368 -0.83942031 -1.12802697  0.58067507]
[-1.15346784  0.82624667  0.13600373  0.54582778]
[-1.10125081  0.2992813   0.26718338  1.01577834]
[-1.20090016 -1.25506829 -0.85899222 -1.16539554]
[ 0.50696674 -0.93247207  1.79782741  0.58334308]
[ 0.97008598  0.21508788  0.11914701  0.91960962]
[ 0.97271957 -0.24352784 -0.5719334  -0.23689176]
[ 0.58627208  2.13423909  2.8228547  -1.65756044]
[-0.97939801 -1.52559192  0.68838502 -0.1418736 ]
[ 0.81838381  1.00877927  1.39312898  0.63097934]
[ 0.94488269 -0.26259419 -0.84232842 -0.75337189]
[-1.19264039  2.30249596 -0.51762833 -1.4197997 ]
[ 0.95978328  2.08651836  0.51364027 -0.28125427]
[-1.10111792 -1.02514011 -0.0069072   0.82571315]
[ 0.95395744 -0.61013689  0.43574551 -0.44231463]
[ 0.93906932 -0.50108573  0.50738062  0.12833409]
[ 0.75623375 -0.20238423 -1.26494393 -3.44435145]
[ 0.80504304 -0.09109516 -1.66134069 -0.94470479]
[ 0.98154747 -0.39833425 -0.18018207 -0.40852622]
[-1.18851026 -1.30255623 -0.54097626 -0.57032684]
[-1.18201551  1.76686151 -0.9271337  -0.31991013]
[ 0.78657242  0.40602422 -1.98196231  0.49302115]
[-0.75487716 -1.3233522   1.22734466  0.67920697]
[ 0.94489217  0.15638545 -1.06144239  0.45982465]
[-1.15969063 -0.62594694 -0.44691809  1.12914804]
[ 0.96931965 -0.52644373 -0.15406816 -1.81344927]
[ 0.83138633 -0.94083805  1.20094864 -0.71062774]
[-1.18079866 -0.49643303 -1.72772481  0.82796245]
[ 0.90540812 -0.41494471  0.69908981  0.51917744]
[ 0.98071041 -0.26182803 -0.09080663  0.21037117]
[-1.18186062 -1.4782571  -0.086869   -2.25639891]
[ 0.90666025 -0.00660374 -1.29421913 -0.08168859]
[ 0.63472855  1.04102504 -2.46258265  0.79734235]
[-1.16421047  1.15119166  0.24552759  0.10733439]
[-0.88523354 -0.16521841  1.04200794  1.1950684 ]
[-1.0486725  -1.64495904  0.63668641 -1.16200546]
[-1.00969893  2.04680345  1.96746294 -2.18901638]
[ 0.14734376 -0.85635559  2.01860545  0.9760038 ]
[-1.18460524  1.37493121 -1.1689199   0.29795426]
[-1.12782731 -1.31033731 -0.07219667  0.08069727]
[-0.89740107  3.11609271  0.43710492 -3.57809014]
[-0.91579513 -0.78753684  0.78129255  1.2180895 ]
[ 0.96916112  1.53997583  0.01993731  0.50338042]
[-1.06439709 -1.69901876  0.88609878 -2.5927134 ]
[ 0.9474885  -0.26288537  0.38366486  0.56390802]
[-0.21154651 -0.00427811  2.13072641  1.06620943]

Populations

0.00146230842942
0.0184228717103
0.00235433352901
0.0140020397953
0.00766592478723
0.00977926873124
0.0134963324795
0.0160290144717
0.00402410711895
0.00998827702033
0.0158790618651
0.0200808084508
0.00640647553521
0.0103538824076
0.0183806450903
0.00172313510541
0.0102301700569
0.0094109818473
0.0102387295158
0.0183596849424
0.0161620848926
0.0129870562709
0.000377408884496
0.0126881332822
0.00986449453002
0.0139831540106
0.00841239097328
0.0121102852924
0.00390473400931
0.00342422657895
0.0140022797061
0.0121775564599
0.0132027905672
0.0177600067362
0.00183416128142
0.00552486648841
0.00657850299208
0.0026030442081
0.0153095042591
0.00494029011013
0.00262902805542
0.0168881473956
0.0098520144697
0.00797177994442
0.00819316068688
0.0121027817309
0.0126676025692
0.00891197505373
0.00700056274967
0.00404310606827
0.000220394075793
0.0161557927997
0.0196352492382
0.0149085063326
0.0138921009653
0.0149197130005
0.0138642043648
0.00753081402061
0.00808548631218
0.0202491185548
0.0147584860412
0.00168998008556
0.0129445027906
0.0114322673457
0.0130149319944
0.00432085896757
0.00347552711212
0.0173203899272
0.00856327608813
0.00702001151944
0.00366119056338
0.0101834563853
0.0146968164224
0.0137579369295
0.00948075342129
0.00555543612926
0.00779719185545
0.0140902762118
0.0189363294708
0.0107990209203
0.00541626409112
0.00749382922551
0.00844055010334
0.0134162316517
0.00488063317332
0.0137660995127
0.00186777080171
0.0156820285254
0.00618409371911
0.0115022186798
0.00461059914003
0.00685192706761
0.00851073041501
0.018638305065
0.00193277474799
0.00723127516721
0.00797395235964
0.0105147359592
0.0127052991114
0.00302547848995

State labels

0
1
2
3
4
5
6
7
8
9
10
11
12
13
14
15
16
17
18
19
20
21
22
23
24
25
26
27
28
29
30
31
32
33
34
35
36
37
38
39
40
41
42
43
44
45
46
47
48
49
50
51
52
53
54
55
56
57
58
59
60
61
62
63
64
65
66
67
68
69
70
71
72
73
74
75
76
77
78
79
80
81
82
83
84
85
86
87
88
89
90
91
92
93
94
95
96
97
98
99
