Cluster centers 

[-1.17884814 -1.06083521 -0.64624928  0.37510895]
[ 0.93315546 -0.52177697  0.56546168  0.14359054]
[-1.19230874  1.6538972   0.07283713 -0.58084261]
[ 0.96069469  0.15491132 -0.97263259  0.48832076]
[-1.17824987 -0.34420651 -0.75166725  1.22845623]
[ 0.82062458  1.18332311  1.51377068  0.46016911]
[ 0.97656314 -0.43121731 -0.35833018 -1.08290038]
[-1.03823115 -1.70879258  1.40420251 -3.79949377]
[-1.12759465  0.32453031  0.04329458  1.03482774]
[-1.16627048  1.88968645  0.72960764 -1.2849474 ]
[ 0.55287829 -0.47470681  1.69370133  1.05226413]
[-1.16147119 -1.52372199  0.09010033 -1.90911924]
[ 0.90819266 -0.05328568 -1.28894193 -0.28861852]
[ 0.91556683  0.83755357 -1.30442826  0.89448242]
[ 0.98014555 -0.04401854 -0.00938119  0.67114536]
[-1.09348045 -1.02594557  0.00665288  0.82416822]
[ 0.16486364 -1.33859759  2.04728706  0.24757336]
[ 0.86822836  3.00379499 -0.38408267 -1.41754836]
[ 0.84048679  2.10528207  2.05850887 -1.0219422 ]
[-1.18520821  1.24413696 -1.09601662  0.40421585]
[-1.00144494  0.74047358  1.01911092  0.45028131]
[ -1.17796378e+00  -8.59520219e-01  -1.60992326e+00   2.88963869e-04]
[-0.78483967 -1.49022078  1.21414207  0.2680675 ]
[ 0.81402342 -0.19967979 -1.44427605 -1.7994215 ]
[ 0.69041843 -1.28433718  1.96091024 -1.86190457]
[  7.49131952e-01   2.32605599e+00  -1.55937955e+00  -3.99827324e-04]
[ 0.50089275  0.45045061  2.02981368  0.93495242]
[-0.92468661  1.55419604  1.93838948 -1.10026403]
[ 0.86427477  0.593498    1.04579441  0.99813876]
[ 0.97182564 -0.50430896 -0.22581268 -1.78309573]
[ 0.98269519 -0.3045242  -0.41270392 -0.31112557]
[-0.8815285   2.97028401  0.7148231  -3.37343867]
[-1.16736399 -1.39447775 -0.25357283 -0.75229231]
[-1.0410856  -1.55255625  0.51115778 -0.54073214]
[-1.03078416 -0.15370869 -2.61206187  0.69318458]
[-0.92979909 -0.62587269  0.71681514  1.28910825]
[-1.19235935  0.82417628 -0.54495722  0.70709501]
[ 0.71611798 -1.08403057  1.58053505 -0.49271559]
[-0.93821532 -1.74965997  1.14510749 -1.63282752]
[-1.14535184  1.16618321  0.39782483  0.04462901]
[-1.19070801  2.24812626 -0.39904949 -1.39360442]
[ 0.94212526 -0.27662278  0.43862167  0.59460801]
[ 0.7879762  -0.56652409  1.19003664  0.68045548]
[ 0.92377591 -0.71934077  0.71758294 -0.46260714]
[-0.72504221  0.74995525  1.90549554  0.27444082]
[ 0.98653561 -0.20569101 -0.29054456  0.17970696]
[-0.46820986 -0.11880411  1.86398046  1.18249602]
[-1.19538412 -0.48954298 -1.21661793  1.03322557]
[-1.1702381   1.7406453  -0.96491025 -0.28130949]
[ 0.78979954  0.32384694 -1.98517497  0.28998245]
[ 0.98414855  0.99609183 -0.32127416  0.92526308]
[ 0.55088314  1.15213823 -2.52581676  0.80998398]
[ 0.94197733  1.88165814  1.09849994 -0.21856912]
[-1.19613707  1.40292193 -0.31104213 -0.05389532]
[-0.9970716  -1.27052627  0.498148    0.57395928]
[ 0.90162988 -0.36148029 -0.75951104 -2.46001508]
[-1.18230021  0.2200945  -1.47763993  1.16295121]
[-1.17643551 -0.48626097 -1.76151928  0.77003064]
[-1.19004144 -1.19812495 -0.75485858 -0.32292293]
[-1.11035317 -0.39912136 -0.07287068  1.27186316]
[ 0.97576178  0.44341128 -0.75258071  0.8628865 ]
[ 0.2689774   1.73934515  2.91003797 -1.13271377]
[ 0.57310867  1.24203948  2.25233264  0.07153344]
[ 0.95601302  0.29306083  0.3241962   1.01400645]
[ 0.71781498 -0.17387653 -1.36033738 -3.55125695]
[ 0.98122091 -0.49598935  0.06658574 -0.5267366 ]
[-1.10710375  0.94072095 -2.01285342  0.90155643]
[ 0.91420696 -0.30009267 -0.94872167 -1.49943054]
[ 0.83067292 -0.7282955   1.09956689  0.19941279]
[-1.17146015 -0.74716549 -0.6317431   0.98828788]
[ 0.94053861 -0.22758847 -0.93182626 -0.71030567]
[ 0.71301819  0.20283915  1.50512227  1.11929266]
[-0.99981372  1.94835793  2.00328179 -1.95931824]
[-1.20451916  2.23269319  0.13776449 -1.65767526]
[-1.19649713 -1.23235477 -0.90224898 -1.1656361 ]
[-0.90994377 -0.05153018  0.96405965  1.17780464]
[ 0.97900463  1.63511395 -0.18530046  0.45260188]
[ 0.9440258  -0.78033118  0.69152866 -1.19350073]
[-1.1722124   2.2970576   1.07157732 -2.29810643]
[-1.19401216  2.0228293  -0.47056122 -0.95634149]
[ 0.3681646  -1.00151711  1.86893845  0.68476831]
[-1.01553978  1.19783139  1.23689536 -0.25326617]
[ 0.98712776  0.04683849 -0.47270064  0.56999208]
[-1.19440719 -0.87431877 -1.1215168   0.47036574]
[ 0.85646108 -0.09025611  0.92314259  1.01062409]
[ 0.90316267  0.21483522 -1.43136322  0.33087406]
[ 0.9761711  -0.36714368  0.11342155  0.10384678]
[ 0.94884777  1.12903893  0.64805056  0.73016999]
[-1.17711061  0.21434219 -0.52948142  1.1609773 ]
[-1.04554277  0.42787148  0.63129694  0.8573967 ]
[ 0.96257268  2.20571882 -0.14340392 -0.20908263]
[-1.14579419 -1.25882051 -0.23680548  0.10776609]
[-1.14899416  0.85634582  0.14387733  0.51112973]
[ 0.96193558 -0.1074645  -0.85469932 -0.05319914]
[ 0.7324206  -0.0130514  -1.96968989 -0.85794724]
[ 0.26558471 -1.47339677  2.16822003 -0.47690136]
[-1.06101282 -1.62177286  0.55799652 -1.10372501]
[-1.06190548 -1.42104133  0.30518543 -0.01645076]
[ 0.98358787  0.65917735 -0.04559044  1.01028536]
[-0.59937565 -0.79147463  1.51436237  1.26510668]

Populations

0.0147214776622
0.0101709360748
0.0189516639997
0.0111126428586
0.0125223117665
0.00810133775165
0.0159715034639
0.00434993267413
0.0130541736441
0.0203986889313
0.00940229151837
0.0139106013369
0.0135247256105
0.00967346123054
0.0179023692561
0.0181270306439
0.00663187163355
0.00189570748279
0.00352847268556
0.0116932389733
0.0104226185023
0.00728496637795
0.00901116369085
0.00699151963332
0.000874233674512
0.00206447767085
0.00501212332871
0.00614538596947
0.00803624006212
0.0107054510586
0.0173476587674
0.00283795937032
0.0166083409218
0.0143658778818
0.00182046794793
0.0091382510137
0.0176253170568
0.00523757697876
0.0120161464359
0.0146817137667
0.00441720323254
0.0151857767277
0.0101434782029
0.00816779257477
0.00310596570483
0.016479921013
0.00203540587636
0.0142704594997
0.00894321240982
0.00625684063639
0.00708145545784
0.00220721011894
0.00549720506278
0.0180712924564
0.0128646829366
0.00909842585001
0.0136585725664
0.00730824910036
0.0150456328022
0.0173062088706
0.0114205940228
0.00232761405372
0.00505949642418
0.0163423582449
0.00344100100416
0.0148111653837
0.00398440306856
0.0120603915708
0.00816937353333
0.015266418434
0.0170792740428
0.00629134011964
0.00384253831942
0.00898650536311
0.00827762633101
0.00592944500024
0.00377255676997
0.0062814726455
0.00718614523316
0.00790983759925
0.00945345016107
0.0158090954934
0.0158436004524
0.0127948311043
0.0130416083667
0.00876703610274
0.0150156229129
0.00920656947726
0.014874961034
0.00781116279215
0.00191612574765
0.0155313193254
0.0157772185144
0.0159594241219
0.00763691613621
0.0038593638215
0.0116412139591
0.0119027753913
0.00980558675846
0.00389564075456

State labels

0
1
2
3
4
5
6
7
8
9
10
11
12
13
14
15
16
17
18
19
20
21
22
23
24
25
26
27
28
29
30
31
32
33
34
35
36
37
38
39
40
41
42
43
44
45
46
47
48
49
50
51
52
53
54
55
56
57
58
59
60
61
62
63
64
65
66
67
68
69
70
71
72
73
74
75
76
77
78
79
80
81
82
83
84
85
86
87
88
89
90
91
92
93
94
95
96
97
98
99
