Cluster centers 

[ 0.79712471 -1.10559137  1.70120146 -0.38132117]
[-1.08647018  0.08587661 -0.99928214  1.0106319 ]
[ 1.03844957  0.2193867  -1.19096085  0.24720511]
[-1.06320759  1.73008905 -0.88960312 -0.58579082]
[-0.96550396 -1.389847    0.33986259  0.09087809]
[ 0.5066325   0.38180822  1.85171354  1.3695703 ]
[ 1.03108489 -0.42774276 -0.3869876  -1.76914972]
[ 0.91542416  2.05574706  2.11511473 -0.66030083]
[ 1.0558439  -0.16126699  0.03653348  0.55437357]
[-1.01727274 -1.66616351  0.85002068 -1.93636061]
[-1.05105652  0.95906476  0.17110988  0.36134458]
[-0.84640315 -0.49655281  0.49865559  1.4159249 ]
[-1.07201868 -0.63309841 -0.7853468   0.90127857]
[-1.07378604  2.17266556 -0.20116472 -1.54423565]
[ 1.07136588 -0.32514255 -0.34602573 -0.47925627]
[ 1.07268313  1.09269836 -0.28681429  0.81033608]
[-0.90761356  0.04111906  0.45438616  1.28477495]
[ 0.76655891  1.54012029 -2.29457871  0.09119164]
[-1.09255733 -1.24232995 -0.64553673 -0.82972484]
[-1.07440618  1.43276198  0.3655787  -0.36719398]
[ 0.64644934  1.13912822  2.11768732  0.63532765]
[ 0.86991633  2.77305479 -0.76392176 -1.2984796 ]
[ 0.41738197 -1.18053028  1.88481691  0.64289892]
[-1.08587876 -1.1355276  -0.68797035 -0.15292802]
[ 0.92510195 -0.19257595 -1.27745685 -1.49703812]
[-1.06300629 -0.32035521 -1.90901012  0.53734268]
[ 0.90737294 -0.1233991   0.84067758  1.19358895]
[-0.94297866  0.62918724  0.67708272  0.75373244]
[ 1.03117111 -0.53474507  0.03826495 -2.46236879]
[-1.02817685  1.58631593  1.11986502 -0.78356494]
[-0.59454768 -0.74468064  1.13344161  1.51458378]
[-0.88713648  1.56997603  1.97673407 -0.89482917]
[ 1.06724398 -0.60688139  0.32887765 -1.10541435]
[ 1.04776905  0.22947465  0.05035048  0.97867444]
[ 0.69437825 -1.44221444  2.626968   -1.86736478]
[ 0.59897025 -0.50723494  1.54249216  1.38242913]
[-1.018973   -0.16931736 -0.2714079   1.23101417]
[ 1.07179181 -0.1370533  -0.54867915  0.01310112]
[ 0.80042001  0.25784955  1.24969722  1.38991287]
[-1.06292564  1.45833662 -1.13191266 -0.15060239]
[-0.97217795 -1.75497485  1.46918425 -2.75049822]
[ 1.01622034  1.79829067  1.19756009  0.01496041]
[ 0.96363954 -0.65517452  0.86278365  0.22017763]
[ 0.97234718 -0.0812983  -1.32352835 -0.76350934]
[-1.03163053 -1.09008964 -0.25554003  0.50365956]
[ 1.05746422  0.828522   -1.0103255   0.74674541]
[-0.54834435 -1.52421666  1.50334556  0.49849682]
[ 0.35837291  1.54257341  3.03334951 -0.31789379]
[ 0.91828252 -0.40287283 -0.05392581 -4.11930875]
[-1.08317459 -1.44381013 -0.04895163 -1.39194114]
[-1.04660492  2.05320867  1.49403417 -1.85299644]
[ 1.06953194  0.23385918 -0.82255675  0.52126952]
[-0.81097748 -1.74000314  1.36216461 -0.83577229]
[-1.09209268 -0.48705008 -1.32603444  0.73687809]
[ 1.04467479 -0.38741203  0.2608071   0.24454468]
[ 0.99482137  0.51119618  0.53573631  1.16598397]
[-1.09230118  0.84705824 -1.01901415  0.53916823]
[-1.06867257  0.35414999 -1.77860564  0.76781612]
[ 0.97701942  0.8869584  -1.68091088  0.53898702]
[-0.86370838 -1.59042455  0.93611113 -0.22233762]
[ 0.56362494 -0.88363366  1.66629755  1.01441924]
[-0.93638866  2.70576187  1.1316198  -3.14006046]
[-0.69400267  0.909364    1.86900883  0.35813468]
[ 1.03959012 -0.27881374 -0.71170415 -0.93959807]
[-0.69787025 -0.0479378   1.08316715  1.41775179]
[-1.08708585 -0.87949865 -0.94518025  0.41192904]
[-1.06379434 -1.31397228 -0.22594042 -0.35482765]
[ 0.87651702 -0.30575498 -0.95340945 -2.74196061]
[ 1.02774386  1.61440434 -0.99273805  0.38903304]
[-0.91052068 -1.7513532   1.24296814 -1.39619194]
[ 0.34117385 -1.37395676  2.09164065  0.2161823 ]
[-0.92381311 -1.11819772  0.2863696   0.81735889]
[ 1.07596556  0.43927122 -0.52285162  0.82489498]
[-1.07390835  0.61416344 -0.42426772  0.76081703]
[-0.95657192  1.14455179  1.0948321   0.01027738]
[-1.08977977  1.85568656 -0.25321455 -0.95073587]
[ 1.07509931 -0.01632372 -0.37621013  0.46056336]
[ 0.06370887 -0.96948533  1.79354061  1.4018457 ]
[-1.09085028 -1.26073867 -0.68606918 -1.59127979]
[-1.03197646 -0.53572267 -0.42525382  1.12724226]
[ 1.04666584 -0.59557267  0.46024827 -0.39319609]
[ 0.93205063  1.03154749  1.15394961  0.90996353]
[-0.92752149  0.60680432 -2.58684793  0.51033078]
[-1.09553171  1.46831772 -0.20358758 -0.32398395]
[ 1.04208112  1.19351419  0.45107963  0.77949984]
[ 1.06936873 -0.44052025 -0.1720944  -0.94288895]
[ 0.90005127  0.28537183 -1.92124998 -0.13262995]
[ 0.86309333 -0.5779691   1.08896028  0.82867314]
[-1.02568448 -1.52369987  0.34092773 -0.85211494]
[-1.00305748  0.24722057  0.02655061  1.09914512]
[-1.0813125  -0.86873673 -1.43026819 -0.18725014]
[-1.09103468  1.13207762 -0.38778629  0.18155635]
[ 1.04069189 -0.09680029 -0.95765175 -0.34478473]
[ 0.9887261  -0.29519822  0.54448941  0.78145615]
[ 1.07140118 -0.3929245  -0.03535803 -0.27109505]
[-0.65567183 -1.1324711   1.04202196  1.18606085]
[ 1.0680273   1.83317781 -0.0205882   0.14185492]
[ 0.71893014 -0.23146546  1.36045373  1.41151473]
[-1.09707175  1.9393563   0.51529013 -1.32518102]
[ 1.0146366  -0.78181824  0.88302692 -0.70993136]

Populations

0.00430062564795
0.0195901513798
0.0117192350864
0.00738655852875
0.0185993178687
0.00449999884693
0.0144279205079
0.00381613975993
0.0132328522878
0.00959966957335
0.0193112017283
0.00846250933948
0.0158917632624
0.00696883670877
0.0138874371122
0.00646025241177
0.00529869591897
0.00204889972841
0.0131282776765
0.0195472455966
0.00578861025183
0.00238677425628
0.00605291509189
0.0166876833955
0.0108575067278
0.00883094057555
0.00970988622819
0.0148151799042
0.0080083084774
0.0166396916458
0.00213621684512
0.00799948140788
0.0101628265849
0.0173993931778
0.000288127803765
0.00426987539206
0.0138509313719
0.0177621386319
0.00515546756939
0.00900216014515
0.00780766582715
0.00483411693619
0.00968572362667
0.0119193689915
0.0196712210543
0.00789537679874
0.00485149557211
0.00259341314506
0.00174726802552
0.0100384094698
0.0120297047773
0.0109118760093
0.0070394526262
0.018613723049
0.0133645826244
0.0111888210827
0.0157612932455
0.0105009953791
0.00619726648548
0.0102143093133
0.00492920111231
0.00528117496188
0.00434533325435
0.0122443025369
0.00479852518078
0.0174194353646
0.0172038538072
0.00578271082551
0.00205264572978
0.00714394773401
0.00510325712174
0.0174072053481
0.0115453587058
0.0166921516844
0.0165052774127
0.0104309431585
0.0156821843809
0.00597973967261
0.00284665442623
0.015686826054
0.00910321210812
0.00835212549061
0.00281954885846
0.013799398764
0.00720846036603
0.0121895974174
0.00915958974929
0.00781123100805
0.0154868640606
0.0104954104154
0.0123786003607
0.0162006607706
0.0149025049906
0.0116139869169
0.0128504430229
0.00654765363999
0.00336451639163
0.00451657516647
0.01450214635
0.00476895718509

State labels

0
1
2
3
4
5
6
7
8
9
10
11
12
13
14
15
16
17
18
19
20
21
22
23
24
25
26
27
28
29
30
31
32
33
34
35
36
37
38
39
40
41
42
43
44
45
46
47
48
49
50
51
52
53
54
55
56
57
58
59
60
61
62
63
64
65
66
67
68
69
70
71
72
73
74
75
76
77
78
79
80
81
82
83
84
85
86
87
88
89
90
91
92
93
94
95
96
97
98
99
