Cluster centers 

[ 1.021567   -0.26760826 -0.1813474   0.03159283]
[-1.10262696  1.55966072  0.90260041 -0.52965098]
[-1.12591292 -1.24944491 -0.38610478 -0.2883294 ]
[ 0.43768629 -0.82568921  1.59086751  1.36035049]
[-1.1306912  -0.66108214 -1.68881003 -0.02811206]
[-1.13220654  0.77360597 -0.34227034  0.62654221]
[ 0.97367539 -0.42492916  0.09175412 -2.45376098]
[ 0.96372139  1.94191963  1.44225667 -0.1461178 ]
[-1.15868387  2.29649364  0.57140678 -1.7015804 ]
[-0.74503247 -1.90708987  2.17513309 -1.81076743]
[ 0.91519898  0.17999706 -1.51534864 -0.27882376]
[ 1.02152734  0.67803857 -0.6706004   0.83479639]
[-1.15167823  1.26446697 -0.59684457  0.11083539]
[-1.01848649 -1.10818283 -0.00500854  0.77512086]
[ 0.48399971 -1.47482155  2.21381915 -0.39802536]
[ 1.01127767  1.96458146  0.03473042  0.07584958]
[ 1.00987654 -0.32963259 -0.33413987 -0.89000038]
[-1.13190783 -0.58840345 -0.91637596  0.86559408]
[-0.7537687  -0.28095359  0.95991762  1.50301035]
[-1.07891337 -1.50358044  0.29826456 -0.80585205]
[ 1.00748392  0.99697956  0.16922718  0.91248725]
[-1.15280258  1.87765641 -0.08516432 -0.81054581]
[ 0.9690973  -0.62733193  0.59572413 -0.06448584]
[-0.71076096 -1.50118696  1.10544176  0.6273384 ]
[-1.1460891  -1.30025761 -0.36105274 -1.03218059]
[ 0.59971224  0.88518312  2.03678518  0.94735497]
[ 0.65844144  3.49865616 -0.38601948 -2.32155604]
[ 0.8421551   0.03290596 -1.55067463 -1.09170738]
[ 0.47898697  1.51888444  2.87543763 -0.08162943]
[ 0.84393591  1.33990836 -1.91784149  0.43352454]
[-1.10224956  1.1803843   0.46731047  0.09472515]
[ 1.00736173  0.26887192 -0.96188937  0.43229414]
[-1.14614189  0.02489037 -1.5165934   0.84016259]
[ 0.93164044 -0.28020184  0.5252429   0.90809157]
[-0.8997104   0.00364984  0.63417416  1.30782765]
[ 1.00934966 -0.06971318 -0.7299482  -0.09784801]
[ 0.85803079 -0.70446693  0.97685439  0.55505114]
[ 0.73772827 -0.06209639  1.17036425  1.44084692]
[ 0.85341315 -0.23376354 -0.05999068 -3.79498011]
[ 0.762466    0.53773225 -2.2360545  -0.08532051]
[ 0.55941033 -0.97548027  1.53937869  0.97623691]
[-0.89266826 -1.63765305  0.94957388 -0.20922522]
[-1.06669263 -0.73284109 -0.35926348  1.05857924]
[-1.09470045  1.85658133  1.44004396 -1.15859735]
[ 0.98385945 -0.73742157  0.76657567 -0.78371876]
[-1.06177974  0.70140295 -2.15411924  0.58597686]
[-0.46210779 -0.18837068  1.54543694  1.56334933]
[ 0.89298031  1.27642333  1.3361469   0.6828289 ]
[-1.14942922  0.85669466 -0.92487583  0.55329241]
[-1.02474428 -1.45865819  0.32016461 -0.12101882]
[ 1.01999051 -0.31187086 -0.27127147 -0.42639034]
[ 1.01251571 -0.37139985  0.08045792  0.07901247]
[-1.09702633 -0.19854142 -0.51843448  1.17201971]
[ 1.01352493  1.42845506 -0.37011693  0.58951751]
[-0.86871682  0.8562902   1.42438223  0.47430454]
[-0.89103195 -0.58369481  0.42278668  1.43201654]
[ 0.83980087  0.61553457  1.10934546  1.22903354]
[-1.14989702 -1.06417524 -0.96365082 -0.56852485]
[-1.05178738 -1.66919388  1.00139648 -1.84110211]
[ 1.01540488 -0.1335906  -0.12890244  0.51009392]
[ 0.8022172   2.71444694 -0.98993335 -0.81812282]
[ 0.95527558  0.77442204 -1.4621198   0.54668772]
[-1.1376491   0.32485331 -0.82110185  0.94556837]
[-1.13622889 -1.4417436   0.18548777 -1.81091003]
[-0.68708066 -1.04971007  0.94378448  1.35320375]
[-1.02406521 -1.31706682  0.13588256  0.3285636 ]
[ 0.99244286 -0.35653999  0.23267729  0.41030935]
[ 0.64699544 -1.46177084  2.65550027 -1.80704001]
[-1.14949535 -0.65324208 -1.27637874  0.52728548]
[ 0.46676417  0.33035065  1.830365    1.39463357]
[ 0.81552025 -1.04600322  1.46054598 -0.26502696]
[-1.14377191 -0.99416922 -0.87334494  0.11701035]
[-1.05002339  0.63959167  0.36288604  0.74922945]
[ 1.01738306 -0.49912951  0.1767354  -0.60424061]
[-0.17817479 -1.19454601  1.64033228  1.35916488]
[ 1.02448446  0.09522624 -0.52824566  0.52951101]
[ 0.98284517 -0.35519691 -0.28176006 -1.75803246]
[-0.8849439   1.55426723  2.25482117 -0.75402847]
[ 0.31761095 -1.34009769  1.85429643  0.55079161]
[ 1.00574156  0.22311612 -0.04602272  0.96324833]
[-1.11784709 -0.23002361 -2.00299108  0.48482936]
[-1.15861629  2.6791333   0.94226392 -2.56870894]
[ 0.9378288  -0.17713706 -0.87789503 -1.37694144]
[-1.12925334  2.26694243 -0.15480122 -1.40557738]
[-1.10266211  2.20316837  1.84984891 -1.94220791]
[-1.15200191  1.53780921 -0.04337    -0.32218438]
[-0.96767686  1.21508295  1.45061953 -0.06594207]
[ 1.0166812  -0.58841131  0.40697884 -1.38390704]
[-1.09690056  0.29892429 -0.27495277  1.0226643 ]
[-1.13159782  1.64833957 -0.85932521 -0.32610662]
[ 0.94366978  0.35355563  0.50432803  1.19275752]
[ 0.84428722 -0.13929456 -1.03939375 -2.1301601 ]
[ 0.70891893  2.22646872 -1.87744225 -0.1646106 ]
[-0.92341471 -1.73279749  1.17072543 -0.94054686]
[-1.15694499  2.02299749  0.56260711 -1.21890108]
[ 0.73518606 -0.45575293  1.14854248  1.2677483 ]
[-1.09856176 -1.07254583 -0.4237319   0.46724339]
[-1.12804473  1.00533896 -0.0477061   0.36638048]
[-1.04089293 -1.68490805  1.51109345 -2.84194172]
[ 0.97333319 -0.09222651 -0.94598764 -0.62616802]

Populations

0.014075067746
0.0177982835817
0.0182719998773
0.0065688794325
0.00875662228212
0.0111194974487
0.0103896061663
0.0063540758251
0.00690572271003
0.00289323327374
0.0138920330998
0.0141845430395
0.0121464313882
0.0129239058074
0.00300207628294
0.00405229498531
0.0167599173474
0.0165477683097
0.00206087057567
0.0126917618937
0.0100613213077
0.0104700182415
0.0116658393238
0.00645475653289
0.0137074215086
0.00535745788598
0.000676495097951
0.00877090751342
0.00493571435243
0.00415621743971
0.0147062933669
0.0148394106527
0.0149306250578
0.0155894988037
0.00752644568448
0.0188266546978
0.0112731388468
0.00808424547402
0.00414511104021
0.00491918457404
0.00540913832185
0.00960261046033
0.013885678808
0.012850107717
0.00656099389435
0.00710644272453
0.00237737146788
0.00902841266643
0.01403367936
0.0117813983432
0.013991172149
0.0109785827137
0.0159816855642
0.00448579626632
0.0101193600161
0.00763817885319
0.00628485238533
0.0123416715248
0.0102328320766
0.0159685896563
0.00122668710833
0.00953434437401
0.011840066658
0.00837654001734
0.00659620515811
0.0134091781852
0.012146214564
0.000283909881488
0.0161096108316
0.00391109392331
0.00585407771826
0.0165463131102
0.0136497583761
0.0132654502547
0.00467594587249
0.0184847042451
0.0134415633121
0.0053239156744
0.00847546244085
0.0199032333695
0.00820383495871
0.0035691558166
0.0129459228245
0.00527024961141
0.00703191629431
0.015549846044
0.009071294023
0.0100422406239
0.0128337555164
0.0112647436661
0.0140915534963
0.00709795634288
0.000951271516645
0.010340994848
0.00842796177898
0.00910207522835
0.0147918222162
0.0109902875056
0.00576410197755
0.0164548371908

State labels

0
1
2
3
4
5
6
7
8
9
10
11
12
13
14
15
16
17
18
19
20
21
22
23
24
25
26
27
28
29
30
31
32
33
34
35
36
37
38
39
40
41
42
43
44
45
46
47
48
49
50
51
52
53
54
55
56
57
58
59
60
61
62
63
64
65
66
67
68
69
70
71
72
73
74
75
76
77
78
79
80
81
82
83
84
85
86
87
88
89
90
91
92
93
94
95
96
97
98
99
