Cluster centers 

[ 0.97500743 -0.56903129  0.12268982 -0.92289535]
[-1.20021546 -0.92379873 -1.37027974  0.16119051]
[ 0.98211972 -0.11142106 -0.29361866  0.39595324]
[-1.20542741  1.2047997  -0.52437869  0.29252307]
[-0.58640668 -0.50163611  1.65894957  1.19476897]
[ 0.66538188  2.05047309  2.52970379 -1.33279222]
[-1.18726744 -1.33873666 -0.45399195 -0.62186512]
[ 0.82222436 -0.37080011  1.06417345  0.76862367]
[ 0.96266517 -0.23340392 -0.71071369 -0.32410949]
[-1.11102489 -0.49699503 -0.00301899  1.24061618]
[ 0.82664641 -0.26499301 -1.2790385  -2.34588465]
[-1.21618571  2.30664554  0.22247796 -1.88607599]
[-0.01384825  1.3517947  -3.41097202  1.05847986]
[-1.02935375  1.17831536  1.17340931 -0.24473071]
[-1.06737294 -1.69709668  1.01868077 -3.31688861]
[ 0.73096261 -0.03594109 -1.96753801 -0.80441512]
[ 0.27408252 -1.31994899  2.06485605 -0.0346853 ]
[ 0.95331569 -0.29218179  0.32589231  0.45206937]
[ 0.66765705  1.45774993  2.03945203 -0.16120704]
[ 0.92726534  2.22434968 -0.39030406 -0.16824467]
[ 0.90081205  0.57681988 -1.38406437  0.8717882 ]
[ 0.94615362 -0.63247405  0.49943321 -0.45915778]
[-1.18651452  1.61162728  0.28317702 -0.61379874]
[-1.17335809 -0.63603908 -0.53224396  1.11564176]
[-1.08418444  0.58266749  0.54482874  0.69574959]
[ 0.81453593  3.1813429  -0.67791728 -1.61567369]
[-1.20554707  0.80378287 -0.84780069  0.81960832]
[ 0.48439924 -1.36065986  1.92620914 -1.37035216]
[-1.02776318 -1.21478151  0.41089512  0.63721337]
[-1.08648099 -1.67660247  0.67720105 -2.27764293]
[-1.12170379 -1.34641965 -0.01930726 -0.02710139]
[-1.1799078   2.36644529  1.07891963 -2.52054018]
[ 0.69759162 -0.98319752  1.53337823 -0.0922689 ]
[-0.75412369  0.82829276  1.89369591  0.09440755]
[ 0.93345474 -0.37720725 -0.74379727 -1.66338295]
[ 0.97531319  0.37948232 -0.60230949  0.86809242]
[ 0.97257477  0.42662769  0.10728449  0.99300928]
[ 0.96122299  2.59942444  0.36403026 -1.02107732]
[ 0.97983522 -0.39435486 -0.2367972  -0.46109691]
[-1.20007753 -1.44002325 -0.29641405 -2.18452539]
[-1.19378975  0.73812798 -0.40103066  0.77514999]
[-0.93052278  1.56854392  1.88428302 -1.17165603]
[-0.95290198 -0.07841427 -2.90157705  0.79225515]
[-1.20828622  2.15205794 -0.30367678 -1.2803985 ]
[-1.11766332  0.91646386 -1.98074622  0.98997062]
[ 0.77653033  0.22753456  1.32966791  1.01200159]
[-0.94056941 -0.81715913  0.71622849  1.18073411]
[-1.17735162  1.16787648  0.10005448  0.12921254]
[ 0.97195252 -0.45751813 -0.34033751 -1.20262637]
[-1.16439118 -0.79847355 -1.86770772  0.01780005]
[ 0.68563458  2.27657677 -1.82938931  0.19060973]
[ 0.10036794 -0.21999821  2.18472226  0.98410884]
[ 0.86808643 -0.64186444  0.92161546  0.15546416]
[ 0.62020375 -1.37597727  2.168666   -2.51143954]
[ 0.91366528  0.52773349  0.74627238  0.97878511]
[ 0.93597834 -0.43296372 -0.55381245 -2.37161904]
[ 0.74968291  0.38402136 -2.11876378  0.48404463]
[ 0.95634566  0.12077812 -0.91680623  0.50599199]
[-1.20804997  0.88604203 -0.74237245  0.72561677]
[-1.20879154  1.74407318 -0.5070043  -0.47931094]
[-1.1415865   0.40632989  0.05487406  0.9657539 ]
[-1.12650089 -1.51007852  0.13410811 -0.83039573]
[-0.93150873 -1.54308483  0.85224187 -0.14152823]
[ 0.93164146 -0.23671887 -0.97407821 -0.72454012]
[ 0.97335761  1.19897258 -0.29989206  0.81872565]
[-1.20282117  0.10923816 -1.03738976  1.24601478]
[-1.13702381 -1.08517406 -0.19933089  0.63269358]
[ -8.39736562e-04   1.45148907e+00   2.88278639e+00  -8.87858452e-01]
[-1.05480617 -1.63580606  0.59315723 -1.16354016]
[-1.17378357  0.11468715 -0.37600013  1.19893797]
[ 0.36699735 -0.96796913  1.90380168  0.65874895]
[-1.20127424 -1.22809424 -1.01668155 -1.35155027]
[-1.17059674 -1.4950682  -0.08471413 -1.45860034]
[  9.70550557e-01  -9.19355139e-04   8.89275534e-02   7.65666722e-01]
[ 0.80260013 -0.99244084  1.31248116 -0.80499413]
[-1.20217022 -0.54237167 -1.09064599  1.06843257]
[-1.00110929  0.74915403  1.06566328  0.3914823 ]
[-1.17623198  1.95204192  0.70039791 -1.42847561]
[ 0.74724514 -0.20583993 -1.35480302 -3.43371376]
[ 0.91053804  1.04657337 -1.20334183  0.9688622 ]
[-0.85227492 -1.77045197  1.31801494 -1.36200261]
[-1.1933266  -0.97441452 -0.78333626  0.55061141]
[ 0.5650853  -0.06609504  1.82537985  0.97242739]
[-1.18254743  0.0341137  -1.66694414  1.22636089]
[ 0.9520794   1.7156736   0.75363373  0.08786906]
[ 0.88401893  1.10003375  1.12278496  0.60504009]
[ 0.84082013  0.1525427  -1.70060329  0.17237298]
[ 0.90377844 -0.09391608 -1.25761531 -0.32612205]
[-0.89389592  2.9872495   0.55931647 -3.38414628]
[ 0.87919825 -0.24787238 -1.21482517 -1.35501065]
[-1.20018422 -1.16376104 -0.81549332 -0.13578639]
[-0.8385775  -1.3027055   1.05776246  0.66909358]
[-0.94270224 -0.23150445  0.85333218  1.19643192]
[ 0.96867067 -0.14614974 -0.67129307  0.04499636]
[ 0.62558791  1.19859515 -2.43141389  0.86863996]
[-1.00696139  1.96711415  1.91210543 -2.03062194]
[ 0.97188412 -0.4323012   0.11266732 -0.13363186]
[-1.18335803 -0.56364746 -1.70784331  0.77175886]
[-1.20641782 -1.2419994  -0.83673845 -0.71470837]
[-1.17776563  1.49112208 -1.20588834  0.17674866]

Populations

0.0123393556035
0.007624511131
0.0224976394372
0.0134308288679
0.00345995057871
0.00305930333184
0.0117733598362
0.0198417658014
0.0126848359855
0.0173837140252
0.0063541268678
0.00809693436555
0.000374000451037
0.0158799657386
0.00495380293512
0.00738778985005
0.00824142132987
0.0201332008604
0.00879268161198
0.0024094511542
0.00815221503321
0.00964376648874
0.0228411726229
0.016827060589
0.0126944854738
0.00133199287617
0.00839353235374
0.00234743003897
0.0137059471139
0.00928371033829
0.0193499029851
0.00548629141117
0.0064643370772
0.00325425705122
0.0096941172908
0.0169871141595
0.0159689912953
0.00237694014642
0.0163603180133
0.00417025126785
0.0114743533653
0.00598921479944
0.000970805249785
0.0107824190662
0.00366478051183
0.0101286723718
0.00790433948739
0.0211376001747
0.0144180230008
0.00278437762389
0.00177938488039
0.00425664393444
0.0128336924114
0.000126210563323
0.015664039338
0.00877801215079
0.00397568915998
0.0170914139824
0.00505630441445
0.0170242703315
0.0122542777976
0.0130428654608
0.0132772818727
0.0133359376837
0.00950324307604
0.0129223979422
0.0178240892571
0.00195391913727
0.0102205558731
0.0143511184087
0.0115010394452
0.00333095637181
0.00876315480473
0.018177735819
0.00421859317581
0.0174389256378
0.0100795570021
0.0167210361469
0.0034367364875
0.0059825669246
0.00716885137075
0.0182941289556
0.00876509396128
0.00831530976096
0.00729479924645
0.0117268641389
0.00907774838177
0.0144963185224
0.00265097457245
0.0115792725753
0.0142060893654
0.00838569121808
0.0093308729787
0.0170723349188
0.00174563015569
0.00339014351751
0.017167010884
0.00681970375918
0.00699879085808
0.009285662327

State labels

0
1
2
3
4
5
6
7
8
9
10
11
12
13
14
15
16
17
18
19
20
21
22
23
24
25
26
27
28
29
30
31
32
33
34
35
36
37
38
39
40
41
42
43
44
45
46
47
48
49
50
51
52
53
54
55
56
57
58
59
60
61
62
63
64
65
66
67
68
69
70
71
72
73
74
75
76
77
78
79
80
81
82
83
84
85
86
87
88
89
90
91
92
93
94
95
96
97
98
99
