Cluster centers 

[-1.52105286  0.89702612 -0.97640499  0.86013521]
[ 0.66673812 -0.90772584  0.7447983   0.35884034]
[ 0.60605638  0.20464322 -1.34827072 -1.1454206 ]
[-1.32914445  0.96083316  1.74297631 -0.44032503]
[-1.461943   -1.77471183 -0.02893384 -1.93248949]
[ 0.71190721  1.1451258  -1.05475282  0.82163125]
[-1.37312671 -1.32348232 -0.32980097  0.60041425]
[-1.5342312   1.66754796 -0.06678579 -0.27386223]
[ 0.77256591 -0.47107632 -0.18337508 -1.40624117]
[ 0.73467005  1.30771288  1.3633667   0.35079389]
[ 0.62139585  2.98920268  0.41554681 -1.09313898]
[ 0.78460442  0.10006841 -0.53352072  0.3841977 ]
[-0.33493662 -2.25525752  1.67104348 -0.31621578]
[-1.46256349  0.29890152 -0.22998168  1.06235602]
[ 0.31272038 -1.25842038  1.36134121  0.93896466]
[-1.52479974  2.15640875  2.25133133 -2.85062445]
[ 0.78681193 -0.48368904 -0.06135354 -0.45294914]
[ 0.5267585   0.06033695 -1.10725813 -2.61316711]
[-1.50196603 -0.57543175 -1.23968271  0.83614178]
[ 0.62638594  1.75548495  2.6698008  -1.01180843]
[-0.9776645  -1.51492619  0.73188003  1.0829298 ]
[-0.1168605  -0.70214488  1.76720793  1.34202256]
[ 0.7121322  -0.33206424  0.5353162   0.91923512]
[-1.29669593 -2.13397212  0.64990731 -1.6962385 ]
[ 0.33699235  2.97202706 -1.06734946 -0.32831957]
[ 0.42726442  1.39662754 -2.02443633  0.61667706]
[-1.47088727  1.58415362  1.67175689 -1.34785657]
[-1.49807285 -1.3559793  -0.77247256 -0.73996988]
[ 0.76918806 -0.83595118  0.39156625 -0.93605894]
[-1.53243111  1.63963755  0.5331603  -0.62263721]
[ 0.72570267 -0.35724531 -0.34056615 -2.21442915]
[ 0.78371067  0.5314904  -0.52299071  0.82245707]
[ 0.75370669  0.11709172 -0.84416389 -0.06596561]
[ 0.67892966  0.53650931 -1.36230792  0.17767793]
[-1.34693819  0.3106038   0.67322703  0.8171183 ]
[ 0.69890933 -0.03252434 -0.9148574  -1.15209292]
[-1.44530038 -0.31703118 -0.54547665  1.26993031]
[ 0.72741946 -0.51979675  0.04704054 -2.9145698 ]
[ 0.4728329  -0.26156133  1.43345357  1.24011918]
[ 0.26575584  0.69539656  2.86459332  0.01012396]
[-1.5285135   1.41191151 -0.50768871  0.24845333]
[-1.4908998   1.46181691  1.15256704 -0.79264164]
[-1.49238732  1.54426378 -1.0787526   0.39245134]
[ 0.50912598  0.52518766 -1.82967057 -0.61339062]
[ 0.78879538  0.12634551 -0.15224613  0.78211229]
[ 0.77804117  1.36963858  0.62808532  0.58811643]
[-1.21381716 -0.1619423   0.812922    1.15652639]
[ 0.77801048  0.44037393  0.18110879  1.02653881]
[-1.41646678  1.05054714 -2.04614224  0.9476787 ]
[-1.50235535 -0.993875   -1.12176143  0.15615668]
[ 0.29463572  0.30234508  2.21619761  0.74443189]
[ 0.76410015 -0.90123191  0.50875436 -1.87245782]
[ 0.78884613 -0.25146354 -0.25655538  0.00634645]
[-1.42797769 -1.47998728 -0.44243614 -0.16047033]
[ 0.72779023  1.84496882 -0.30921946  0.52303464]
[ 0.77829    -0.38753392 -0.28445365 -0.90748338]
[-1.47759181  1.8543902   2.11007127 -2.15500863]
[ 0.75844425 -0.52227362  0.26642041  0.32961398]
[-1.1884751  -2.08200099  0.61426062 -0.63639386]
[-1.49447282  2.30561439 -0.09321985 -1.05730773]
[ 0.57479053 -1.38139106  1.12959823 -0.31771443]
[ 0.74336449  2.25502368  0.56296798 -0.21683678]
[ 0.28552706  3.78934884  0.35814926 -2.45413662]
[ 0.70162971 -0.1580985  -0.72368214 -1.62905735]
[-1.50972446  0.86381942 -0.2955958   0.67011333]
[-1.50942139  0.18416892 -1.03037267  1.15811065]
[-1.55706044  2.48286362  1.39264522 -2.61835593]
[ 0.60320544 -0.20629872 -0.26127164 -4.01823968]
[-1.38629246 -0.93032044 -0.40269708  1.08681813]
[-1.50712922  0.03280201 -1.77327854  0.95959499]
[ 0.76660266 -0.15197798 -0.58947753 -0.53066793]
[ 0.16239162 -1.78094686  1.51184703  0.25616288]
[-1.22467675 -0.58927129  0.42246363  1.33770492]
[-1.25457541  0.61996375  1.53628511  0.13834393]
[-0.35091683 -1.61445407  1.43865922  1.11860962]
[-1.1518899   1.07186098  2.7798884  -1.26370896]
[ 0.56274633  0.80006379 -1.82373893  0.16103123]
[-1.06742213 -1.96948615  0.67900041  0.14721645]
[ 0.77711694  1.09479502 -0.2562892   0.90977257]
[-1.44737697 -1.06781356 -0.71211572  0.64767205]
[-1.51410953  1.19667119  0.18678382  0.12616212]
[-1.4421712   0.80339905  0.62321748  0.34559881]
[ 0.72884601  0.60204556 -1.0953629   0.52678413]
[-1.54576523  2.15992429  0.86832992 -1.6198095 ]
[-1.51631676 -0.95651707 -1.36382099 -0.50100371]
[ 0.61087721  1.02913534  2.04494524  0.24887682]
[ 0.78278349 -0.21281033 -0.02354863  0.50162636]
[ 0.61192783  1.70662659 -1.31521825  0.72784764]
[ 0.5927037  -0.78499372  0.93095695  0.87892968]
[ 0.74873826 -0.80094735  0.43027654 -0.23310095]
[ 0.73488524  0.79863061  0.8933896   0.89243432]
[-1.46428831  1.11801846  0.85050074 -0.13807083]
[-1.23987547 -2.30708615  1.25555095 -3.01495974]
[-1.40020016 -1.76492048 -0.06218399 -0.86731337]
[-1.4939004  -0.44664444 -1.9023037   0.13735469]
[-1.4020254   1.21576619  1.67263575 -0.77494377]
[-1.51005699 -1.35616898 -0.77972659 -1.4385959 ]
[ 0.69814634  0.19802161 -1.14000476 -0.42718149]
[ 0.73163521  1.64721015  1.78504842 -0.2259478 ]
[ 0.71672635  0.21664715  0.70595616  1.11943153]

Populations

0.00834629460781
0.0168528433326
0.0116237669678
0.00595677035609
0.00720090405014
0.00886165164561
0.0127123113437
0.0112168492375
0.012301674999
0.00684803214979
0.00271774312363
0.0266707727619
0.00430336655862
0.0110846402058
0.0087225959839
0.00198667113157
0.0185420612287
0.00820970325886
0.0161746702774
0.0075668514824
0.00820408381068
0.00499426068258
0.019946168052
0.00878180837099
0.00205483924895
0.00275820640574
0.0067566728535
0.00869716728605
0.0126441776898
0.00995109631576
0.0133700012729
0.0222014131446
0.0230498061192
0.0099500237438
0.00595434622714
0.0133287416302
0.0139072565537
0.00510954797409
0.0144882774509
0.00479275544179
0.00757899136749
0.0108510243683
0.00281144627485
0.00820496720104
0.0201802346286
0.00660635745061
0.00358412511533
0.0237399348609
0.00317035982974
0.0100143558162
0.00663742069621
0.0061759090638
0.0250473252747
0.0123142822751
0.0037759088766
0.0180866384098
0.00475356515754
0.0219651887545
0.00641294609966
0.00602013586824
0.0106191847006
0.00407284184691
0.00102602941321
0.0127797993818
0.0132044025006
0.0114765755345
0.00355848686631
0.00276366052904
0.011134542632
0.0119797265514
0.0243298551039
0.00808046839902
0.00557667596637
0.00710978696657
0.00794650481879
0.00237746954774
0.00614831293111
0.00590070254582
0.00990707159201
0.00793145461054
0.0107083020915
0.00836012367905
0.0157062477877
0.00873511243955
0.00681476654282
0.00579022740367
0.0251053077062
0.00445315585297
0.0177527145267
0.0143410305703
0.0106614979367
0.00599351397411
0.00428233960417
0.00944682797874
0.0080035413443
0.00432416927257
0.00313579207823
0.0221926937335
0.00379132396805
0.0157058167043

State labels

0
1
2
3
4
5
6
7
8
9
10
11
12
13
14
15
16
17
18
19
20
21
22
23
24
25
26
27
28
29
30
31
32
33
34
35
36
37
38
39
40
41
42
43
44
45
46
47
48
49
50
51
52
53
54
55
56
57
58
59
60
61
62
63
64
65
66
67
68
69
70
71
72
73
74
75
76
77
78
79
80
81
82
83
84
85
86
87
88
89
90
91
92
93
94
95
96
97
98
99
