Cluster centers 

[ 0.96230733 -0.38371134 -0.27452366 -0.57272508]
[-1.19563275  1.23517051  0.53797355 -0.15479255]
[-1.21171301 -0.90207646 -1.24269723 -0.20777163]
[ 0.79504635 -0.83157026  0.95770858  0.44409996]
[ 0.95477961  0.6862807  -0.2727467   0.90524639]
[-1.13070726 -1.91397731  1.09545166 -3.4275534 ]
[-1.1743441   0.77754325  0.24898447  0.54912789]
[-0.75947038 -1.13798092  0.97604482  1.23529962]
[-1.19942706  1.72026002 -0.93478308 -0.25943265]
[ 0.62412953  0.03181033  1.47655849  1.32900331]
[-1.10366448 -1.85497809  0.66600645 -1.80557168]
[ 0.71916239  0.21281607 -1.86291699 -0.9656732 ]
[-1.22463727 -0.05398692 -1.38740086  0.99326726]
[ 0.91064695 -0.62401547  0.47767466  0.13244903]
[ 0.63261898  1.27861201  2.50048907 -0.12621217]
[ 0.81309925 -0.12053217 -1.21735237 -1.76805039]
[ 0.65512667  2.42516856 -1.59814543 -0.13170491]
[ 0.92044514 -0.04053897 -0.96900663 -0.47889446]
[-1.20392961  2.07237475  1.71219748 -2.40446607]
[-1.21183402 -1.33878143 -0.58741997 -1.20675586]
[-1.02354399 -0.63369354  0.26769666  1.35395496]
[ 0.86596632  0.50134167 -1.49022661  0.25567404]
[ 0.95851706  0.1337449  -0.57116808  0.47150558]
[-1.15386862 -0.22812871 -0.30279239  1.25734857]
[-0.91663606 -1.83959234  0.92756858 -0.33666477]
[-1.23406387  1.93531932  0.72994843 -1.45257986]
[ 0.59929098 -1.80565702  2.33046669 -1.97594276]
[-1.23143484  1.41517944 -0.38280771 -0.0549492 ]
[ 0.39845561 -1.3519637   1.69276997  0.63224353]
[-1.08368092  0.40067417  0.58981446  0.89307944]
[ 0.92326853 -0.32729634  0.26221674  0.55081782]
[ 0.83305866 -0.4800915  -0.2244204  -3.43589908]
[-1.09847988 -1.43310636  0.07235868  0.10214997]
[ 0.94389202 -0.89716581  0.64992705 -1.53111714]
[-1.19174114 -0.35939803 -1.90071402  0.29593324]
[ 0.79204623 -0.0304203   0.93402407  1.24854981]
[ 0.63893925 -1.52325812  1.7566027  -0.72355716]
[-0.07319424 -0.28762674  2.005436    1.45979186]
[-1.08316778  1.22338256  1.52506365 -0.54003345]
[-1.22457441  0.90945011 -0.46312086  0.56951522]
[ 0.96064629 -0.15061768 -0.24801071  0.28745326]
[ 0.94594496 -0.45728597 -0.33259403 -1.58643914]
[-1.14775531 -1.15342478 -0.32769524  0.46135494]
[ 0.67546054  1.36274841 -2.02508943  0.53524333]
[ 0.95539576 -0.72078231  0.33735874 -0.90728978]
[-1.19996496 -0.53972894 -0.81621897  0.98953058]
[ 0.93630052  1.50900686 -0.38832108  0.56065985]
[ 0.87568195  1.71997177  1.60332772 -0.26933343]
[ 0.79227414  0.97825185  1.53374122  0.67722844]
[-0.94785869 -1.57663799  0.59796278  0.29620974]
[-1.08392536  2.7047683   0.14174331 -2.50090871]
[-0.78619231  0.6935763   2.11754666  0.16560156]
[ 0.86353021  0.42095633  0.74243732  1.12573955]
[-1.20722996 -1.25004811 -0.66530014 -0.58646471]
[ 0.75083048  0.64432211 -2.02078448  0.07242575]
[-1.19407632  1.61000982  1.10321958 -1.04712992]
[  9.49800332e-01  -6.61567533e-04  -7.39126600e-01   1.75082524e-02]
[ 0.92722697  1.01625218 -0.90368789  0.78108446]
[-1.13050423 -0.86413324 -0.28755528  0.97989097]
[-1.21466752 -0.82185827 -1.02646858  0.42675789]
[ 0.91517894 -0.20767445 -0.82973198 -1.08491808]
[ 0.90202508 -0.41031136 -0.48635071 -2.29967737]
[-0.9318437  -2.15511051  1.58437632 -2.23711555]
[-1.19184556  0.41966296 -1.88316674  0.87242111]
[-1.11355756 -1.60185205  0.1821488  -0.53547315]
[-1.03153816  1.4307891  -2.3271826   0.41729126]
[ 0.95909153 -0.34265648 -0.06900392  0.04704471]
[ 0.93435679  1.23470526  0.51509854  0.66580623]
[-1.07478936  0.89946207  1.15275244  0.13664589]
[ 0.52879585 -0.66826588  1.45918042  1.27295711]
[-1.17950048 -1.2794019  -0.42770554 -0.13093954]
[-1.22204861 -0.51253083 -1.3834945   0.61450718]
[ 0.80744429 -1.08372695  1.10854991 -0.27744996]
[-0.46606517 -1.90032084  1.63339031  0.09940179]
[-0.96143043  1.34389656  2.33189416 -1.13047395]
[ 0.41441183  0.17668552  2.00944962  1.21068277]
[-1.14738254 -1.64407609  0.15342501 -1.13469039]
[ 0.92770459  0.17167975  0.18003825  0.97715224]
[ 0.9637296  -0.29672731 -0.30277128 -0.22357633]
[ 0.95648513  0.16578189 -0.22642453  0.75973132]
[-0.97261229 -1.92451898  0.95325703 -1.00343266]
[-1.23209592  1.59845185  0.15586954 -0.5542449 ]
[ 0.83007712 -0.12173791  0.7469927   1.13425834]
[ 0.76595457 -0.60336231  0.97495768  0.91185008]
[-0.95513102 -0.26149414  0.68012378  1.35717057]
[-1.22604491  0.40078263 -0.95530101  1.00976858]
[-1.22296579  1.16225793 -0.04970814  0.16244295]
[-0.08833863 -1.21536298  1.68122213  1.29839906]
[-1.15244898 -1.55408116 -0.00257307 -0.74419453]
[ 0.84477489  0.00914889 -1.32678859 -0.98984218]
[-1.05752966  0.61023339  0.94070515  0.59388255]
[-1.18381063  0.30547951 -0.27011799  1.05227656]
[-0.84357665 -0.10440061  1.16823518  1.27915064]
[ 0.54406022  0.66223915  2.11970462  0.77593168]
[ 0.94899465 -0.59668902  0.23856925 -0.33208197]
[ 0.93558024  0.50311531 -0.95675151  0.60255158]
[ 0.96262227 -0.47630185 -0.19787466 -1.01292196]
[ 0.91761054  2.20164045  0.11024874 -0.31260296]
[-1.21714267  2.1671191  -0.00371118 -1.43244096]
[ 0.86451457  0.25602245 -1.44468198 -0.18325661]

Populations

0.0149013320625
0.015578389082
0.0134690954744
0.010209468779
0.0159028995833
0.00308818854845
0.0120446162155
0.00872946743346
0.00849314499966
0.00682405751678
0.0125314264427
0.00517289979021
0.0126212071085
0.0105611997753
0.0078476749465
0.00849781922104
0.00190674253764
0.0178726305309
0.0101799170682
0.00860646116896
0.00772922555261
0.00851148116222
0.0144064593458
0.0160704550183
0.00604117220469
0.00957871992801
0.000348653680307
0.0124711860321
0.00983421088918
0.0066411902522
0.0196393412298
0.00586966493037
0.00992820998845
0.00572907024078
0.00868736541893
0.00577364987097
0.00299058462771
0.0024819505308
0.0111265922751
0.0182872648653
0.0191663354509
0.0135785829775
0.0161784613553
0.00484462892942
0.00762437695006
0.0147816857478
0.00543629560934
0.00760601948037
0.00836187721597
0.00846998738436
0.00346382621405
0.0028015424392
0.013394624908
0.0123610886214
0.00552356000831
0.0153340886961
0.0196030881082
0.0100271865469
0.0159252054049
0.0148257060084
0.0138036696526
0.0131597534669
0.0045810565225
0.00970034514465
0.00854739043777
0.00290224623513
0.0142114868323
0.0104918688421
0.0102327259709
0.00921640485358
0.013538708458
0.01200276735
0.00817034976633
0.00495809836455
0.00612761075134
0.00334537610049
0.00728121772829
0.0178717726701
0.0147067840268
0.0159693882038
0.00788705849953
0.0170033863455
0.00868924242879
0.0123583170116
0.00397836514636
0.0155568977202
0.0122493599642
0.00735994020347
0.00531981250958
0.00812006490908
0.00557181625851
0.0128325209364
0.00481717841844
0.00474397525153
0.0133390003501
0.0139748390584
0.0131550213184
0.00517316572308
0.00932391678012
0.0112338454034

State labels

0
1
2
3
4
5
6
7
8
9
10
11
12
13
14
15
16
17
18
19
20
21
22
23
24
25
26
27
28
29
30
31
32
33
34
35
36
37
38
39
40
41
42
43
44
45
46
47
48
49
50
51
52
53
54
55
56
57
58
59
60
61
62
63
64
65
66
67
68
69
70
71
72
73
74
75
76
77
78
79
80
81
82
83
84
85
86
87
88
89
90
91
92
93
94
95
96
97
98
99
