Cluster centers 

[ 1.0464905  -0.40038956 -0.26912269 -0.82144923]
[-1.08594711 -0.56056432 -0.7306416   0.98923009]
[-1.02264117  1.84688024  1.64143308 -1.37506567]
[ 1.04565194  0.20894049 -0.12744164  0.89639152]
[-0.96788139 -1.57867499  0.72555328 -0.61466094]
[-1.09682839  1.13027027 -0.10755822  0.19273741]
[ 1.01722581  0.13971501 -1.17554434  0.14472345]
[ 0.72194703 -1.04150965  1.61282734  0.20483423]
[-1.11778347 -1.26590396 -0.52673414 -1.14095704]
[ 0.94252595 -0.20448271 -1.12491667 -1.38924057]
[ 0.70944998  2.18403775 -1.81751782 -0.24411444]
[-0.35828104 -0.62121168  1.51832477  1.56807136]
[ 0.84160778  1.08526066  1.55446096  0.7771734 ]
[-1.02054514  2.3092283   2.29355156 -2.64523686]
[ 1.00215358 -0.61316959  0.57751435 -0.1022906 ]
[-1.05981506 -1.18382578 -0.21507895  0.23469964]
[-1.04283392 -1.66686789  1.22854666 -2.7674253 ]
[ 0.57894307 -1.36689222  2.15010956 -0.77646445]
[-0.90776007  0.87938327 -2.57307719  0.48041181]
[ 0.99405226  0.2506344   0.37499382  1.11828532]
[-0.97243644  0.85185584  0.80444458  0.47585401]
[-0.96805276  2.71231448  1.00152016 -2.94593706]
[ 0.98413122 -0.39243469 -0.45954405 -2.18230852]
[-1.10745167  0.33009468 -1.01079128  0.95323625]
[ 1.05675543  0.49214627 -0.67644376  0.81255724]
[-0.85299539  0.13956399  0.81314753  1.22186615]
[-1.09235354  2.0928812  -0.23703815 -1.28864438]
[-1.07012027  1.31360415  0.5091877  -0.15769757]
[ 1.05241752 -0.34914634 -0.16402433 -0.21932047]
[ 0.50619247  1.99669251  3.33386824 -1.18692202]
[-1.11128272 -1.01590847 -1.15931472 -0.54767217]
[-0.96679772 -1.74845816  2.13627734 -3.69679038]
[-0.97627784 -0.97517317  0.07531185  0.9533211 ]
[ 0.81161893  2.93850171 -0.7212889  -1.52668534]
[-1.05633344  1.50417374 -1.32814886 -0.11739916]
[ 0.48046311  1.27415684  2.62008304  0.24259535]
[ 0.97807651  0.87525095  0.70543294  1.0046265 ]
[-1.11250655 -0.64400454 -1.26694416  0.58612366]
[ 0.79252741 -0.04859269  1.17609046  1.32397427]
[-1.06416101  0.75214627  0.01543681  0.64195309]
[ 1.01910767 -0.36614448 -0.5090043  -1.35994491]
[ 1.04183514 -0.16103141 -0.04277237  0.528809  ]
[ 0.98729781 -0.09850746 -1.15267759 -0.61419164]
[-1.07546105  0.57001119 -1.82301013  0.7240331 ]
[-0.96512888 -1.44496405  0.48682278 -0.02941776]
[-1.09662392  1.8173138   0.72467592 -1.06915274]
[-0.57629508 -1.2183495   1.27490553  1.12722667]
[ 0.89537497 -0.64770997  0.97223753  0.51923002]
[-0.86522407  1.03396908  1.50744272  0.16337885]
[ 0.93332618  0.92045766 -1.81167065  0.51087676]
[-1.02814401  1.42992127  1.04427197 -0.44077719]
[-1.10189447 -1.46311217  0.16177501 -1.7864499 ]
[ 0.45774454  0.48550691  2.02240653  1.21057679]
[-0.81412396 -1.83065911  1.8600084  -1.88242264]
[ 1.02903455 -0.59127548  0.33209822 -2.42825661]
[ 1.05232534  0.90539956 -0.10763975  0.91430516]
[ 0.9677926  -0.85193612  1.04917385 -0.75823239]
[-0.66602537 -1.60174275  1.41523624  0.14604916]
[-1.08525878 -0.93518618 -0.61935439  0.55339629]
[ 1.04524978 -0.58810533  0.23325857 -1.43038377]
[ 1.05420077  0.11777463 -0.67400939  0.5006675 ]
[-0.81510269 -1.73623471  1.41613086 -0.85379641]
[-1.06724165  0.16208496 -0.38278958  1.10442472]
[-1.09981565  1.60999222 -0.64823839 -0.39079511]
[-0.49844537  0.43068062  1.87737669  1.00826889]
[ 0.95818069 -0.29539332  0.59164747  0.85432055]
[-1.08569007 -1.32202772 -0.18877077 -0.46867764]
[ 0.68822934  0.50636909 -2.57353411 -0.15278199]
[-1.11093566  1.58594684  0.01740365 -0.49745749]
[ 1.05013912  1.59096074 -0.34839626  0.4194883 ]
[-0.97868943 -1.27813734  0.25378479  0.41416094]
[ 0.92956802  1.97256771  1.87445065 -0.4481097 ]
[-1.10698574 -0.29637236 -1.09922507  0.9982631 ]
[ 1.0451859   2.23121556  0.14718448 -0.43185956]
[-1.10965829  2.20330953  0.85713746 -1.87463269]
[-1.01635449 -1.66561341  0.97266467 -1.78840284]
[ 0.91777374  0.19843081 -1.75530524 -0.19874608]
[-1.02088225 -0.5217252  -0.20840012  1.20223439]
[ 0.82141379 -0.24017839 -1.12231805 -2.66155809]
[-1.06285173 -1.49033925  0.27414661 -0.97639432]
[-0.82069985  1.42450892  2.10706365 -0.59231252]
[ 1.0104557   1.63164821  0.97044946  0.25611758]
[ 1.03604133 -0.20243782 -0.70714422 -0.43722682]
[-1.09758031 -0.77087317 -1.54412509 -0.02517867]
[ 1.02782346 -0.38691659  0.22350895  0.25245185]
[-1.10862612 -1.1083723  -0.6971156  -0.12138881]
[ 0.29190691 -1.36306165  2.06363178  0.38543011]
[-1.04096669 -0.27886684 -2.19091691  0.39689918]
[ 0.06672184 -1.19971162  1.87312256  1.05208606]
[ 1.0281085   0.80683327 -1.15598438  0.69628465]
[-1.10845941  0.89890235 -0.79578588  0.51850001]
[ 1.05390229 -0.13180581 -0.49394731  0.13651295]
[-0.84209197 -0.67507223  0.56732304  1.38136895]
[ 0.49682584 -0.72206051  1.63590726  1.23929111]
[-1.1037125  -0.1415377  -1.64127773  0.83770371]
[ 0.80962556 -0.00585463 -1.83910563 -1.118567  ]
[-0.99789489  0.20814967  0.17741701  1.1255764 ]
[-0.82827297 -1.26574342  0.7386236   0.80592993]
[ 1.04278778 -0.56232113  0.27317915 -0.63368949]
[ 0.91667361 -0.36829432 -0.24344106 -3.53334747]

Populations

0.0141453657221
0.0151814296261
0.0101788275979
0.01517980483
0.0122581789624
0.0190965198967
0.0147864078406
0.00761774944965
0.0117668090768
0.0109918518168
0.00189367305039
0.00293689581206
0.00735052933578
0.00407199791061
0.00961537703898
0.0153175335602
0.00454556933518
0.00274224407332
0.00213749110432
0.016115214442
0.0167449701685
0.00321365185834
0.00927661662062
0.0151793600275
0.00995198612523
0.00711065053617
0.0113982119618
0.0140671864824
0.0162013318993
0.00131336380435
0.00799802633698
0.0013699767484
0.0139843355109
0.00174256141892
0.00813436350621
0.00422490141951
0.0106215359238
0.0193108620466
0.0141706495017
0.0173373992152
0.0118488396013
0.0166129023128
0.0134055473961
0.00737607249801
0.012900271296
0.0182943279007
0.00429579159145
0.01099241969
0.00730964897363
0.00570602590668
0.0143943844099
0.00889000152131
0.00481651096965
0.00467901906933
0.00447751954265
0.00935680783209
0.00495376139509
0.00591142611326
0.0188120449445
0.0107409907354
0.0151287916765
0.00748044045638
0.016805817335
0.0142409293234
0.00305524809668
0.0142308969703
0.0175284821061
0.00202627383819
0.017587497928
0.00415278286147
0.0110872296135
0.00472800911569
0.0125146629428
0.00268517120841
0.00984860920813
0.00973762499373
0.00852196102217
0.0146414106735
0.00417740163958
0.0115412722688
0.00527711019262
0.00616641108413
0.0173236875528
0.0089045828811
0.0141701512558
0.0181476272326
0.0055975625873
0.00508470856152
0.00490000801333
0.0089744303078
0.0204763239387
0.0171277166048
0.00872261841342
0.010983954299
0.0102961849982
0.00536098567773
0.0112414184456
0.0076582922782
0.0107073274172
0.00410265968537

State labels

0
1
2
3
4
5
6
7
8
9
10
11
12
13
14
15
16
17
18
19
20
21
22
23
24
25
26
27
28
29
30
31
32
33
34
35
36
37
38
39
40
41
42
43
44
45
46
47
48
49
50
51
52
53
54
55
56
57
58
59
60
61
62
63
64
65
66
67
68
69
70
71
72
73
74
75
76
77
78
79
80
81
82
83
84
85
86
87
88
89
90
91
92
93
94
95
96
97
98
99
