Cluster centers 

[-1.02487296  1.99171108  0.62511836 -1.55021702]
[ 1.11524213  0.20659574 -0.92389086  0.38288743]
[-1.01587995 -0.80443421 -0.87005559  0.60099543]
[ 0.80277752 -0.74445986  1.44673443  0.60398268]
[-0.95698019 -1.50072521 -0.09357771 -1.32755496]
[-1.02610719  1.2474001  -0.05738373  0.12876022]
[ 1.11027627 -0.16089622 -0.94685477 -1.48421264]
[ 1.11460233  0.57189913  0.2665137   1.10270948]
[-1.02020395  0.20964136 -0.45450344  1.17993461]
[-0.91203963  1.00619631  1.30627522 -0.24111643]
[-0.91771971 -0.92474439  0.18837295  0.93500387]
[ 0.50919448  0.97202471  2.86524663 -0.20606042]
[ 1.13189412 -0.30647877 -0.53315167 -3.12623281]
[ 1.10397748 -0.25131382  0.25495546  0.38508786]
[-1.00698752 -0.13792266 -1.32836704  1.16005623]
[ 1.081394    0.12900559 -1.26067257 -0.17257382]
[-1.01110868 -1.00772527 -1.04861798 -0.22017445]
[ 1.09037356  1.76781406  1.16246647  0.02919846]
[-0.86287229 -1.59228859  0.42222136 -0.72775686]
[-0.81703346  2.4492543  -1.20172834 -0.84072488]
[-0.82952293  0.83043714 -2.21311293  1.26474719]
[-0.97863928  0.85350595  0.66676708  0.27653259]
[ 0.85956394  0.15147072 -2.09502508 -1.91362012]
[ 0.9409118  -0.41449427  1.11911256  0.76489432]
[ 1.13709037 -0.01090573 -0.50982546  0.23112184]
[ 0.90062117 -0.89323225  1.1916026  -0.09692697]
[-0.92895926 -0.34825841 -2.04044821  0.46856765]
[-0.86519513 -1.71029586  0.63317204 -3.41660083]
[ 1.10438432  0.65613336 -0.9161583   0.99327511]
[-1.00451032  1.94890324 -0.22464155 -0.81085978]
[ 1.1277393  -0.28809564 -0.65666434 -2.2471496 ]
[ 0.50710163 -1.35530116  1.84147588 -0.15779476]
[-0.84618947 -1.73235313  0.58420008 -1.78307169]
[-1.01829206  1.07656484 -0.55551055  0.57728682]
[ 1.11340262 -0.46821068  0.20774052 -0.37063938]
[ 1.0368166   0.09043085  0.80492963  1.0367494 ]
[-0.9669851  -0.05011253  0.18895879  1.17329916]
[-0.6531518  -1.18421989  1.12955383  0.84482474]
[-0.77755928  0.62172886  1.61343377  0.18195779]
[ 0.59539779 -0.51063044  1.91361999  1.04827418]
[-1.00872161 -1.04978379 -0.72558834  0.10861146]
[ 0.95155106  1.95990637  2.28288875 -1.04659426]
[ 1.03846117  0.66044335 -1.46094644  0.86027433]
[-0.97106194 -1.27191557 -0.26861022 -0.14290412]
[-1.00835235  1.51591636  0.7988766  -0.78898372]
[ 0.37643398  1.62537302 -2.90134418  1.23188246]
[ 0.95084154  0.23684517 -1.93165501 -0.60454829]
[-1.00077452  1.52785816 -0.62801483  0.0833512 ]
[ 1.04283982 -0.07542037 -1.28465736 -2.55729275]
[-0.99206397 -0.71182303 -1.53340234  0.13577344]
[-0.6557541  -1.78012113  1.11253978 -0.85665294]
[ 1.1024853   1.10429125 -0.72415099  1.1066444 ]
[ 0.98681505  0.00627644 -1.32117389 -3.88514564]
[ 1.10848811 -0.74002818  0.47900826 -1.84462261]
[-1.02049763 -0.32785832 -0.82004229  1.14811479]
[-0.84372698  1.1803652   1.81689201 -0.79766901]
[-0.28284647  2.79150541  0.43934096 -2.35345403]
[ 1.12470633 -0.06152504 -0.82553515 -0.35341389]
[ 1.14303382 -0.38375463 -0.38244301 -1.84477318]
[ 1.03530174 -0.78196722  0.76035862 -0.67173047]
[-0.96697284 -0.89570792 -0.15443757  0.84636472]
[-0.87346072 -1.25562734  0.34955312  0.46729767]
[-0.9851924  -0.42209071 -0.17291143  1.19883273]
[ 1.12759393  1.29232194  0.16557461  0.90799552]
[ 1.11035607  2.16921188  0.09042451  0.08320273]
[-0.94176217  1.85465724  1.70287422 -2.09276821]
[-1.01620218  0.50314347 -0.16974151  0.94182716]
[-0.99287538  2.26975169 -0.10652551 -1.48212539]
[-1.00071379 -1.2632356  -0.64383551 -0.85242222]
[ 1.04524585  0.79321407  1.0376113   0.9494801 ]
[-0.98459711  0.60416543  0.39394044  0.6666786 ]
[-0.19768061 -1.42618203  1.82226878  0.5558182 ]
[-1.01133215  0.60609295 -0.97851713  1.08990169]
[-1.02689193  1.5822097   0.12743984 -0.4598051 ]
[ 0.71296824  0.36579502 -2.60769306 -0.7052061 ]
[ 0.86669841  0.1314785   1.56680395  1.08363388]
[ 1.12884782 -0.07125391 -0.08088761  0.46446946]
[ 0.94966279  1.09716261  1.74908252  0.45041117]
[ 1.14004996 -0.29896069 -0.27614237 -0.51688916]
[-0.90992142  1.4031919  -1.4753944   0.68532135]
[-0.96710339 -1.12955058 -0.21683352  0.38436947]
[-1.01360082 -0.5421834  -1.20992493  0.83204081]
[ 1.08102769  0.0499439   0.49117764  0.92893176]
[ 1.13261402  0.33244513 -0.33886949  0.89549905]
[ 1.02415931  0.02982502 -1.53467227 -1.42123967]
[-0.79103887 -0.30628614  1.0252172   1.12858092]
[-0.97494861  1.53498808  1.22575053 -1.09964586]
[ 0.0106876  -0.18959406  2.37654156  0.93544157]
[ 1.11448264 -0.11401138 -0.92845857 -0.88265271]
[-0.96919733 -1.49744418 -0.17553857 -2.21311136]
[ 1.01953506  0.29418329 -1.6441722   0.01075671]
[-0.69705142 -1.62294466  0.97181645 -0.1755346 ]
[ 0.30943026 -1.07308831  1.95252477  0.77221983]
[ 1.01947451 -0.60009072  0.77891828  0.12740756]
[ 0.38134082 -1.60332363  1.89366734 -1.11401233]
[-0.93351204  0.56310306  0.8416726   0.54574161]
[ 0.80359996  2.35966145 -1.64628789  0.55218071]
[ 0.98362685  0.18842385  1.12875801  1.09796464]
[ 1.14148983 -0.41291874 -0.18869977 -1.08843564]
[-1.01473178 -0.58530516 -0.69687463  1.00716502]

Populations

0.0166374240665
0.0260841375898
0.0147544072099
0.0180857366447
0.00709253709467
0.0143903756962
0.00790933436602
0.0183785427211
0.00829732562604
0.00918755657001
0.00702149374601
0.00618354078293
0.00150477630446
0.0178107636411
0.0135629705999
0.0315779629735
0.00635364984358
0.00603663661875
0.00936768862132
0.00303281653549
0.00100344363953
0.0112576084323
0.0105192981049
0.018027904139
0.0168705718021
0.0095055870361
0.00513957764099
0.00536818065103
0.0105813016502
0.0100875441562
0.00734688674909
0.0107974275799
0.010372804319
0.01021582317
0.0220786530046
0.0105910955006
0.0103712752145
0.00720143906437
0.0061865739558
0.00676234391558
0.00500048345736
0.00308592788373
0.00998656537623
0.0173578740553
0.0149001838629
0.00124742421062
0.00303792787337
0.00806917727935
0.0062291875817
0.0085533604263
0.00398449036243
0.00760688647571
0.00299413219453
0.00151818633504
0.00817106659792
0.00618705433605
0.00350719981159
0.0238739535723
0.00889697700678
0.00711839884467
0.0109637114597
0.0107041437653
0.0121227820919
0.00303685301105
0.0060396924831
0.0041753837563
0.00803382526556
0.00407035922809
0.0168555995833
0.0103163478174
0.00744286069564
0.00597895703084
0.0111505084538
0.00924831124903
0.00158405142743
0.00408628987139
0.0292796049121
0.010612217605
0.0270392788289
0.00313921403323
0.0109322981133
0.0072401337128
0.0246991392914
0.0272851874539
0.00573997798859
0.00740022735387
0.00720763945485
0.00234265287757
0.0242806055165
0.00525932146325
0.0075739615166
0.00524894892943
0.00538117464939
0.019192535024
0.00828249052191
0.00520530993408
0.00347423132343
0.00760445224316
0.0165146459804
0.00837359956058

State labels

0
1
2
3
4
5
6
7
8
9
10
11
12
13
14
15
16
17
18
19
20
21
22
23
24
25
26
27
28
29
30
31
32
33
34
35
36
37
38
39
40
41
42
43
44
45
46
47
48
49
50
51
52
53
54
55
56
57
58
59
60
61
62
63
64
65
66
67
68
69
70
71
72
73
74
75
76
77
78
79
80
81
82
83
84
85
86
87
88
89
90
91
92
93
94
95
96
97
98
99
