Cluster centers 

[ 0.8148633   2.64195807 -0.54373512 -0.79446952]
[-1.11138385 -1.49356766  0.29470584 -0.74951709]
[ 0.99137593  0.11537995 -0.69468465  0.371824  ]
[-1.18085188 -0.79360247 -1.14493969  0.29885298]
[-1.12124128  2.08790632  1.95647169 -1.55559795]
[-1.18209755  1.20092185 -0.38399071  0.16669436]
[ 0.9916921  -0.54240125  0.33655123 -1.26940505]
[ 0.01549373 -0.06430939  1.72455009  1.68741259]
[ 0.46916133 -1.00496399  1.47883028  1.1940386 ]
[-0.97679734 -1.74869257  1.21036608 -1.0362982 ]
[-1.18170533  1.6641987   0.3160445  -0.51379399]
[-1.13074212  0.37904481 -0.30109544  0.96155782]
[ 0.41741647  1.073877    2.3603835   0.78283312]
[ 0.95113819 -0.06467345 -0.88970014 -0.56219843]
[-1.18368689 -0.31932655 -1.45099622  0.6740465 ]
[-1.0730556  -1.64989558  2.71755082 -4.26344992]
[-0.66688498 -1.32354302  0.99624086  1.20519177]
[ 0.86157964 -0.72667129  0.86390647  0.4611363 ]
[-0.97933135  1.19700796  1.53226641  0.07028084]
[ 0.74306859  0.39905811 -2.04245882 -0.49765158]
[-1.0823642  -0.85897613 -0.33892785  0.97516582]
[ 0.94446452 -0.37655994  0.02387123 -2.19565719]
[ 0.88404029  1.0954781   1.05587145  0.94397239]
[-1.10784501 -1.61701313  0.8842491  -1.7672926 ]
[ 0.92685718  0.32062839  0.34360591  1.1981437 ]
[ 0.95641641  2.62549094  0.90162127 -1.09175851]
[ 0.99375414 -0.46720116  0.12043718 -0.59753537]
[ 0.80430948 -0.10342434 -0.97121111 -2.06244416]
[-1.18289994  1.61649338 -0.41701991 -0.34877258]
[-1.16890507 -1.23765251 -0.43763823 -0.56692251]
[ 0.92160885  0.85441576 -1.46113232  0.43340051]
[-1.01791167 -1.47884442  0.41676152  0.0711475 ]
[ 0.99371621 -0.31367815 -0.12685687 -0.08269179]
[-1.00069729  0.04467096  0.29341723  1.27981793]
[-1.07742063  1.57112757  1.50454028 -0.53590595]
[ 0.38916121  1.83360361  3.53622087 -0.56299207]
[ 0.38811841  1.38320301  2.90190783  0.28670177]
[ 0.99015969  0.65333179 -0.74534134  0.74076518]
[ 0.61221031 -1.30680194  1.85522676 -0.15946807]
[ 0.78876635  0.37977414  1.00287494  1.40696352]
[-1.1314213   1.15123698  0.4552923   0.18818026]
[-1.18375715  1.9565924   0.60952051 -1.01667632]
[-1.15699541 -0.08589383 -1.98709434  0.44977859]
[-1.14703367 -0.23599347 -0.76689055  1.07554328]
[ 0.94077412 -0.23793598 -0.54410601 -1.36650099]
[ 0.98152626  1.14766664  0.12943373  0.83489937]
[-0.97273222 -1.81329153  2.28481883 -2.86475764]
[-1.11568101  1.85011465  1.63557897 -1.04890364]
[ 0.97998636  0.23834152 -0.13972696  0.93533142]
[-1.17646977  0.67781818 -1.44660108  0.58334874]
[-1.17483288 -1.32546508 -0.16352913 -1.33957946]
[-0.72177969 -1.69354491  1.31092827  0.22695424]
[ 0.87368946 -0.31968325  0.24471058 -3.25097819]
[ 0.87058091  2.0688465   2.17069181 -0.35402518]
[-1.17584311  0.29083586 -0.96525345  0.89420044]
[ 0.60171482 -0.3913597   1.21272366  1.54161849]
[ 0.71196712  1.51173809 -2.09919672  0.08470708]
[-0.90022927  1.61329484  2.51764139 -0.74047815]
[ 0.8396886  -0.38418578  0.70939007  1.09660099]
[-1.17148215 -0.91517826 -1.25426724 -0.70662149]
[-1.11177262 -1.32570825 -0.08214414 -0.05716731]
[ 0.95685033 -0.6243649   0.53816404 -0.12721583]
[-1.13685977  1.50299032  0.86886288 -0.34919685]
[ 0.99060022 -0.12432507 -0.21149759  0.455756  ]
[-0.78534894 -1.90393865  2.0602164  -1.45098463]
[-0.18501841 -1.29167368  1.55579576  1.37410374]
[-1.12926586  1.63133115 -1.17925843 -0.28710505]
[ 0.93004524  0.18447081 -1.26209603 -0.1465248 ]
[-1.13649477 -1.0719218  -0.50288453  0.37563751]
[ 0.98878602 -0.11691115 -0.57637778 -0.12035535]
[-1.16330042  2.48242487  0.44164823 -1.85040768]
[ 0.97812873  1.84165527 -0.19744663  0.20750302]
[-1.16218432 -0.61548709 -1.69957963 -0.10283317]
[-1.16285363 -0.62248543 -0.94952558  0.78915627]
[-0.83524373 -0.06312969  0.81827304  1.45222112]
[-1.1789558   1.42821501  0.07878182 -0.15203191]
[ 0.86722137 -1.06391165  1.83212427 -1.80441382]
[-1.18162317  0.86859383 -0.75890029  0.5120497 ]
[ 0.98329304 -0.2869557  -0.35733243 -0.75967858]
[-0.95190597  0.86615233  1.22784255  0.55231704]
[-1.14166476  0.84307284  0.00159671  0.56359673]
[-0.59957627 -0.83227158  1.04000566  1.65845648]
[-1.04656076 -1.21341416  0.00979249  0.61361549]
[ 0.84021022  0.03100775 -1.34426691 -1.10191417]
[-0.90187192 -1.30815921  0.50664494  0.88283864]
[ 0.9228174   1.66434008  1.29639798  0.3458578 ]
[-1.17719311  2.06167776  1.03574054 -1.28893555]
[-0.91793499 -0.73281397  0.30636147  1.41341609]
[-1.17475775  2.57822013  1.86658965 -2.5002659 ]
[-1.0893975  -0.32333665 -0.35368776  1.22860792]
[-1.16931081  2.02425453 -0.17126698 -0.95785081]
[-0.97588867 -1.66347406  0.89091019 -0.44975529]
[-1.07007582  0.71870989 -2.26732229  0.38707701]
[ 0.33415759 -1.38162337  1.81364331  0.59752361]
[ 0.59236924  0.72737709  1.81864868  1.23430674]
[ 0.95835091 -0.36534019  0.2421695   0.49058941]
[-1.1739589  -1.06929212 -0.76540762 -0.12514456]
[ 0.93395835 -0.81999864  0.96098099 -0.61751187]
[-1.03894642  0.63508388  0.57453262  0.81034094]
[-1.09713675 -1.66771167  1.43805679 -2.56035958]

Populations

0.00150537139404
0.0134151638207
0.0231604236921
0.0158924148098
0.00552157468975
0.0136431618838
0.0154936856603
0.00411578008044
0.0092341414496
0.00953850080832
0.00827266656349
0.012864522064
0.00404579974705
0.0174960321487
0.0177896022289
0.000570488743959
0.00425322654132
0.0128697604175
0.00638726339346
0.00745712610862
0.0128430850128
0.0156789297869
0.00847497436005
0.0122347479826
0.0182880378663
0.00204265746377
0.0151515568216
0.00845728770823
0.0101172896063
0.0170847806225
0.0125178346784
0.00927459267852
0.0220454264677
0.00577674521539
0.00782291543829
0.00109459100977
0.00209244640082
0.0182612162885
0.00471884391813
0.00822169223158
0.0115308762768
0.0068435568473
0.00971048660058
0.00962218433322
0.0181728310948
0.0108397412608
0.0023911226294
0.00608821344976
0.0229157378547
0.0086673710476
0.0103591225173
0.0065782851945
0.00690414568246
0.0033885383474
0.0131574699339
0.0108577466794
0.00411982645161
0.00409588249278
0.016291720104
0.00804900393978
0.0126720343057
0.0136486212686
0.0137132643113
0.0209170205906
0.00293781603018
0.00560233377994
0.00667793478838
0.0188029303104
0.0121933532319
0.0183754415191
0.00654586576003
0.00466067695761
0.00811177024791
0.0132763925829
0.00436372884251
0.00950384001518
0.00182828460571
0.0142273090388
0.0194571428147
0.00998376006086
0.0116416849597
0.00215086878461
0.0133604254294
0.0126079654868
0.00686196687462
0.00656987498445
0.00862633732074
0.00801529230996
0.00511183903567
0.0110098830572
0.00951418007297
0.00805025605823
0.00409205626552
0.00828501727342
0.00494332996435
0.0201523127322
0.0152725348072
0.0069445233192
0.00836207528597
0.00461783437308

State labels

0
1
2
3
4
5
6
7
8
9
10
11
12
13
14
15
16
17
18
19
20
21
22
23
24
25
26
27
28
29
30
31
32
33
34
35
36
37
38
39
40
41
42
43
44
45
46
47
48
49
50
51
52
53
54
55
56
57
58
59
60
61
62
63
64
65
66
67
68
69
70
71
72
73
74
75
76
77
78
79
80
81
82
83
84
85
86
87
88
89
90
91
92
93
94
95
96
97
98
99
