Cluster centers 

[ -1.08609708e+00  -1.28546172e+00   1.13076923e-03   4.63044163e-01]
[ 0.95687389 -0.47114623 -0.18567918 -1.41495804]
[ 0.90988276  0.6278208   0.45472516  1.07784164]
[-1.11959715  1.39493988  1.43904524 -0.63282685]
[-1.21660839  0.86231876 -1.17506899  0.62231213]
[ 0.53605399  1.54776442 -2.47166736  0.28540888]
[ 0.6505682   0.07690898  1.341358    1.41678   ]
[ 0.7606997  -1.26022283  1.51212326 -0.68077648]
[-1.19910048  1.7959226   1.22510297 -1.30256752]
[ 0.93716488 -0.4802275   0.29955826  0.21833096]
[-1.02632466 -1.89442597  1.05539033 -1.45897496]
[ 0.96114328 -0.22113485 -0.51166846 -0.37934413]
[-1.19308504 -0.55034814 -0.87482863  0.93067981]
[-1.22674785  2.00842105  0.27635886 -1.27599781]
[-0.921593   -2.12005666  2.10570558 -2.91143659]
[-1.16922034  0.85302051  0.2546005   0.48155613]
[ 0.94633121  1.6165218   0.41624825  0.34038782]
[-1.18744129 -1.06339438 -0.69482487  0.20704209]
[ 0.95471283  0.21955057 -0.81804173  0.38139544]
[ 0.72979641  0.02132979 -1.5759979  -1.46816222]
[-1.20475401  1.87662775 -0.42979225 -0.75882606]
[ 0.85916189 -0.28854549 -0.73413521 -2.07761139]
[-1.13707197  1.11318508  0.87761557  0.0017658 ]
[-1.22375373  2.38256532  0.67594809 -2.18869105]
[ 0.49873206  1.14830883  2.56048082  0.26089959]
[ 0.87710831  1.13378968 -1.38511255  0.57378225]
[ 0.03771845 -1.73214902  1.99543843  0.20588957]
[ 0.8989586  -0.10584803  0.38586351  0.97482541]
[-1.20693556 -1.30655422 -0.57603764 -1.26707208]
[ 0.89763945  2.45019804  0.12201855 -0.6988791 ]
[ 0.76373361 -0.65697144  0.97977715  0.887106  ]
[-1.16591715  0.0707534  -0.40319789  1.15901925]
[-0.83366946 -1.19972415  0.72745657  1.16497319]
[ 0.62924456 -1.65349019  2.32725294 -1.5458658 ]
[ 0.04830827  0.04710598  2.0077371   1.38783752]
[-1.11300607 -1.46618682  0.06700921 -0.1584389 ]
[-1.00742262  0.64872614  1.10206245  0.61821539]
[-1.10789257 -0.97232638 -0.23320194  0.88093683]
[ 0.93284627 -0.53986606 -0.00622282 -2.33389988]
[ 0.80851145  0.15367668 -1.59208816 -0.71208763]
[-1.08244866  0.8161849  -2.31524319  0.54223564]
[ 0.71511122  0.435858   -2.05880928 -0.35053201]
[-1.21470904 -0.53716935 -1.35597253  0.59373662]
[-0.95467026 -1.52443819  0.58742141  0.4052232 ]
[ 0.82094162  0.71906806 -1.80524695  0.28049029]
[-1.21307148  1.57962534  0.60479468 -0.66680485]
[ 0.94932978 -0.67001052  0.42000871 -0.45212379]
[ 0.89173774 -0.19679079 -0.89150598 -1.31452085]
[ 0.60946492  2.65421006 -1.3950915  -0.71014873]
[-1.22156298  1.35180381 -0.00294178 -0.12252277]
[-1.20721209 -0.81623697 -1.04855345  0.4201693 ]
[ 0.81344989 -0.14735014  0.77610646  1.20008693]
[ 0.32362096 -1.03573846  1.61391764  1.2562902 ]
[ 0.8088279   1.95522591  2.26216586 -0.7330056 ]
[ 0.87919277  1.47466218  1.33424613  0.3077321 ]
[-1.19725434  1.54523421 -0.94952131 -0.1282228 ]
[ 0.95697505  0.62152696 -0.70037737  0.76835157]
[ 0.89039452 -0.80277691  0.77242342 -0.0767525 ]
[ 0.40312315 -1.32407908  1.69908005  0.66422128]
[-1.18685775  1.99380177  1.77194288 -1.96782782]
[-1.09720194 -1.8825489   1.1659587  -2.62047975]
[-1.22239464  1.0207988  -0.52103486  0.40521073]
[-0.80207226  1.41895121  2.73142001 -1.05628377]
[-1.21789581  0.20892663 -1.11456312  0.97693067]
[ 0.96571066 -0.08483014 -0.51576635  0.10407164]
[-1.1911539  -1.27540683 -0.51266301 -0.43840097]
[-1.11710898 -1.62327769  0.29332459 -0.80727781]
[-1.15448173 -1.68006969  0.40064446 -1.68556724]
[-0.96764486 -0.29024826  0.50333799  1.38386244]
[ 0.96868503 -0.43750405 -0.14863506 -0.72426631]
[ 0.89595207  0.38059909 -1.35873335  0.15678286]
[ 0.24118916  3.46032201 -0.25441309 -2.73744926]
[ 0.82944461 -0.38838976 -0.26284919 -3.39968308]
[ 0.85508452 -0.68774905  0.76624728  0.44735977]
[ 0.67158106  0.86670449  1.80771171  0.85176815]
[ 0.73512843 -1.12159405  1.34386144  0.07048909]
[-0.94779019  0.90214951  1.65230168  0.16499624]
[-1.18081219 -0.55699336 -1.80971259 -0.02609992]
[-1.13680565 -0.39745619 -0.37646901  1.22748844]
[-0.63566857 -1.74261822  1.3735522   0.41145692]
[ 0.9226706   0.04895372 -1.0377281  -0.24775929]
[ 0.96444115 -0.24839645 -0.12852357  0.21350049]
[ 0.96619977 -0.40585909 -0.02826583 -0.16705907]
[ 0.84198723  0.62359429  0.91809685  1.11641752]
[ 0.93788017 -0.23907846  0.15105746  0.6024544 ]
[-0.93928252 -1.82861283  1.00022554 -0.52652483]
[ 0.96443096  0.09691023 -0.33152712  0.62652402]
[-0.31237254 -1.16978375  1.51353402  1.40992917]
[-1.20578861  2.27576472  2.15115926 -2.83984426]
[ 0.92425599 -0.15907398 -0.8317716  -0.79827667]
[ 0.95798001  0.97786217 -0.18776556  0.85746915]
[-1.20502644 -0.93496797 -1.26199466 -0.43381637]
[ 0.9226472   1.53319044 -0.73145038  0.49521643]
[ 0.95934196 -0.76825399  0.53682207 -1.18886847]
[-1.07447882  0.38362427  0.47824494  0.97192621]
[-1.23265954  2.54366398  1.39741129 -2.98205913]
[-1.20220862 -0.03106536 -1.791187    0.72543123]
[ 0.56986186 -0.50184939  1.3414979   1.40559652]
[ 0.94424648  0.34484411  0.01823275  0.99242612]
[-1.19547668  0.56963843 -0.35765378  0.83657332]

Populations

0.0133809496287
0.0154100537694
0.0112365105183
0.0139171602077
0.0105059985558
0.00169979512897
0.00764042304257
0.00308145970039
0.0116369390749
0.0107563556334
0.0103486903444
0.0164939377151
0.0157815197337
0.0107066849937
0.00338470230803
0.015312414201
0.00601718622267
0.0166708791936
0.0156859349942
0.00596505067017
0.0111255074273
0.0102963950285
0.0125094632682
0.00502071610097
0.00525398795313
0.00843009007745
0.00422956533121
0.0126264208853
0.00878408681331
0.00397361441356
0.0117433704361
0.0119571023614
0.00931822402445
0.000303711405747
0.0047771669418
0.0128403015122
0.00765242802204
0.0172086086582
0.0104421181865
0.008884071309
0.00575687061531
0.0038381163128
0.0120362862128
0.00694610953103
0.00581344955924
0.0181398747733
0.0104783937341
0.013206675686
0.00155071523739
0.0205598199781
0.0108368312244
0.0102257457486
0.0062606248466
0.00619588000915
0.007829657473
0.00950135538889
0.0154701298009
0.00695495813985
0.006848492892
0.00520342880451
0.00512889715046
0.0131212842955
0.00494118062036
0.0160595369067
0.0173783625432
0.0206145949196
0.0116321255967
0.0103137273566
0.0101477302367
0.0189367487026
0.0113890357682
0.000797937142471
0.00612285373484
0.0103603025967
0.00666104946094
0.0065421109005
0.00633435968491
0.00744002253584
0.0132087955041
0.00463081809173
0.0182645582699
0.0160621711452
0.0134915053005
0.00899079952753
0.0138642398197
0.00822271535507
0.0215187309653
0.00786496499516
0.00283507723467
0.0141160808018
0.0105308962746
0.011380566138
0.00403690261043
0.00904561586989
0.00901914804587
0.00219528739526
0.014037379788
0.00754678894199
0.0146448865708
0.0139071994405

State labels

0
1
2
3
4
5
6
7
8
9
10
11
12
13
14
15
16
17
18
19
20
21
22
23
24
25
26
27
28
29
30
31
32
33
34
35
36
37
38
39
40
41
42
43
44
45
46
47
48
49
50
51
52
53
54
55
56
57
58
59
60
61
62
63
64
65
66
67
68
69
70
71
72
73
74
75
76
77
78
79
80
81
82
83
84
85
86
87
88
89
90
91
92
93
94
95
96
97
98
99
