Cluster centers 

[-1.03149971 -0.4512835  -0.23169852  1.22687007]
[ 0.88710403 -0.12320353 -1.38327437 -1.3363554 ]
[ 0.98344514 -0.81163329  0.8964449  -0.78590263]
[-1.10799227  2.0325552  -0.16863945 -1.17654771]
[ 1.04593732  0.06274823 -0.27260619  0.68259412]
[-1.11727022  0.6701659  -0.89078135  0.74955339]
[-1.03145635  0.70018803  0.35042388  0.68043001]
[-1.05053756 -1.54068588  0.41957276 -1.03416686]
[-1.11213742 -0.74611815 -0.95544862  0.63659672]
[ 0.58139744  1.93721839  3.13181702 -1.00928807]
[ 0.89077881  0.25390998 -1.84683388 -0.1808594 ]
[-0.75470123 -1.43590323  1.02224324  0.57506406]
[-1.02561853  1.81275607  1.66148017 -1.32970935]
[ 1.02482918  1.13201864  0.37461186  0.80954487]
[ 1.04661598 -0.09345286 -0.54948246  0.16794846]
[-0.88235379 -1.82842023  1.69610488 -1.99657115]
[ 0.84984689 -0.21388696  0.96059134  1.19685586]
[ 0.69397883  2.22493143 -1.79392598 -0.25518174]
[-1.12161333 -1.13169681 -0.90684907 -0.97172638]
[ 0.97739911 -0.45864593 -0.10108302 -2.77387942]
[ 1.03788408 -0.5801203   0.19979566 -1.50372384]
[-1.01038124  1.14446045  0.92774519  0.03454457]
[-0.7043011  -1.20564423  0.99704695  1.08163069]
[ 0.93088637  1.31285979  1.2573208   0.56917178]
[-1.08573709  1.67225462 -0.90762772 -0.39528816]
[-0.92062919  0.94704542 -2.52676312  0.46706759]
[-1.04418212 -0.21048458 -2.23380914  0.42562538]
[-1.02601657  2.22088498  2.22491995 -2.43786255]
[ 1.04130713 -0.25801516 -0.08368979  0.25114889]
[ 0.99328324 -0.171452   -0.96884923 -0.77963838]
[-1.09893764 -1.27219128 -0.31971716 -0.36283011]
[-0.03032665 -1.26983478  1.8506006   1.02099778]
[ 0.66622074 -1.32422567  2.04467037 -1.10976152]
[ 1.02247631  0.82132698 -1.11634009  0.72083416]
[ 0.24394696 -1.45216815  2.11883124  0.25483982]
[-1.11743896 -0.28396568 -1.47521137  0.82896227]
[-0.24755124  0.42977598  2.10957049  1.04493552]
[-0.84120006  1.33119456  1.99209114 -0.44035004]
[-0.79756314 -1.76633818  1.46623261 -0.90766043]
[-0.95915843 -1.7762607   2.12867232 -3.65042172]
[-0.93254334 -1.57497988  0.78540879 -0.32371204]
[ 1.04277055 -0.41889884 -0.00437722 -0.27126003]
[-1.12175901 -1.02341071 -0.98079648 -0.21936541]
[-1.09013896 -1.10301488 -0.46514371  0.2401598 ]
[-1.10810781 -0.67263913 -1.57071224  0.19152366]
[-1.0592304   1.47309792  0.91100801 -0.49783787]
[ 1.02948772 -0.34383381 -0.46563111 -0.9162685 ]
[-1.10003434  1.13855483  0.01497058  0.17170031]
[ 0.93957827 -0.69778537  0.85675187  0.15162741]
[ 0.92449798  0.9566588  -1.79447988  0.51678532]
[ 1.01272452  0.20471255 -1.17128222  0.26218503]
[-1.11977918 -1.32406106 -0.34071597 -1.10829461]
[-1.02236759 -1.67501267  0.94357247 -1.77381171]
[ 0.54677854  1.05229208  2.31803151  0.59703074]
[-1.1104786   1.17872014 -0.9901231   0.25080727]
[ 0.91638234 -0.47347305  0.78191775  0.75419638]
[ 1.03922438  1.99734817  0.14780827 -0.08103481]
[ 1.04897632  0.69085373 -0.341654    0.93379596]
[-0.88558925  0.06576889  0.6712644   1.25727363]
[ 0.82203052  2.93829031 -0.58519892 -1.50838262]
[ 0.92728555  0.6772084   0.88589999  1.12326724]
[ 1.01923207 -0.07163547 -0.93528879 -0.22576839]
[-1.12280943  2.21950702  0.60909719 -1.80843373]
[-1.10132008 -0.35596576 -0.84638025  1.06299071]
[ 1.04212429  1.47688644 -0.43126922  0.53626296]
[ 0.86821824 -0.32048938 -0.24424328 -4.01406619]
[ 0.99279376 -0.37487118 -0.50598818 -1.78838512]
[-1.09983352  1.82270304  0.88953744 -1.12789545]
[ 1.00009038  0.27210836  0.27797944  1.08885281]
[-0.44253637 -0.66765208  1.45849928  1.52435324]
[ 1.04703891  0.27400701 -0.73497326  0.63218197]
[-1.11090485 -1.46000309  0.13029317 -1.82789659]
[-1.03914143 -1.4708556   0.28823879 -0.51784846]
[ 0.64149522  0.49730883 -2.6112284  -0.29495188]
[ 0.28171399  1.36323625  3.00545172 -0.12440402]
[ 0.64568391 -1.04129153  1.63451023  0.51907685]
[-1.06293152  0.19838954 -0.25486194  1.10088253]
[-1.08620127  0.49282263 -1.83414262  0.7614857 ]
[-1.11877943  1.55903954  0.01311094 -0.44194814]
[ 1.01057466  2.26580817  1.4485867  -0.79603994]
[-1.05421415 -1.66939888  1.15390404 -2.73684149]
[-0.89597979  0.77235461  1.17691284  0.54243735]
[-1.00037489 -1.36729566  0.26389281  0.11046571]
[-0.86885152 -0.71800658  0.49264007  1.34021169]
[ 1.0126284  -0.21354658  0.20881871  0.65792737]
[-0.69431356 -1.66213606  1.42001987 -0.03425214]
[ 0.90091482  1.74390915  1.85309284 -0.11260957]
[-1.11599052  0.23089999 -1.06454728  1.00145875]
[ 0.45742495 -0.77983797  1.65373835  1.24356527]
[-1.03859298 -0.92101393 -0.23572654  0.86138612]
[-0.97150394 -1.20834444  0.23014369  0.61299175]
[ 0.82097576 -0.22790688 -1.11674217 -2.61726292]
[ 0.78413198 -1.07750606  1.56699281 -0.18557827]
[ 0.64238349  0.10012272  1.52458469  1.40915451]
[ 1.04282395 -0.26821638 -0.44496007 -0.32989076]
[ 0.95572371  0.02485889 -1.39299576 -0.43849073]
[-1.10731436  0.84436977 -0.37543293  0.56546292]
[ 1.01343593 -0.51024149  0.38074817  0.03178325]
[ 1.03987324 -0.53752596  0.1555485  -0.75277758]
[-0.99825157  2.67203866  1.03203554 -2.87301808]

Populations

0.0145532178349
0.0116719794302
0.00574245593857
0.0119084090833
0.0175877511999
0.0111174391775
0.0163266535239
0.0109905983119
0.02227741985
0.00152531269475
0.00685335769329
0.00521559512998
0.00880602282848
0.00841655446815
0.0162510161266
0.00486500831627
0.0123765202414
0.00195861320833
0.00758208620046
0.00706184828937
0.01237187869
0.0140032793995
0.0053055391614
0.00871124140403
0.0130385302214
0.00206239619295
0.00501279033652
0.00547766523791
0.0145497876241
0.0108682616089
0.0172201431099
0.00491131701251
0.00175217152832
0.00883081589127
0.00524446383724
0.0174038413719
0.00255430856942
0.00734632894877
0.00665365572167
0.00154374340828
0.0106269012955
0.0114656337406
0.0154376064105
0.0176365270337
0.0123146921152
0.0164352017141
0.0156730171178
0.021110885145
0.00876629673545
0.00606961483904
0.0127131280804
0.0107836497181
0.00817625676529
0.0056529661015
0.0152939154302
0.0125834852348
0.00393974068755
0.0117631284938
0.0100764512223
0.00203624521718
0.00922445151324
0.0117047844484
0.0107587174567
0.016558092375
0.00340704194335
0.00206512765684
0.0140082190479
0.0149874984315
0.0191694516703
0.00314567221887
0.0135274984658
0.00790752314245
0.0113898513405
0.00203533153537
0.00174877782292
0.00686557710204
0.0195345649072
0.00837486238647
0.0211383994966
0.00241126690812
0.00449625933369
0.0101534988428
0.0136767696681
0.00985550818058
0.0157517816337
0.00470399547846
0.00394430104618
0.012275801119
0.0099257469618
0.017586420339
0.0138341435739
0.00513368413342
0.00421025293148
0.00929342438506
0.0156934950377
0.00996063836644
0.0146434071921
0.0114320160243
0.0134688014738
0.00349198248788

State labels

0
1
2
3
4
5
6
7
8
9
10
11
12
13
14
15
16
17
18
19
20
21
22
23
24
25
26
27
28
29
30
31
32
33
34
35
36
37
38
39
40
41
42
43
44
45
46
47
48
49
50
51
52
53
54
55
56
57
58
59
60
61
62
63
64
65
66
67
68
69
70
71
72
73
74
75
76
77
78
79
80
81
82
83
84
85
86
87
88
89
90
91
92
93
94
95
96
97
98
99
