Cluster centers 

[-0.98037198  0.25273248  0.31183621  1.10449131]
[ 1.05276928 -0.44813289 -0.08780362 -0.69639107]
[-1.10731049  1.50559868  0.14275234 -0.39934622]
[-1.11398961 -1.31247988 -0.38858049 -1.18423435]
[ 0.59135792  0.49205387  1.86119931  1.21121192]
[ 1.0447346  -0.13434007 -0.06943047  0.55314745]
[-1.10505003 -0.18177294 -1.03194119  1.03574832]
[ 0.41439551 -1.23880454  1.8685193   0.55844144]
[ 0.5838886   0.24392169 -2.61032813 -0.85821618]
[-0.84182609 -0.73608948  0.55686106  1.35062553]
[-0.86480375 -1.6994688   1.1457902  -0.73524044]
[ 1.03362529  0.13256574 -1.00427104  0.24520933]
[ 1.00408344 -0.38652176 -0.48377656 -1.76021515]
[-1.11060788 -0.75877254 -1.44022682  0.12899224]
[-1.06175179  2.37234212  2.19098567 -2.8998839 ]
[-1.11374454 -1.06230525 -0.8808452  -0.24177837]
[ 1.04947798  1.90519771  0.04481753  0.03852367]
[-1.09970295  2.05713947  1.08764646 -1.6962105 ]
[ 1.02438827  1.19268085  0.5309301   0.75126829]
[-1.10344534  1.15103487 -0.20106471  0.18117452]
[ 0.57365967 -0.86113454  1.60019483  1.05468987]
[ 0.62837186  1.32958299  2.42687282  0.19898485]
[-0.75763908 -1.88591017  1.97747705 -1.88741758]
[-0.99599534  0.80735151 -2.25985277  0.5974375 ]
[ 0.68789311  1.59680942 -2.37491504  0.15452948]
[ 0.51665829  1.7608361   3.06576427 -0.76716835]
[-1.05645372 -1.0545563  -0.31945342  0.53121799]
[-1.01495709 -1.71315953  1.37765391 -2.93005097]
[ 0.94896219 -0.68842549  0.83682184  0.17174794]
[-0.92272278  0.93451195  1.17852604  0.29700336]
[ 1.05775111  0.98547666 -0.20761801  0.87021259]
[-1.11368876  1.89585365  0.50509357 -1.17656981]
[-1.09023027 -0.65177909 -1.71261067  0.0506421 ]
[ 0.90381507  1.06264348  1.29249229  0.80641954]
[-1.04646428 -0.39226643 -0.3865091   1.20615899]
[-0.94811293 -1.49474316  0.57014667 -0.11898977]
[ 1.05444627 -0.24290292 -0.24615841  0.08138985]
[ 1.01040114 -0.13985711 -0.96240753 -0.58881905]
[-1.0843198  -0.67661676 -0.70622436  0.90451376]
[ 0.87257729 -0.31658908 -0.45525368 -3.66665459]
[ 1.05644949  0.51178969 -0.68008816  0.81504445]
[-0.64267663 -1.20756921  1.10278724  1.11939701]
[ 0.96306052 -0.85959128  1.01027809 -0.62183841]
[-0.84180021  1.46076939  2.14789229 -0.76078166]
[-0.79418018  2.77098551  0.81596365 -2.89163824]
[ 0.88595043 -1.1371193   1.69445744 -1.47107078]
[-1.03253072  0.81186044  0.38491428  0.54416475]
[-0.10935847 -0.18643571  1.76910795  1.53715719]
[ 1.03655628  1.48015092 -0.72826891  0.53628624]
[ 0.98912165  1.86797098  1.415786   -0.21446284]
[-1.00011011 -1.69938401  1.00807382 -1.78208781]
[ 1.05032574 -0.23957822 -0.49497589 -0.28772874]
[-1.09214802  0.59657087 -0.42270075  0.80420203]
[ 1.03785565 -0.6045198   0.36337957 -0.61820546]
[ 0.98114426  0.46426853  0.54496198  1.14493277]
[-1.08334925 -1.31420888 -0.21339142 -0.43744472]
[ 0.84214232 -0.0624718  -1.60712415 -1.42913347]
[ 1.05758639  0.08467503 -0.52371988  0.53660831]
[-1.03157204 -0.20183833 -2.26601179  0.43239083]
[ 0.8647274   0.09054441  1.00446458  1.27304156]
[-0.81484922 -0.05994524  0.85167691  1.34278069]
[ 0.98176924  0.02999952 -1.30284164 -0.325402  ]
[-0.97340866 -1.28797561  0.250452    0.39291443]
[-1.11384259 -1.10211195 -0.95518515 -0.79566837]
[-1.1087803  -0.86659921 -0.96241361  0.38555191]
[-0.99722563  1.96998907  2.08878145 -1.85749984]
[-1.08107511  1.54550147 -1.04291438 -0.1889217 ]
[ 1.02675472  0.7730065  -1.16846581  0.70202453]
[ 1.03458273  0.26065581  0.03160477  0.98876173]
[-0.54377269 -0.77516206  1.27165243  1.53146795]
[ 0.76169944 -1.08327728  1.57854165 -0.03546634]
[-1.03734191  1.34787049  0.90823974 -0.30786458]
[-1.09372483  2.25545512 -0.09036976 -1.6327217 ]
[-1.03554429  0.01082906 -0.19139623  1.20551984]
[-1.10029871 -0.07937416 -1.70126672  0.84839997]
[ 0.8417826  -0.60870181  1.08414224  0.83247515]
[-1.10156013  1.82549591 -0.4409491  -0.75605757]
[ 0.98282696 -0.44682694 -0.23749414 -2.50982388]
[ 0.96070252 -0.29225935  0.58454449  0.85906401]
[ 0.94971773  0.95828461 -1.7004493   0.54588006]
[ 0.69261596 -0.22433526  1.37249913  1.40324754]
[-0.43660105  0.82209092  2.18778782  0.46807574]
[-1.09907231  0.47298587 -1.50059286  0.84676196]
[ 1.03724567 -0.33826348 -0.49057508 -0.93291262]
[-1.04911837  1.68905449  1.24189896 -1.00340605]
[-1.09796599 -1.48284716  0.18364542 -1.78597938]
[ 0.30983058 -1.52511021  2.20942198 -0.25769312]
[-0.67220426 -1.51430412  1.24481488  0.43121759]
[ 0.86341883  2.64688078 -0.90244313 -0.96018671]
[ 0.14229802 -1.03857043  1.80207871  1.27288523]
[-1.04177627 -1.51339315  0.33821425 -0.86031035]
[ 1.03081693 -0.50460355  0.29101951 -0.08598161]
[-1.11113269  0.91776165 -0.87067907  0.52409388]
[ 1.04669803 -0.6174336   0.29488363 -1.44942568]
[ 0.87958628  0.32236201 -1.94648485 -0.10692769]
[ 0.96859873 -0.22213832 -0.99835711 -1.33889582]
[-1.08424537 -1.17216064 -0.41110303  0.03506574]
[ 1.02115902 -0.36476278  0.269274    0.39637278]
[-1.1124006  -0.55420566 -1.32515677  0.66602502]
[-0.99104124 -0.92059023 -0.02122141  0.98072035]

Populations

0.0109159974742
0.0129615478445
0.0211718149935
0.0106695573255
0.00551271575546
0.0144677087263
0.018440187539
0.0075728214303
0.00174937167608
0.00834801447801
0.0128414006614
0.0170918879871
0.0131070547984
0.00568699798187
0.00304646043967
0.012398150825
0.00361948837704
0.00998983937454
0.00743214564052
0.0226782110818
0.00519772614754
0.0053574862253
0.00411037047893
0.00420111981438
0.00189904825487
0.00235032582724
0.0136281715698
0.00577009378822
0.00861630858793
0.014883657044
0.00780405928022
0.0128934153344
0.00567210733072
0.00931920060296
0.0142420192853
0.0139282722634
0.0181235487128
0.0134203768722
0.0142352779046
0.00385145217524
0.011386432864
0.00619715986012
0.00448680431525
0.00548172825851
0.00345729045716
0.00168938622259
0.0192611958136
0.00269048001611
0.00301996707873
0.0066765053583
0.0100448201567
0.0173056934
0.0183646996548
0.00780608248207
0.0124170145829
0.0170000173236
0.00779120578999
0.0169680738175
0.00348329241039
0.00966292487561
0.00645295738378
0.0126286476827
0.017125952539
0.00822322088528
0.0146687302491
0.0051552552199
0.0125824042584
0.00808147612887
0.0169559719514
0.00179988147117
0.0052247419535
0.0187273680131
0.00719805195312
0.0140773727829
0.0100866941661
0.00885852144282
0.0136950048432
0.00990817090117
0.0144031016402
0.00552240473716
0.00772734607137
0.00301137221989
0.0112992827648
0.0127262873965
0.0127969735452
0.00965802493688
0.00371513586621
0.00625137899604
0.00256566944741
0.00625531243306
0.0144196121838
0.0110658844609
0.0164921052105
0.0106829467663
0.00759123653802
0.0106490250279
0.0138900759861
0.0122324419265
0.0157196568577
0.0154781145137

State labels

0
1
2
3
4
5
6
7
8
9
10
11
12
13
14
15
16
17
18
19
20
21
22
23
24
25
26
27
28
29
30
31
32
33
34
35
36
37
38
39
40
41
42
43
44
45
46
47
48
49
50
51
52
53
54
55
56
57
58
59
60
61
62
63
64
65
66
67
68
69
70
71
72
73
74
75
76
77
78
79
80
81
82
83
84
85
86
87
88
89
90
91
92
93
94
95
96
97
98
99
