Cluster centers 

[ 0.98138677  0.45703716  0.23512541  1.03221746]
[ 1.00019344 -0.34209996 -0.40828083 -0.49669192]
[-1.16957103  0.63677007 -0.68257973  0.87999816]
[-1.06244431 -1.69055364  0.81282905 -2.26073268]
[-1.01503063 -1.32352436  0.39309457  0.36983215]
[-1.14115011  1.09690467  0.15357713  0.20207881]
[ 0.88586135 -0.86306539  1.08914321 -0.54413688]
[ 0.99067243  1.97494089 -0.17339489  0.06298532]
[-1.14727101 -0.12370515 -1.78675173  1.0426697 ]
[ 0.94360534 -0.37756474 -0.74931462 -1.88534002]
[ 1.00083705  0.0267215  -0.10380044  0.71022667]
[ 0.85694208  0.17662367 -1.77459361  0.08967672]
[-0.92176942  2.9323645   1.35587863 -3.89482768]
[-1.12215151 -1.50004916  0.08944278 -1.08601467]
[-0.75511137  0.77423472  1.78804447  0.29192416]
[-1.16207765 -0.06645501 -0.80565233  1.21621771]
[-0.00630662 -1.45487912  2.10747437  0.14713808]
[ 0.89286805  1.29026797 -1.51728188  0.80459268]
[ 0.81127639 -0.47124587  1.1457974   0.77111535]
[-0.93787396  1.12150386  1.45826234 -0.16682394]
[-0.99239684  0.68392131  0.91425     0.55379312]
[ 0.99897363 -0.36824438 -0.00358341 -0.0435174 ]
[-1.16388972  1.46132228 -0.92493244  0.03323995]
[-1.16996866 -0.86704281 -1.06135525  0.52501213]
[ 0.76307849 -0.23135492 -1.02498152 -4.18616697]
[ 0.75671305  1.22237912  1.80501478  0.34255346]
[-1.10027955 -0.47096693 -0.18667895  1.23921711]
[ 0.51847562 -1.03643975  1.82199527  0.39842219]
[ 0.97369725  0.14119308 -1.03524209  0.42931487]
[-1.17158001 -1.11828228 -0.88399426 -0.13361699]
[-1.15792697  1.9088314  -0.71902642 -0.72046587]
[ 0.95844102  0.70436117 -1.16909468  0.86312758]
[ 1.00396688  1.06672513 -0.22202141  0.85665513]
[-1.01212906 -1.72714584  1.21767023 -3.06599556]
[ 1.00017257 -0.51503406  0.07549357 -0.64490287]
[-1.15081654 -0.74046285 -1.70991413  0.2642055 ]
[-1.10891139  0.71178781  0.20422983  0.65701312]
[ 0.84376116  3.12418286 -0.48531293 -1.72874197]
[ 0.73254737  2.19171653 -1.76261393  0.11947514]
[ 0.90892837 -0.01856359  0.73237926  0.9962548 ]
[ 0.97384498  1.2469907   0.59365949  0.6499377 ]
[ 0.08974167 -1.05641029  1.97778487  0.91064658]
[ 0.96856024 -0.60669699  0.4977517  -0.33080545]
[-0.90645783 -0.5642013   0.72843825  1.30719554]
[ 0.63625506 -1.39520358  2.30274681 -2.3465759 ]
[ 0.81048154 -0.06004252 -1.74900206 -0.77491971]
[-1.15555451 -1.49835617  0.00877673 -2.16934961]
[ 0.33795884  1.49689197 -2.92182385  0.77315213]
[-1.0032574  -1.48519715  0.54264132 -0.13756171]
[ -1.17762480e+00   2.18423484e+00  -2.83348456e-04  -1.55434548e+00]
[ 0.95324637 -0.442542    0.5211162   0.30661608]
[ 0.95228444 -0.24546053 -0.95707162 -0.84239722]
[ 0.82809627 -0.21489779 -1.46492883 -1.71388924]
[-1.13004488 -1.05239869 -0.3825756   0.56531323]
[-1.13380098  0.55561585 -1.7239442   1.03950156]
[ 0.3669795   1.71232184  3.04406013 -1.04844793]
[-1.05933487  1.46240341  1.12275497 -0.65499866]
[-0.97214029 -0.23060415 -2.7330256   0.48056508]
[ 0.97505932 -0.12914656 -0.90698219 -0.17231513]
[-1.16161353 -0.65874967 -0.83982465  0.97985943]
[ 0.87871071  2.42520285  2.1022413  -1.60109703]
[ 0.75771834 -0.23632355 -1.40406336 -3.02559305]
[ 1.00311911 -0.15620791 -0.4417864   0.17324136]
[-1.17149498  0.98007217 -0.52381913  0.51701468]
[ 0.89562365 -0.35930704 -0.82637337 -2.72757344]
[ 0.58132363 -0.4264684   1.65098934  1.09654482]
[ 0.74513657  0.14457977  1.41191559  1.15177295]
[-1.15351133  1.9210627   0.63660883 -1.33217651]
[ 0.75664184  0.44506053 -2.21902633  0.38975764]
[ 0.99037766 -0.44964038 -0.37028912 -1.28722174]
[-0.86391634 -1.20280074  0.84251498  0.81807417]
[-1.17272205 -1.27687352 -0.75329197 -1.17004014]
[-0.88889529  1.57077194  1.97219435 -1.11602897]
[-1.11908851  0.23570891 -0.12988307  1.10353729]
[-0.53723894 -0.68787053  1.60561887  1.28257526]
[ 0.98241679 -0.24962898  0.21163529  0.48321904]
[-1.17295396 -0.43308643 -1.3002599   1.01256509]
[ 0.39966832  0.60051158  2.1897023   0.78099251]
[ 1.00259068  0.26845053 -0.61041665  0.750626  ]
[ 0.85365972 -0.71176741  1.064617    0.17328357]
[-0.82981622 -1.76560001  1.39148948 -1.22373318]
[-0.75426235 -1.59423122  1.31982537 -0.08552628]
[ 0.99774363 -0.60912878  0.13403697 -1.91713678]
[ 0.35219072 -1.4432285   2.18453336 -0.64586966]
[ 0.71746051 -1.1691898   1.73440102 -0.88947755]
[-1.08521149  2.2037681   1.51479977 -2.32829635]
[-1.09808269  1.24835341  0.67879215 -0.16316284]
[-1.17523055  1.44746452 -0.29510462 -0.15684019]
[-1.0226613  -1.63328453  0.68403709 -1.05363459]
[ 0.98182476 -0.70406062  0.49560543 -1.15999053]
[-1.1482468  -1.33661571 -0.32258626 -0.46356068]
[-1.1360949   1.24123839 -1.39803468  0.44368878]
[ 0.93070887 -0.01274631 -1.30931692 -0.14109054]
[-1.05836531 -0.92133166  0.06915173  0.99677218]
[ 0.95087109  1.79448937  1.17107124 -0.11730253]
[-1.10765044 -1.29017693 -0.0875108   0.08940441]
[-0.94164771 -1.76474005  1.93493307 -4.21567326]
[-1.17050906  1.61537742  0.0623591  -0.54711354]
[ 0.88835896  0.70207946  1.02867658  0.96696586]
[-0.90903847  0.07167754  0.9125226   1.13717247]

Populations

0.0168307672403
0.0180996813903
0.0145724411362
0.00858336560642
0.0113707020862
0.014602376773
0.00535801536378
0.00363918774283
0.00816719581771
0.00994020186107
0.0187731891526
0.00651489359147
0.00210192485708
0.0139358752053
0.00352968224507
0.0171265298869
0.00460453654085
0.00411575614494
0.0119028476518
0.0065552598707
0.0121838714495
0.0162457421393
0.00897095815019
0.0160406635713
0.00160109846839
0.00863624596055
0.0179881374217
0.00924754854796
0.0141865535495
0.0172398807649
0.011332996779
0.0102045082109
0.00964501410597
0.00442025691593
0.0115528006568
0.00763828007465
0.0141423032331
0.00191184718503
0.00180238514994
0.0169839397527
0.00871220553434
0.0065413328402
0.00864476015911
0.00843511159681
0.000141434453639
0.00842019454622
0.00670848334953
0.000827247557317
0.0138706052315
0.0136734435175
0.011017136587
0.0178603964348
0.00814414495562
0.0191926562355
0.00841118004352
0.00292197118958
0.0117847270229
0.00132176757
0.0143106005783
0.0156927979321
0.00234594864731
0.00203667995225
0.0209456274576
0.0154001249097
0.00632578355883
0.00934512849481
0.00857637941751
0.0194289953445
0.00471770323288
0.0141296853172
0.00965065518905
0.0105155662598
0.00618967859459
0.0184202325814
0.00378421573793
0.0160607497172
0.0133988081166
0.00529829599277
0.0181111487515
0.00844940715291
0.00672607052263
0.00656441747225
0.00631910449603
0.00295967721767
0.00223643049511
0.00943205714492
0.0132437578838
0.0130465457616
0.011995336483
0.0065642942493
0.0185448135096
0.00697483158571
0.0109616728807
0.0145629866088
0.00698460977184
0.0142909387057
0.000984438707492
0.0181441128304
0.00926166634707
0.00813976331292

State labels

0
1
2
3
4
5
6
7
8
9
10
11
12
13
14
15
16
17
18
19
20
21
22
23
24
25
26
27
28
29
30
31
32
33
34
35
36
37
38
39
40
41
42
43
44
45
46
47
48
49
50
51
52
53
54
55
56
57
58
59
60
61
62
63
64
65
66
67
68
69
70
71
72
73
74
75
76
77
78
79
80
81
82
83
84
85
86
87
88
89
90
91
92
93
94
95
96
97
98
99
