Cluster centers 

[-1.09276347  1.1404454  -0.42960602  0.16889495]
[ 1.04373835 -0.06657058 -0.95247798 -0.27305495]
[-1.06341755 -1.41834733 -0.03160601 -0.78930811]
[ 0.9793458   0.90840899  0.77526518  1.02417818]
[-0.6449308  -1.19262767  1.05271933  1.13190506]
[-0.93528887  1.64169899  1.84849718 -1.00635912]
[ 0.97751944 -0.64603146  0.8019435   0.1771046 ]
[-1.02222542 -0.84586948 -0.34329369  0.89012379]
[ 1.0612945  -0.69164927  0.57773003 -1.64057586]
[-1.03528745 -1.68025388  1.03454365 -2.47197359]
[ 0.907428    2.99533854 -0.194073   -1.75989689]
[ 1.06021638  0.3063617  -0.1081194   0.94523423]
[ 1.06248404  0.80793599 -0.90318802  0.74726589]
[-0.95750333  0.66356424  0.61536005  0.72411241]
[ 0.33735321  1.2744354   2.63007127  0.24969865]
[-1.08152091 -0.37412089 -1.63435823  0.63119606]
[-1.0049226   1.29750408  0.96836673 -0.21717984]
[ 0.85442383 -0.11231302 -1.56104058 -1.48506775]
[-1.05011916 -1.5971997   0.55612599 -1.74754269]
[ 0.00547946 -1.38055689  1.96111419  0.80107767]
[-0.91630642 -1.46322     0.58816562  0.07997942]
[-1.00394364  2.60018816  1.01310956 -2.83321516]
[ 0.89874327  0.46082532 -2.04396696  0.03573183]
[ 1.07200505 -0.4361967  -0.0714144  -0.64538458]
[ 1.06917746 -0.20826979 -0.12536152  0.28232799]
[-0.85685944 -0.67242308  0.41302822  1.3626534 ]
[ 0.53394249 -0.33604219  1.55028719  1.49812192]
[ 1.00777605 -0.2369114  -0.90899678 -1.15089899]
[-1.08262598 -1.12407584 -0.65917041 -0.07663602]
[-0.37056707  0.40054846  1.93428357  1.14297771]
[-0.92516535 -1.65590528  0.92121154 -0.75865978]
[-1.09074195  0.58985862 -0.97626258  0.74757901]
[ 0.97384573  2.10558241  1.76247629 -0.57230929]
[-1.09628486  1.78346837 -0.19478477 -0.83676813]
[ 1.0687583   0.97401384 -0.16024047  0.87791223]
[-1.08582602 -1.25899422 -0.50432078 -0.6145366 ]
[ 0.64827286 -1.34089006  2.13893903 -0.80106787]
[ 1.05340145  1.56899145  0.51316114  0.40667759]
[-1.07547498  1.68387253  0.70746207 -0.86174654]
[-1.07603002  1.10272511 -1.20917219  0.26844298]
[-1.05245589  0.98488695  0.1872245   0.32952739]
[ 0.91852035 -0.49646804  0.87283974  0.78761843]
[ 0.62489721  0.84516949  1.97742743  1.00890323]
[ 0.91777052 -0.38466846 -0.25150949 -3.62344648]
[ 0.88478097 -0.92775764  1.33080199 -0.11738149]
[ 1.06289925  0.22395078 -0.9270925   0.4130694 ]
[ 1.00469388 -0.06636923  0.38315145  0.97732097]
[-0.92714684 -1.18801508  0.28366755  0.708908  ]
[-1.02034202  2.2502313   2.24627512 -2.54635137]
[ 1.05604482 -0.71400922  0.84958082 -2.81174306]
[ 1.05691661  1.87036204 -0.31277767  0.09509263]
[ 1.07224018 -0.07682285 -0.58269116  0.12981373]
[-0.69350076 -1.77263492  1.64378054 -0.62903183]
[ 1.0673117  -0.47466329 -0.08987008 -1.16089324]
[-1.01742433 -0.07266222 -0.25250227  1.19936674]
[-1.03996501 -1.15853648 -0.27339762  0.29724737]
[ 0.9535964   1.4732887   1.33853756  0.43536219]
[-0.90828884 -1.82617217  1.93836973 -2.85290984]
[ 0.95192418  0.12275138 -1.61663959 -0.36096206]
[-0.50639327 -0.67599184  1.28291323  1.57158847]
[-1.01721971 -1.55330272  0.44633013 -0.90927309]
[-0.85534644  0.06582058  0.64410931  1.29505075]
[-1.09283641 -1.3392826  -0.38555539 -1.40889787]
[-1.08904496 -0.06528901 -1.18669903  0.96477828]
[ 0.88451815 -0.28714069 -0.96691782 -2.55349024]
[ 1.05188252 -0.47583385  0.27859972 -0.07893344]
[-1.09475816  2.16651216  0.26502764 -1.67407701]
[-1.09052732  1.45406612  0.05343322 -0.34119525]
[-1.07372167 -0.899941   -1.43233471 -0.40224715]
[-1.07308068  1.9628268   1.18645788 -1.53883266]
[ 0.96837741  1.07194915 -1.68849277  0.50923532]
[ 0.98409085 -0.08353072 -1.25793877 -0.76427394]
[-1.08899185 -0.79740262 -1.14141051  0.38268027]
[ 0.59438699  1.9442632   3.2044928  -0.90952818]
[ 1.0752523   0.14139416 -0.45861786  0.62476064]
[-1.06319646  0.59640272 -0.30205052  0.77770717]
[ 0.83882799  2.21710771 -1.57466844 -0.32826906]
[ 0.23395979 -0.9347275   1.76806604  1.35285452]
[ 1.03572802 -0.45096945 -0.25898961 -1.90778463]
[-1.06818398 -0.50909138 -0.79228333  0.97574643]
[ 0.4280371  -1.33290745  2.05625266  0.27019554]
[ 1.05322394 -0.2764034  -0.60832763 -0.76510634]
[-1.0486076   2.12157097 -0.57175542 -1.31892409]
[-1.01672915  0.40677075 -2.14710864  0.59053211]
[-1.05317892  1.65761955 -1.01258886 -0.45995916]
[ 0.59412153  0.54746235 -2.74499101 -0.28562785]
[ 1.00922857 -0.31818834 -0.71674026 -1.52558298]
[ 1.01824941  0.36234122 -1.40214065  0.28481966]
[ 0.86919235 -0.20005629  0.95137743  1.23720252]
[-0.64695631 -1.55022771  1.33598325  0.37533994]
[-0.85131995  0.96146704  1.42343879  0.29786145]
[ 1.01980583 -0.48747318 -0.06824351 -2.60414387]
[ 1.07252056 -0.28145219 -0.33866135 -0.2669636 ]
[ 0.79061668  0.27964338  1.26316641  1.40421564]
[-0.91696496 -1.77568205  1.34611719 -1.60117907]
[ 1.03876535 -0.27882825  0.23387804  0.520775  ]
[ 1.00610341  0.41405742  0.40382164  1.16520179]
[ 1.05053531 -0.65811197  0.53625925 -0.77459855]
[ 0.6407023  -0.94646375  1.61731044  0.78015766]
[-1.01753043 -1.38002537  0.10605321 -0.16153634]

Populations

0.0188961181436
0.0136610118867
0.00989966987974
0.00888091452925
0.00680160706346
0.0114912833181
0.00926734503875
0.0200934281674
0.00555935032091
0.00529613848842
0.00164175347621
0.0150663305174
0.0115907052373
0.0154739567954
0.00421587807719
0.0177411794282
0.018194214566
0.00682849321897
0.00953089029067
0.00416866188263
0.0117368058004
0.00391898373103
0.00381431371376
0.0115784900506
0.0157235779013
0.0110280039387
0.00748328633974
0.00682331308306
0.0173056920475
0.00289153034039
0.00960724987403
0.0165641964158
0.00394149318611
0.0120844739545
0.008084276676
0.0162470109998
0.0025742735405
0.00454117573534
0.0188991384958
0.0123104300062
0.0187834995805
0.0110434512374
0.00622037677886
0.00296886187549
0.00549585136126
0.0126048465126
0.0117867305795
0.0155229994132
0.00490203888154
0.00120265768409
0.00357617264705
0.0140829123089
0.00539406293728
0.0109898139166
0.0230844362882
0.0160304418203
0.00664967714914
0.00386812617283
0.00837579601142
0.00300776362328
0.00950789003631
0.00896973378809
0.00888301988439
0.01785769348
0.00520282157198
0.0135332798823
0.00926989288572
0.0198857600602
0.0117700686749
0.0129173863782
0.00518286281401
0.008890908629
0.0212489078373
0.00149994177251
0.0156491769439
0.0189101042974
0.00184308325322
0.00647658796864
0.00866879395809
0.0200414058823
0.00465232566406
0.0122440145265
0.00469841670553
0.00925508174142
0.010326778971
0.00177513739555
0.00876717453903
0.0088132981109
0.00872573883209
0.00492377587568
0.00957855554166
0.00490002344134
0.01510501011
0.00672057974837
0.00830378882829
0.0144651398846
0.0114799211516
0.0094364895156
0.0072080929048
0.0153641735773

State labels

0
1
2
3
4
5
6
7
8
9
10
11
12
13
14
15
16
17
18
19
20
21
22
23
24
25
26
27
28
29
30
31
32
33
34
35
36
37
38
39
40
41
42
43
44
45
46
47
48
49
50
51
52
53
54
55
56
57
58
59
60
61
62
63
64
65
66
67
68
69
70
71
72
73
74
75
76
77
78
79
80
81
82
83
84
85
86
87
88
89
90
91
92
93
94
95
96
97
98
99
