Cluster centers 

[-0.77963343  0.03312819 -1.51822894 -1.3720967 ]
[ 1.34767031  0.08835334  0.3203479  -0.28985427]
[-0.86504758  0.33366463  1.00640995 -0.56874909]
[ 0.6901242  -9.48942    -0.09944663 -1.3793407 ]
[-0.66798845  0.34389287 -0.41768374  1.27576627]
[ 1.30523522  0.45486762 -1.01861265  0.76988943]
[-0.70651923 -0.44023922  1.66459919  0.61034788]
[ 0.57785405  0.28398916  0.83373759  2.21237731]
[-0.85321566  0.50497744 -0.70153222 -0.0849051 ]
[ 1.25048811 -0.07907658  0.19716469 -1.80437442]
[-0.81584844 -0.94524247 -1.41972596  0.56611171]
[ 1.23557536  0.29312755  0.34584199  0.84505429]
[-0.81359248  0.78376067 -0.01692247  0.35665236]
[ 0.58677703 -0.4225541  -1.03531394  2.525776  ]
[ 1.31309154  0.33172381 -0.04166932 -1.27270133]
[-0.82908434 -0.72576523  1.68593395 -0.16717301]
[ 1.35752047  0.66175362 -0.4225329  -0.20467873]
[-0.85615323  0.91039593 -0.08585799 -0.75389134]
[-0.81847802  0.06616696  0.95950705 -1.77141946]
[-0.65652566 -1.94935087  2.1824497   0.62840049]
[-0.85532594 -0.16387474 -1.19794074  0.01465767]
[ 1.33412395  0.02684303 -1.60375686  0.47761622]
[-0.70843916  0.67548646  0.64158424  0.87153765]
[-0.78781853  0.68200073  0.430188   -1.77118549]
[ 1.33387466  0.5687343  -0.17310064  0.23765263]
[ 1.34869433 -0.12255342  0.40507588 -0.66057923]
[ 1.08349049  0.53419125 -0.28712221  1.6492294 ]
[-0.65226654 -0.71383708 -1.12551795  1.39922546]
[ 1.33943353 -1.03466817  0.80238962 -0.87279529]
[-0.85901366 -0.2474233  -1.40545553 -0.52381626]
[-0.82962158  0.63747915  0.739855    0.03071878]
[-0.85688357  0.59007395 -0.79071133 -0.60260074]
[-0.52712835  0.52030965  0.88837536  1.4674113 ]
[ 1.28098139 -0.55144946 -2.37898631 -0.94908023]
[ 1.10441632  0.01235614  0.74902733  1.2667985 ]
[ 0.70441952 -0.01125285  1.06843157  2.05309511]
[-0.81885736 -0.31415762  1.51938885 -0.01583205]
[-0.86212099 -1.10236581 -1.63667138 -0.0431547 ]
[-0.7125505   0.38841891  1.09190196  0.75006051]
[ 1.30997358 -0.78043123  0.60074255 -1.42092803]
[-0.80875748  0.506778   -0.50309246  0.48043479]
[-0.70877678 -0.97629952  1.88328798  0.53057888]
[ 0.97221711  0.7441776  -1.23396367 -2.33584365]
[-0.55146568 -0.00336121  1.44191704  1.24605531]
[-0.33189015  0.46151204  0.01712476  2.04744536]
[ 0.99460115 -0.05624889  0.087122   -2.75219387]
[-0.80692056 -0.38319073 -1.15418192  0.60950422]
[-0.85203593  0.85484747  0.12025742 -0.17311683]
[-0.02589239  0.03927995  1.33883425  2.12261125]
[ 1.25067231 -0.41304231  0.83812524  0.53776939]
[ 1.30631558  0.0331352   0.4815427   0.28016108]
[-0.86190418 -0.67956961 -1.47962966 -0.06691877]
[-0.81420741 -1.62661634 -1.66202313  0.51306091]
[-0.86962762 -0.07160732  1.27396996 -0.68263527]
[-0.86397778  0.65956759  0.6440615  -0.73376174]
[ 1.09557761 -0.35612445 -1.35229107  1.80817203]
[ 1.3463144   0.66375688 -0.68280375  0.20191931]
[-0.51255429 -0.96733727  1.93692852  1.18186424]
[-0.7799343  -1.51754138  2.0045296   0.12936061]
[-0.86068153  0.39127753  0.8587108  -1.13775122]
[ 0.08913858 -2.13484268 -1.63115308  2.22139246]
[ 1.25567815 -1.77748605  0.83058471 -1.89709381]
[-0.85354252 -1.42011083 -1.92995532 -0.72947144]
[-0.81596346  0.31330521  1.11134804  0.09894386]
[ 1.35461422  0.44009718 -0.03156669 -0.32928511]
[-0.80329077  0.92217194 -0.4354163  -1.40333653]
[-0.87024272 -2.14247806 -1.96940452 -0.23026266]
[ 1.27702654  0.56370616 -0.16297479  0.76185926]
[ 0.93355968 -0.65354808  1.30947609  1.56175608]
[ 1.34825794  0.3026115   0.05106129 -0.78034974]
[-0.86252154 -0.02636464  1.12562106 -1.2906341 ]
[-0.86014213  0.14906573 -1.08718114 -0.28867137]
[-0.83549193 -0.789755   -1.77478162 -0.90857819]
[ 1.32122741 -0.15720027  0.32381602 -1.24895083]
[-0.86828844 -1.16503126  1.7563186  -0.65907815]
[-0.76167362 -2.53767057  2.22023371  0.11273612]
[ 1.23333169 -0.41204249 -1.61947481  1.30227923]
[-0.85103999  0.05213267  1.2577114  -0.30258578]
[ 1.25217653  0.69726106 -0.52860563 -1.60357347]
[ 1.33766862 -0.5354425   0.70743651 -0.32240592]
[ 0.40323244  0.48033682  0.33358383  2.42963004]
[-0.81619483  0.81226469  0.30580897  0.25881281]
[ 0.81052845  0.26288338 -0.56326838  2.32251773]
[-0.8349178   0.40004319 -1.10382808 -0.95337124]
[-0.73271926  0.71585746  0.06270976  0.87720216]
[ 1.35366042  0.4422573  -1.29804798  0.12373528]
[ 1.25662488  0.59489441 -0.53075532  0.99343641]
[ 1.20949037  0.38918602 -0.86973409  1.30669669]
[ 1.33979339  0.70625475 -0.81197889 -0.78386288]
[-0.87424575 -0.50262038  1.45961435 -0.86553349]
[-0.79780928  0.10849826 -0.84173296  0.61766154]
[ 1.32609975  0.3373645   0.17457629  0.19151986]
[-0.19975462 -0.36011491  1.65769076  1.84411772]
[-0.86153148  0.83069845  0.34796279 -0.50889534]
[-0.749298   -0.01936702  1.40709427  0.47948091]
[ 1.18926715 -0.94896072  0.53403744 -2.23442326]
[-0.85289269  0.76797781 -0.3259267  -0.13181442]
[-0.85455723  0.78812025 -0.5211967  -0.67717825]
[-0.67864773 -0.75300108  1.82157152  0.70196033]
[ 1.06054598  0.43482372  0.28872152  1.57115771]

Populations

0.086086763174
0.346274748049
0.279039486819
0.288599001959

State labels

0
1
2
3
