Cluster centers 

[-0.76180692  0.24382312  0.03923314  1.31360283]
[ 1.28286351 -0.26761527  1.35692084  0.12104993]
[-0.7688357  -1.30900823 -0.5075553  -0.30217552]
[-0.75406474  1.21302451  0.30347257 -0.65054724]
[ 1.50120871 -0.33716403 -0.74620635 -0.21523623]
[-0.74957917  2.09292383 -1.45469506 -1.7760047 ]
[-0.70809575 -1.77495871 -0.44317728 -2.19691634]
[-0.78405638  1.88772636 -0.35994952 -2.97064987]
[-0.76902448  0.97552296 -0.08838571  0.46664724]
[ -6.19313569e-01  -1.22884235e+00   8.27297932e-01  -1.19620072e-03]
[ 1.49694168  0.09631933  0.14634037  0.63342591]
[ 0.65211003  1.60203676  1.74774537 -2.68334364]
[ 1.39628791 -0.34740552 -2.27097606 -0.72453805]
[-0.38329737 -1.74034741  1.01406052 -1.64480016]
[-0.72492825 -0.74071598  0.45134595  0.85802779]
[-0.73975205 -0.93545091 -1.38609999  0.48886949]
[-0.76811451  1.58988133 -0.76130633 -0.51561763]
[ 1.49248243  0.04415005 -0.98015817  0.63731203]
[-0.73680757  0.11237777  0.57555213  1.04980733]
[ 1.29348026 -0.84418136  0.6666785  -1.03765135]
[ 1.29812166  1.1416421   1.4811748  -0.30397348]
[-0.76977692 -0.95685808 -0.60762539  0.58999547]
[-0.71402165 -0.58731223 -1.23193353  1.2326033 ]
[ 0.97134955 -0.72639191  1.90302238 -0.38269932]
[ 1.49881039 -0.35541213 -1.07130775 -0.35236481]
[ 1.27709645  1.23280621 -1.72101458  1.76545974]
[-0.46055541  0.7079553   1.72670462 -0.69498758]
[-0.7634204  -0.54292902 -0.24932317  1.22430569]
[ 0.76516834  1.05099079  2.28196206 -1.29961416]
[ 1.42676062  1.77001894  0.61415436 -0.78623538]
[-0.77693414  1.59493925 -0.14859449 -1.56029766]
[-0.74202398  1.17039763 -0.69898344  0.69383565]
[-0.63275073 -0.11420218  1.23686697  0.74206361]
[-0.7317257  -1.87209925 -0.82183675 -3.1149711 ]
[ 1.25485965  0.10934124 -2.30041986  0.83687981]
[-0.58952448  0.3570411  -1.48593102  1.97850651]
[-0.77203335  1.31851174 -0.40449759 -0.06661449]
[-0.73975526 -1.61540022 -0.45453283 -1.41005544]
[-0.75878689 -0.95045383 -0.12972848  0.62278851]
[-0.75792805  0.6575964   0.28585432  0.70221195]
[ 1.42581564 -0.44831059  0.40198938 -0.21739875]
[-0.67477614  1.96258403 -0.00500734 -4.48524136]
[ 1.50791537 -0.15293533 -0.48029893  0.2599226 ]
[ 1.45286319 -0.79910901 -0.73268802 -1.75600952]
[ 1.47505947  1.81401076 -0.72688614  0.61011485]
[ 0.19710972 -1.4883641   1.79776011 -1.29318928]
[ 1.40032302 -0.49670653 -2.5613386  -1.65201084]
[-0.63963707  0.42692176  1.21447207  0.2942484 ]
[ 1.41431724  0.28654878  1.01220281  0.5471589 ]
[-0.74408927  1.6295526   0.14590736 -2.25088709]
[ 1.49113309 -0.4304493  -1.30034067 -0.68184017]
[-0.42974294 -0.90315869  1.68165345  0.25704424]
[-0.75369124  0.61165218 -0.30378457  1.26024551]
[ 0.56574981  0.53694749  2.62090923 -0.67924451]
[ 1.46775306  0.81575456  0.73766369  0.64537743]
[ 1.51381839  0.74597245  0.03654936  1.02849059]
[-0.73718333  0.8794736   0.55056733  0.0181964 ]
[-0.74486045  1.83231614 -1.18433558 -0.85992285]
[-0.74762418 -1.17048613 -0.05824807  0.15988154]
[-0.77848246 -1.19374251 -0.95450106 -0.08250335]
[-0.7931408   1.86630378 -0.70058989 -2.04328658]
[ 1.48436937 -0.58351508 -0.73077895 -0.95230955]
[-0.70203693  1.40026962  0.54502942 -1.71365455]
[-0.78135723 -1.37009799 -1.10425739 -0.74096229]
[-0.72001858  0.18159471 -0.78241421  1.71812531]
[-0.65426493  1.44621775 -1.29844968  0.73720697]
[-0.75158669  0.92955745 -0.48642832  0.96112323]
[-0.77598395  1.38071027 -0.08625964 -0.725056  ]
[-0.75415784 -0.36245846  0.18920724  1.23441327]
[ 1.13375357 -0.06502624  1.90774262  0.14431087]
[-0.78479426  1.64653933 -0.54604124 -1.12157782]
[-0.66694403  1.20151567  0.83967438 -1.2714908 ]
[ 1.4741622   0.48179423 -0.99281531  1.27978939]
[ 0.36191858 -0.6561448   2.47912991 -0.0932995 ]
[ 1.41540373 -0.2068753   0.72593146  0.21945203]
[-0.69817043  1.06694754  0.77198605 -0.73684474]
[ 1.47809782 -0.40600062 -0.1081546  -0.24615131]
[-0.71666992 -1.39553937  0.06772844 -0.43900419]
[ 1.48765331 -0.17054771  0.04475127  0.26182858]
[ 1.41489825  0.30128957 -1.55633413  1.13144106]
[-0.65226719 -0.81099976  0.93376405  0.65600475]
[ 1.48577797 -0.11497525 -1.19955231  0.28406428]
[-0.70217922 -1.56271834 -0.01782382 -1.02291336]
[-0.74248436 -0.4585941  -0.81101821  1.40585656]
[-0.71250241 -1.13534498  0.33860236  0.24280952]
[ 1.44199423 -0.20034588 -1.74785207 -0.04142782]
[ 1.5117473   0.31210857 -0.46489073  0.96781336]
[ 1.47829241  1.24599649  0.61606772  0.36232308]
[-0.68471997 -0.43342382  0.90008547  0.94392792]
[-0.80493331  2.06885434 -0.96530983 -2.93230097]
[-0.74303936 -1.12790166 -1.7169664  -0.26724994]
[-0.427104   -1.90891254  0.47833649 -2.63333381]
[-0.76926855  1.06861441  0.06057855  0.08194885]
[-0.75398884  0.20722369 -0.33157789  1.53551182]
[ 1.26954272  0.41962368  1.64841701  0.26413381]
[-0.78733671 -1.62944095 -1.16377969 -1.93363292]
[-0.63923334  0.70039298  1.17539331 -0.1771154 ]
[ 1.46011363  0.1742179   0.64365805  0.60417436]
[-0.5780064  -1.45083209  0.78149459 -0.57372266]
[-0.68642374  1.66529963 -1.3008626   0.07910702]

Populations

0.108558652774
0.28738006373
0.326878925312
0.277182358184

State labels

0
1
2
3
