Cluster centers 

[-0.66200139 -0.30386452  0.39714067  1.22401055]
[ 1.68540824 -0.48988507 -0.89148839 -0.41133736]
[-0.59143388 -1.59119863  0.29884193 -0.79086993]
[-0.67183473  1.37691284 -0.89914887 -0.25946034]
[ 1.59576405  0.09717269  0.94561247  0.27663344]
[-0.54591137  0.84503158  1.09567702 -0.84276135]
[-0.68996118  1.46272487 -0.38531842 -2.56848535]
[ 1.70769605  0.34334648 -0.15263161  0.90527376]
[-0.68375247 -1.57505972 -0.49606038 -0.64956438]
[-0.59972148 -0.71873076  0.9112243   0.6689699 ]
[-0.46063457  0.49585456 -1.30791341  2.19785414]
[-0.68169627 -1.10452655 -0.54840799  0.52542744]
[ 0.772183   -0.12045711  2.58018964 -0.38366185]
[-0.62814725  0.89184984 -0.63613321  1.16835007]
[-0.67215451  0.82584276  0.31343417  0.20025518]
[ 1.66704557 -0.17264949 -1.26542028  0.40302847]
[-0.70653328  1.38238545 -0.42792527 -1.45567066]
[-0.63061033  0.08780568 -0.47534994  1.74610122]
[ 1.56044319 -0.4379589  -2.29996207 -0.15259593]
[-0.65742852 -2.01528861 -0.77159396 -2.26572062]
[ 1.37791457  1.44446997 -1.7946257   2.07099403]
[-0.70526854  1.61699627 -0.9093356  -4.10602314]
[ 1.66824424  1.51293876  0.40759773 -0.03802458]
[-0.57351918  0.16903835  1.24288074  0.5220194 ]
[ 1.62854678 -0.36182182  0.3259427  -0.19149274]
[-0.65773292  1.27664046  0.13169718 -1.82959382]
[-0.66243125 -0.92668386 -0.80743137  0.910957  ]
[-0.069522   -1.48922245  1.70609548 -1.17382358]
[ 1.48307434 -0.51462905  0.98422111 -0.49548011]
[ 1.57960921 -0.99121006 -0.30510852 -1.72564531]
[ 1.60432689 -0.71450127 -2.33340587 -1.17147146]
[-0.48839296  1.64626722 -1.81872682  0.27150262]
[-0.71063947 -1.7417879  -1.18039718 -1.22888339]
[-0.33587922 -2.14501777  0.25612986 -3.02971296]
[-0.65131464  1.12553894  0.35211436 -1.15648332]
[-0.66548765 -1.09269843  0.07806808  0.43172772]
[-0.50366256  1.08507278  0.96061043 -1.86299212]
[-0.6667706   0.55568877  0.43464148  0.70956795]
[-0.68778925  1.12974883 -0.32223382 -0.02554744]
[-0.34684117 -0.84839426  1.78504023  0.04702849]
[-0.67158376  0.93490148 -0.29716548  0.64791425]
[-0.68022207  1.0074193   0.18381322 -0.28526805]
[-0.60492952 -0.93211087 -1.44902653  0.93611272]
[ 1.69364405 -0.13049025 -0.24666028  0.29570278]
[-0.69312805  1.60367058 -1.22102723 -1.39163576]
[-0.65174688  0.09053526  0.65945034  1.01849836]
[ 1.67482152 -0.4512413  -0.35559186 -0.33288731]
[ 1.13971796  1.57230696  1.46705928 -2.64271154]
[ 1.5524702  -0.02689002 -1.90092111  0.8838947 ]
[-0.69242112 -1.36506464 -0.86094958 -0.05871639]
[-0.66241566  0.14564585 -0.03464664  1.48655139]
[ 0.74181092  0.76871862  2.37067356 -1.09427952]
[ 1.62307042 -0.72195831 -0.16765912 -0.97001996]
[ 1.63989781  1.72003873 -0.95561239  0.86071993]
[ 1.6600004  -0.38271223 -1.49576206 -0.08894671]
[-0.60060833 -1.85026226 -0.07355349 -1.58150674]
[ 1.66008776  0.51547343 -0.92840857  1.36324807]
[-0.61108233 -1.08516424  0.62930304  0.28326938]
[-0.68321816 -1.74958906 -0.62947657 -1.20847194]
[ 1.68468301  0.08477789  0.20794861  0.50706598]
[-0.40572008  0.4867445   1.71966181 -0.4225458 ]
[-0.65958885  1.570063   -1.29344692 -0.73529718]
[-0.39931432  1.36063792 -1.70998788  1.41397444]
[-0.66736385 -0.71653761 -0.41632648  1.16539927]
[-0.63265847 -1.33106337  0.27236412 -0.11215436]
[-0.69859512  1.23612095 -0.25808414 -0.71593949]
[-0.7217172   1.65305111 -1.24176433 -2.30118726]
[-0.18559932  1.08067119  1.58663399 -2.46612168]
[ 1.15910516 -0.43618219 -3.4629123   0.27799274]
[-0.48239287 -1.34699478  1.03120024 -0.39320834]
[ 1.0858523  -1.12801077  1.46987094 -1.53316716]
[-0.67039615 -0.62343431  0.07591924  1.12862438]
[ 1.66771521  0.50306576  0.62985606  0.63786741]
[-0.68164537 -1.36402923 -0.31833358 -0.08815437]
[-0.64870779 -0.78366166  0.46987032  0.7892464 ]
[-0.59824964  1.32262704 -1.1553761   0.56288916]
[-0.70323641  1.39116344 -0.65371864 -0.94642339]
[-0.50212231 -0.49527754  1.47146613  0.51554782]
[-0.64726748 -1.48209077  0.026541   -0.43609138]
[ 1.36553448  0.60922263  1.85604764 -0.13974486]
[ 1.49506908  1.44986841  1.17013864 -0.91596533]
[ 1.70654969  0.86872251  0.06724149  1.01108917]
[-0.66068718 -1.16241719 -1.21180181  0.43991675]
[ 1.58927457  0.73457224  1.14382641  0.3165667 ]
[-0.62949549  0.86769414  0.70137096 -0.44408335]
[-0.5206319  -1.10897141  1.08382842  0.06173945]
[ 0.95002421 -0.77708659  2.06239311 -0.77235179]
[-0.68236721 -1.47308894 -1.45474946 -0.40297814]
[ 1.69380555 -0.1860857  -0.81251907  0.28686396]
[-0.40530174 -1.61786917  0.99088666 -1.08774964]
[-0.61088885 -0.07582509  1.02630208  0.84405588]
[-0.58955403  0.56871924  1.06394401  0.04202349]
[ 1.66433506 -0.75585623 -0.98565324 -1.16095798]
[-0.1588184  -0.14842427  2.29243875 -0.03446019]
[ 1.69031579  0.17963864 -0.75061998  0.91328166]
[-0.41911953 -1.79993031  0.73388982 -1.5761103 ]
[ 1.36464662 -0.0653859   1.73868878 -0.09259498]
[-0.52681284 -0.25225658 -1.21273767  1.90822377]
[-0.64237071 -0.44945847 -0.57934955  1.53601581]
[-0.67028231  0.40920472  0.18194019  1.1513595 ]

Populations

0.455483480025
0.155737264445
0.207433348167
0.181345907363

State labels

0
1
2
3
