Cluster centers 

[-0.89772446  2.26386838  0.03668996 -4.36768548]
[ 1.2136532  -0.05807887 -0.67106043  0.38981083]
[-0.87758943  0.45054012  0.70289103  0.62114251]
[-0.94597975 -0.63124419 -0.39008316  1.22723031]
[-0.84271535 -1.80865319 -0.10470942 -2.14457967]
[ 1.1551606   0.20558841  0.89402145  0.65714208]
[-0.92411356  1.0925901   0.31406234 -0.16939012]
[ 1.1890192  -0.49575961 -1.32001321 -1.40750657]
[-0.19642523 -1.46616172  1.90025725 -0.4858528 ]
[-0.92889394  1.90006366 -1.06179755 -0.69220441]
[ 1.16635671 -0.48563451  0.37420997 -0.19695908]
[-0.95049118 -1.19111073 -0.62689456  0.15710015]
[-0.88988926  1.66065224  0.47906097 -2.07179288]
[ 0.82832431  1.67590542  1.86718742 -2.00176001]
[-0.77157275  2.5227355  -1.533228   -2.17900401]
[ 0.77786942 -0.0483997  -2.85278278 -0.1546972 ]
[ 1.19796427 -0.37224871 -1.07818688 -0.66011138]
[ 1.22536321  1.06075293  0.16379784  0.86416047]
[ 1.05301797  1.21798318 -1.48079562  1.51749134]
[ 0.70084656  0.25752885  2.25625632  0.0880192 ]
[-0.94475853  0.4487213  -0.19275127  1.23256143]
[-0.65322713 -1.2763191   1.23629836  0.18905149]
[-0.88118087 -0.44715697 -1.53599321  1.38135452]
[-0.7444405   2.07399734 -1.81638573 -0.02653847]
[-0.90159511  1.27627372  0.50562421 -0.83785189]
[-0.95419179  1.3592848  -0.39782143 -0.02986494]
[ 1.08560362 -0.47990305 -2.42831681 -3.00798368]
[ -8.85742683e-01  -1.49552827e+00   5.10641743e-04  -5.15735890e-01]
[ 1.20239943 -0.52682223 -0.32160438 -0.67930009]
[ 1.02865175 -0.7872233   1.01603561 -0.54615708]
[-0.8835778  -0.34190284  0.53944235  1.16221938]
[ 1.22605474  0.44619601 -0.19505591  1.00442351]
[ 1.10098158  0.92616036  1.3156105   0.21248802]
[ 1.13577194  0.09912697 -1.47531555  0.57840116]
[-0.57205013  1.51284127 -2.09780824  1.36523444]
[-0.96060368 -1.53640034 -0.99075172 -1.51306751]
[-0.93510272 -1.76244391 -0.91582315 -3.18628154]
[ 1.16344089 -0.52777938 -1.70928347 -2.08153203]
[ 1.10681849  2.38447348 -0.99242422 -0.18891918]
[-0.6716419  -1.74722807  0.80329625 -1.20448954]
[ 1.00818616  0.12296046  1.57809748  0.44869574]
[-0.95545915 -1.23082757 -1.44187778 -0.53845141]
[-0.64200918  0.68276323  1.62319384 -0.46862219]
[-0.91949105  0.24835253  0.3138352   1.07758228]
[-0.61684629  1.28177784  1.53767067 -1.94938123]
[-0.84701522 -0.98756317  0.57066028  0.71818028]
[-0.93351981  1.55610143  0.18553171 -1.30365983]
[-0.86913692  0.77878062  0.75814819  0.06403795]
[-0.95087936  1.03085293 -0.31464824  0.57004914]
[ 1.13767087 -0.82246001  0.18765199 -1.27751667]
[ 1.10652522 -0.31944104 -2.02514405 -1.16126236]
[-0.96501193  1.79553124 -0.43626797 -1.26874597]
[-0.92228164  0.18566941 -0.88597671  1.69105085]
[ 1.20499939  1.58123174  0.46963225  0.0653883 ]
[-0.93148742 -0.95507664 -1.48857726  0.36897375]
[ 1.21617219  0.11133442  0.16015779  0.703927  ]
[ 0.34966379 -1.55439996  1.64528672 -1.59081074]
[-0.91746797  1.98790982  0.13263459 -2.96133131]
[ 1.21327482 -0.33089041 -0.27853735 -0.1065132 ]
[ 1.17690225  0.79408558  0.85996958  0.61880152]
[-0.96694265  2.04390097 -0.6110069  -1.96118265]
[ 1.20482062 -0.18554861 -0.90784619  0.02087096]
[ 1.21642116 -0.13629643 -0.08298236  0.35433697]
[-0.93927075 -0.44899371 -0.87275001  1.43402518]
[ 1.21587764  0.14710375 -0.56958421  0.75395302]
[ 0.95210096  0.87735095  1.82883109 -0.14830321]
[ 1.02507436 -0.34342902 -2.61528042 -1.99525729]
[ 0.64747415 -1.04991583  1.89880942 -0.4637351 ]
[ 0.88784684 -0.52935144  1.71936313  0.10966445]
[ 1.06855193 -0.36456927  1.1470968   0.20704803]
[-0.92622083 -0.97759842 -0.09796763  0.75177195]
[-0.9164776   1.43885854 -1.01257433  0.47510108]
[-0.83853113  0.84425754 -1.43720518  1.66277939]
[-0.82753849 -0.02047     0.95294261  0.89671465]
[-0.94768501 -1.38689597 -0.62376967 -0.47369619]
[-0.80006485  1.05012147  1.07373789 -0.82763997]
[ 1.08524511 -0.16003618 -2.00720548 -0.39287662]
[ 1.09605474  1.67701601  1.17772087 -0.90294823]
[ 0.34058219 -0.58521719  2.3691921   0.16789052]
[ 1.16791806  0.4124128  -1.07691839  1.106883  ]
[-0.89160652 -1.26999925  0.09805265  0.18056217]
[-0.95533858  1.47292904 -0.20862429 -0.5486867 ]
[-0.93770795  0.90437158 -0.64953854  1.06148133]
[-0.91988609 -0.5761279   0.12662309  1.20359556]
[-0.95120824 -0.89349005 -0.80514211  0.80307294]
[ 1.17598703 -0.18476991  0.53224681  0.36495167]
[-0.76049849 -0.67722136  1.11700729  0.85958944]
[-0.94113064 -0.08403811 -0.1734349   1.45476041]
[ 1.2019252   1.00643474 -0.5681884   1.19797027]
[ 0.9919394   0.36183772 -2.04626635  1.07953221]
[ 0.43266151  0.83884908  2.41400423 -0.86895506]
[-0.75228594  0.37220931  1.31380409  0.28007307]
[-0.75144121 -1.50920225  0.73722162 -0.34466407]
[ 1.21315524  0.5192787   0.4119411   0.87843897]
[-0.673581   -1.98539066  0.30845861 -3.32424252]
[-0.93131728  0.77980744  0.22433922  0.51837048]
[ 1.20059838 -0.6550235  -0.6590929  -1.47695228]
[-0.55425574 -0.33570755  1.81949114  0.5394527 ]
[ 1.14862279 -0.11795242 -1.52732014 -0.02088064]
[-0.88914041 -1.64383156 -0.18634045 -1.24941579]

Populations

0.317363680321
0.29880496687
0.254559944999
0.12927140781

State labels

0
1
2
3
