Cluster centers 

[-0.94365987 -1.19764597 -1.2025543  -0.21308919]
[ 1.22520193  0.58074992  0.5017983   0.8447762 ]
[-0.93889392  1.44124248 -0.5055938  -0.13180017]
[ 1.21868066 -0.64051439 -0.83841929 -1.62763714]
[-0.92430786 -0.17182761 -0.08822804  1.4126756 ]
[ 1.01210272  0.13554643  1.62293159  0.45306196]
[-0.92311152 -1.6724349  -0.68900863 -2.05157424]
[-0.62797376  0.90711461  1.61211195 -0.89914113]
[ 1.23882222 -0.11195471 -0.36791542  0.3436172 ]
[-0.60370139  2.54753012 -1.49753524 -2.17807683]
[ 1.13810742  0.20161751 -1.54398631  0.79133822]
[ 0.47884921 -1.45406642  1.7044804  -1.44204861]
[-0.84162184 -0.6024811   0.66421991  1.04914773]
[-0.86453067 -1.51112023  0.06015969 -0.59655033]
[-0.90018311  1.0758393   0.41691339 -0.22526834]
[ 1.01686636 -0.24997711 -2.53593162 -1.12197986]
[ 1.00848511  1.13044328 -1.77133181  1.60784941]
[ 1.06156455  1.30412215  1.5073424  -0.46568271]
[ 0.24771988 -0.80100852  2.35489147  0.1101018 ]
[-0.94172531  1.73214177 -0.20614321 -1.37597513]
[-0.75331915  0.43322047  1.25812515  0.26650376]
[ 1.05988274 -0.73199656  0.99262036 -0.46733137]
[-0.93132767 -0.45939319 -0.66300841  1.39838629]
[-0.92395259  0.5770102   0.03372122  0.94780929]
[-0.91274066 -0.970876   -1.59628942  0.2587218 ]
[-0.46089164  0.13205005  2.02695343  0.16232468]
[ 1.22014878 -0.22250978  0.16286716  0.25037647]
[ 1.22443022  1.53383743  0.44273486  0.15673734]
[ 1.22120161 -0.26354585 -0.98104687 -0.22647298]
[ 1.0781163   2.36698582 -1.27369323  0.06121788]
[-0.63936499 -1.72127558  0.89546498 -1.15534848]
[-0.92457679  0.31772723 -0.5998489   1.52617583]
[ 1.22767365  0.19518044 -0.7066843   0.81558185]
[-0.87255508  1.65927259  0.51013762 -2.06718687]
[ 1.11353799  0.89248838  1.31931424  0.271389  ]
[-0.91998935 -1.02168231 -0.21027657  0.64990074]
[ 1.08779488 -0.14554645 -2.07726946 -0.32424062]
[-0.82297155  0.0416546   0.90742481  0.88642692]
[ 0.72549589 -1.00754659  1.82043026 -0.48390033]
[ 0.88695269  0.69522745  2.02412446 -0.06570231]
[ 1.13384894 -0.48493753 -2.09912273 -2.33707484]
[-0.71841779 -0.73314656  1.21470666  0.79571058]
[-0.86228291  1.29690005  0.66367705 -1.04458503]
[ 1.16112334  0.33866712  1.00484615  0.65599954]
[-0.93709277  1.71876787 -0.72795012 -0.63175788]
[ 1.23184253 -0.34317049 -0.32383739 -0.15909465]
[ 1.16846391 -0.29339409  0.67690851  0.2299337 ]
[-0.89993123  2.05176982  0.11210366 -3.23197596]
[-0.95650124 -1.46323814 -1.32543252 -1.57689798]
[-0.92050184  0.24834742  0.06649434  1.23046309]
[ 0.63333935 -0.16301692  2.32006787  0.23896723]
[-0.88562019  0.68549866  0.53348964  0.41897388]
[ 1.15607303 -0.81838237  0.17514229 -1.31655289]
[-0.89451445 -0.13434693 -1.15809509  1.69684752]
[-0.93844088 -1.17171648 -0.64334165  0.18749351]
[ 0.92756829  1.86677778  1.65338392 -2.15472155]
[-0.93147404  1.42722676  0.03285102 -0.71360694]
[ 1.24460139  0.47807004 -0.13639133  1.00570538]
[ 1.24000573  1.07652041  0.21291474  0.82382192]
[-0.92200456  0.98716132 -0.68089394  0.94041079]
[ 1.18960299 -0.47825719  0.31382155 -0.21478102]
[-0.1290975  -1.45029651  1.91985814 -0.52868985]
[ 0.39760356  0.69482074  2.49360158 -0.63571167]
[-0.91820337 -1.55477161 -0.4768947  -1.12208063]
[ 1.21348814 -0.57397048 -0.18906077 -0.76061449]
[-0.22684133 -1.89963248  1.2148059  -2.54152112]
[-0.87667022 -1.26528162  0.12171068  0.16844201]
[ 1.2377752   0.07314409  0.03130712  0.66581792]
[ 1.19827692 -0.37524801 -1.38939132 -0.88168977]
[-0.91834311 -0.69995629 -0.09851556  1.12269506]
[-0.74912896 -1.48505365  0.7156603  -0.32278276]
[ 1.19047023  1.9799296   0.65125298 -0.97377152]
[-0.88534605 -0.20215768  0.44293911  1.19428523]
[-0.59059674  1.38968289  1.55498366 -2.22281599]
[-0.85551074  1.56868549 -1.31991095  0.48230773]
[-0.80832032 -1.87329881 -0.1613457  -3.08014517]
[ 1.16461797 -0.09942113 -1.5494964   0.04856703]
[-0.60533025 -0.30359209  1.67114425  0.65222497]
[-0.81276066  0.87294199  0.98390294 -0.29641109]
[ 0.90391418 -0.50684191  1.72149422  0.13719914]
[ 1.22153124 -0.09291613 -0.91781398  0.26034426]
[-0.88293254 -0.59169582 -1.48295528  1.18316371]
[ 1.20615306  0.07190117  0.54660495  0.64432902]
[-0.93357964  1.16011523 -0.02667493  0.02048485]
[-0.93512924  1.0307142  -0.26132217  0.50584119]
[-0.93758239 -0.87233363 -0.83003136  0.82757195]
[ 0.78844944  0.23067926 -2.56372134  0.92270608]
[-0.8112014   0.73041603 -1.46982174  1.73398254]
[-0.82241003 -1.7296801   0.10655857 -1.56379541]
[-0.92914854 -1.36533811 -0.50709913 -0.35939653]
[ 1.22810683 -0.43844822 -0.7913517  -0.70706964]
[-0.64391033 -1.2613984   1.23424433  0.19314687]
[-0.89110159  2.0374419  -1.26368918 -0.9014564 ]
[ 1.19791039  0.9370375  -0.83482192  1.26648761]
[-0.95045964 -1.35968686 -1.18295334 -0.85656727]
[-0.84349154 -1.00131121  0.49870613  0.69953777]
[ 1.18265663 -0.4514371  -1.64650078 -1.49883785]
[ 1.08523666 -0.28822158  1.18645237  0.2958525 ]
[-0.9529507   2.03522037 -0.56403374 -2.02258415]
[ 0.71377765  1.32121261  2.17313086 -1.40876647]

Populations

0.00594882145246
0.423804087705
0.251385872585
0.318861218257

State labels

0
1
2
3
