Cluster centers 

[ 1.10699776 -0.51361421 -2.24095266 -2.04489843]
[-0.93876843  0.27862155 -0.08687299  1.34950493]
[ 1.2168512   0.12920881  0.24366843  0.66845071]
[-0.86380175  1.81900399 -1.42990996  0.04635368]
[-0.9405062  -1.4927247  -0.6036122  -0.75386365]
[-0.90021671  1.2531452   0.45750967 -0.82976765]
[-0.66338866 -0.9069734   1.3670633   0.59389803]
[-0.9237537  -1.07162048 -0.11910258  0.55819326]
[ 0.73364019 -0.41104974  2.0931633   0.14041403]
[ 1.18521525 -0.13290113 -1.19847044  0.10042953]
[-0.96730598  1.98133746 -0.48537508 -2.43983938]
[ 1.10798397  1.50909806  1.16798967 -0.66699436]
[-0.94320535  1.06334498 -0.55910301  0.79320024]
[-0.82849617  0.54528964  0.9622729   0.31640695]
[-0.83442369 -0.55294818  0.7856757   1.03253682]
[ 1.0489873   0.96738285  1.52380185 -0.06554152]
[ 1.03077566  0.65797606 -1.7527147   1.28647654]
[ 1.16956846 -0.01866316  0.72169051  0.52105649]
[-0.911596    2.08765735  0.02705178 -4.52547501]
[-0.43699154 -2.12352919  0.85369776 -3.13331944]
[-0.95143489 -1.15316749 -1.01608482  0.09556894]
[ 1.05582769 -0.7441762   0.93407493 -0.48862543]
[-0.943741    1.37290474  0.03756529 -0.66622396]
[ 1.20994914 -0.46722888 -0.23751787 -0.38885202]
[ 0.8876207   0.98276278  1.95566895 -0.53985505]
[ 1.22587927  0.72511424  0.25209204  0.9016667 ]
[ 1.07433592 -0.17923889 -2.08016803 -0.34013097]
[-0.91125017  1.0402707   0.41638599 -0.18520363]
[ 1.19480195  0.32281881 -0.8900215   0.95125447]
[-0.74555792  0.4546405  -1.85226102  2.04046307]
[ 1.19088087 -0.40868028  0.21023219 -0.08119393]
[-0.95514046  1.39101548 -0.41189077 -0.12908196]
[ 1.18231224 -0.81164725 -0.34913117 -1.51444972]
[-0.72831487 -1.76855116  0.60448682 -1.18342245]
[-0.96391041  1.84855763 -0.55752694 -1.58234794]
[-0.78567147 -1.41516132  0.65271398 -0.09876917]
[ 1.18853156  1.10267971  0.78296946  0.38564002]
[ 0.78013485  1.82497183  1.75792303 -2.92821784]
[-0.92899242 -0.37564661 -0.95254443  1.48722444]
[-0.65433705  0.58691679  1.58874984 -0.30718019]
[-0.94180708  2.21132645 -1.25865109 -1.99562207]
[-0.32442501 -0.20678335 -3.37107005  0.79470075]
[-0.92888448  0.80491183  0.22900543  0.51549324]
[ 1.21199063  1.04479763 -0.35977638  1.1078719 ]
[-0.71770549  1.45736593 -1.89575202  1.44323314]
[-0.8481559   1.5060386   0.6852416  -2.11272841]
[-0.92714382 -0.43259454  0.03106377  1.31192844]
[ 1.2184828  -0.12596566 -0.65053856  0.24673839]
[ 1.02886636 -0.27299472  1.376864    0.27878195]
[ 0.51019459 -1.11285495  2.02170475 -0.43554595]
[-0.86110051 -0.95337086  0.46963994  0.75222768]
[-0.81249459 -1.93018914 -0.02353431 -2.34013895]
[-0.95990963 -1.33133875 -1.33132539 -0.69270361]
[-0.95614181  1.67711497 -0.67501525 -0.67399259]
[-0.75116053  1.12674757  1.13257511 -1.21631692]
[-0.89214883  0.00167795  0.53277293  1.15032376]
[-0.87818707 -1.47424468  0.06424984 -0.36884912]
[ 1.17887043 -0.51075035 -1.51181407 -1.31110797]
[ 1.17418667  1.97813382 -0.50688416  0.13645304]
[-0.63582001 -1.6947329   0.97809128 -0.85587883]
[-0.90414373  1.71437541  0.27544441 -2.45894719]
[-0.93739691 -0.77595451 -1.09286487  0.92925049]
[ 0.41251927  0.84360427  2.45286087 -1.09322146]
[ 1.21986244 -0.16322102 -0.08886999  0.28849938]
[ 0.55772061  0.30056422  2.46494069 -0.11704937]
[ 1.16024926 -0.33697944  0.5928027   0.13884231]
[ 1.22185629  0.30751604 -0.49060829  0.91589809]
[-0.87675209 -1.23808984  0.23545678  0.26855556]
[-0.94478331  1.2772107   0.00658709 -0.33693841]
[-0.83097344  0.87480155  0.93247315 -0.31294028]
[-0.98262418 -1.68206589 -1.61889555 -2.82855858]
[-0.96625563 -1.64555906 -1.13373724 -1.90072873]
[ 1.20557503 -0.38442155 -1.01637994 -0.53078034]
[-0.81031815  0.05165788  1.03287383  0.83671764]
[ 1.21133239 -0.59786539 -0.71230718 -1.04694007]
[ 1.16355924  0.50698677  0.95137386  0.63852217]
[-0.93495292  0.46726057 -0.61218041  1.48502271]
[-0.89446611  1.39765009  0.46946685 -1.34995553]
[ 1.14934746  2.15630565  0.73029041 -1.98420662]
[ 0.63121139 -1.39819119  1.59388314 -1.37626625]
[-0.94876827  1.07558798 -0.16824996  0.36909769]
[-0.93984557  1.96388972 -1.08405656 -1.10743611]
[ 1.049229    0.25680069  1.48601494  0.44941087]
[-0.93729627 -0.74166661 -0.23750976  1.06700946]
[ 1.14806729  0.1100153  -1.40331155  0.61325567]
[-0.5951275  -1.95204424  0.74261125 -2.03778824]
[-0.90826712  1.40543546 -1.06085356  0.64610783]
[-0.85141767 -1.64283743  0.11048211 -0.90639396]
[ 1.11158386 -0.30673855 -1.95622757 -0.76346983]
[ 0.94210098  0.10090321 -2.3121978   0.51993056]
[ 1.22968426  0.26161191 -0.17446143  0.82510798]
[-0.91862028 -1.65155308 -0.45908108 -1.27901092]
[-0.92663605  0.57189025  0.22636757  0.87119137]
[-0.92934627 -1.31450228 -0.31703157 -0.04179503]
[-0.95113916 -1.08192145 -0.64032853  0.42749858]
[-0.29609425 -1.43327248  1.83379238 -0.32450953]
[-0.95194914  1.59440839 -0.12837841 -1.22429359]
[-0.95050145  1.5829282  -0.71682031 -0.28967334]
[ 0.06250258 -0.67358063  2.4511209   0.219215  ]
[-0.59404149 -1.42990592  1.31674981 -0.14687718]

Populations

0.0107501026474
0.285647027547
0.265250440032
0.438352429773

State labels

0
1
2
3
