Cluster centers 

[-0.94463181 -0.54515361 -0.60548065  1.3397539 ]
[ 1.21746001  1.47555544  0.33675194  0.33621468]
[ 1.20318264 -0.42771247 -0.03931425 -0.25301305]
[-0.76968669 -1.74179556  0.3965149  -1.45023407]
[-0.91164412  0.40750263  0.39222357  0.88635448]
[ 1.20961085 -0.2170369  -0.89508406 -0.05388503]
[-0.96021264  1.82213632 -0.34364147 -1.45073389]
[-0.95576571 -1.19865143 -0.86124337  0.00896437]
[-0.63445952 -1.02684721  1.42577323  0.49258569]
[ 1.21643827  0.11243167  0.23361304  0.70059568]
[-0.91805357  1.34943549 -0.93822944  0.5808413 ]
[-0.88453979 -1.30956221  0.1278909   0.07040198]
[ 1.12778988 -0.43521512 -2.0263533  -2.00132568]
[-0.96973321 -1.6145789  -1.22949487 -2.66076688]
[ 1.00492842 -0.04158827  1.54594007  0.41630079]
[ 1.17017286  0.9718838  -0.87306991  1.3466839 ]
[ 0.97582947 -0.54431722  1.43958558  0.03180281]
[-0.81015315  0.60280253  1.06221117  0.1249945 ]
[ 0.46322026 -0.37426292  2.38873005  0.16738296]
[-0.9311779  -0.31358526 -0.02603459  1.37804647]
[ -9.44315284e-01   1.91735976e+00  -1.77226327e-04  -2.34832159e+00]
[-0.9416436  -1.14804534 -0.43275179  0.3347087 ]
[ 1.15725453  2.12660155  0.73812196 -1.4693429 ]
[-0.91045334  1.05128209  0.4082798  -0.15242628]
[-0.92047719 -1.59075438 -0.44556294 -1.29117791]
[ 0.84687192  0.78848005 -2.27276625  1.49248723]
[-0.94275149  0.46419567 -0.19189878  1.22754695]
[ 1.030407   -0.05666733 -2.18338332 -0.02617806]
[ 1.19148992 -0.46992564 -1.32842432 -1.32035254]
[-0.94453852  1.35804675  0.00558921 -0.46750497]
[-0.82205747 -1.84561353 -0.10706411 -2.69528018]
[ 1.16904589  0.45545692  0.88641745  0.68724213]
[ 1.22164046  0.1544916  -0.4945414   0.77977408]
[ 1.13111296  2.39476222 -1.03826    -0.15585913]
[-0.84800363 -0.02092651  0.81809418  0.97220696]
[-0.95098801  1.43023    -0.46117447 -0.12020559]
[ 0.06409028  0.81339246  2.31304783 -0.94311324]
[-0.82345251 -0.67523551  0.8170149   0.95828987]
[ 1.21323674 -0.45027434 -0.64746537 -0.66247507]
[-0.89709093 -0.21024822 -1.25856631  1.67440103]
[-0.6719406  -1.5925004   0.94418645 -0.63205376]
[ 1.22427707  0.89150141  0.30477399  0.87541523]
[-0.93732153 -1.04404282 -1.51861962  0.0839635 ]
[-0.94456178  2.18315435 -1.05999714 -1.70720785]
[ 1.19937436 -0.22687044  0.28624021  0.27127657]
[ 1.0321468   1.40916234  1.53029485 -0.7049703 ]
[ 1.14164774  0.26919608 -1.36789789  0.94326991]
[ 0.74749373  0.5364988   2.24222181 -0.12220159]
[-0.94765262  1.09018815 -0.18657615  0.34238052]
[ 0.93241671 -0.93584959  1.26917034 -0.73444556]
[ 1.13288724 -0.49199259  0.68863919 -0.10095414]
[-0.67722381  0.48612428  1.54236642 -0.04248238]
[-0.89576256  2.13729621  0.1899442  -3.74815934]
[ 0.47773176  1.48204291  2.09576977 -2.01405799]
[-0.96669775  2.1968744  -0.67838761 -2.46113005]
[ 1.20283381 -0.64838375 -0.81251668 -1.6753898 ]
[-0.96014148 -1.53081732 -1.08787231 -1.69878184]
[-0.95723176  1.6925608  -0.48124221 -0.8255054 ]
[-0.17719363 -1.90352173  1.30189079 -2.59291327]
[ 0.55356724 -1.01265231  2.0458019  -0.32728947]
[-0.93736718  0.24643299 -0.53240206  1.54852082]
[ 1.17471272 -0.71963023 -0.03637004 -1.16239932]
[-0.93683995  0.83765179 -0.61340549  1.11123215]
[ 0.07558812 -0.06153306 -3.37263747  0.69364239]
[ 1.2131963  -0.05568242 -0.76420745  0.38889202]
[-0.88189278  1.1841274   0.62321388 -0.68676575]
[-0.94863795 -0.93955099 -0.69933714  0.73817247]
[ 1.03840357 -0.19513507 -2.31221084 -0.71300026]
[-0.86153197 -1.51835256  0.1377799  -0.58286864]
[-0.75576559 -1.34169698  0.83071315  0.06287937]
[-0.96097328 -1.35813657 -1.26696553 -0.95489087]
[-0.88430984  1.64035251  0.52491721 -1.97717628]
[-0.54940041 -0.04913642  1.86288349  0.3912659 ]
[ 1.15191624 -0.1256175   0.80101202  0.45297031]
[ 0.05623484 -1.6223879   1.70104262 -1.38279942]
[-0.90412198  0.80168444  0.48130152  0.27295854]
[ 1.0308498   0.77621744  1.59904059  0.15578683]
[-0.92944574 -1.40170227 -0.38998462 -0.42142754]
[-0.8903874  -0.38975704  0.45514607  1.18334778]
[ 1.17439712 -0.30458802 -1.45227105 -0.65399211]
[-0.77705388  1.56912599  0.9953274  -2.2875188 ]
[-0.9217979  -0.68754908 -1.30850921  1.07279612]
[ 1.22172081 -0.18306533 -0.20493709  0.23969077]
[ 1.23040109  0.44685194 -0.11979252  0.99582019]
[-0.384602   -1.42779906  1.72462376 -0.26115012]
[-0.91925843 -1.09224114 -0.07883982  0.53988365]
[-0.8668646   0.56958305 -1.29867383  1.75027995]
[-0.8618179   2.04188357 -1.44444814 -0.54294899]
[-0.92930708  0.12955358  0.12034763  1.26751761]
[-0.74148561  1.56906636 -1.86544758  1.1612545 ]
[-0.8667194  0.459485   0.7544691  0.5770688]
[ 1.1848387   1.60000412  0.76715456 -0.24023956]
[-0.94065192  0.81327782 -0.0093626   0.6665214 ]
[-0.76276459  1.07691121  1.19573607 -0.97594529]
[-0.85904661 -1.03587682  0.45006951  0.65829798]
[-0.91485326  1.47760692  0.34207943 -1.19961467]
[ 1.14316045 -0.01372963 -1.52205314  0.30693409]
[-0.70544007 -0.29783034  1.41310774  0.77151316]
[-0.9362304  -0.16839153 -0.69593414  1.61961128]
[-0.93092103 -0.76823633 -0.13210197  1.05904353]

Populations

0.429364518573
0.0746203865275
0.275576836486
0.220438258413

State labels

0
1
2
3
