Cluster centers 

[-0.90968188 -0.56695718 -1.05149429  1.30862305]
[-0.88228539  1.29999942  0.43710108 -1.04906209]
[ 1.19733538  0.07046077  0.71727258  0.55846916]
[ 1.22947462 -0.48633263 -0.93234113 -0.79280184]
[-0.64086    -1.71644857  0.87190847 -0.97791313]
[-0.93646836  1.45439396 -0.53714738 -0.15522807]
[-0.82042172 -0.69172474  0.78212013  0.93250654]
[ 0.75589047 -0.90063232  1.85737815 -0.39392101]
[ 1.18058187  1.64272359  0.8838851  -0.65313526]
[ 1.16004183  0.15250948 -1.40917153  0.74303892]
[-0.9479473   1.75645078 -0.55955488 -1.26645274]
[-0.92675969  0.92575663 -0.44703273  0.96320489]
[-0.93182965 -0.97460281 -0.90458786  0.61931047]
[-0.83083471  1.50461841  0.61504494 -2.1886647 ]
[-0.83400874 -1.66569273  0.03704558 -1.0185433 ]
[ 1.12727414 -0.27672528 -1.99191915 -0.60506811]
[-0.75083054  0.33248341  1.2675623   0.34490926]
[ 1.04209925  0.94067928  1.62914507 -0.16640438]
[ 1.24818261  0.15443262 -0.22450919  0.73719891]
[ 1.16256254 -0.51629243 -1.99421916 -1.71797672]
[-0.96719147 -1.67479019 -1.7407514  -2.75664573]
[ 1.0675405  -0.19671122  1.35025334  0.28683291]
[-0.55632661 -1.42720156  1.37775286 -0.20350011]
[ 0.39623087  0.66453372  2.515092   -0.88881728]
[-0.9033223   1.3382425  -0.88545608  0.639359  ]
[-0.9246025   0.46341559 -0.35575575  1.42553528]
[ 1.20479067 -0.55889443  0.06108637 -0.50153179]
[ 1.2470223   0.77473235  0.28705351  0.88695915]
[-0.89559145  1.74285597 -1.17837068 -0.10946059]
[-0.92202553 -0.97909581 -0.31640997  0.72134235]
[-0.83188092  1.09114437  0.78885122 -0.82355291]
[-0.86554231 -1.28014752  0.17545704  0.15788979]
[-0.89221084  0.55211103  0.48994016  0.67432583]
[-0.90538873 -0.41652255  0.17837618  1.29340583]
[ 1.22146617  1.98280336  0.43042869 -0.92673643]
[-0.95205584  1.95368408 -0.57435652 -2.27652448]
[-0.89966235  2.0788898  -0.14106493 -4.48686598]
[-0.79287957  1.91456153 -1.70864372  0.24294828]
[ 1.06515567 -0.54509613  1.15196782 -0.10807143]
[ 0.7427336   1.77585255  1.75874605 -3.03678914]
[ 1.21396673  1.34723611 -0.55251523  1.07431666]
[-0.80901991 -0.11712696  0.99926107  0.90774068]
[ 1.23537709 -0.33522246 -0.19803725 -0.07903785]
[ 0.25805603 -0.74705595  2.41481266  0.01814262]
[ 1.03806927  0.68606134 -1.75115851  1.38929071]
[-0.92458055 -1.30488785 -0.50355989 -0.06927544]
[ 1.22169431 -0.21010114 -1.04291636 -0.02542913]
[-0.94807474 -1.64684596 -1.24159136 -1.9128661 ]
[ 1.12990714  0.41651473  1.26695468  0.47189784]
[-0.92490327  1.28773883  0.05835451 -0.47921557]
[ 1.21469328 -0.74098738 -0.51559482 -1.38166537]
[-0.6263314  -0.64821766  1.56846892  0.63904126]
[ 1.18888536 -0.31715271  0.53379606  0.12233901]
[-0.75936459  1.45900399 -1.61482309  1.2430302 ]
[-0.71970926 -1.96834783  0.15882191 -2.41176704]
[-0.93301368  1.52176118 -0.08461188 -1.09576133]
[-0.67547197 -1.05696405  1.25150963  0.4539019 ]
[-0.70507417  0.66609008  1.4012741  -0.37271183]
[-0.93086204  2.13567932 -1.23374902 -1.78274261]
[ 1.08809354 -0.0695674  -1.89501292  0.16442392]
[-0.93112287 -1.14429226 -1.30583921  0.01396145]
[-0.93642889  1.66245601 -0.73654048 -0.55547042]
[ 1.23847081 -0.08457154 -0.64712152  0.34749254]
[-0.86854134 -1.48943488 -0.01314722 -0.43756259]
[-0.87352755 -0.04439114  0.60571244  1.1108173 ]
[-0.94345153 -1.43612079 -1.1277029  -0.8555356 ]
[ 1.13678096  2.12873592  0.79187435 -2.15264557]
[ 1.20535662  1.16716062  0.81549643  0.28453224]
[-0.49049902 -2.09446654  0.58150999 -3.08131265]
[ 0.46842045 -0.06795052  2.4885957  -0.00975708]
[-0.91959571 -0.20346521 -0.63830881  1.62276087]
[-0.66461422  0.52007918 -2.0117929   2.16548887]
[-0.30160321 -0.20668791 -3.34654492  0.93317616]
[-0.76224144 -1.42660488  0.68384921 -0.15041405]
[-0.92923056  1.69480935 -0.10563761 -1.83203843]
[ 0.81041863  0.70079972  2.16789567 -0.40755007]
[-0.9234264  -0.61837335 -0.20813851  1.23529935]
[ 0.13190705 -1.37644041  2.08010265 -0.66580517]
[-0.89450696 -1.67627194 -0.46893234 -1.35109425]
[-0.91796221  1.10603287 -0.67379407  0.88291719]
[ 1.01340304  1.31125309  1.58807635 -0.84344959]
[ 1.23500239 -0.03341603  0.18134816  0.48612065]
[ 1.03046328  0.29398341  1.65954412  0.3114799 ]
[-0.93518279  1.15195379 -0.22317472  0.26041596]
[-0.92480259  0.80115006  0.07136552  0.6670521 ]
[ 0.91889759 -1.09140445  1.09772291 -1.14633995]
[ 1.24988434  0.54543915 -0.12280479  1.03568292]
[ 1.22716852  0.3271358  -0.7066463   0.98091622]
[-0.92721028  1.90058982 -1.04138509 -0.97570613]
[ 1.1973808   2.02038661 -0.41784648  0.01003114]
[-0.8431943   0.73773549  0.81776848  0.05124481]
[-0.90175555  0.2596748  -0.78147682  1.74739025]
[-0.92863452  2.00104185 -0.32153503 -3.21290342]
[ 1.19942346  0.66395994  0.88733826  0.62312758]
[-0.91769165  0.3284163   0.13932328  1.19856553]
[-0.86862598 -0.93930018  0.35930179  0.77050691]
[-0.28023798  0.90209638  2.01397072 -1.42776558]
[-0.9043656   0.97443498  0.34403694  0.02686753]
[ 1.23810976  0.32142842  0.36108987  0.78838607]
[ 0.85416845 -0.2905874   1.96253735  0.15930627]

Populations

0.303650748518
0.00689941097818
0.574279772857
0.115170067646

State labels

0
1
2
3
