Cluster centers 

[-0.82295994  0.14073439  0.77408992  0.93700702]
[ 1.12039307  1.5016231  -1.32390649  1.43538902]
[ 1.13389037 -0.51850022  1.01420202 -0.09920376]
[-0.89836362  1.42588276 -0.01914614 -0.88800026]
[-0.81458051 -1.72508675 -0.05367893 -1.38741709]
[ 1.20597325 -0.04817108 -1.59384729  0.29780163]
[-0.8996541  -0.91700583 -0.49265474  0.7724332 ]
[-0.88770763  0.77515875 -0.53797067  1.2196959 ]
[ 1.28511945 -0.05040616 -0.64923416  0.42689538]
[-0.6095167  -1.40728562  1.12422122 -0.19941838]
[-0.91747245  1.94989238 -0.52654646 -2.59004572]
[ 1.10856774  0.34014426  1.49807202  0.41009737]
[ 1.28455352  0.43290089  0.32991825  0.83451058]
[ 1.24674905 -0.59184483 -1.54383424 -1.51253284]
[-0.88602823  1.59345488 -0.91765418 -0.14396948]
[ 0.52737826  0.84341855  2.42710625 -1.02598455]
[-0.88852347  0.29676465 -0.4094166   1.53006058]
[-0.83151296  0.78035915  0.69982067  0.11058618]
[ 1.16535016  0.36880781 -1.58463166  1.09219377]
[ 1.22644054  2.08031238  0.59696808 -1.70722906]
[ 1.27244794 -0.57456777 -1.06553104 -1.11375734]
[-0.83198558 -0.79967545  0.46957722  0.89348246]
[ 0.26273076 -1.44184323  1.91466948 -1.03673445]
[-0.74711586 -0.71551214  1.01068012  0.82942346]
[ 1.22407586 -0.19418032  0.67972476  0.3043435 ]
[-0.36236813 -2.10883574  0.82049231 -3.25079893]
[-0.82817543 -1.46252847  0.09586836 -0.39743872]
[-0.836791    1.59392988  0.38975591 -2.27530298]
[ 0.98149486 -0.34204498  1.70469857  0.15842121]
[-0.86872658  2.04101147 -0.11963893 -4.48327116]
[-0.88036443 -0.96079204 -1.49738782  0.38111079]
[ 1.1748417  -0.56520521 -2.34263191 -2.11120402]
[-0.90075329 -1.27212272 -0.62843153 -0.08024207]
[-0.89304128  1.89227432 -1.07518865 -1.06640929]
[-0.86354783 -0.15368066 -1.00619884  1.67231027]
[-0.62465882 -1.7540572   0.78888556 -1.21575692]
[ 1.27635124  0.08911015  0.29997654  0.62657834]
[ 1.29384055  0.86691903  0.00834437  0.97991801]
[ 1.26051845 -0.67081166 -0.30656017 -0.97889178]
[ 0.7993967   1.76438363  1.7291971  -2.8561485 ]
[ 1.04735046  0.91188469  1.72585636 -0.17743404]
[-0.9122949   1.70033054 -0.35625625 -1.50482061]
[-0.7119727   1.82209922 -1.84948265  0.5220215 ]
[ 1.28283622 -0.2585775  -0.68154556 -0.01456852]
[-0.80111481  1.1343258   0.79146502 -0.93091227]
[-0.90131168  1.04927836 -0.15309922  0.38423798]
[-0.91222325 -1.6425573  -1.09091552 -1.77317686]
[-0.78776588 -0.21895225  0.93881868  0.99046362]
[ 0.79803139 -0.92005965  1.83203276 -0.43140382]
[-0.85995213 -0.29717334  0.38523429  1.23184398]
[ 1.11791206  1.36131693  1.38238623 -0.64521519]
[ 0.86471763  0.34115594 -2.57248668  1.11355266]
[ 1.1307293  -0.15248696  1.26465673  0.34015794]
[-0.87160305  0.73844733  0.37298895  0.49557279]
[ 1.11627896 -0.10639997 -2.15232755  0.02726721]
[ 1.28505965 -0.12861297 -0.05692831  0.34557411]
[-0.8036387  -1.24353694  0.43240405  0.19785741]
[-0.78629423 -0.01271543  0.98939947  0.9231786 ]
[ 1.15555271  0.93706228  1.32852918  0.13322868]
[-0.90758764  1.64503837 -0.70701153 -0.66257294]
[ 1.13110111 -0.79894032  0.76238508 -0.72433026]
[-0.93351204 -1.69396203 -1.6836294  -2.77704712]
[ 1.26269566  1.37582477  0.63930466  0.12354403]
[-0.9049318   1.3082493  -0.18285498 -0.26238345]
[ 1.23050369  0.63677491  0.92624784  0.59222648]
[-0.73138588 -1.95915749  0.07140324 -2.47427605]
[-0.8558526   1.4024911  -1.07440034  0.61832406]
[-0.89154595 -0.65368305 -0.17745211  1.15961697]
[-0.91203374 -1.38090394 -1.19030651 -0.73081366]
[ 1.25149418 -0.01723292 -1.17648481  0.42602419]
[-0.59924608  0.17609163  1.68182719  0.3024651 ]
[ 0.49015009  0.31900535  2.435152   -0.15853277]
[-0.73136534  0.89272533 -1.62932478  1.89881797]
[-0.90590797 -1.08280592 -0.86740751  0.34125062]
[ 0.49724885 -0.57757468  2.36931616  0.02816338]
[ 1.18093766 -0.35065805 -2.00179371 -0.79404377]
[-0.6826871  -1.88147528  0.43874815 -1.84795927]
[-0.38306736  0.89541356  1.9550523  -1.34627522]
[-0.88952028 -0.38970212 -0.11468908  1.35650889]
[ 1.26564712 -0.36970878  0.07649971 -0.07069394]
[-0.86979968  1.06955418  0.36956641 -0.24399529]
[ 1.29638829  0.39191975 -0.08822074  0.9353038 ]
[-0.20479513 -0.52594477  2.27482345  0.31838443]
[-0.85284615  1.37603205  0.3932766  -1.28344352]
[-0.88762811  0.45150285  0.13916487  1.07552737]
[-0.67377815  0.72530044  1.40037003 -0.43380837]
[-0.61784202 -0.91499656  1.41077773  0.52112756]
[-0.86914025 -1.10710859 -0.02779432  0.45131634]
[-0.88475322 -0.10422323 -0.69438922  1.67644475]
[-0.87800622 -1.57908903 -0.46908925 -1.02218514]
[-0.56967195 -1.66333523  1.04835091 -0.87850826]
[ 1.29368888  0.17728036 -0.29074811  0.77383345]
[-0.89238599  1.09010801 -0.5930641   0.76309685]
[ 1.23396452  2.00331514 -0.82154525  0.27170206]
[ 1.27385296 -0.37086992 -0.9670139  -0.40062644]
[ 1.26627862  0.35091215 -0.81435493  1.01099921]
[-0.88865412 -0.67391885 -0.93604514  1.12128817]
[-0.8994694   2.09073181 -1.21421275 -1.85330615]
[-0.90480596  1.37752353 -0.53175148 -0.01376491]
[-0.74848348  0.43180703  1.1709103   0.32841589]

Populations

0.0770704468382
0.350814785116
0.274679870775
0.297434897271

State labels

0
1
2
3
