Cluster centers 

[-0.87841951 -0.52958812 -0.89274565  1.34229574]
[ 1.20642639  0.79463261  1.12121304  0.4059329 ]
[-0.89835911  1.65288054 -0.22811434 -1.43852632]
[ 1.27812321 -0.17470363 -0.99416878  0.12035015]
[-0.8706705  -1.5751145  -0.45758313 -1.05260647]
[-0.8675636   0.73036624  0.38540567  0.49881819]
[ 0.90071224 -1.26221797  1.17163951 -1.62488241]
[-0.72118253  1.23422145  1.04786542 -1.58617181]
[ 1.27921974 -0.63697999 -0.68481599 -1.11152753]
[-0.79158851  1.81065302 -1.52584103  0.15885477]
[-0.38793241 -1.62246622  1.46456355 -0.92115365]
[ 1.17300039  0.13723674 -1.70057839  0.76107553]
[ 1.30029358  0.33607169 -0.17751137  0.90420173]
[-0.61567833  0.21154676  1.63492752  0.25645678]
[-0.77430853 -0.52502934  0.9519373   0.93635124]
[-0.85944937  1.28719839 -0.92451933  0.75196154]
[-0.82732337 -1.23290673  0.27031815  0.18389633]
[-0.88587046  0.41029809  0.11387582  1.14353575]
[ 1.18664367 -0.53249178 -2.35767293 -1.95724537]
[ 1.28556186  0.05177278  0.18128882  0.5880669 ]
[-0.88339689  2.19528645 -1.38797766 -1.94882835]
[-0.79169104  1.14988767  0.80602745 -0.98893054]
[-0.83743282  1.03360518  0.58740607 -0.38725864]
[ 0.46712511  0.33910171  2.45895672 -0.27046828]
[ 0.09691194  1.35230988  2.00750867 -2.56548201]
[-0.87366434  1.74080172  0.02387704 -2.35481769]
[-0.9085481  -1.37270912 -1.14172296 -0.70301402]
[ 0.88086663  1.8062582  -2.125913    1.7757961 ]
[ 0.37902687  0.7600666   2.4525139  -1.00314315]
[-0.90189249  1.99222628 -1.04238771 -1.55464617]
[-0.91072549 -1.59882269 -1.12576777 -1.66583597]
[ 1.16309637  0.68801728 -1.44560324  1.49099491]
[ 1.23210493  2.09513203  0.56563587 -1.69143767]
[-0.1250917  -2.04756322  1.17454872 -3.09820511]
[ 1.25326427 -0.39574654  0.26469369 -0.07252737]
[-0.81407284  0.20343283 -1.20948214  1.85723462]
[-0.89615154  1.44026943 -0.10615088 -0.77047038]
[ 1.28907432 -0.26336314 -0.24453455  0.07528614]
[-0.90470836 -1.19107481 -1.00933044 -0.01264691]
[-0.6625346  -1.27209418  1.04584449  0.0686941 ]
[ 0.71865902  0.10753217 -3.05698566  0.82574482]
[ 1.1646618  -0.25935051 -2.1300138  -0.4922894 ]
[ 0.32867408 -1.36539402  2.04443236 -0.96976942]
[ 1.23576918  2.0647176  -0.88520131  0.29190136]
[-0.73789872 -1.90626278 -0.18295222 -2.57886887]
[ 1.27573049  0.57402022  0.54701786  0.78005066]
[-0.68310221  0.68235968  1.3684571  -0.3235121 ]
[ 0.96847434  1.89282264  1.45541709 -2.6913868 ]
[-0.88901031 -0.66296205 -0.16882073  1.14484995]
[ 1.10875323 -0.5717358   1.11336303 -0.18915902]
[-0.71689216 -1.50393192  0.67223915 -0.46636946]
[-0.83040898 -0.06933073  0.69443856  1.06976544]
[-0.72769682 -1.76583861  0.31082679 -1.4838311 ]
[-0.8470963  -1.4387801  -0.07539067 -0.41121547]
[ 0.68879724  1.30041319  2.15071167 -1.82802918]
[ 1.27280937  1.43616648  0.57934125  0.0994309 ]
[-0.89012132  1.20959284  0.03334758 -0.2232704 ]
[ 1.10037226  0.34273214  1.54445144  0.35256459]
[-0.85968291  1.38149703  0.30795551 -1.15159052]
[ 1.25519565 -0.81298173 -0.60161401 -1.70783418]
[ 1.20703478 -0.07325663 -1.66908627  0.25073013]
[-0.86340143  2.09243078 -0.22053911 -4.4484971 ]
[-0.80689607  1.58631604  0.5027721  -2.36604092]
[-0.82457288 -1.73977464 -0.21294437 -1.60853304]
[-0.87948984 -0.03922536 -0.62361337  1.67260411]
[ 0.59373238 -0.30808026  2.39049224  0.00977074]
[-0.78461683  0.26894992  0.9944036   0.64556353]
[ 1.23239416 -0.19175632  0.64767123  0.30153646]
[ 1.05783282 -0.0290206  -2.39399755  0.27716724]
[ 1.26533574 -0.45607915 -1.40784576 -0.89658247]
[ 1.15264334 -0.79971223  0.62630416 -0.81958037]
[ 1.28470628 -0.39153572 -0.89615648 -0.43074025]
[ 1.00264989 -0.33892887  1.65369822  0.13500832]
[-0.9115543   1.95226269 -0.55574686 -2.42800472]
[ 1.274608    0.0093665  -0.92524223  0.53453409]
[-0.87519931 -0.95153846 -1.48093128  0.42335965]
[ 1.26129656 -0.63509161 -0.17121394 -0.80297251]
[-0.61352112  1.69539534 -2.02615911  1.23343677]
[ 1.17162533 -0.0394      1.12642724  0.4020235 ]
[-0.88932002  1.79586146 -0.92782668 -0.83138964]
[-0.88899252  0.95146028 -0.40170775  0.86225482]
[ 1.22391111 -0.48071488 -1.93787137 -1.32974718]
[-0.87735453 -0.36247793  0.13637859  1.30266183]
[-0.88030061 -1.03630657 -0.14316759  0.5701096 ]
[-0.5476638   0.88016688  1.65570962 -1.06716457]
[-0.89359135  1.54983609 -0.71446592 -0.25078324]
[-0.87999468  0.53369738 -0.51732752  1.46824388]
[ 0.07145154 -0.89769794  2.35914988  0.01396673]
[-0.89779675 -1.15911683 -0.58415323  0.22294772]
[-0.89739127 -0.8965378  -0.73327684  0.7782208 ]
[ 1.29730565  0.83241866 -0.26967152  1.14501557]
[ 1.07969085  1.41386909  1.49074595 -0.93564223]
[ 1.09802866  1.04779834  1.5362805  -0.22945362]
[-0.83171891 -0.86195166  0.44831789  0.80797075]
[-0.8964601   1.23620872 -0.40009529  0.24281472]
[-0.6010511  -0.81827473  1.50847224  0.51865893]
[ 1.25463245  0.30032778 -1.00446111  1.00216431]
[-0.82006793  0.75453354  0.75672131  0.10417636]
[ 0.14009071 -0.50104519  2.54185392  0.1221428 ]
[ 0.7610717  -0.95622523  1.86786052 -0.52330906]

Populations

0.253516912811
0.178703586772
0.2315018461
0.336277654318

State labels

0
1
2
3
