Cluster centers 

[-0.75299621 -1.42950899  0.21273181 -0.19773089]
[ 1.42207445  0.3406937  -0.39732751  0.86500283]
[-0.81424495  1.64585875 -0.89366748 -1.09277438]
[-0.80696998  0.15066038 -0.25732157  1.47089131]
[ 1.40756293 -0.53486117 -0.57663482 -0.5995391 ]
[ 1.24863037 -0.00291084  1.29067673  0.35989814]
[-0.80200437  0.90125607  0.22841238  0.18630439]
[-0.72391339 -2.10048747 -0.17334907 -2.55485872]
[-0.82559545 -1.61471024 -0.84948577 -0.96170763]
[-0.71922908  1.08108756  0.81893443 -1.07849584]
[ 1.34032216 -0.38194494 -1.82250913 -0.48810846]
[-0.79125201  0.68875179 -0.60324948  1.30495789]
[-0.77716202 -1.15420555  0.13405487  0.37991323]
[-0.6775961   0.52262158 -1.46164059  1.84235007]
[ 1.04781448 -0.95734762  1.39117468 -0.79165854]
[-0.68572295  0.11156814  1.1472496   0.73332696]
[-0.79440157  1.74366756 -0.15603298 -4.52550637]
[ 0.79014465  0.8100542   2.36505416 -0.7238491 ]
[ 1.41482534 -0.20584291 -0.48471456  0.13173973]
[-0.78501682 -0.32035496  0.34211346  1.20931445]
[-0.80248736 -0.64653578 -0.82485345  1.17336385]
[ 1.27938829 -0.69452701 -2.52665316 -1.8801367 ]
[-0.81947991  1.22804464 -0.3003227  -0.17136585]
[ 1.3741837   0.95146256  0.75609634  0.51169192]
[-0.56907196 -1.60133084  0.98718617 -0.63514613]
[ 1.37634107  1.84920876 -0.86682398  0.53199789]
[ 1.41260227  0.09320294  0.05968952  0.57317644]
[ 1.20044184  1.70735428  1.24152403 -1.78463494]
[ 1.13579234 -0.45095151  1.48895382 -0.03011407]
[ 0.30388281  1.13480978  2.16797054 -1.95420799]
[-0.76155931 -1.90394503 -0.22568242 -1.73396824]
[-0.57120253 -1.90963264  0.72864351 -1.55794477]
[ 0.91162527 -0.13786597 -3.1053434   0.26628081]
[-0.78966094 -0.95954261 -1.33256479  0.59520676]
[-0.83340132  1.80009537 -0.87384292 -2.40202364]
[ 0.46562637  1.41876381  2.00680619 -2.90839294]
[ 1.35467377  0.44241275 -1.24827332  1.12062391]
[-0.80110683  1.21328883 -0.68233473  0.37092279]
[-0.77435742  0.36898458  0.56673022  0.84465562]
[-0.80526485  1.1325411   0.15990777 -0.44017569]
[-0.78757243 -0.09207394 -0.77092359  1.64164464]
[ 0.07224723 -1.49276667  1.87730185 -0.88699666]
[-0.74051841  1.34503709  0.52321072 -1.97465032]
[-0.73017285 -0.833155    0.68282641  0.76610157]
[-0.78189042  1.66177061 -1.16410806 -0.6358087 ]
[ 1.09743037  0.00926575  1.81031833  0.25186237]
[ 1.34769783 -0.84696531  0.01013744 -1.18228662]
[ 1.38694036 -0.13278515 -1.1893068   0.22567817]
[-0.80918525 -1.39477618 -0.38813432 -0.192745  ]
[ 1.04463668  1.15688192 -2.27397703  1.61962128]
[ 1.35703116 -0.44440642  0.32904511 -0.19175024]
[-0.74503012  0.82139047  0.75261524 -0.13348134]
[-0.60530645  0.79315957  1.37650925 -0.67391421]
[-0.80904552 -0.462404   -0.24495436  1.30380541]
[-0.81886708  1.3339099  -0.1337963  -0.84084001]
[-0.81210338  0.89273641 -0.18015615  0.6276652 ]
[ 1.40644839 -0.40495783 -1.01557687 -0.38336012]
[-0.21410156 -2.15963503  1.20274108 -2.72480861]
[ 1.30528468 -0.5006875  -2.19089899 -0.96524861]
[-0.73195936 -1.66278093  0.19043848 -0.81542689]
[ 1.41651746  1.01780237 -0.37275346  1.07797822]
[-0.31455688 -0.50320505  2.04859491  0.37329178]
[-0.51210431  1.61720695 -2.10064513  1.11510812]
[ 1.36204906 -1.09277889 -2.28569344 -4.79591724]
[-0.82759446 -1.87052871 -1.02263846 -2.01415266]
[ 1.3863482  -0.87505686 -0.65860355 -1.59649667]
[-0.82613981  1.53083534 -0.36365878 -1.49788918]
[-0.67568557 -0.40786634  1.09741975  0.90332792]
[ 0.29496766  0.62856618  2.58871208 -0.84850006]
[ 1.34996336  0.05953913  0.74410315  0.46211068]
[ 0.71072125  0.05929751  2.47462857  0.01852725]
[-0.81585866 -0.99821543 -0.63222144  0.63207293]
[ 0.44944336 -0.85048725  2.34394029 -0.18453923]
[-0.78786098  1.07322274 -0.76025211  0.821226  ]
[ 0.29940044  0.48987766 -0.34459365  0.24122625]
[-0.77606308  1.08331309  0.47979275 -0.66875164]
[ 1.40370478  0.10988152 -0.88764054  0.65665574]
[ 1.30568601 -0.0939773  -1.84879989  0.27331132]
[-0.80762953  0.59158127  0.02341535  0.97314811]
[-0.74992424 -0.29898539 -1.26682726  1.5886495 ]
[ 1.38066624 -0.76681601 -1.65400145 -1.75056359]
[-0.80577622 -1.3854629  -1.59361047 -0.58595488]
[-0.8008617   1.55957281 -0.0178211  -2.47281584]
[ 1.19565415  0.66449398  1.60873772  0.19912316]
[ 1.40366812  0.50047064  0.39749211  0.78108003]
[-0.77675967 -1.77062408 -0.21818587 -1.2424056 ]
[ 1.39017839 -0.57496248 -1.41306696 -0.97587796]
[-0.80420205  0.23610375  0.1051262   1.25388037]
[-0.81986672 -1.21091998 -0.89631214  0.15017951]
[ 1.292973    1.37843662  1.12401023 -0.42190124]
[-0.80086576  1.48004066 -0.8633489  -0.30610402]
[-0.72212708  1.20178854  0.72731733 -1.50399303]
[-0.62521749 -1.20336537  1.03653717  0.19736798]
[-0.49310365  0.35900485  1.79628291 -0.01471994]
[-0.4740284   2.02222901 -1.45799834 -1.59155144]
[ 1.41387226  1.73262004  0.08401429 -0.10624616]
[-0.6797339   1.62339393 -1.58553988  0.28553471]
[-0.82634157 -1.41008096 -0.96423185 -0.37898147]
[-0.79329757 -0.84794107  0.07470498  0.85977255]
[-0.70307651  0.5454514   1.04067683  0.23643509]

Populations

0.114273643233
0.0780743549725
0.378661104801
0.428990896993

State labels

0
1
2
3
