Cluster centers 

[-0.88118715  0.8782657   0.45771633  0.14008466]
[-0.90292242 -0.56960483 -0.974194    1.27020309]
[ 1.2586707  -0.09267735 -0.0418502   0.41098471]
[-0.37912839 -2.09895198  0.84181019 -3.26500835]
[-0.85623912  1.61600441  0.41007415 -2.23840698]
[ 0.43494013  0.23454801  2.47209622 -0.10512412]
[-0.87565593 -0.78537213  0.26149735  0.96556462]
[ 1.12814172 -0.29675146 -2.1245297  -0.7362691 ]
[-0.91866422  1.04092175 -0.12921114  0.39071517]
[-0.56745659 -1.43768336  1.30316075 -0.236779  ]
[-0.8174116  -1.70959705  0.06858646 -1.27198824]
[ 1.10003696 -0.50718083  1.09108763 -0.04454438]
[ 1.23737456  0.86929426  0.64989467  0.65084176]
[ 1.15759226  0.50062097 -1.4103462   1.21708913]
[-0.89347189  1.63070393 -1.01654592 -0.04348785]
[-0.83989606 -0.17513696  0.72261936  1.09625153]
[ 1.24679957 -0.53691072 -0.39435344 -0.65348056]
[ 1.09138793  1.73595757  1.19176637 -1.43137461]
[-0.9059843   0.22640365 -0.58863035  1.59584947]
[-0.85655904  1.17608073  0.57275901 -0.75125177]
[ 1.24702042  0.36243604 -0.71880672  1.00381528]
[ 1.19458946 -0.23156325  0.68922687  0.27288554]
[-0.92303528 -1.27920521 -0.73505795 -0.14796326]
[ 0.48476885 -1.01098708  2.05188244 -0.33268606]
[-0.92774011  1.65163508 -0.25757425 -1.30641141]
[-0.8855769   2.09280297 -0.06290165 -4.49120449]
[ 1.21693417 -0.54319598 -1.62397773 -1.49843412]
[ 1.17412092  0.01345032 -1.55669075  0.42696402]
[ 0.37902063  0.77057711  2.49790335 -1.01134141]
[-0.64727338  0.66821155  1.53371213 -0.40625414]
[-0.92559563  1.62608475 -0.6627788  -0.56410828]
[-0.92970401 -1.38377709 -1.18518854 -0.7836137 ]
[-0.86477242 -1.44079171 -0.04173086 -0.36213442]
[-0.82330445 -0.84587736  0.62866818  0.82925915]
[ 1.24875042  0.11495564  0.32728126  0.65367535]
[ 0.93307434  0.95017107  1.91273843 -0.44287666]
[-0.55930992 -1.75114501  1.01390979 -1.1839205 ]
[-0.90118275  0.64344312  0.22819795  0.77089368]
[-0.63817406 -0.67539182  1.47723856  0.67850227]
[-0.91884819  1.9088336  -0.98136948 -1.15210049]
[-0.75762137  1.83392139 -1.75719912  0.41978404]
[ 1.2098804   2.04726801 -0.66493704  0.12851153]
[-0.8123956   0.59637103  0.92762499  0.25975217]
[-0.90063188 -0.9527083  -1.48657134  0.39315367]
[-0.93638248  2.04266705 -0.53119063 -2.84520842]
[-0.84774741  0.1913329  -1.23468886  1.79698168]
[-0.89107566  1.34481987 -0.91035062  0.58494304]
[ 1.26512205  0.50780585  0.14227402  0.92681676]
[ 1.12410419  0.96213776  1.35196101  0.08562963]
[ 0.99428677  1.20942141 -1.8517819   1.65917248]
[ 1.1351589  -0.17163303 -1.97309184 -0.20757415]
[ 0.33616281 -1.53702565  1.76832526 -1.3817811 ]
[ 1.2608166  -0.12182312 -0.53165113  0.29688358]
[ 1.22104192  1.47695583  0.74606125 -0.13088599]
[ 1.15131262 -0.50991997 -2.25198805 -1.94067673]
[-0.90744577 -0.34930867 -0.06507765  1.37654407]
[ 1.23581696 -0.73749851 -0.55841852 -1.42843358]
[ 0.78315612  1.76155074  1.7961949  -2.78390108]
[-0.92473333  1.34945412 -0.38005982 -0.07891283]
[ 1.21088674 -0.51057433  0.29605584 -0.28909353]
[-0.89677135  1.45041459  0.20657885 -1.20942112]
[-0.68507526  1.12961264  1.22844579 -1.33611783]
[-0.88063038 -1.14010289  0.01561449  0.40630312]
[ 1.02549896 -0.71051645  1.28636523 -0.29740325]
[ 1.2467966   1.03542739 -0.41809104  1.14967172]
[ 1.24055818 -0.37910522 -1.12606036 -0.5415437 ]
[-0.61414942 -1.16085488  1.35405906  0.28834809]
[ 1.16017359  0.44039397  1.16754585  0.54085285]
[-0.93066791 -1.62612773 -1.09379748 -1.79820841]
[-0.92023368  2.13264754 -1.17697239 -1.89850374]
[-0.95162125 -1.66698033 -1.66045407 -2.80475991]
[ 1.24809374 -0.3123439  -0.02757324  0.02027739]
[ 1.0404983   0.23607346  1.63759769  0.34440864]
[ 1.26667484  0.18855401 -0.26720765  0.78207517]
[-0.91124959  0.98795514 -0.5640014   0.92287032]
[-0.81137117  0.87198639  0.90324372 -0.28469201]
[ -9.16417242e-01   1.31475302e+00   1.87134568e-04  -4.67078947e-01]
[ 0.33713031 -0.58270249  2.40790419  0.12349166]
[ 1.09789781 -0.83487612  0.79042501 -0.80117923]
[ -7.76842959e-01  -1.90971996e+00   1.46800709e-03  -2.32406921e+00]
[-0.69931926  0.25177179  1.4075138   0.38922378]
[-0.54739125 -1.93533739  0.80125747 -2.06992791]
[ 1.22004369  0.1029933  -1.13690654  0.65448761]
[-0.7796759  -0.35463743  1.02970484  0.95120196]
[ 1.10227382 -0.19361437  1.26539586  0.32767158]
[-0.79854037 -1.2779942   0.53937726  0.15456163]
[-0.92314291 -1.10405074 -0.77873493  0.31883418]
[ 1.24502709 -0.20361438 -0.95967736  0.0214284 ]
[-0.9087977   0.37088513  0.04710441  1.21536254]
[ 0.92509627 -0.3609647   1.77841602  0.15044663]
[-0.87369245  1.98699981 -1.38551317 -0.73550047]
[-0.91136133 -0.63312467 -0.23903977  1.20141311]
[-0.8915649  -1.58550527 -0.42987622 -1.05097093]
[ 1.24235032 -0.51634729 -1.17885508 -1.05083031]
[-0.91831752 -0.91662756 -0.56556166  0.77560228]
[-0.88071994 -0.34450014  0.34175006  1.24821693]
[-0.85146266  0.21275084  0.69184491  0.92479246]
[ 0.92821107  0.0763101  -2.52539722  0.5028889 ]
[-0.73248518 -1.54864815  0.66578293 -0.51975838]
[-0.93603805  1.90241883 -0.46650894 -2.13407282]

Populations

0.103932561467
0.336192420089
0.282631172228
0.277243846215

State labels

0
1
2
3
