Cluster centers 

[-0.64847638  1.44847549  0.51857294 -2.40005959]
[-0.7308562  -0.91238    -0.77498153  0.72002849]
[ 1.5668093  -0.53569086 -0.91566474 -0.731999  ]
[-0.65708251  0.79094316  0.88075334 -0.14553938]
[ 1.43353113 -0.1619469   1.02987523  0.1841812 ]
[-0.74557583 -1.3525022  -0.88385927 -0.3824751 ]
[-0.74413095  1.3193076  -0.18451897 -0.59201435]
[ 1.57853992 -0.13557945 -0.53804286  0.28149047]
[-0.71749769  0.96535574 -0.51540905  0.86065396]
[-0.69395266 -0.38184175  0.57110308  1.0749362 ]
[-0.69330904 -1.80075101 -0.43030024 -1.89350164]
[ 0.92496793 -0.10139176 -3.42492662  0.63338778]
[-0.5667695  -1.22750056  0.9470615  -0.02854143]
[-0.66107061  0.14724935 -0.94154159  1.82755465]
[ 1.5095947  -0.60039362 -2.11241688 -1.36089474]
[-0.73650663  1.58237222 -0.82656228 -0.75835979]
[-0.36635211  0.6565888   1.88081222 -0.71632535]
[-0.65633008 -1.36439586  0.34483522 -0.26762833]
[ 1.58015752  0.52975158 -0.48766981  1.05429555]
[ 1.46564092 -0.50851494  0.56222215 -0.35132401]
[ 1.24132542  1.39281614  1.66146371 -1.26035292]
[-0.7162699  -0.82655857  0.12734289  0.80242009]
[-0.75927256  1.80345597 -0.72879489 -2.48590999]
[-0.46495235 -0.16646727  1.72664052  0.47927278]
[-0.67249783  1.87412409 -0.3582608  -4.42151746]
[-0.71124167  0.61925288  0.48525814  0.57442759]
[ 1.5279453   0.06510748  0.55942527  0.47134064]
[ 0.75877977  1.46580872  1.95822558 -2.61737731]
[-0.39355461 -1.59644757  1.11801901 -1.03946747]
[ 1.52158686 -0.23178414 -1.65035013  0.01809771]
[ 1.15056618  1.46718456 -2.23081931  1.87659661]
[-0.69945388 -0.98418039 -1.45657673  0.46836136]
[-0.74141792 -1.52446927 -0.70392572 -0.89369562]
[-0.73982264  1.2726306  -0.39750847 -0.11566354]
[ 0.78982635 -0.34749605  2.36535494 -0.154791  ]
[ 1.48750218 -0.35954334 -2.07049138 -0.43036673]
[-0.7231415  -0.07205082 -0.25848936  1.50408899]
[ 1.39166331  0.99812305  1.39396746 -0.05571117]
[-0.72198896  1.89367628 -1.27385452 -1.76604966]
[ 1.52653802 -0.42084945  0.15809352 -0.22835621]
[-0.75063273  1.54186481 -0.37252243 -1.37149182]
[-0.7153425   1.22833142 -0.70590651  0.43014861]
[-0.58845068 -2.0220007  -0.14829393 -2.97556157]
[-0.7134131   1.24214869  0.30299712 -0.96043798]
[ 1.55097512 -0.50111999 -1.54550806 -0.80298119]
[-0.61538455 -0.25409749  1.16080806  0.83137398]
[ 1.43951088  1.69879934  0.9096853  -1.13869916]
[ 1.52531085  0.33258444 -1.24534045  1.10768894]
[-0.56536406  0.79212707 -1.4102657   1.80131943]
[-0.72880245  0.52487366 -0.0392014   1.13706524]
[-0.71386763 -0.540386   -0.75859529  1.30573773]
[ 0.76871576  0.79246252  2.46052358 -0.89668458]
[ 1.46859219  0.38218382  1.07945728  0.48859392]
[-0.57468036  1.01248829  1.14168759 -1.0902108 ]
[ 1.44566875 -0.67501835 -2.84277701 -2.257898  ]
[ 1.08068294  0.49777791  2.18770529 -0.13744373]
[-0.73229991 -1.35978078 -1.56084645 -0.66363712]
[-0.75557653 -1.63203097 -1.18190426 -1.50824425]
[ 1.42721829  0.10662783 -1.94745679  0.86535797]
[-0.69034402 -1.10804265  0.27161567  0.31432903]
[-0.62899013 -0.78967668  0.88457128  0.66502274]
[-0.65422291 -0.3699199  -1.27664911  1.54454355]
[ 1.20953743 -0.96350991  1.18201734 -1.09406089]
[-0.70226387 -1.44353346 -0.0997903  -0.50535031]
[-0.72243493  0.08740086  0.23137589  1.26709119]
[ 1.56896413  1.45661753 -0.40693309  0.63913567]
[-0.72789929 -0.5154902  -0.08137228  1.208887  ]
[-0.6548625  -1.68065351  0.00524807 -1.28751318]
[-0.6394321   0.95395536  0.91943442 -0.64507382]
[-0.70453141  0.60971608 -0.54390659  1.41057842]
[ 0.01438042 -2.01808693  1.17770235 -3.06280521]
[-0.73469652  0.90344345 -0.03282595  0.50433553]
[ 1.55038578 -0.19923576  0.10130815  0.18034614]
[-0.73883246  1.59558381 -0.15838889 -2.12370342]
[ 1.57441123  0.20044354  0.06817079  0.6816255 ]
[ 1.56378046 -0.11755095 -1.07864191  0.31636688]
[ 1.53111145 -0.75410771 -0.47071234 -1.26253784]
[-0.68263305  1.53758707 -1.15567109  0.01429743]
[-0.48676866  1.77635431 -1.99261006  0.44792752]
[-0.7401869  -1.24188542 -0.58922826 -0.00769718]
[ 0.6377235  -1.12684702  2.07946133 -0.86814487]
[-0.35058797 -0.88778333  1.76096239  0.21874779]
[-0.66046763  1.29663093 -1.11508247  0.74643715]
[-0.72825238 -1.83666814 -0.88417603 -2.29032102]
[ 1.38896008 -0.14406993 -2.38018122  0.25432725]
[-0.53099879  0.4954388   1.48204336 -0.02985476]
[-0.72538327  0.98244565  0.25087536  0.00600906]
[ 1.55071799 -0.81214991 -1.65483486 -2.0860939 ]
[ 1.54536968  0.98948207  0.61633375  0.51908901]
[ 1.5697304  -0.34698186 -1.01615369 -0.22522314]
[-0.68821378  1.3215802   0.42565723 -1.49992922]
[-0.73358979 -0.86057606 -0.38223939  0.81044899]
[ 1.30201285 -0.53958867  1.31202362 -0.28396895]
[-0.73052298 -1.15693304 -0.28112475  0.22427414]
[-0.71802542  1.09512771  0.32900415 -0.43254271]
[ 1.25112303 -0.01338986  1.77907674  0.16590157]
[-0.60730415  1.8432111  -1.39895359 -0.91279517]
[-0.66033485  0.25618095  0.94249928  0.70396417]
[ 1.56603857 -0.40784334 -0.45526505 -0.29175267]
[-0.735705   -1.12186349 -1.02995911  0.22260365]

Populations

0.380945317858
0.282604836603
0.0169149617667
0.319534883772

State labels

0
1
2
3
