Cluster centers 

[-0.71031443  0.46323247  1.10114043  0.27723702]
[ 1.40013774 -0.06117133 -0.60361374  0.40958834]
[-0.84291313 -1.58392364 -1.09772201 -1.61446173]
[-0.81705944 -0.08973614  0.08584905  1.33932984]
[-0.83852559  1.60065825 -0.23451996 -1.31917479]
[ 1.14125333  0.00798997  1.65931537  0.28589955]
[-0.84045452 -1.40184501 -1.20167635 -0.92899017]
[-0.81803306  1.37981246 -0.63464399  0.16594142]
[ 1.37985124 -0.53895015 -1.24003419 -1.14129848]
[-0.76077992 -1.16688083  0.33818867  0.2677757 ]
[-0.77060785 -0.40312892 -1.27939021  1.44813237]
[ 1.39594219  0.03595302  0.05603802  0.58192756]
[ 1.23415133 -0.45689623  1.0189774  -0.03974009]
[ 0.51592121  0.58224111  2.56139788 -0.78479065]
[ 1.32298364 -0.04439048 -1.67159637  0.28725339]
[ 1.35668507  0.98163538  0.81482283  0.47281635]
[-0.81866605  1.69794629 -0.01763834 -2.24956367]
[-0.70963879 -0.26423685  1.06717987  0.88791857]
[-0.8301601  -0.92560308 -0.73753799  0.65781393]
[-0.81457083  0.53769706  0.26396357  0.89112234]
[ 1.12054317  1.07612616 -1.90019311  1.74298591]
[ 0.71292001 -1.10973728  1.89411241 -0.72317396]
[-0.69674697  1.88026384 -1.57182414  0.02306287]
[-0.83287629  1.33745126 -0.08577364 -0.49926247]
[-0.26140427 -2.0262788   0.88316319 -2.87492622]
[-0.81484501 -1.17489373 -0.23800388  0.19790867]
[-0.38567292 -1.43214228  1.53306709 -0.42532532]
[-0.81210192  2.03997542 -0.27431886 -4.40201808]
[ 1.31356215 -0.53404205 -2.36037647 -2.04722939]
[ 1.33141527  0.40244553 -1.25030868  1.17927326]
[ 1.16538878  0.8635143   1.67727922 -0.12890196]
[-0.80999189  1.92465971 -1.148485   -1.06172373]
[ 1.20981028  2.00704355  0.93927929 -2.21493333]
[ 1.34957239 -0.39066215  0.27446403 -0.07800193]
[-0.83569424 -1.23309034 -0.75069163 -0.10450741]
[-0.81452588  0.9085228  -0.4634231   1.00819541]
[-0.74263947  1.39464449  0.60664541 -1.80042496]
[-0.59582513  1.71708879 -1.81168656  0.94646629]
[ 1.39008311 -0.32572627 -0.96655319 -0.29739927]
[ 1.35047785  1.73206387 -0.72674207  0.57611512]
[-0.7829353  -0.36041346  0.53545127  1.12469198]
[-0.79652728 -0.88580647 -1.53394421  0.5149916 ]
[-0.38150697  1.15564938  1.71581137 -2.20548752]
[-0.71987393  1.08172188  0.90338455 -0.99612109]
[ 0.46614391 -1.51675151  1.74456321 -1.49846961]
[-0.79162934 -1.632328   -0.41569423 -1.33324913]
[-0.65610262 -1.37825686  0.75789576 -0.21083386]
[ 1.1778274  -0.85785223  0.89144187 -0.8267289 ]
[-0.7935843   0.10783112 -0.74131815  1.7077124 ]
[-0.816574   -0.62961453 -0.03473966  1.12280043]
[-0.78868072  0.7680104   0.57505402  0.22140283]
[ 1.26496376 -0.39560641 -2.57529251 -1.46334586]
[-0.83267256  1.60705628 -0.66911772 -0.56700636]
[ 1.3435012  -0.70179397 -0.16223058 -1.0106437 ]
[ 0.53262253 -0.06779623  2.51115942 -0.07763672]
[-0.58839752  0.43333116  1.56202439 -0.07138893]
[ 1.34881395 -0.49070369 -1.91994614 -1.43183908]
[-0.85788424 -1.62949759 -1.49895837 -2.2621058 ]
[ 1.24584158 -0.19436793  1.15228905  0.29043649]
[-0.8073395   1.57205161 -0.89695594 -0.04822071]
[-0.53687137  0.88622015  1.55971145 -1.12049317]
[-0.81652327 -0.50733107 -0.70843773  1.32247917]
[-0.83049115 -1.1032563  -1.21999564  0.07228669]
[ 0.68341068  0.1488237  -3.32812225  0.95583686]
[  1.21103471e+00   1.06319349e-03  -2.27188626e+00   3.14266525e-01]
[-0.72640818 -0.8538273   0.75818284  0.71284654]
[-0.81119546 -0.91084298 -0.04769334  0.73845821]
[ 1.29046501 -0.23027041 -2.08399473 -0.42418487]
[ 0.99528576  0.86504257  2.00729666 -0.53174451]
[ 1.29689087  0.4770484   1.16003709  0.50743693]
[-0.76861316  0.13165936  0.74876155  0.93436432]
[-0.53478279 -0.2658969   1.7172673   0.54615315]
[-0.82783214  1.02192845 -0.19558211  0.51688617]
[-0.78420939  1.2392744   0.49391318 -0.99472939]
[ 1.40194639  0.31013321 -0.37425624  0.92910317]
[-0.78251921 -1.46316578 -0.11318262 -0.57194668]
[ 1.33378741  0.13665991 -1.42621738  0.74619982]
[ 1.4017712   0.72844087  0.22374689  0.91770939]
[ 1.2831911   1.49485601  1.06990906 -0.6012164 ]
[-0.54283166 -0.95156755  1.47316055  0.38667839]
[-0.6223868  -1.66507508  0.54698398 -1.09173697]
[ 1.37099929 -0.39404208 -1.45764342 -0.73644922]
[ 1.38307587 -0.1334473  -1.07763881  0.17734766]
[-0.8550789   1.98229128 -0.72476073 -2.47006943]
[ 0.7669653   1.31479103  2.12947954 -2.04117461]
[ 1.3878408  -0.51743361 -0.71860326 -0.76225501]
[ 0.17851119 -0.77237926  2.41836151 -0.01816311]
[ 1.39460759 -0.17707228 -0.18961518  0.24087682]
[-0.7904614   1.29689587 -0.83800278  0.66121699]
[-0.82138528  0.40910017 -0.0822001   1.29140254]
[ 1.02457099 -0.45484763  1.77653434  0.00917769]
[-0.82676741  1.0895089   0.04545831  0.06535926]
[-0.80265827  1.80781734 -0.01356593 -2.98325331]
[-0.67933679  0.79684143  1.1579919  -0.45395483]
[-0.69066901 -1.89023492 -0.13115205 -2.44215609]
[-0.79253291  1.01271793  0.49377509 -0.27575067]
[-0.82825595  2.06199529 -1.16182167 -1.83617155]
[-0.71160935  0.24360783 -1.32574078  2.00753007]
[ 1.36517676  0.05449763  0.50075846  0.56011917]
[ 1.38224406 -0.38306797 -0.20981663 -0.1865261 ]

Populations

0.202975212317
0.214544794049
0.238239273199
0.344240720435

State labels

0
1
2
3
