Cluster centers 

[ 1.47782506 -0.19350251 -0.12535692  0.23212085]
[-0.76133079  0.96012835 -0.40834334  0.91479832]
[-0.71539568 -1.32677225  0.22966233 -0.23669622]
[-0.7822554   1.51866755 -0.6373143  -0.55642396]
[ 1.24356123  0.38972926  1.68890155  0.11473638]
[ 1.47369175 -0.52370909 -1.2869787  -0.72272477]
[-0.74808502 -0.4486798  -0.70541049  1.48334439]
[-0.60089954  0.8107448   1.25548688 -0.63965443]
[-0.65488345 -0.80637826  1.03759439  0.54076229]
[ 0.08398549 -1.43481028  1.79253584 -1.21828127]
[-0.78142797  1.63598478 -0.35880287 -1.79291376]
[-0.77783579 -0.89493109 -0.60251811  0.78870063]
[ 1.49694934  0.46859579 -0.13793118  1.0250475 ]
[-0.76616129 -0.2895117  -0.33379569  1.545686  ]
[-0.75406352 -1.44013694 -0.27947704 -0.57942018]
[-0.73947268 -0.63104556  0.53465087  0.91390545]
[ 0.72087665 -0.86743509  2.09183089 -0.63606575]
[ 1.46433609  0.24310213  0.51104283  0.64748344]
[-0.66994603  0.52265367 -0.95813143  1.89070869]
[-0.49634824  1.66904958 -1.90352279  1.12955798]
[-0.77101347  1.29415023  0.03632805 -0.70517787]
[-0.79153204 -1.58079956 -1.18619668 -1.37616669]
[ 1.25074902  1.27941939  1.43462142 -0.78855749]
[-0.66802657  0.09321016  1.19347225  0.62265843]
[ 1.45734246  0.18740133 -0.99798486  0.99974523]
[-0.79665182  1.86438207 -0.96140947 -2.04226858]
[ 1.40165443 -0.65936863  0.15598146 -0.74148681]
[-0.6803431   0.5885369   1.03115999  0.11952126]
[-0.6895163   1.70518083 -1.41339574  0.08115896]
[ 1.45443271 -0.41565674 -0.02160447 -0.20538019]
[-0.67509745  1.92385344 -0.40744225 -4.48519367]
[-0.77986047 -1.05473446 -0.95196485  0.42992505]
[-0.34819822  0.76518124  1.88808022 -1.1398554 ]
[ 1.45196021 -0.84303476 -1.22654841 -1.8967582 ]
[-0.72933978 -1.08558816  0.35136224  0.31053063]
[-0.77017369  1.02878876  0.1803722   0.02359338]
[-0.59351798 -1.34181052  0.86472933 -0.36234771]
[ 1.42010085 -0.38423787 -1.91589855 -0.37747557]
[-0.75147041  0.03745222 -0.4011149   1.68914018]
[ 1.47921306 -0.19338463 -0.94712393  0.25615419]
[-0.77232288 -0.45862785 -0.01589233  1.27390375]
[ 1.22805907 -0.7998321   0.97840822 -0.86455734]
[-0.73294096  1.17337716 -0.78128466  0.88705245]
[ 1.47632193  1.50726551  0.20179371  0.2481825 ]
[ 1.12712741  1.8775433   0.96392924 -2.46843164]
[-0.69599675  1.50754517  0.29104461 -2.27866329]
[-0.53623746 -0.89990378  1.46276762  0.25076557]
[-0.56060386  1.03522579  1.22490187 -1.34146814]
[-0.7436881   1.97286921 -1.52224942 -1.30167633]
[-0.76793003  0.7347032   0.26744661  0.60900308]
[-0.76132832  0.11953852  0.4195288   1.14890832]
[ 1.24978457 -0.36260119  1.35296825 -0.12282874]
[ 1.43233382 -0.76555722 -0.41853639 -1.22490251]
[-0.79721425  1.95237656 -1.00915449 -2.76685211]
[-0.78923814 -1.2524051  -0.90530374 -0.09896784]
[-0.76739188  0.56634695 -0.10286885  1.24025768]
[ 1.39644082  0.90950796  1.09822374  0.22791204]
[-0.77311386  1.69773822 -0.94239848 -0.87573957]
[-0.73374505 -1.63037743 -0.37692779 -1.2852411 ]
[ 0.58767923 -0.24436088  2.53089815 -0.27609758]
[ 1.46664581  0.79817544  0.65730184  0.66694462]
[-0.38039296 -1.6872787   1.02654066 -1.51723012]
[-0.49562292 -1.93338502  0.02420525 -2.74964771]
[ 1.36163548  0.56217899 -1.38695508  1.53640116]
[-0.63651687 -1.54635589  0.41070037 -0.90266026]
[-0.76023192  1.41048284  0.05336627 -1.270812  ]
[ 1.36738722 -0.13805152 -1.86220281  0.43711808]
[-0.73778771 -1.77410858 -0.77872914 -2.10632505]
[ 1.41683581 -0.17098773  0.63386735  0.20726538]
[-0.78154007  1.28931533 -0.30428789 -0.1566208 ]
[-0.77895201 -1.21052212 -0.43522312  0.07476475]
[-0.33498728  0.18182436  2.09673569 -0.19454563]
[ 1.37609461 -0.49474733  0.60063226 -0.31608419]
[ 0.65680497  0.91053047  2.34639164 -1.38843288]
[-0.70778295 -0.62815028 -1.33583133  1.29438585]
[ 0.84995119 -1.11810305  1.68828658 -1.21199393]
[-0.68122389 -0.46432326  1.04954277  0.80361231]
[-0.74855436 -0.96035743 -1.38843512  0.59741772]
[-0.77424468 -0.98366277 -0.17045001  0.58250026]
[-0.75003283  1.28968189 -0.74332803  0.50766802]
[ 1.36890126 -0.56000935 -2.74472952 -1.39532611]
[ 1.48037954 -0.44658688 -0.76049    -0.37159011]
[-0.6275165  -1.16080532  0.91798155  0.03873706]
[ 1.49780703  1.01187834 -0.15839838  1.14904378]
[-0.72327555 -0.10041473  0.85339794  0.95844443]
[-0.68594259  1.16343508  0.70111127 -1.16064118]
[-0.76639742  1.52170539 -0.83573369 -0.20621177]
[ -7.69269839e-01   2.30971119e-01   8.33295466e-04   1.42992485e+00]
[ 1.10725262  0.25211136  2.03746261 -0.02191008]
[-0.76455163 -1.24343538 -1.73370702 -0.34095207]
[ 1.48626143  0.07334369  0.03603125  0.62690175]
[ 1.39586614  0.12558595  0.98162786  0.40711986]
[-0.53409703 -0.3985766   1.65480909  0.47922806]
[ 1.11442863 -0.29193566  1.82483129 -0.1129043 ]
[-0.79280775 -1.40251111 -1.10281429 -0.64183524]
[-0.73889179  0.9917371   0.52591859 -0.32020888]
[-0.68946081  1.40792091 -1.17396451  0.78654171]
[ 0.89804943  0.58297798  2.32386964 -0.58864024]
[-0.37597591 -0.94467234  1.83931956  0.00958384]
[ 1.44210075  1.76087777 -0.82733327  0.69799597]

Populations

0.0509267273048
0.388651268605
0.248639801048
0.311782203042

State labels

0
1
2
3
