Cluster centers 

[-0.60619886 -0.38050512 -2.43842802  0.94886441]
[ 1.20905069 -0.35469809  0.15769291 -0.00123886]
[-0.41223659  2.70452191 -1.59718942 -2.22900384]
[-0.93956141 -1.61200345 -0.83793355 -1.94502967]
[-0.84659666 -0.14955177  0.74779979  1.0664316 ]
[-0.93272821  1.0700027   0.05012864  0.15621092]
[ 1.24091972  0.4660603  -0.0252378   0.96876251]
[ 1.10750389 -0.30733053 -2.12858527 -1.29964476]
[ 1.04365747  1.41878013  1.53202124 -0.70961542]
[ 0.84116483 -0.92441121  1.63471525 -0.42142324]
[-0.8806143  -1.34015668  0.05246885 -0.05028636]
[ 1.22107484 -0.54938183 -0.66964837 -1.07907511]
[-0.9284435   0.08820843 -0.08017269  1.3603623 ]
[ 0.95999758  1.23609699 -1.74314184  1.63337538]
[-0.8980372   1.726072    0.37676892 -2.08853782]
[-0.87919985  1.33519058  0.59456199 -1.05613574]
[ 0.6598432   0.27466478  2.36349779  0.05739767]
[ 1.11849876  0.00599141 -1.7681004   0.24549365]
[-0.94598335  1.67875577 -0.61260811 -0.60377204]
[ 1.12462778  0.80184057  1.26036791  0.38702243]
[ 1.22795602 -0.35840597 -0.34725498 -0.22185114]
[ 1.08980489 -0.44865834 -2.49108949 -3.18368122]
[-0.93249803 -1.04247252 -0.46094447  0.55020279]
[-0.92543058  0.98929243 -0.6947257   0.96583515]
[ 1.00831767  0.09091357  1.60838997  0.46941866]
[-0.93191673 -0.40669496 -0.71853504  1.42553601]
[-0.80802018 -1.81890124  0.05216739 -2.22799427]
[ 1.18731899 -0.13371108  0.59428651  0.44608962]
[-0.92099992  0.83083332  0.2196598   0.45162983]
[-0.7198753   1.0702696   1.33235766 -1.0698101 ]
[-0.63179354 -1.00246082  1.40261511  0.53458723]
[-0.82373589  0.16338913  0.9284399   0.78426642]
[ 0.13913281 -1.65983225  1.73159314 -1.5816032 ]
[ 1.1530949  -0.45820741 -1.89414648 -2.01590447]
[ 1.22927235  0.19597962 -0.59634378  0.81239816]
[-0.95313083 -1.34234918 -1.26504854 -0.94399943]
[-0.91743667  0.44833329 -0.75555989  1.54306961]
[ 0.44701702 -0.50481717  2.38145446  0.18077762]
[ 1.15319287  2.30201087 -0.94893573  0.0102635 ]
[-0.79880858 -1.23439653  0.64425438  0.3102044 ]
[ 1.09137439 -0.23155724  1.17759698  0.38488835]
[-0.86185125  1.5696812  -1.30447569  0.50454621]
[-0.95053381  1.77386066 -0.3063379  -1.31546453]
[-0.89311668  1.12694248  0.50863344 -0.41404828]
[ 1.19311312 -0.65943482 -0.04999248 -0.95294407]
[ 1.02507805 -0.46694996  1.34881859  0.14910014]
[-0.63427254 -1.7182873   0.92585816 -1.09460608]
[-0.90357667 -0.47191676  0.1909242   1.24260694]
[ 1.20748473 -0.65819456 -0.75833692 -1.67351186]
[-0.87523889  0.77676749  0.64908131  0.1768039 ]
[ 1.21742628 -0.33177995 -0.97461602 -0.48498061]
[ 0.08011766 -1.27092341  2.07932021 -0.28483618]
[ 1.23442089 -0.0975921  -0.49519145  0.33786812]
[-0.8923535  -1.77774199 -0.70666169 -3.36017142]
[ 1.23207558  0.94175733  0.38229019  0.81112897]
[-0.7678356   1.31516135 -1.70548889  1.35084629]
[-0.92749624 -0.74261473 -0.25118387  1.07612685]
[ 1.13668511 -0.20372287 -1.81732229 -0.52699726]
[ 1.17705484  2.04707818  0.74486156 -1.25295483]
[ 1.05540726  0.36814006 -1.84787201  1.07862986]
[-0.93525734  0.62764632 -0.23263159  1.07281246]
[ 1.22625188  0.12570157  0.26280794  0.71742896]
[-0.91162265  2.10717003  0.10486821 -3.40333071]
[ 0.49011536  0.77859755  2.43774223 -0.69718975]
[-0.44503672  1.28247685  1.91720569 -2.16682252]
[ 0.95515293 -0.05440674 -2.52437246 -0.22483165]
[-0.58338836 -0.21949759  1.73005427  0.58799606]
[ 1.18142016  0.09155536 -1.27194664  0.56268603]
[ 1.2254765   1.54024633  0.39817955  0.19617049]
[-0.96266105 -1.43511343 -1.42146652 -1.66250018]
[-0.71730649 -1.46413043  0.8541707  -0.2386905 ]
[ 0.85266218 -0.60013972  1.81266505  0.09005235]
[-0.87473672 -1.51329425 -0.04163943 -0.66449843]
[ 1.18131344  0.33468077  0.83951416  0.72422455]
[-0.74043626  0.43613069  1.30496656  0.22995216]
[-0.85153715 -1.02911638  0.42569552  0.66452599]
[-0.88197208 -0.17518759 -1.33364934  1.64452012]
[-0.95648396  2.07151554 -0.63569187 -1.94458618]
[-0.87781058  2.02269006 -1.2918102  -0.70096607]
[ 0.69997771 -1.21348434  1.72464901 -0.93171674]
[ 1.19706642 -0.40394449 -1.39410562 -1.11391296]
[-0.76381672  0.82874076  1.20285731 -0.38236658]
[-0.90738412  0.56245733  0.33858776  0.74558115]
[-0.93839756  1.41996981 -0.00762271 -0.61317432]
[ 0.75295013  1.50412482  2.12360142 -1.81651246]
[-0.91433018 -1.56805817 -0.44849382 -1.20530021]
[ 1.06699661 -0.7776033   0.9004051  -0.58486575]
[-0.9267432  -0.80222264 -1.15809276  0.85406344]
[-0.6166018  -1.96681603  0.50933891 -3.07505967]
[ 1.21816511 -0.13109755 -0.94343731  0.12800746]
[-0.89810388 -0.0135951   0.37028867  1.19706914]
[-0.93147338 -1.04830923 -1.49121775  0.03120972]
[-0.94178692  1.41531871 -0.45783995 -0.08041588]
[ 0.94607882  0.75494158  1.8863284  -0.01573566]
[-0.9430003  -1.22771537 -0.72383508 -0.04932511]
[ 1.13029915 -0.49590363  0.78258177 -0.04832617]
[ 1.20397229  0.89416109 -0.75268037  1.22654277]
[ 1.232441   -0.08683114 -0.05940472  0.43833619]
[-0.82283714 -0.62660533  0.76784905  1.01226391]
[-0.9392265   1.14411865 -0.39895005  0.43936328]

Populations

0.143667776997
0.286756463231
0.286745867483
0.282829892289

State labels

0
1
2
3
