Cluster centers 

[-0.74642751 -0.28491927  0.23339426  1.26656999]
[ 1.49083081 -0.2723786   0.06665167  0.08164786]
[-0.69086992  1.46620678  0.45486058 -2.27957321]
[-0.37214402 -1.5870272   1.24976481 -1.00106505]
[-0.73918841  1.96853003 -1.46671642 -1.73523728]
[-0.74328531  1.00309769 -0.57875482  0.83658941]
[-0.7648162  -1.2380888  -0.41137014  0.03001844]
[ 1.34345041 -0.30620232 -2.43331834 -0.2778368 ]
[ 0.71350335 -1.0880626   1.98791598 -0.84324419]
[ 1.52997438  0.71878206 -0.07274552  1.04091523]
[-0.74050085  1.15771714  0.33013851 -0.63154921]
[-0.77717981 -1.55310174 -0.8105379  -1.0490153 ]
[ 1.45176676  0.41323481 -1.30387553  1.24002796]
[ 1.44802123  0.82879382  0.92654392  0.45829664]
[-0.72519597  0.53358005 -0.65037478  1.51781815]
[-0.67180579  0.49027957  0.97950629  0.39168928]
[-0.76616396  1.40640505 -0.5643607  -0.35728263]
[ 1.50754098 -0.51241702 -0.73413797 -0.58707719]
[ 1.27780253  1.61738349  1.2546646  -1.481759  ]
[-0.72497068 -1.80404304 -0.41296794 -1.91619393]
[-0.66529353  1.83249263 -0.03301349 -4.54546554]
[-0.46744835  0.81282342  1.61312966 -0.8798206 ]
[ 1.49216402 -0.83755358 -1.5448908  -2.12717643]
[-0.69980935 -0.37014654 -1.1853517   1.51899647]
[-0.69919568 -0.67320045  0.65182271  0.88153212]
[ 1.51200073  0.29467695 -0.75589891  0.97057819]
[ 1.40186551 -0.09944045  0.94521108  0.29245504]
[-0.72982419 -0.93142437 -1.43266761  0.59270303]
[ 1.43451697 -0.70826836  0.1380506  -0.85301169]
[ 0.60040136 -0.15290225  2.52864    -0.02561554]
[-0.69735834 -1.47709249  0.17098324 -0.56715406]
[-0.76150958 -0.84910842 -0.23960013  0.83437812]
[-0.77351389  1.50535964 -0.30638484 -1.21324939]
[ 1.47762405 -0.48898432 -1.66141417 -0.77741958]
[-0.50505553 -1.99461512  0.1864751  -2.77487224]
[-0.75550978  0.47066947  0.04300146  1.12683687]
[ 1.22936159  0.27980483  1.75942988  0.24387763]
[ 1.50259247  0.20275538  0.31284283  0.68096777]
[-0.76441839 -1.3719657  -1.56401819 -0.73928331]
[-0.75651124  1.29078304 -0.59312985  0.09564442]
[ 1.24437523  0.32224211 -2.28158008  1.37322588]
[-0.68113266  1.10627481  0.75421493 -0.95416717]
[-0.75816291  1.60294526 -0.09115002 -2.19393658]
[-0.73635106  1.79828062 -1.27976402 -0.99456205]
[-0.60318961 -1.27102827  0.88523415 -0.07608293]
[ 1.45726214 -0.18541016 -1.6080499   0.15795052]
[-0.52649519 -0.51450278  1.5334651   0.61792398]
[-0.74316908 -0.40911881 -0.71362222  1.44771508]
[ 1.474054   -0.81122902 -0.57765737 -1.46114274]
[ 1.38414798 -0.61911931 -2.67830438 -1.71786389]
[ 1.36869712 -0.5806735   0.74231115 -0.40236687]
[-0.78627306  1.8258812  -0.75017998 -2.44853083]
[ 1.39436867  1.30229034  1.05237171 -0.22660581]
[-0.7678061   1.32139465 -0.12598743 -0.65004832]
[-0.70030923 -0.17843313  0.79221375  1.03578299]
[-0.75637824  0.83944346  0.10951223  0.50791087]
[ 1.2593223  -0.06822256 -2.40452091  0.52067862]
[-0.77642526 -1.28279267 -0.88892836 -0.18929721]
[-0.37210955 -1.03478801  1.72470913  0.07813493]
[-0.64861279  0.76725499  1.02812407 -0.2057063 ]
[-0.75887373 -1.43265496 -0.38921996 -0.51086634]
[ 0.695974    0.68168535  2.48831476 -0.71230991]
[-0.690921   -0.96350823  0.59241238  0.54326041]
[-0.60227692  1.19620452  1.02721577 -1.66213223]
[ 1.22325017  1.22409269 -2.00883021  1.75485189]
[ 1.50540849 -0.18900582 -1.0541996   0.17891268]
[-0.78027707 -1.76100779 -1.09300143 -2.10791763]
[-0.68552216 -1.65644405  0.07760922 -1.16535573]
[ 1.51622619 -0.24473301 -0.54604158  0.092643  ]
[-0.62766911  0.46158138 -1.33148179  1.90188045]
[ 0.78094547  1.14563446  2.25072024 -1.71197525]
[ 1.46896801  0.06704229 -1.34556222  0.72758256]
[ 1.14186934 -0.3274566   1.79767172  0.01833577]
[-0.65538249 -0.13850833  1.09207703  0.85828406]
[-0.49464859  0.2115568   1.70346585  0.25462773]
[ 1.47305801 -0.07600315  0.46092303  0.37366476]
[-0.75486441 -0.71807023 -0.75192982  1.0618473 ]
[ 1.5028841  -0.4821983  -1.19754248 -0.62879628]
[-0.76718001 -0.98248684 -0.62569496  0.58969311]
[-0.66414979  1.33745362 -1.18792939  0.73711462]
[-0.74643637 -1.05380208 -1.36476111  0.31094979]
[-0.75364176  0.13635072 -0.16294806  1.46620551]
[-0.72825414  0.33408762  0.57304477  0.90323241]
[ 1.48876025  1.73612019 -0.59560993  0.44997759]
[ 1.27187962 -0.50683548  1.28598173 -0.19831801]
[-0.78054852  1.68214294 -0.61742507 -1.65834363]
[ 1.47940063 -0.68158022 -1.83371301 -1.59460322]
[-0.76347313  1.59775549 -0.83644323 -0.76710597]
[-0.75726294 -0.5373842  -0.12074135  1.21389691]
[-0.67259378  1.61065499 -1.38846706  0.11191974]
[-0.70526167 -1.7321924  -0.15400532 -1.50807097]
[ 1.49433518  0.53132139  0.55027905  0.75346554]
[ 1.51906317  0.02026102 -0.14753525  0.54755997]
[-0.75878425  1.07301385  0.06501257 -0.0340778 ]
[ 1.31841776  0.71861845  1.52260858  0.17702832]
[ 1.50142007 -0.44790847 -0.38808041 -0.33879981]
[-0.70743251 -1.22343509  0.32184332  0.09196242]
[-0.73735872  1.3679033   0.24707126 -1.40410392]
[-0.64920325  1.912443   -1.75853632 -0.6349164 ]
[-0.7438241  -1.08877537  0.02468684  0.38846957]

Populations

0.133387265336
0.293355600099
0.254205428821
0.319051705744

State labels

0
1
2
3
