Cluster centers 

[ 1.29292922  0.52364571  1.61962361  0.19805859]
[-0.74751734  1.04179179  0.21638322 -0.140799  ]
[-0.7672025  -1.34908491 -0.703354   -0.3031183 ]
[ 1.49705602 -0.6676585  -0.46109169 -0.93643396]
[-0.75107572 -0.31179977 -0.0462397   1.36391823]
[ 1.53884713  0.59512395 -0.13691095  1.02195888]
[-0.70680011 -1.75604764 -0.24436564 -1.62740276]
[ 1.52816507 -0.20349652 -0.40133555  0.20119367]
[-0.71384682  1.81315839 -1.42262799 -0.9235848 ]
[-0.48397145  0.84345178  1.53079996 -0.90828912]
[-0.7824079   1.79335182 -0.72989535 -2.40662936]
[-0.16481133 -1.43697558  1.80061545 -0.8158165 ]
[ 1.23068357 -0.26134813  1.58484577  0.02735807]
[ 1.38830513 -0.12136062 -2.04493312  0.40041551]
[-0.7574163  -0.8916303  -0.64668823  0.79891662]
[-0.73733049  0.96385882 -0.59815684  0.92301542]
[-0.76132315 -1.56599988 -0.65335142 -0.99906773]
[-0.74106359 -1.40930597 -0.19693229 -0.39317794]
[ 1.51017228 -0.59724512 -1.31847947 -0.98070177]
[ 1.51711215  0.74713635  0.48172776  0.78629595]
[-0.58564355 -1.03993098  1.07856892  0.26433012]
[-0.60780954  1.23933103  0.91808644 -1.75819244]
[-0.74093557  1.23090672  0.22891638 -0.8160249 ]
[-0.6579397   0.22134535 -1.12460353  1.92842366]
[-0.6623961  -0.09957479  1.03605874  0.86571332]
[-0.69867462 -1.52919743  0.05671743 -0.74642621]
[ 1.45390102  2.1162285   0.31900199 -1.95195568]
[ 0.94321802  0.58362864  2.33253196 -0.34299703]
[-0.75170082  1.41904276 -0.77040316 -0.16562617]
[ 0.92356469  1.66967846  1.68574166 -2.84722608]
[ 1.50001938 -0.79858383 -1.66810162 -1.93357221]
[-0.7519977  -1.13183315 -0.18589355  0.30765273]
[-0.77736053 -1.66594091 -1.00692042 -1.52356388]
[-0.73170081  0.41234176  0.480211    0.88047505]
[-0.75069781  0.23540868 -0.00469019  1.34930506]
[-0.7717788   1.54568527 -0.40591821 -1.35888294]
[ 1.41354525 -0.69052233  0.37075949 -0.74996098]
[ 1.49290894  0.25886286 -1.09641557  1.01295232]
[ 1.50443484 -0.01464739  0.26539448  0.45426146]
[-0.47453532 -1.53829491  1.05983619 -0.83127509]
[-0.63660663  0.7736326   1.0608374  -0.26245299]
[-0.70365773 -0.83712552 -1.45862116  0.84072876]
[-0.60554418  0.77095054 -1.35818357  1.81429745]
[-0.61974608  1.73996132 -1.71954738  0.05274106]
[-0.74861528  1.88628735 -1.32861086 -1.66319924]
[-0.36200506 -1.79574578  0.87468473 -1.86783523]
[-0.76378095  1.24156025 -0.35001321 -0.0975913 ]
[-0.72323009 -0.43730128 -0.87165695  1.47507219]
[ 1.52353489 -0.36162158 -0.72166169 -0.16123671]
[ 0.81907286 -0.05460815 -3.33126737  1.02509824]
[ 1.46157027 -0.4202096  -1.85722744 -0.49590531]
[-0.56472105  0.32284824  1.43257255  0.28867338]
[ 1.43599536  0.1334115   0.92973134  0.43928938]
[ 0.50566769 -1.3747576   1.91945896 -1.33085177]
[ -7.38877497e-01   1.55751641e+00   6.04505500e-04  -2.15692661e+00]
[ 1.51827713 -0.4572091  -1.01581261 -0.46100836]
[ 1.4971664  -0.33297956  0.0683341  -0.03509587]
[-0.73036355  0.60376704 -0.52066604  1.40270312]
[-0.65432734 -1.29100711  0.57307196 -0.10020618]
[-0.75723868 -1.38664242 -1.5894803  -0.71714329]
[ 1.19860083  1.38995419  1.60922256 -1.18166293]
[ 1.34829849  0.54446022 -1.77406378  1.44046431]
[-0.76568914  1.31750229 -0.19611561 -0.58815719]
[-0.63500242 -1.96941483 -0.21720765 -2.69065216]
[-0.73933075 -1.09266643 -1.41309946  0.25821148]
[ 1.53083895  0.05904234 -0.5295076   0.65165667]
[ 1.39161792 -0.41039094  0.838798   -0.12837036]
[ 0.95737    -0.78908884  1.90611364 -0.54306227]
[-0.67715142  1.11555579  0.72262765 -0.97552307]
[-0.44708876  1.56388286 -2.05342228  1.2126129 ]
[-0.75253268 -0.67946659 -0.06111488  1.04831356]
[-0.78963622 -1.7137863  -1.52981232 -2.04841265]
[ 0.65176181  0.79495951  2.47242149 -0.93523964]
[ 1.40528134  1.33698656  1.05072287 -0.31045886]
[-0.70116082  1.4528384  -1.16580841  0.27264488]
[-0.71104474 -0.23463081  0.66504767  1.07711814]
[ 1.48224399  1.09557258  0.73581031  0.36158938]
[-0.75405254  0.70309692 -0.05160975  0.89378151]
[ 1.39612016 -0.64399922 -2.70117953 -1.68607479]
[-0.39469773 -0.94338007  1.73236591  0.19639622]
[-0.70726749 -1.06927856  0.37615695  0.38876222]
[-0.7019694  -0.67949408  0.60212775  0.87978427]
[ 1.47860474  1.91303826 -0.98963929  0.34782851]
[-0.73635582  0.81032959  0.38652768  0.28499702]
[ 1.47839965 -0.89131309 -0.66564542 -1.76365675]
[ 0.20428804 -0.31239476  2.58628357  0.01167359]
[-0.75990135  1.58329299 -0.86283947 -0.74548361]
[-0.74025709 -1.8264143  -0.64083851 -2.0883023 ]
[ 0.77259342 -0.04783237  2.50616291 -0.0771521 ]
[-0.74932058 -0.64228287 -0.62508542  1.19754435]
[-0.73793386  0.02891749 -0.45065288  1.6234067 ]
[-0.76519159 -1.13809775 -0.80067117  0.25561497]
[-0.68425378  1.85522609 -0.22517376 -4.51421478]
[-0.75607364  0.96052249 -0.23533452  0.5692033 ]
[-0.72416451  1.21029274 -0.8336208   0.60083894]
[ 1.50145585  0.29913283  0.50842892  0.68747722]
[-0.72047091  1.36309188  0.28656104 -1.48878054]
[-0.52823047 -0.45278015  1.53860327  0.61742056]
[ 1.50880424 -0.19958028 -1.17936745  0.19378351]
[ 0.35583173 -1.11268071  2.31463563 -0.61917991]

Populations

0.0210889473525
0.25743623278
0.313743804122
0.407731015745

State labels

0
1
2
3
