Cluster centers 

[ 1.62692577 -0.68466857 -1.72179432 -1.43539943]
[-0.58986459  0.66901766  1.05953066 -0.17883278]
[-0.63471009 -1.63141975  0.07297776 -0.66634174]
[ 1.67927921  0.64270571  0.14309317  0.91373155]
[-0.65543853  1.27396779 -0.91356884  0.13021692]
[ 1.06219134 -0.80558361  2.08695629 -0.42519315]
[-0.6659257  -0.54146325  0.09396934  1.18689359]
[-0.64810932 -0.88078317 -1.23457748  0.86517318]
[-0.68062487  1.27210106  0.26116876 -1.84614457]
[ 1.66923899 -0.17229228 -0.81900961  0.12662441]
[-0.59357713 -0.73904804  0.82415693  0.83638788]
[-0.67287925  0.54510062 -0.28941063  1.19584876]
[ 1.45859     1.24116055 -1.82713523  1.80313043]
[ 1.50564711  0.88894532  1.47152552  0.17996651]
[-0.66905461  0.27967199 -0.27021242  1.36848516]
[-0.68243806 -1.44446323 -1.60847912 -0.54837135]
[-0.69507016  1.1072306  -0.28387373 -0.11156146]
[-0.70595266  1.54087519 -0.14457062 -4.32732617]
[ 1.6209147  -0.34016967  0.31422487 -0.08260662]
[ 1.57152583  0.05839291 -1.7787354   0.60512214]
[ 1.61684327 -0.31231932 -1.64455951 -0.26018709]
[-0.39226398 -1.88207167  1.01117477 -1.43150548]
[-0.71241506 -1.842107   -0.9733062  -1.60981251]
[-0.72329595  1.56096796 -0.73286123 -2.01382457]
[ 1.66265852 -0.44753482 -0.88439011 -0.50180362]
[-0.69867894  1.1462735  -0.1088194  -0.51230564]
[-0.68271784  0.76225483  0.04895407  0.53808895]
[-0.33957287 -1.6341634   1.27451527 -0.78770507]
[-0.27810756  0.84440316  1.95637137 -1.55107203]
[-0.4911472   0.28634022 -1.64232294  1.93953617]
[-0.71055263  1.35123082 -0.32670327 -1.24939754]
[ 1.57663308  0.11142803  0.96741581  0.43937343]
[-0.24053761 -0.17830461  2.1788148   0.36126229]
[-0.67228031 -1.26741421 -0.15388505  0.19388267]
[-0.63128027 -2.11507476 -0.64265521 -2.72224277]
[ 1.41774245  1.42024392  1.59338169 -1.02999907]
[-0.65645458  0.83722283  0.56745893 -0.19501335]
[-0.57189228 -1.14484159  0.78387014  0.35304679]
[ 1.6644732  -0.05742728  0.0097322   0.33460777]
[ 1.34038993  0.10720922  1.90664692  0.21926489]
[-0.52097975 -2.14591908  0.29872967 -2.43430434]
[ 1.2532876  -0.25334991 -3.15537002 -0.04500696]
[-0.42200674  0.56902243  1.71445312 -0.44723302]
[-0.56631943  1.29729608  0.82689527 -3.22463358]
[-0.66698994  0.24900416  0.28168913  1.12287677]
[-0.61508416 -0.39189801  0.78148891  1.04068674]
[-0.56795777  1.30612174 -1.39823636  0.69011582]
[ 1.67449703  0.14065985 -0.02065089  0.60597989]
[ 1.64044779 -0.898461   -1.1160191  -1.95512163]
[ 1.67557165  1.37254586  0.13631242  0.59039524]
[ 1.64651456 -0.47416383 -0.21546486 -0.42911727]
[-0.67979564  1.4610714  -0.96220693 -0.67713361]
[-0.63950617  1.12771744  0.60028474 -1.45739234]
[ 1.44603094 -0.53037916  1.22451381 -0.26521039]
[ 0.98822897  1.19879664  2.31002959 -1.80680915]
[-0.66970379 -0.6269111  -0.60326863  1.2227662 ]
[-0.63931894  0.57565789  0.71802163  0.34400154]
[ 1.56606792  2.22551989 -1.38032968  0.07151319]
[-0.65369265 -0.97928193  0.20215997  0.67885512]
[-0.68502569 -1.68021657 -0.47469804 -0.89920628]
[-0.69312489 -1.28221196 -0.78163507  0.11225624]
[-0.65763275 -0.17935572  0.33233922  1.24802098]
[ 1.40702445  0.3971161  -2.31359812  1.34121692]
[-0.63047224  0.02699241 -0.88834568  1.67790237]
[-0.68264318  0.88789239  0.1985851   0.05087031]
[-0.59453197  0.04063028  1.01509282  0.83973073]
[-0.62683671  0.96770969  0.76601734 -0.88947596]
[-0.43275362 -0.67386853  1.57063787  0.60833548]
[-0.66648352 -1.92958282 -0.39491201 -1.7297023 ]
[-0.43321832  0.29832832  1.72649358  0.11282393]
[-0.67639549  1.6033874  -1.16693251 -1.16526349]
[ 1.52091366 -0.57563631  0.80022894 -0.42810574]
[ 0.98174014 -0.20622855  2.51782842  0.03934596]
[ 1.63396391 -0.74960935 -0.48851261 -1.2033964 ]
[ 1.5790311   1.55828343  0.90419427 -0.48432828]
[-0.68434402 -1.06065147 -0.64190723  0.58547152]
[ 1.63172472  0.65939574  0.75800749  0.65264528]
[ 1.63327896 -0.57032071 -1.58295678 -1.00679295]
[-0.72421804  1.64585362 -0.80519868 -2.92504549]
[-0.51804099  0.87917791  1.31492325 -1.15542852]
[ 1.51067216 -0.62749048 -2.6393403  -1.49380391]
[ 1.66852181  0.24703234 -0.79631058  0.8092995 ]
[-0.66531728 -1.12214253 -1.30397066  0.3756361 ]
[-0.69699393  1.19594587  0.05645453 -1.00155906]
[-0.61762956 -1.46981261  0.30969593 -0.24779684]
[ 0.81364376 -1.60095412  1.53623547 -2.06339834]
[ 1.64062251 -0.12903489 -1.32476804  0.20787024]
[ 1.61071354  0.53956373 -1.32094976  1.26414644]
[-0.58140058 -1.8973599   0.23484714 -1.47889072]
[ 0.36581067  0.56485808  2.74212    -0.81817937]
[-0.69893589 -1.42893678 -0.95697571 -0.29497808]
[-0.64147227  0.91979765 -0.81145743  1.00497674]
[ 1.2564755   1.72546451 -2.29939676  1.76538353]
[-0.66794487  0.47828158  0.33903905  0.82126649]
[ 0.58998589 -0.07822268  2.78836514 -0.03288091]
[-0.67583582  0.93607885 -0.46564892  0.62701521]
[-0.41515409 -1.29865774  1.35746126 -0.04064344]
[-0.55615981 -0.58868812  1.11422301  0.86103158]
[ 1.55470413 -0.90141898  0.23350561 -1.33400127]
[-0.68889468  1.35408543  0.16728271 -2.33825114]

Populations

0.224902423358
0.360976859335
0.0235276489864
0.390593068321

State labels

0
1
2
3
