Cluster centers 

[ 0.93299822  0.56066437 -1.88179844  1.2606197 ]
[-0.95843364  0.80855687  0.28670269  0.44048867]
[ 1.18509175  0.04220079 -0.22133487  0.59506164]
[-0.97685637 -1.25667853 -0.60706481  0.0382102 ]
[ 1.10207814 -0.43001712 -1.88290761 -1.4524053 ]
[ 1.01062117 -0.36308701  1.27548979  0.21525593]
[-0.96398796  0.43969381  0.15481622  1.06943028]
[-0.87739321 -1.66653999  0.08965282 -0.92575437]
[-1.00555313  2.06002677 -0.63804242 -2.24713524]
[-0.86724587 -1.03936903  0.59038056  0.65571797]
[-0.96743398 -0.04974075 -0.0050753   1.4237693 ]
[-0.95379996  1.47989407  0.25663274 -1.29942316]
[ 0.86645811  0.65790826  1.94005826 -0.11439586]
[ 1.17349113 -0.47612508 -0.58071953 -0.61112064]
[-0.98587047  1.42961632 -0.50569908 -0.03338244]
[ 0.27293059 -0.64601166  2.40205321  0.06639612]
[-0.53612674 -1.36348411  1.52066852 -0.01078394]
[ 1.12480905  1.5158684   0.9046232  -0.32566498]
[ 1.16837722 -0.21779627 -0.88743343 -0.04674758]
[ 1.14301498  0.60500212  0.83561642  0.67572206]
[-0.92357987 -0.40325461 -1.44029187  1.47380524]
[-0.69239632 -0.7335466   1.43719702  0.6684816 ]
[ 1.11886783  0.3037412  -1.19127467  0.93928622]
[-0.982836    1.36856212 -0.05717308 -0.47615441]
[ 1.0839003  -0.54641544  0.72983314 -0.15647593]
[-0.98106184  1.73871493 -0.03217747 -1.88039302]
[ 1.07299138  2.42152703 -1.07834438 -0.05886045]
[-0.96198314 -0.90926556 -1.49287571  0.5283485 ]
[-0.90743177 -1.42684313  0.08708575 -0.16565062]
[-0.88090105 -1.86100561 -0.23307669 -2.06693916]
[ 1.16232731 -0.42071867  0.03637692 -0.16270171]
[ 0.99407266 -0.12911435 -2.24476651 -0.3658814 ]
[ 1.15341512  0.84178261 -0.59263167  1.21376499]
[-0.95518424 -1.00064776 -0.11113665  0.72514766]
[-0.9948531  -1.35859777 -1.59069084 -1.05248466]
[-0.91649976 -0.09048132  0.58924986  1.13528487]
[-0.98703545  1.79589897 -0.75842296 -0.8136724 ]
[ 0.18397215  0.66601899  2.32633615 -0.8376355 ]
[-0.98369204  1.11069965 -0.2688458   0.43863119]
[-0.81334639 -2.0274294  -0.06787978 -2.94593184]
[-0.77115238 -1.46296581  0.79255746 -0.14316832]
[ 1.04538222 -0.50783706 -2.60602173 -2.97696742]
[-0.95005663 -1.5734317  -0.41555998 -0.88521084]
[-0.93901643  1.9590456   0.14762728 -3.46518923]
[-0.91951858  1.05409952  0.5809873  -0.41506218]
[ 1.10880453 -0.90997491  0.0407687  -1.51524913]
[ 1.14637166 -0.17827769  0.48231074  0.35148495]
[-0.97558762 -0.24658805 -0.49450277  1.55719743]
[ 1.18554231  0.73335826  0.22771682  0.90860962]
[ 0.85927734 -0.64807921  1.63999118 -0.03999281]
[-0.67461156 -1.82021027  0.81561299 -1.22839756]
[ 1.18024853  0.15608381  0.19476998  0.71647062]
[-0.99621815  1.74171655 -0.32982403 -1.35913585]
[-0.93644092  1.65175176  0.3393859  -2.14930216]
[-0.96616178  0.48560625 -0.55948007  1.52245169]
[-0.99805305 -1.68491148 -1.24802839 -2.28834679]
[-0.88532561  0.29623954  0.83824162  0.69080021]
[ 0.72420418 -0.04362115  2.14634224  0.15072701]
[ 0.47154115 -1.24961141  1.94603293 -0.65329008]
[ 0.93133794 -0.91660361  1.17788483 -0.63827889]
[-0.99334459 -1.44204589 -1.06669724 -0.8670069 ]
[-0.96770929  1.10069174 -0.70389164  0.92524441]
[ 0.2042759   0.06291785 -2.99581243  0.88875904]
[-0.86625916 -0.4291127   0.82818257  1.03190741]
[-0.5760544  -0.19287799  1.86034511  0.43225195]
[ 1.17929809  1.76644604  0.09577545  0.10616431]
[ 1.07827228  0.00553121 -1.64505482  0.29080861]
[ 1.16305636 -0.57148082 -1.14944346 -1.38898812]
[-0.9779483   1.11942468  0.00127513  0.11088341]
[ 1.18066635 -0.06900531 -0.55296174  0.37558248]
[-0.95629234 -0.51610158  0.0507676   1.26693318]
[-0.75267366  0.48637764  1.39205845 -0.02123713]
[-0.97908843 -1.65083504 -0.8793581  -1.61709857]
[ 1.0552116   0.63180322  1.36378867  0.37595956]
[-0.89944341 -0.46725827  0.63367252  1.14114057]
[-0.90517442  0.73686111  0.72428063  0.13923213]
[-0.95261955 -0.63461792 -1.33684486  1.13980479]
[ 0.74656013  1.56415826  1.91889107 -2.17913357]
[-0.5485752   1.11539676  1.71760455 -1.89966692]
[-0.97697181 -0.53772356 -0.64092611  1.36165708]
[ 1.0189904   0.09210737  1.4264997   0.44053229]
[ 1.16537781 -0.65772969 -0.62826938 -1.24479994]
[-0.89187197  1.93255947 -1.39990177 -0.15171967]
[ 1.13835407  0.18637867  0.7685451   0.6534004 ]
[ 1.08284368  2.0188314   0.95068754 -1.75430807]
[-0.98040876  0.89531914 -0.33837358  0.90440867]
[-0.33564462 -2.10996085  1.07682261 -2.8430616 ]
[-0.98053089 -0.91346213 -0.71517134  0.79217898]
[ 1.14396666 -0.33717115 -1.35301995 -0.64119276]
[ 1.17672002 -0.24539479 -0.08314196  0.14769102]
[-0.97570046  2.15817773 -1.14323297 -1.59660036]
[ 1.17407843  1.24944425  0.52730683  0.44532801]
[ 1.1644514   0.05836341 -0.8522572   0.5483475 ]
[-0.84926315  1.6087198   0.73086978 -2.5946802 ]
[-0.93975858 -0.04980174 -1.06938665  1.7912503 ]
[ 1.14517115 -0.65872755 -0.01632464 -0.77670816]
[-0.98175005 -1.10480791 -1.34937843  0.0706015 ]
[-0.85197739  1.1241273   0.91388587 -1.00925253]
[-0.88904282  1.55003194 -1.32221277  0.76996225]
[ 0.97258042  1.40828338  1.55668083 -0.95096952]

Populations

0.0026473584407
0.425943904918
0.244747779178
0.326660957463

State labels

0
1
2
3
