Cluster centers 

[ 1.16110474 -0.07926185  0.31411426  0.46670023]
[-0.98476801  1.0558626  -0.09919773  0.37729993]
[ 1.16574162  0.01834899 -0.74321573  0.50796438]
[-0.99067074 -1.42214593 -1.01112868 -0.80215359]
[-0.97940205 -0.44234713 -0.62241118  1.43618959]
[ 1.15411138 -0.66217787 -1.10690452 -1.80410496]
[-0.61345863  1.28671048  1.52995962 -2.23723333]
[ 0.1738805  -0.48813558  2.3768292   0.13045803]
[-0.98392958  2.06081559 -0.9957284  -1.34491894]
[-0.96537425  0.32193516  0.18207268  1.15279326]
[ 1.1650497  -0.55815532 -0.50168967 -0.82894676]
[-0.88770701 -1.02046564  0.48992668  0.69678771]
[ 0.99361465 -0.12121985 -2.20505106 -0.35101292]
[-0.9215468   1.88338456  0.28125704 -3.06770306]
[ 1.01630375  2.25191626 -1.2069646   0.31257216]
[ 0.99343242 -0.48207721  1.25555198  0.07667673]
[-0.90673038  0.74858175  0.73494476  0.11659124]
[-0.85210224 -1.911887   -0.16003221 -2.4164453 ]
[ 1.04278764  1.80618616  1.14787613 -1.39199063]
[-0.96465447 -1.03763543 -0.21130989  0.64580276]
[-0.93841948 -0.00924701 -1.0985027   1.80399624]
[ 1.01803718 -0.49417723 -2.6552965  -3.10639155]
[ 0.00367943 -1.86040123  1.31965676 -2.21597154]
[-1.0077249   2.04661689 -0.55015843 -2.23135185]
[ 1.16183946 -0.33085639 -0.93759677 -0.39271094]
[ 1.16036669  1.71758197  0.39670453 -0.16209221]
[ 1.15950904  1.14948893 -0.44572085  1.14166586]
[-0.92656567  1.6354956  -1.1929495   0.4057888 ]
[-0.89781703  1.24965597  0.7007277  -1.09523625]
[-0.90726459 -1.71237891 -0.20200903 -1.35233654]
[-0.9146948  -0.11792192  0.61601572  1.12974125]
[ 1.18050454 -0.02126995 -0.24789189  0.50022337]
[ 1.0963935   0.28717208 -1.31646167  0.92849525]
[ 0.7190907   1.54682206  1.98102959 -2.21351884]
[ 1.09801536 -0.36816629 -1.80909569 -1.13474441]
[-0.07561409 -1.43329396  1.981535   -0.47506557]
[ 1.03167647  0.50259858  1.4329479   0.37221754]
[ 0.98873804 -0.35486428 -2.61472631 -1.91254492]
[-0.65608322 -0.76637272  1.53005331  0.57133168]
[ 1.12363103 -0.46329773  0.43771949 -0.10889035]
[ 1.16206756 -0.1457456  -0.87755064  0.13053996]
[-0.96644691 -1.37632351 -0.4183797  -0.23334818]
[-0.92697595 -0.60046675  0.38974961  1.13047276]
[-0.93230401 -0.5100173  -1.44490319  1.31210977]
[-0.45865914  1.6062287  -2.08525586  1.5767019 ]
[-0.991104    1.38570486 -0.1832099  -0.31285321]
[-0.69332416  0.8056036   1.52382039 -0.79020547]
[-0.97315622 -1.0340535  -1.53937788  0.1178655 ]
[-0.98692862 -1.62626815 -1.02198575 -1.76553513]
[ 1.16518246  0.32987629 -0.6249216   0.96053407]
[ 1.0918331  -0.16588804  0.91857973  0.38151987]
[-0.98304992 -0.83030097 -0.85673932  0.91425129]
[ 0.46112325  0.81661748  2.34457444 -0.94408906]
[ 1.16746209 -0.41798006 -0.25542941 -0.28566248]
[-0.89802432 -1.3369805   0.23153367  0.09343771]
[-0.9750486   0.42133889 -0.52551575  1.52605043]
[-0.92457764  1.6317523   0.43230436 -2.11530308]
[-0.71084527 -1.42663415  1.03669232 -0.06671567]
[-0.94632563  0.5779638   0.43735169  0.66841929]
[ 1.10057292 -0.88991892  0.06134699 -1.46305343]
[-0.67448562  2.61024728 -1.60322893 -2.23273739]
[ 1.13211745 -0.3316216  -1.42507749 -0.69221646]
[ 0.99563914  1.08980526  1.54380031 -0.29816375]
[ 0.92157119 -0.14765017  1.67008196  0.31963282]
[ 1.17671398  0.27443946  0.25086212  0.79365442]
[ 0.74050559  0.33173937  2.16712878 -0.01355362]
[-0.69036858 -1.77611909  0.79348153 -1.12144862]
[ 1.18104044  0.97779645  0.27963636  0.82968139]
[ 0.58541399 -1.32173782  1.68431043 -1.03451255]
[ 0.89819405  0.43212544 -2.15003132  1.17674923]
[ 0.97019645 -0.83422894  1.07736055 -0.54770412]
[ 1.11026515 -0.50041155 -1.86093945 -1.88269459]
[ 1.16091889 -0.54612021 -0.99741724 -1.18121727]
[-0.97485024  0.02984175 -0.10328223  1.45385125]
[ 1.12905585  0.2509668   0.83034359  0.65935529]
[-0.92232655  1.06505183  0.59628429 -0.43497571]
[-0.9921789   1.71314289 -0.17841563 -1.42152581]
[-0.98375027  0.80423084 -0.20064145  0.91352403]
[-0.8522188   0.16919932  1.02034599  0.6902217 ]
[-0.97799902  1.4260612   0.07627386 -0.79650969]
[-0.9285791   2.24453544 -0.12095183 -4.55823606]
[-0.98877365 -1.18090777 -0.77104512  0.15803203]
[-0.98732627  1.42104462 -0.57884583  0.11837202]
[ 0.65110871 -0.88946031  1.94104478 -0.20747966]
[-0.90193705 -1.54954847  0.03151408 -0.57420034]
[-0.96548649  1.01645392  0.25802866  0.06430292]
[ 1.05732355  0.98231009 -1.22808602  1.50110134]
[-0.82802659 -0.58813982  0.99638216  0.91959862]
[ 1.13778815  0.84317646  0.87354899  0.53134227]
[ 1.17272888 -0.25791281 -0.16150484  0.10542182]
[-0.25117693 -0.07689196 -3.13964511  0.98873822]
[-0.98245835  1.79103292 -0.82518039 -0.60700057]
[-0.97005645 -0.5868557  -0.12003573  1.23955151]
[ 1.08911942 -0.00810393 -1.55533968  0.2639887 ]
[ 1.11784017 -0.71792684  0.1695181  -0.82876662]
[-0.91918282  0.8430717  -1.1273652   1.62999275]
[ 1.18447134  0.4890756  -0.11889822  0.99666789]
[-0.76173679  0.42465996  1.37550814  0.09067972]
[-0.9757833   1.08783491 -0.62614368  0.88010363]
[-0.86212084 -1.97376016 -0.51054679 -3.5554078 ]

Populations

0.383808280412
0.17079014278
0.0874696050403
0.357931971768

State labels

0
1
2
3
