Cluster centers 

[ 1.30073686 -0.49060842  0.47180309 -0.30512363]
[-0.83230849  0.83640004  0.03582123  0.60154128]
[-0.84299918 -1.56239492 -0.84326021 -0.71277305]
[-0.8503145   1.58862071 -0.62475591 -1.32164117]
[ 1.35189301 -0.58721105 -1.46010056 -0.97728009]
[-0.7426303  -1.10132952  0.65131525  0.4056375 ]
[ 1.30159514  0.14519918  0.94734411  0.40467884]
[ 1.36392875  0.30911929  0.49107168  0.67175412]
[-0.6911074   0.50685479  1.19916311  0.00513056]
[-0.79500434 -0.85809995 -1.31569244  0.95521299]
[-0.82101931  1.81450798 -0.59644112 -4.43129657]
[ 1.37106487 -0.12649954 -0.78546337  0.32829905]
[-0.82447703 -0.26651824  0.10447066  1.39990487]
[ 0.65307789 -0.02636561  2.50073617 -0.23257155]
[-0.56896948 -1.89074084  0.63218799 -1.60401666]
[-0.66731112  0.7741266   1.18112992 -0.62973892]
[ 1.17864013  1.74008446  1.03062665 -1.82818869]
[-0.76133178  1.40335039 -1.14765553  0.69359777]
[ 1.3620097   1.51091902 -0.36294937  0.75644321]
[-0.83605382 -1.02202752 -0.5531562   0.68751604]
[ 1.22780312  0.31044384 -1.64292142  1.24680599]
[-0.82581635  0.16464768 -0.101415    1.51653365]
[-0.83919332  1.21995421 -0.29431973 -0.07777067]
[-0.0958919  -2.14544732  1.01632245 -3.0744854 ]
[-0.79288599 -1.51122754 -0.07786354 -0.4118662 ]
[-0.65692708 -0.39285698  1.36042125  0.64710175]
[-0.82187051  1.55483071 -0.17466219 -2.30145332]
[-0.85262397  1.84042706 -1.08820456 -2.16370111]
[ 1.14910048 -0.56981092  1.23145526 -0.33125352]
[-0.8203453   1.13003106  0.20252294 -0.54061307]
[ 0.92067548  1.73251226 -2.08312214  2.06718908]
[-0.47506165  0.45227778  1.8203263  -0.46882481]
[ 1.28566981  2.35450712 -1.18376058 -0.35517065]
[ 1.32303265 -0.16163428 -1.48632901  0.24809334]
[-0.81950465  1.52100733 -0.92227049 -0.21029977]
[ 1.37109897 -0.47049555 -0.57941964 -0.42078084]
[-0.80600876 -0.46207903  0.42627845  1.16760619]
[-0.80480699  0.85676569  0.44965052  0.02195707]
[ 1.35523457 -0.85071766 -1.56183831 -2.0003839 ]
[-0.55754812  1.69866781 -1.93487011  1.11116042]
[-0.70045392  0.46473718 -1.20983498  2.05702329]
[-0.74581628 -2.07974361 -0.62197094 -2.73924051]
[ 1.03665323 -0.24986004  1.83109859 -0.03998685]
[-0.82942736 -1.12126093 -1.1446475   0.4255266 ]
[-0.82129363  0.28592543  0.30075759  1.16741442]
[ 0.54768017 -1.1986538   1.92494445 -0.96178576]
[ 1.24020159 -0.60837661 -2.63996975 -1.5036861 ]
[-0.84028943 -1.28233724 -0.62885916  0.12246843]
[-0.46169503 -0.21943675  1.97482651  0.27112067]
[-0.80302449 -1.90839584 -0.67089735 -1.92205895]
[-0.76089376  0.12885772  0.9066926   0.81450009]
[ 1.36145948  0.23269598 -0.8037677   0.9308249 ]
[-0.56694678 -1.24927363  1.26298271 -0.03536   ]
[ 1.3640587  -0.25363781 -1.04505027  0.04454078]
[-0.81562231  1.00843685 -0.54145606  0.91265255]
[-0.81752363 -1.34992532 -1.82958662 -0.44133643]
[ 1.11817219 -0.89456383  1.05738195 -0.92620065]
[ 1.35586027  1.06547881  0.67101702  0.42047604]
[ 0.43763843  1.35134307  1.84127793 -2.80999798]
[ 1.36459625 -0.29974485 -0.07244926  0.00208212]
[ 0.68074997  0.05248793 -3.16247111  1.25020666]
[-0.42107942  0.93749855  1.66766507 -1.77017919]
[ 0.62518094  0.80021146  2.34033414 -1.16275823]
[ 1.28601848 -0.44114506 -2.07275541 -0.64931254]
[ 1.35089522  0.65921137 -0.72177665  1.30952083]
[ 1.30617424 -0.8197317  -0.04740333 -1.16477766]
[ 1.32995244 -0.64592345 -1.88739765 -1.34550917]
[ 1.3472056  -0.8046169  -0.72472451 -1.39845363]
[ 1.25940237 -0.00753709 -1.78806333  0.62928441]
[-0.82413461 -0.78299412  0.01825521  1.00849445]
[-0.73621343  1.22134994  0.60380402 -1.656851  ]
[ 1.25253208  1.38100836  1.11258953 -0.54218928]
[ 1.38489976  0.17134477 -0.10183005  0.71214933]
[-0.84155971  1.34767175 -0.2387352  -0.74338683]
[-0.76920887 -1.7445226  -0.12635829 -1.1343733 ]
[ 1.35602722 -0.04160222  0.32724418  0.39032505]
[-0.76720846 -1.33113961  0.30458788  0.02719107]
[ 1.12009438  0.44363314  1.75390566  0.04525773]
[-0.82903195  0.59383554 -0.0182546   1.10296416]
[-0.84918394 -1.72142425 -1.09926429 -1.36500298]
[-0.81643006  0.51576601  0.39551085  0.819277  ]
[-0.81899153  1.73529546 -1.18867722 -0.83128284]
[-0.80200087 -0.08609732 -0.62532336  1.77603095]
[-0.82065963 -0.66566633 -0.73310004  1.27614535]
[-0.80612313 -1.14688975  0.09031013  0.42826586]
[-0.74496598  1.0641755   0.70923943 -1.05877831]
[-0.82901685  1.15294957 -0.4900671   0.45249193]
[-0.75897994 -0.43691311  0.83583862  0.96009485]
[-0.82979614 -0.59234518 -0.21125783  1.28666533]
[ 0.29141532 -0.50759887  2.52552932 -0.16369552]
[-0.8461451  -1.39320184 -0.9396295  -0.22678875]
[-0.56688482 -1.71639725  0.82508738 -1.04709754]
[-0.79417943 -0.89163632  0.37215179  0.78506928]
[ 1.38573003  0.63056026  0.23084797  0.91940015]
[-0.83018043  0.8930068   0.11365003  0.36401076]
[ 1.18680984 -0.16276501  1.37837911  0.10082849]
[ 1.36325649 -0.43406051 -1.13215256 -0.4324541 ]
[-0.65938038 -1.52471326  0.73476106 -0.46988883]
[-0.80780601  0.6136899  -0.46974626  1.48083496]
[ 1.25873109 -0.2772909  -2.02553521 -0.08625652]

Populations

0.427425258692
0.106858955582
0.249018817563
0.216696968163

State labels

0
1
2
3
