Cluster centers 

[-0.95900977  1.95888509 -0.4984466  -2.45004127]
[ 1.04242064 -0.25100301  1.37456604  0.2914987 ]
[-0.94385548 -1.37757686 -0.74913932 -0.41708013]
[-0.94641918  1.39567466 -0.43221311 -0.12728238]
[-0.88357546  0.05580494  0.56010429  1.11405898]
[ 1.20465352 -0.36683648 -1.22797831 -0.56630066]
[ 1.24073283  0.58599813 -0.11562386  1.01767168]
[-0.82758365 -1.88432911 -0.08336368 -2.02945246]
[-0.41621474  0.86516969  1.9815329  -1.33940807]
[-0.93301625 -0.62215342 -0.26296263  1.21836388]
[ 1.21653054 -0.29354195  0.08301683  0.09325777]
[ 0.72953634 -0.37195171  2.13603584  0.13849289]
[ 0.93851854  0.88766555  1.89160018 -0.321874  ]
[-0.61781732 -1.53913544  1.13543503 -0.39284261]
[-0.74948291  0.30099498  1.28412039  0.40322326]
[ 1.08152657  0.94479276  1.4393457   0.00959985]
[ 1.17739146 -0.82201054 -0.05873137 -1.2704166 ]
[-0.93296208  1.4694859   0.05195041 -1.0810084 ]
[ 1.18618443 -0.49652443 -1.56448879 -1.24838236]
[-0.93205695  1.06034613 -0.59453171  0.85163394]
[ 1.23013121 -0.09878181 -0.5998187   0.31493935]
[-0.92042991  0.2587952  -0.66207106  1.65782478]
[ 1.08227056  1.45532768  1.31231246 -0.77574923]
[-0.93652012  1.65993123 -0.82818477 -0.39442745]
[ 0.88884412 -1.14672485  1.16482744 -1.17259356]
[ 0.95291839  1.14689864 -1.90273887  1.6070458 ]
[-0.66205073 -0.78205057  1.41124942  0.68306444]
[-0.81361577  0.84366963  0.98967727 -0.32719328]
[-0.9548507  -1.68543226 -1.15456039 -2.03735403]
[-0.73526653  0.4680338  -1.82614299  2.05972747]
[-0.90271828  1.18898649  0.40346158 -0.61275504]
[-0.82901801 -0.89705025  0.66546255  0.77509544]
[-0.89503381  1.94369324  0.11990829 -3.95568553]
[ 1.22366055  0.13898754  0.30646298  0.66688629]
[-0.70732681  1.4645944  -1.87457641  1.46107838]
[-0.94212274 -1.11748245 -0.91843738  0.24503301]
[ 0.78709057  1.79627692  1.73076732 -2.94874224]
[-0.92346388  1.09884944  0.20282462 -0.10430238]
[-0.87383182 -1.48141739  0.02328418 -0.38862997]
[ 1.20138583  0.96326978  0.77994601  0.521291  ]
[ 1.2234051  -0.48518051 -0.78730705 -0.69950883]
[-0.5932716  -2.08589826  0.45822657 -2.90204716]
[-0.90292177 -1.27724533 -0.09770315  0.11737528]
[-0.92419091 -0.30571264 -0.01748926  1.37861134]
[ 1.1730079  -0.31526006  0.59450166  0.16077097]
[-0.93358318  2.02811274 -1.13475354 -1.4068489 ]
[-0.6880886   0.64069106  1.49001214 -0.35362537]
[-0.92523984  0.64136244  0.17110499  0.82511294]
[ 1.16485757  2.15950515 -0.81831014  0.08131216]
[ 1.11242981 -0.52581937 -2.31808992 -2.11099117]
[ 0.08171813 -1.36911547  2.09954992 -0.50601943]
[ 1.20024207  1.36161024 -0.61467542  1.09192926]
[ 0.97853044 -0.05482812 -2.33021109  0.06546601]
[ 1.21741695  0.19168121 -0.78798081  0.78043777]
[ 1.23061374  0.34114015 -0.44963518  0.94301718]
[-0.80212807  1.92732479 -1.71540892  0.17292358]
[-0.89915085  1.4176577  -1.0539217   0.63270564]
[ 1.13918071 -0.01251464 -1.61213932  0.30254003]
[ 0.55178128  0.8791647   2.39873744 -1.08895439]
[-0.80385388 -1.38023555  0.54409494 -0.02142705]
[-0.60876789 -1.88079171  0.79901002 -1.61365398]
[-0.95032717  1.65489412 -0.54690393 -0.83221529]
[-0.95157362 -1.32936399 -1.39877314 -0.70081283]
[-0.9400321   1.04231178 -0.15619832  0.43179574]
[-0.84609446 -1.67315662  0.03636989 -1.02350579]
[-0.87234224  1.59495868  0.44804122 -2.29414055]
[ 1.04770281 -0.5637011   1.18476171 -0.07588483]
[ 1.04475974  0.20120724  1.53186914  0.42025374]
[-0.60358761 -1.21961557  1.39317825  0.23239353]
[-0.91039895 -1.04523423 -0.05057106  0.61421142]
[ 1.23550963  0.00204251 -0.15450875  0.53196219]
[-0.31313819 -0.19361312 -3.36538521  0.83826164]
[-0.92280049 -0.53919279 -1.02630015  1.29844409]
[ 1.22219188 -0.4460026  -0.280409   -0.34704989]
[ 0.56458235  0.29033639  2.47055277 -0.14866788]
[-0.93130751 -1.60739547 -0.66393346 -1.19441065]
[-0.95257458  1.72722609 -0.35678291 -1.48331973]
[ 1.15793928  2.13612188  0.71389331 -1.9965372 ]
[ 1.17086005  0.51008478  0.97923338  0.61504324]
[ 0.78374579 -0.93680186  1.7694858  -0.41190992]
[ 0.13814561 -0.71964346  2.42752521  0.14077358]
[-0.97516358 -1.69296749 -1.65937947 -2.78971287]
[-0.81368929 -0.21933833  0.96671463  0.96057017]
[-0.88996862  0.60779841  0.55763133  0.54259299]
[ 1.23450879  0.76225437  0.3225381   0.86279547]
[-0.83017723  1.13586656  0.85108444 -1.00220813]
[ 1.21448702 -0.17662765 -0.97423174  0.06068574]
[ 1.20463684  1.43238879  0.67595303  0.02360245]
[-0.94075963 -0.90812158 -0.74219788  0.76613646]
[ 1.09803371  0.38170501 -1.59708278  1.07180899]
[ 1.142943   -0.61380749  0.57308497 -0.36199034]
[-0.87549625  0.80671596  0.65043696  0.0987262 ]
[-0.93303679  0.47479241 -0.13410694  1.25648718]
[-0.86209925  1.37851861  0.58612043 -1.52364548]
[-0.9374208   1.33381351  0.00424447 -0.53206447]
[ 1.21760016 -0.68150916 -0.80939539 -1.38531401]
[-0.89190832 -0.65162295  0.32160294  1.08033667]
[ 1.17489579  0.01820227  0.78322405  0.52836544]
[ 1.10272345 -0.26203097 -2.05439992 -0.61924425]
[ 1.17826162  0.11367287 -1.25037604  0.63360858]

Populations

0.043324855197
0.39384363124
0.191226330346
0.371605183217

State labels

0
1
2
3
