Cluster centers 

[-0.73027157 -1.73778099 -0.51080231 -2.08250301]
[-0.72788836 -0.09140551  0.62245625  1.09670663]
[-0.79256395  1.96993477 -0.77837124 -2.49588672]
[ 1.4956686  -0.13138449 -1.0108246   0.25384088]
[ 1.09532534 -0.64763649  1.6952592  -0.28653899]
[-0.75010748 -0.22694355 -0.54696199  1.5379133 ]
[-0.77574817  1.33550337 -0.10893842 -0.50789439]
[-0.77445886 -1.13867035 -0.95444688  0.05710914]
[ 1.43531197  0.21650013  0.82896674  0.60033706]
[ 1.47257019 -0.68243452 -0.61614475 -1.24136946]
[-0.72462183 -1.1092551   0.23533221  0.29712496]
[-0.70829704 -1.40117078  0.13891099 -0.45419074]
[-0.68136064  1.09536649  0.84540054 -0.88543316]
[ 1.48197436 -0.32528    -0.05897951 -0.04284797]
[ 1.50541599  0.52438699 -0.51895996  1.12168133]
[-0.76867547  0.90841133  0.0512295   0.45129111]
[ 1.48830651 -0.33318556 -1.2483379  -0.34574995]
[ 0.7795212   1.67617856  1.57359904 -2.49222888]
[-0.62169909  1.24871286  1.01794844 -1.63758069]
[-0.71761628  1.63216023 -1.15474134 -0.0582025 ]
[-0.49416184 -0.62592664  1.63721865  0.5063983 ]
[ 1.19496944  0.07335437  1.79273828  0.24505981]
[-0.70799305  0.72427186  0.81070244  0.11083684]
[-0.33036996 -1.64567001  1.26729734 -1.29611821]
[-0.76774396 -1.37427669 -0.51695976 -0.52599336]
[ 1.3571485   1.27140882  1.21333444 -0.27555464]
[ 1.39364412  0.49664646 -1.49249806  1.27129208]
[-0.76432851 -0.6485818  -0.1731432   1.08538408]
[ 1.50712368  0.50327186  0.12606172  0.92051773]
[-0.64543293 -0.75133637  1.00522555  0.69573074]
[-0.76224033  0.41535892  0.11423317  1.13031993]
[ 1.39791349 -0.46821533 -2.45763496 -1.50544681]
[-0.65697478  0.44067535 -1.14153699  1.80411499]
[-0.77528618 -1.53961191 -0.80862341 -1.29701383]
[  2.29766252e-01  -5.67282801e-01   2.55060985e+00   1.90346209e-03]
[-0.73559139 -0.86148714 -1.35675241  0.64346447]
[-0.78607746  1.7867228  -0.69641561 -1.51434882]
[-0.7034206   1.55404512  0.45907371 -2.28299033]
[-0.79449374 -1.57723316 -1.38848984 -1.92185219]
[ 1.49721095 -0.45187478 -0.75410195 -0.54807934]
[ 0.91952003  1.26165644  1.98753648 -1.37271798]
[-0.56665549 -1.86331325  0.17629355 -2.44722618]
[-0.61549361 -1.16826913  0.90015352  0.12302742]
[ 0.688934   -0.92435517  2.18909931 -0.47511258]
[-0.78365919 -1.32495568 -1.13917918 -0.6208765 ]
[ 0.32014004 -1.40595543  1.88948806 -1.15959312]
[-0.74196263  1.36825783  0.34399556 -1.24865515]
[ 1.48508342 -0.49160392 -1.36317593 -0.9359059 ]
[-0.769664    1.32953986 -0.44386819 -0.0480268 ]
[-0.64626233 -0.23357505 -1.43898425  1.67693757]
[ 0.75644012  0.61445289  2.44393049 -0.54355094]
[-0.41541573 -1.17019894  1.57245741 -0.05468359]
[-0.74488388  1.05102095  0.42871123 -0.28108736]
[-0.55792623  1.7336792  -1.79815659  0.56206164]
[ 1.42621118 -0.43810031  0.40967567 -0.18717373]
[-0.63449771  0.29902927  1.26574697  0.42623421]
[ 1.50451341  0.06649831 -0.05917466  0.62416668]
[-0.59221202 -1.38993565  0.80518565 -0.38263804]
[-0.58685741 -1.59201939  0.61031215 -1.02897541]
[ 1.40236484 -0.75253867  0.1562264  -1.04472012]
[-0.63794895 -0.27518778  1.19807757  0.82114301]
[-0.75170481 -0.44686882  0.23090499  1.17124111]
[ 1.22915208  0.08232767 -2.46780514  0.73925586]
[-0.76946192 -0.93412064 -0.47956948  0.63636139]
[-0.50091404  0.87120329  1.57085301 -0.93862534]
[-0.76384539  1.10519637 -0.4053847   0.50090662]
[ 1.46493896  2.10011773 -0.17086478 -0.80377585]
[-0.7208409  -1.8456092  -0.8931582  -3.17349349]
[ 1.50399016 -0.21291744 -0.46937236  0.13329923]
[ 1.47905451  0.90168154  0.61669013  0.62894333]
[-0.73343787  2.0791402  -0.41811263 -4.36969565]
[ 1.45380215 -0.81225072 -0.88351692 -1.95303871]
[-0.75916086 -1.25317496 -1.76556964 -0.73562592]
[-0.72880853  1.13993133 -0.79614943  0.84322483]
[ 1.21135638 -0.87026398  1.0618516  -0.89604424]
[-0.72334625  0.34034121  0.71515691  0.78434238]
[-0.74871331  0.6365042  -0.46275125  1.3098884 ]
[-0.34112514  0.22638566  2.08806728 -0.05903346]
[ 1.47365434 -0.53694352 -0.2745319  -0.61611484]
[-0.77136977  1.65613425 -0.077146   -1.94148115]
[ 1.49190586  0.15816645 -0.90776496  0.82723789]
[ 1.43442122 -0.13120939  0.64327442  0.33111143]
[-0.75115872 -0.59247688 -0.82639509  1.21486577]
[-0.7171104  -1.58237211 -0.15040021 -1.16792787]
[-0.76089835  0.03213703 -0.1166572   1.44550348]
[ 1.18025811 -0.34796022  1.67135156  0.06171385]
[ 1.35570739  0.67091884  1.34597338  0.35819583]
[-0.75110675  0.80378072  0.41381503  0.31791299]
[-0.73361442  2.00744344 -1.38953968 -1.34090524]
[-0.76853511  1.61639859 -0.76040827 -0.60912997]
[ 1.44793884  1.714256   -0.87389553  0.7374408 ]
[-0.14888293 -1.00616586  2.14626723 -0.04514598]
[-0.7802435   1.51956681 -0.22006828 -1.05239463]
[-0.59923666  0.68465307  1.33910649 -0.27543463]
[ 1.43214058 -0.13249619 -1.75506653  0.13927043]
[ 1.32905381 -0.29465608  1.13958273  0.10267443]
[ 0.8105474  -0.00801232  2.46879508 -0.03327266]
[ 1.47901734 -0.10847072  0.22923532  0.36312126]
[-0.71907491 -0.7500768   0.50363064  0.82438248]
[-0.7632716  -1.19329848 -0.31386329  0.06038182]

Populations

0.00619986885112
0.015947649385
0.00766360190942
0.0203152670228
0.00698003892216
0.0128262373908
0.0156313338519
0.0132457098237
0.0203693236999
0.00703191715475
0.0166548474427
0.0124048868825
0.00804653964909
0.0129872161217
0.0147679951789
0.0147954093482
0.0128750127948
0.00289030133805
0.00448388200698
0.00893068862328
0.00577662419187
0.0113397715853
0.00978224327294
0.00357251746492
0.0132942415252
0.0106533535393
0.0102044107776
0.0159737096063
0.0161333435465
0.00830246690572
0.0171590505162
0.014310836819
0.00732518217396
0.00875055466426
0.00358032087436
0.00844125614007
0.00730641364557
0.00642024671312
0.00395758805846
0.0130525312453
0.00651922630087
0.00544227433799
0.0102519115532
0.00722391096947
0.00751915810964
0.00450618938113
0.0103435834479
0.0155233436179
0.0150294165259
0.00513013542753
0.00629588941906
0.00510591341923
0.0127701809944
0.00378830630152
0.0140494248189
0.00958080194676
0.0187647241065
0.00734067428229
0.00885920854202
0.00667394594533
0.00946127168624
0.0129430194273
0.00529822151788
0.0181559707198
0.00434773417298
0.0124807995179
0.00314403502404
0.00348958060485
0.0182948402332
0.0136327108608
0.00114507656642
0.00425888313239
0.00330881155998
0.00842109397551
0.00970420611618
0.0110073782848
0.011529713291
0.00319630923232
0.0105857010676
0.00750792770403
0.0148152523017
0.0118904060521
0.0118493286512
0.0126340922259
0.0146215334861
0.00822383003754
0.0131669945739
0.0107010719791
0.0058879165838
0.0116048499345
0.00473124450138
0.00192185525664
0.0105737424015
0.00784146650814
0.0146565101912
0.0103603960166
0.0072560301052
0.0133288339559
0.0141003574535
0.0168183929773

State labels

0
1
2
3
4
5
6
7
8
9
10
11
12
13
14
15
16
17
18
19
20
21
22
23
24
25
26
27
28
29
30
31
32
33
34
35
36
37
38
39
40
41
42
43
44
45
46
47
48
49
50
51
52
53
54
55
56
57
58
59
60
61
62
63
64
65
66
67
68
69
70
71
72
73
74
75
76
77
78
79
80
81
82
83
84
85
86
87
88
89
90
91
92
93
94
95
96
97
98
99
