Cluster centers 

[ 1.3750894  -0.14789892 -2.17351517  0.31184287]
[-0.66997045 -0.54129404  0.90060335  0.87109157]
[-0.76682062  1.51791564 -0.30287864 -1.22103243]
[ 1.51872559 -0.49671517 -0.89496668 -0.57466089]
[-0.76090277 -1.55349074 -0.62875779 -1.05032032]
[ 1.24860502  0.46387988  1.74259728  0.16612791]
[-0.72431543  0.39104049 -0.60617206  1.5978371 ]
[ 1.44955833  0.05795029  0.78994579  0.45635846]
[-0.73520132  1.09714785 -0.64815705  0.72325867]
[-0.77072348 -1.23894564 -0.80822146 -0.06833382]
[-0.61925007  1.23056059  0.9171268  -1.59546596]
[ 1.52147156 -0.01631379 -0.02160108  0.48996101]
[ 0.30203642 -0.58734271  2.53575948 -0.10185382]
[-0.65507511  0.89299072  0.96209281 -0.4353688 ]
[-0.75792389 -0.88574351 -0.73216813  0.77635624]
[-0.42146081 -1.54326292  1.21379074 -0.92778654]
[ 1.24356783 -0.15424912  1.58846639  0.13314312]
[ 1.51344176  0.40035296 -0.82988791  1.11835418]
[-0.71268298  1.48913454 -1.0772056   0.10599123]
[ 1.39513058 -0.67805274 -2.85196546 -2.26389544]
[-0.7545303  -0.61633319 -0.11694057  1.12035475]
[ 1.50601809  0.61438619  0.53392354  0.75146178]
[ 1.40987284  2.0884703   0.52226513 -2.18541785]
[ 1.43422718 -0.5888001   0.34018631 -0.53508002]
[ 0.60620875  1.40684676  2.01417512 -2.50476347]
[  1.48992646e+00  -3.17729173e-01   1.32891117e-01  -1.00650892e-03]
[-0.76320496 -1.03180568 -0.49832361  0.47750651]
[-0.46606703  0.85120622  1.59520591 -0.91474519]
[ 0.84690409  0.11970708  2.44227554 -0.10376038]
[-0.74031436 -0.28187901  0.31619953  1.23021305]
[-0.73628155 -1.08849285  0.07021419  0.35184814]
[ 1.46792082 -0.88681302 -0.53866571 -1.72690665]
[ 0.9920578  -0.65444804  1.9385211  -0.35601559]
[-0.62834538  0.89423859 -1.25130676  1.65503564]
[-0.75594825  1.66029212 -0.20384087 -2.26629293]
[-0.54055848 -1.11650232  1.21750409  0.08782457]
[ 1.47596924  1.64593874  0.52560669 -0.43123684]
[-0.76042105  1.32440744 -0.10362469 -0.64352599]
[-0.72791669  1.80771283 -1.26805112 -1.03162783]
[ 1.51257189 -0.23757187 -1.13136948  0.08962171]
[-0.73248176  1.39035397  0.21936227 -1.39571506]
[-0.74139519  0.39806974  0.36839967  0.9794434 ]
[-0.76354148 -1.34480337 -1.44113679 -0.6076651 ]
[-0.77947252 -1.7657814  -1.1992846  -2.29893935]
[-0.64661823  0.34662467  1.13762083  0.49494096]
[ 1.48344724  0.05008291 -1.31597113  0.72865777]
[-0.72135801 -1.71965044 -0.35924665 -1.64373089]
[-0.56749996  1.82210962 -1.87644761  0.09815823]
[-0.74480254  0.69121646 -0.32336039  1.16320239]
[ 0.82188557 -0.03593558 -3.35177909  1.03746722]
[ 1.4936927   1.8997389  -0.85552371  0.28756   ]
[-0.67914838 -1.60025682  0.11431762 -1.05552971]
[-0.15383954 -1.35180306  1.88144506 -0.68751179]
[-0.71524571 -1.3921211   0.07844287 -0.39181597]
[-0.71932253 -0.38387015 -0.89139722  1.50611185]
[ 1.44943637 -0.1993373   0.61690281  0.19235612]
[ 1.50462379 -0.51140316 -1.43939235 -0.75989943]
[-0.68722655  0.03751319  0.90057408  0.91588042]
[-0.73046728 -0.99145627 -1.39720928  0.4585302 ]
[-0.43956982 -1.76166184  0.83625886 -1.70309421]
[ 1.49095985  1.18963749  0.67538001  0.30736774]
[ 1.25027008  1.45653495  1.47963847 -1.17816573]
[-0.75061546  0.1087598  -0.11207393  1.44213789]
[-0.75744419  1.57122416 -0.78745377 -0.68259085]
[-0.75153406  0.96810293  0.15517003  0.18293689]
[ 1.48911611 -0.69749077 -0.44434684 -1.04989401]
[-0.6930443   1.16154314  0.62673278 -0.95065108]
[ 1.52852636 -0.09307948 -0.63335488  0.40758959]
[ 1.30542671 -0.62374893  1.03104969 -0.48137614]
[-0.52703636 -0.30655047  1.58155033  0.62020732]
[-0.76303561  1.94427789 -1.15705907 -2.31485326]
[ 1.34939457  0.58648079 -1.72052924  1.46661185]
[-0.65362208 -1.9040197  -0.2329468  -2.55033539]
[-0.70623061 -0.85051532  0.508252    0.69351649]
[-0.63277618  0.27994955 -1.24775299  1.99013656]
[ 1.34162445  1.01754536  1.4045525  -0.09376632]
[ 1.4382784  -0.38098895 -2.0639329  -0.43743798]
[-0.4340542  -0.86573193  1.68163664  0.29495199]
[ 1.42899393  0.37537922  1.03378477  0.49699766]
[-0.73831662  1.07127442  0.33187282 -0.29429568]
[ 1.53714026  0.72764719 -0.22965811  1.04374293]
[ 0.54230993 -1.3502945   1.85843219 -1.34620684]
[ 0.56704655 -0.99244948  2.26259187 -0.59548497]
[-0.7490201  -0.66566672 -0.71080892  1.14724738]
[-0.64573345 -1.21286205  0.69299055  0.02012288]
[-0.5661815   1.43210671 -1.60104389  1.0176312 ]
[-0.75434518  0.87817382 -0.11478969  0.66617086]
[-0.67840135  1.47369945  0.4579599  -2.20921501]
[-0.78368805 -1.58088376 -1.26036592 -1.43278478]
[ 0.71096516  0.78915485  2.45863015 -0.88067404]
[ 1.5165851  -0.39235754 -0.44574657 -0.21773718]
[ 1.51533889  0.1877358   0.25646382  0.67732312]
[-0.75987727  1.29416332 -0.40952941 -0.12182006]
[ 1.48368238 -0.70519505 -1.90750847 -1.71459815]
[-0.71000859  1.96017055 -0.53254005 -4.3472139 ]
[-0.75920619 -1.35482803 -0.41964605 -0.33654502]
[-0.60085387 -1.48796919  0.68024005 -0.67589872]
[-0.52892617  0.51249472  1.54717359 -0.07228829]
[-0.70213317  0.74950922  0.73971885  0.13014777]
[-0.7724962   1.71967188 -0.69213129 -1.67402319]

Populations

0.00794174520255
0.0126722501216
0.00827429800303
0.0178008374084
0.0114628762794
0.00980542752026
0.00929180666066
0.014329993891
0.0138882995795
0.0128645117536
0.00383307431929
0.0184517836681
0.00475131816213
0.00856630084686
0.0081897703841
0.00405164408849
0.0177253626404
0.0150004837096
0.00926857072315
0.00412886274971
0.0185221315976
0.0149132018505
0.00122983949926
0.0103925209802
0.00296417624267
0.0134656763932
0.0118133043414
0.00498947057883
0.00969807484155
0.0174517467605
0.0179593058005
0.00511816406782
0.0101304491758
0.0035033099203
0.00933619829052
0.00706436202797
0.0047468393605
0.0152331444524
0.00734466460516
0.0228560768464
0.00924428668868
0.0171366339873
0.00654370798907
0.00291083001793
0.0100628055945
0.0155157819482
0.00945891150874
0.00277226298443
0.0108684542607
0.000986050554033
0.00422855902536
0.00992952725024
0.00189021037563
0.0120031585934
0.0105324762603
0.0127132018832
0.0152432370376
0.0130929924167
0.00846133594796
0.00517142347914
0.0100724224373
0.00737227043952
0.0190599457459
0.0120016703732
0.0138918147768
0.0118733867049
0.00847181864818
0.0196169735939
0.0137463312314
0.008272281554
0.00558739119952
0.00701326982967
0.00597940533039
0.0153073484499
0.00495837161217
0.00865039347306
0.0115311045454
0.0049833190315
0.0138554615177
0.00971803387233
0.0168234374287
0.00545967586459
0.0049227008587
0.00900520703223
0.011666728304
0.00225727526716
0.0116753810998
0.00523970865177
0.00526090539308
0.00631303684629
0.0208911053861
0.0163958984713
0.0172310531027
0.00767292634383
0.00143377470634
0.0153826382502
0.0061461391548
0.00703209568434
0.0115182598166
0.00591131482254

State labels

0
1
2
3
4
5
6
7
8
9
10
11
12
13
14
15
16
17
18
19
20
21
22
23
24
25
26
27
28
29
30
31
32
33
34
35
36
37
38
39
40
41
42
43
44
45
46
47
48
49
50
51
52
53
54
55
56
57
58
59
60
61
62
63
64
65
66
67
68
69
70
71
72
73
74
75
76
77
78
79
80
81
82
83
84
85
86
87
88
89
90
91
92
93
94
95
96
97
98
99
