Cluster centers 

[ 1.18756285 -0.46035084 -0.67772657 -0.61953058]
[-0.9617686   1.29877987 -0.69478068  0.51239943]
[-0.94577547 -0.58032539  0.0150904   1.22974054]
[ 0.92858206  0.91887068  1.80973573 -0.3119635 ]
[-0.95003453  1.67365941  0.15116074 -1.94453361]
[-0.88375606 -1.69100331 -0.0578129  -1.11783858]
[ 1.19236613  0.10433404  0.19910767  0.66202303]
[-0.95400808  1.03310925  0.2049478   0.06527866]
[ 0.8544064  -0.08885901  1.88943421  0.20582671]
[ 1.08825704  0.00951749 -1.68183398  0.29515458]
[-0.6701236  -0.87260958  1.42383963  0.56991726]
[-0.94834063 -1.3625886  -0.40616752 -0.18196108]
[-0.91868571 -0.23686141 -1.27228105  1.6326926 ]
[ 1.12662757  0.25615386 -1.28648109  0.86930052]
[ 1.14981838 -0.50279271  0.29841015 -0.23865313]
[-0.98852215  1.82816608 -0.48129833 -1.48761262]
[-0.96863593 -1.09216088 -1.35488887  0.09963934]
[ 1.1925259   0.61289421  0.41539358  0.84793048]
[-0.92861908  1.38205478  0.40369281 -1.18485145]
[-0.96182819  0.41137085 -0.03520275  1.22825178]
[ 1.19335268  1.75937159  0.09447289  0.10472938]
[-0.96647604 -1.66045294 -0.8838908  -1.67791826]
[ 1.06126358 -0.51861321 -2.60526602 -2.98202032]
[ 1.0351519  -0.20135841  1.29980998  0.32871422]
[ 1.11796462 -0.45369995 -1.89148941 -1.54799748]
[-0.53223406 -1.38771979  1.50452504 -0.05972889]
[ 1.03573713 -0.60389807  1.03798334 -0.15845139]
[-0.98604246 -1.686041   -1.24410313 -2.28804374]
[-0.94144322  0.74667939  0.34216075  0.4938791 ]
[-0.85925083  0.21532686  0.92192144  0.72520624]
[-0.97188821  1.37675906 -0.06813964 -0.50100922]
[ 1.08818067  2.40933994 -1.08276029 -0.0642884 ]
[ 1.19832703 -0.04221563 -0.36253835  0.45145716]
[ 0.28589763  0.61150371  2.34038401 -0.69807262]
[-0.86837382 -1.52980917  0.18463574 -0.44259746]
[ 1.17418619 -0.56405985 -1.15436062 -1.34182017]
[ 0.68257764 -0.89457902  1.86532914 -0.22135301]
[-0.96368578 -0.41501047 -0.58407598  1.44924021]
[-0.99323196  2.06559908 -0.64724389 -2.32025109]
[-0.96632421  0.91929741 -0.42157267  0.93662372]
[-0.912107   -1.27272956  0.06051063  0.20532912]
[ 0.2199721   0.05749791 -3.00436328  0.87465475]
[ 1.1986038   0.17823589 -0.34620852  0.76630238]
[-0.92056542  1.08254709  0.50800763 -0.40700095]
[ 1.13390734  0.66193619  1.0174223   0.55929907]
[-0.95982662  0.28856136 -0.49655133  1.57343901]
[-0.84403111 -0.41760998  0.89462827  1.00990705]
[-0.94409149 -0.96466035 -0.10182655  0.77893538]
[-0.98076951 -1.34455228 -1.03821838 -0.49862145]
[ 1.15469898 -0.33282144 -1.40656599 -0.64668426]
[-0.94652689 -1.60680327 -0.53587139 -1.10768306]
[ 0.88731299 -1.0172935   1.26023024 -0.78891657]
[-0.87414067  0.71311269  0.84038395  0.07516597]
[ 0.98939082  0.45991473 -1.85243236  1.24364043]
[-0.80177984 -1.86450171  0.21957579 -1.69878198]
[-0.90941361  1.67142472  0.41714125 -2.40791091]
[ 1.1635409  -0.687538   -0.2251201  -1.01768991]
[ 1.09584804  2.00899503  0.9549832  -1.74841043]
[-0.92772385  1.94543683  0.15370233 -3.45697199]
[-0.97543906  1.44090046 -0.45467255 -0.15551964]
[-0.85174768 -1.00180513  0.63733854  0.69798297]
[-0.97384896  1.80480839 -0.78685525 -0.83444074]
[ 0.81903506  1.49921325  1.83656572 -1.77692705]
[-0.59644998 -0.22398175  1.78204632  0.50672894]
[-0.79601623 -2.08885708 -0.17788182 -3.6090248 ]
[ 1.05293839  0.29106926 -1.71909565  0.93393181]
[ 1.15785107 -0.19181448  0.48567128  0.33046625]
[ 1.1893059  -0.30772405 -0.14872236 -0.00133221]
[-0.86154853 -1.90247208 -0.23780204 -2.31904634]
[ 1.19699135  0.67079361 -0.25472845  1.09441424]
[-0.73511484  0.4932514   1.42188157 -0.05076805]
[-0.966838    2.13528825 -1.11151907 -1.62426443]
[ 1.01928149 -0.15481759 -2.21490268 -0.43513604]
[-0.97198022  1.08935176 -0.18591813  0.37388752]
[ 1.1525236   1.60699489  0.78993338 -0.37599162]
[-0.97474209  1.62198357 -0.10649255 -1.29186604]
[-0.9378586   0.67571757 -0.83650478  1.57340502]
[-0.32526359 -2.10611499  1.08781459 -2.83330739]
[-0.83571425  1.08826563  0.95554434 -0.95576761]
[ 1.17909852  1.2909443   0.63550359  0.30332735]
[ 1.01276355  0.53187899  1.58014053  0.29263215]
[-0.77498673 -1.39115102  0.79177217  0.01715381]
[-0.62848011  1.19176709  1.48464956 -1.90633054]
[ 1.18070294 -0.04069862 -0.8656674   0.36555477]
[-0.90545737 -0.13244329  0.58192797  1.14050377]
[-0.95240616 -0.12842926  0.04916452  1.40082779]
[ 1.20002069  1.06764141  0.24538506  0.81690369]
[ 0.3217355  -0.56089352  2.41599546  0.0722048 ]
[-0.67291463 -1.78961197  0.82067819 -1.13412382]
[-0.9368304  -0.86886121 -1.65219116  0.53645925]
[ 1.17591241 -0.21999297 -1.01615149 -0.10082686]
[-0.9467652  -0.64829874 -1.20082607  1.13606521]
[-0.85778624  1.946151   -1.50132337 -0.06423154]
[-0.97064771 -0.97575285 -0.73643601  0.65336498]
[ 1.17427728  0.26740615 -0.83142406  0.90007176]
[-0.9429548   0.44492156  0.30462397  0.95274821]
[ 1.0469969   1.11625199 -1.21638015  1.49342089]
[-0.88834285  1.47268771 -1.24245091  0.80417772]
[ 1.14955588  0.1926713   0.78379393  0.65202802]
[-0.98565722 -1.38719458 -1.50827507 -1.08575633]

Populations

0.0157278354994
0.00862513614644
0.0182266854191
0.00874673840747
0.00771765539387
0.00906163890484
0.0175546073211
0.0104995860807
0.0101670232881
0.0109518292093
0.00699547331607
0.0209185308574
0.00857708621473
0.00611251800158
0.0165637291221
0.00727560350344
0.00752165270997
0.0105068342662
0.0127278379267
0.0126014201523
0.00214046439025
0.00660366737183
0.00287392068591
0.0141309045417
0.0119257421995
0.00767372448166
0.0116933063928
0.00283301551848
0.0132532172767
0.0118541009613
0.0162674218553
0.00259397869937
0.0162546987052
0.00523793705241
0.014716990789
0.0119173248991
0.0120060087606
0.0143819134339
0.0080327770778
0.0130711886713
0.0172812036899
0.000584768695756
0.0106892862834
0.0123379679731
0.0112632904641
0.0116081240204
0.0116024159324
0.0193119435798
0.0100958504086
0.0134446986525
0.010462905681
0.0113255883397
0.0128399585093
0.0029687876973
0.00495428854182
0.00648048370411
0.012931557102
0.00337916668071
0.00330794023647
0.015913270733
0.0150491537362
0.0124715370479
0.00447343633269
0.00528550912976
0.00265024680413
0.00398593746585
0.0167142904346
0.0200338938918
0.00610961095082
0.0129609424182
0.00948262682874
0.00481399701738
0.00865634509154
0.0120089975645
0.00520823023958
0.00858802209001
0.00871197632482
0.00151354406469
0.0112735052527
0.00472265503159
0.00970505087192
0.0114461185025
0.00492073941195
0.0148317494947
0.0126101133429
0.0127296165207
0.00579603793304
0.00811180165351
0.00989642396866
0.00363082474171
0.0177821925401
0.008433724941
0.00489580904802
0.0191270590799
0.00837498719654
0.0126657231315
0.00696964141979
0.00521739453004
0.014786790126
0.0040285213976

State labels

0
1
2
3
4
5
6
7
8
9
10
11
12
13
14
15
16
17
18
19
20
21
22
23
24
25
26
27
28
29
30
31
32
33
34
35
36
37
38
39
40
41
42
43
44
45
46
47
48
49
50
51
52
53
54
55
56
57
58
59
60
61
62
63
64
65
66
67
68
69
70
71
72
73
74
75
76
77
78
79
80
81
82
83
84
85
86
87
88
89
90
91
92
93
94
95
96
97
98
99
