Cluster centers 

[ 1.07328945 -0.54040268  1.19162973 -0.1177052 ]
[-0.89527142 -0.25208374  0.05576049  1.35951158]
[-0.89988601  1.94309733 -1.10030465 -1.1908159 ]
[ 1.26350191 -0.40673525 -0.87408512 -0.44264875]
[-0.91437637 -1.47467942 -0.72155513 -0.79981321]
[-0.81812475  1.07620313  0.75655306 -0.67646991]
[ 1.27989509  1.064682    0.17417059  0.83947693]
[ 0.73355553  1.31482473  2.04926981 -1.61041713]
[-0.35469937 -0.74987719  2.06482307  0.28441761]
[-0.84337769  0.04904009 -1.11570233  1.81548027]
[-0.80678681  1.55939561  0.56960659 -2.28394517]
[-0.91333507 -1.05025714 -0.5896742   0.48611753]
[-0.89202477  1.67204845 -0.97426342 -0.28950802]
[ 1.08836165  1.03780916  1.49362176 -0.150935  ]
[-0.70236111 -1.74401477  0.52714914 -1.34110486]
[ 0.26924024 -0.42730969  2.48873439  0.08347502]
[ 1.24154063 -0.67375594 -1.43832657 -1.79839905]
[ 1.25876167  0.14480176 -0.81198953  0.78077668]
[ 1.25736338  0.07619504  0.35255713  0.60676872]
[-0.8496734   0.80919718  0.63340136  0.12036781]
[-0.8025695   0.0131319   0.95502913  0.89352613]
[ 1.20837088 -0.04070139 -1.45906142  0.39368033]
[-0.91159042  2.01269231 -0.43951759 -3.03789187]
[-0.91027283  1.60742133 -0.18420129 -1.29527819]
[ 1.16701813 -0.61729363 -2.391823   -2.44824526]
[ 0.3500169  -1.04756347  2.22639662 -0.35818521]
[-0.64246218  1.5317982  -1.9452796   1.35586092]
[ 1.26487048 -0.35786376 -0.26064553 -0.11958448]
[-0.91037021 -1.79981256 -1.12058633 -2.83236306]
[-0.8950483   0.34892963 -0.48648239  1.54827366]
[-0.90567683  1.366334   -0.05384266 -0.57539453]
[ 1.25671624 -0.6248586  -0.62900614 -1.02234583]
[ 1.13190684  2.4640997  -1.42690924 -0.18511109]
[ 0.19079299 -1.55135407  1.75957769 -1.36969514]
[-0.89704621 -0.73850148 -0.96625212  1.04459631]
[ 1.13603785 -0.44732469 -2.38300431 -1.40640036]
[-0.86940753 -1.11399241  0.10200832  0.42481037]
[-0.89219509  2.2255567  -1.4464379  -2.01756991]
[ 1.12957831 -0.21473456 -2.09640924 -0.24721925]
[ 1.21973977  1.92838041 -0.81828218  0.52151434]
[-0.86398598 -1.49211824 -0.11196123 -0.59105204]
[-0.82167025  0.42875949  0.85146015  0.57585144]
[-0.7831936   1.89837698 -1.6687735   0.04711579]
[-0.67272967 -1.54727671  0.85718842 -0.60696173]
[-0.81308551 -0.79993657  0.70422862  0.8173075 ]
[-0.91913842 -1.62778992 -0.9742402  -1.63817561]
[ 1.02125508 -0.93759456  1.0460454  -0.93085903]
[ 1.09053719  0.45028648  1.51079573  0.35173771]
[ 1.0285035   1.08608811 -1.75926485  1.72657014]
[-0.66616224 -0.6850184   1.39186543  0.64290094]
[ 0.9218493   1.880588    1.51163923 -2.72065169]
[-0.88756448  1.09372252  0.25330219 -0.15087527]
[ 1.23020671  0.57889721  0.81342704  0.66310526]
[ 0.57361065  1.58609656  2.04436092 -2.83037973]
[ 1.09227861  1.4867419   1.35298467 -0.90087457]
[-0.37317306 -1.98066407  1.06211359 -2.50025249]
[ 1.18496144 -0.09764005  0.89809189  0.38499458]
[-0.90021718  0.37126786  0.00562674  1.2440979 ]
[ 1.20522382  2.08437948  0.53266451 -1.55116449]
[-0.85331896  1.33697656  0.45404053 -1.15973386]
[-0.69014489  0.74071719  1.35510544 -0.40768894]
[-0.7599334  -1.93103455 -0.04225935 -2.58845358]
[-0.83705209  2.10740231 -0.19693213 -4.41357272]
[-0.9158766  -1.27234065 -0.69599308 -0.11397434]
[-0.89115861  1.70446041  0.01003328 -2.08462641]
[-0.83339919  0.94920579 -1.11198701  1.49284685]
[-0.91528811  1.64746943 -0.64282541 -0.72218813]
[-0.90398533  0.99703352 -0.00544544  0.36317205]
[ 1.26162837 -0.17902726 -0.90532799  0.1513827 ]
[ 1.23703584  0.69213254 -0.85460026  1.29325221]
[-0.89833899  1.0457679  -0.55387158  0.82188029]
[ 0.75672283 -1.00146508  1.78481706 -0.63770476]
[ 0.5644877   0.7418853   2.36626743 -0.71194274]
[ 1.18651903 -0.61914061  0.455279   -0.47752579]
[ 1.23839309 -0.44632833 -1.43626348 -0.83175116]
[ 1.20851723 -0.78820183 -0.00326854 -1.17372464]
[ 1.11256091  0.25719521 -1.76180737  1.03345113]
[-0.67420278  1.05521464  1.2979091  -1.20972111]
[-0.85594017 -0.26715012  0.55851507  1.14589057]
[-0.89740518 -0.7587165  -0.1098142   1.01316051]
[-0.89946178 -0.42631137 -0.66090665  1.44699345]
[-0.89097111 -1.0179155  -1.48170896  0.27015815]
[ 1.23350568 -0.37868412  0.27695774 -0.03597684]
[-0.91195003  1.33862907 -0.40823408 -0.02702747]
[-0.85753396 -1.33874584  0.06304579 -0.09465267]
[-0.45087111  1.3328215   1.61724794 -2.53413969]
[ 0.67310443  0.15448808  2.34318808  0.00951793]
[-0.88981606  0.59688901  0.25010695  0.82463293]
[ 1.27545967 -0.05753042 -0.23107536  0.46128177]
[ 1.00528172 -0.24895279  1.61858225  0.20183439]
[-0.92333152 -1.35294023 -1.45354945 -0.81275456]
[-0.85827586 -1.69505643 -0.28047336 -1.45394062]
[ 0.7751668  -0.49110855  2.06767991  0.01780348]
[-0.53693973  0.2107059   1.83664994  0.12563765]
[ 1.2518966   1.45909033  0.56545211  0.06667024]
[ 1.28154544  0.49078191 -0.08542757  0.98465989]
[-0.92801525  1.93065631 -0.66184908 -2.0309493 ]
[-0.69181151 -1.24109915  1.01957685  0.12256207]
[-0.86967666  1.44578612 -1.02666981  0.4742469 ]
[-0.76044961  0.50434144  1.16054707  0.21636795]

Populations

0.01062456714
0.0158586683072
0.00629251112804
0.0209079309994
0.00967349199009
0.00934466857683
0.00889671147847
0.00387007581247
0.00394843068339
0.00957981577385
0.00629278456425
0.0165548299198
0.00752330078041
0.00955405712866
0.00946319394016
0.00330552757533
0.00717496677626
0.0178119868848
0.0253850223499
0.0109706722123
0.0117103962725
0.0147077721221
0.00364462943472
0.0111542458769
0.00335440709582
0.00631619317145
0.00122666662531
0.0201039139833
0.00306075876352
0.0126322039742
0.0155311442001
0.0141054116878
0.00173038079409
0.00432920910209
0.0124326065385
0.00866407545717
0.0186035657289
0.00284477755531
0.0123666845152
0.00289098395264
0.0151307431495
0.00639276563917
0.00376162624333
0.00895536704416
0.0149780032575
0.00812894906048
0.00668878083012
0.0144062369583
0.00252582253089
0.00886730822412
0.00138959760438
0.00983612294324
0.0201902760044
0.00101475782554
0.00596841116511
0.00123136563032
0.0205465739755
0.0161542830679
0.00289210520026
0.00974118625151
0.00733775290149
0.00561043143322
0.00101168330887
0.0167022561167
0.00810402278873
0.00415437663242
0.0100305828958
0.0143925810692
0.0225600088824
0.0110927569902
0.0131125551058
0.00819470836598
0.00509017702086
0.0114047093339
0.0163013298701
0.00935834790475
0.00981491499527
0.00437324821896
0.0151554707209
0.0198537819195
0.0115898264569
0.00741419858266
0.0180862926094
0.0155190767715
0.0145705474875
0.00185156501397
0.00582862323458
0.0159456892384
0.0243514565409
0.0119591294943
0.00457551028753
0.0113052712971
0.0068610471273
0.0045857995001
0.00772797113486
0.0180165368318
0.00672002088747
0.012868749503
0.0060993979858
0.00722407006138

State labels

0
1
2
3
4
5
6
7
8
9
10
11
12
13
14
15
16
17
18
19
20
21
22
23
24
25
26
27
28
29
30
31
32
33
34
35
36
37
38
39
40
41
42
43
44
45
46
47
48
49
50
51
52
53
54
55
56
57
58
59
60
61
62
63
64
65
66
67
68
69
70
71
72
73
74
75
76
77
78
79
80
81
82
83
84
85
86
87
88
89
90
91
92
93
94
95
96
97
98
99
