Cluster centers 

[-0.78696628  1.42460256  0.34286681 -1.5027007 ]
[ 1.16023476 -0.01053788  1.60633167  0.30137248]
[-0.82082699 -0.02207792 -0.03910663  1.4270912 ]
[-0.81186843 -1.57807262 -0.6188606  -1.24398038]
[ 1.35709922 -0.1591862  -1.449651    0.06693796]
[-0.79914253 -1.41637506 -0.27799056 -0.49550037]
[-0.82487124  1.16237508  0.03058387 -0.12083054]
[ 1.35766007 -0.35009056  0.25489179 -0.01004843]
[-0.37586035 -1.25219536  1.67538225 -0.1655589 ]
[ 1.38683342 -0.46535776 -1.22802993 -0.82485402]
[ 1.18662637  1.27756319 -1.53978125  1.63947808]
[-0.7042944   0.49508432  1.11265291  0.23016166]
[-0.78060102 -0.99939171  0.26907395  0.5655444 ]
[-0.72958021 -0.62513757  0.83875469  0.8803416 ]
[-0.81337843  1.07160274 -0.53493077  0.77243118]
[ 0.23723656 -1.41684566  1.95393401 -0.98562505]
[ 1.38156465  0.27209967  0.47430981  0.72279202]
[-0.82326429 -0.56058792 -0.32844251  1.23913606]
[ 1.37596303  1.21356989  0.62576073  0.36995359]
[ 0.87599078  0.11741902 -3.02543046  0.84334686]
[-0.83461063  1.56642462 -0.24382547 -1.16177303]
[ 1.32946663  2.28889784 -0.89424392 -0.2967647 ]
[ 0.93156788 -0.883388    1.7089381  -0.53874888]
[ 1.35745767 -0.5089909  -1.81565782 -1.35971334]
[-0.8345862  -1.31315277 -1.34628263 -0.67403569]
[-0.77862929  2.08826852 -0.38943391 -4.41175151]
[ 1.39996608  0.06439622 -0.00659887  0.62666152]
[-0.84785791 -1.58314833 -1.33523421 -1.83781198]
[-0.70561917 -1.61256123  0.23118352 -1.01200802]
[-0.82038085  0.91554734  0.13294087  0.37208656]
[-0.8287616  -1.10909193 -1.13392926  0.11075046]
[ 1.33842544 -0.71109753 -0.04365381 -0.97596405]
[-0.74874478  1.17416401  0.69657625 -1.02443631]
[-0.73505924  0.08471586 -1.18037225  1.87340927]
[-0.80665373  1.55126163 -0.87893304 -0.05262621]
[ 1.22710492 -0.4285879   1.10638816 -0.01968697]
[ 1.37401888  1.61467116 -0.59913018  0.90876022]
[ 0.56400213  0.77465592  2.43749575 -1.03154791]
[ 1.39131295 -0.07965219 -0.91420439  0.3589608 ]
[ 0.80593133  0.13594838  2.36276732 -0.04313095]
[ 1.32755747 -0.11612159  0.74281175  0.35839415]
[-0.64830077  1.16876904 -1.4824368   1.55053455]
[ 1.27610214  0.30674642 -1.66154333  1.08641613]
[-0.80256308 -0.24856902  0.33706087  1.24390259]
[-0.8031513  -0.50487965 -0.91404448  1.35407134]
[-0.75469325  1.50151059 -1.16635044  0.52788262]
[-0.77699222  0.06536399  0.67615999  1.01016187]
[-0.57800433 -0.42965381  1.54365307  0.64565194]
[ 1.34580518 -0.33353209 -1.76234071 -0.60903005]
[-0.70784275  1.98832792 -1.64539458 -0.38030906]
[-0.82536049 -0.96759836 -0.41072217  0.6228396 ]
[ 0.48394087 -0.7629413   2.32981986 -0.17265809]
[-0.59188657 -1.04652735  1.26069252  0.30979944]
[ 1.31913242 -0.91439282 -0.2403066  -1.7944178 ]
[-0.45101615 -1.69773651  1.05285216 -1.24554837]
[ 1.19302489 -0.81195003  0.86685734 -0.76561625]
[-0.82811648  1.20844086 -0.33664834  0.22043173]
[ 0.99344774  1.62886261  1.597267   -2.08229014]
[-0.46277103  0.38077813  1.85282558 -0.19042608]
[-0.81908015  1.28786009  0.1114368  -0.62588336]
[ 1.39647979 -0.28042285 -0.82276449 -0.0992807 ]
[ 1.18701889  0.77054283  1.6331293   0.02980429]
[ 1.28795789 -0.52484518 -2.57427651 -2.09335116]
[ 1.26721293  1.50834175  1.12176467 -0.72043955]
[-0.83772372  2.01261648 -0.95471931 -2.14302931]
[ 1.38132718 -0.67032565 -0.81515562 -1.31905472]
[-0.82921481  1.68910098 -0.19084788 -1.85601232]
[-0.81280651  0.60234217  0.24418613  0.82144889]
[ 1.39214206  0.47607658 -0.60341996  1.13206911]
[ 1.4074176   0.80660505  0.10634691  0.99028309]
[-0.58696469 -1.93751503  0.18589612 -2.60529737]
[-0.76059199 -1.77814864 -0.41197282 -2.05715841]
[-0.58267405  1.33350138  1.09884206 -2.17341457]
[-0.79172282  1.69158794  0.10179536 -2.45230172]
[ 1.0451933  -0.41656508  1.77328604  0.03552859]
[-0.77742691 -1.86967174 -0.96286888 -3.21743382]
[ 1.40127037 -0.15578081 -0.36611222  0.26912323]
[ 1.38406363 -0.43469087 -0.25925557 -0.32212182]
[-0.82112818 -1.20400209 -0.40669788  0.08342256]
[-0.80733179  0.69668183 -0.50264427  1.3276838 ]
[ 1.376426   -0.75729701 -1.35893179 -2.16022057]
[-0.72621524 -1.17132147  0.55571553  0.23779835]
[-0.83341753  1.41934585 -0.37817486 -0.3660161 ]
[-0.78609723  0.83422694  0.57173185  0.0768027 ]
[-0.80932957 -0.82868797 -1.13220173  0.78525404]
[ 1.39222396 -0.47085855 -0.73284826 -0.59954447]
[ 1.36954194  0.16974261 -1.07275591  0.83726923]
[-0.80338457 -0.66768365  0.1888717   1.03841627]
[-0.69311756 -1.39422517  0.54459968 -0.27458732]
[ 1.31862583  0.47793727  1.05334297  0.56573836]
[-0.6209581   0.98020832  1.29245859 -1.10269957]
[-0.81348001  0.1211116  -0.42164078  1.60056436]
[-0.72322739  0.87126305  0.93836431 -0.39608022]
[ 1.24527517 -0.32912904 -2.52481716 -0.96077546]
[-0.82613273  1.72326002 -0.83336626 -0.80394901]
[-0.71405394  0.10715998  1.08460391  0.71294703]
[ 1.26463133 -0.12764313 -2.12642765  0.0027951 ]
[-0.48294988  0.75035022  1.72711491 -0.86958262]
[ 0.78945564 -1.32941684  1.49639673 -1.50953846]
[-0.81851419  0.36673855  0.12002632  1.18867027]

Populations

0.00875648191997
0.0131176936489
0.0105766023085
0.0133882398449
0.0120522413353
0.020499209717
0.00986910240902
0.0203016790561
0.00525291191058
0.0119351757808
0.00330327731036
0.00991299289967
0.0143490248036
0.0141889153768
0.0123537807088
0.00471524388013
0.0190843023741
0.0145491917005
0.0108639162354
0.00130703770944
0.0114875592124
0.00301927365616
0.00899402131879
0.00728280530801
0.00989795993291
0.0011482942691
0.0230666148051
0.00528948677879
0.0122103010357
0.0136572991787
0.0120052311588
0.00958514273243
0.00952460678145
0.00809559702054
0.00817368002835
0.0111302068675
0.00406417557836
0.00642380595501
0.0146626278711
0.00746112094742
0.017069254885
0.00333144631529
0.0104363540474
0.0114166149822
0.0119997801247
0.00600541205888
0.0129311179451
0.00860454930759
0.0077542744037
0.00354214362052
0.017616653302
0.00888268516428
0.00752765462255
0.00245730792649
0.00698761316536
0.00843843012616
0.0103789027049
0.00500324011483
0.00507410015231
0.0139518515725
0.0165008138825
0.0121211712324
0.00523622857727
0.00903264900863
0.0106029982717
0.00709624172032
0.0067967095705
0.0143710751739
0.0149513825881
0.0133935589565
0.00373865085103
0.00763828895169
0.00380352060476
0.00737233968672
0.00914130285392
0.00288309101691
0.019369555381
0.0133242870788
0.0195551701023
0.00932371916076
0.00232702276261
0.0110636965457
0.0131026894659
0.0131208727771
0.00949218945121
0.0119915347779
0.0121578384787
0.0123624417484
0.0133039200513
0.017313222821
0.00334050882472
0.0126292739111
0.00971600352312
0.00578405671084
0.011856744965
0.00990200406884
0.00814379135277
0.00304652397013
0.00388838038565
0.0122383108296

State labels

0
1
2
3
4
5
6
7
8
9
10
11
12
13
14
15
16
17
18
19
20
21
22
23
24
25
26
27
28
29
30
31
32
33
34
35
36
37
38
39
40
41
42
43
44
45
46
47
48
49
50
51
52
53
54
55
56
57
58
59
60
61
62
63
64
65
66
67
68
69
70
71
72
73
74
75
76
77
78
79
80
81
82
83
84
85
86
87
88
89
90
91
92
93
94
95
96
97
98
99
