Cluster centers 

[ 1.20387658 -0.58122076 -1.22629268 -1.82171073]
[-0.91692313 -0.5645226   0.05641157  1.21888183]
[-0.85141742  1.61210664  0.66331766 -2.05653404]
[ 1.11505733  0.87359998  1.29483323  0.28038891]
[ 1.22297905 -0.06385361 -0.72041218  0.37476685]
[-0.94515886 -1.58081639 -0.90381343 -1.77807812]
[-0.89005493  1.06258495  0.53757923 -0.30505504]
[-0.94072315 -1.3382775  -0.62060377 -0.33529134]
[ 0.94492815 -0.88499495  1.31245549 -0.60018503]
[-0.93604427  0.41296908 -0.40157883  1.37250375]
[-0.94505751  1.62089385 -0.63820927 -0.42411445]
[-0.8342297   0.18987604  0.89327501  0.77206844]
[ 1.10586179  1.27738537 -1.25853487  1.40906092]
[ 1.15146881 -0.1642139  -1.63650488 -0.21487991]
[ 1.21705965 -0.37531999 -0.91705073 -0.57384634]
[-0.93944424  2.24588873 -1.07926388 -1.97830954]
[ 0.80947029  1.6875075   1.86381593 -1.9932211 ]
[ 1.23747006  0.3530094  -0.14939878  0.94984267]
[ 1.18508915 -0.17333664  0.55284009  0.3859212 ]
[ 0.464092   -1.46184769  1.69300039 -1.45360417]
[ 0.26303209 -0.43729458  2.43550811  0.19993388]
[ 1.03693136 -0.33456777 -2.61245181 -1.96782563]
[-0.93813601 -0.53511758 -0.52072638  1.32529406]
[-0.94407602 -1.1527014  -0.66627519  0.22947752]
[-0.63562265  1.79678062 -1.97072014  0.83587271]
[-0.66546109 -1.72652971  0.80865023 -1.20665021]
[-0.62569665 -1.08957058  1.39423747  0.41188407]
[ 1.16268351 -0.68597971  0.2511437  -0.79978507]
[-0.879983    1.32388699  0.57724874 -1.01830017]
[-0.93019226 -1.03440248 -0.28764349  0.62028339]
[  1.20438029e+00  -3.55011452e-01   1.74126126e-01  -3.41890838e-04]
[ 1.22613258  0.15588117 -0.59627688  0.77325598]
[ 1.09480783 -0.24797707 -2.11086647 -0.85852771]
[ 1.12347047  2.49004139 -0.99624653 -0.4611287 ]
[-0.8970286   1.48795766 -1.11312433  0.46928061]
[-0.92612692  0.31850068  0.09774154  1.15913619]
[-0.9226741   0.99853601 -0.7520568   1.0062366 ]
[ 1.23357835  0.90883854  0.28327339  0.86768073]
[-0.69576064 -0.27621978 -2.26881228  1.39406366]
[-0.57849638  1.17391623  1.65040607 -1.64649879]
[-0.94236421 -0.86526999 -0.8082551   0.85231606]
[-0.887283    0.77305943  0.57376517  0.24311072]
[-0.88960529  2.28999389  0.00854825 -4.26137087]
[-0.83316356 -1.8380391  -0.2414414  -2.91157822]
[-0.9142373  -0.82672882 -1.47434193  0.71037773]
[-0.9142661   0.58456193  0.31097184  0.7337298 ]
[ 0.93757657  0.76648371  1.88745887 -0.05699742]
[-0.72305276  0.85873678  1.34712314 -0.58098984]
[ 1.10356265 -0.4765276  -2.35487388 -2.94094272]
[ 1.21662433  1.59441433  0.41781441  0.09036721]
[-0.87858198 -1.49520143 -0.01244222 -0.57470381]
[-0.95271365  1.94523512 -0.24993446 -2.07984673]
[-0.93826286  1.10852152 -0.02018534  0.13457168]
[ 1.17070402  0.17061793  0.85132366  0.66580321]
[ 1.05594726  0.21350385  1.4655681   0.50604954]
[ 1.21770369 -0.51787645 -0.43397888 -0.74948595]
[-0.93428531 -1.09512765 -1.48681902 -0.08121518]
[-0.94877262  1.74927096 -0.26103866 -1.31990385]
[ 1.23043244 -0.01690109 -0.05606927  0.55122054]
[ 1.15174714  0.05674401 -1.46919063  0.49423934]
[-0.88678791 -0.18463007  0.48495248  1.1743945 ]
[-0.87848272 -1.64296717 -0.18003233 -1.34135729]
[ 1.19209768  0.69671209  0.81002171  0.6924836 ]
[ 0.87364349 -0.33081845  1.8589858   0.22649982]
[-0.8951381   1.99808841 -1.26369639 -0.7006658 ]
[ 1.18795045  0.43513224 -1.0011355   1.12664214]
[ 1.21978022 -0.40462478 -0.2502636  -0.28708532]
[ 1.0982664   1.63263023  1.22958445 -0.84004783]
[-0.75640213  0.47747543  1.26174849  0.18348524]
[-0.90977632 -0.36358656 -1.14502644  1.52042191]
[ 1.21360463 -0.19419274 -0.95056741 -0.0122862 ]
[ 1.12365415 -0.56025146  0.7377425  -0.2142151 ]
[-0.94164091  1.30809153 -0.54114266  0.24015441]
[-0.71908423 -1.45891874  0.86575032 -0.23709729]
[-0.12840459 -1.43614632  1.94871551 -0.50738605]
[-0.81678827 -1.04236322  0.67668532  0.61594665]
[ 1.15808147 -0.44858096 -1.862776   -1.82136622]
[-0.94053772  0.89751049 -0.24066224  0.72486708]
[ 1.22891368 -0.22184144 -0.30537098  0.13753523]
[-0.94070764  1.39883437 -0.03096574 -0.54142756]
[ 1.19368057 -0.39999391 -1.37645006 -1.01750721]
[ 1.01140008  0.40963537 -1.96775896  1.16799732]
[ 1.1530211  -0.8315684   0.1085652  -1.44493666]
[ 1.06367826 -0.33158058  1.23743692  0.2563904 ]
[-0.93194882 -0.08170684 -0.13758727  1.44155704]
[-0.78224516  0.81171978 -1.5979685   1.77691719]
[ 1.23219441  0.92537312 -0.27394761  1.1032002 ]
[-0.5965218  -0.14773877  1.72120122  0.52043485]
[ 0.57897396 -0.99813259  2.06362287 -0.30591933]
[-0.90628568  2.0153208   0.13589217 -2.98679815]
[-0.95425456 -1.37878214 -1.13648986 -0.92622329]
[ 0.97587738 -0.06390986 -2.45456647 -0.16862715]
[-0.8878139  -1.27226879  0.06621498  0.14168765]
[ 1.21224404 -0.62950058 -0.65375454 -1.39153237]
[ 1.22379552  0.24059119  0.30906905  0.79258889]
[-0.80843459 -0.46825105  0.91896256  0.98340734]
[ 0.43269562  0.75401854  2.43297293 -0.71363996]
[-0.9108645   0.25116812 -0.90479894  1.69175993]
[-0.90281783 -0.90827966  0.1067992   0.85699722]
[-0.23350682 -1.89981479  1.17077037 -2.59906195]

Populations

0.00520996077666
0.0144589389935
0.00973697160154
0.00952315137413
0.0136192409569
0.0092210792694
0.0140260073274
0.0179914451614
0.00937915559059
0.0102913793949
0.0138583667816
0.0115832179413
0.00521053670165
0.0111465558636
0.0148678335136
0.00573697479496
0.00401679683498
0.0101304838084
0.0147868192585
0.00422061750928
0.00737076246175
0.00283586667396
0.0146257746495
0.0147924649246
0.00183374618617
0.0111579872695
0.00872937000375
0.00723910188908
0.0158626884415
0.0143980469377
0.0146907019104
0.0118861442018
0.00693198008137
0.00253090652824
0.0070372872898
0.0137998323365
0.00963576788935
0.00896563026669
0.00108268899539
0.00443409446518
0.0119656063434
0.0133753627138
0.000975431704202
0.00827877383845
0.00547164958053
0.0129943096465
0.00897721397501
0.00962189098883
0.00222792114455
0.00572010809373
0.0176082396787
0.00843798028797
0.0151069967314
0.0131997919502
0.0115164479807
0.00931103458477
0.00688138356861
0.0168964323726
0.0172584841776
0.0133965263896
0.0135435900575
0.0165181119371
0.00972075713624
0.0110801141121
0.00693005154396
0.0102179710401
0.0115935983763
0.00744760402569
0.0106019921709
0.00926394310221
0.0155799957162
0.011956749076
0.0123831454286
0.0120104812745
0.00433048114126
0.0133698966342
0.00661912206373
0.0125565704261
0.013217062652
0.0189952787909
0.0115890589154
0.00506100998472
0.0043110720722
0.0124189004785
0.013749837172
0.00330610954107
0.00779080932714
0.00593859005795
0.00925983551483
0.00492736837134
0.0087767506777
0.00404877276874
0.0181617255447
0.0068844020061
0.0145185210838
0.0118045166177
0.00457625343428
0.0104522712721
0.0146966145844
0.00171310126218

State labels

0
1
2
3
4
5
6
7
8
9
10
11
12
13
14
15
16
17
18
19
20
21
22
23
24
25
26
27
28
29
30
31
32
33
34
35
36
37
38
39
40
41
42
43
44
45
46
47
48
49
50
51
52
53
54
55
56
57
58
59
60
61
62
63
64
65
66
67
68
69
70
71
72
73
74
75
76
77
78
79
80
81
82
83
84
85
86
87
88
89
90
91
92
93
94
95
96
97
98
99
