Cluster centers 

[ 1.69471926  0.48331708  0.15436551  0.48788958]
[-0.5725667   0.4613696   1.22934227 -0.26637615]
[-0.73260798 -0.60298222 -0.76556327  0.18589406]
[ 1.11354256 -1.74461228  1.00109497 -0.55381438]
[-0.63484895 -0.17104929 -0.0247464  -1.1159879 ]
[-0.73291524 -0.19782251 -1.52680995  1.03696329]
[-0.61703881  1.48899751  1.31687501  1.67414331]
[-0.44650902 -0.0720591   2.11394825  0.73945938]
[ 1.58906237 -0.70528685 -0.12326549 -0.69116581]
[-0.52053719  1.46601622  0.03920289 -0.83230797]
[-0.6445697   0.0818079  -0.61428965 -0.97633627]
[ 1.72739435  1.38362898 -0.54659115  0.52248041]
[ 1.64623972  2.06138067 -0.08802312  3.63124794]
[-0.43988965 -1.6314708   0.82706307 -0.59604586]
[-0.58927866  1.5975688   0.99010152  1.02017687]
[-0.81759576 -1.2957956  -0.74534666  2.09011926]
[-0.28937106  1.25583669 -2.42341509 -0.5841489 ]
[ 1.55856663  2.10399738 -1.68684677 -0.61130844]
[ 1.73947324  0.81006753 -0.64718667 -0.30938249]
[-0.56659877  1.39868198  0.61869289 -0.10239349]
[-0.62166005  0.31497609 -1.58559062 -0.11319364]
[ 0.30702911 -2.88074383  0.8221347   0.54512306]
[-0.32837445 -0.90712246  1.78121178 -0.54629542]
[-0.5951965   0.35193971  0.43550872 -1.13426306]
[ 1.43699547 -1.70909692 -0.85643483  0.41105397]
[-0.78939316 -0.74040706 -1.05730572  1.28227228]
[-0.70125988 -1.26901484 -0.20904308  0.37114335]
[ 1.65453876  0.06000888  0.23997007  0.07332639]
[-0.80097989 -0.49912033 -1.48041617  1.98720286]
[-0.65782835  1.74037495  1.52520089  3.28594293]
[-0.54895847  0.67937744 -1.38157835 -0.92774868]
[ 1.6809355   0.65471987  0.3762242   1.22100798]
[-0.58980736 -1.01980028  0.41748211 -0.77392433]
[-0.76506379 -0.6595421  -0.97954426  0.81488158]
[-0.51370744 -0.38688984  1.20388872 -0.86614786]
[-0.57295872  0.91184744  0.23958099 -1.03323227]
[ 0.88472012 -1.36589015  1.97763014  0.30002291]
[-0.58534721  0.86992769  0.90743754 -0.30543105]
[-0.59315777  1.16040304  1.05777187  0.34817955]
[-0.51593758  0.15073345  1.72978677  0.22934174]
[-0.6699525  -0.04957991 -0.86946865 -0.57565412]
[ 1.72335474  0.38977185 -1.0965536  -0.8586805 ]
[ 1.73516853  0.9396644  -0.38863224  0.20211911]
[ 1.58943432 -1.00025159 -1.02240092 -0.36805946]
[ 0.35470248 -1.70295641  2.06944666 -0.29688196]
[ 1.71324457  0.4313401  -0.16130479 -0.05337818]
[-0.52353841  0.37348431  2.18414451  1.70836512]
[ 1.45566488 -1.41351243 -0.19266679 -0.52880622]
[-0.59855763  0.48493989 -0.43798169 -1.3039429 ]
[-0.66665483 -0.8299944  -0.08404678 -0.51140357]
[-0.10865082 -2.47192512  0.9810433   0.00941887]
[ 1.72166771  0.86527134 -0.0620342   0.67678937]
[ 1.69527265 -0.11472528 -0.73826038 -0.80957746]
[-0.69653154 -0.06478013 -1.38139422  0.3043572 ]
[-0.57322269 -0.09676967  0.80087931 -1.04614769]
[ 1.66088042  1.95160053 -1.06008758  0.29617716]
[ 0.94865073 -2.55381285  0.34690165  0.28973951]
[ 1.24404066 -1.92639336  0.23103337 -0.37015833]
[-0.62180573 -1.81918463  0.1217307   0.73257426]
[ 1.58806293 -0.40590491  0.33430441 -0.27392525]
[-0.83747294 -0.88505502 -1.16977029  2.28695114]
[-0.54440997  0.79703632 -0.95580847 -1.31346452]
[ 1.48827002 -0.97878797  0.31445559 -0.5935251 ]
[-0.64932724  0.22765479 -2.03577899  1.19829967]
[-0.55284063 -1.46314445  0.47140886 -0.415387  ]
[-0.65948637 -0.26990663 -0.29032776 -0.90270232]
[-0.5674589   0.10198642  1.00290032 -0.82297943]
[-0.69655217 -0.38923676 -0.64442052 -0.38465739]
[-0.41773789  1.82860077 -0.51521932 -1.08278868]
[-0.57610008  1.53123147  0.81274233  0.47473019]
[-0.69094077 -0.10385726 -1.1319283  -0.09925709]
[-0.55792799  1.28328952  0.4013689  -0.56902361]
[-0.48522652 -0.28031206  1.54512829 -0.47508783]
[-0.32613458 -0.49344851  2.25492966  0.51324357]
[ 1.65217275 -0.23104074 -0.1174044  -0.52892211]
[-0.71589488 -0.74246138 -0.50269783 -0.04087404]
[-0.65806825 -1.24110715  0.00449923 -0.07228582]
[-0.6139426   0.35527856 -0.78534339 -1.08353904]
[-0.58473848  0.45111837 -1.86668647  0.12543983]
[ 0.48483062 -2.05977946  1.65862231 -0.57109837]
[-0.62248369  0.13004003 -0.09687565 -1.21464037]
[ 1.54202363 -0.32308492  0.75269499  0.29317533]
[ 1.61478902  0.19662621  0.6871473   1.00075044]
[-0.58825028  0.79837726  1.38407835  0.44305784]
[-0.74665091 -0.50924216 -1.01886077  0.53349059]
[-0.65577843 -0.55867998 -0.07341559 -0.80935405]
[-0.76846609 -0.91800213 -0.75086868  0.87979004]
[-0.60480656  1.06395238  1.46113259  1.10062027]
[-0.78949354 -0.97817273 -0.83080363  1.29297181]
[-0.57846742 -0.71888019  0.55754642 -1.02715128]
[ 1.26419612 -1.44527084  0.84801286 -0.52366523]
[-0.71663095 -0.38896171 -0.88016626 -0.01174487]
[-0.27514553 -1.84869625  1.16092318 -0.66036024]
[-0.55124628  0.10750801  1.25097897 -0.55545532]
[-0.58379985  0.74503158  0.45492534 -0.95151353]
[-0.72684201 -1.31040429 -0.32769468  0.73415757]
[-0.51343231  0.27299874  2.06232224  1.15839321]
[ 1.70747381  1.67887285 -0.62961872  0.813823  ]
[ 1.41286169 -1.72718165 -0.55555079  0.04553514]
[ 1.61445973 -0.76306867 -0.61524549 -0.71999631]

Populations

0.0159453763189
0.00387471820832
0.00115457887555
0.0152196860108
0.00459050089565
0.00631048585599
0.00516312655374
0.00550709425106
0.0433824286982
0.00180513985447
0.00140093609908
0.0168138472846
0.00177851866782
0.00132175024605
0.00348278396219
0.00382199301597
0.00198643611526
0.0261838294056
0.0143809824228
0.00497327548375
0.00140581717846
0.00353347393425
0.00756804639347
0.00636748843294
0.00646843210078
0.00167443341673
0.00118278852434
0.0763444238909
0.00798332691221
0.0018461782962
0.00330870277883
0.0388050106586
0.00329681431128
0.00569076850941
0.00308745535301
0.010294942585
0.00181643688721
0.010620724031
0.0017556975686
0.00805604695527
0.00161570588502
0.0305754116486
0.0790097770443
0.0151802612092
0.0155356234298
0.060487055455
0.00144477007292
0.0148963003842
0.0063002271773
0.00161989301512
0.00171203380201
0.0354592399662
0.0302722852257
0.00182019904003
0.00219241666325
0.0136766451478
0.0151706459056
0.015224508483
0.00168939869524
0.0299134708886
0.0016396180171
0.00326339459001
0.0068014659681
0.00174992683332
0.00192992196392
0.00160550013958
0.00646936258288
0.00505117840992
0.00159426694585
0.00427469918909
0.00533434908649
0.004957255076
0.00172104218458
0.001598671604
0.0474210659093
0.00454912219001
0.00388210225082
0.00605843705656
0.00319642101589
0.00175985742384
0.00322471568033
0.00179737778863
0.0167380603363
0.00162508842449
0.00677903685101
0.00384541928828
0.00325681383993
0.00133753404592
0.00338112607895
0.00106928169729
0.0286031921929
0.00424797818062
0.00158011686322
0.00132310608467
0.00317467721827
0.00137129270072
0.00187114906328
0.0153449062058
0.015035479471
0.0155356234679

State labels

0
1
2
3
4
5
6
7
8
9
10
11
12
13
14
15
16
17
18
19
20
21
22
23
24
25
26
27
28
29
30
31
32
33
34
35
36
37
38
39
40
41
42
43
44
45
46
47
48
49
50
51
52
53
54
55
56
57
58
59
60
61
62
63
64
65
66
67
68
69
70
71
72
73
74
75
76
77
78
79
80
81
82
83
84
85
86
87
88
89
90
91
92
93
94
95
96
97
98
99
