Cluster centers 

[-0.86354911  0.18711563  0.52223694  1.04525149]
[ 1.27852869  0.30131398 -0.25868245  0.89412068]
[-0.86715905  1.14791927  0.47581016 -0.57384159]
[-0.92244561 -1.33454692 -1.34254657 -0.71935689]
[ 1.13268434 -0.26044552 -2.16992903 -0.65964685]
[ 0.96783962 -0.33480781  1.69945878  0.18066884]
[-0.89029077 -1.29511494 -0.28813676 -0.02004008]
[-0.91930139  1.65915827 -0.66741022 -0.67941887]
[-0.90261658  0.86285549 -0.51917586  1.08228807]
[-0.61710594 -0.91499409  1.42186238  0.52915809]
[-0.3700523  -2.11259177  0.82881465 -3.25860222]
[-0.92707766  1.98742556 -0.51452455 -2.5858946 ]
[ 1.26893728 -0.17533    -0.11049943  0.26049119]
[-0.6947391  -1.95646329  0.23680234 -2.39917014]
[-0.87237265 -0.80575064  0.17518822  0.94527316]
[ 1.20640803  2.14254539 -0.82086008  0.10532751]
[ 1.08378044  1.68916588  1.27421288 -1.41108497]
[-0.86607436  0.16946008 -0.98150206  1.78235614]
[ 1.16615705 -0.52163843 -2.27531467 -2.06669459]
[ 1.2155625   0.90670932  0.94965877  0.45879805]
[-0.91266821  1.35991038 -0.06433586 -0.53049222]
[ 1.19764678  0.07502292 -1.4456774   0.5512623 ]
[-0.68539099  0.72278313  1.40802422 -0.44451614]
[ 1.21448234 -0.00935523  0.74682284  0.51398684]
[ 1.25326854 -0.70496893 -0.72312977 -1.4359518 ]
[-0.86202951  0.74069772  0.57045707  0.30532962]
[ 0.48486524  0.76130348  2.48819872 -0.92808187]
[-0.833612   -1.48717362  0.0937142  -0.45074037]
[-0.91542988 -1.05047415 -0.98736755  0.36782044]
[-0.92703582  1.73720686 -0.53554513 -1.22159759]
[ 1.11641453 -0.66551234  0.91518258 -0.37470299]
[-0.90440517  0.34043771 -0.16374247  1.35741   ]
[-0.74520864 -1.37373487  0.7025387  -0.05412521]
[-0.8636039   1.40528063 -1.09418438  0.67767327]
[-0.83410139  1.5480584   0.52180003 -2.155641  ]
[ 1.26313477 -0.37518167 -0.91202294 -0.45193408]
[-0.80789722 -0.89069907  0.63650295  0.76963091]
[ 0.34561894 -1.5468782   1.75744699 -1.37589893]
[-0.89934017 -0.77816068 -1.00695809  0.93406907]
[-0.88484928  1.96632631 -0.00550432 -3.71646168]
[-0.91124149 -1.56114645 -0.81160817 -1.20388818]
[-0.8029947   1.14263276  0.85613788 -1.01140768]
[ 0.8792148   0.71160268  2.10079701 -0.25258168]
[-0.91210137  1.49097573 -0.64205764 -0.14740518]
[ 1.25801291 -0.40408146 -0.1063916  -0.1968635 ]
[ 1.27973247  0.61279814 -0.12269496  1.05210505]
[ 0.91379505  0.06880857 -2.5818462   0.47205728]
[-0.91346701  1.10609137 -0.25959158  0.3870725 ]
[ 0.80861386  1.75250483  1.7833708  -2.76447418]
[ 0.79961976 -0.9288284   1.79532876 -0.42923958]
[-0.79804382  1.85885623 -1.57731843  0.11081155]
[-0.86992844 -0.34778355  0.3612609   1.23845079]
[ 1.24770921  0.29759704 -0.8845909   0.93870539]
[-0.79332213 -0.20361577  0.94285444  0.96526651]
[ 1.25882488  0.00592466  0.27767187  0.54049816]
[-0.72550651 -1.70198077  0.45580633 -1.07322008]
[-0.91965952  1.61680116 -0.18961704 -1.30066996]
[-0.90236643  1.12732787 -0.63079746  0.74742725]
[ 1.07351255  0.93559721  1.59714026 -0.12139821]
[ 1.22240894  1.35532797 -0.74778854  1.1928159 ]
[-0.94194841 -1.66836375 -1.67428066 -2.80262855]
[-0.90086445 -0.58985758 -0.15680799  1.22476623]
[-0.91776264 -1.30098178 -0.85628467 -0.27709415]
[ 1.23382542 -0.48210468 -1.53522217 -1.19304246]
[-0.90132004 -0.24438132 -0.0777981   1.42558703]
[-0.65686195  0.2361142   1.52474281  0.32983433]
[-0.81916273 -1.78791898 -0.12495893 -1.71450943]
[ 1.10541691  0.61389799 -1.67508892  1.30647061]
[ 1.26486428 -0.12532482 -0.77857414  0.22233866]
[-0.39308728  0.87713141  1.98366107 -1.33048398]
[ 0.32834379 -0.68070128  2.39173043  0.09408653]
[-0.90523472  1.94329315 -1.05463993 -1.17718207]
[  1.09686004e+00  -7.76480241e-04   1.39344131e+00   3.69253500e-01]
[ 1.25414199  1.84148547  0.38923397 -0.49852992]
[ 1.21002208 -0.31943433  0.56490755  0.13857216]
[-0.78145285  0.54017061  1.06270182  0.22087771]
[-0.67194357  1.44216517 -1.88244251  1.46847306]
[ 1.16601818 -0.19641857 -1.89847596 -0.30014206]
[-0.89966141  0.71289928  0.14642652  0.73013523]
[-0.92026294 -1.66937046 -1.11293237 -2.02560011]
[ 0.14987174 -1.26061745  2.18450754 -0.37420983]
[ 1.27755791  0.14317312 -0.2704332   0.72492858]
[ 1.19528481  0.41669551  1.03354974  0.61859917]
[-0.90774995  2.15861727 -1.22331632 -1.95626274]
[ 1.26954619  0.47245727  0.33419973  0.84544418]
[-0.89958438 -1.0028101  -0.31296999  0.63617959]
[ 0.55806957  0.09493646  2.49728255 -0.01573888]
[-0.52780585 -1.47925147  1.34100968 -0.3473367 ]
[-0.87368406 -1.56424528 -0.32309311 -0.88989414]
[ 1.24117646 -0.66025771 -0.3132986  -0.96958463]
[-0.89408457  1.05674802  0.22965759 -0.03452288]
[-0.91305575 -1.15737628 -0.64035913  0.22047663]
[-0.83905856 -1.21688327  0.26091628  0.27071621]
[-0.92637187  1.84517454 -0.34984345 -2.10417588]
[ 1.2278598   1.40076839  0.80827402 -0.04199275]
[-0.89328629 -0.41950403 -0.88940763  1.44537861]
[ 1.27505897  1.10848117  0.2894362   0.74149451]
[-0.8928262  -0.99531789 -1.54636869  0.24231829]
[-0.88912949  1.41794622  0.22968058 -1.14607621]
[ 1.2283105  -0.17984768 -1.36707289 -0.0644587 ]

Populations

0.0147299905187
0.00821808772689
0.011802626434
0.0053893739181
0.00621437084149
0.0119614482616
0.0144079068008
0.00945096416722
0.009892748874
0.0101755825318
0.00147710588319
0.00519517555921
0.0179433127001
0.00572489764424
0.0117483010909
0.00306789143228
0.00575986305706
0.0140459374646
0.00857685740209
0.00883454974319
0.0161160904507
0.0139875464866
0.00900743182963
0.0132181406212
0.00901628933265
0.012486996337
0.00419616462665
0.0129325616772
0.00597523251813
0.00615456236755
0.0153072151459
0.0192447884254
0.0116228207785
0.00520087926444
0.0116108634285
0.0220625805586
0.0144345830125
0.00583874951392
0.0120539911171
0.0024292470309
0.00947524242933
0.00875289665628
0.00438184294589
0.0145830277744
0.0210096959805
0.00981302942528
0.00323943428658
0.013260143881
0.00262386241685
0.0102186616438
0.00478215380258
0.0132147029232
0.0133026559554
0.0155211617872
0.014080618851
0.0122402963828
0.00771495375366
0.00762953918604
0.00970712712716
0.00516358344056
0.00156303971166
0.0132035652734
0.0125826804202
0.0141832434119
0.0129374174912
0.00789755971995
0.00938742515615
0.00796521414546
0.0219135369802
0.00303982796348
0.00732937520099
0.00588968168072
0.0152122393562
0.00236588537493
0.0157549955919
0.00979670980377
0.00251179180382
0.00824231588925
0.0161181153884
0.00513192222155
0.00470510205493
0.0130452720353
0.0119933764109
0.00407737904335
0.0134667849843
0.01769355586
0.0053992750741
0.00616817544535
0.0115613319274
0.0150584250746
0.0122190025804
0.00919774632512
0.012676572369
0.00728597471546
0.00567861403381
0.0120652043057
0.00718431253699
0.00556083811027
0.0114471764943
0.0122609808098

State labels

0
1
2
3
4
5
6
7
8
9
10
11
12
13
14
15
16
17
18
19
20
21
22
23
24
25
26
27
28
29
30
31
32
33
34
35
36
37
38
39
40
41
42
43
44
45
46
47
48
49
50
51
52
53
54
55
56
57
58
59
60
61
62
63
64
65
66
67
68
69
70
71
72
73
74
75
76
77
78
79
80
81
82
83
84
85
86
87
88
89
90
91
92
93
94
95
96
97
98
99
