Cluster centers 

[-0.93153129  0.50651088  0.50855419  0.70824284]
[ 1.11574658 -0.15488129 -1.53938018 -0.14174226]
[ 1.00922914  0.2413501   1.51149777  0.39744905]
[-0.95280242 -1.39419526 -0.33638768 -0.24625839]
[-0.9883731   1.74786392 -0.61800505 -0.84168925]
[-0.98581206 -1.74961534 -1.2380396  -2.94226959]
[ 1.18737749  0.67452112 -0.23755404  1.08185964]
[-0.97171107 -0.30579819 -0.44846426  1.49864248]
[-0.48837391 -1.52713948  1.4982018  -0.37382425]
[ 1.0684437   1.88918347  1.03576735 -1.45526439]
[ 1.12575206 -0.53387627  0.41432947 -0.25807936]
[-0.9555567   1.7290755   0.15387278 -2.11258017]
[-0.91114581 -0.39609091  0.53365651  1.16538528]
[ 1.18785325  0.01927943 -0.07725988  0.57105696]
[ 0.7156176   0.3878313   2.20872068 -0.0721015 ]
[-0.92024508  1.20022114  0.54781471 -0.75984656]
[-0.74801275 -1.83457007  0.49405492 -1.48041814]
[ 1.08574298  0.12214418 -1.53641925  0.59701274]
[-0.97809728  1.10864041 -0.1990317   0.37286279]
[-0.95648042 -1.59208527 -0.54508565 -1.08211563]
[-0.82140357  0.37217006  1.14761959  0.36316514]
[ 1.17446096 -0.50432609 -0.49694244 -0.65985976]
[-0.97223372 -0.94672317 -0.48755428  0.77412297]
[ 0.97575563  1.00721546  1.6509669  -0.28001706]
[ 0.8647325  0.7849469 -1.9272202  1.5182082]
[ 1.13640807  0.23109589  0.8286776   0.64942276]
[ 0.79901687 -0.73477399  1.76922622 -0.10846046]
[ 1.184764    0.85607598  0.38028753  0.82825558]
[-0.88345505 -1.70057605 -0.01975953 -1.16157188]
[-0.96585907  1.57653606 -0.83279544  0.03691544]
[-0.98184344 -1.42871945 -0.82319763 -0.65045785]
[-0.95974349 -0.96464411 -1.54286397  0.32605699]
[-0.99937671  2.07209719 -0.593136   -2.341264  ]
[ 1.12713063 -0.34692285 -1.58979266 -0.85213182]
[-0.57909575 -0.13808111  1.8444225   0.37509056]
[-0.98820747  1.74426604 -0.2419694  -1.47667903]
[-0.91059123 -0.53904578 -1.58143166  1.23732909]
[ 1.17843648  0.15351811 -0.61777994  0.7363411 ]
[ 1.07058901 -0.45611362 -2.18940705 -1.99508131]
[ 0.2247078  -0.72222063  2.37724773  0.05482532]
[ 0.98429763 -0.94199513  0.91122129 -0.88978045]
[-0.8148759  -0.33561494  1.09854368  0.88205157]
[ 0.48232399  0.15325683 -2.9053143   0.83718056]
[ 1.1354433   0.39058238 -1.02955423  1.06860033]
[ 1.09469744  1.54949652  1.0823652  -0.60283898]
[ 1.15370121 -0.50746263 -1.36482273 -1.34926148]
[-0.92966057 -1.21505105  0.01325113  0.32555314]
[-0.02795333 -1.90826208  1.18003208 -2.4895934 ]
[-0.88471983 -0.96655783  0.5000332   0.762365  ]
[ 1.02989081 -0.36908341  1.19092589  0.18252393]
[-0.96983549  0.71532081  0.02656915  0.82514599]
[-0.99277187 -1.39538556 -1.52296987 -1.19542798]
[ 1.01012455  2.55956302 -1.30031238 -0.24025021]
[-0.96742028 -0.58109775 -0.90940999  1.29355902]
[-0.9620124   0.03862091  0.05759913  1.35739787]
[ 0.51916562  1.47669123  1.96784755 -2.20624684]
[-0.92897894  0.779231    0.52822105  0.26050668]
[ 0.41938941  0.81910311  2.35618555 -0.9894196 ]
[-0.1593452  -1.73683237  1.53481803 -1.28271631]
[-0.96872332  0.46608105 -0.41623985  1.43202797]
[ 1.17910247  1.78390117 -0.034724    0.18331791]
[ 1.10481915  0.69198788  1.13951039  0.46753046]
[-0.86604029 -1.54575015  0.22729085 -0.4877328 ]
[-0.97918727  1.42432664 -0.06297791 -0.61428424]
[-0.82538208 -1.9828324  -0.15331394 -2.93890748]
[-0.86539817  1.5863366  -1.41430861  0.81060079]
[-0.81161704  1.68679139  0.79818536 -3.01255451]
[-0.97322953  2.17176423 -1.09381437 -1.7164647 ]
[-0.96638895  1.04137918 -0.59951217  0.92217097]
[ 1.09530136  1.15962224 -1.04826737  1.41229377]
[ 1.16417986 -0.70816772 -0.78931711 -1.645303  ]
[ 1.17235002 -0.34299049 -0.92123779 -0.4198009 ]
[ 1.17838543 -0.31685859 -0.16988811 -0.02430492]
[ 1.13106869 -0.76367278  0.00915834 -1.0923317 ]
[ 1.16672681 -0.12661281 -0.93802437  0.1608519 ]
[ 0.98842413 -0.12507705 -2.29540161 -0.39812635]
[-0.90417019  0.10425863  0.67929675  0.98038223]
[-0.83424512  1.44478125  0.87631797 -2.05059144]
[-0.91820398  0.18377569 -1.12680821  1.82022992]
[-0.85552203  0.80069173  0.96724952 -0.22838174]
[-0.78533636 -1.3896894   0.7798698   0.02051587]
[-0.95563629 -0.69561878 -0.03785622  1.13201005]
[-0.67752673  0.51697206  1.60175938 -0.25219322]
[-0.6735186  -0.98702093  1.39148785  0.51997443]
[-0.92102975  2.03114471 -1.34606534 -0.5792764 ]
[-0.94117069  1.44872267  0.34556755 -1.28680555]
[-0.98409576  1.36731536 -0.26371134 -0.17124427]
[ 1.17903204  0.18324519  0.31561499  0.72559137]
[ 1.18355047 -0.09300907 -0.54645266  0.33369182]
[ 0.95241552 -0.79194631  1.22636171 -0.38384152]
[ 0.81286698 -0.20310961  1.95878602  0.23415238]
[ 1.15274075  1.24939052  0.79163018  0.23379162]
[ 1.14498368 -0.23087012  0.49648054  0.28036339]
[-0.96493698  2.09283963 -0.18894661 -3.42897542]
[-0.75837153  0.99770741  1.27673458 -1.04322033]
[-0.98061365 -1.17802363 -0.73656897  0.18745141]
[-0.9483072   1.07045387  0.35159214 -0.17582954]
[ 0.51484666 -1.25032304  1.89108419 -0.72031351]
[-0.98737795 -1.24830081 -1.19383385 -0.28910521]
[-0.95409416 -1.71561731 -0.69726362 -1.8244569 ]

Populations

0.0101904358995
0.0115026150147
0.0117534354109
0.0165339495892
0.011466253133
0.00224850428471
0.0153229162709
0.0138549624756
0.00587955449444
0.00398963117347
0.0151270062632
0.00794008207512
0.0141629110162
0.0186386386983
0.00566136423114
0.0111453436999
0.00847530348728
0.0130651684166
0.0144309138931
0.00902541227251
0.00932873283307
0.0147149429919
0.0188334596056
0.0081569198474
0.00394416075118
0.0168997577757
0.00762328579261
0.0119321566087
0.00958487187586
0.0118411700973
0.00829856353783
0.00652398628405
0.00724550424076
0.0110266555121
0.00455288156964
0.0105613513544
0.00488487921953
0.0140632926342
0.0103660695418
0.00801344610048
0.00725924353594
0.0102782952327
0.000766904770315
0.00893945833026
0.00474880457648
0.00910087193903
0.0189207930335
0.00146209659181
0.0169348901896
0.0147534566876
0.0148171349073
0.00452312057075
0.00218637383245
0.0120707092495
0.017561194092
0.00350916386177
0.0117655162913
0.00445845179236
0.00322033849402
0.0132929109332
0.00361142837444
0.00960180815942
0.0141626204969
0.0141975869197
0.00566053269584
0.00439787693982
0.00268038634032
0.00530030624528
0.0134885146597
0.00582741275676
0.0071909124921
0.0166815618238
0.0201816173404
0.00852756557881
0.0181450322578
0.00768716412277
0.0110200145596
0.00567035571047
0.0108673720987
0.00943494290215
0.0120739569407
0.0189812137399
0.0059055634589
0.00824225402835
0.00555440849235
0.0116495125012
0.0131782282947
0.0168457061247
0.0136981143963
0.00741726989892
0.00758924653879
0.00610717682304
0.0176697987161
0.00268746777613
0.00774092444098
0.0154430319018
0.0111054064163
0.00803361987292
0.00714632445778
0.00921554381994

State labels

0
1
2
3
4
5
6
7
8
9
10
11
12
13
14
15
16
17
18
19
20
21
22
23
24
25
26
27
28
29
30
31
32
33
34
35
36
37
38
39
40
41
42
43
44
45
46
47
48
49
50
51
52
53
54
55
56
57
58
59
60
61
62
63
64
65
66
67
68
69
70
71
72
73
74
75
76
77
78
79
80
81
82
83
84
85
86
87
88
89
90
91
92
93
94
95
96
97
98
99
