Cluster centers 

[-0.93003346  1.46810806 -0.60011527 -0.08898197]
[ 1.23624801 -0.23318091  0.08862003  0.20098474]
[-0.83703824 -1.32312235  0.29758753  0.04549775]
[-0.89026729  0.1094167   0.41079461  1.16523338]
[ 0.50550929  0.15502845  2.44101498 -0.07354926]
[-0.84526959  1.56011301  0.54547626 -2.26560135]
[ 1.14027705 -0.52065585 -2.27740486 -2.08614406]
[-0.93938193 -1.62570783 -1.13793566 -1.79704538]
[ 1.1108456   0.47729335 -1.56890292  1.22886302]
[-0.70530004  1.29196803 -1.83276739  1.6376224 ]
[ 1.16443965  0.94291809  1.13841408  0.27224228]
[-0.944148    1.7908226  -0.44554964 -1.58289415]
[-0.71110794  0.30215944  1.37188767  0.31572414]
[-0.91044491 -1.01072087 -0.21375661  0.64511891]
[ 1.00628617  0.07117967 -2.23613238  0.44464768]
[ 1.18816965 -0.34352839  0.57539726  0.10718521]
[ 0.75982909 -1.06393658  1.75518199 -0.6286204 ]
[ 1.256441    0.84051863 -0.1241248   1.06668337]
[-0.63425765 -0.78377161  1.46147876  0.64422693]
[-0.69732099 -1.96397623  0.270723   -2.35687295]
[-0.91232003  0.69849566  0.20003972  0.71004117]
[-0.93755745  1.66722383 -0.65454235 -0.67915957]
[-0.92199768  0.42948081 -0.16360662  1.31696366]
[-0.87876465  1.42398122 -1.11886243  0.72055222]
[ 1.23448138  1.81550418  0.4060863  -0.45160437]
[ 1.19627077 -0.7893894  -0.05893024 -1.19273976]
[ 1.23387478 -0.100466   -0.92962172  0.24308362]
[-0.93104461 -0.99424071 -0.73120647  0.58003991]
[-0.93280816  1.99390417 -0.34482596 -2.98218257]
[ 1.25643761  0.2356691  -0.17136965  0.81164313]
[-0.89268986  2.07281298 -0.05033907 -4.51054872]
[ 1.08001668  1.76440155  1.1789666  -1.54868997]
[-0.9177141  -0.55927545 -0.1402051   1.25098987]
[-0.85031154 -1.5396361   0.03716552 -0.61326743]
[-0.90032292  1.30845386  0.2908936  -0.83487538]
[ 1.19355309  0.27071695  0.87560446  0.64639477]
[-0.8427051  -0.93147827  0.48888008  0.75529515]
[-0.95493184 -1.68892011 -1.53183934 -2.69063251]
[-0.90728873  1.93475227 -1.17020707 -0.82347617]
[ 0.79359217  1.74980527  1.76272808 -2.79198229]
[ 1.07721649 -0.55346506  1.1221241  -0.08909379]
[-0.6332454  -1.4976239   1.03193476 -0.33275009]
[ 1.24194781 -0.49712678 -0.60472841 -0.6527803 ]
[-0.92861353  1.34194143 -0.05964947 -0.45824034]
[ 0.94824582 -0.38514276  1.68964975  0.15107308]
[ 1.0983728   1.41506833 -1.26037115  1.46124402]
[ 1.18833     0.61417812  0.9852532   0.60628615]
[ 1.01853542  0.99246265  1.69379499 -0.30122742]
[ 1.22837577 -0.43890588 -0.02190993 -0.23255353]
[-0.92896353  1.94879732 -0.99784604 -1.23911229]
[ 1.18710947  0.07353628 -1.34052385  0.55177474]
[-0.83354099  1.84259062 -1.4877063   0.10423908]
[-0.91863566 -0.98829941 -1.36871883  0.34544612]
[-0.48298671 -2.09574161  0.6297024  -3.07152528]
[ 0.49867797  0.7751792   2.45496903 -0.97141093]
[ 1.20635866 -0.45853221 -1.54879773 -1.11134321]
[-0.85230427  1.37338661  0.56407332 -1.45540722]
[-0.92092386  1.24506304 -0.66321598  0.57185534]
[-0.93641792 -1.24955079 -0.8482001  -0.10637959]
[ 1.21850266  1.35153107  0.71474188  0.10286651]
[-0.87906802 -1.68669829 -0.3868106  -1.4051627 ]
[-0.85015618  0.70608492  0.7520091   0.19365078]
[ 0.42377082 -0.96978907  2.11953233 -0.19139056]
[-0.92129201  0.97584925 -0.54035368  0.95734943]
[-0.64644713 -1.73892113  0.77618521 -1.09118435]
[ 1.23728166  0.32530594 -0.67207138  0.95537738]
[ 1.17553669 -0.12319378  0.83209894  0.40778021]
[-0.90365417  0.13127815 -0.73484701  1.71088337]
[-0.82204653  0.08419403  0.91693308  0.86885605]
[-0.8890445  -0.45874433  0.29972     1.21014958]
[-0.69820883  0.71161078  1.40061576 -0.44114578]
[ 1.08716691 -0.04483819  1.34609433  0.39079694]
[-0.40472818  0.86976838  1.97087003 -1.35208786]
[-0.92429313  1.73564039 -0.05654984 -2.06291952]
[ 1.24996455  0.01923992  0.01490297  0.56473582]
[ 1.10491462 -0.23264587 -2.1603359  -0.57398593]
[ 0.21902715 -1.57248773  1.75473131 -1.29159178]
[-0.92948162  1.10960859 -0.15661173  0.28879093]
[ 1.23346933 -0.33891817 -1.05385569 -0.41041474]
[-0.60624315 -1.20002722  1.35688576  0.24516746]
[ 1.18990121  2.12515084 -0.79504771  0.14770433]
[-0.89882537  1.06042056  0.34328458 -0.16589125]
[ 1.2483949   0.77423422  0.37608088  0.83060852]
[-0.91215043 -0.5106665  -0.95775468  1.34242967]
[-0.81250003  1.10687584  0.88165296 -0.94736149]
[-0.93725394 -1.40644832 -1.09871256 -0.7947949 ]
[ 1.05454199  0.52644283  1.61009616  0.28503254]
[ 0.27078649 -0.58620706  2.39963865  0.15695281]
[ 1.23496411 -0.65242142 -0.94846388 -1.4184331 ]
[ 1.23720624  0.17526923  0.38313909  0.70145539]
[-0.91339835 -1.34474242 -0.41292022 -0.19418826]
[-0.93083938  1.62979887 -0.74476593 -0.39541781]
[-0.94932572  1.96217614 -0.54151666 -2.30596308]
[-0.79789425 -0.50047536  0.92672822  0.98581065]
[ 1.25002195 -0.1928391  -0.4899553   0.14668429]
[ 1.04378966 -0.89980563  0.9462094  -0.80048911]
[-0.92089471  2.20376492 -1.28665453 -1.95806731]
[-0.93132916  1.57318108 -0.11914447 -1.19841303]
[ 1.24113946 -0.32472077 -0.10324155 -0.01164903]
[ 1.18109624 -0.17750561 -1.58314088 -0.14633819]

Populations

0.0105628083197
0.0104364310555
0.0169678733413
0.0153179260808
0.00618632689044
0.00690184724837
0.00905302115096
0.00639503442624
0.00854140343222
0.00262954186566
0.00707211149212
0.00673340485443
0.00936217533738
0.0218695847538
0.00568382890037
0.0132962036545
0.00783750020407
0.0116439364571
0.00743146231124
0.00706206402877
0.0187084470007
0.00799473376753
0.0201045350137
0.00417110152913
0.0033627726526
0.00939775069768
0.0172743152144
0.0149740551988
0.00382477241662
0.0138695071943
0.00127671565692
0.00517111587017
0.0199288490506
0.0155822691415
0.01021930072
0.00948844801701
0.0179999583439
0.00221227551128
0.00408602454439
0.00257678175411
0.00998449714135
0.00799492868723
0.0151842607241
0.0147190631841
0.011119854339
0.00432346885394
0.00923093657474
0.00859991027893
0.0148199863396
0.00424677101496
0.0131748144619
0.00476895512658
0.00791695948992
0.00195521942647
0.00481745682992
0.0128397262804
0.00867589901713
0.00664415444286
0.0129539344116
0.00613035037247
0.0159389367247
0.0148748183592
0.00771768902024
0.0119196155962
0.0102463481799
0.0158615708904
0.0104260790786
0.0172865763491
0.0122488331814
0.0140610311993
0.00884925101826
0.0100057540122
0.00306692686439
0.00535424275117
0.0147357626998
0.00939945012733
0.00479221101733
0.014460038378
0.0166202258084
0.00871670465338
0.00336400829053
0.0130171016617
0.0110219300389
0.0174601636294
0.00910351856874
0.010890055341
0.00981962312417
0.00602577187439
0.00974530616204
0.01415736407
0.0173816486258
0.00511007598651
0.00467545651722
0.0104623184262
0.0180228517793
0.00783566598048
0.00323617044425
0.00978827916075
0.00836892310372
0.0106223392078

State labels

0
1
2
3
4
5
6
7
8
9
10
11
12
13
14
15
16
17
18
19
20
21
22
23
24
25
26
27
28
29
30
31
32
33
34
35
36
37
38
39
40
41
42
43
44
45
46
47
48
49
50
51
52
53
54
55
56
57
58
59
60
61
62
63
64
65
66
67
68
69
70
71
72
73
74
75
76
77
78
79
80
81
82
83
84
85
86
87
88
89
90
91
92
93
94
95
96
97
98
99
