Cluster centers 

[-0.96467195 -1.35381123 -0.92274598 -0.42171157]
[ 1.20139299  0.13983904  0.36424767  0.67204922]
[-0.91351436  0.98150776  0.44702853 -0.0895853 ]
[-0.89471957  0.17832901  0.59492963  0.98820617]
[-0.9567124   1.72170371 -0.74810377 -0.71181953]
[ 1.18026534 -0.73975977 -0.27334899 -1.19937399]
[-0.79089634 -1.43463356  0.64158848 -0.13009347]
[-0.89228117  1.63791164  0.3866393  -2.27362654]
[ 1.21106658  0.76565498 -0.36500051  1.1167923 ]
[ 0.94050882  1.25854357  1.75345571 -0.87731568]
[ 1.19986332 -0.21225788 -0.9192303  -0.0100106 ]
[-0.94722653 -0.77780412 -0.30899757  1.03603568]
[-0.7863916   1.59273933 -1.6933976   1.00635103]
[-0.89839439 -1.71382413 -0.29097288 -1.38810979]
[ 0.93353994  0.71770835  1.8609202  -0.06905597]
[ 0.62101546 -1.03201108  1.92916587 -0.42506697]
[ 1.12323551 -0.47569142 -1.98295866 -1.53228044]
[ 1.19686274  0.17614397 -0.80143727  0.76106396]
[-0.89799255  1.2566657   0.51828928 -0.94289066]
[-0.7426373  -1.07723607  1.05734226  0.50002289]
[-0.95922003  1.34276715 -0.29703583 -0.14108059]
[ 1.16768769  0.39743575  0.83312037  0.67428183]
[-0.82247292  2.00795541  0.32465879 -4.54322551]
[-0.94729343 -0.42211647 -0.65620172  1.45556342]
[-0.63283847  0.565626    1.6560122  -0.34771396]
[ 1.06155759  0.2061811  -1.78623679  0.79052725]
[ 1.2141939  -0.17383056 -0.43176189  0.20295562]
[-0.94430217  0.41858637 -0.00570519  1.19921426]
[ 1.00770373  1.58074498 -1.47942137  1.4288627 ]
[-0.96695302  1.78791683 -0.40709641 -1.58255624]
[ 1.00316469  1.82215329  1.39067408 -1.9714629 ]
[ 1.21570323  0.81842144  0.31999334  0.84391852]
[-0.94377843 -1.38640305 -0.46720579 -0.28275429]
[-0.92848577 -1.83956609 -0.81737505 -2.6296832 ]
[ 1.06646292 -0.87954624  0.66091186 -0.92965445]
[-0.54119518 -1.8682646   1.0261372  -1.5312918 ]
[-0.94401947 -1.03600805 -1.38053637  0.26148153]
[ 0.26464671  1.55277178  1.90248087 -2.81872002]
[-0.77094297 -0.10204359  1.23084417  0.77735032]
[-0.69277465 -2.02150912  0.20393524 -2.81006822]
[-0.96849657  2.04825119 -0.72814592 -2.27802828]
[-0.79450234  2.02649428 -1.68789359 -0.15402219]
[-0.93241501  0.90271294 -0.73108123  1.20775612]
[ 1.20633313 -0.46123535 -0.61033987 -0.54826744]
[ 1.0381922  -0.25756149 -2.28296979 -0.72213607]
[ 1.1446966   2.10137368 -0.78738015  0.16366025]
[ 0.46739794  1.11836636  2.25168198 -1.53045338]
[-0.77596704 -1.71442623  0.47134649 -1.0047504 ]
[-0.93781697  1.58731013 -0.9035125  -0.0211568 ]
[-0.93675202 -0.68414283 -1.13019598  1.10301414]
[-0.81184524  0.48520047  1.07783527  0.29430691]
[ 1.20093354 -0.1619276   0.15680329  0.32465989]
[-0.84889477 -0.44826715  0.79195623  1.05608323]
[-0.95035012  1.36429257 -0.00965558 -0.5864546 ]
[ 1.01501179  0.11113926  1.54098087  0.40240994]
[-0.96211021 -1.60663929 -0.95534238 -1.45149584]
[-0.88860273 -1.51863778  0.00294419 -0.49920763]
[-0.91841887  0.20294721 -0.95129477  1.75267273]
[ 1.09848476 -0.13491325 -1.8486931  -0.09694446]
[-0.95357605  1.09490264 -0.15017623  0.3075333 ]
[ 1.09741927  1.11846259  1.29623081 -0.06857391]
[-0.83662697  0.87769067  0.93614381 -0.35460392]
[-0.4563209  -1.48720872  1.5309712  -0.35975538]
[-0.90137029 -1.11271045  0.14785691  0.52335517]
[ 1.08291496 -0.55573709 -2.34154005 -2.35412505]
[-0.94421821  1.52345522  0.05418496 -1.23779919]
[ 0.35941369 -0.64101948  2.35956269  0.08314558]
[ 1.1937863  -0.44322255 -0.01620295 -0.2409221 ]
[ 0.4692355  -1.4721435   1.68738808 -1.33433209]
[ 1.19760924  1.31957157  0.5732719   0.29927198]
[-0.92581428 -0.36381555  0.18315889  1.2897178 ]
[ 1.09766698  0.64317179 -1.37882496  1.36938216]
[-0.88236372 -0.84513708  0.43608943  0.89961109]
[-0.88807119  2.10488612 -1.2347705  -1.37549945]
[ 0.88549143 -0.36659559  1.77161237  0.1544159 ]
[ 1.11383324 -0.21572615  0.94864252  0.31448462]
[-0.9616848  -1.32018224 -1.54979876 -0.7845371 ]
[ 1.19355737 -0.51224444 -1.13909056 -1.03087497]
[ 1.2192075   0.14635279 -0.20117646  0.71311279]
[ 1.00090976 -0.72867766  1.18144666 -0.34081533]
[-0.75607617  1.03933464  1.19834115 -1.0638766 ]
[ 0.42388148  0.33323864  2.4597004  -0.27157685]
[-0.56850046 -0.65868409  1.72669347  0.53363556]
[ 1.16801168 -0.00982355 -1.23669374  0.38574802]
[-0.9324923   1.94794363 -0.09430754 -3.08980065]
[ 1.16214942  1.74253746  0.77780062 -0.71865044]
[ 1.17073849  2.21618789  0.38212603 -1.61473348]
[ 1.17488171 -0.33821816 -1.36309038 -0.55680182]
[ 1.14604648 -0.46646652  0.54945529 -0.09853325]
[-0.9528245   0.8959619  -0.28461911  0.82580846]
[-0.76512768  0.27661941 -1.85834389  1.89058761]
[-0.94813085  0.06391641 -0.30197087  1.53401857]
[-0.92585591  0.72469316  0.33412566  0.54104616]
[-0.95590703 -1.08369245 -0.61982199  0.45419077]
[ 0.58893924  0.0942361  -2.90208846  0.69245576]
[-0.93176546  1.32595005 -0.84560652  0.58313784]
[-0.81637988  1.3775653   0.85727293 -1.82929699]
[ 1.19286023 -0.69256095 -1.0798563  -1.71819407]
[ 1.10199828  0.62920925  1.27817151  0.43080986]
[-0.91968552 -1.28584626 -0.11619174  0.11599287]

Populations

0.0114405820792
0.0172109962707
0.0132558450458
0.0162634633776
0.0135506144477
0.00959073759681
0.0120967252336
0.00814829771413
0.0144768147172
0.00536002028386
0.0151300221289
0.0192916296457
0.00285623802802
0.0156024839146
0.00669368361245
0.00909270114026
0.00820521164244
0.014737585127
0.0117256522867
0.0116489591542
0.0132783953404
0.0149555039873
0.000883253235438
0.012169055415
0.00701480568785
0.00832253349454
0.0199246691009
0.0164903856132
0.00284897144641
0.00984376409929
0.00238326040349
0.0116460828792
0.0143650440177
0.00564297417414
0.00766582706377
0.00458964164837
0.00767288928616
0.00222351493398
0.00962875831116
0.00548126652032
0.00767942638062
0.00300041258624
0.00909006351976
0.0165352421668
0.00622941981454
0.0031134121474
0.00290248604063
0.0104020040815
0.00887246356579
0.0123175584003
0.0117382548889
0.0159499604923
0.0112852230344
0.0156083389564
0.0106886450669
0.00881081473802
0.0139454247043
0.0107029534424
0.0103205525369
0.0131733190837
0.00611117325289
0.0094380129034
0.00659507337032
0.0161625294202
0.00463395522125
0.0123963928435
0.00814443655309
0.0164786242274
0.0050293629621
0.00695110888231
0.0170119404406
0.0072762016562
0.0146135512215
0.00541128355346
0.0116331427143
0.0168320807259
0.00426363747662
0.0109105523556
0.0188470985181
0.00945406032914
0.00703468677165
0.00508170905611
0.00603953707153
0.0130909596588
0.00431741097172
0.00378107310846
0.0011943268901
0.0119167675458
0.0139137281261
0.0117268200581
0.0023422779531
0.0156095023466
0.0168491867406
0.0184845303172
0.000796361483317
0.00843499961688
0.0064565826597
0.00674214549893
0.00894238562102
0.0132759541228

State labels

0
1
2
3
4
5
6
7
8
9
10
11
12
13
14
15
16
17
18
19
20
21
22
23
24
25
26
27
28
29
30
31
32
33
34
35
36
37
38
39
40
41
42
43
44
45
46
47
48
49
50
51
52
53
54
55
56
57
58
59
60
61
62
63
64
65
66
67
68
69
70
71
72
73
74
75
76
77
78
79
80
81
82
83
84
85
86
87
88
89
90
91
92
93
94
95
96
97
98
99
