Cluster centers 

[ 1.29205756 -0.40961658 -0.29851019 -0.26235171]
[-0.69501808  0.81772015  1.28778999 -0.57317639]
[-0.8979156  -1.26807367 -0.86132296 -0.18644192]
[-0.88584394  0.81690391 -0.07809936  0.77291748]
[ 0.99896068 -0.38027108  1.67055183  0.12878614]
[-0.89608219  1.65681759 -0.69349906 -0.70566066]
[ 1.2708151   0.02741654 -1.0946421   0.52319792]
[-0.88416154 -0.64588566 -0.2199564   1.1553235 ]
[ 1.30592961  0.40615676  0.10362479  0.88496657]
[-0.80580481  0.04594494  0.83876718  0.95285573]
[ 0.97644116  1.85227747  1.50486632 -2.69271762]
[-0.71045464 -1.49519435  0.68502362 -0.39667792]
[ 1.25415356 -0.51013546 -1.74463628 -1.33625408]
[ 1.19561244  1.10092343  1.19286506  0.0281386 ]
[-0.79555359  1.82494406 -1.48780097  0.01786112]
[-0.85697063  2.03773091 -0.14116352 -4.47208854]
[ 0.39176123 -1.04898078  2.26007132 -0.29256199]
[-0.82362684  1.18872207  0.59955797 -0.8899127 ]
[ 0.53955521  1.51115188  2.14219612 -2.96079728]
[-0.90400927 -1.59973305 -1.13305292 -1.64153059]
[ 1.23898065  2.05628644 -0.90597062  0.29610744]
[-0.86970979  0.65537867 -0.66054286  1.42723362]
[ 1.180158    0.65648743 -1.44029588  1.41492581]
[ 1.27289434 -0.81117024 -0.71650657 -1.76546868]
[-0.64991817 -1.27083707  1.06552792  0.10031223]
[ 0.72587917  0.12890538 -3.0742596   0.78679139]
[-0.78019304  1.22093579  0.80450164 -1.27304286]
[ 1.20587064 -0.01059858 -1.70298835  0.35967184]
[-0.84142404 -1.1111874   0.14245938  0.44034635]
[ 0.45336122  0.19858386  2.50030364 -0.12452297]
[ 1.28245104 -0.66150942 -0.57096638 -1.10254554]
[-0.83285794  0.14787903 -1.04986013  1.79852938]
[-0.88461157  1.49968993 -0.71254576 -0.10811542]
[-0.77196221  0.2714437   1.04006212  0.62162336]
[-0.89619472  2.0490098  -1.0029037  -2.05650962]
[-0.11633695 -2.08068109  1.21204409 -3.06199189]
[ 1.19693995  0.52904116  1.18619429  0.49827284]
[ 0.76665271  1.30324319  2.08470102 -1.71109451]
[ 0.88717049  1.82873605 -2.14707759  1.73147875]
[ 0.91914185 -1.12415757  1.34877784 -1.08711492]
[-0.89000582 -0.82958819 -0.7225844   0.88435644]
[ 0.39126296  0.68919148  2.50478596 -0.90420958]
[ 1.23990115  2.06875563  0.59941615 -1.70602927]
[-0.79827242  0.81155574  0.85560786 -0.13137046]
[-0.87830248  1.09831408  0.14437532 -0.05911559]
[-0.86011604 -1.48071844 -0.30291885 -0.60890281]
[ 1.29030601 -0.39023633 -1.00573401 -0.48253319]
[-0.8701507   0.23052418  0.26417891  1.1702384 ]
[-0.74789209 -0.54284333  1.03908957  0.90893693]
[-0.80508767  1.54681217  0.53286181 -2.31752558]
[ 1.13362852 -0.50328549  1.08021023 -0.07111257]
[-0.89128008  1.58206357 -0.1329698  -1.34531291]
[ 1.28052414  0.75462503  0.6116914   0.71832255]
[ 1.25844958 -0.19175255  0.47025904  0.30340524]
[ 1.30773763  0.17969554 -0.28114326  0.77479168]
[-0.73837787 -1.73750213  0.28383511 -1.30557195]
[-0.82098824 -0.3988998   0.65340069  1.12207382]
[-0.87941076  1.15374592 -0.61392433  0.67245584]
[-0.90055525 -1.4343203  -1.1394184  -0.9234814 ]
[ 1.16576106  0.23810353 -1.74032532  0.91024749]
[-0.82612365 -0.81595772  0.44896686  0.87464237]
[-0.88864381  1.82245892 -0.20807173 -2.49769927]
[ 1.19949858 -0.52547917 -2.27105114 -1.838199  ]
[ 1.06568928 -0.01551423 -2.40409325  0.24753431]
[ 1.28791977 -0.18876041 -0.98758891  0.06559827]
[-0.73371844 -1.92092671 -0.13353876 -2.49060826]
[ 1.27326184 -0.44879631 -1.39305125 -0.86706883]
[-0.13653468 -0.87261074  2.31164382  0.19822504]
[ 1.2843129   1.45396053  0.54691008  0.08449664]
[-0.84195326  0.71213478  0.5810053   0.34643037]
[-0.59057691 -0.8539186   1.50288962  0.53454636]
[ 1.0655154   0.76128753  1.71385352 -0.02189001]
[-0.87056184 -0.95696397 -1.49030747  0.37074676]
[-0.33124181  1.1113724   1.96957216 -2.14611363]
[-0.86914411 -0.44477836 -0.94170656  1.41190776]
[-0.89252421 -1.10800306 -0.65897626  0.31696773]
[-0.89159382  1.35691165 -0.09417673 -0.52300306]
[-0.88295548  1.88790994 -0.99480164 -1.16446945]
[-0.84820006 -1.66259534 -0.37141339 -1.31628435]
[-0.782664    1.48065347 -1.35409043  0.83669284]
[ 1.1750614  -0.79554604  0.54376787 -0.81911317]
[-0.82770554 -1.39960899  0.08072264 -0.23662881]
[ 1.30086465 -0.1291753  -0.2121976   0.32563027]
[-0.88579773  0.35741196 -0.20054915  1.37770912]
[ 1.28615168  0.35001268 -0.76607804  1.00147988]
[ 1.12339966 -0.05676307  1.36526823  0.36621539]
[ 0.49428122 -1.52489397  1.72401414 -1.53824532]
[-0.639752    0.28833369  1.53974115  0.23346032]
[ 0.80410962 -0.9327771   1.82586985 -0.44768335]
[-0.38039162 -1.63538867  1.4739357  -0.88463045]
[ 1.16505536 -0.25153333 -2.18409393 -0.52966003]
[-0.48031843  0.82638737  1.83726066 -1.11595656]
[ 1.27585457  0.1303962   0.47832975  0.63760194]
[ 0.14735605 -0.51032978  2.5419633   0.16075967]
[ 0.67643278 -0.3350163   2.33151546  0.10619149]
[-0.64469529  0.58145389  1.51218781 -0.22978138]
[-0.87136883 -0.38751452  0.12650579  1.30287613]
[ 1.12898443  1.35886653  1.39179409 -0.67453158]
[ 1.2604177  -0.41089029  0.25621973 -0.09020193]
[ 1.30857205  0.87070137 -0.18898747  1.10712115]

Populations

0.019871719343
0.00567059320996
0.0153400979697
0.0179439443017
0.010363846344
0.0113310291711
0.0142605875489
0.0164598378565
0.0108715312901
0.00926527324925
0.0011117000681
0.0100255013016
0.0081725012427
0.006750909547
0.00540121588551
0.00113968855649
0.00552536073231
0.0119959933244
0.000982578218507
0.00718540505991
0.00352796492937
0.00954506827356
0.00715292979368
0.0054588588354
0.0122334446226
0.000913508804702
0.00821600140221
0.00921417049085
0.0222256903959
0.00416439120183
0.0123188015646
0.0118289142637
0.0149211677668
0.0100122299352
0.00747581005525
0.00104727045495
0.0129065822813
0.00341136797091
0.00130557685885
0.00471252671824
0.0149321742195
0.00347461550656
0.00292578144368
0.0101179417818
0.0175524856982
0.0150610027843
0.016142401799
0.017372331659
0.0100364269781
0.00887611733334
0.0114095827764
0.017182795235
0.012494808452
0.0161176179912
0.0159498727249
0.0122132162159
0.00879367910918
0.0149206345246
0.00852339171756
0.00685429778227
0.0154358688041
0.00867238911979
0.00838422334194
0.00302658775277
0.0196888309284
0.00909170405892
0.0115213702408
0.00259930299871
0.00685330150848
0.0136663799685
0.00665947696077
0.00975871122287
0.00756327106501
0.00162554896621
0.0141835589447
0.0176002383856
0.0183243623818
0.00745634560408
0.0123067865607
0.00425894912809
0.00927501460971
0.0161785156268
0.0225033847662
0.0181568299111
0.0115913175716
0.014505878011
0.00304018427788
0.00653227754881
0.00820647090536
0.00428306644351
0.0095012915745
0.00227573653007
0.0199828567669
0.00215909655635
0.00621294438027
0.00368502235701
0.0147553776677
0.00652673360838
0.0164328222414
0.0123052041301

State labels

0
1
2
3
4
5
6
7
8
9
10
11
12
13
14
15
16
17
18
19
20
21
22
23
24
25
26
27
28
29
30
31
32
33
34
35
36
37
38
39
40
41
42
43
44
45
46
47
48
49
50
51
52
53
54
55
56
57
58
59
60
61
62
63
64
65
66
67
68
69
70
71
72
73
74
75
76
77
78
79
80
81
82
83
84
85
86
87
88
89
90
91
92
93
94
95
96
97
98
99
