Cluster centers 

[ 1.45425001 -0.17720074 -0.02410359  0.65892751]
[-0.76838522  0.65540705 -0.77436227  1.0001577 ]
[-0.81823073 -1.23291839  0.20172951 -0.8041308 ]
[-0.59924742  0.05938341  1.35890854  0.48808967]
[ 1.33490653  0.24042741 -2.06466267 -2.30810302]
[-0.76528486  1.1964239  -0.62569553  0.26263966]
[ 1.17164876 -0.08751031  1.80163739  0.58463233]
[-0.77655052 -0.58115396  0.34898308  0.4446332 ]
[-0.84743812 -1.7064983   0.23703416 -2.84905293]
[-0.30451075  2.14385081  1.15172743 -0.87222053]
[-0.74677567 -1.13022564 -0.90378038  0.83368551]
[ 1.34816823 -0.77751023 -1.56267326  0.88196189]
[ 1.39939235 -0.03546887 -1.51636937 -0.52161283]
[-0.78050083  1.27060498 -1.17184389 -0.40482877]
[ 1.18271389  1.05728441  1.1616787  -0.32692884]
[ 1.35863421 -0.49998597  1.10596408  0.73393869]
[-0.7346986  -0.7872792   1.09752601 -0.89590031]
[-0.74317796  1.46070321 -0.36296115 -0.10996543]
[ 1.42130843  0.30956388 -1.31870516 -1.36865821]
[ 1.18752617 -1.11146702  2.00933833 -0.83071418]
[-0.82902647  1.90658178 -1.3630626  -3.50261724]
[ 1.43730502  0.4367984  -0.30797262 -0.50782408]
[-0.4225941   1.56176409  1.23232742  0.39528257]
[ 0.56894338 -0.18346517  2.7500293  -0.42312188]
[-0.70234329  0.40842944  0.51054818  1.11944301]
[ 0.70472744  0.81396971  2.31268143  0.44000646]
[ 0.88823336  1.87144587  1.45330891 -1.62061756]
[-0.61113391 -2.00059547 -1.52823798  0.08225383]
[-0.77640882 -0.65216581 -0.47980149  1.04576587]
[-0.449263    0.21752016  1.8358926   0.36688087]
[-0.84061463 -1.7315077  -0.11877774 -1.97212284]
[-0.83174354 -1.50924414  1.04327855 -4.31837487]
[-0.76932769 -0.18892554 -0.02369181  1.11577763]
[ 1.40793194 -0.22454149  0.64866175  0.80108229]
[-0.74514556  1.0228367  -0.25787046  0.73746052]
[-0.75879643  0.63181567 -1.26973541  0.82262397]
[ 1.31842895 -2.5552281  -0.8251901  -0.09432591]
[ 1.02553815 -2.24991853 -2.13531866  1.35315638]
[-0.75288771 -1.60653098 -0.85565334 -0.08725832]
[-0.35296838 -0.4209384   2.35752466 -1.42676758]
[ 1.3682996   0.17711625  0.7622964   0.55339817]
[ 0.97914871  1.70506673  1.37269503 -1.36836238]
[-0.80026825 -1.24835639  0.91343105 -2.25180731]
[-0.79955529 -0.90534078  0.12971003  0.10338251]
[-0.60167069 -0.64097965 -1.96540649  1.58939166]
[-0.75624142  0.52180156 -0.2526598   1.20261691]
[ 0.63367323  1.50852445  1.96663303 -0.05292426]
[-0.70599333  1.68729405 -0.10750388 -0.45251609]
[-0.75667962  1.78187962 -0.55528884 -1.22488451]
[-0.79738222 -1.09195725  0.71893917 -1.24175783]
[ 1.40971899  0.44496253  0.19861486 -0.06867511]
[-0.62788405  0.68613097  0.86822062  1.01516187]
[ 1.4432059   0.35019918 -0.80870505 -0.832561  ]
[ 1.42393271  0.72611693 -0.87830397 -2.27622289]
[-0.78072388 -0.78379574  0.52676399 -0.12511576]
[-0.68903737 -0.28962406  1.06718107  0.23396999]
[ 1.4484865  -0.63240074  0.3024901   0.91817491]
[-0.73543533  2.0518457  -0.48098191 -2.26284555]
[-0.68169671 -1.58698347 -1.28506991  0.54912793]
[ 1.16807346  0.52068887  1.5312882   0.50217409]
[-0.76607758 -0.32362737 -0.63610414  1.34182862]
[-0.52034726 -1.94965594 -1.85465938  0.68455222]
[ 1.41142427  0.74817802 -0.26661845 -1.3025769 ]
[ 1.45548384  0.05199838 -0.51312048  0.11492233]
[-0.64311794  1.41068111  0.40264248  0.41645869]
[ 1.22236157 -0.55505703  1.78864865  0.29953664]
[-0.80748667 -1.22601772 -0.16045487 -0.2191843 ]
[-0.61007526 -0.2910647   1.48728018 -0.16374535]
[ 1.43303367 -1.30501445  0.56439559  0.49324087]
[-0.78854776 -1.01484156 -0.41060336  0.51161476]
[ 1.37788674 -0.3471212  -1.58939074  0.16771408]
[ 1.45445699 -0.22652212 -0.73159863  0.44166246]
[-0.22382363  0.83165774  2.02935007  0.69308281]
[-0.80337369 -1.66325959 -0.46569326 -0.93415375]
[ 1.41254448  0.4390015  -1.40038724 -2.01338245]
[-0.78901339 -0.68379167  0.02090371  0.59504175]
[-0.77011916  0.96684575 -1.19948511  0.28353639]
[ 1.30505991 -1.71337689 -1.37166387  1.18667408]
[-0.79000242  1.53838249 -1.09015787 -1.12997795]
[-0.69723631  0.02446928  0.75300952  0.84605985]
[-0.71333792  0.91799728  0.1373044   0.94450486]
[-0.76632988  0.21477148 -0.35474863  1.30946242]
[-0.82563885 -1.30322554  0.40055152 -1.39251111]
[ 1.44489221  0.09481584 -0.93430366 -0.30786328]
[ 1.44722035 -0.52708495 -0.7866484   0.80442819]
[-0.75018574 -0.4910566   0.68861638  0.2555566 ]
[-0.73668209  1.28462761 -0.25288518  0.3333161 ]
[-0.61591206  2.14869953  0.2597573  -1.5483402 ]
[ 1.43470914  0.11265105  0.15736549  0.40919537]
[-0.74124771  0.14308609 -1.24365508  1.330771  ]
[-0.76192021  0.75755314 -0.47784558  0.98306343]
[ 1.0935387  -0.30250161 -2.84830895 -0.93397492]
[-0.64118729  1.01283907  0.61628027  0.92111973]
[-0.49336218  0.82689368  1.38066323  0.88759865]
[ 1.34067481 -1.13995024  1.37343301 -0.01349143]
[ 1.34965314  0.72995257  0.54041968 -0.31391303]
[-0.76413983 -1.03232535  1.07926902 -1.68035879]
[-0.71047378 -0.82846468  1.32557053 -1.3668274 ]
[ 1.45727129 -0.93628075 -0.23917325  1.03327766]
[-0.54072178  2.00197776  0.62888697 -0.73272353]

Populations

0.0180179927272
0.00861567315754
0.020063947814
0.00679217175421
0.0132379093184
0.0113751342597
0.011750013559
0.00595874783822
0.00417178851551
0.0055630411929
0.00705829503045
0.0139298822843
0.0198403998513
0.0113139642291
0.00758917588988
0.0131603401142
0.00680868456537
0.00527033632045
0.0117579735785
0.0151042353258
0.000811250238006
0.0236658060414
0.00525561484743
0.0100218070149
0.0078781943351
0.0104254137674
0.00115615170356
0.000846941350372
0.00955230617384
0.00348292649272
0.00860931984366
0.000919019263023
0.0185963671021
0.0172273171239
0.00638045047756
0.00516266539978
0.00205514582541
0.00205942583267
0.00616811410418
0.00265409745789
0.0280240299473
0.00285562364121
0.00779564970026
0.0167671998403
0.00350912937968
0.0122665621875
0.00849563529373
0.00905275361992
0.00704094030503
0.00603456355236
0.0293300554656
0.00439580403798
0.018509081509
0.00198647246601
0.0104973102901
0.00594017558951
0.0198296795102
0.00878667284776
0.00341680776934
0.0253934508048
0.00878814545828
0.000840258943095
0.025881004254
0.0299828747054
0.00786509398996
0.00567380162027
0.0140613803497
0.00748942817767
0.0138474194219
0.00815795178422
0.0174927762071
0.0200424974855
0.00521975656025
0.0155542665932
0.00595299088462
0.00850634356545
0.0123277071086
0.00585537755711
0.00839430642303
0.0105363247115
0.00751964425791
0.00505598365167
0.00620075251924
0.0276418697967
0.0157976652013
0.00615429615768
0.0114164030708
0.00444689921784
0.0118670958857
0.0089408766504
0.00749637841744
0.00792857868385
0.00443716900303
0.00480519768426
0.00739405496073
0.0097854360159
0.00346956787044
0.00259751088053
0.0185097877328
0.00582948706259

State labels

0
1
2
3
4
5
6
7
8
9
10
11
12
13
14
15
16
17
18
19
20
21
22
23
24
25
26
27
28
29
30
31
32
33
34
35
36
37
38
39
40
41
42
43
44
45
46
47
48
49
50
51
52
53
54
55
56
57
58
59
60
61
62
63
64
65
66
67
68
69
70
71
72
73
74
75
76
77
78
79
80
81
82
83
84
85
86
87
88
89
90
91
92
93
94
95
96
97
98
99
