Cluster centers 

[ 1.29893338  0.52879519  0.19217151 -0.07885628]
[-0.75665243  1.34703976 -0.2341723   0.29869936]
[-0.8661823  -1.09199807  0.30643569 -0.07478117]
[ 1.35299062 -0.61287537 -0.75089735  0.79675269]
[-0.82676959 -0.04873877  0.01216331  1.13293313]
[-0.81545567  1.46418216 -1.01982944 -1.97829248]
[-0.44999165  1.20859759  1.46102892  0.75067409]
[ 1.07315734  0.75098866  1.35307271  0.59595286]
[-0.85355876 -1.14222087  1.26914025 -1.77464124]
[-0.81429728  1.35065893 -1.01379598 -1.23336174]
[ 1.35907074  0.08444454 -0.7166544  -0.63847884]
[-0.02887282  2.41241279  1.21326634 -1.0489241 ]
[-0.81843675 -1.18300526 -0.44050754  0.76804315]
[-0.78082244 -0.28630083  1.1393725  -0.05357666]
[ 1.19654903 -0.12116866  1.40830186  0.66987012]
[-0.81763285  0.44870599 -0.55043673  1.19841703]
[ 1.30870763  0.65342502 -0.30680133 -1.70066131]
[-0.52789598  2.1351884   0.39713766 -1.00949272]
[ 0.94940818 -2.52677828 -1.59855075  1.49219822]
[ 1.28243003  0.10463229  0.70787707  0.7874955 ]
[-0.81272038  0.65316064 -1.34382869  0.32495121]
[ 1.3471339  -0.45305319  0.31550885  0.97490425]
[ 0.24982729  0.13778711  2.70399318 -0.85131114]
[ 1.36433968 -0.22194345 -0.57114251  0.3592241 ]
[ 1.24052846 -0.81163287 -1.81724912  0.00797572]
[ 1.27081322 -0.41105532 -1.86092565 -2.31669995]
[-0.8689256  -1.15902208  0.92873092 -1.1765442 ]
[-0.7704792   0.99928419 -0.07967622  0.8955386 ]
[-0.87064763 -1.11892228  0.66506502 -0.65502776]
[-0.89461787 -2.05865154  0.41022134 -2.18297482]
[-0.48312815  1.78655175  0.89766786  0.39937961]
[-0.84574689 -0.69191499  0.03754518  0.71761757]
[ 0.59026068  1.38991775  1.95316285  0.4125868 ]
[-0.57939522  0.62294294  1.50503319  0.52162741]
[ 0.95591801  1.4791215   1.03478333 -0.49358251]
[-0.80686943  1.23276139 -0.83346509 -0.29652817]
[ 1.30543933  0.67966278 -0.11469876 -1.15102395]
[ 1.33539009 -0.08948036 -1.32818009 -1.8941224 ]
[  1.35553790e+00   1.16858858e-01  -3.32445118e-01  -1.27997683e-04]
[-0.82368983 -0.3548194   0.63583406  0.43135108]
[ 1.2908645  -0.28735449  0.87741812  0.86204798]
[ 1.2716098  -2.05271246 -0.43132441  0.9996406 ]
[-0.81943548  0.85416822 -1.52896384 -0.65958914]
[-0.6718609   1.95456751 -0.11915801 -1.45081281]
[-0.72919718 -1.85413264 -0.84804858  0.55690045]
[-0.66422656 -0.93027697 -1.6733372   1.65252742]
[-0.75941464  1.54776686 -0.43997847 -0.51866397]
[-0.77744947 -0.62943698  1.44130969 -1.00091419]
[ 1.03383762 -0.94597834 -2.60059443 -1.23488978]
[ 1.35700208 -0.21965803 -0.90814453 -0.11517241]
[ 1.10860213 -0.25451527  1.86456968  0.25837492]
[-0.81582388  0.60480289 -0.85185659  0.93783637]
[-0.82885254 -0.54760758 -0.39800368  1.17691917]
[-0.75217695 -0.96630446  2.01394025 -2.82402323]
[ 0.18506551  0.60702477  2.68573538 -0.2412461 ]
[-0.85353167 -1.87450402 -0.00837951 -0.85172815]
[ 1.22627216 -2.68429341 -0.20299922  0.09590782]
[-0.80844727 -1.7242809  -0.39904347  0.06806214]
[-0.81742292  0.94570083 -1.01241909  0.18040615]
[ 1.34532366  0.37506389 -0.5499695  -1.29408154]
[ 1.13904016 -1.24382384 -1.96651369  0.88393711]
[ 0.82430445  1.90890298  1.08955358 -1.46114679]
[-0.60017365  0.27406396  1.70206099  0.03702748]
[-0.77742593  1.73364408 -0.69622018 -2.4344162 ]
[-0.673999    1.61990257  0.17929687  0.18303647]
[-0.84916822 -0.67691486  0.44257283  0.29115649]
[ 1.33816447  0.38958941 -0.25453681 -0.54483219]
[-0.74361643  0.55101588  0.61760605  0.98946843]
[-0.79998022  0.91099464 -0.45727064  0.79893652]
[ 1.31666226 -0.62602276 -1.29092248  0.3125432 ]
[-0.59405483  1.95385745  0.29507227 -0.51459843]
[-0.7971362   1.14012119 -0.58227147  0.33128305]
[-0.83912783  1.35226093 -1.32108576 -3.53064495]
[ 1.10535222 -0.86440538  2.11904978 -0.70372155]
[-0.60264196  1.22749744  0.91084184  0.88739864]
[ 1.03520806  1.1434471   1.19049252  0.18194312]
[-0.7230564  -0.02863573  1.34247916  0.04747557]
[ 1.36228448 -0.51486945 -0.11793701  0.96932317]
[ 1.31236604 -0.42314376 -1.45788363 -0.5869699 ]
[ 1.32025962 -0.924219    0.83984717  0.69982532]
[ 1.3503206  -0.06285395  0.02176818  0.63569628]
[ 1.35179225 -1.0834471   0.30840244  0.99050966]
[ 1.2897824  -1.07089802 -1.18979585  1.05848342]
[ 1.34370906  0.31210753 -0.85099246 -2.30103985]
[-0.88102324 -1.43655985  0.44949524 -0.8660723 ]
[-0.79509853  0.07094297  0.56288431  0.84852402]
[ 1.2744379   0.41621883  0.55391257  0.45928501]
[ 1.08697544  0.32187776  1.62896186  0.65376152]
[ 0.98745661  0.31434676  1.96560991  0.47810912]
[-0.76317185 -1.19397544 -0.91016404  1.21196783]
[-0.70437219  0.23206464  1.21736087  0.44196125]
[-0.70842744  1.08208388  0.41554366  0.93769283]
[-0.80807655  0.55062425 -0.25824936  1.17569538]
[ 1.2363729   0.89598796  0.38603496 -0.55868016]
[ 1.35387855 -1.01861656 -0.17901543  1.16511577]
[ 1.34173355 -0.09958195 -1.24035906 -1.42896127]
[-0.85436969 -0.83330771  0.65429112 -0.18808958]
[-0.79743235 -0.123432   -1.05692234  1.36448442]
[-0.88567357 -1.48945385  1.1354886  -2.34396158]
[-0.85509015 -1.27568861 -0.00800166  0.11294531]

Populations

0.0392999366662
0.00536860055404
0.00711472489057
0.020718760957
0.0105657188234
0.00462907160183
0.00351858416117
0.0208835389132
0.0050749432209
0.00764784904785
0.0300979685634
0.00280389320553
0.00619197510954
0.00262686146149
0.0113688118099
0.00629246494093
0.00887013116414
0.00770938672054
0.00294805906747
0.0327274282251
0.00795761228625
0.0264610061846
0.00654684735126
0.0291317323701
0.00628765346307
0.0175388714845
0.00719970988733
0.00643855155768
0.00961386320419
0.00790525553434
0.00253677217225
0.0103838302547
0.0206343349995
0.00350883471499
0.0044521827922
0.00804005590749
0.0150232744871
0.00870981859474
0.0240120351178
0.00630804322932
0.0134763601026
0.00297475026747
0.00803913600468
0.00355553478294
0.00259180297021
0.00269501763676
0.0075765181945
0.00606208907303
0.00883427317766
0.0417618190974
0.0121153519483
0.0117360107619
0.010545083288
0.000886635299328
0.00817992363517
0.0115706098968
0.00310947176891
0.00442694347525
0.00799801005946
0.0150354033543
0.00609658627584
0.0033057243536
0.00289522964997
0.00361168129718
0.00363390601533
0.0108199955044
0.0198157065834
0.0081414341209
0.00472074165911
0.011799477267
0.00175991655122
0.00977416181964
0.00163681448293
0.013089156862
0.00181381737365
0.01976667198
0.00177929385018
0.0171974499612
0.0212408764352
0.0155637221197
0.026181635585
0.00305477793695
0.0146334850702
0.00293339672975
0.00610469400797
0.00468068909451
0.0209852365374
0.00784609290488
0.00603312689216
0.0045109387954
0.00695007147382
0.00514965850125
0.00335298512453
0.00530293699411
0.0121922102278
0.0175635647637
0.00438015242504
0.0105753968515
0.00435683511941
0.00643001130961

State labels

0
1
2
3
4
5
6
7
8
9
10
11
12
13
14
15
16
17
18
19
20
21
22
23
24
25
26
27
28
29
30
31
32
33
34
35
36
37
38
39
40
41
42
43
44
45
46
47
48
49
50
51
52
53
54
55
56
57
58
59
60
61
62
63
64
65
66
67
68
69
70
71
72
73
74
75
76
77
78
79
80
81
82
83
84
85
86
87
88
89
90
91
92
93
94
95
96
97
98
99
