Cluster centers 

[-0.86707401  1.59267802 -1.3824623   0.75496203]
[ 1.13769014 -0.38192006  0.493335    0.04158082]
[-0.94390975 -0.93635558 -0.02618242  0.83309725]
[-0.98698171  1.7735633  -0.61871131 -0.95063939]
[ 1.02330673 -0.14775324 -2.17636235 -0.39449162]
[-0.66686582 -1.73344202  0.88636391 -0.95819049]
[-0.87373758  0.06519843  0.8394832   0.91169485]
[ 1.19618464  1.06748833  0.22707429  0.82776881]
[ 0.31654695 -0.524731    2.42702456  0.07678597]
[ 1.19357935 -0.06111425 -0.34137725  0.42629666]
[-0.92847195 -0.54595455 -1.43250788  1.2644002 ]
[-0.98651048 -1.70224304 -1.26165041 -2.5736223 ]
[-0.93873778  1.0353185   0.40398392 -0.15425265]
[-0.95653888  1.73649566  0.09852088 -2.07305303]
[ 1.18531358  0.06547498  0.22471019  0.61931433]
[ 1.12397355  1.55757516  0.94395014 -0.46481807]
[-0.98418689 -1.4184608  -1.01779894 -0.76919063]
[ 1.07379452  0.03118559 -1.71128014  0.36120901]
[ 1.01860465  0.15336431  1.47321141  0.41408066]
[ 1.17314792 -0.62446925 -0.99147486 -1.4680555 ]
[-0.9016168  -1.81094736 -0.37015665 -2.00545088]
[-0.97531253  1.13655394 -0.21985948  0.33830956]
[ 0.93322512  0.61828772 -1.88660855  1.30099034]
[-0.96795926  0.49403934 -0.10853642  1.2162765 ]
[-0.90956916 -0.37584613  0.52481487  1.16841562]
[-0.68049406 -0.8358781   1.42705665  0.59031068]
[ 1.19531707  0.28858216 -0.23510596  0.87878114]
[ 0.82610564 -0.19901525  1.92607748  0.17645434]
[-0.9661021  -0.4842451  -0.6821338   1.40287956]
[-0.98067702  1.66370285 -0.64033038 -0.52091866]
[ 0.98176762 -0.94290584  0.92169917 -0.88753402]
[-0.91211952  2.01639793  0.14201234 -3.79094511]
[ 1.08572906  2.47911721 -1.08533206 -0.2573137 ]
[ 1.18264179 -0.4993981  -0.60217989 -0.70520794]
[-0.51788265 -1.41154466  1.51633049 -0.13690676]
[-0.94271805 -0.93413547 -1.68956112  0.30867528]
[-0.89858797  0.51305871  0.72343178  0.52183203]
[ 1.18462959 -0.30172136 -0.15872196  0.00777824]
[ 1.04339144  0.76813521  1.45473865  0.1953099 ]
[-0.98795802 -1.36044598 -1.62795266 -1.14566227]
[ 0.61502057  0.49091037  2.3424245  -0.36214127]
[-0.77101195 -1.43140481  0.79228897 -0.09532483]
[-0.90417325  1.16693249  0.622915   -0.7684119 ]
[-0.9885617   2.10404197 -0.55568057 -2.63980199]
[ 1.02512953 -0.47852002 -2.77555037 -3.0597363 ]
[ 0.53858322 -1.10783571  1.98911712 -0.47298288]
[-0.94929526  0.33228013  0.27063571  1.07835655]
[-0.90754106 -1.40683327  0.04500482 -0.15288645]
[ 1.11319069 -0.4634419  -1.90287338 -1.6464706 ]
[-0.97893502  2.13386466 -1.03181271 -1.70018064]
[-0.86412665 -1.0404798   0.57190983  0.63947457]
[ 0.90474789 -0.8756401   1.35009183 -0.48828769]
[-0.27649255 -1.99539159  1.08822002 -2.47759106]
[ 1.17481042 -0.23409605 -0.94889686 -0.11254113]
[ 1.14293273 -0.75990133 -0.04800264 -1.12807059]
[-0.93840329 -1.58728137 -0.40152692 -0.96891055]
[-0.96136473  0.47561701 -0.53216421  1.50859871]
[-0.96086619  1.54036106 -0.82998994  0.12937233]
[ 1.13141327  0.55813109  0.99043034  0.58991717]
[ 1.14651538  0.10203954  0.73875827  0.59976205]
[-0.73140323  0.46307468  1.44261731 -0.0264714 ]
[ 1.17486286 -0.00293261 -0.85343761  0.45071021]
[ 0.47748316  1.41297838  1.99764422 -2.10559578]
[ 0.29031979  0.10004425 -3.09158812  0.88022846]
[-0.95471135 -0.55671403 -0.04494387  1.26216227]
[-0.97308132  1.55769352 -0.03751352 -1.10898691]
[ 1.13476511  0.29993329 -1.12475423  0.95453211]
[-0.89448593  2.06238687 -1.42784405 -0.54588143]
[ 1.18874906  0.86461027 -0.3013845   1.14469258]
[-0.74762063  1.02228891  1.26742852 -1.10422888]
[-0.58730558 -0.08128567  1.82905673  0.36054163]
[-0.83120011 -0.41221834  0.99128653  0.95968163]
[-0.78795802 -2.00291666 -0.02054194 -2.94775105]
[-0.87103534 -1.61450466  0.11656518 -0.76971125]
[-0.96876867 -1.28375436 -0.61336858 -0.05867817]
[ 0.94119015  1.0475569   1.75349306 -0.48937802]
[-0.9741735   0.93838441 -0.26852082  0.77313792]
[ 1.18497918  0.67751368  0.49082345  0.81797234]
[-0.88355452  0.51100478 -1.31720865  1.84004874]
[-0.99004331  1.82460864 -0.41384254 -1.5256538 ]
[ 1.18634033  1.5791808   0.2996586   0.19695891]
[-0.97503306 -0.92156125 -0.78585899  0.75659997]
[-0.97237177  1.36083344 -0.01753005 -0.49113888]
[ 1.0794622   1.96098694  1.00050974 -1.66001381]
[ -6.81115573e-05  -1.72539434e+00   1.61031837e+00  -1.45021325e+00]
[-0.95576115 -1.1245733  -0.27976665  0.46065598]
[-0.98194781 -1.58571922 -1.01668886 -1.50273806]
[-0.97323555 -1.10003332 -1.36152368  0.06579545]
[-0.96307722  1.03642556 -0.62044231  0.95739117]
[ 1.15125265 -0.35642127 -1.40407624 -0.74460893]
[-0.9487826  -0.11736426 -0.8970537   1.71610067]
[-0.95801082  0.87303979  0.20238178  0.41122995]
[ 1.10701902  1.07378284 -1.01896662  1.4382584 ]
[ 1.16297439 -0.51801296  0.01203052 -0.40261467]
[-0.91926386  1.40933568  0.4811249  -1.35851378]
[-0.84094468  1.56708082  0.76086103 -2.41872144]
[-0.86890921  0.73384767  0.88635903 -0.01007206]
[-0.95944787 -0.07706611 -0.01347508  1.4252033 ]
[ 1.01472873 -0.41348461  1.25372325  0.13903638]
[-0.98070111  1.36466686 -0.29191467 -0.12983205]

Populations

0.00431593887487
0.019732762175
0.0162974413619
0.00797859083629
0.00964119689382
0.00895816378708
0.0103838836991
0.00524693327046
0.00757685617629
0.017980642129
0.00661485163591
0.00282971231977
0.0112415023904
0.00796815020021
0.0198501392052
0.00553110555024
0.00885940111185
0.0127898269591
0.0111370936219
0.00969499964095
0.0100641688259
0.0103761319359
0.00457704864461
0.0102040218695
0.0149032638829
0.00751364574207
0.0161613827774
0.00909189077455
0.012836017445
0.0084052361199
0.00767319521509
0.00224634916924
0.00276853775042
0.0156036111358
0.00627649353927
0.00359306095744
0.0121521051665
0.0181552883759
0.00979242020611
0.00231323881107
0.00613218347438
0.0116600807527
0.0118500588051
0.00744519257199
0.00220730050104
0.00946130468985
0.0147148109323
0.0169757130819
0.0125233260878
0.00545872734637
0.0174666399553
0.00832236054897
0.00176643635476
0.0212370665237
0.00807104894838
0.0141323149001
0.010137102694
0.00990376865634
0.010835287324
0.0168712635088
0.00892060365813
0.0169624403088
0.00414577741619
0.000502003816815
0.0156812475768
0.0101626965478
0.0116409416634
0.00488985752701
0.00922130322145
0.00910297100777
0.00529823503266
0.00917755553516
0.00467432509144
0.0114307210935
0.0207443353242
0.00652257396977
0.00931352826742
0.0119604605732
0.00604088533666
0.00791353272427
0.00459055773157
0.0154576049983
0.0141909771989
0.00397741324382
0.00399881813664
0.0171500460239
0.00694683793696
0.00654636357396
0.00971456320794
0.0160397310056
0.00924890375196
0.0138064176046
0.0066114460958
0.0127012807215
0.0108534801855
0.00604942923664
0.010515870256
0.0149711023669
0.0148210330649
0.0109938401244

State labels

0
1
2
3
4
5
6
7
8
9
10
11
12
13
14
15
16
17
18
19
20
21
22
23
24
25
26
27
28
29
30
31
32
33
34
35
36
37
38
39
40
41
42
43
44
45
46
47
48
49
50
51
52
53
54
55
56
57
58
59
60
61
62
63
64
65
66
67
68
69
70
71
72
73
74
75
76
77
78
79
80
81
82
83
84
85
86
87
88
89
90
91
92
93
94
95
96
97
98
99
