Cluster centers 

[-0.73318323 -0.73341744  0.55081615  0.84055403]
[ 1.44314395 -0.15105441  0.26263023  0.29319315]
[-0.75625132  1.11728302  0.42741658 -0.51657396]
[-0.79654308 -1.25527817 -0.95239057 -0.21666872]
[-0.74511474  1.11557453 -0.77084987  0.94623635]
[-0.76612546  1.94012491 -1.28152967 -1.21237714]
[ 1.46752716 -0.42109722 -0.99392382 -0.4783739 ]
[ 0.85642639 -1.09546495  1.7399598  -1.03104535]
[ 0.7358986  -0.16900388  2.463113   -0.12286871]
[-0.62412644 -1.20394862  0.89911916  0.03375597]
[-0.78529938  1.32109762 -0.48042908  0.04837666]
[ 1.45577453  0.16335324  0.37137803  0.65138571]
[-0.66038915  0.44135783 -1.20772614  1.92730904]
[ 1.47968128  0.32393695 -0.35986346  0.98026064]
[-0.73418964 -1.37247455  0.05559541 -0.34864678]
[-0.77740436  0.29927258  0.18707171  1.20864093]
[-0.7830439  -0.76200993 -0.23309866  0.96929932]
[ 1.25094114  1.29053839  1.44663103 -0.68754537]
[-0.80593843  1.90201451 -0.79440919 -2.10252988]
[-0.35305256  0.73880427  1.95324614 -1.02883606]
[ 1.43430595 -0.78507771 -0.87728158 -1.73680374]
[-0.71143212 -1.76200254 -0.47028271 -2.0993074 ]
[-0.77375917  1.40975259  0.10372823 -1.14005405]
[-0.5916569  -0.3942054   1.43134456  0.65958775]
[ 1.39256139  1.0525711   1.02971776  0.19273801]
[-0.76304767  0.38574829  0.50763405  0.88150655]
[ 1.37351242 -0.73888713  0.19149384 -0.97714689]
[-0.74599918  0.02353985 -0.70835549  1.73297319]
[-0.73614107  1.57304391 -1.10977431  0.13914008]
[-0.7824602   0.71767668  0.07019115  0.81267868]
[ 1.36521928 -0.4610339  -2.5258109  -1.3147319 ]
[-0.34708402 -1.70320859  1.15163495 -1.51361061]
[ 1.38438248  0.5634305  -1.27471136  1.41096519]
[-0.68212726  1.97668745 -0.12113816 -4.48816805]
[-0.76506238 -0.97677042 -1.33153308  0.46114786]
[ 1.46151676 -0.1503921  -1.06332796  0.25310874]
[-0.76668542  0.66108123 -0.39597567  1.30518285]
[-0.79151305  1.34446161 -0.1490735  -0.50296584]
[-0.72057702  1.53610869  0.35030559 -2.15550205]
[ 1.41536196  2.07733092 -0.79645726  0.12428781]
[-0.64076795  1.83935262 -1.68052327  0.14439207]
[-0.59058243 -1.56568127  0.63428495 -0.93733423]
[ 1.43869428  1.61698099 -0.73044187  1.02231484]
[ 1.39430819 -0.15874205 -1.75884234  0.16607989]
[-0.60395952  0.77695224  1.31719048 -0.5459599 ]
[-0.79574501  1.65519515 -0.32371516 -1.59004864]
[ 1.41184507 -0.46819985  0.24683307 -0.28425466]
[ 1.4370852  -0.64466507 -0.4021574  -0.95112347]
[ 0.10584776 -1.47182271  1.80329018 -1.18836675]
[ 0.65738583  0.85864556  2.41684549 -1.17338147]
[ 1.47006808 -0.23230558 -0.33664578  0.13277329]
[-0.72865234 -0.13911566  0.78450787  1.00421074]
[ 1.11681571  1.89353977  1.12267554 -2.3918193 ]
[ 1.38270242  0.20130974  0.98905034  0.48934137]
[-0.78665494  1.61063858 -0.74715712 -0.60395027]
[-0.77696754  1.04246902  0.2281998  -0.04729057]
[ 1.48065632  0.3490417   0.02350911  0.88676217]
[ 1.48310116  0.81726306  0.0062242   1.06771527]
[-0.73282662 -1.10566468  0.31655845  0.30812472]
[ 1.27959552  0.62431339  1.54499852  0.20066177]
[-0.78712323 -1.14824199 -0.51631297  0.19155425]
[-0.63825131  0.35200416  1.30703029  0.27310751]
[-0.77742439 -0.40734315 -0.38371785  1.41782696]
[ 1.19418044 -0.88366001  1.01389443 -0.96530013]
[-0.76121878 -0.60798009 -0.87102724  1.24551212]
[-0.57402181  1.06243735  1.26243548 -1.35636046]
[-0.43285686 -0.93684212  1.68497477  0.1450382 ]
[-0.78317875  0.94991668  0.10272824  0.32555745]
[-0.77419666  1.05741357 -0.465678    0.72523408]
[-0.66578615 -1.37190005  0.53626767 -0.3210164 ]
[ 1.44509473  0.94238448  0.67962209  0.54931857]
[-0.80288795 -1.64160306 -1.3428525  -2.08338571]
[ 1.18905902 -0.36528614  1.52437995 -0.02648249]
[-0.6255002   1.47924696 -1.45123411  0.9666279 ]
[-0.80238015  1.93323893 -0.61174191 -2.80022067]
[-0.77787706 -0.13977338  0.11970454  1.35429952]
[-0.69790574  0.11941169  1.03192922  0.74172943]
[-0.78304439 -0.96052577 -0.38920278  0.63441576]
[-0.77849433 -1.42426843 -0.55547636 -0.65159239]
[-0.03303153 -1.95734244  1.01197349 -3.13991282]
[-0.78804445 -1.35509126 -1.52150092 -0.86213094]
[ 1.42156578 -0.34619829 -1.7871625  -0.47165072]
[ 0.88318963 -0.83004357  1.94223549 -0.52985946]
[ 1.46254327 -0.58473325 -1.02880868 -1.04131954]
[-0.73138372  0.73705944  0.73109183  0.12915428]
[-0.66717895 -0.71347745  1.00649867  0.70116295]
[ 1.31677643  0.14000125 -1.80932678  0.96399405]
[-0.73750415 -1.60002307 -0.30246266 -1.23144287]
[ 1.46075931 -0.41306598 -0.40239912 -0.29541202]
[ 1.45249303 -0.49765989 -1.56407361 -0.9679717 ]
[ 0.84742347  0.36487599  2.42184833 -0.2919046 ]
[ 1.26206878 -0.60179432  1.03954291 -0.39250574]
[-0.70079966  1.17643345  0.73578363 -1.11346021]
[-0.77609487  0.17195189 -0.19929311  1.51575732]
[-0.77088054 -0.53974532  0.17168256  1.14107799]
[ 1.47184968  0.12902508 -0.6763862   0.79912841]
[ 1.35828082 -0.25208527  0.87144906  0.13290695]
[ 1.19298807  0.14313843  1.75102775  0.20151289]
[-0.3740028   0.16508147  2.04102164 -0.07195693]
[ 0.4151042  -0.79336891  2.4206283  -0.32895712]

Populations

0.0131603146989
0.0185462899546
0.0106516068967
0.0109338570678
0.00586541013389
0.00767140953396
0.0186119186394
0.00627592315679
0.00779988001284
0.0115153791422
0.0138019325171
0.0248645376349
0.00590943682496
0.0106541825577
0.0129406881433
0.00965916613984
0.0118577650712
0.0122382661835
0.00669646539123
0.00156868608323
0.0065038825612
0.0108698408642
0.0113068961523
0.00769079103415
0.00857986547823
0.0105036762335
0.0059419993501
0.00999616619258
0.00725077289971
0.0091454593298
0.0121715591645
0.00405645944892
0.0121722150631
0.00146221782834
0.009907749487
0.028531389103
0.00882021096794
0.0151127039499
0.0104823272409
0.00475025638852
0.00305784751131
0.00862259436977
0.00377980881952
0.0131154722791
0.00885258062257
0.00935059736988
0.0167281656408
0.00978765306418
0.00386235446561
0.00559001751742
0.0221008043275
0.0132650004619
0.00416906715726
0.0207709297655
0.0130019901867
0.00778965095049
0.0115801031941
0.0112702142401
0.0154181485757
0.010884089412
0.0172791911195
0.00752674772852
0.00858637052899
0.00653954751155
0.0115931675241
0.00366074796842
0.00529416035722
0.0117156097628
0.010302959446
0.0064814714532
0.0135571824249
0.00530322288737
0.0115896396873
0.00273075395953
0.00363680268797
0.0105029997105
0.00892518185278
0.0134181787247
0.0138730731041
0.000835105838919
0.00728477025539
0.0111857288264
0.00737339943817
0.00795651528762
0.0123369468189
0.0088059876479
0.00918615742374
0.0149787813871
0.0151042227657
0.00999266560722
0.00530076274704
0.00924406516895
0.00722575686231
0.00938296583332
0.0111075216837
0.0173635351045
0.012839354576
0.0113312406078
0.00394723048538
0.00522363274129

State labels

0
1
2
3
4
5
6
7
8
9
10
11
12
13
14
15
16
17
18
19
20
21
22
23
24
25
26
27
28
29
30
31
32
33
34
35
36
37
38
39
40
41
42
43
44
45
46
47
48
49
50
51
52
53
54
55
56
57
58
59
60
61
62
63
64
65
66
67
68
69
70
71
72
73
74
75
76
77
78
79
80
81
82
83
84
85
86
87
88
89
90
91
92
93
94
95
96
97
98
99
