Cluster centers 

[-0.76432616 -0.86887713 -0.24329715  0.77269537]
[ 1.50955706 -0.2082851  -0.81001419  0.1220919 ]
[-0.77414145  1.34257927 -0.13219583 -0.47628047]
[ 0.76987977  0.16321732  2.51473451 -0.2658027 ]
[ 1.50146975  0.02568007  0.12055639  0.55670778]
[-0.58362468 -1.45648802  0.70026512 -0.63779044]
[-0.76021084  0.53882967 -0.1216246   1.23831355]
[-0.77740862  1.6278075  -0.59998862 -0.85643911]
[-0.77670588 -1.19604925 -0.89477402 -0.07393611]
[ 0.50933817 -1.32133847  1.91973939 -1.23259454]
[-0.63402295  0.16052218  1.28774352  0.50031174]
[ 1.42232045 -0.65758364  0.14353562 -0.7786911 ]
[-0.68121096  1.16014328  0.76682427 -1.08773712]
[-0.78915988  1.91529134 -0.81512639 -2.01653291]
[-0.74977448  0.80941411  0.38843588  0.34155645]
[-0.657937    0.32073671 -1.07800391  1.89916558]
[ 1.3299877   0.64669077  1.48116554  0.2084317 ]
[-0.72343587 -1.69220715 -0.64512069 -1.95558119]
[ 1.46859675 -0.79326687 -0.92023827 -1.84693165]
[-0.72185214  1.25503973 -0.82972121  0.75585118]
[-0.70345926 -0.6543669   0.70641841  0.85616726]
[ 1.14375516  1.88939978  1.11167635 -2.37949315]
[ 0.67831006  0.84000499  2.42010018 -1.19385702]
[ 1.40723206  0.76217283 -1.23052745  1.57259337]
[-0.74750712 -0.96599532 -1.292975    0.44607011]
[-0.79214464  2.04639762 -0.9244323  -2.72527273]
[ 1.51620816  0.63599845  0.17528035  0.98128989]
[-0.76623584 -1.15822687 -0.41338663  0.13545218]
[-0.34468279  0.72116517  1.94549301 -1.02051657]
[-0.6011306  -1.08892327  1.0131184   0.19998053]
[ 1.28751502 -0.39111365  1.26431727 -0.06690533]
[-0.68635825  1.72491121 -1.32677057  0.05903982]
[-0.74316085  0.13397731  0.53133559  1.06192839]
[ 1.38293572 -0.26428971 -2.34384894 -0.3904955 ]
[ 1.36488492 -0.56969284  0.6995105  -0.40970692]
[ 1.40965348 -0.451146   -2.57645363 -1.42130128]
[-0.69135041  1.53331849  0.41408595 -2.21301859]
[-0.77002174  1.65141607 -0.17487014 -1.77754788]
[-0.58280221  1.59305986 -1.54619892  0.87373076]
[ 1.49540022 -0.45662204 -1.42822592 -0.80664563]
[ 1.47532565 -0.37298616  0.03191352 -0.13457327]
[-0.12748161 -1.48154812  1.7249442  -0.99800207]
[ 1.29727217  1.30747568  1.3901902  -0.67412162]
[-0.66888299  2.00343493 -0.17412947 -4.44922112]
[ 0.88525618 -0.93263379  1.89520453 -0.71641223]
[-0.73632307  1.97852526 -1.34654206 -1.13661397]
[ 1.487005    1.75757638 -0.40374417  0.45222548]
[-0.57779433  0.7611126   1.36039941 -0.57715748]
[-0.76299266  1.038893    0.15481909  0.07391106]
[-0.7243705  -1.10982819  0.22395138  0.27779586]
[ 1.40863937  0.10028858  1.00846285  0.43913656]
[ 1.33615921 -0.02002162 -2.09288005  0.55639663]
[-0.74091384 -0.51566213 -0.75996771  1.34714462]
[-0.76072026  0.21975766  0.10905592  1.30660022]
[ 1.21429777 -0.88356486  1.03050911 -0.96540606]
[ 1.50853581 -0.19947176 -0.35343732  0.19205619]
[-0.5199868  -0.52994782  1.61108233  0.5170522 ]
[ 1.48749929 -0.09106235 -1.22995322  0.37245978]
[-0.70641347 -1.13184673 -2.34589308 -0.64542174]
[ 1.46126299  1.01569292  0.83130818  0.39286139]
[-0.78871476 -1.61182298 -1.49933936 -2.24012286]
[-0.69593553  0.0992201   0.9560749   0.79362589]
[-0.73393363  0.54680396 -0.49585633  1.5235313 ]
[-0.75113733  0.97040738 -0.43786526  0.90890908]
[ 1.1071731  -0.56853424  1.72918916 -0.26373975]
[ 1.50309189 -0.42338651 -0.79269062 -0.44676763]
[-0.75569503 -0.48708295  0.12824337  1.17642617]
[ 1.20313193  0.07929706  1.79745788  0.15550014]
[-0.76013956  0.62258115  0.23337602  0.81745009]
[ 1.44957651 -0.73456827 -0.32149033 -1.23247912]
[ 1.51151868  0.28006473 -0.51608575  0.9747944 ]
[-0.65713818  0.55254475  1.12053867  0.10299965]
[-0.75513463  1.39745259  0.14512138 -1.11520464]
[-0.76190584  1.6082514  -0.79712098 -0.42072844]
[-0.712652   -1.57502423 -0.24638812 -1.1991435 ]
[-0.34066056  0.14483094  2.07531558 -0.10278007]
[-0.41219417 -0.99881249  1.68116204  0.10680181]
[-0.38780994 -1.66284616  1.01880117 -1.40402247]
[-0.75054502 -0.05763441 -0.34944346  1.58920618]
[ 1.4155353   0.24620644 -1.50069008  1.11789087]
[-0.76687963 -0.91098426 -0.67402523  0.68958632]
[-0.75677001 -0.91948266 -0.03905954  0.66515388]
[-0.64304467 -1.23977136  0.6764275  -0.04673813]
[ 1.44266605 -0.17633796  0.59284028  0.24409375]
[-0.76559152  1.34084309 -0.48597134  0.04978602]
[-0.71756913 -0.86058417  0.47185574  0.6891088 ]
[-0.73511492  1.0784544   0.48490485 -0.4575373 ]
[ 1.49000046 -0.69333274 -1.71406582 -2.04054108]
[-0.48374102 -1.8792847   0.15076475 -2.6668376 ]
[-0.64696787 -0.51298157  1.11734237  0.75561658]
[-0.56164135  1.0393072   1.26596973 -1.28553017]
[-0.72454881 -1.37729253 -0.05750444 -0.43660652]
[-0.77808678 -1.39989791 -0.92413827 -0.79408585]
[-0.77411465 -1.26685134 -1.46872009 -0.57027606]
[ 1.49466846  1.22174137 -0.43471695  1.11717134]
[ 1.47110684 -0.27997932 -1.6412455  -0.24860745]
[ 1.49597928 -0.59119954 -0.99575899 -1.08988438]
[-0.71458558 -0.19591129  0.78144465  1.01649254]
[ 0.57311282 -0.57505822  2.46503945 -0.20886256]
[ 1.48507694  0.29883627  0.54054268  0.70501638]

Populations

0.00876032302172
0.0187403411774
0.0158915767478
0.00673205803402
0.0220482379941
0.00906290246063
0.00664048234319
0.0104547290959
0.0122517162155
0.00429462233516
0.00677971487972
0.00827473756125
0.00756015559029
0.00664859325724
0.0132708047527
0.00877163193292
0.0116297490208
0.00907179693683
0.00299692713891
0.00722270275952
0.00821167095544
0.00397637617631
0.00586603032206
0.00692108599155
0.00884556308054
0.00401883265682
0.0133515267757
0.0156718606075
0.00167685540724
0.0087432885574
0.0105955359782
0.00712914465997
0.00951688185642
0.00781257768056
0.00861274336376
0.00995836381105
0.00901413716634
0.00964312182531
0.00255256478718
0.0129358740399
0.0188697698742
0.00291649784128
0.01169611904
0.00110259519253
0.00689461830797
0.00736598628267
0.00558049005476
0.00790432825832
0.0128272346764
0.0122678209635
0.0176208951072
0.00803421071149
0.0163788685298
0.0129011592293
0.00824287739631
0.0182522295657
0.00553562666252
0.0167323758148
0.000824874822608
0.0160115441628
0.00481759016057
0.00855547546848
0.0074809686613
0.0125221634209
0.00845130478399
0.021392792313
0.0203054649967
0.0136889010316
0.0132297582811
0.00799953473887
0.0214128796096
0.0109660319013
0.0124125514548
0.00871311754649
0.0156483470036
0.0038841444334
0.00462564053676
0.00593490278529
0.0134012078354
0.0116624946124
0.011302358906
0.00911668396596
0.00914783531958
0.0165723353252
0.0141828872115
0.00985460328207
0.0120505764741
0.00339677717979
0.00492537071794
0.00817833615058
0.0035752695803
0.0175593578675
0.0137654948297
0.00512275554036
0.00739713800599
0.0116290405727
0.00800359827931
0.00965236606839
0.00840737112891
0.0189366105699

State labels

0
1
2
3
4
5
6
7
8
9
10
11
12
13
14
15
16
17
18
19
20
21
22
23
24
25
26
27
28
29
30
31
32
33
34
35
36
37
38
39
40
41
42
43
44
45
46
47
48
49
50
51
52
53
54
55
56
57
58
59
60
61
62
63
64
65
66
67
68
69
70
71
72
73
74
75
76
77
78
79
80
81
82
83
84
85
86
87
88
89
90
91
92
93
94
95
96
97
98
99
