Cluster centers 

[-0.79129263 -1.91367731  0.05348887 -2.67186396]
[ 1.16719417  0.40860696  0.8152077   0.72190927]
[-0.96068557  1.3686227  -0.13916108 -0.33633823]
[-0.9233319   0.5447978   0.3610981   0.75451937]
[-0.89881971 -1.25431096  0.09349262  0.22345729]
[ 1.15613613 -0.47521677 -1.70001537 -1.71764099]
[ 1.18840309 -0.25101785 -1.0680464  -0.24271057]
[-0.93808618  1.92980049  0.13165863 -2.76336986]
[ 0.60696814 -1.42145718  1.59778835 -1.47757349]
[-0.94997774  0.33339488 -0.14513809  1.30425715]
[ 0.72925736 -0.09469536  2.16348931  0.2063425 ]
[ 1.19150755 -0.09424803 -0.95320839  0.23084038]
[-0.96536558 -1.41922123 -0.90666929 -0.80146417]
[ 0.88946043  1.35197527 -1.81187306  1.7143586 ]
[-0.94746436 -1.05065113 -1.51462719  0.06360766]
[ 0.9497729   0.75986127  1.80468071 -0.01722264]
[ 1.20634503 -0.14029009  0.00636839  0.35911185]
[-0.87453374 -0.49905086  0.60333693  1.10791019]
[-0.66068997 -1.71473016  0.90364557 -0.97740414]
[ 1.19493167  1.60042488  0.51361474 -0.0159758 ]
[-0.96930267  1.79936833 -0.27501981 -1.52176714]
[ 1.1738613   0.19948199 -1.04225953  0.79251942]
[-0.88232675  0.6924611   0.72055457  0.24393896]
[ 0.83144053  1.77070298  1.87951307 -2.36040842]
[ 1.16688958 -0.64790731  0.07100576 -0.76809613]
[ 1.01340941 -0.2847082   1.39487052  0.29134639]
[-0.95662021 -1.07947758 -0.61129498  0.45186515]
[-0.56679032  1.08572468  1.69712173 -1.53599459]
[-0.46267221 -1.3732137   1.58355347 -0.08894327]
[-0.92903465  2.0387673  -1.22122851 -0.87340775]
[-0.96824781 -1.31242631 -1.55693756 -0.99087844]
[ 1.14554521 -0.3622386   0.60489102  0.12451655]
[-0.95576981  1.28066574 -0.55928315  0.35662828]
[ 1.08757734  0.51885993  1.31267155  0.4705489 ]
[-0.88256737  0.1916288  -1.30077621  1.81767405]
[ 1.17745807  2.13755883 -0.60407698  0.08781335]
[-0.89192669  1.04837994  0.62653592 -0.38666041]
[-0.97169002 -1.66308342 -1.17721105 -2.6409208 ]
[-0.88133268 -1.51453108  0.05513063 -0.53259648]
[ 1.07621607  0.20518287 -1.74468035  0.75571095]
[ 1.17087354 -0.73805712 -0.23325988 -1.32933598]
[-0.94029507 -0.45507898 -0.09536145  1.31574609]
[ 0.21354719 -0.67757518  2.37388554  0.09637359]
[-0.95351534  1.64062218 -0.77088467 -0.27996672]
[ 1.04066831 -0.44976352 -2.73598212 -3.36373499]
[ 1.16122314 -0.34790968 -1.48810283 -0.85523491]
[ 1.21400781  0.05107551 -0.41502133  0.60242203]
[-0.90660979  2.27678196  0.04820166 -4.62087567]
[ -8.66610409e-01  -1.67127958e+00   1.29719951e-03  -1.19366794e+00]
[-0.95113621  0.9271632  -0.48386781  0.91970902]
[-0.94275247 -1.57835143 -0.58085462 -1.2192969 ]
[-0.76071256  1.60763084  1.07346798 -2.73482678]
[-0.91808149  1.6829583   0.32463687 -1.97356458]
[-0.86928254  0.02930411  0.7478627   0.97420651]
[-0.78299064  1.38946662 -1.69710039  1.31712117]
[-0.94311708 -0.77334432 -1.08686868  0.95275568]
[ 1.04198562 -0.11016399 -2.13539029 -0.28327254]
[ 0.80704845  1.65222405  1.83257995 -1.96093139]
[ 1.052054    1.51687126  1.36350591 -0.80262413]
[-0.94463175 -1.65863356 -0.75036155 -1.85832176]
[-0.96947778  1.70771062 -0.43819758 -0.94915761]
[-0.77232067  0.96202865  1.20817935 -0.77128755]
[ 1.17065927 -0.01635671  0.62134648  0.55472579]
[-0.25836805 -1.74125501  1.64689375 -1.20152016]
[ 1.04547968 -0.72678837  0.96643447 -0.42902992]
[-0.93898875 -1.37391493 -0.38721576 -0.27394467]
[-0.91749998  1.35232961  0.41436134 -0.96402909]
[ 1.17962367 -0.44203126  0.17718901 -0.17280892]
[ 1.19433971  1.16293014 -0.51050981  1.17877319]
[ 1.20732173  0.98291954  0.41465244  0.75628697]
[ 0.88756655  0.49903169 -2.30662693  1.362956  ]
[-0.93029362  0.91272337  0.33564052  0.18965686]
[-0.96431038 -1.20324461 -0.88988045 -0.0034307 ]
[ 1.21237905  0.23020532  0.15456049  0.78822147]
[-0.93798848  0.45829913 -0.69705379  1.53929118]
[ 1.06276126  2.65293363 -1.38017551 -0.44486749]
[-0.76166709 -1.46891591  0.75183774 -0.21332659]
[-0.95593766  2.17875252 -1.05465048 -1.72956481]
[-0.94199566 -0.38286038 -0.81679053  1.47720274]
[ 1.20768389 -0.29835398 -0.3194789  -0.04563715]
[-0.82172633 -1.05884774  0.69591895  0.61069909]
[ 1.1925482  -0.59417863 -1.04569104 -1.58104081]
[-0.62550297 -0.70573518  1.56114007  0.57346295]
[ 0.55703709  0.66291498  2.42610034 -0.56043631]
[-0.77646172  2.19368079 -1.90175823 -0.23624981]
[-0.97783875  2.16416753 -0.64882986 -2.46630108]
[ 0.753417   -0.95204116  1.74485449 -0.4026693 ]
[ 1.21377067  0.52858681 -0.30797221  1.0715794 ]
[ 1.11806183  0.72475635 -1.25887432  1.41681146]
[ 1.20239235 -0.47965374 -0.5823729  -0.69374418]
[-0.76572209  0.4273321   1.26865407  0.22482756]
[-0.95502095  1.04582813 -0.05922112  0.31187242]
[ 1.05997927 -0.36485974 -2.43220909 -1.94778185]
[-0.93333936 -0.94364387 -0.11964981  0.80763044]
[-0.18617617 -1.95243371  1.27060439 -2.57341916]
[-0.76800848 -0.35049394  1.19949326  0.85281583]
[-0.97896588 -1.44968575 -1.48445658 -1.62572145]
[-0.90804349  1.45765864 -1.12250584  0.6106857 ]
[ 0.06539799 -0.0253586  -3.35516482  0.71781312]
[-0.93041004  0.02264891  0.21805531  1.26747277]

Populations

0.00716774594778
0.0144403864117
0.0191136222171
0.0156411002798
0.0174909410063
0.0084329122103
0.0178479300942
0.0041547834932
0.0045038396557
0.0161579464511
0.00995150221817
0.0197868119929
0.00860268725771
0.00204285628869
0.00626844735727
0.00991791043417
0.0167469578583
0.015102016847
0.00841642375467
0.00639277274252
0.010704841421
0.0126696532631
0.011078716541
0.00158525612865
0.00931904088723
0.0176409118087
0.016470532078
0.00432548919305
0.00685677030676
0.00489932081563
0.00296439314937
0.0146258400038
0.0105756487714
0.0147395168846
0.00803323428199
0.00246160488373
0.0130763081181
0.00301543503071
0.0129849317461
0.00888625095607
0.00723579731481
0.0214037188734
0.00802223070734
0.0119359821934
0.000894432462855
0.0144005746188
0.0182208939585
0.000854108506625
0.0121341199273
0.0145213601015
0.00832699486094
0.0033544837475
0.011387743903
0.0117174222973
0.0025550111525
0.0134852672902
0.0119388250433
0.00287926860625
0.00749390578384
0.0072848247777
0.0118969918486
0.0102289470783
0.0149706237447
0.00311449499271
0.0126106751715
0.0151509626839
0.0178625299712
0.0130969633079
0.00565289983884
0.0114669941528
0.00172920704189
0.00967044852864
0.0120056588024
0.0185828779506
0.0113271752761
0.00130698308408
0.0106399939261
0.00466374343855
0.0153639143488
0.0179604352188
0.0159994778502
0.00858428688517
0.0059525214069
0.00527675351701
0.00165091123422
0.00596345370644
0.0116853037215
0.013873894965
0.00601886737801
0.0163722960649
0.0127388433798
0.0131402022607
0.00560710121537
0.0215965879302
0.00124197596215
0.00800712905656
0.00216823630447
0.00695022462237
0.000428943846297
0.0123002113721

State labels

0
1
2
3
4
5
6
7
8
9
10
11
12
13
14
15
16
17
18
19
20
21
22
23
24
25
26
27
28
29
30
31
32
33
34
35
36
37
38
39
40
41
42
43
44
45
46
47
48
49
50
51
52
53
54
55
56
57
58
59
60
61
62
63
64
65
66
67
68
69
70
71
72
73
74
75
76
77
78
79
80
81
82
83
84
85
86
87
88
89
90
91
92
93
94
95
96
97
98
99
