Cluster centers 

[ 1.27591522  0.65541136 -0.6541907   1.1877966 ]
[-0.83005748 -1.42851829  0.14398146 -0.3293355 ]
[-0.87907262  1.04655532  0.24009714 -0.02015244]
[ 1.26849668 -0.14121939 -1.03204195  0.19335695]
[ 1.1970925  -0.13522719  0.88907589  0.36167117]
[-0.88662743 -0.76957402 -0.12106454  0.99110733]
[-0.84744828  1.65396827  0.28150312 -2.27869503]
[-0.87234847 -1.68727322 -0.52311587 -1.59732052]
[-0.87993954  0.1384339  -0.61493972  1.64522633]
[ 1.25607998 -0.65401254 -0.23010973 -0.89826192]
[ 1.00050745 -0.55425462  1.52063736 -0.06227377]
[ 1.06290763  1.44397401  1.50120795 -0.99050103]
[-0.31705521  1.2494987   1.9199148  -2.48917774]
[-0.90683611 -1.29555861 -1.5812928  -0.73189205]
[-0.78652839  0.06963241  0.99440787  0.82833309]
[-0.86326315  1.44223155 -0.97968405  0.42262925]
[-0.89942412 -0.83412064 -0.7485046   0.88071138]
[-0.75252649 -1.9283173  -0.04642322 -2.58206731]
[ 1.27999487 -0.37597561 -0.84106325 -0.36802521]
[ 1.1660184  -0.16479288 -1.97093319 -0.10195799]
[-0.90087414  1.98690908 -0.37179901 -2.98135919]
[-0.8971932   1.6356634  -0.74332325 -0.50536667]
[ 0.4807564  -1.14576636  2.05631975 -0.57833301]
[ 1.20672102  2.10825267 -1.02157242  0.3367384 ]
[-0.6779679  -1.77103873  0.55624081 -1.43407581]
[-0.90300721 -1.13521313 -0.6090727   0.26634267]
[-0.77463949  2.22571307 -1.3940397  -1.85683266]
[ 0.85985306  1.82130824  1.66008064 -2.80460329]
[ 0.15583532 -0.6870676   2.41607283  0.06449057]
[ 1.26238032  0.47726878  0.63558652  0.75188519]
[ 1.26540341 -0.28375237  0.13574152  0.1182971 ]
[-0.81550672  0.03428071 -1.28267849  1.80354719]
[ 1.17749199  0.56750955  1.22136513  0.47351594]
[ 1.09209237  0.99253579  1.54882726 -0.13111829]
[-0.82988811  1.23045915  0.59028429 -0.96157123]
[-0.88823571  0.13982581  0.01236419  1.36893475]
[-0.87046164  0.46598472  0.3707177   0.89034091]
[-0.67639984 -1.56005314  0.80422659 -0.62800146]
[ 1.17108895  0.64924528 -1.43631904  1.43560239]
[-0.64561233  0.47377229  1.50474736 -0.021274  ]
[-0.91263656 -1.33119503 -0.92796662 -0.42664009]
[ 1.2324361  -0.51565583 -1.7931382  -1.40583393]
[-0.64083093  1.53172016 -1.9154214   1.3223508 ]
[-0.36281151 -1.98597971  1.06839982 -2.49060946]
[ 0.68991751  1.38374055  2.11204387 -1.98998977]
[-0.86100842 -1.13771467  0.05857322  0.37046275]
[ 1.22261747  2.06956525  0.53369431 -1.4730168 ]
[-0.88445426 -1.39754761 -0.35216708 -0.38076052]
[ 1.17319783 -0.54982724 -2.36737535 -2.10280574]
[-0.80836344 -0.79942253  0.65652449  0.83239634]
[-0.90403739 -1.77064273 -1.14720023 -2.73079039]
[ 1.12105429  0.15886722 -1.88621564  0.80207298]
[-0.90069959  1.32876331 -0.40521563 -0.00366411]
[-0.65130422 -0.85077681  1.34711068  0.59391469]
[ 0.85826828  2.06249618 -2.17137199  1.38136011]
[-0.91245911  1.78937319 -0.54004993 -1.49947697]
[-0.88003515 -1.00603812 -1.49069326  0.26304081]
[ 1.29590753  1.08709969  0.10061363  0.87856968]
[ 1.18177632 -0.57347195  0.64121747 -0.31277171]
[-0.81403272  2.06603804 -0.06296067 -4.34538954]
[ 1.27432967 -0.40374146 -0.21554931 -0.21548043]
[ 1.04879099 -0.2714206  -2.67624648 -0.77015653]
[ 1.2562398   0.13758421 -1.053534    0.75808698]
[ 0.23946678 -1.55528415  1.71990983 -1.40431715]
[-0.88255696 -0.37604571  0.04927221  1.31664674]
[-0.78950917  0.94168991  0.89633978 -0.46096769]
[-0.91919297 -1.50222336 -1.18091261 -1.26497901]
[-0.89184675  0.89470696  0.02538184  0.534122  ]
[ 0.51371509  0.31780454  2.43171044 -0.17106913]
[ 1.26193494  1.3849406   0.64032068  0.12201281]
[-0.82098518  0.67419187  0.77234345  0.24657031]
[ 0.58465254  0.82601083  2.33606286 -0.83406615]
[-0.89675121  1.38039059 -0.06594077 -0.60776434]
[-0.88444866  1.87389339 -1.06538617 -0.90917073]
[ 1.29109282 -0.06213839 -0.3897615   0.43433736]
[-0.7885504   1.85882475 -1.56448306  0.03175758]
[-0.49385187 -1.26889033  1.56786068 -0.04161884]
[-0.73157471  1.38611389  0.94096211 -2.00870765]
[-0.9175929   1.95886543 -0.63295372 -2.21935067]
[-0.82981157  0.89585122 -1.05673909  1.49662352]
[ 1.27650633  0.04759234  0.25121661  0.59793774]
[-0.64124046 -0.30432151  1.51887904  0.68272322]
[-0.84197642 -0.20310415  0.59341454  1.13575029]
[-0.84438394 -1.60742678 -0.15309021 -1.02965398]
[ 1.23067391 -0.33526473 -1.65141401 -0.58095711]
[-0.88016487  1.52534576  0.11472208 -1.41047453]
[ 0.74178824 -0.67451297  2.06881618 -0.09430767]
[ 1.26739498 -0.47933097 -1.25882529 -0.90510778]
[ 1.29771878  0.43947997 -0.12103315  0.96926071]
[ 1.04414805  0.02482206  1.63529907  0.32287307]
[-0.89202069  0.55595791 -0.19032278  1.21371086]
[ 0.95530793 -0.97444092  1.29428193 -0.84016533]
[ 1.26146152 -0.75356558 -0.86707072 -1.71248797]
[ 0.72764059 -0.12788803  2.28184425  0.15022967]
[ 1.19733192 -0.83356677  0.19795538 -1.17811891]
[ 1.27696563 -0.5662367  -0.7389391  -0.91019666]
[-0.73478547 -1.23516549  0.82908906  0.17379088]
[-0.63597256  0.93852579  1.44045861 -1.0120174 ]
[-0.88093301 -0.50975589 -0.89787524  1.34923062]
[-0.88684056  1.04227127 -0.55901274  0.82994827]

Populations

0.0121261574019
0.0133351025643
0.0131141932141
0.0234830438248
0.0213997911146
0.0179016848525
0.00710491731079
0.0103576419919
0.0124228633451
0.00988379563232
0.0117359703975
0.00626627559363
0.00138298823218
0.00299219784394
0.0103467090669
0.00712492445082
0.013757069743
0.00559903020087
0.0184399993459
0.0104712021996
0.00350175402313
0.0107443878296
0.00678933641672
0.00333690698849
0.00828944669562
0.0168816447764
0.00342602594377
0.00177135900734
0.00490461237501
0.0192710682446
0.0187405100079
0.00662403739192
0.0134082311047
0.00996013455156
0.0107342211218
0.0138596185887
0.0147697792367
0.00850391200865
0.00736631716105
0.00825576309336
0.0112765255389
0.0085553114218
0.00125211697498
0.00115085903588
0.00233855419566
0.0198266748743
0.00308864443659
0.0147143606408
0.0067937847584
0.0158491186908
0.00352714094673
0.00987471658579
0.0168290946189
0.00609571718938
0.00142326220739
0.00927294665161
0.0071320314911
0.00808139181965
0.0144762545587
0.00123124842598
0.0179591743508
0.00443062146084
0.0153555551979
0.00420917340216
0.0161241846105
0.0095075923675
0.00704004842786
0.0150545191301
0.00457792099059
0.00950013430757
0.0156135815725
0.00513408138398
0.0199109494397
0.00680185383127
0.0252359889273
0.00496497007305
0.00632664927832
0.0043417629101
0.00589346321563
0.00525808765514
0.0242372371367
0.00749394175666
0.0145546846648
0.0118712654534
0.00950850525744
0.0113490722123
0.00589073823407
0.010615108633
0.015671976614
0.0143429473339
0.0105299605094
0.00884807160512
0.00691345734512
0.00564733921582
0.00557206890314
0.00809850995707
0.0119011173986
0.0052843902673
0.0129465004197
0.0123084145924

State labels

0
1
2
3
4
5
6
7
8
9
10
11
12
13
14
15
16
17
18
19
20
21
22
23
24
25
26
27
28
29
30
31
32
33
34
35
36
37
38
39
40
41
42
43
44
45
46
47
48
49
50
51
52
53
54
55
56
57
58
59
60
61
62
63
64
65
66
67
68
69
70
71
72
73
74
75
76
77
78
79
80
81
82
83
84
85
86
87
88
89
90
91
92
93
94
95
96
97
98
99
