Cluster centers 

[ 1.23856795  0.22106226 -0.31461728  0.80316631]
[-0.94568211  1.62556607 -0.64827008 -0.50795442]
[-0.86842354 -1.21419902  0.23795641  0.3134406 ]
[ 1.04347751 -0.25655928  1.35707879  0.31674074]
[ 1.21711942 -0.37772348 -1.04099539 -0.55886354]
[-0.89250715  0.01518315  0.45282753  1.18264751]
[-0.94887701  1.67929742 -0.21988122 -1.39311082]
[-0.70065165  0.68847729  1.44604419 -0.37057124]
[-0.67358728 -1.95237979  0.49698001 -2.11207919]
[-0.92996929  0.71801811  0.08005852  0.78261964]
[ 1.10575546  1.4677814   1.24236032 -0.66362339]
[-0.93072348  0.36611825 -0.00599579  1.24186066]
[-0.94960975 -1.33901314 -1.31053736 -0.76807994]
[-0.94960828 -1.26987302 -0.93672952 -0.24223037]
[-0.89585979  1.42788798 -1.10009461  0.64274288]
[-0.70254006 -1.10847756  1.12567128  0.4767224 ]
[-0.93269792 -0.68224431 -0.28167626  1.12479382]
[ 1.19456158 -0.36954288  0.32372941  0.03219149]
[ 1.14112208 -0.51744289 -2.01219739 -1.91999135]
[ 1.20037525  1.3609823  -0.64297284  1.08220105]
[ 1.17819668  0.58100453  0.91940205  0.65231519]
[ 1.02232953 -0.97878885  0.87275605 -1.00460175]
[ 0.71480799 -1.11286311  1.81781622 -0.58825106]
[-0.89267311  1.96358251  0.22798424 -3.95600863]
[-0.95757422  1.9609539  -0.42527856 -2.38801467]
[ 0.95359828  0.93756654  1.8416576  -0.32238835]
[-0.88095604  0.09278246 -1.2372639   1.77568841]
[-0.9729635  -1.67309248 -1.590151   -2.84744424]
[ 1.12692868 -0.1706176  -1.831926   -0.27924612]
[-0.84741051  0.92231332  0.81374146 -0.30540133]
[-0.94025896  1.04131064 -0.15469335  0.42903195]
[ 1.20394969 -0.73761838 -0.36612715 -1.27714918]
[-0.80270953  1.93951118 -1.71190959  0.13052091]
[ 0.7898931   1.80220923  1.80553703 -2.90196483]
[-0.86497479 -1.48068258  0.09342663 -0.38255283]
[-0.78489564 -0.21598118  1.06977404  0.93655938]
[-0.93987325 -0.99165354 -0.93648956  0.49298824]
[ 1.21119937  0.34466058 -0.82751102  0.95776333]
[-0.87096903  1.6074157   0.51051137 -2.28423053]
[ 1.23043429  0.34835662  0.28859024  0.81721272]
[ 1.22142969  1.20240267  0.54084616  0.45168327]
[-0.76158861  0.37582757  1.22179717  0.36688122]
[-0.9041443  -0.99043662  0.02161199  0.6925464 ]
[ 1.2337169  -0.11827249 -0.30408389  0.32387288]
[-0.93333252  1.0645115  -0.60833203  0.83287299]
[ 1.16854886  0.09070481 -1.3580609   0.53502335]
[ 1.15918941 -0.302831    0.72650159  0.22622443]
[-0.90816501  1.31855436  0.34638449 -0.89232243]
[-0.57461269 -1.46324579  1.3154222  -0.19875961]
[-0.94652326  1.38032689 -0.39878164 -0.10403618]
[-0.83088699 -0.82601646  0.65847514  0.88600779]
[ 1.16009985  2.14197584  0.7664632  -1.97342492]
[ 1.12697661  1.00484452  1.2362949   0.13973512]
[-0.63231107 -0.82160717  1.46118902  0.66384372]
[ 1.05379813  0.61367229 -1.74892115  1.22938742]
[-0.93361385 -0.27463229 -0.26703396  1.44658423]
[-0.93559143  1.9558993  -0.99575893 -1.19315138]
[ 0.63537206  0.12208056  2.36614217  0.07252122]
[-0.62698364 -2.05955715  0.43920886 -2.84648125]
[ 1.22289293 -0.03043566  0.19841753  0.51312769]
[-0.91413755  1.08235325  0.3224714  -0.17557621]
[ 0.14415083 -1.39192121  2.07514425 -0.58960608]
[-0.88439558 -1.61021463 -0.18911915 -0.95797022]
[-0.93822337  1.38933116  0.00358923 -0.66652942]
[-0.06423206  0.95607101  2.11413321 -1.34342162]
[-0.31358663 -0.18034778 -3.38366474  0.74713676]
[ 1.22109125 -0.42451401 -0.18581039 -0.26641679]
[-0.94233421  1.22760159 -0.4765922   0.37709883]
[-0.93809716  2.1839782  -1.15232637 -2.01017743]
[ 0.35561482  0.580948    2.59033402 -0.67777346]
[-0.9256451  -0.56686977 -1.04069805  1.22848704]
[ 1.21981723 -0.13945364 -0.88300314  0.13804129]
[ 1.05639098 -0.63312825  1.10186337 -0.17118298]
[-0.95272267 -1.66817259 -1.09538995 -2.05411462]
[-0.70863372  1.47226034 -1.90628796  1.4151539 ]
[-0.77374511 -1.41112606  0.6709555  -0.07363639]
[-0.95104319  1.66828861 -0.55343005 -0.80328004]
[-0.90811873 -0.46924163  0.18275997  1.25033277]
[-0.89134705  0.73437166  0.53618309  0.35926441]
[-0.86589956  1.38656635  0.60003213 -1.46836696]
[-0.70385576 -1.75235792  0.66315291 -1.10138843]
[ 1.23694234  0.76906393  0.21971552  0.92185867]
[ 1.19124437 -0.46693772 -1.48644686 -1.16660777]
[ 0.70548968 -0.64833829  2.00238283  0.05572958]
[ 1.1880765   2.01237639 -0.46374536  0.03574923]
[-0.90745585 -1.67218226 -0.5067567  -1.45319061]
[ 1.05522909  0.32125758  1.50345141  0.43362051]
[-0.85638591  0.14397516  0.75224195  0.94156727]
[-0.93247425  1.60734573 -0.8378685  -0.17202599]
[ 1.18401583  0.06218942  0.71565362  0.58606253]
[ 0.07357268 -0.6983795   2.42906871  0.24447408]
[ 1.24211598  0.5508709  -0.09724304  1.00267759]
[ 1.21790986 -0.74616001 -0.79577714 -1.71800785]
[ 0.98530354  0.09643469 -2.20368664  0.44992207]
[-0.92742346 -1.3379605  -0.43237085 -0.18550885]
[-0.82514114  1.14689342  0.89696535 -1.01841668]
[ 1.09436792 -0.26196046 -2.10782151 -0.74727512]
[ 1.22426442 -0.54988104 -0.71097713 -0.90893214]
[-0.93019782  0.3778463  -0.58576991  1.53104609]
[-0.83114178 -0.47096661  0.78887755  1.08343165]

Populations

0.0145726054012
0.00626131693923
0.0136057431502
0.0139868167226
0.0180924119869
0.0113362518208
0.0118251148397
0.00834750860744
0.00574098073252
0.0123144520051
0.00736806961702
0.016304877431
0.00794325895374
0.0127679772729
0.00498802753964
0.00770340269357
0.015308238988
0.0171014259409
0.0108127531018
0.00619775582013
0.0131452423392
0.00861865043113
0.00821817255979
0.00219862631747
0.00936043950725
0.00727074890921
0.0094751532482
0.00134779372235
0.0115654260121
0.0102956643294
0.0121547493049
0.00838099758396
0.00363411509046
0.00251540515861
0.0134389487233
0.00844675914089
0.0192608815868
0.0132306058731
0.00869328023288
0.0108809931234
0.00805000360007
0.0108028246022
0.0196273618572
0.0209520910618
0.0113219506355
0.0150779801549
0.00939791404876
0.00928480155555
0.00591576076117
0.012583300713
0.0125312822292
0.00242724773144
0.00887678919348
0.00659412143813
0.00862206551692
0.013340307325
0.00692182504662
0.00662257492242
0.00422254133585
0.015489729163
0.01113899338
0.00570810595715
0.0125940128662
0.0137521379495
0.00395465890862
0.000251884894275
0.0228599119994
0.0061551849946
0.0042218956861
0.00335688265643
0.0156302654475
0.0232178257925
0.0105436617977
0.00583939344836
0.00227150919547
0.00939297930012
0.00708395738933
0.0124279388602
0.0134928123553
0.00886037087045
0.0110842092038
0.00828533113253
0.0103061733394
0.0103361361773
0.00377404810184
0.012350351795
0.0122423248693
0.00979162413369
0.00693895467252
0.0154938937619
0.00539551681819
0.00979144082253
0.00552226730792
0.00569508482377
0.0192991505752
0.00760098657298
0.00746081601328
0.0114744983394
0.014275082043
0.00675361009628

State labels

0
1
2
3
4
5
6
7
8
9
10
11
12
13
14
15
16
17
18
19
20
21
22
23
24
25
26
27
28
29
30
31
32
33
34
35
36
37
38
39
40
41
42
43
44
45
46
47
48
49
50
51
52
53
54
55
56
57
58
59
60
61
62
63
64
65
66
67
68
69
70
71
72
73
74
75
76
77
78
79
80
81
82
83
84
85
86
87
88
89
90
91
92
93
94
95
96
97
98
99
