Cluster centers 

[ 1.36187917  0.82618825  1.15069621  0.28885907]
[-0.79277875 -1.06976814 -0.50817163  0.46731044]
[-0.68652203  1.06307305  0.81975998 -1.02137432]
[ 1.46290979 -0.15646013 -0.78491166  0.2602926 ]
[-0.76699135 -1.67020276 -0.45643225 -1.21247462]
[-0.76991911  0.00945521 -0.37907365  1.64120041]
[-0.77930515  1.24900207 -0.60211767  0.34208493]
[-0.36969506 -0.99423095  1.79067331  0.0720789 ]
[-0.80414618  1.55828988 -0.3585083  -1.52681068]
[ 0.97680993  0.35658986  2.20142973 -0.15101118]
[ 1.45636515  0.24923684  0.31477513  0.69061015]
[-0.73057372 -0.78100604  0.55761683  0.80056269]
[ 1.19317404 -0.90431228  0.97976015 -0.98960679]
[ 0.71105541  0.34682557  2.50118616 -0.40409315]
[-0.74047883 -1.34246224  0.12573558 -0.13710856]
[-0.77548597  0.56250228  0.3071937   0.85400924]
[ 1.40006162 -0.46054781 -1.84626452 -0.69940447]
[ 1.43667451 -0.63959162 -0.44054583 -0.83846361]
[-0.71634115  1.45943426  0.34188653 -2.35237647]
[ 1.42371521  2.01172588 -0.7616391   0.1189869 ]
[ 1.09559674 -0.2285613   1.83611457  0.0057512 ]
[-0.66107612 -2.06826359 -0.39456144 -3.02588172]
[ 0.63230189 -0.95326711  2.12048796 -0.57427657]
[-0.47571402  0.78822341  1.62015199 -0.99326512]
[ 1.38317149 -0.42877951  0.48502841 -0.17707496]
[-0.72526809  1.25390491 -1.00422655  0.87811745]
[-0.78880211  1.32130922  0.00753796 -0.91222137]
[ 1.44046674  0.2118026  -0.98593915  0.92604712]
[-0.70145229 -0.28382871 -1.2316305   1.68199218]
[ 1.44283171 -0.71787794 -1.17736574 -1.36400529]
[-0.694701   -0.27106211  0.98374959  0.90972416]
[-0.80385385 -1.42591933 -1.14536552 -0.61295528]
[-0.7217852   1.74658524 -0.16036038 -3.87936819]
[-0.76697217 -0.30531262  0.34031414  1.24091059]
[-0.66293283  0.75482906  1.0813718  -0.32820628]
[-0.66831355  0.37204184  1.15648862  0.36919641]
[ 0.69146887  1.55352994  1.54512464 -2.69458719]
[ 1.21272857  0.87668829  1.66398822 -0.21451077]
[ 1.45608606 -0.33206309 -0.29640842 -0.07439367]
[-0.78042071  1.73473354 -1.08348329 -0.97067241]
[-0.62290876 -1.64817137  0.49701945 -1.00335382]
[ 1.44721218  0.76210088  0.5881827   0.70059226]
[ 1.21331835  1.45446537  1.40530376 -1.23624398]
[ 1.34872228 -0.67513368 -2.57664386 -1.91775831]
[ 1.41134674 -0.04199026  0.60775649  0.36267736]
[-0.73972815  0.19615396  0.72894551  0.90804197]
[ 1.42434897 -0.16468454 -1.40585667  0.2169708 ]
[-0.65423527  0.41293289 -1.24114021  2.00458813]
[-0.3005974  -1.59540195  1.36788444 -1.03832889]
[-0.66538888 -1.87974412 -0.04093751 -1.94116276]
[-0.7529039  -0.95924988 -1.46972116  0.57616631]
[-0.77018916 -0.46260179 -0.66569894  1.43857806]
[ 0.85578216 -1.14955269  1.66261623 -1.1537888 ]
[ 1.23315613 -0.04729968 -2.30706618  0.55082403]
[ 1.45773783  1.06947392 -0.51129057  1.1970827 ]
[-0.7083153  -1.11269121  0.53294176  0.31920373]
[-0.79116065  1.08454909 -0.00878505  0.03509543]
[ 1.3162605   0.78941408 -1.4489049   1.5450556 ]
[-0.77705445  0.99446532 -0.45346684  0.83173337]
[-0.7818103  -0.79496388 -0.74276392  0.98446451]
[-0.77567594  0.13938589  0.27959854  1.26052409]
[-0.76432389 -1.47617228 -0.22960245 -0.52524111]
[-0.77308751 -1.12952774 -0.0656765   0.34605402]
[ 1.39690308  0.31643715  0.89457624  0.54787582]
[-0.58061353 -0.61789848  1.39869324  0.57828563]
[-0.80908945 -1.65659957 -1.11344353 -1.42435261]
[-0.61841114 -1.31892833  0.8549489  -0.15864282]
[ 1.38213454  1.48790417  0.86257473 -0.47346305]
[-0.80086478  1.38684516 -0.34540115 -0.60620261]
[ 1.36089096 -0.9586894  -0.10184584 -1.63024701]
[-0.75578365  0.76947391  0.5485289   0.21854494]
[ 1.23392797  0.19045874  1.58382071  0.22103796]
[-0.81564923  1.80220718 -0.77786751 -2.44374255]
[-0.79393924 -1.3080093  -0.56266263 -0.10822307]
[-0.78193259 -0.85866785 -0.12158881  0.84025674]
[-0.39588629  0.14269614  1.96489059  0.0025246 ]
[-0.72000728  1.27580621  0.52467715 -1.55658815]
[-0.71095754  1.66148305 -1.35033216  0.02597418]
[ 1.38653871 -0.61368605  0.23377123 -0.58813806]
[-0.75832836  0.71332913 -0.53689523  1.3886784 ]
[-0.77867413  1.93121283 -1.34694072 -1.75858773]
[-0.7823201   0.36771482 -0.01806109  1.31802012]
[-0.79826851 -1.82962368 -1.10260639 -2.18637087]
[ 1.45222686 -0.10921479  0.08216084  0.32928884]
[-0.354541   -2.01958229  0.76087122 -2.53208474]
[-0.79412961 -1.14656051 -1.01925423  0.22575411]
[-0.76543986  1.0441499   0.38110022 -0.35945542]
[ 1.33754726 -0.09480593  1.04413394  0.23682755]
[-0.7886615   0.89891791  0.01310055  0.51398763]
[ 0.5914147  -0.40463689  2.42455608 -0.13342953]
[ 0.67932816  0.87393597  2.33715178 -1.20199866]
[-0.79301873  1.37992467 -0.55642689 -0.2074564 ]
[-0.77780746 -1.28612605 -1.73998532 -0.41981658]
[ 1.22158994 -0.52463907  1.25446837 -0.26256573]
[-0.38011491  1.74710133 -2.03621501  1.00628394]
[-0.78230107 -0.53453415 -0.10397627  1.24238935]
[ 1.44871913  1.34744978  0.48188705  0.25331456]
[ 1.45769652 -0.45342287 -0.91636156 -0.4608923 ]
[ 1.47251716  0.119745   -0.27896783  0.68162669]
[ 1.47803192  0.70144849 -0.06580557  1.02964253]

Populations

0.0102055736349
0.00936270646905
0.00909423779887
0.0244097454657
0.0122138306501
0.013426642756
0.00925710896963
0.00344124941794
0.0115334142326
0.00566613587955
0.0191620545166
0.0175625069756
0.0067620416299
0.00536166161738
0.00958198919942
0.0123749422868
0.0197018855486
0.0114234565975
0.00770640717945
0.00298397846473
0.00975884429023
0.00267851672879
0.00968098497251
0.00528550398113
0.0120059978526
0.00446255603419
0.0128416387682
0.020704909569
0.00512511598357
0.0129524599759
0.0116339782711
0.00711979869492
0.00202447648773
0.0134524696201
0.00962980754499
0.0127625322439
0.00236298772251
0.0076294623399
0.0208400103309
0.0124385774691
0.0106802367181
0.0123529719588
0.00676322831779
0.00902858548552
0.0143528539088
0.00859132173026
0.0193550803366
0.00427594803325
0.00559144071949
0.0065620134416
0.00591480832908
0.00965641738692
0.00657459947434
0.0092518506252
0.00863819107257
0.00995245766696
0.0121382699041
0.00870235783919
0.00978634145539
0.0113034614032
0.0091040123982
0.0136062346048
0.0130282809163
0.0114281683097
0.0108368331241
0.00792312598953
0.0124469395076
0.00517684827996
0.0129914833863
0.00435561945082
0.00931781645098
0.0102986870501
0.00829614722713
0.01343028108
0.0102132009787
0.00575067749731
0.00790445519628
0.00868488678773
0.00826528140276
0.00872509355018
0.00464415671012
0.012083896847
0.0032981512862
0.017289292214
0.00162681090269
0.00762748368737
0.012432956611
0.0128681651915
0.0111581914438
0.00826766994965
0.00575733737872
0.0103390239969
0.00341663215171
0.0113492667846
0.00239574165528
0.012870944843
0.00728150834707
0.0254026302492
0.017582241
0.014429191583

State labels

0
1
2
3
4
5
6
7
8
9
10
11
12
13
14
15
16
17
18
19
20
21
22
23
24
25
26
27
28
29
30
31
32
33
34
35
36
37
38
39
40
41
42
43
44
45
46
47
48
49
50
51
52
53
54
55
56
57
58
59
60
61
62
63
64
65
66
67
68
69
70
71
72
73
74
75
76
77
78
79
80
81
82
83
84
85
86
87
88
89
90
91
92
93
94
95
96
97
98
99
