Cluster centers 

[-0.92101768  1.76695032 -0.42077219 -1.51915387]
[ 1.2717657  -0.00279069  0.04789822  0.53596901]
[-0.92375031 -1.36971191 -1.36079372 -0.88843679]
[-0.90658189 -0.94697719 -0.3880264   0.71637876]
[ 1.1216217  -0.52203353  0.98611073 -0.10703994]
[-0.8918964   0.66931817  0.24250359  0.72026261]
[ 1.26528584 -0.44542541 -0.85212199 -0.60332625]
[ 1.1806026   0.27076729 -1.48225381  0.9572523 ]
[-0.59244462 -1.72561816  0.87934629 -1.1945106 ]
[-0.19253859  1.0266866   2.18538262 -1.82945311]
[-0.78346493 -0.51427958  0.95870403  0.96359548]
[-0.89266791  0.3647215  -0.57971539  1.55747926]
[-0.8753556   2.12047947 -0.13205798 -4.47343321]
[ 1.09272657  0.87791967  1.50431907  0.03890389]
[ 1.24053874 -0.4781984  -1.49571422 -1.10101396]
[-0.87616636  1.66749259 -1.06637881 -0.07887692]
[-0.84863373  1.66580448  0.34527507 -2.35124575]
[ 1.15356394 -0.07613534 -1.88164334  0.15258405]
[-0.80001232  0.9975291   0.89355554 -0.59430483]
[ 1.21084442  2.00233598 -0.89019502  0.30778518]
[ 0.77765161 -0.90951849  1.83396811 -0.44491707]
[ 1.04368982 -0.1875815   1.50353958  0.26565769]
[-0.40641323 -2.05274887  0.91064449 -2.90252185]
[-0.90368927 -1.55674728 -0.67430174 -1.14118094]
[ 1.19350049  2.11471472  0.70577283 -1.87016938]
[-0.91389402  1.37768695 -0.3855236  -0.14314927]
[ 1.27455009 -0.10932365 -0.55006911  0.33469752]
[-0.70617067 -1.3629498   0.88738668 -0.07799154]
[-0.89507607 -0.56172388 -0.90209802  1.29129336]
[-0.87737442  1.3574826  -0.91310129  0.57122449]
[-0.89662736 -1.33978707 -0.368163   -0.21194748]
[-0.81026114  0.081849    0.91279964  0.87000008]
[ 1.23281598 -0.3005837   0.38603281  0.13074464]
[ 0.44215026  0.42689683  2.46268282 -0.36541103]
[-0.60460676 -0.89738031  1.50480186  0.5143757 ]
[-0.13810486 -2.04568126  1.22815182 -3.08467755]
[-0.82507842  0.66233209  0.81386664  0.23496365]
[ 1.24179397 -0.81401874 -0.57190726 -1.74752389]
[ 0.89209344  1.67617634  1.64225366 -2.16158824]
[-0.79465747  1.27541711  0.8035894  -1.3473659 ]
[-0.89910435  1.03075696 -0.57385483  0.87105177]
[ 1.27198105  0.69656265  0.36699959  0.8479254 ]
[-0.89649889 -1.01856657 -1.39790006  0.25766262]
[-0.92359014  1.96200749 -0.49162749 -2.40989894]
[-0.9078558   1.36145697 -0.03484668 -0.55298929]
[ 0.93876304  1.23302596  1.83730883 -0.93115799]
[ 0.98538383  0.35716064 -2.27504364  1.23476183]
[-0.56305115 -0.06944865  1.78459479  0.43331218]
[-0.85583143 -1.1226597   0.19297233  0.42786401]
[-0.74159025  1.81396638 -1.7480875   0.47747789]
[ 1.25080068 -0.68119404 -0.51965702 -1.18691666]
[ 0.51650749 -1.53341472  1.6323589  -1.72515192]
[-0.77656588 -1.90663146 -0.10698213 -2.50773325]
[-0.90199786 -0.50696457 -0.13646979  1.27289772]
[-0.73710785  0.88605887 -1.62634778  1.91125147]
[ 1.20246453 -0.4840273  -1.96233089 -1.46410456]
[ 1.25830696 -0.19982432 -1.00703894  0.03649099]
[-0.90182957  2.16068038 -1.25417815 -1.87165673]
[-0.75583136 -1.04214797  0.88025115  0.51896278]
[ 1.23292371  0.25791698  0.69373472  0.68813808]
[-0.94142212 -1.64668225 -1.70217444 -2.80047485]
[ 1.25742842  0.35369528 -0.76730505  1.02196776]
[-0.82610676 -1.40713206  0.23091079 -0.23709101]
[-0.88837507  1.05812852  0.2773008  -0.07875295]
[-0.91321944  1.66494163 -0.71421078 -0.61299867]
[-0.90544693  0.62920445 -0.13913456  1.096212  ]
[ 0.13769451 -1.38371614  2.07493793 -0.710405  ]
[-0.88137957  0.10070953  0.34259677  1.2045946 ]
[-0.84347467 -1.55611551 -0.02371597 -0.78489154]
[-0.86841375 -0.39560375  0.38526797  1.21251145]
[-0.49910515 -1.42396937  1.4624334  -0.31244747]
[ 0.67299823  1.21093033  2.20711137 -1.57914628]
[-0.84485418 -0.79787626  0.45373979  0.89841971]
[ 1.23645168  0.07066232 -1.1482239   0.62122087]
[-0.85925737  1.23836529  0.48155881 -0.82127473]
[-0.90547036  1.55126464 -0.0339362  -1.22921447]
[ 0.92545624  0.03509715 -2.59341625  0.45889515]
[ 0.55252018 -0.44834449  2.3634824   0.03178602]
[-0.9041091   0.41863669 -0.03461612  1.22926798]
[-0.91045975 -0.91010564 -0.89760923  0.71285612]
[ 1.09373568  0.83337737 -1.63641414  1.50856473]
[ 1.22585582 -0.06598449  0.61758045  0.46564054]
[ 1.16426622 -0.51775819 -2.331412   -1.99281533]
[ 1.20906678  0.73022215  0.98493253  0.55005927]
[ 1.26044506 -0.34467109 -0.06906768 -0.05248923]
[-0.90857097  1.02270293 -0.07548817  0.38182152]
[-0.60140218  0.90471507  1.57224517 -1.00632489]
[ 1.28191528  0.67099809 -0.13605671  1.05678921]
[-0.66911838  0.51754047  1.48094437 -0.07821991]
[ 1.12679689 -0.80103656  0.66936096 -0.79237691]
[ 1.15309275 -0.28275453 -2.06543784 -0.61465881]
[-0.82742228 -1.74561195 -0.139083   -1.62956101]
[-0.90556752  1.90379982 -0.9829633  -1.11932079]
[ 1.24670966  1.47772445  0.62232787 -0.01741861]
[-0.66815767 -1.89814939  0.46552287 -2.06009133]
[-0.92751716 -1.6026555  -1.18507589 -1.81928307]
[ 1.28066632  0.18963839 -0.20704013  0.78626971]
[ 0.03974756 -0.69996767  2.43853694  0.12501097]
[-0.86644967 -0.10244637 -1.04722804  1.73352559]
[-0.9173689  -1.21555877 -0.81490314 -0.02220533]

Populations

0.00861804822962
0.0199166607445
0.006187645024
0.0183582165354
0.0128252926853
0.0146667774488
0.0242058827519
0.00835298543045
0.00913293936912
0.00196731628718
0.00959225328477
0.0139094771853
0.00105787191751
0.0135811859257
0.0121971493981
0.00754632135372
0.00956100625976
0.0112669370913
0.00914439919038
0.00427468392944
0.0112021034
0.0231847855606
0.000581102976454
0.0108408651121
0.00299013177655
0.01467548224
0.0202476007424
0.00937998996218
0.0136347584076
0.00732838698117
0.0165689274385
0.0133344985807
0.0149845965057
0.00618203102447
0.00543847485668
0.000194389097916
0.0150568884722
0.00536392907166
0.00255270311027
0.00849582041795
0.0108196286159
0.0129571436832
0.006372428514
0.0083144755009
0.0147666885237
0.00735949514178
0.00192427349945
0.00535035296943
0.0166280127296
0.00300165371624
0.0125292890373
0.00385814915069
0.0057302256031
0.0206716910882
0.00317693383487
0.00662503954406
0.0219907624924
0.00436227054559
0.00917827330355
0.0169385651787
0.00145953839818
0.0130495513699
0.0124796127877
0.0111928278444
0.0102313914319
0.00744492719891
0.00484139965934
0.0127296244056
0.0134445985853
0.0116088201177
0.00431895126304
0.00263849438719
0.011732215533
0.012232642662
0.00849937895714
0.0113678716428
0.00203892708389
0.00877581865799
0.012097178321
0.0100589847977
0.00534439266525
0.015088703558
0.006966553176
0.0147522381707
0.0250308233896
0.0142000894801
0.00397820677243
0.0142043788295
0.00734577132343
0.0126186420353
0.0104956454663
0.00873254174192
0.00636802218104
0.00865928741471
0.00348024461943
0.00541186356573
0.0133969852946
0.003741955205
0.0105593433851
0.0162256881717

State labels

0
1
2
3
4
5
6
7
8
9
10
11
12
13
14
15
16
17
18
19
20
21
22
23
24
25
26
27
28
29
30
31
32
33
34
35
36
37
38
39
40
41
42
43
44
45
46
47
48
49
50
51
52
53
54
55
56
57
58
59
60
61
62
63
64
65
66
67
68
69
70
71
72
73
74
75
76
77
78
79
80
81
82
83
84
85
86
87
88
89
90
91
92
93
94
95
96
97
98
99
